0,0.00030922889709472656,0.15176130065040624,PBPF,soup_scene1,1,old
1,0.027887582778930664,0.15170073048482502,PBPF,soup_scene1,1,old
2,0.0492854118347168,0.15177011202167726,PBPF,soup_scene1,1,old
3,0.06069302558898926,0.15177011202167726,PBPF,soup_scene1,1,old
4,0.10449504852294922,0.1517158682947979,PBPF,soup_scene1,1,old
5,0.17061376571655273,0.15184522040720386,PBPF,soup_scene1,1,old
6,0.2241511344909668,0.1512976022602095,PBPF,soup_scene1,1,old
7,0.3171041011810303,0.1513417457480045,PBPF,soup_scene1,1,old
8,0.35437464714050293,0.15142856163203255,PBPF,soup_scene1,1,old
9,0.3780367374420166,0.15144291820864053,PBPF,soup_scene1,1,old
10,0.5199787616729736,0.1456580746136397,PBPF,soup_scene1,1,old
11,0.5539417266845703,0.14870111908076644,PBPF,soup_scene1,1,old
12,0.5938236713409424,0.1487020637869903,PBPF,soup_scene1,1,old
13,0.6613006591796875,0.14903307704864155,PBPF,soup_scene1,1,old
14,0.675349235534668,0.1490601120716934,PBPF,soup_scene1,1,old
15,0.7195234298706055,0.16324076068275167,PBPF,soup_scene1,1,old
16,0.7762207984924316,0.16322884186943615,PBPF,soup_scene1,1,old
17,0.7934751510620117,0.16322884186943615,PBPF,soup_scene1,1,old
18,0.8216173648834229,0.16481970022912165,PBPF,soup_scene1,1,old
19,0.841282844543457,0.16480290140527928,PBPF,soup_scene1,1,old
20,0.863971471786499,0.16485179900777713,PBPF,soup_scene1,1,old
21,0.8787455558776855,0.16485179900777713,PBPF,soup_scene1,1,old
22,0.9489402770996094,0.1650415949560596,PBPF,soup_scene1,1,old
23,0.9968788623809814,0.16482152948556758,PBPF,soup_scene1,1,old
24,1.0878806114196777,0.1648231475892008,PBPF,soup_scene1,1,old
25,1.1167387962341309,0.1648604792768517,PBPF,soup_scene1,1,old
26,1.1438899040222168,0.1648604792768517,PBPF,soup_scene1,1,old
27,1.152397632598877,0.16484557713649717,PBPF,soup_scene1,1,old
28,1.187194585800171,0.164844108110007,PBPF,soup_scene1,1,old
29,1.2342042922973633,0.1647958075596304,PBPF,soup_scene1,1,old
30,1.2431776523590088,0.16486024781161332,PBPF,soup_scene1,1,old
31,1.2517051696777344,0.16485836018743882,PBPF,soup_scene1,1,old
32,1.2601656913757324,0.16484351919064913,PBPF,soup_scene1,1,old
33,1.2681026458740234,0.1648161312760039,PBPF,soup_scene1,1,old
34,1.2759642601013184,0.16486716020868386,PBPF,soup_scene1,1,old
35,1.283771276473999,0.1648253999340539,PBPF,soup_scene1,1,old
36,1.2917490005493164,0.16482848822522067,PBPF,soup_scene1,1,old
37,1.2996764183044434,0.16479995582371978,PBPF,soup_scene1,1,old
38,1.3081507682800293,0.16481494425955406,PBPF,soup_scene1,1,old
39,1.3159711360931396,0.1648714003291327,PBPF,soup_scene1,1,old
40,1.3238399028778076,0.16487216322546713,PBPF,soup_scene1,1,old
41,1.3318512439727783,0.1648594084026808,PBPF,soup_scene1,1,old
42,1.3400304317474365,0.1647871477224102,PBPF,soup_scene1,1,old
43,1.3481285572052002,0.16477299502546264,PBPF,soup_scene1,1,old
44,1.3561370372772217,0.1647402267696904,PBPF,soup_scene1,1,old
45,1.3639872074127197,0.1648130951380156,PBPF,soup_scene1,1,old
46,1.3720438480377197,0.16481204412670394,PBPF,soup_scene1,1,old
47,1.381014347076416,0.1648144372403974,PBPF,soup_scene1,1,old
48,1.3896763324737549,0.16483612210745094,PBPF,soup_scene1,1,old
49,1.397728681564331,0.16484873191577273,PBPF,soup_scene1,1,old
50,1.4060018062591553,0.16480381363584526,PBPF,soup_scene1,1,old
51,1.4137382507324219,0.16486389547323424,PBPF,soup_scene1,1,old
52,1.427689552307129,0.15356949579259915,PBPF,soup_scene1,1,old
53,1.4368209838867188,0.1536413762331834,PBPF,soup_scene1,1,old
54,1.4466290473937988,0.1536413762331834,PBPF,soup_scene1,1,old
55,1.4566121101379395,0.15360826673319763,PBPF,soup_scene1,1,old
56,1.4662644863128662,0.15360826673319763,PBPF,soup_scene1,1,old
57,1.4751911163330078,0.15354078816496347,PBPF,soup_scene1,1,old
58,1.482513189315796,0.15348495760906075,PBPF,soup_scene1,1,old
59,1.4895915985107422,0.15348495760906075,PBPF,soup_scene1,1,old
60,1.4969727993011475,0.15344317951482547,PBPF,soup_scene1,1,old
61,1.5049054622650146,0.15344494315796786,PBPF,soup_scene1,1,old
62,1.5122277736663818,0.15344494315796786,PBPF,soup_scene1,1,old
63,1.5192408561706543,0.15344494315796786,PBPF,soup_scene1,1,old
64,1.5259428024291992,0.15344494315796786,PBPF,soup_scene1,1,old
65,1.5331342220306396,0.15345955896513577,PBPF,soup_scene1,1,old
66,1.540116786956787,0.15345955896513577,PBPF,soup_scene1,1,old
67,1.5480225086212158,0.1534539444367901,PBPF,soup_scene1,1,old
68,1.5558462142944336,0.15341684032732755,PBPF,soup_scene1,1,old
69,1.5624806880950928,0.15341684032732755,PBPF,soup_scene1,1,old
70,1.5693600177764893,0.15347279159643934,PBPF,soup_scene1,1,old
71,1.5761070251464844,0.15342909703247956,PBPF,soup_scene1,1,old
72,1.5827741622924805,0.15342909703247956,PBPF,soup_scene1,1,old
73,1.5906929969787598,0.1557643475822384,PBPF,soup_scene1,1,old
74,1.597381591796875,0.1557643475822384,PBPF,soup_scene1,1,old
75,1.606299638748169,0.1556931689450488,PBPF,soup_scene1,1,old
76,1.6143407821655273,0.1556931689450488,PBPF,soup_scene1,1,old
77,1.6227712631225586,0.15575224238100543,PBPF,soup_scene1,1,old
78,1.6320796012878418,0.15578950475458442,PBPF,soup_scene1,1,old
79,1.641061544418335,0.1557810494958767,PBPF,soup_scene1,1,old
80,1.649385690689087,0.15573490570902934,PBPF,soup_scene1,1,old
81,1.6574909687042236,0.15573490570902934,PBPF,soup_scene1,1,old
82,1.665337085723877,0.15573490570902934,PBPF,soup_scene1,1,old
83,1.6735012531280518,0.15583377974805615,PBPF,soup_scene1,1,old
84,1.6810307502746582,0.15581161280345912,PBPF,soup_scene1,1,old
85,1.68703031539917,0.15579901806013885,PBPF,soup_scene1,1,old
86,1.694021463394165,0.15588291441923202,PBPF,soup_scene1,1,old
87,1.7008888721466064,0.15584885534721069,PBPF,soup_scene1,1,old
88,1.7068424224853516,0.15580363897583904,PBPF,soup_scene1,1,old
89,1.7125861644744873,0.15580363897583904,PBPF,soup_scene1,1,old
90,1.7182419300079346,0.1557575045482897,PBPF,soup_scene1,1,old
91,1.7247343063354492,0.15574412292313358,PBPF,soup_scene1,1,old
92,1.730532169342041,0.15574412292313358,PBPF,soup_scene1,1,old
93,1.7363073825836182,0.15574412292313358,PBPF,soup_scene1,1,old
94,1.742077112197876,0.14581711569397515,PBPF,soup_scene1,1,old
95,1.7473714351654053,0.1458426722426223,PBPF,soup_scene1,1,old
96,1.751997709274292,0.1456996180307406,PBPF,soup_scene1,1,old
97,1.7566890716552734,0.14574333980002444,PBPF,soup_scene1,1,old
98,1.7611055374145508,0.14574333980002444,PBPF,soup_scene1,1,old
99,1.7662675380706787,0.14581718459056334,PBPF,soup_scene1,1,old
100,1.7706151008605957,0.14581718459056334,PBPF,soup_scene1,1,old
101,1.775275707244873,0.1457939583852696,PBPF,soup_scene1,1,old
102,1.7794935703277588,0.1457939583852696,PBPF,soup_scene1,1,old
103,1.784005880355835,0.1458450080436403,PBPF,soup_scene1,1,old
104,1.7883217334747314,0.1458450080436403,PBPF,soup_scene1,1,old
105,1.7925949096679688,0.1458450080436403,PBPF,soup_scene1,1,old
106,1.79683256149292,0.1458450080436403,PBPF,soup_scene1,1,old
107,1.8015358448028564,0.14573468001845621,PBPF,soup_scene1,1,old
108,1.80596923828125,0.14573468001845621,PBPF,soup_scene1,1,old
109,1.8102869987487793,0.14573468001845621,PBPF,soup_scene1,1,old
110,1.814751148223877,0.14578035859031635,PBPF,soup_scene1,1,old
111,1.8194019794464111,0.14572483029580782,PBPF,soup_scene1,1,old
112,1.8243896961212158,0.14572483029580782,PBPF,soup_scene1,1,old
113,1.828786849975586,0.14578159433961868,PBPF,soup_scene1,1,old
114,1.8333415985107422,0.14578159433961868,PBPF,soup_scene1,1,old
115,1.8379573822021484,0.14574864425212106,PBPF,soup_scene1,1,old
116,1.8422112464904785,0.14574864425212106,PBPF,soup_scene1,1,old
117,1.846743106842041,0.14604318656785223,PBPF,soup_scene1,1,old
118,1.8511714935302734,0.14611092786766824,PBPF,soup_scene1,1,old
119,1.8557088375091553,0.14611092786766824,PBPF,soup_scene1,1,old
120,1.8603708744049072,0.1461931557093924,PBPF,soup_scene1,1,old
121,1.8646771907806396,0.1461931557093924,PBPF,soup_scene1,1,old
122,1.8690242767333984,0.1461931557093924,PBPF,soup_scene1,1,old
123,1.8736462593078613,0.1462079530436808,PBPF,soup_scene1,1,old
124,1.8779048919677734,0.1462079530436808,PBPF,soup_scene1,1,old
125,1.8825125694274902,0.14620913542217076,PBPF,soup_scene1,1,old
126,1.8869524002075195,0.14620913542217076,PBPF,soup_scene1,1,old
127,1.8915352821350098,0.14622301878793847,PBPF,soup_scene1,1,old
128,1.896941900253296,0.14622301878793847,PBPF,soup_scene1,1,old
129,1.9012134075164795,0.14622301878793847,PBPF,soup_scene1,1,old
130,1.906083106994629,0.14592347292317412,PBPF,soup_scene1,1,old
131,1.910325050354004,0.14592347292317412,PBPF,soup_scene1,1,old
132,1.9146678447723389,0.14592347292317412,PBPF,soup_scene1,1,old
133,1.9189867973327637,0.14592347292317412,PBPF,soup_scene1,1,old
134,1.923692226409912,0.14592685998020172,PBPF,soup_scene1,1,old
135,1.928328037261963,0.14590336554992217,PBPF,soup_scene1,1,old
136,1.9326515197753906,0.14590336554992217,PBPF,soup_scene1,1,old
137,1.9371156692504883,0.14607445229906652,PBPF,soup_scene1,1,old
138,1.9414246082305908,0.14607445229906652,PBPF,soup_scene1,1,old
139,1.9460861682891846,0.14607388068944707,PBPF,soup_scene1,1,old
140,1.95029878616333,0.1460725619371045,PBPF,soup_scene1,1,old
141,1.9548473358154297,0.1460725619371045,PBPF,soup_scene1,1,old
142,1.9591124057769775,0.1460725619371045,PBPF,soup_scene1,1,old
143,1.9636731147766113,0.14608108999801478,PBPF,soup_scene1,1,old
144,1.9681756496429443,0.14607976234816936,PBPF,soup_scene1,1,old
145,1.9728379249572754,0.14607976234816936,PBPF,soup_scene1,1,old
146,1.9777758121490479,0.14608169323730155,PBPF,soup_scene1,1,old
147,1.983093023300171,0.14610444463782085,PBPF,soup_scene1,1,old
148,1.987959384918213,0.1461327825479815,PBPF,soup_scene1,1,old
149,1.9924237728118896,0.1461327825479815,PBPF,soup_scene1,1,old
150,1.9972374439239502,0.1462780572745261,PBPF,soup_scene1,1,old
151,2.0018301010131836,0.1462780572745261,PBPF,soup_scene1,1,old
152,2.006211280822754,0.1462780572745261,PBPF,soup_scene1,1,old
153,2.0113136768341064,0.14630828156059078,PBPF,soup_scene1,1,old
154,2.0170187950134277,0.1463280869951129,PBPF,soup_scene1,1,old
155,2.022797107696533,0.14643548027927766,PBPF,soup_scene1,1,old
156,2.0276331901550293,0.14643548027927766,PBPF,soup_scene1,1,old
157,2.0322659015655518,0.14643548027927766,PBPF,soup_scene1,1,old
158,2.037526845932007,0.1464930274586137,PBPF,soup_scene1,1,old
159,2.042248010635376,0.14653948673912515,PBPF,soup_scene1,1,old
160,2.0466432571411133,0.14653948673912515,PBPF,soup_scene1,1,old
161,2.051536798477173,0.14658855589977823,PBPF,soup_scene1,1,old
162,2.056351661682129,0.14658855589977823,PBPF,soup_scene1,1,old
163,2.0620577335357666,0.1465815810185674,PBPF,soup_scene1,1,old
164,2.0690295696258545,0.1465815810185674,PBPF,soup_scene1,1,old
165,2.075700521469116,0.1465815810185674,PBPF,soup_scene1,1,old
166,2.0823655128479004,0.1465815810185674,PBPF,soup_scene1,1,old
167,2.08963942527771,0.14931891723474677,PBPF,soup_scene1,1,old
168,2.0967087745666504,0.14936273181655313,PBPF,soup_scene1,1,old
169,2.105102777481079,0.14936273181655313,PBPF,soup_scene1,1,old
170,2.1126108169555664,0.14942198033473675,PBPF,soup_scene1,1,old
171,2.119615077972412,0.14943397187849694,PBPF,soup_scene1,1,old
172,2.12672758102417,0.14943397187849694,PBPF,soup_scene1,1,old
173,2.1340904235839844,0.14952138250805277,PBPF,soup_scene1,1,old
174,2.141014575958252,0.14952138250805277,PBPF,soup_scene1,1,old
175,2.1478190422058105,0.14952138250805277,PBPF,soup_scene1,1,old
176,2.1550800800323486,0.14954196570883482,PBPF,soup_scene1,1,old
177,2.1620125770568848,0.14954196570883482,PBPF,soup_scene1,1,old
178,2.169274091720581,0.14975294277236775,PBPF,soup_scene1,1,old
179,2.1761884689331055,0.14975294277236775,PBPF,soup_scene1,1,old
180,2.1830368041992188,0.14975294277236775,PBPF,soup_scene1,1,old
181,2.189899444580078,0.14975294277236775,PBPF,soup_scene1,1,old
182,2.199152708053589,0.1496435776171082,PBPF,soup_scene1,1,old
183,2.2062697410583496,0.14963665471132742,PBPF,soup_scene1,1,old
184,2.213273286819458,0.14965834834550437,PBPF,soup_scene1,1,old
185,2.2206733226776123,0.1499244926160265,PBPF,soup_scene1,1,old
186,2.228710651397705,0.15383629612098917,PBPF,soup_scene1,1,old
187,2.2359085083007812,0.15383629612098917,PBPF,soup_scene1,1,old
188,2.2432754039764404,0.15395702939372707,PBPF,soup_scene1,1,old
189,2.250403642654419,0.15395702939372707,PBPF,soup_scene1,1,old
190,2.257808208465576,0.15400682965137485,PBPF,soup_scene1,1,old
191,2.2646496295928955,0.15400682965137485,PBPF,soup_scene1,1,old
192,2.2765114307403564,0.15408119227405193,PBPF,soup_scene1,1,old
193,2.284484386444092,0.1541744592763925,PBPF,soup_scene1,1,old
194,2.2925760746002197,0.15407682708157278,PBPF,soup_scene1,1,old
195,2.299921989440918,0.15412374817725225,PBPF,soup_scene1,1,old
196,2.307537317276001,0.1541113211772744,PBPF,soup_scene1,1,old
197,2.314692735671997,0.1541113211772744,PBPF,soup_scene1,1,old
198,2.322118043899536,0.15411552931056913,PBPF,soup_scene1,1,old
199,2.3299949169158936,0.15421253551758213,PBPF,soup_scene1,1,old
200,2.3373138904571533,0.15417524942864896,PBPF,soup_scene1,1,old
201,2.3457107543945312,0.15423887298055844,PBPF,soup_scene1,1,old
202,2.353455066680908,0.15433360327035095,PBPF,soup_scene1,1,old
203,2.360692262649536,0.15429589109348243,PBPF,soup_scene1,1,old
204,2.3679845333099365,0.15449764700137084,PBPF,soup_scene1,1,old
205,2.3759515285491943,0.15448027076703294,PBPF,soup_scene1,1,old
206,2.3919410705566406,0.15605885667187105,PBPF,soup_scene1,1,old
207,2.3992416858673096,0.15605885667187105,PBPF,soup_scene1,1,old
208,2.4071767330169678,0.1558084851753043,PBPF,soup_scene1,1,old
209,2.414848804473877,0.15576015128556017,PBPF,soup_scene1,1,old
210,2.4225125312805176,0.15582767409808826,PBPF,soup_scene1,1,old
211,2.429981231689453,0.15578926510578264,PBPF,soup_scene1,1,old
212,2.439202308654785,0.1558354412534812,PBPF,soup_scene1,1,old
213,2.4517464637756348,0.1558354412534812,PBPF,soup_scene1,1,old
214,2.4660909175872803,0.15603132305389328,PBPF,soup_scene1,1,old
215,2.4741110801696777,0.15605027289345091,PBPF,soup_scene1,1,old
216,2.5069122314453125,0.15597309956721195,PBPF,soup_scene1,1,old
217,2.5518202781677246,0.15607251351081952,PBPF,soup_scene1,1,old
218,2.5697343349456787,0.15604232459164888,PBPF,soup_scene1,1,old
219,2.5867931842803955,0.15604232459164888,PBPF,soup_scene1,1,old
220,2.637795925140381,0.15341810092552588,PBPF,soup_scene1,1,old
221,2.653761148452759,0.15341810092552588,PBPF,soup_scene1,1,old
222,2.6897780895233154,0.15341810092552588,PBPF,soup_scene1,1,old
223,2.779946804046631,0.14663135969127591,PBPF,soup_scene1,1,old
224,2.84793758392334,0.14743322026456535,PBPF,soup_scene1,1,old
225,2.8551747798919678,0.14743322026456535,PBPF,soup_scene1,1,old
226,2.863870620727539,0.1474647584248372,PBPF,soup_scene1,1,old
227,2.9361178874969482,0.15112815646712652,PBPF,soup_scene1,1,old
228,2.9881362915039062,0.15129312929981487,PBPF,soup_scene1,1,old
229,3.0081264972686768,0.15132897571230017,PBPF,soup_scene1,1,old
230,3.0370941162109375,0.15136046621675156,PBPF,soup_scene1,1,old
231,3.0919077396392822,0.15269216550382755,PBPF,soup_scene1,1,old
232,3.1347455978393555,0.15260962948017137,PBPF,soup_scene1,1,old
233,3.2265803813934326,0.15286510837446454,PBPF,soup_scene1,1,old
234,3.326788902282715,0.15331405156722197,PBPF,soup_scene1,1,old
235,3.4135539531707764,0.1525483040693907,PBPF,soup_scene1,1,old
236,3.503849506378174,0.15275583331640205,PBPF,soup_scene1,1,old
237,3.518754720687866,0.15275583331640205,PBPF,soup_scene1,1,old
238,3.679644823074341,0.1510022119016138,PBPF,soup_scene1,1,old
239,3.7347302436828613,0.1514679625440761,PBPF,soup_scene1,1,old
240,3.8678805828094482,0.15125952789881936,PBPF,soup_scene1,1,old
241,3.875525951385498,0.15126495886194788,PBPF,soup_scene1,1,old
242,3.9223999977111816,0.15138090791261408,PBPF,soup_scene1,1,old
243,3.969306468963623,0.15528781527961694,PBPF,soup_scene1,1,old
244,4.087652921676636,0.15559077098949417,PBPF,soup_scene1,1,old
245,4.137433767318726,0.15987374945060848,PBPF,soup_scene1,1,old
246,4.232139348983765,0.16037616538363247,PBPF,soup_scene1,1,old
247,4.2853453159332275,0.15862450558437816,PBPF,soup_scene1,1,old
248,4.355790138244629,0.1586612366356128,PBPF,soup_scene1,1,old
249,4.439826965332031,0.163440988450311,PBPF,soup_scene1,1,old
250,4.575860023498535,0.16698694576054268,PBPF,soup_scene1,1,old
251,4.631266355514526,0.1674266643642257,PBPF,soup_scene1,1,old
252,4.670981407165527,0.17354651089279216,PBPF,soup_scene1,1,old
253,4.777295112609863,0.17427877246857582,PBPF,soup_scene1,1,old
254,4.80865740776062,0.17427877246857582,PBPF,soup_scene1,1,old
255,4.890032768249512,0.17790303122003434,PBPF,soup_scene1,1,old
256,4.901273012161255,0.17790303122003434,PBPF,soup_scene1,1,old
257,4.941345930099487,0.17790303122003434,PBPF,soup_scene1,1,old
258,4.971161603927612,0.17822508058054992,PBPF,soup_scene1,1,old
259,5.024702310562134,0.18357884162406155,PBPF,soup_scene1,1,old
260,5.094055414199829,0.1837057150009254,PBPF,soup_scene1,1,old
261,5.101611852645874,0.1837057150009254,PBPF,soup_scene1,1,old
262,5.132291316986084,0.1851518319477744,PBPF,soup_scene1,1,old
263,5.1855926513671875,0.18518931469824593,PBPF,soup_scene1,1,old
264,5.216053485870361,0.18522848134512843,PBPF,soup_scene1,1,old
265,5.240365743637085,0.1852298104205145,PBPF,soup_scene1,1,old
266,5.257695198059082,0.18524087573636008,PBPF,soup_scene1,1,old
267,5.282923936843872,0.185518690984043,PBPF,soup_scene1,1,old
268,5.337948560714722,0.18523531045602168,PBPF,soup_scene1,1,old
269,5.354516506195068,0.18519074119226314,PBPF,soup_scene1,1,old
270,5.377404689788818,0.18518750795100644,PBPF,soup_scene1,1,old
271,5.452439785003662,0.18526203574312683,PBPF,soup_scene1,1,old
272,5.458420991897583,0.1852664574382635,PBPF,soup_scene1,1,old
273,5.49104905128479,0.1852057820353147,PBPF,soup_scene1,1,old
274,5.539111852645874,0.1852097853817187,PBPF,soup_scene1,1,old
275,5.585437774658203,0.18524902466869622,PBPF,soup_scene1,1,old
276,5.624352216720581,0.18530989758346014,PBPF,soup_scene1,1,old
277,5.655049085617065,0.18538164193180798,PBPF,soup_scene1,1,old
278,5.7207982540130615,0.18561644755895507,PBPF,soup_scene1,1,old
279,5.737457036972046,0.18561644755895507,PBPF,soup_scene1,1,old
280,5.788569688796997,0.18744115335002196,PBPF,soup_scene1,1,old
281,5.804537534713745,0.18765542556663664,PBPF,soup_scene1,1,old
282,5.834489345550537,0.18798282695490862,PBPF,soup_scene1,1,old
283,5.896481037139893,0.18842292103994562,PBPF,soup_scene1,1,old
284,5.956520318984985,0.18886928735137873,PBPF,soup_scene1,1,old
285,5.980187892913818,0.18920780065746298,PBPF,soup_scene1,1,old
286,5.993677616119385,0.18920780065746298,PBPF,soup_scene1,1,old
287,6.021141052246094,0.18951425522423934,PBPF,soup_scene1,1,old
288,6.02994704246521,0.18958520692671454,PBPF,soup_scene1,1,old
289,6.084820985794067,0.20162810744794799,PBPF,soup_scene1,1,old
290,6.094310760498047,0.20162810744794799,PBPF,soup_scene1,1,old
291,6.140799283981323,0.20191995992952164,PBPF,soup_scene1,1,old
292,6.147997856140137,0.20191995992952164,PBPF,soup_scene1,1,old
293,6.1624040603637695,0.20191995992952164,PBPF,soup_scene1,1,old
294,6.172321796417236,0.20191995992952164,PBPF,soup_scene1,1,old
295,6.2093963623046875,0.20238583252007247,PBPF,soup_scene1,1,old
296,6.2346014976501465,0.20250631945271602,PBPF,soup_scene1,1,old
297,6.269488334655762,0.20600456989476607,PBPF,soup_scene1,1,old
298,6.313467025756836,0.20621092914810107,PBPF,soup_scene1,1,old
299,6.356022596359253,0.2062951222754618,PBPF,soup_scene1,1,old
300,6.363269567489624,0.2062951222754618,PBPF,soup_scene1,1,old
301,6.375475883483887,0.2062951222754618,PBPF,soup_scene1,1,old
302,6.426741600036621,0.19916199408507387,PBPF,soup_scene1,1,old
303,6.439161062240601,0.19916199408507387,PBPF,soup_scene1,1,old
304,6.495054244995117,0.20048480983741995,PBPF,soup_scene1,1,old
305,6.504239559173584,0.20048480983741995,PBPF,soup_scene1,1,old
306,6.52658748626709,0.20048480983741995,PBPF,soup_scene1,1,old
307,6.539248704910278,0.20048480983741995,PBPF,soup_scene1,1,old
308,6.603858709335327,0.2024369739308836,PBPF,soup_scene1,1,old
309,6.630670070648193,0.20268223789368045,PBPF,soup_scene1,1,old
310,6.6725873947143555,0.20310851189029505,PBPF,soup_scene1,1,old
311,6.688704013824463,0.20309622994111914,PBPF,soup_scene1,1,old
312,6.736871004104614,0.2012998884838658,PBPF,soup_scene1,1,old
313,6.768628120422363,0.20153810967839703,PBPF,soup_scene1,1,old
314,6.790660381317139,0.2014669782848572,PBPF,soup_scene1,1,old
315,6.810809135437012,0.2014669782848572,PBPF,soup_scene1,1,old
316,6.836078405380249,0.2025086171707633,PBPF,soup_scene1,1,old
317,6.8538572788238525,0.20264042928271436,PBPF,soup_scene1,1,old
318,6.901424169540405,0.20334992407908006,PBPF,soup_scene1,1,old
319,6.9106080532073975,0.20334992407908006,PBPF,soup_scene1,1,old
320,6.9625067710876465,0.20387792758152298,PBPF,soup_scene1,1,old
321,7.012264966964722,0.20451548099317227,PBPF,soup_scene1,1,old
322,7.069489479064941,0.20489355550100874,PBPF,soup_scene1,1,old
323,7.152008295059204,0.2067982938271465,PBPF,soup_scene1,1,old
324,7.182326316833496,0.2067982938271465,PBPF,soup_scene1,1,old
325,7.21390438079834,0.21823875349348928,PBPF,soup_scene1,1,old
326,7.252920627593994,0.21851439875983353,PBPF,soup_scene1,1,old
327,7.281488418579102,0.21851439875983353,PBPF,soup_scene1,1,old
328,7.3178932666778564,0.21919748318257262,PBPF,soup_scene1,1,old
329,7.3575146198272705,0.21857012235345966,PBPF,soup_scene1,1,old
330,7.368771553039551,0.21857012235345966,PBPF,soup_scene1,1,old
331,7.380952596664429,0.21856917843012538,PBPF,soup_scene1,1,old
332,7.400142431259155,0.21879606201479618,PBPF,soup_scene1,1,old
333,7.444714546203613,0.21927048260751603,PBPF,soup_scene1,1,old
334,7.458110332489014,0.21927048260751603,PBPF,soup_scene1,1,old
335,7.470175504684448,0.21947617954403464,PBPF,soup_scene1,1,old
336,7.481447696685791,0.21976652976352964,PBPF,soup_scene1,1,old
337,7.496039628982544,0.21955802840672559,PBPF,soup_scene1,1,old
338,7.526911020278931,0.22008428921865436,PBPF,soup_scene1,1,old
339,7.560301065444946,0.21978754834038677,PBPF,soup_scene1,1,old
340,7.581241607666016,0.22388937690288965,PBPF,soup_scene1,1,old
341,7.660029411315918,0.22510237016956783,PBPF,soup_scene1,1,old
342,7.694443702697754,0.22570409748850778,PBPF,soup_scene1,1,old
343,7.711974143981934,0.2256794058293846,PBPF,soup_scene1,1,old
344,7.735739469528198,0.22579319595806402,PBPF,soup_scene1,1,old
345,7.747066974639893,0.22579319595806402,PBPF,soup_scene1,1,old
346,7.761667966842651,0.22595878346950984,PBPF,soup_scene1,1,old
347,7.797608852386475,0.2263950927379899,PBPF,soup_scene1,1,old
348,7.810650110244751,0.22648718694334277,PBPF,soup_scene1,1,old
349,7.822804689407349,0.22669391601873512,PBPF,soup_scene1,1,old
350,7.853449821472168,0.23570472168092013,PBPF,soup_scene1,1,old
351,7.890694856643677,0.23587299557925046,PBPF,soup_scene1,1,old
352,7.902287006378174,0.23632522866502892,PBPF,soup_scene1,1,old
353,7.913496971130371,0.23627369407441695,PBPF,soup_scene1,1,old
354,8.003864049911499,0.23862266682609515,PBPF,soup_scene1,1,old
355,8.03124213218689,0.24031928362744576,PBPF,soup_scene1,1,old
356,8.075021743774414,0.2411259985151377,PBPF,soup_scene1,1,old
357,8.08646821975708,0.24113373763792836,PBPF,soup_scene1,1,old
358,8.096734523773193,0.24113373763792836,PBPF,soup_scene1,1,old
359,8.10385775566101,0.24103738789282617,PBPF,soup_scene1,1,old
360,8.168136358261108,0.2423074404344396,PBPF,soup_scene1,1,old
361,8.205491781234741,0.24036772334195033,PBPF,soup_scene1,1,old
362,8.22406268119812,0.24089735276082555,PBPF,soup_scene1,1,old
363,8.249303340911865,0.24129012077581746,PBPF,soup_scene1,1,old
364,8.287876844406128,0.2418199693184058,PBPF,soup_scene1,1,old
365,8.352667331695557,0.24052580256900638,PBPF,soup_scene1,1,old
366,8.36945128440857,0.24111843658041698,PBPF,soup_scene1,1,old
367,8.398775577545166,0.2413135382882686,PBPF,soup_scene1,1,old
368,8.455750226974487,0.24234090431430128,PBPF,soup_scene1,1,old
369,8.4919593334198,0.24297535409051724,PBPF,soup_scene1,1,old
370,8.515560388565063,0.24343781538613965,PBPF,soup_scene1,1,old
371,8.551584720611572,0.24154161867474172,PBPF,soup_scene1,1,old
372,8.568051099777222,0.24154161867474172,PBPF,soup_scene1,1,old
373,8.624204635620117,0.24327867276304055,PBPF,soup_scene1,1,old
374,8.66607403755188,0.2361186255172821,PBPF,soup_scene1,1,old
375,8.711993932723999,0.2371934556028808,PBPF,soup_scene1,1,old
376,8.772882223129272,0.23804348142811582,PBPF,soup_scene1,1,old
377,8.809549808502197,0.23115847074360432,PBPF,soup_scene1,1,old
378,8.834750652313232,0.2319025169880963,PBPF,soup_scene1,1,old
379,8.861753940582275,0.2318888243090539,PBPF,soup_scene1,1,old
380,8.876667737960815,0.2318888243090539,PBPF,soup_scene1,1,old
381,8.944458484649658,0.2329515949221549,PBPF,soup_scene1,1,old
382,8.966252565383911,0.23304259597556878,PBPF,soup_scene1,1,old
383,8.996070623397827,0.23431140793909846,PBPF,soup_scene1,1,old
384,9.016584396362305,0.23442910821239218,PBPF,soup_scene1,1,old
385,9.048225402832031,0.2342969507329502,PBPF,soup_scene1,1,old
386,9.058951139450073,0.2342969507329502,PBPF,soup_scene1,1,old
387,9.10907793045044,0.23432778922078826,PBPF,soup_scene1,1,old
388,9.129143714904785,0.23432778922078826,PBPF,soup_scene1,1,old
389,9.17681336402893,0.2343110216666101,PBPF,soup_scene1,1,old
390,9.327937841415405,0.23428566784272808,PBPF,soup_scene1,1,old
391,9.343737602233887,0.23448220596042893,PBPF,soup_scene1,1,old
392,9.388152837753296,0.23463975511277352,PBPF,soup_scene1,1,old
393,9.435915470123291,0.23526270516662592,PBPF,soup_scene1,1,old
394,9.456981182098389,0.23562332200860978,PBPF,soup_scene1,1,old
395,9.552133321762085,0.23641898495378236,PBPF,soup_scene1,1,old
396,9.614611864089966,0.23690000488566187,PBPF,soup_scene1,1,old
397,9.670539140701294,0.24850180300668456,PBPF,soup_scene1,1,old
398,9.716884136199951,0.24966084654960494,PBPF,soup_scene1,1,old
399,9.76331114768982,0.25076908117657287,PBPF,soup_scene1,1,old
400,9.779489517211914,0.25386490511724036,PBPF,soup_scene1,1,old
401,9.818337678909302,0.25484864013262315,PBPF,soup_scene1,1,old
402,9.860048532485962,0.2556100716930799,PBPF,soup_scene1,1,old
403,9.8880033493042,0.2561204356563369,PBPF,soup_scene1,1,old
404,9.921903371810913,0.25566571917258857,PBPF,soup_scene1,1,old
405,9.945358514785767,0.2558787989511959,PBPF,soup_scene1,1,old
406,10.008630275726318,0.25700258858222197,PBPF,soup_scene1,1,old
407,10.019334554672241,0.25750233577599185,PBPF,soup_scene1,1,old
408,10.055509090423584,0.25817766982483104,PBPF,soup_scene1,1,old
409,10.106709718704224,0.259409315752148,PBPF,soup_scene1,1,old
410,10.12444519996643,0.2598810484340407,PBPF,soup_scene1,1,old
411,10.136227130889893,0.25984775139253724,PBPF,soup_scene1,1,old
412,10.154173612594604,0.26012672500434564,PBPF,soup_scene1,1,old
413,10.171669006347656,0.2604529619218762,PBPF,soup_scene1,1,old
414,10.197646141052246,0.2608482493398056,PBPF,soup_scene1,1,old
415,10.221659660339355,0.2613622635857082,PBPF,soup_scene1,1,old
416,10.281580686569214,0.26107733810530365,PBPF,soup_scene1,1,old
417,10.296152830123901,0.26107301385728315,PBPF,soup_scene1,1,old
418,10.310386657714844,0.26107301385728315,PBPF,soup_scene1,1,old
419,10.333776712417603,0.2620275000250097,PBPF,soup_scene1,1,old
420,10.350566864013672,0.2620275000250097,PBPF,soup_scene1,1,old
421,10.430424928665161,0.2669330984919079,PBPF,soup_scene1,1,old
422,10.437435388565063,0.2669330984919079,PBPF,soup_scene1,1,old
423,10.451006412506104,0.2669330984919079,PBPF,soup_scene1,1,old
424,10.462191343307495,0.2669330984919079,PBPF,soup_scene1,1,old
425,10.474271297454834,0.2669330984919079,PBPF,soup_scene1,1,old
426,10.49772596359253,0.2671777804914607,PBPF,soup_scene1,1,old
427,10.53301739692688,0.2673181299389993,PBPF,soup_scene1,1,old
428,10.581897020339966,0.2696785379828316,PBPF,soup_scene1,1,old
429,10.598397493362427,0.2696785379828316,PBPF,soup_scene1,1,old
430,10.634924411773682,0.2835622652323352,PBPF,soup_scene1,1,old
431,10.677377700805664,0.28530559705095776,PBPF,soup_scene1,1,old
432,10.68452787399292,0.28564559862739175,PBPF,soup_scene1,1,old
433,10.708540916442871,0.28594363060744155,PBPF,soup_scene1,1,old
434,10.761540651321411,0.279716421286421,PBPF,soup_scene1,1,old
435,10.818183183670044,0.2805182843853611,PBPF,soup_scene1,1,old
436,10.843265771865845,0.2811069894375619,PBPF,soup_scene1,1,old
437,10.886480808258057,0.2837335824874733,PBPF,soup_scene1,1,old
438,10.919716835021973,0.28392902898737526,PBPF,soup_scene1,1,old
439,10.951732397079468,0.28392902898737526,PBPF,soup_scene1,1,old
440,10.959309816360474,0.2839594703696563,PBPF,soup_scene1,1,old
441,10.976095199584961,0.28564455127772526,PBPF,soup_scene1,1,old
442,10.991533041000366,0.286178955470165,PBPF,soup_scene1,1,old
443,11.008683443069458,0.286178955470165,PBPF,soup_scene1,1,old
444,11.083990573883057,0.28560367725413277,PBPF,soup_scene1,1,old
445,11.108726263046265,0.28582600074828113,PBPF,soup_scene1,1,old
446,11.135321140289307,0.2864244922622736,PBPF,soup_scene1,1,old
447,11.150774002075195,0.2864244922622736,PBPF,soup_scene1,1,old
448,11.167164087295532,0.2864244922622736,PBPF,soup_scene1,1,old
449,11.20633840560913,0.28839616161744974,PBPF,soup_scene1,1,old
450,11.281507730484009,0.2901979004810987,PBPF,soup_scene1,1,old
451,11.29473328590393,0.2901979004810987,PBPF,soup_scene1,1,old
452,11.342005252838135,0.29156160526824326,PBPF,soup_scene1,1,old
453,11.405927896499634,0.29734176658495504,PBPF,soup_scene1,1,old
454,11.425772190093994,0.2975227239500575,PBPF,soup_scene1,1,old
455,11.438472509384155,0.2975227239500575,PBPF,soup_scene1,1,old
456,11.454674243927002,0.297477716705198,PBPF,soup_scene1,1,old
457,11.508137941360474,0.29751674712821374,PBPF,soup_scene1,1,old
458,11.537558794021606,0.29902137825046843,PBPF,soup_scene1,1,old
459,11.550367832183838,0.29902137825046843,PBPF,soup_scene1,1,old
460,11.566919803619385,0.29902137825046843,PBPF,soup_scene1,1,old
461,11.631519079208374,0.2997563595789589,PBPF,soup_scene1,1,old
462,11.659350395202637,0.2999258119703701,PBPF,soup_scene1,1,old
463,11.705347776412964,0.30106954647590284,PBPF,soup_scene1,1,old
464,11.734286069869995,0.2977894266895722,PBPF,soup_scene1,1,old
465,11.773420095443726,0.2983697470935043,PBPF,soup_scene1,1,old
466,11.795998096466064,0.2990194579155839,PBPF,soup_scene1,1,old
467,11.804196119308472,0.29951972122792053,PBPF,soup_scene1,1,old
468,11.810163497924805,0.29951972122792053,PBPF,soup_scene1,1,old
469,11.907674074172974,0.3013560515764836,PBPF,soup_scene1,1,old
470,11.927938461303711,0.30329530001236216,PBPF,soup_scene1,1,old
471,11.933961629867554,0.30329530001236216,PBPF,soup_scene1,1,old
472,11.952185153961182,0.3037385388584124,PBPF,soup_scene1,1,old
473,11.972015619277954,0.3037385388584124,PBPF,soup_scene1,1,old
474,12.05550479888916,0.30022669252188106,PBPF,soup_scene1,1,old
475,12.084368467330933,0.3012857131610168,PBPF,soup_scene1,1,old
476,12.097686290740967,0.3012857131610168,PBPF,soup_scene1,1,old
477,12.137837886810303,0.30220400848514956,PBPF,soup_scene1,1,old
478,12.16328239440918,0.3064199024320574,PBPF,soup_scene1,1,old
479,12.177039861679077,0.30694194259074925,PBPF,soup_scene1,1,old
480,12.212900876998901,0.3076891359591638,PBPF,soup_scene1,1,old
481,12.228716135025024,0.3078508962094077,PBPF,soup_scene1,1,old
482,12.23946213722229,0.3080841230915586,PBPF,soup_scene1,1,old
483,12.24886679649353,0.3081556788774586,PBPF,soup_scene1,1,old
484,12.256642818450928,0.3087602655490211,PBPF,soup_scene1,1,old
485,12.273820161819458,0.3088353585714396,PBPF,soup_scene1,1,old
486,12.283972024917603,0.3092011968985678,PBPF,soup_scene1,1,old
487,12.303035974502563,0.3092011968985678,PBPF,soup_scene1,1,old
488,12.328972101211548,0.3090534882637262,PBPF,soup_scene1,1,old
489,12.341744899749756,0.3091985441210626,PBPF,soup_scene1,1,old
490,12.35213589668274,0.3091922061798599,PBPF,soup_scene1,1,old
491,12.378530025482178,0.30907715604943725,PBPF,soup_scene1,1,old
492,12.427343130111694,0.30917204448584096,PBPF,soup_scene1,1,old
493,12.439192295074463,0.3146648495207832,PBPF,soup_scene1,1,old
494,12.506905317306519,0.31637630371180425,PBPF,soup_scene1,1,old
495,12.514192819595337,0.3165375704611464,PBPF,soup_scene1,1,old
496,12.521848678588867,0.3168163893533127,PBPF,soup_scene1,1,old
497,12.527721405029297,0.3168163893533127,PBPF,soup_scene1,1,old
498,12.534055948257446,0.31731376169930786,PBPF,soup_scene1,1,old
499,12.539609432220459,0.31731376169930786,PBPF,soup_scene1,1,old
500,12.546620845794678,0.3174438156728503,PBPF,soup_scene1,1,old
501,12.55368709564209,0.31789736945690084,PBPF,soup_scene1,1,old
502,12.559934139251709,0.31774125562606087,PBPF,soup_scene1,1,old
503,12.566573858261108,0.318168920937543,PBPF,soup_scene1,1,old
504,12.57210659980774,0.318168920937543,PBPF,soup_scene1,1,old
505,12.598745346069336,0.3186451656715427,PBPF,soup_scene1,1,old
506,12.606348752975464,0.3190994927517317,PBPF,soup_scene1,1,old
507,12.621625423431396,0.3193465698479231,PBPF,soup_scene1,1,old
508,12.635432958602905,0.3197953196289769,PBPF,soup_scene1,1,old
509,12.64690637588501,0.3200445937982872,PBPF,soup_scene1,1,old
510,12.671290397644043,0.3204981908244845,PBPF,soup_scene1,1,old
511,12.686983585357666,0.3206133685998172,PBPF,soup_scene1,1,old
512,12.702183246612549,0.32080108202937785,PBPF,soup_scene1,1,old
513,12.710521221160889,0.3210519513842333,PBPF,soup_scene1,1,old
514,12.718273162841797,0.32099393032993595,PBPF,soup_scene1,1,old
515,12.72784972190857,0.3211986943503662,PBPF,soup_scene1,1,old
516,12.736215114593506,0.32104383139244014,PBPF,soup_scene1,1,old
517,12.743239402770996,0.32104383139244014,PBPF,soup_scene1,1,old
518,12.750592231750488,0.3211128132152486,PBPF,soup_scene1,1,old
519,12.766329526901245,0.32117048195850834,PBPF,soup_scene1,1,old
520,12.7855806350708,0.321701977339431,PBPF,soup_scene1,1,old
521,12.841524839401245,0.32235380395897417,PBPF,soup_scene1,1,old
522,12.861188888549805,0.32243279328203167,PBPF,soup_scene1,1,old
523,12.867257118225098,0.3223197859737172,PBPF,soup_scene1,1,old
524,12.878193855285645,0.3223779142378973,PBPF,soup_scene1,1,old
525,12.890913963317871,0.32233934196276565,PBPF,soup_scene1,1,old
526,12.914201736450195,0.3225039823597278,PBPF,soup_scene1,1,old
527,12.943864822387695,0.3224809985058785,PBPF,soup_scene1,1,old
528,12.98807954788208,0.3224722037382636,PBPF,soup_scene1,1,old
529,12.995759963989258,0.3223998731884739,PBPF,soup_scene1,1,old
530,13.004540205001831,0.3223715777438424,PBPF,soup_scene1,1,old
531,13.022277116775513,0.322333969959927,PBPF,soup_scene1,1,old
532,13.029603242874146,0.3224031069094344,PBPF,soup_scene1,1,old
533,13.037440776824951,0.3223283561059322,PBPF,soup_scene1,1,old
534,13.045347452163696,0.3224464643649774,PBPF,soup_scene1,1,old
535,13.053851127624512,0.32247971341803217,PBPF,soup_scene1,1,old
536,13.072705507278442,0.3224692566714864,PBPF,soup_scene1,1,old
537,13.121546030044556,0.32232266142083826,PBPF,soup_scene1,1,old
538,13.169946432113647,0.3222842878661947,PBPF,soup_scene1,1,old
539,13.216492176055908,0.3224602166626458,PBPF,soup_scene1,1,old
540,13.240766048431396,0.3224540521003427,PBPF,soup_scene1,1,old
541,13.273771524429321,0.322437539335027,PBPF,soup_scene1,1,old
542,13.318363189697266,0.322497009947748,PBPF,soup_scene1,1,old
543,13.345361471176147,0.3224658997722706,PBPF,soup_scene1,1,old
544,13.41646146774292,0.32236882287785146,PBPF,soup_scene1,1,old
545,13.441076755523682,0.3223074382856457,PBPF,soup_scene1,1,old
546,13.457302570343018,0.32231603880345494,PBPF,soup_scene1,1,old
547,13.475760698318481,0.32230764166145554,PBPF,soup_scene1,1,old
548,13.523481845855713,0.3223520118303789,PBPF,soup_scene1,1,old
549,13.571091413497925,0.3224446183183063,PBPF,soup_scene1,1,old
550,13.599439144134521,0.3224807099583116,PBPF,soup_scene1,1,old
551,13.609007120132446,0.3223327994972131,PBPF,soup_scene1,1,old
552,13.618000984191895,0.32237251783519,PBPF,soup_scene1,1,old
553,13.62625527381897,0.3224424235649227,PBPF,soup_scene1,1,old
554,13.633715152740479,0.32245917931943113,PBPF,soup_scene1,1,old
555,13.641200065612793,0.32235338186711016,PBPF,soup_scene1,1,old
556,13.649155139923096,0.3223650139733733,PBPF,soup_scene1,1,old
557,13.658514738082886,0.322334602873307,PBPF,soup_scene1,1,old
558,13.666507244110107,0.3223781695994442,PBPF,soup_scene1,1,old
559,13.67421007156372,0.3223429992292697,PBPF,soup_scene1,1,old
560,13.682741641998291,0.3224994619136463,PBPF,soup_scene1,1,old
561,13.692052602767944,0.32237167999567656,PBPF,soup_scene1,1,old
562,13.700117588043213,0.3223601370035722,PBPF,soup_scene1,1,old
563,13.708133935928345,0.3223611756680044,PBPF,soup_scene1,1,old
564,13.715520143508911,0.322452416627514,PBPF,soup_scene1,1,old
565,13.722190856933594,0.32230912587837574,PBPF,soup_scene1,1,old
566,13.728467226028442,0.32233632609565793,PBPF,soup_scene1,1,old
567,13.734924554824829,0.32246978026353884,PBPF,soup_scene1,1,old
568,13.74582314491272,0.3223238397323398,PBPF,soup_scene1,1,old
569,13.753362655639648,0.32245406143008426,PBPF,soup_scene1,1,old
570,13.759891986846924,0.32229792209429997,PBPF,soup_scene1,1,old
571,13.76608681678772,0.32249669469320885,PBPF,soup_scene1,1,old
572,13.772792100906372,0.32233536213356373,PBPF,soup_scene1,1,old
573,13.779431343078613,0.3223352681392245,PBPF,soup_scene1,1,old
574,13.786150932312012,0.32235683710616475,PBPF,soup_scene1,1,old
575,13.792391300201416,0.32247687366667843,PBPF,soup_scene1,1,old
576,13.798358678817749,0.3224974480061304,PBPF,soup_scene1,1,old
577,13.804478406906128,0.32250525451797124,PBPF,soup_scene1,1,old
578,13.8113534450531,0.3223610274802644,PBPF,soup_scene1,1,old
579,13.818889856338501,0.3224783848022372,PBPF,soup_scene1,1,old
580,13.826502799987793,0.3223348130067997,PBPF,soup_scene1,1,old
581,13.833823919296265,0.32237343992020867,PBPF,soup_scene1,1,old
582,13.841311931610107,0.32249607035293304,PBPF,soup_scene1,1,old
583,13.84845495223999,0.32249607035293304,PBPF,soup_scene1,1,old
584,13.855262041091919,0.32234960449732,PBPF,soup_scene1,1,old
585,13.861603498458862,0.32235540633063486,PBPF,soup_scene1,1,old
586,13.869446039199829,0.3224337091073884,PBPF,soup_scene1,1,old
587,13.876147270202637,0.3224402954846903,PBPF,soup_scene1,1,old
588,13.8826904296875,0.3224432117852959,PBPF,soup_scene1,1,old
589,13.890750169754028,0.32245439632120665,PBPF,soup_scene1,1,old
590,13.899172306060791,0.3223631784128666,PBPF,soup_scene1,1,old
591,13.9076509475708,0.3223574325627861,PBPF,soup_scene1,1,old
592,13.917195081710815,0.3224892616547508,PBPF,soup_scene1,1,old
593,13.929131507873535,0.32231417660432976,PBPF,soup_scene1,1,old
594,13.942679643630981,0.322305470183168,PBPF,soup_scene1,1,old
595,13.955935716629028,0.3223389406365643,PBPF,soup_scene1,1,old
596,13.9684898853302,0.3224956720002091,PBPF,soup_scene1,1,old
597,13.980746507644653,0.32235885233370265,PBPF,soup_scene1,1,old
598,13.99287223815918,0.3223462830953053,PBPF,soup_scene1,1,old
599,14.002481460571289,0.32232267915738033,PBPF,soup_scene1,1,old
600,14.008589506149292,0.32230332649869603,PBPF,soup_scene1,1,old
601,14.013274908065796,0.32230332649869603,PBPF,soup_scene1,1,old
602,14.019368886947632,0.32248562409188136,PBPF,soup_scene1,1,old
603,14.024823427200317,0.3224610185331581,PBPF,soup_scene1,1,old
604,14.029722690582275,0.3224660735747205,PBPF,soup_scene1,1,old
605,14.034455060958862,0.32245011952664576,PBPF,soup_scene1,1,old
606,14.03912901878357,0.32245011952664576,PBPF,soup_scene1,1,old
607,14.043938398361206,0.32249090577889505,PBPF,soup_scene1,1,old
608,14.048410892486572,0.32235224388153844,PBPF,soup_scene1,1,old
609,14.052805423736572,0.32232337985306614,PBPF,soup_scene1,1,old
610,14.057741403579712,0.3223236433703975,PBPF,soup_scene1,1,old
611,14.062251329421997,0.3223236433703975,PBPF,soup_scene1,1,old
612,14.066644191741943,0.32249528668756877,PBPF,soup_scene1,1,old
613,14.070891618728638,0.32249528668756877,PBPF,soup_scene1,1,old
614,14.075250148773193,0.32242208846309633,PBPF,soup_scene1,1,old
615,14.079935312271118,0.32242208846309633,PBPF,soup_scene1,1,old
616,14.084449052810669,0.3224977982369117,PBPF,soup_scene1,1,old
617,14.089029550552368,0.3224977982369117,PBPF,soup_scene1,1,old
618,14.093184471130371,0.3228001847812088,PBPF,soup_scene1,1,old
619,14.097447872161865,0.3224732621364445,PBPF,soup_scene1,1,old
620,14.101534843444824,0.32246554959873175,PBPF,soup_scene1,1,old
621,14.105509757995605,0.32246554959873175,PBPF,soup_scene1,1,old
622,14.110095739364624,0.32245269734841797,PBPF,soup_scene1,1,old
623,14.114457130432129,0.3224274061718257,PBPF,soup_scene1,1,old
624,14.119258880615234,0.32241835401128877,PBPF,soup_scene1,1,old
625,14.12390661239624,0.32241835401128877,PBPF,soup_scene1,1,old
626,14.128395795822144,0.3223604065648853,PBPF,soup_scene1,1,old
627,14.132755517959595,0.32247369326085645,PBPF,soup_scene1,1,old
628,14.13705849647522,0.32247369326085645,PBPF,soup_scene1,1,old
629,14.141458511352539,0.32234910217309004,PBPF,soup_scene1,1,old
630,14.145647048950195,0.32234910217309004,PBPF,soup_scene1,1,old
631,14.150432348251343,0.32242456733261904,PBPF,soup_scene1,1,old
632,14.154778957366943,0.32242456733261904,PBPF,soup_scene1,1,old
633,14.159334421157837,0.32235566291860895,PBPF,soup_scene1,1,old
634,14.163765907287598,0.32235566291860895,PBPF,soup_scene1,1,old
635,14.168575763702393,0.32243455838529145,PBPF,soup_scene1,1,old
636,14.173375368118286,0.32234469814526034,PBPF,soup_scene1,1,old
637,14.178021669387817,0.32235837890501995,PBPF,soup_scene1,1,old
638,14.182705879211426,0.32246380473130637,PBPF,soup_scene1,1,old
639,14.187431812286377,0.322477466245854,PBPF,soup_scene1,1,old
640,14.191998958587646,0.3224749707424136,PBPF,soup_scene1,1,old
641,14.19640326499939,0.32237672828344005,PBPF,soup_scene1,1,old
642,14.201123237609863,0.32246662209393917,PBPF,soup_scene1,1,old
643,14.205676078796387,0.32246662209393917,PBPF,soup_scene1,1,old
644,14.210386276245117,0.3225309560899983,PBPF,soup_scene1,1,old
645,14.2149498462677,0.3225309560899983,PBPF,soup_scene1,1,old
646,14.21951675415039,0.3223759614018897,PBPF,soup_scene1,1,old
647,14.224291801452637,0.3225096084286638,PBPF,soup_scene1,1,old
648,14.229041337966919,0.3225096084286638,PBPF,soup_scene1,1,old
649,14.233808994293213,0.32236478365948773,PBPF,soup_scene1,1,old
650,14.238474130630493,0.3223452507708042,PBPF,soup_scene1,1,old
651,14.243443727493286,0.32247587715559056,PBPF,soup_scene1,1,old
652,14.247933864593506,0.32248035782396095,PBPF,soup_scene1,1,old
653,14.252808094024658,0.3225320863652607,PBPF,soup_scene1,1,old
654,14.257380247116089,0.3225320863652607,PBPF,soup_scene1,1,old
655,14.262732744216919,0.32248611509306835,PBPF,soup_scene1,1,old
656,14.267581462860107,0.32236733950042223,PBPF,soup_scene1,1,old
657,14.272075414657593,0.32236733950042223,PBPF,soup_scene1,1,old
658,14.27724814414978,0.3225083065067468,PBPF,soup_scene1,1,old
659,14.282061100006104,0.3223463950652535,PBPF,soup_scene1,1,old
660,14.286739587783813,0.3223463950652535,PBPF,soup_scene1,1,old
661,14.291637659072876,0.32233586514622603,PBPF,soup_scene1,1,old
662,14.295959234237671,0.322359254083907,PBPF,soup_scene1,1,old
663,14.300643920898438,0.3223719350176382,PBPF,soup_scene1,1,old
664,14.305232048034668,0.3223474789717315,PBPF,soup_scene1,1,old
665,14.309636354446411,0.3223474789717315,PBPF,soup_scene1,1,old
666,14.31529712677002,0.3224382869484008,PBPF,soup_scene1,1,old
667,14.32143783569336,0.3224510590504064,PBPF,soup_scene1,1,old
668,14.327779293060303,0.3224510590504064,PBPF,soup_scene1,1,old
669,14.334075689315796,0.3224510590504064,PBPF,soup_scene1,1,old
670,14.340530395507812,0.3224510590504064,PBPF,soup_scene1,1,old
671,14.347023010253906,0.3224510590504064,PBPF,soup_scene1,1,old
672,14.353437185287476,0.3224510590504064,PBPF,soup_scene1,1,old
673,14.359843015670776,0.3224510590504064,PBPF,soup_scene1,1,old
674,14.36632251739502,0.3224510590504064,PBPF,soup_scene1,1,old
675,14.372858762741089,0.3224510590504064,PBPF,soup_scene1,1,old
676,14.379369735717773,0.3224510590504064,PBPF,soup_scene1,1,old
677,14.386112928390503,0.3224510590504064,PBPF,soup_scene1,1,old
678,14.392609596252441,0.3224510590504064,PBPF,soup_scene1,1,old
679,14.399091482162476,0.3224510590504064,PBPF,soup_scene1,1,old
680,14.405527830123901,0.3224510590504064,PBPF,soup_scene1,1,old
681,14.411974906921387,0.3224510590504064,PBPF,soup_scene1,1,old
682,14.418475866317749,0.3224510590504064,PBPF,soup_scene1,1,old
683,14.42495322227478,0.3224510590504064,PBPF,soup_scene1,1,old
684,14.43161129951477,0.3224510590504064,PBPF,soup_scene1,1,old
685,14.438330173492432,0.3224510590504064,PBPF,soup_scene1,1,old
686,14.444987773895264,0.3224510590504064,PBPF,soup_scene1,1,old
687,14.451793670654297,0.3224510590504064,PBPF,soup_scene1,1,old
688,14.458347797393799,0.3224510590504064,PBPF,soup_scene1,1,old
689,14.46496295928955,0.3224510590504064,PBPF,soup_scene1,1,old
690,14.471657752990723,0.3224510590504064,PBPF,soup_scene1,1,old
691,14.478189468383789,0.3224510590504064,PBPF,soup_scene1,1,old
692,14.484752178192139,0.3224510590504064,PBPF,soup_scene1,1,old
693,14.491423845291138,0.3224510590504064,PBPF,soup_scene1,1,old
694,14.497992277145386,0.3224510590504064,PBPF,soup_scene1,1,old
695,14.504918575286865,0.3224510590504064,PBPF,soup_scene1,1,old
696,14.514098644256592,0.3224510590504064,PBPF,soup_scene1,1,old
697,14.522180080413818,0.3224510590504064,PBPF,soup_scene1,1,old
698,14.529818534851074,0.3224510590504064,PBPF,soup_scene1,1,old
699,14.537200212478638,0.3224510590504064,PBPF,soup_scene1,1,old
700,14.544455766677856,0.3224510590504064,PBPF,soup_scene1,1,old
701,14.55220103263855,0.3224510590504064,PBPF,soup_scene1,1,old
702,14.559628009796143,0.3224510590504064,PBPF,soup_scene1,1,old
703,14.566967248916626,0.3224510590504064,PBPF,soup_scene1,1,old
704,14.574229001998901,0.3224510590504064,PBPF,soup_scene1,1,old
705,14.581034183502197,0.3224510590504064,PBPF,soup_scene1,1,old
706,14.587802648544312,0.3224510590504064,PBPF,soup_scene1,1,old
707,14.59453797340393,0.3224510590504064,PBPF,soup_scene1,1,old
708,14.601259708404541,0.3224510590504064,PBPF,soup_scene1,1,old
709,14.608169317245483,0.3224510590504064,PBPF,soup_scene1,1,old
710,14.615036725997925,0.3224510590504064,PBPF,soup_scene1,1,old
711,14.622413158416748,0.3224510590504064,PBPF,soup_scene1,1,old
712,14.629263401031494,0.3224510590504064,PBPF,soup_scene1,1,old
713,14.636046171188354,0.3224510590504064,PBPF,soup_scene1,1,old
714,14.642826795578003,0.3224510590504064,PBPF,soup_scene1,1,old
715,14.649881601333618,0.3224510590504064,PBPF,soup_scene1,1,old
716,14.656736135482788,0.3224510590504064,PBPF,soup_scene1,1,old
717,14.663695335388184,0.3224510590504064,PBPF,soup_scene1,1,old
718,14.67067551612854,0.3224510590504064,PBPF,soup_scene1,1,old
719,14.67752194404602,0.3224510590504064,PBPF,soup_scene1,1,old
720,14.684447288513184,0.3224510590504064,PBPF,soup_scene1,1,old
721,14.691277742385864,0.3224510590504064,PBPF,soup_scene1,1,old
722,14.698089361190796,0.3224510590504064,PBPF,soup_scene1,1,old
723,14.705038785934448,0.3224510590504064,PBPF,soup_scene1,1,old
724,14.711919069290161,0.3224510590504064,PBPF,soup_scene1,1,old
725,14.718770742416382,0.3224510590504064,PBPF,soup_scene1,1,old
726,14.725579261779785,0.3224510590504064,PBPF,soup_scene1,1,old
727,14.732964038848877,0.3224510590504064,PBPF,soup_scene1,1,old
728,14.7400803565979,0.3224510590504064,PBPF,soup_scene1,1,old
729,14.747731685638428,0.3224510590504064,PBPF,soup_scene1,1,old
730,14.754881620407104,0.3224510590504064,PBPF,soup_scene1,1,old
731,14.762255191802979,0.3224510590504064,PBPF,soup_scene1,1,old
732,14.769578218460083,0.3224510590504064,PBPF,soup_scene1,1,old
733,14.77684760093689,0.3224510590504064,PBPF,soup_scene1,1,old
734,14.78391718864441,0.3224510590504064,PBPF,soup_scene1,1,old
735,14.791226387023926,0.3224510590504064,PBPF,soup_scene1,1,old
736,14.798333168029785,0.3224510590504064,PBPF,soup_scene1,1,old
737,14.80558729171753,0.3224510590504064,PBPF,soup_scene1,1,old
738,14.8124361038208,0.3224510590504064,PBPF,soup_scene1,1,old
739,14.81925344467163,0.3224510590504064,PBPF,soup_scene1,1,old
740,14.82628607749939,0.3224510590504064,PBPF,soup_scene1,1,old
741,14.832946062088013,0.3224510590504064,PBPF,soup_scene1,1,old
742,14.839737892150879,0.3224510590504064,PBPF,soup_scene1,1,old
743,14.846561193466187,0.3224510590504064,PBPF,soup_scene1,1,old
744,14.853302240371704,0.3224510590504064,PBPF,soup_scene1,1,old
745,14.859985589981079,0.3224510590504064,PBPF,soup_scene1,1,old
746,14.866635799407959,0.3224510590504064,PBPF,soup_scene1,1,old
747,14.873305082321167,0.3224510590504064,PBPF,soup_scene1,1,old
748,14.880011081695557,0.3224510590504064,PBPF,soup_scene1,1,old
749,14.886722803115845,0.3224510590504064,PBPF,soup_scene1,1,old
750,14.89361310005188,0.3224510590504064,PBPF,soup_scene1,1,old
751,14.90024733543396,0.3224510590504064,PBPF,soup_scene1,1,old
752,14.906931161880493,0.3224510590504064,PBPF,soup_scene1,1,old
753,14.913758516311646,0.3224510590504064,PBPF,soup_scene1,1,old
754,14.9204843044281,0.3224510590504064,PBPF,soup_scene1,1,old
755,14.927242994308472,0.3224510590504064,PBPF,soup_scene1,1,old
756,14.934049367904663,0.3224510590504064,PBPF,soup_scene1,1,old
757,14.940759181976318,0.3224510590504064,PBPF,soup_scene1,1,old
758,14.947492122650146,0.3224510590504064,PBPF,soup_scene1,1,old
759,14.954214572906494,0.3224510590504064,PBPF,soup_scene1,1,old
760,14.96097207069397,0.3224510590504064,PBPF,soup_scene1,1,old
761,14.967732906341553,0.3224510590504064,PBPF,soup_scene1,1,old
762,14.974423885345459,0.3224510590504064,PBPF,soup_scene1,1,old
763,14.981179237365723,0.3224510590504064,PBPF,soup_scene1,1,old
764,14.987923622131348,0.3224510590504064,PBPF,soup_scene1,1,old
765,14.994771242141724,0.3224510590504064,PBPF,soup_scene1,1,old
766,15.001621723175049,0.3224510590504064,PBPF,soup_scene1,1,old
767,15.00834321975708,0.3224510590504064,PBPF,soup_scene1,1,old
768,15.014904022216797,0.3224510590504064,PBPF,soup_scene1,1,old
769,15.021692752838135,0.3224510590504064,PBPF,soup_scene1,1,old
770,15.028321504592896,0.3224510590504064,PBPF,soup_scene1,1,old
771,15.048282861709595,0.3224510590504064,PBPF,soup_scene1,1,old
772,15.055118799209595,0.3224510590504064,PBPF,soup_scene1,1,old
773,15.06186056137085,0.3224510590504064,PBPF,soup_scene1,1,old
774,15.073488712310791,0.3224510590504064,PBPF,soup_scene1,1,old
775,15.084447383880615,0.3224510590504064,PBPF,soup_scene1,1,old
776,15.091662168502808,0.3224510590504064,PBPF,soup_scene1,1,old
777,15.098397731781006,0.3224510590504064,PBPF,soup_scene1,1,old
778,15.105147361755371,0.3224510590504064,PBPF,soup_scene1,1,old
779,15.112144708633423,0.3224510590504064,PBPF,soup_scene1,1,old
780,15.118847846984863,0.3224510590504064,PBPF,soup_scene1,1,old
781,15.125538349151611,0.3224510590504064,PBPF,soup_scene1,1,old
782,15.13219165802002,0.3224510590504064,PBPF,soup_scene1,1,old
783,15.138820886611938,0.3224510590504064,PBPF,soup_scene1,1,old
784,15.14559531211853,0.3224510590504064,PBPF,soup_scene1,1,old
785,15.152224063873291,0.3224510590504064,PBPF,soup_scene1,1,old
786,15.159055709838867,0.3224510590504064,PBPF,soup_scene1,1,old
787,15.16565203666687,0.3224510590504064,PBPF,soup_scene1,1,old
788,15.172233819961548,0.3224510590504064,PBPF,soup_scene1,1,old
789,15.178913593292236,0.3224510590504064,PBPF,soup_scene1,1,old
790,15.185577630996704,0.3224510590504064,PBPF,soup_scene1,1,old
791,15.192265033721924,0.3224510590504064,PBPF,soup_scene1,1,old
792,15.198803663253784,0.3224510590504064,PBPF,soup_scene1,1,old
793,15.205372333526611,0.3224510590504064,PBPF,soup_scene1,1,old
794,15.211995840072632,0.3224510590504064,PBPF,soup_scene1,1,old
795,15.218693733215332,0.3224510590504064,PBPF,soup_scene1,1,old
796,15.225479364395142,0.3224510590504064,PBPF,soup_scene1,1,old
797,15.232148170471191,0.3224510590504064,PBPF,soup_scene1,1,old
798,15.238654136657715,0.3224510590504064,PBPF,soup_scene1,1,old
799,15.245401382446289,0.3224510590504064,PBPF,soup_scene1,1,old
800,15.25187063217163,0.3224510590504064,PBPF,soup_scene1,1,old
801,15.258563995361328,0.3224510590504064,PBPF,soup_scene1,1,old
802,15.265310287475586,0.3224510590504064,PBPF,soup_scene1,1,old
803,15.27191948890686,0.3224510590504064,PBPF,soup_scene1,1,old
804,15.278326511383057,0.3224510590504064,PBPF,soup_scene1,1,old
805,15.28490662574768,0.3224510590504064,PBPF,soup_scene1,1,old
806,15.291635036468506,0.3224510590504064,PBPF,soup_scene1,1,old
807,15.298222064971924,0.3224510590504064,PBPF,soup_scene1,1,old
808,15.304794549942017,0.3224510590504064,PBPF,soup_scene1,1,old
809,15.311317920684814,0.3224510590504064,PBPF,soup_scene1,1,old
810,15.317962884902954,0.3224510590504064,PBPF,soup_scene1,1,old
811,15.324706315994263,0.3224510590504064,PBPF,soup_scene1,1,old
812,15.331348180770874,0.3224510590504064,PBPF,soup_scene1,1,old
813,15.339905261993408,0.3224510590504064,PBPF,soup_scene1,1,old
814,15.347233295440674,0.3224510590504064,PBPF,soup_scene1,1,old
815,15.353944063186646,0.3224510590504064,PBPF,soup_scene1,1,old
816,15.360682487487793,0.3224510590504064,PBPF,soup_scene1,1,old
817,15.367271423339844,0.3224510590504064,PBPF,soup_scene1,1,old
818,15.37396502494812,0.3224510590504064,PBPF,soup_scene1,1,old
819,15.38064694404602,0.3224510590504064,PBPF,soup_scene1,1,old
