0,0.0001583099365234375,0.10052177739835985,obse,cracker_scene1,20,old
1,0.0021698474884033203,0.10052177739835985,obse,cracker_scene1,20,old
2,0.006727457046508789,0.100838927751619,obse,cracker_scene1,20,old
3,0.0109100341796875,0.100838927751619,obse,cracker_scene1,20,old
4,0.015206575393676758,0.10047169159170422,obse,cracker_scene1,20,old
5,0.01934647560119629,0.10047169159170422,obse,cracker_scene1,20,old
6,0.02389359474182129,0.10083055828350009,obse,cracker_scene1,20,old
7,0.028292417526245117,0.10088125043435181,obse,cracker_scene1,20,old
8,0.032781362533569336,0.10095181310779251,obse,cracker_scene1,20,old
9,0.03691673278808594,0.10095181310779251,obse,cracker_scene1,20,old
10,0.04114508628845215,0.10095181310779251,obse,cracker_scene1,20,old
11,0.045581817626953125,0.09793578095937698,obse,cracker_scene1,20,old
12,0.049994707107543945,0.09872838125202568,obse,cracker_scene1,20,old
13,0.05450797080993652,0.09887931287924934,obse,cracker_scene1,20,old
14,0.05866861343383789,0.09886733533156297,obse,cracker_scene1,20,old
15,0.06291484832763672,0.0989083638073799,obse,cracker_scene1,20,old
16,0.06715750694274902,0.0989083638073799,obse,cracker_scene1,20,old
17,0.07137227058410645,0.09887624838798252,obse,cracker_scene1,20,old
18,0.07597637176513672,0.09848568780926922,obse,cracker_scene1,20,old
19,0.08010005950927734,0.09848568780926922,obse,cracker_scene1,20,old
20,0.08425045013427734,0.09848568780926922,obse,cracker_scene1,20,old
21,0.08846163749694824,0.09848568780926922,obse,cracker_scene1,20,old
22,0.09288811683654785,0.09848568780926922,obse,cracker_scene1,20,old
23,0.09722042083740234,0.09916086783291499,obse,cracker_scene1,20,old
24,0.10154557228088379,0.09904243234132001,obse,cracker_scene1,20,old
25,0.10601139068603516,0.09904243234132001,obse,cracker_scene1,20,old
26,0.11023783683776855,0.09904243234132001,obse,cracker_scene1,20,old
27,0.11439132690429688,0.09904243234132001,obse,cracker_scene1,20,old
28,0.11863183975219727,0.09904243234132001,obse,cracker_scene1,20,old
29,0.12302589416503906,0.09917382869628825,obse,cracker_scene1,20,old
30,0.12720203399658203,0.09917382869628825,obse,cracker_scene1,20,old
31,0.1315622329711914,0.09860487635595432,obse,cracker_scene1,20,old
32,0.13631677627563477,0.09854136351762649,obse,cracker_scene1,20,old
33,0.1405963897705078,0.09854136351762649,obse,cracker_scene1,20,old
34,0.14482665061950684,0.09854136351762649,obse,cracker_scene1,20,old
35,0.14901328086853027,0.09854136351762649,obse,cracker_scene1,20,old
36,0.1532294750213623,0.09854136351762649,obse,cracker_scene1,20,old
37,0.15748882293701172,0.09854136351762649,obse,cracker_scene1,20,old
38,0.16413378715515137,0.09894230514960659,obse,cracker_scene1,20,old
39,0.16833877563476562,0.09910790433599956,obse,cracker_scene1,20,old
40,0.17246723175048828,0.09910790433599956,obse,cracker_scene1,20,old
41,0.17693185806274414,0.09901775771218033,obse,cracker_scene1,20,old
42,0.18121767044067383,0.09898045708592314,obse,cracker_scene1,20,old
43,0.18613743782043457,0.09912245733632401,obse,cracker_scene1,20,old
44,0.1903524398803711,0.0992083832928539,obse,cracker_scene1,20,old
45,0.1948843002319336,0.0992083832928539,obse,cracker_scene1,20,old
46,0.19908857345581055,0.0992083832928539,obse,cracker_scene1,20,old
47,0.20342254638671875,0.09916578903693171,obse,cracker_scene1,20,old
48,0.20760798454284668,0.09916578903693171,obse,cracker_scene1,20,old
49,0.2122044563293457,0.0994445590401324,obse,cracker_scene1,20,old
50,0.2162003517150879,0.0994445590401324,obse,cracker_scene1,20,old
51,0.22071433067321777,0.0994445590401324,obse,cracker_scene1,20,old
52,0.22527241706848145,0.09866774692282328,obse,cracker_scene1,20,old
53,0.2298262119293213,0.09920443598953588,obse,cracker_scene1,20,old
54,0.2339174747467041,0.09920443598953588,obse,cracker_scene1,20,old
55,0.23816347122192383,0.09855237965086644,obse,cracker_scene1,20,old
56,0.24236369132995605,0.09855237965086644,obse,cracker_scene1,20,old
57,0.24651503562927246,0.09855237965086644,obse,cracker_scene1,20,old
58,0.25075435638427734,0.09901728798542103,obse,cracker_scene1,20,old
59,0.25490283966064453,0.0996178852804764,obse,cracker_scene1,20,old
60,0.25917482376098633,0.0996178852804764,obse,cracker_scene1,20,old
61,0.26337122917175293,0.0996178852804764,obse,cracker_scene1,20,old
62,0.26764655113220215,0.1005849535658749,obse,cracker_scene1,20,old
63,0.2722196578979492,0.10253554946432634,obse,cracker_scene1,20,old
64,0.27654170989990234,0.10253554946432634,obse,cracker_scene1,20,old
65,0.2807137966156006,0.10253554946432634,obse,cracker_scene1,20,old
66,0.28514552116394043,0.10304624243861611,obse,cracker_scene1,20,old
67,0.28948259353637695,0.10304624243861611,obse,cracker_scene1,20,old
68,0.2944753170013428,0.10448605955447546,obse,cracker_scene1,20,old
69,0.29862523078918457,0.10448605955447546,obse,cracker_scene1,20,old
70,0.3028736114501953,0.10448605955447546,obse,cracker_scene1,20,old
71,0.3257865905761719,0.10768183882219248,obse,cracker_scene1,20,old
72,0.33040904998779297,0.10743256867706794,obse,cracker_scene1,20,old
73,0.3345184326171875,0.10743256867706794,obse,cracker_scene1,20,old
74,0.33867311477661133,0.10743256867706794,obse,cracker_scene1,20,old
75,0.34279823303222656,0.10743256867706794,obse,cracker_scene1,20,old
76,0.34688615798950195,0.10743256867706794,obse,cracker_scene1,20,old
77,0.35106682777404785,0.11021142346434504,obse,cracker_scene1,20,old
78,0.3553123474121094,0.11021142346434504,obse,cracker_scene1,20,old
79,0.359755277633667,0.11253283105588817,obse,cracker_scene1,20,old
80,0.3640570640563965,0.11322524343093618,obse,cracker_scene1,20,old
81,0.36826443672180176,0.11322524343093618,obse,cracker_scene1,20,old
82,0.3724644184112549,0.1135504746887435,obse,cracker_scene1,20,old
83,0.37666988372802734,0.1135504746887435,obse,cracker_scene1,20,old
84,0.3808448314666748,0.1135504746887435,obse,cracker_scene1,20,old
85,0.38529491424560547,0.11446651998005192,obse,cracker_scene1,20,old
86,0.38953089714050293,0.11432766864053363,obse,cracker_scene1,20,old
87,0.39363932609558105,0.11432766864053363,obse,cracker_scene1,20,old
88,0.398029088973999,0.11389631345223951,obse,cracker_scene1,20,old
89,0.4022350311279297,0.11389631345223951,obse,cracker_scene1,20,old
90,0.4063892364501953,0.11389631345223951,obse,cracker_scene1,20,old
91,0.41092467308044434,0.11324576846988323,obse,cracker_scene1,20,old
92,0.41527557373046875,0.11327748089518416,obse,cracker_scene1,20,old
93,0.4194486141204834,0.11325090161941663,obse,cracker_scene1,20,old
94,0.4235265254974365,0.11325090161941663,obse,cracker_scene1,20,old
95,0.4280726909637451,0.11311943053292606,obse,cracker_scene1,20,old
96,0.432100772857666,0.11311943053292606,obse,cracker_scene1,20,old
97,0.43624353408813477,0.11311943053292606,obse,cracker_scene1,20,old
98,0.44046473503112793,0.11374964832728986,obse,cracker_scene1,20,old
99,0.44488978385925293,0.11363158623376192,obse,cracker_scene1,20,old
100,0.44904088973999023,0.11330599975480882,obse,cracker_scene1,20,old
101,0.4535050392150879,0.1129234095298324,obse,cracker_scene1,20,old
102,0.4579474925994873,0.11291143137490142,obse,cracker_scene1,20,old
103,0.4622037410736084,0.11284152224396403,obse,cracker_scene1,20,old
104,0.46650028228759766,0.11324153263029334,obse,cracker_scene1,20,old
105,0.47078824043273926,0.11269079491557221,obse,cracker_scene1,20,old
106,0.4750363826751709,0.11269079491557221,obse,cracker_scene1,20,old
107,0.47919607162475586,0.11269079491557221,obse,cracker_scene1,20,old
108,0.48352861404418945,0.1127236117549442,obse,cracker_scene1,20,old
109,0.48821115493774414,0.11320084039626292,obse,cracker_scene1,20,old
110,0.49231410026550293,0.11320084039626292,obse,cracker_scene1,20,old
111,0.49675917625427246,0.1125687495417667,obse,cracker_scene1,20,old
112,0.5009944438934326,0.112843232182893,obse,cracker_scene1,20,old
113,0.5052294731140137,0.11130887116578121,obse,cracker_scene1,20,old
114,0.5093624591827393,0.11130887116578121,obse,cracker_scene1,20,old
115,0.5136377811431885,0.11210902394236737,obse,cracker_scene1,20,old
116,0.5178537368774414,0.11210902394236737,obse,cracker_scene1,20,old
117,0.5219755172729492,0.11190938177274096,obse,cracker_scene1,20,old
118,0.5262496471405029,0.11007865032157514,obse,cracker_scene1,20,old
119,0.5305604934692383,0.10939323065493098,obse,cracker_scene1,20,old
120,0.5352489948272705,0.10790022852375007,obse,cracker_scene1,20,old
121,0.5394423007965088,0.10790022852375007,obse,cracker_scene1,20,old
122,0.5437142848968506,0.10799518127474195,obse,cracker_scene1,20,old
123,0.5478734970092773,0.10799518127474195,obse,cracker_scene1,20,old
124,0.5524559020996094,0.10820646970599469,obse,cracker_scene1,20,old
125,0.5566792488098145,0.10820646970599469,obse,cracker_scene1,20,old
126,0.5609734058380127,0.10818733121290963,obse,cracker_scene1,20,old
127,0.5651154518127441,0.10818733121290963,obse,cracker_scene1,20,old
128,0.5692274570465088,0.10818733121290963,obse,cracker_scene1,20,old
129,0.5734996795654297,0.10807603057947351,obse,cracker_scene1,20,old
130,0.5778372287750244,0.10799247518071277,obse,cracker_scene1,20,old
131,0.582359790802002,0.10808014130911457,obse,cracker_scene1,20,old
132,0.5865604877471924,0.10808014130911457,obse,cracker_scene1,20,old
133,0.5908350944519043,0.10806064556064089,obse,cracker_scene1,20,old
134,0.5951128005981445,0.1083050799463862,obse,cracker_scene1,20,old
135,0.5994107723236084,0.10999475298586163,obse,cracker_scene1,20,old
136,0.603541374206543,0.10999475298586163,obse,cracker_scene1,20,old
137,0.6076743602752686,0.10999475298586163,obse,cracker_scene1,20,old
138,0.6118345260620117,0.10999475298586163,obse,cracker_scene1,20,old
139,0.6164050102233887,0.10975669629473297,obse,cracker_scene1,20,old
140,0.6205391883850098,0.10975669629473297,obse,cracker_scene1,20,old
141,0.6250870227813721,0.11020037596559926,obse,cracker_scene1,20,old
142,0.6295285224914551,0.10892492817586044,obse,cracker_scene1,20,old
143,0.6338033676147461,0.10892492817586044,obse,cracker_scene1,20,old
144,0.6380190849304199,0.10892492817586044,obse,cracker_scene1,20,old
145,0.6421129703521729,0.10892492817586044,obse,cracker_scene1,20,old
146,0.6463210582733154,0.10911909284038016,obse,cracker_scene1,20,old
147,0.6503303050994873,0.10911909284038016,obse,cracker_scene1,20,old
148,0.6545047760009766,0.10911909284038016,obse,cracker_scene1,20,old
149,0.6588363647460938,0.10921497216671182,obse,cracker_scene1,20,old
150,0.6633687019348145,0.10879906203836931,obse,cracker_scene1,20,old
151,0.667367696762085,0.10879906203836931,obse,cracker_scene1,20,old
152,0.6713664531707764,0.10879906203836931,obse,cracker_scene1,20,old
153,0.6754782199859619,0.10942118088485808,obse,cracker_scene1,20,old
154,0.6796889305114746,0.1087506862897563,obse,cracker_scene1,20,old
155,0.6839139461517334,0.1087506862897563,obse,cracker_scene1,20,old
156,0.688220739364624,0.10910411020386569,obse,cracker_scene1,20,old
157,0.6924905776977539,0.10910411020386569,obse,cracker_scene1,20,old
158,0.6966085433959961,0.10910411020386569,obse,cracker_scene1,20,old
159,0.7008118629455566,0.10826472719143324,obse,cracker_scene1,20,old
160,0.7049820423126221,0.10833329309710513,obse,cracker_scene1,20,old
161,0.7097518444061279,0.10834318331687992,obse,cracker_scene1,20,old
162,0.7139565944671631,0.10920540069633897,obse,cracker_scene1,20,old
163,0.7178905010223389,0.10920540069633897,obse,cracker_scene1,20,old
164,0.722022533416748,0.10920540069633897,obse,cracker_scene1,20,old
165,0.7262661457061768,0.10915324057112338,obse,cracker_scene1,20,old
166,0.7303972244262695,0.10915324057112338,obse,cracker_scene1,20,old
167,0.7345194816589355,0.10915324057112338,obse,cracker_scene1,20,old
168,0.7393405437469482,0.11246103844029613,obse,cracker_scene1,20,old
169,0.7436161041259766,0.11192444519156776,obse,cracker_scene1,20,old
170,0.7481365203857422,0.11203037607864125,obse,cracker_scene1,20,old
171,0.7521877288818359,0.11245239343600402,obse,cracker_scene1,20,old
172,0.7562322616577148,0.11245239343600402,obse,cracker_scene1,20,old
173,0.7603545188903809,0.11245239343600402,obse,cracker_scene1,20,old
174,0.7646071910858154,0.11234168655110022,obse,cracker_scene1,20,old
175,0.7688055038452148,0.11194053251530565,obse,cracker_scene1,20,old
176,0.7730123996734619,0.11194053251530565,obse,cracker_scene1,20,old
177,0.7777161598205566,0.11269286058393987,obse,cracker_scene1,20,old
178,0.7817330360412598,0.11239689971471856,obse,cracker_scene1,20,old
179,0.7858922481536865,0.11237185591408835,obse,cracker_scene1,20,old
180,0.7902994155883789,0.11250774562839345,obse,cracker_scene1,20,old
181,0.7946181297302246,0.11199195510265986,obse,cracker_scene1,20,old
182,0.798743486404419,0.11199195510265986,obse,cracker_scene1,20,old
183,0.8029031753540039,0.11199195510265986,obse,cracker_scene1,20,old
184,0.8069946765899658,0.11199195510265986,obse,cracker_scene1,20,old
185,0.8115854263305664,0.1113533399617725,obse,cracker_scene1,20,old
186,0.8159277439117432,0.11131998123374348,obse,cracker_scene1,20,old
187,0.8201334476470947,0.11204455189990846,obse,cracker_scene1,20,old
188,0.8242614269256592,0.11204455189990846,obse,cracker_scene1,20,old
189,0.8284690380096436,0.11187744606597348,obse,cracker_scene1,20,old
190,0.8328707218170166,0.1118903713150428,obse,cracker_scene1,20,old
191,0.8369767665863037,0.1118903713150428,obse,cracker_scene1,20,old
192,0.8412563800811768,0.11132737450581205,obse,cracker_scene1,20,old
193,0.8453731536865234,0.11132737450581205,obse,cracker_scene1,20,old
194,0.8495726585388184,0.11176846549589099,obse,cracker_scene1,20,old
195,0.8537387847900391,0.11168458048799731,obse,cracker_scene1,20,old
196,0.8581199645996094,0.11205259714828977,obse,cracker_scene1,20,old
197,0.8624708652496338,0.11188157331697691,obse,cracker_scene1,20,old
198,0.8666646480560303,0.11188157331697691,obse,cracker_scene1,20,old
199,0.8709757328033447,0.1126430044306672,obse,cracker_scene1,20,old
200,0.8751511573791504,0.1126430044306672,obse,cracker_scene1,20,old
201,0.8796389102935791,0.11265286895694367,obse,cracker_scene1,20,old
202,0.8838098049163818,0.1121109248142534,obse,cracker_scene1,20,old
203,0.8879759311676025,0.1121109248142534,obse,cracker_scene1,20,old
204,0.8920905590057373,0.1121109248142534,obse,cracker_scene1,20,old
205,0.8962032794952393,0.1121109248142534,obse,cracker_scene1,20,old
206,0.9005486965179443,0.11283190860429765,obse,cracker_scene1,20,old
207,0.9048056602478027,0.11319079465208015,obse,cracker_scene1,20,old
208,0.909172773361206,0.11246803250027351,obse,cracker_scene1,20,old
209,0.9134716987609863,0.11246803250027351,obse,cracker_scene1,20,old
210,0.917766809463501,0.1122532203416052,obse,cracker_scene1,20,old
211,0.92203688621521,0.11241042299397865,obse,cracker_scene1,20,old
212,0.9263932704925537,0.11241042299397865,obse,cracker_scene1,20,old
213,0.9305005073547363,0.11241042299397865,obse,cracker_scene1,20,old
214,0.934668779373169,0.11241042299397865,obse,cracker_scene1,20,old
215,0.939178466796875,0.11239527822957139,obse,cracker_scene1,20,old
216,0.9433751106262207,0.11147860985296482,obse,cracker_scene1,20,old
217,0.9477133750915527,0.11130796225312499,obse,cracker_scene1,20,old
218,0.9519162178039551,0.11227199817770951,obse,cracker_scene1,20,old
219,0.9563825130462646,0.11227199817770951,obse,cracker_scene1,20,old
220,0.9609613418579102,0.11112205137418212,obse,cracker_scene1,20,old
221,0.9651105403900146,0.11112205137418212,obse,cracker_scene1,20,old
222,0.9696061611175537,0.1123452756113087,obse,cracker_scene1,20,old
223,0.9740622043609619,0.11352152546327578,obse,cracker_scene1,20,old
224,0.9786460399627686,0.11356203398629588,obse,cracker_scene1,20,old
225,0.9829323291778564,0.11335530395205415,obse,cracker_scene1,20,old
226,0.9873538017272949,0.1217936796600938,obse,cracker_scene1,20,old
227,0.9915568828582764,0.122316068279952,obse,cracker_scene1,20,old
228,0.9956977367401123,0.122316068279952,obse,cracker_scene1,20,old
229,0.9998552799224854,0.122316068279952,obse,cracker_scene1,20,old
230,1.0041592121124268,0.12213719499136921,obse,cracker_scene1,20,old
231,1.0083868503570557,0.12103709008527197,obse,cracker_scene1,20,old
232,1.012540578842163,0.12103709008527197,obse,cracker_scene1,20,old
233,1.0167346000671387,0.12169349859401368,obse,cracker_scene1,20,old
234,1.0213661193847656,0.11987372564912402,obse,cracker_scene1,20,old
235,1.0254757404327393,0.11987372564912402,obse,cracker_scene1,20,old
236,1.0299909114837646,0.12083647045584645,obse,cracker_scene1,20,old
237,1.0341284275054932,0.12083647045584645,obse,cracker_scene1,20,old
238,1.0383319854736328,0.12064066489756531,obse,cracker_scene1,20,old
239,1.0424652099609375,0.12064066489756531,obse,cracker_scene1,20,old
240,1.0468370914459229,0.12071530269679887,obse,cracker_scene1,20,old
241,1.0506842136383057,0.12071530269679887,obse,cracker_scene1,20,old
242,1.0549559593200684,0.12022969716949561,obse,cracker_scene1,20,old
243,1.0590488910675049,0.12086142829166313,obse,cracker_scene1,20,old
244,1.0632374286651611,0.12081272457592451,obse,cracker_scene1,20,old
245,1.0675842761993408,0.12081272457592451,obse,cracker_scene1,20,old
246,1.0718765258789062,0.12076459450755106,obse,cracker_scene1,20,old
247,1.0761122703552246,0.12040635558899826,obse,cracker_scene1,20,old
248,1.0802555084228516,0.12040635558899826,obse,cracker_scene1,20,old
249,1.0845561027526855,0.12040635558899826,obse,cracker_scene1,20,old
250,1.0887608528137207,0.12050230159570408,obse,cracker_scene1,20,old
251,1.0929558277130127,0.12050230159570408,obse,cracker_scene1,20,old
252,1.0974392890930176,0.12044151135315762,obse,cracker_scene1,20,old
253,1.1016716957092285,0.12044151135315762,obse,cracker_scene1,20,old
254,1.1060588359832764,0.12044151135315762,obse,cracker_scene1,20,old
255,1.1106877326965332,0.1201449436047568,obse,cracker_scene1,20,old
256,1.1148099899291992,0.1201449436047568,obse,cracker_scene1,20,old
257,1.1190049648284912,0.12078905199362655,obse,cracker_scene1,20,old
258,1.1234033107757568,0.12025905823312044,obse,cracker_scene1,20,old
259,1.1280426979064941,0.1204486982985884,obse,cracker_scene1,20,old
260,1.1321783065795898,0.1204486982985884,obse,cracker_scene1,20,old
261,1.1362810134887695,0.1204486982985884,obse,cracker_scene1,20,old
262,1.1405515670776367,0.11996816017403322,obse,cracker_scene1,20,old
263,1.1448211669921875,0.11996816017403322,obse,cracker_scene1,20,old
264,1.149019718170166,0.1200013697163822,obse,cracker_scene1,20,old
265,1.1535890102386475,0.12047075860420708,obse,cracker_scene1,20,old
266,1.157886028289795,0.12056690839338557,obse,cracker_scene1,20,old
267,1.1620898246765137,0.12055405928131879,obse,cracker_scene1,20,old
268,1.1662111282348633,0.12055405928131879,obse,cracker_scene1,20,old
269,1.170414924621582,0.12114017595107107,obse,cracker_scene1,20,old
270,1.1744675636291504,0.12114017595107107,obse,cracker_scene1,20,old
271,1.1787121295928955,0.1212001512560601,obse,cracker_scene1,20,old
272,1.182753324508667,0.1212001512560601,obse,cracker_scene1,20,old
273,1.1871039867401123,0.12146864552083958,obse,cracker_scene1,20,old
274,1.1912498474121094,0.12146864552083958,obse,cracker_scene1,20,old
275,1.1953833103179932,0.12146864552083958,obse,cracker_scene1,20,old
276,1.1997714042663574,0.12121831310740205,obse,cracker_scene1,20,old
277,1.203864336013794,0.12144396946535263,obse,cracker_scene1,20,old
278,1.2079501152038574,0.12144396946535263,obse,cracker_scene1,20,old
279,1.2120704650878906,0.12082257918506123,obse,cracker_scene1,20,old
280,1.2162811756134033,0.12038159672715487,obse,cracker_scene1,20,old
281,1.2202181816101074,0.12038159672715487,obse,cracker_scene1,20,old
282,1.2243320941925049,0.12057150883723988,obse,cracker_scene1,20,old
283,1.2284533977508545,0.12057150883723988,obse,cracker_scene1,20,old
284,1.2328462600708008,0.12032901565047904,obse,cracker_scene1,20,old
285,1.237013578414917,0.12032901565047904,obse,cracker_scene1,20,old
286,1.2412219047546387,0.12059770231991607,obse,cracker_scene1,20,old
287,1.2453429698944092,0.12059770231991607,obse,cracker_scene1,20,old
288,1.249382495880127,0.12059770231991607,obse,cracker_scene1,20,old
289,1.2536451816558838,0.12080807363816959,obse,cracker_scene1,20,old
290,1.2579991817474365,0.12373929804697159,obse,cracker_scene1,20,old
291,1.2621018886566162,0.12373929804697159,obse,cracker_scene1,20,old
292,1.266301155090332,0.12359158470611842,obse,cracker_scene1,20,old
293,1.2708215713500977,0.1231793476602796,obse,cracker_scene1,20,old
294,1.2748899459838867,0.12363231395586638,obse,cracker_scene1,20,old
295,1.2790579795837402,0.12363231395586638,obse,cracker_scene1,20,old
296,1.2832632064819336,0.12369338128983998,obse,cracker_scene1,20,old
297,1.287299633026123,0.12369338128983998,obse,cracker_scene1,20,old
298,1.2913308143615723,0.12369338128983998,obse,cracker_scene1,20,old
299,1.295482873916626,0.1237466762893229,obse,cracker_scene1,20,old
300,1.2996830940246582,0.12361931128384818,obse,cracker_scene1,20,old
301,1.3037786483764648,0.12318113115765517,obse,cracker_scene1,20,old
302,1.3077828884124756,0.12318113115765517,obse,cracker_scene1,20,old
303,1.3118095397949219,0.12318113115765517,obse,cracker_scene1,20,old
304,1.3163471221923828,0.1234461347211564,obse,cracker_scene1,20,old
305,1.320478916168213,0.1234461347211564,obse,cracker_scene1,20,old
306,1.3248791694641113,0.12279778283071607,obse,cracker_scene1,20,old
307,1.3291842937469482,0.12308411919056095,obse,cracker_scene1,20,old
308,1.3332223892211914,0.12351662959581322,obse,cracker_scene1,20,old
309,1.337261438369751,0.12351662959581322,obse,cracker_scene1,20,old
310,1.3413870334625244,0.1233000753701381,obse,cracker_scene1,20,old
311,1.3454930782318115,0.12281724974593455,obse,cracker_scene1,20,old
312,1.3496131896972656,0.12198757809579774,obse,cracker_scene1,20,old
313,1.3537914752960205,0.12204825425664989,obse,cracker_scene1,20,old
314,1.3582258224487305,0.12204825425664989,obse,cracker_scene1,20,old
315,1.3624577522277832,0.12231228303558517,obse,cracker_scene1,20,old
316,1.366426706314087,0.12231228303558517,obse,cracker_scene1,20,old
317,1.3704767227172852,0.12166942733598596,obse,cracker_scene1,20,old
318,1.3744697570800781,0.12166942733598596,obse,cracker_scene1,20,old
319,1.3786442279815674,0.122179453632425,obse,cracker_scene1,20,old
320,1.382699966430664,0.122179453632425,obse,cracker_scene1,20,old
321,1.3868021965026855,0.122179453632425,obse,cracker_scene1,20,old
322,1.391280174255371,0.12186412810574687,obse,cracker_scene1,20,old
323,1.3954205513000488,0.12186412810574687,obse,cracker_scene1,20,old
324,1.3994483947753906,0.12186412810574687,obse,cracker_scene1,20,old
325,1.4035449028015137,0.12186412810574687,obse,cracker_scene1,20,old
326,1.4081435203552246,0.12079396536984088,obse,cracker_scene1,20,old
327,1.4123899936676025,0.12039150551893929,obse,cracker_scene1,20,old
328,1.416278600692749,0.12039150551893929,obse,cracker_scene1,20,old
329,1.4207038879394531,0.12077458808504549,obse,cracker_scene1,20,old
330,1.4248895645141602,0.12077458808504549,obse,cracker_scene1,20,old
331,1.428985834121704,0.12077458808504549,obse,cracker_scene1,20,old
332,1.4330437183380127,0.12077458808504549,obse,cracker_scene1,20,old
333,1.4371299743652344,0.12077458808504549,obse,cracker_scene1,20,old
334,1.4414758682250977,0.12095036912111912,obse,cracker_scene1,20,old
335,1.44563889503479,0.12040311558721761,obse,cracker_scene1,20,old
336,1.450099229812622,0.11841192439047266,obse,cracker_scene1,20,old
337,1.4545586109161377,0.12796645850553112,obse,cracker_scene1,20,old
338,1.4587488174438477,0.12796645850553112,obse,cracker_scene1,20,old
339,1.4629309177398682,0.12796645850553112,obse,cracker_scene1,20,old
340,1.4671533107757568,0.12736390176065804,obse,cracker_scene1,20,old
341,1.4715063571929932,0.1263761492205786,obse,cracker_scene1,20,old
342,1.4754762649536133,0.1263761492205786,obse,cracker_scene1,20,old
343,1.4796690940856934,0.1263761492205786,obse,cracker_scene1,20,old
344,1.4838249683380127,0.1263761492205786,obse,cracker_scene1,20,old
345,1.4879043102264404,0.1263761492205786,obse,cracker_scene1,20,old
346,1.4920518398284912,0.1263761492205786,obse,cracker_scene1,20,old
347,1.4961979389190674,0.1253376524606642,obse,cracker_scene1,20,old
348,1.5005583763122559,0.12393050097852498,obse,cracker_scene1,20,old
349,1.5045247077941895,0.12393050097852498,obse,cracker_scene1,20,old
350,1.5086195468902588,0.12331309466429552,obse,cracker_scene1,20,old
351,1.5126750469207764,0.12248909024036791,obse,cracker_scene1,20,old
352,1.5166566371917725,0.12248909024036791,obse,cracker_scene1,20,old
353,1.5207605361938477,0.12297615596157119,obse,cracker_scene1,20,old
354,1.524885654449463,0.12208317453662776,obse,cracker_scene1,20,old
355,1.529254674911499,0.12090506754510244,obse,cracker_scene1,20,old
356,1.533240556716919,0.12090506754510244,obse,cracker_scene1,20,old
357,1.5374252796173096,0.11918816194402915,obse,cracker_scene1,20,old
358,1.5415525436401367,0.11918816194402915,obse,cracker_scene1,20,old
359,1.5457425117492676,0.11930356230071659,obse,cracker_scene1,20,old
360,1.5498929023742676,0.1181608484883255,obse,cracker_scene1,20,old
361,1.5539379119873047,0.1181608484883255,obse,cracker_scene1,20,old
362,1.5582354068756104,0.11729551959405181,obse,cracker_scene1,20,old
363,1.5622692108154297,0.11729551959405181,obse,cracker_scene1,20,old
364,1.5664911270141602,0.11678997578523365,obse,cracker_scene1,20,old
365,1.5707931518554688,0.1158460504773818,obse,cracker_scene1,20,old
366,1.5751214027404785,0.1158460504773818,obse,cracker_scene1,20,old
367,1.579237699508667,0.1158460504773818,obse,cracker_scene1,20,old
368,1.5834627151489258,0.1151547378261946,obse,cracker_scene1,20,old
369,1.587670087814331,0.11433241847274882,obse,cracker_scene1,20,old
370,1.5918869972229004,0.11428145867271243,obse,cracker_scene1,20,old
371,1.596224308013916,0.1140503847343293,obse,cracker_scene1,20,old
372,1.6003451347351074,0.1140503847343293,obse,cracker_scene1,20,old
373,1.6043837070465088,0.1140503847343293,obse,cracker_scene1,20,old
374,1.6088893413543701,0.11386664938687051,obse,cracker_scene1,20,old
375,1.6132798194885254,0.11820693774355043,obse,cracker_scene1,20,old
376,1.617499589920044,0.11810977404926497,obse,cracker_scene1,20,old
377,1.621669054031372,0.1178921853038065,obse,cracker_scene1,20,old
378,1.6258313655853271,0.1178921853038065,obse,cracker_scene1,20,old
379,1.6299686431884766,0.11756845767977729,obse,cracker_scene1,20,old
380,1.6343891620635986,0.11757846258328335,obse,cracker_scene1,20,old
381,1.6389009952545166,0.11744306168259838,obse,cracker_scene1,20,old
382,1.6429624557495117,0.11744306168259838,obse,cracker_scene1,20,old
383,1.6472249031066895,0.11667458916017631,obse,cracker_scene1,20,old
384,1.65142822265625,0.11632691273193684,obse,cracker_scene1,20,old
385,1.655534267425537,0.11632691273193684,obse,cracker_scene1,20,old
386,1.6596217155456543,0.11632691273193684,obse,cracker_scene1,20,old
387,1.6637670993804932,0.11664419747470195,obse,cracker_scene1,20,old
388,1.6679792404174805,0.11638985524350132,obse,cracker_scene1,20,old
389,1.6719849109649658,0.11638985524350132,obse,cracker_scene1,20,old
390,1.6760871410369873,0.11629139307657421,obse,cracker_scene1,20,old
391,1.6801400184631348,0.11629139307657421,obse,cracker_scene1,20,old
392,1.6844663619995117,0.11620922088598466,obse,cracker_scene1,20,old
393,1.6885528564453125,0.11620922088598466,obse,cracker_scene1,20,old
394,1.6927988529205322,0.1163095165798508,obse,cracker_scene1,20,old
395,1.697338581085205,0.1163313013589538,obse,cracker_scene1,20,old
396,1.7015035152435303,0.11540287082162809,obse,cracker_scene1,20,old
397,1.7055425643920898,0.11540287082162809,obse,cracker_scene1,20,old
398,1.7096896171569824,0.11540287082162809,obse,cracker_scene1,20,old
399,1.7139573097229004,0.11643351248962212,obse,cracker_scene1,20,old
400,1.7180907726287842,0.11642623707710986,obse,cracker_scene1,20,old
401,1.7221884727478027,0.11642623707710986,obse,cracker_scene1,20,old
402,1.7262184619903564,0.11642623707710986,obse,cracker_scene1,20,old
403,1.7303009033203125,0.11642623707710986,obse,cracker_scene1,20,old
404,1.7345283031463623,0.11637360146794772,obse,cracker_scene1,20,old
405,1.7385907173156738,0.11637360146794772,obse,cracker_scene1,20,old
406,1.7426426410675049,0.11637360146794772,obse,cracker_scene1,20,old
407,1.7468531131744385,0.11683104551197458,obse,cracker_scene1,20,old
408,1.7510499954223633,0.11676298475047645,obse,cracker_scene1,20,old
409,1.755171298980713,0.11676298475047645,obse,cracker_scene1,20,old
410,1.7594287395477295,0.11676298475047645,obse,cracker_scene1,20,old
411,1.7638182640075684,0.11616572671904746,obse,cracker_scene1,20,old
412,1.7683920860290527,0.11601960684309498,obse,cracker_scene1,20,old
413,1.772711992263794,0.11615452177263501,obse,cracker_scene1,20,old
414,1.7767672538757324,0.11615452177263501,obse,cracker_scene1,20,old
415,1.7809345722198486,0.11762004973527546,obse,cracker_scene1,20,old
416,1.7852671146392822,0.11762211132768649,obse,cracker_scene1,20,old
417,1.7893755435943604,0.11762211132768649,obse,cracker_scene1,20,old
418,1.7936983108520508,0.11691941538975277,obse,cracker_scene1,20,old
419,1.7976770401000977,0.11691941538975277,obse,cracker_scene1,20,old
420,1.801767349243164,0.11715286010301589,obse,cracker_scene1,20,old
421,1.8058619499206543,0.11715286010301589,obse,cracker_scene1,20,old
422,1.8104615211486816,0.12181109250958637,obse,cracker_scene1,20,old
423,1.814619779586792,0.12205885243405974,obse,cracker_scene1,20,old
424,1.8187150955200195,0.12205885243405974,obse,cracker_scene1,20,old
425,1.8228425979614258,0.12098307352473331,obse,cracker_scene1,20,old
426,1.827131748199463,0.12098307352473331,obse,cracker_scene1,20,old
427,1.831378698348999,0.12098307352473331,obse,cracker_scene1,20,old
428,1.8354628086090088,0.12098307352473331,obse,cracker_scene1,20,old
429,1.8395154476165771,0.12098307352473331,obse,cracker_scene1,20,old
430,1.8438999652862549,0.12066388871498042,obse,cracker_scene1,20,old
431,1.848130702972412,0.12222518536745078,obse,cracker_scene1,20,old
432,1.8522236347198486,0.12222518536745078,obse,cracker_scene1,20,old
433,1.8566932678222656,0.12127828063012912,obse,cracker_scene1,20,old
434,1.860870361328125,0.12291521147809736,obse,cracker_scene1,20,old
435,1.865051031112671,0.12291521147809736,obse,cracker_scene1,20,old
436,1.86918044090271,0.12291521147809736,obse,cracker_scene1,20,old
437,1.8735270500183105,0.12340917276939346,obse,cracker_scene1,20,old
438,1.87764573097229,0.12340917276939346,obse,cracker_scene1,20,old
439,1.8818395137786865,0.1234653842450799,obse,cracker_scene1,20,old
440,1.8860282897949219,0.12289395419897838,obse,cracker_scene1,20,old
441,1.8901560306549072,0.12289395419897838,obse,cracker_scene1,20,old
442,1.8942463397979736,0.12289395419897838,obse,cracker_scene1,20,old
443,1.8983592987060547,0.12289395419897838,obse,cracker_scene1,20,old
444,1.9024510383605957,0.12289395419897838,obse,cracker_scene1,20,old
445,1.9066519737243652,0.12286052303230299,obse,cracker_scene1,20,old
446,1.9111371040344238,0.12218760270895068,obse,cracker_scene1,20,old
447,1.9157218933105469,0.12323112368670748,obse,cracker_scene1,20,old
448,1.9200091361999512,0.12323112368670748,obse,cracker_scene1,20,old
449,1.9240965843200684,0.12323112368670748,obse,cracker_scene1,20,old
450,1.9281396865844727,0.12323112368670748,obse,cracker_scene1,20,old
451,1.9327161312103271,0.12459812101628735,obse,cracker_scene1,20,old
452,1.9368257522583008,0.12512728871196868,obse,cracker_scene1,20,old
453,1.9409630298614502,0.1245428295641501,obse,cracker_scene1,20,old
454,1.9454853534698486,0.12461624916060283,obse,cracker_scene1,20,old
455,1.9496498107910156,0.12568749051513076,obse,cracker_scene1,20,old
456,1.953808069229126,0.12568749051513076,obse,cracker_scene1,20,old
457,1.9582390785217285,0.12458348842848495,obse,cracker_scene1,20,old
458,1.962533712387085,0.12147406890670122,obse,cracker_scene1,20,old
459,1.966599702835083,0.12147406890670122,obse,cracker_scene1,20,old
460,1.9710891246795654,0.1230144180869166,obse,cracker_scene1,20,old
461,1.975179672241211,0.1230144180869166,obse,cracker_scene1,20,old
462,1.979407548904419,0.12252165176971334,obse,cracker_scene1,20,old
463,1.983323097229004,0.12252165176971334,obse,cracker_scene1,20,old
464,1.9875454902648926,0.12273393944558483,obse,cracker_scene1,20,old
465,1.9918060302734375,0.12273393944558483,obse,cracker_scene1,20,old
466,1.996189832687378,0.12279763717040823,obse,cracker_scene1,20,old
467,2.0006487369537354,0.12279763717040823,obse,cracker_scene1,20,old
468,2.005174160003662,0.12236558551291155,obse,cracker_scene1,20,old
469,2.0091488361358643,0.12236558551291155,obse,cracker_scene1,20,old
470,2.0133910179138184,0.1223886102412028,obse,cracker_scene1,20,old
471,2.0174803733825684,0.12278155317685636,obse,cracker_scene1,20,old
472,2.0217411518096924,0.12277164870490391,obse,cracker_scene1,20,old
473,2.0258121490478516,0.12405287645941411,obse,cracker_scene1,20,old
474,2.030137062072754,0.12498910996824733,obse,cracker_scene1,20,old
475,2.034115791320801,0.12498910996824733,obse,cracker_scene1,20,old
476,2.038276195526123,0.12504724204013423,obse,cracker_scene1,20,old
477,2.0426018238067627,0.12554389944059924,obse,cracker_scene1,20,old
478,2.0469865798950195,0.12418382022205857,obse,cracker_scene1,20,old
479,2.0511386394500732,0.12424158884311207,obse,cracker_scene1,20,old
480,2.055325746536255,0.12424158884311207,obse,cracker_scene1,20,old
481,2.059631586074829,0.12553104245757318,obse,cracker_scene1,20,old
482,2.0638599395751953,0.12575785004281878,obse,cracker_scene1,20,old
483,2.067904233932495,0.12575785004281878,obse,cracker_scene1,20,old
484,2.0721051692962646,0.1256865302091761,obse,cracker_scene1,20,old
485,2.076300621032715,0.1256865302091761,obse,cracker_scene1,20,old
486,2.0805182456970215,0.12620082868303178,obse,cracker_scene1,20,old
487,2.0851502418518066,0.1262627443802736,obse,cracker_scene1,20,old
488,2.089421510696411,0.12693461235780554,obse,cracker_scene1,20,old
489,2.0938687324523926,0.12693461235780554,obse,cracker_scene1,20,old
490,2.0979909896850586,0.1278408944210652,obse,cracker_scene1,20,old
491,2.1021478176116943,0.1288129386870122,obse,cracker_scene1,20,old
492,2.106233596801758,0.1288129386870122,obse,cracker_scene1,20,old
493,2.110466957092285,0.12936447130397116,obse,cracker_scene1,20,old
494,2.1147499084472656,0.12936447130397116,obse,cracker_scene1,20,old
495,2.119065284729004,0.12980887680067615,obse,cracker_scene1,20,old
496,2.123304605484009,0.12891107409011432,obse,cracker_scene1,20,old
497,2.1277315616607666,0.13092919159157948,obse,cracker_scene1,20,old
498,2.1319921016693115,0.1314913812439532,obse,cracker_scene1,20,old
499,2.1362829208374023,0.13227471716488493,obse,cracker_scene1,20,old
500,2.140275478363037,0.13227471716488493,obse,cracker_scene1,20,old
501,2.144366502761841,0.13227471716488493,obse,cracker_scene1,20,old
502,2.148444652557373,0.13227471716488493,obse,cracker_scene1,20,old
503,2.1528806686401367,0.1328525940405922,obse,cracker_scene1,20,old
504,2.156900644302368,0.1328525940405922,obse,cracker_scene1,20,old
505,2.1612586975097656,0.13159967503217404,obse,cracker_scene1,20,old
506,2.1655001640319824,0.13159967503217404,obse,cracker_scene1,20,old
507,2.169469118118286,0.13159967503217404,obse,cracker_scene1,20,old
508,2.1737072467803955,0.1318904240531196,obse,cracker_scene1,20,old
509,2.1778030395507812,0.1318904240531196,obse,cracker_scene1,20,old
510,2.182149648666382,0.1340707581243694,obse,cracker_scene1,20,old
511,2.186429262161255,0.13406681379641458,obse,cracker_scene1,20,old
512,2.190720319747925,0.1346197645421642,obse,cracker_scene1,20,old
513,2.1949784755706787,0.1350654805430784,obse,cracker_scene1,20,old
514,2.1989855766296387,0.1350654805430784,obse,cracker_scene1,20,old
515,2.2032124996185303,0.1355544263316171,obse,cracker_scene1,20,old
516,2.2072980403900146,0.1355544263316171,obse,cracker_scene1,20,old
517,2.2113544940948486,0.13504403899444278,obse,cracker_scene1,20,old
518,2.2154977321624756,0.13504403899444278,obse,cracker_scene1,20,old
519,2.2198750972747803,0.13536014384232947,obse,cracker_scene1,20,old
520,2.223940134048462,0.13536014384232947,obse,cracker_scene1,20,old
521,2.228217363357544,0.13680170112963894,obse,cracker_scene1,20,old
522,2.232252597808838,0.13680170112963894,obse,cracker_scene1,20,old
523,2.23643159866333,0.13597107853225834,obse,cracker_scene1,20,old
524,2.2405664920806885,0.13597107853225834,obse,cracker_scene1,20,old
525,2.245100736618042,0.1363331410066726,obse,cracker_scene1,20,old
526,2.2490508556365967,0.1363331410066726,obse,cracker_scene1,20,old
527,2.2531607151031494,0.1390263741891997,obse,cracker_scene1,20,old
528,2.2571663856506348,0.1390263741891997,obse,cracker_scene1,20,old
529,2.2613275051116943,0.1391560210057336,obse,cracker_scene1,20,old
530,2.265528678894043,0.1391560210057336,obse,cracker_scene1,20,old
531,2.2698659896850586,0.1419867916117312,obse,cracker_scene1,20,old
532,2.2738685607910156,0.1419867916117312,obse,cracker_scene1,20,old
533,2.277945041656494,0.14220376691493278,obse,cracker_scene1,20,old
534,2.2819666862487793,0.14359097067293386,obse,cracker_scene1,20,old
535,2.2863359451293945,0.1427802168460063,obse,cracker_scene1,20,old
536,2.290327548980713,0.1427802168460063,obse,cracker_scene1,20,old
537,2.294576406478882,0.14414647852402884,obse,cracker_scene1,20,old
538,2.298757553100586,0.14534586703234684,obse,cracker_scene1,20,old
539,2.302854061126709,0.1441834085487022,obse,cracker_scene1,20,old
540,2.3069489002227783,0.1441834085487022,obse,cracker_scene1,20,old
541,2.31103515625,0.14267655012134242,obse,cracker_scene1,20,old
542,2.315171718597412,0.14267655012134242,obse,cracker_scene1,20,old
543,2.319153070449829,0.14267655012134242,obse,cracker_scene1,20,old
544,2.323333978652954,0.14248283628265074,obse,cracker_scene1,20,old
545,2.3273305892944336,0.14179193098848442,obse,cracker_scene1,20,old
546,2.331550121307373,0.14179193098848442,obse,cracker_scene1,20,old
547,2.335704803466797,0.14179193098848442,obse,cracker_scene1,20,old
548,2.339975595474243,0.14202712709033624,obse,cracker_scene1,20,old
549,2.3443410396575928,0.14319917382939554,obse,cracker_scene1,20,old
550,2.3485639095306396,0.14319917382939554,obse,cracker_scene1,20,old
551,2.352797031402588,0.14319917382939554,obse,cracker_scene1,20,old
552,2.3571102619171143,0.1447784331656253,obse,cracker_scene1,20,old
553,2.3618083000183105,0.1484267398287297,obse,cracker_scene1,20,old
554,2.3658699989318848,0.1484267398287297,obse,cracker_scene1,20,old
555,2.3700308799743652,0.14720495106112694,obse,cracker_scene1,20,old
556,2.374148368835449,0.14720495106112694,obse,cracker_scene1,20,old
557,2.3784539699554443,0.14824134191739372,obse,cracker_scene1,20,old
558,2.3826262950897217,0.14824134191739372,obse,cracker_scene1,20,old
559,2.3869800567626953,0.15492914190333662,obse,cracker_scene1,20,old
560,2.3910136222839355,0.15492914190333662,obse,cracker_scene1,20,old
561,2.395069122314453,0.15492914190333662,obse,cracker_scene1,20,old
562,2.3994100093841553,0.14915045281717987,obse,cracker_scene1,20,old
563,2.403578758239746,0.14918725117102632,obse,cracker_scene1,20,old
564,2.4078502655029297,0.14918725117102632,obse,cracker_scene1,20,old
565,2.4121289253234863,0.15303641352302547,obse,cracker_scene1,20,old
566,2.4161882400512695,0.15303641352302547,obse,cracker_scene1,20,old
567,2.4203288555145264,0.15303641352302547,obse,cracker_scene1,20,old
568,2.424696922302246,0.15696267698832678,obse,cracker_scene1,20,old
569,2.4291346073150635,0.14894785413531533,obse,cracker_scene1,20,old
570,2.433204412460327,0.14894785413531533,obse,cracker_scene1,20,old
571,2.4375271797180176,0.15654530776573522,obse,cracker_scene1,20,old
572,2.441514492034912,0.15654530776573522,obse,cracker_scene1,20,old
573,2.44563627243042,0.1554162845016942,obse,cracker_scene1,20,old
574,2.4499013423919678,0.1560515489352829,obse,cracker_scene1,20,old
575,2.4539003372192383,0.1560515489352829,obse,cracker_scene1,20,old
576,2.45800518989563,0.15622302358792695,obse,cracker_scene1,20,old
577,2.462435483932495,0.15622302358792695,obse,cracker_scene1,20,old
578,2.466277837753296,0.15622302358792695,obse,cracker_scene1,20,old
579,2.4705727100372314,0.153364163529934,obse,cracker_scene1,20,old
580,2.4747402667999268,0.153364163529934,obse,cracker_scene1,20,old
581,2.4787793159484863,0.153516243053129,obse,cracker_scene1,20,old
582,2.482862949371338,0.153516243053129,obse,cracker_scene1,20,old
583,2.486903429031372,0.153516243053129,obse,cracker_scene1,20,old
584,2.490969181060791,0.1602091364999734,obse,cracker_scene1,20,old
585,2.495011568069458,0.15960231059630114,obse,cracker_scene1,20,old
586,2.4988811016082764,0.15960231059630114,obse,cracker_scene1,20,old
587,2.5029783248901367,0.15960231059630114,obse,cracker_scene1,20,old
588,2.5069992542266846,0.15960231059630114,obse,cracker_scene1,20,old
589,2.511547327041626,0.16027055322983574,obse,cracker_scene1,20,old
590,2.5159518718719482,0.1621404058786614,obse,cracker_scene1,20,old
591,2.519845962524414,0.1621404058786614,obse,cracker_scene1,20,old
592,2.524026870727539,0.15453559024071678,obse,cracker_scene1,20,old
593,2.5282373428344727,0.15299594775212016,obse,cracker_scene1,20,old
594,2.5324268341064453,0.15299594775212016,obse,cracker_scene1,20,old
595,2.536860942840576,0.16276790863902157,obse,cracker_scene1,20,old
596,2.5410873889923096,0.16488946278820663,obse,cracker_scene1,20,old
597,2.5451974868774414,0.16488946278820663,obse,cracker_scene1,20,old
598,2.5495340824127197,0.16427523754118784,obse,cracker_scene1,20,old
599,2.553554058074951,0.16427523754118784,obse,cracker_scene1,20,old
600,2.5577003955841064,0.16427523754118784,obse,cracker_scene1,20,old
601,2.5619661808013916,0.16459369014040573,obse,cracker_scene1,20,old
602,2.5661613941192627,0.16459369014040573,obse,cracker_scene1,20,old
603,2.5705907344818115,0.15892252670422244,obse,cracker_scene1,20,old
604,2.5747532844543457,0.15892252670422244,obse,cracker_scene1,20,old
605,2.5787644386291504,0.15892252670422244,obse,cracker_scene1,20,old
606,2.5833888053894043,0.16937111285491008,obse,cracker_scene1,20,old
607,2.5877718925476074,0.17083316870041554,obse,cracker_scene1,20,old
608,2.5919785499572754,0.1716865294490723,obse,cracker_scene1,20,old
609,2.5963034629821777,0.1654462455686655,obse,cracker_scene1,20,old
610,2.6002559661865234,0.1654462455686655,obse,cracker_scene1,20,old
611,2.6045053005218506,0.1675095663455594,obse,cracker_scene1,20,old
612,2.6083920001983643,0.1675095663455594,obse,cracker_scene1,20,old
613,2.612539529800415,0.16831562726012447,obse,cracker_scene1,20,old
614,2.616549015045166,0.16831562726012447,obse,cracker_scene1,20,old
615,2.6207385063171387,0.17757285687380003,obse,cracker_scene1,20,old
616,2.624784231185913,0.17757285687380003,obse,cracker_scene1,20,old
617,2.6291568279266357,0.16960206395508468,obse,cracker_scene1,20,old
618,2.633131504058838,0.16960206395508468,obse,cracker_scene1,20,old
619,2.637394905090332,0.1716440628539635,obse,cracker_scene1,20,old
620,2.6413376331329346,0.1716440628539635,obse,cracker_scene1,20,old
621,2.64548921585083,0.1716440628539635,obse,cracker_scene1,20,old
622,2.649803876876831,0.17279612408693498,obse,cracker_scene1,20,old
623,2.6541926860809326,0.17442470817293826,obse,cracker_scene1,20,old
624,2.6583986282348633,0.17442470817293826,obse,cracker_scene1,20,old
625,2.662900447845459,0.17642280832651733,obse,cracker_scene1,20,old
626,2.6671159267425537,0.17642280832651733,obse,cracker_scene1,20,old
627,2.671748638153076,0.08478878212535455,obse,cracker_scene1,20,old
628,2.6757960319519043,0.08478878212535455,obse,cracker_scene1,20,old
629,2.680189371109009,0.08558564523117448,obse,cracker_scene1,20,old
630,2.684443235397339,0.08558564523117448,obse,cracker_scene1,20,old
631,2.6888229846954346,0.08781730417182557,obse,cracker_scene1,20,old
632,2.6930835247039795,0.0878656447224676,obse,cracker_scene1,20,old
633,2.6974668502807617,0.08958101536359177,obse,cracker_scene1,20,old
634,2.701817750930786,0.08954127609902772,obse,cracker_scene1,20,old
635,2.705937623977661,0.08954127609902772,obse,cracker_scene1,20,old
636,2.7099826335906982,0.0924960579293902,obse,cracker_scene1,20,old
637,2.714265823364258,0.0924960579293902,obse,cracker_scene1,20,old
638,2.718496561050415,0.0924960579293902,obse,cracker_scene1,20,old
639,2.72275447845459,0.09341012150047742,obse,cracker_scene1,20,old
640,2.727078437805176,0.09381970308405838,obse,cracker_scene1,20,old
641,2.7311882972717285,0.09381970308405838,obse,cracker_scene1,20,old
642,2.7355544567108154,0.09549545574444843,obse,cracker_scene1,20,old
643,2.7396204471588135,0.09549545574444843,obse,cracker_scene1,20,old
644,2.743706703186035,0.09839402509318498,obse,cracker_scene1,20,old
645,2.747849464416504,0.09839402509318498,obse,cracker_scene1,20,old
646,2.751868486404419,0.09969902687584992,obse,cracker_scene1,20,old
647,2.756070375442505,0.09969902687584992,obse,cracker_scene1,20,old
648,2.7602405548095703,0.10236679839736135,obse,cracker_scene1,20,old
649,2.764505386352539,0.10236679839736135,obse,cracker_scene1,20,old
650,2.768498182296753,0.10236679839736135,obse,cracker_scene1,20,old
651,2.7727646827697754,0.10284152698424892,obse,cracker_scene1,20,old
652,2.776785373687744,0.10500293770262704,obse,cracker_scene1,20,old
653,2.7808585166931152,0.10500293770262704,obse,cracker_scene1,20,old
654,2.7852673530578613,0.10491655085961119,obse,cracker_scene1,20,old
655,2.789396286010742,0.10491655085961119,obse,cracker_scene1,20,old
656,2.79369854927063,0.10801418158004983,obse,cracker_scene1,20,old
657,2.7977330684661865,0.10801418158004983,obse,cracker_scene1,20,old
658,2.801892042160034,0.1081261528141615,obse,cracker_scene1,20,old
659,2.8061184883117676,0.1097144693912471,obse,cracker_scene1,20,old
660,2.810105562210083,0.10968588196960834,obse,cracker_scene1,20,old
661,2.814309597015381,0.11000316621338992,obse,cracker_scene1,20,old
662,2.8183295726776123,0.11004577171709234,obse,cracker_scene1,20,old
663,2.822439193725586,0.11120605742927445,obse,cracker_scene1,20,old
664,2.8268425464630127,0.10945817874333794,obse,cracker_scene1,20,old
665,2.8309736251831055,0.11094203624966498,obse,cracker_scene1,20,old
666,2.834979295730591,0.11260200659092424,obse,cracker_scene1,20,old
667,2.8391757011413574,0.11441565193513131,obse,cracker_scene1,20,old
668,2.843116283416748,0.11439645974758038,obse,cracker_scene1,20,old
669,2.8473174571990967,0.11587846450473713,obse,cracker_scene1,20,old
670,2.851499557495117,0.11587846450473713,obse,cracker_scene1,20,old
671,2.855884075164795,0.11589606532723813,obse,cracker_scene1,20,old
672,2.859978199005127,0.11753552356221351,obse,cracker_scene1,20,old
673,2.864306926727295,0.11858144968314063,obse,cracker_scene1,20,old
674,2.868382692337036,0.11856242466626861,obse,cracker_scene1,20,old
675,2.872650146484375,0.11982530700681739,obse,cracker_scene1,20,old
676,2.8771512508392334,0.12182926698465715,obse,cracker_scene1,20,old
677,2.8812475204467773,0.12182926698465715,obse,cracker_scene1,20,old
678,2.8854246139526367,0.08596071108715982,obse,cracker_scene1,20,old
679,2.889583110809326,0.08555855421636976,obse,cracker_scene1,20,old
680,2.8939096927642822,0.08555855421636976,obse,cracker_scene1,20,old
681,2.8981330394744873,0.08483696576845381,obse,cracker_scene1,20,old
682,2.902222156524658,0.08651571776035906,obse,cracker_scene1,20,old
683,2.906355381011963,0.08772604931367484,obse,cracker_scene1,20,old
684,2.910322666168213,0.08601487524943174,obse,cracker_scene1,20,old
685,2.9145116806030273,0.0870007981925549,obse,cracker_scene1,20,old
686,2.918609619140625,0.08871507168035644,obse,cracker_scene1,20,old
687,2.9227707386016846,0.08926910800819864,obse,cracker_scene1,20,old
688,2.926961898803711,0.09055066449110058,obse,cracker_scene1,20,old
689,2.9313974380493164,0.09050534919178514,obse,cracker_scene1,20,old
690,2.935523271560669,0.09158705789599829,obse,cracker_scene1,20,old
691,2.9397544860839844,0.09158705789599829,obse,cracker_scene1,20,old
692,2.9437873363494873,0.09135398080325342,obse,cracker_scene1,20,old
693,2.9480762481689453,0.09135398080325342,obse,cracker_scene1,20,old
694,2.952416181564331,0.09383791168787488,obse,cracker_scene1,20,old
695,2.956543207168579,0.09383791168787488,obse,cracker_scene1,20,old
696,2.9605932235717773,0.0942651847026009,obse,cracker_scene1,20,old
697,2.964614152908325,0.0942651847026009,obse,cracker_scene1,20,old
698,2.968905448913574,0.0950757970882755,obse,cracker_scene1,20,old
699,2.972820281982422,0.0950757970882755,obse,cracker_scene1,20,old
700,2.9773662090301514,0.0960966721196969,obse,cracker_scene1,20,old
701,2.9815895557403564,0.0960966721196969,obse,cracker_scene1,20,old
702,2.9857428073883057,0.0970220405105406,obse,cracker_scene1,20,old
703,2.989842653274536,0.0970220405105406,obse,cracker_scene1,20,old
704,2.9941041469573975,0.09664837106453436,obse,cracker_scene1,20,old
705,2.998209238052368,0.09664837106453436,obse,cracker_scene1,20,old
706,3.002188205718994,0.09664837106453436,obse,cracker_scene1,20,old
707,3.0065624713897705,0.09882770344007076,obse,cracker_scene1,20,old
708,3.010845899581909,0.09884258804915642,obse,cracker_scene1,20,old
709,3.015150308609009,0.09959607610499144,obse,cracker_scene1,20,old
710,3.019294500350952,0.10021459218640597,obse,cracker_scene1,20,old
711,3.023416042327881,0.10021459218640597,obse,cracker_scene1,20,old
712,3.0276706218719482,0.1010592351416512,obse,cracker_scene1,20,old
713,3.0318474769592285,0.09947224547346922,obse,cracker_scene1,20,old
714,3.035951852798462,0.10002468287637667,obse,cracker_scene1,20,old
715,3.040034294128418,0.10002468287637667,obse,cracker_scene1,20,old
716,3.0440237522125244,0.10002468287637667,obse,cracker_scene1,20,old
717,3.048240900039673,0.10012397688072097,obse,cracker_scene1,20,old
718,3.0524890422821045,0.1017875248412708,obse,cracker_scene1,20,old
719,3.0568737983703613,0.10219854573952654,obse,cracker_scene1,20,old
720,3.0611608028411865,0.10221695328156685,obse,cracker_scene1,20,old
721,3.0656588077545166,0.10241906314656643,obse,cracker_scene1,20,old
722,3.0701093673706055,0.12261277575267684,obse,cracker_scene1,20,old
723,3.0743796825408936,0.12261277575267684,obse,cracker_scene1,20,old
724,3.079339027404785,0.1254474196168622,obse,cracker_scene1,20,old
725,3.0836050510406494,0.1254474196168622,obse,cracker_scene1,20,old
726,3.0880239009857178,0.12592562390583426,obse,cracker_scene1,20,old
727,3.0920662879943848,0.12592562390583426,obse,cracker_scene1,20,old
728,3.096251964569092,0.12602723104660132,obse,cracker_scene1,20,old
729,3.1005234718322754,0.12602723104660132,obse,cracker_scene1,20,old
730,3.1049482822418213,0.12388775052584562,obse,cracker_scene1,20,old
731,3.1089324951171875,0.12388775052584562,obse,cracker_scene1,20,old
732,3.113210439682007,0.12542529895738155,obse,cracker_scene1,20,old
733,3.117267370223999,0.12542529895738155,obse,cracker_scene1,20,old
734,3.1215999126434326,0.12784370862768207,obse,cracker_scene1,20,old
735,3.125603675842285,0.12784370862768207,obse,cracker_scene1,20,old
736,3.13008189201355,0.12785856274240218,obse,cracker_scene1,20,old
737,3.134026288986206,0.12785856274240218,obse,cracker_scene1,20,old
738,3.138322353363037,0.1282549961036906,obse,cracker_scene1,20,old
739,3.1422922611236572,0.1282549961036906,obse,cracker_scene1,20,old
740,3.1466431617736816,0.12797966206553973,obse,cracker_scene1,20,old
741,3.151646614074707,0.12797966206553973,obse,cracker_scene1,20,old
742,3.1562702655792236,0.1275013704144426,obse,cracker_scene1,20,old
743,3.1604766845703125,0.12769913556830734,obse,cracker_scene1,20,old
744,3.1648659706115723,0.12769913556830734,obse,cracker_scene1,20,old
745,3.1690726280212402,0.12755294851122917,obse,cracker_scene1,20,old
746,3.1732265949249268,0.12755294851122917,obse,cracker_scene1,20,old
747,3.177534341812134,0.1275978569735887,obse,cracker_scene1,20,old
748,3.1816189289093018,0.1275978569735887,obse,cracker_scene1,20,old
749,3.1858277320861816,0.12756073676587548,obse,cracker_scene1,20,old
750,3.189927577972412,0.12808345706282454,obse,cracker_scene1,20,old
751,3.194186210632324,0.12744219938786794,obse,cracker_scene1,20,old
752,3.1982712745666504,0.12744219938786794,obse,cracker_scene1,20,old
753,3.2024660110473633,0.1283111307468609,obse,cracker_scene1,20,old
754,3.206812620162964,0.128196504108538,obse,cracker_scene1,20,old
755,3.21097731590271,0.12812747220818824,obse,cracker_scene1,20,old
756,3.2150938510894775,0.12812747220818824,obse,cracker_scene1,20,old
757,3.219252109527588,0.12821328684445812,obse,cracker_scene1,20,old
758,3.2234551906585693,0.12804571560539577,obse,cracker_scene1,20,old
759,3.227806806564331,0.12809037127325526,obse,cracker_scene1,20,old
760,3.2318499088287354,0.12809037127325526,obse,cracker_scene1,20,old
761,3.2362022399902344,0.12809037127325526,obse,cracker_scene1,20,old
762,3.2403972148895264,0.12676496433089016,obse,cracker_scene1,20,old
763,3.244804620742798,0.12633665792749563,obse,cracker_scene1,20,old
764,3.2492618560791016,0.12636699321421146,obse,cracker_scene1,20,old
765,3.2533822059631348,0.12619991063722005,obse,cracker_scene1,20,old
766,3.2577316761016846,0.12619991063722005,obse,cracker_scene1,20,old
767,3.2618064880371094,0.12619991063722005,obse,cracker_scene1,20,old
768,3.266200304031372,0.12674009929613572,obse,cracker_scene1,20,old
769,3.2703959941864014,0.12674009929613572,obse,cracker_scene1,20,old
770,3.2746615409851074,0.12626298570535094,obse,cracker_scene1,20,old
771,3.2788710594177246,0.12755652730427505,obse,cracker_scene1,20,old
772,3.283099412918091,0.1279768591419341,obse,cracker_scene1,20,old
773,3.287269115447998,0.12660833282995587,obse,cracker_scene1,20,old
774,3.291701555252075,0.2186296133357081,obse,cracker_scene1,20,old
775,3.2961318492889404,0.22392784084211134,obse,cracker_scene1,20,old
776,3.300222396850586,0.2240452709430985,obse,cracker_scene1,20,old
777,3.30440616607666,0.22409413530876285,obse,cracker_scene1,20,old
778,3.3088715076446533,0.2246938584601182,obse,cracker_scene1,20,old
779,3.3129892349243164,0.2246938584601182,obse,cracker_scene1,20,old
780,3.317145824432373,0.22493657386446622,obse,cracker_scene1,20,old
781,3.321256637573242,0.22493657386446622,obse,cracker_scene1,20,old
782,3.325279951095581,0.22485832014473917,obse,cracker_scene1,20,old
783,3.3298559188842773,0.22485813632021023,obse,cracker_scene1,20,old
784,3.3342888355255127,0.22414618834708197,obse,cracker_scene1,20,old
785,3.3386497497558594,0.22414618834708197,obse,cracker_scene1,20,old
786,3.3428118228912354,0.22413614264918302,obse,cracker_scene1,20,old
787,3.346931219100952,0.22413614264918302,obse,cracker_scene1,20,old
788,3.3511290550231934,0.22439648482553337,obse,cracker_scene1,20,old
789,3.3553407192230225,0.22439648482553337,obse,cracker_scene1,20,old
790,3.359501361846924,0.22439648482553337,obse,cracker_scene1,20,old
791,3.3639209270477295,0.22474233005539782,obse,cracker_scene1,20,old
792,3.368286609649658,0.22481561645366516,obse,cracker_scene1,20,old
793,3.3722784519195557,0.22481561645366516,obse,cracker_scene1,20,old
794,3.3767123222351074,0.22481561645366516,obse,cracker_scene1,20,old
795,3.381251335144043,0.22524789692517927,obse,cracker_scene1,20,old
796,3.38541316986084,0.22537505429327664,obse,cracker_scene1,20,old
797,3.3897037506103516,0.22530961407904954,obse,cracker_scene1,20,old
798,3.3938939571380615,0.22547941741416405,obse,cracker_scene1,20,old
799,3.3981966972351074,0.22547941741416405,obse,cracker_scene1,20,old
800,3.402333974838257,0.2249785521356539,obse,cracker_scene1,20,old
801,3.406587600708008,0.2249785521356539,obse,cracker_scene1,20,old
802,3.41080904006958,0.22543434910916216,obse,cracker_scene1,20,old
803,3.414979934692383,0.22543434910916216,obse,cracker_scene1,20,old
804,3.4191722869873047,0.22465488691092936,obse,cracker_scene1,20,old
805,3.423396348953247,0.2242101211575147,obse,cracker_scene1,20,old
806,3.4276421070098877,0.2240635404018378,obse,cracker_scene1,20,old
807,3.431959867477417,0.2240635404018378,obse,cracker_scene1,20,old
808,3.436323642730713,0.2251094089543725,obse,cracker_scene1,20,old
809,3.4404726028442383,0.2251094089543725,obse,cracker_scene1,20,old
810,3.444838523864746,0.22521876216914238,obse,cracker_scene1,20,old
811,3.4489729404449463,0.22521876216914238,obse,cracker_scene1,20,old
812,3.453219175338745,0.22463295619314347,obse,cracker_scene1,20,old
813,3.4573214054107666,0.22463295619314347,obse,cracker_scene1,20,old
814,3.4617111682891846,0.22493302747428232,obse,cracker_scene1,20,old
815,3.4658305644989014,0.22493302747428232,obse,cracker_scene1,20,old
816,3.470407009124756,0.22528824479602902,obse,cracker_scene1,20,old
817,3.4744226932525635,0.22528824479602902,obse,cracker_scene1,20,old
818,3.4790005683898926,0.2253603342652142,obse,cracker_scene1,20,old
819,3.4828758239746094,0.2253603342652142,obse,cracker_scene1,20,old
820,3.4871649742126465,0.2252106382124546,obse,cracker_scene1,20,old
821,3.491332769393921,0.2252106382124546,obse,cracker_scene1,20,old
822,3.495727777481079,0.224637284304075,obse,cracker_scene1,20,old
823,3.4997715950012207,0.224637284304075,obse,cracker_scene1,20,old
824,3.5041332244873047,0.1667550823718165,obse,cracker_scene1,20,old
825,3.5084421634674072,0.1656950871733231,obse,cracker_scene1,20,old
826,3.51273775100708,0.1656167864288769,obse,cracker_scene1,20,old
827,3.5167324542999268,0.1656167864288769,obse,cracker_scene1,20,old
828,3.5211904048919678,0.16543942762001804,obse,cracker_scene1,20,old
829,3.525296688079834,0.16543942762001804,obse,cracker_scene1,20,old
830,3.5296921730041504,0.1655447866351444,obse,cracker_scene1,20,old
831,3.5336732864379883,0.1655447866351444,obse,cracker_scene1,20,old
832,3.538228750228882,0.1660002902500718,obse,cracker_scene1,20,old
833,3.5422661304473877,0.1660002902500718,obse,cracker_scene1,20,old
834,3.5465877056121826,0.16594657347577757,obse,cracker_scene1,20,old
835,3.5505638122558594,0.16594657347577757,obse,cracker_scene1,20,old
836,3.554983139038086,0.16610039329958126,obse,cracker_scene1,20,old
837,3.5590598583221436,0.16610039329958126,obse,cracker_scene1,20,old
838,3.5636861324310303,0.16524000201340772,obse,cracker_scene1,20,old
839,3.5679640769958496,0.16524000201340772,obse,cracker_scene1,20,old
840,3.5722413063049316,0.16326175766526216,obse,cracker_scene1,20,old
841,3.576357126235962,0.16316211703057557,obse,cracker_scene1,20,old
842,3.580646276473999,0.16314146162915572,obse,cracker_scene1,20,old
843,3.5846590995788574,0.16314146162915572,obse,cracker_scene1,20,old
844,3.5886902809143066,0.1633958599968256,obse,cracker_scene1,20,old
845,3.592860698699951,0.16295121442475682,obse,cracker_scene1,20,old
846,3.5972588062286377,0.16295121442475682,obse,cracker_scene1,20,old
847,3.6013896465301514,0.1623163066586485,obse,cracker_scene1,20,old
848,3.605672836303711,0.1623163066586485,obse,cracker_scene1,20,old
849,3.609790563583374,0.1616914926350036,obse,cracker_scene1,20,old
850,3.6140403747558594,0.1616914926350036,obse,cracker_scene1,20,old
851,3.617940902709961,0.1616914926350036,obse,cracker_scene1,20,old
852,3.6219398975372314,0.16135189201344513,obse,cracker_scene1,20,old
853,3.6263275146484375,0.16137537087205756,obse,cracker_scene1,20,old
854,3.630704164505005,0.16068311188956613,obse,cracker_scene1,20,old
855,3.634775400161743,0.16068311188956613,obse,cracker_scene1,20,old
856,3.638855218887329,0.16068311188956613,obse,cracker_scene1,20,old
857,3.6431446075439453,0.16058069853153875,obse,cracker_scene1,20,old
858,3.6475110054016113,0.16058069853153875,obse,cracker_scene1,20,old
859,3.65160870552063,0.16014944356184604,obse,cracker_scene1,20,old
860,3.655820369720459,0.16014944356184604,obse,cracker_scene1,20,old
861,3.6600747108459473,0.1595271276674863,obse,cracker_scene1,20,old
862,3.6643025875091553,0.1595271276674863,obse,cracker_scene1,20,old
863,3.668266773223877,0.15961043432875094,obse,cracker_scene1,20,old
864,3.6730282306671143,0.15826833520119707,obse,cracker_scene1,20,old
865,3.6770644187927246,0.1586216582024079,obse,cracker_scene1,20,old
866,3.6813313961029053,0.1586216582024079,obse,cracker_scene1,20,old
867,3.6853535175323486,0.1586216582024079,obse,cracker_scene1,20,old
868,3.689779281616211,0.15809380774683804,obse,cracker_scene1,20,old
869,3.6941707134246826,0.15793964716125167,obse,cracker_scene1,20,old
870,3.6982972621917725,0.15793964716125167,obse,cracker_scene1,20,old
871,3.7024009227752686,0.15793964716125167,obse,cracker_scene1,20,old
872,3.7067666053771973,0.15830994862142553,obse,cracker_scene1,20,old
873,3.7109806537628174,0.15830994862142553,obse,cracker_scene1,20,old
874,3.7153780460357666,0.15843611461844645,obse,cracker_scene1,20,old
875,3.719587564468384,0.15843611461844645,obse,cracker_scene1,20,old
876,3.7239813804626465,0.17725997982233882,obse,cracker_scene1,20,old
877,3.728304862976074,0.17781403121574318,obse,cracker_scene1,20,old
878,3.7324106693267822,0.17731082441698917,obse,cracker_scene1,20,old
879,3.736299753189087,0.1774263352652559,obse,cracker_scene1,20,old
880,3.7406320571899414,0.17739175820009787,obse,cracker_scene1,20,old
881,3.7447521686553955,0.177076491438647,obse,cracker_scene1,20,old
882,3.7490880489349365,0.17622658931208013,obse,cracker_scene1,20,old
883,3.753204584121704,0.17622658931208013,obse,cracker_scene1,20,old
884,3.757464647293091,0.17631857374468543,obse,cracker_scene1,20,old
885,3.7617456912994385,0.17631857374468543,obse,cracker_scene1,20,old
886,3.7658495903015137,0.17631857374468543,obse,cracker_scene1,20,old
887,3.7698276042938232,0.17600872627414188,obse,cracker_scene1,20,old
888,3.7743823528289795,0.17480823534670686,obse,cracker_scene1,20,old
889,3.778892993927002,0.17479124254119882,obse,cracker_scene1,20,old
890,3.78342342376709,0.17476507911515038,obse,cracker_scene1,20,old
891,3.787931442260742,0.17501262088919345,obse,cracker_scene1,20,old
892,3.7920913696289062,0.17501262088919345,obse,cracker_scene1,20,old
893,3.7966556549072266,0.17358630591206725,obse,cracker_scene1,20,old
894,3.8006536960601807,0.17358630591206725,obse,cracker_scene1,20,old
895,3.805058240890503,0.17345491883832911,obse,cracker_scene1,20,old
896,3.8091602325439453,0.17345491883832911,obse,cracker_scene1,20,old
897,3.8136885166168213,0.1716741418566152,obse,cracker_scene1,20,old
898,3.817667245864868,0.1716741418566152,obse,cracker_scene1,20,old
899,3.821953535079956,0.172047573796668,obse,cracker_scene1,20,old
900,3.8260531425476074,0.172047573796668,obse,cracker_scene1,20,old
901,3.830564022064209,0.17164246921680393,obse,cracker_scene1,20,old
902,3.834540367126465,0.17164246921680393,obse,cracker_scene1,20,old
903,3.838862180709839,0.1721563512814372,obse,cracker_scene1,20,old
904,3.8429183959960938,0.1720872617860313,obse,cracker_scene1,20,old
905,3.8472518920898438,0.1720872617860313,obse,cracker_scene1,20,old
906,3.8515636920928955,0.1724257114820618,obse,cracker_scene1,20,old
907,3.855515480041504,0.1724257114820618,obse,cracker_scene1,20,old
908,3.8600046634674072,0.17180998384924934,obse,cracker_scene1,20,old
909,3.8641209602355957,0.17180998384924934,obse,cracker_scene1,20,old
910,3.8684122562408447,2.0137129939183227,obse,cracker_scene1,20,old
911,3.872685670852661,2.09156658261234,obse,cracker_scene1,20,old
912,3.876870632171631,2.0920872134396022,obse,cracker_scene1,20,old
913,3.881044864654541,2.0920872134396022,obse,cracker_scene1,20,old
914,3.8851113319396973,2.0920872134396022,obse,cracker_scene1,20,old
915,3.889414072036743,2.0928628924677666,obse,cracker_scene1,20,old
916,3.8935532569885254,2.0914758704683996,obse,cracker_scene1,20,old
917,3.8978190422058105,2.091891627992778,obse,cracker_scene1,20,old
918,3.9021220207214355,2.0922358906600067,obse,cracker_scene1,20,old
919,3.906311511993408,2.0922358906600067,obse,cracker_scene1,20,old
920,3.910630941390991,2.092665688351815,obse,cracker_scene1,20,old
921,3.9147772789001465,2.092665688351815,obse,cracker_scene1,20,old
922,3.918985366821289,2.0944976250632896,obse,cracker_scene1,20,old
923,3.923102855682373,2.0944976250632896,obse,cracker_scene1,20,old
924,3.9272711277008057,2.095034549983297,obse,cracker_scene1,20,old
925,3.931539535522461,2.095034549983297,obse,cracker_scene1,20,old
926,3.935776948928833,2.0958298015448156,obse,cracker_scene1,20,old
927,3.939878463745117,2.0958298015448156,obse,cracker_scene1,20,old
928,3.9441921710968018,2.095201488982946,obse,cracker_scene1,20,old
929,3.9484286308288574,2.095201488982946,obse,cracker_scene1,20,old
930,3.9527177810668945,2.0959208754303313,obse,cracker_scene1,20,old
931,3.9568212032318115,2.0959208754303313,obse,cracker_scene1,20,old
932,3.9609830379486084,2.097408080866849,obse,cracker_scene1,20,old
933,3.9651525020599365,2.097408080866849,obse,cracker_scene1,20,old
934,3.9693942070007324,2.096389728325172,obse,cracker_scene1,20,old
935,3.973353385925293,2.096389728325172,obse,cracker_scene1,20,old
936,3.977804183959961,2.0983827201134577,obse,cracker_scene1,20,old
937,3.9819869995117188,2.0983827201134577,obse,cracker_scene1,20,old
938,3.986163854598999,2.099665460094889,obse,cracker_scene1,20,old
939,3.9904215335845947,2.099665460094889,obse,cracker_scene1,20,old
940,3.9948947429656982,2.1002691633253416,obse,cracker_scene1,20,old
941,3.9990057945251465,2.1002691633253416,obse,cracker_scene1,20,old
942,4.003305435180664,2.100891436523373,obse,cracker_scene1,20,old
943,4.007630109786987,2.100891436523373,obse,cracker_scene1,20,old
944,4.011875867843628,2.1010541801306193,obse,cracker_scene1,20,old
945,4.015894174575806,2.1010541801306193,obse,cracker_scene1,20,old
946,4.020101547241211,2.1002376404145613,obse,cracker_scene1,20,old
947,4.024163722991943,2.1002376404145613,obse,cracker_scene1,20,old
948,4.02865195274353,2.1022957990816984,obse,cracker_scene1,20,old
949,4.032646656036377,2.1022957990816984,obse,cracker_scene1,20,old
950,4.036894083023071,2.1023594988332865,obse,cracker_scene1,20,old
951,4.041081428527832,2.102723324893004,obse,cracker_scene1,20,old
952,4.045362949371338,2.1035834190702802,obse,cracker_scene1,20,old
953,4.049411773681641,2.1035834190702802,obse,cracker_scene1,20,old
954,4.053755044937134,2.104348475564392,obse,cracker_scene1,20,old
955,4.057881593704224,2.104348475564392,obse,cracker_scene1,20,old
956,4.062288045883179,2.1053316602767485,obse,cracker_scene1,20,old
957,4.0663230419158936,2.1053316602767485,obse,cracker_scene1,20,old
958,4.070682764053345,2.104359562047688,obse,cracker_scene1,20,old
959,4.0747971534729,2.104359562047688,obse,cracker_scene1,20,old
960,4.079017877578735,2.106116166766938,obse,cracker_scene1,20,old
961,4.083115816116333,2.106116166766938,obse,cracker_scene1,20,old
962,4.087438106536865,2.1061957852292634,obse,cracker_scene1,20,old
963,4.09169864654541,2.106858588451189,obse,cracker_scene1,20,old
964,4.09753942489624,2.1073675706340422,obse,cracker_scene1,20,old
965,4.102288007736206,2.1080590495508,obse,cracker_scene1,20,old
966,4.107074975967407,2.1080590495508,obse,cracker_scene1,20,old
967,4.111584663391113,2.106814525670239,obse,cracker_scene1,20,old
968,4.11590838432312,2.106814525670239,obse,cracker_scene1,20,old
969,4.120305299758911,2.108322917804373,obse,cracker_scene1,20,old
970,4.124457597732544,2.1087343374899676,obse,cracker_scene1,20,old
971,4.128872871398926,2.108981339042736,obse,cracker_scene1,20,old
972,4.132886171340942,2.108981339042736,obse,cracker_scene1,20,old
973,4.137366771697998,2.10974062609288,obse,cracker_scene1,20,old
974,4.141434907913208,2.10974062609288,obse,cracker_scene1,20,old
975,4.145822525024414,2.1105548236234393,obse,cracker_scene1,20,old
976,4.149867296218872,2.1105548236234393,obse,cracker_scene1,20,old
977,4.154177188873291,2.111199427999531,obse,cracker_scene1,20,old
978,4.158108711242676,2.111199427999531,obse,cracker_scene1,20,old
979,4.162486791610718,2.1117386577128547,obse,cracker_scene1,20,old
980,4.166538715362549,2.1117386577128547,obse,cracker_scene1,20,old
981,4.170737981796265,2.1117386577128547,obse,cracker_scene1,20,old
982,4.175241231918335,2.1108413706094913,obse,cracker_scene1,20,old
983,4.179612159729004,2.1127897789073034,obse,cracker_scene1,20,old
984,4.18371319770813,2.1127897789073034,obse,cracker_scene1,20,old
985,4.187947988510132,2.1123036734622334,obse,cracker_scene1,20,old
986,4.192003965377808,2.1123036734622334,obse,cracker_scene1,20,old
987,4.196237087249756,2.1124295020704134,obse,cracker_scene1,20,old
988,4.200303316116333,2.1124295020704134,obse,cracker_scene1,20,old
989,4.204838991165161,2.112703530374505,obse,cracker_scene1,20,old
990,4.208799362182617,2.112703530374505,obse,cracker_scene1,20,old
991,4.213181495666504,2.1132490573066027,obse,cracker_scene1,20,old
992,4.217141628265381,2.1132490573066027,obse,cracker_scene1,20,old
993,4.221344947814941,2.1132490573066027,obse,cracker_scene1,20,old
994,4.225571632385254,2.113976868050621,obse,cracker_scene1,20,old
995,4.2300145626068115,2.114314217779029,obse,cracker_scene1,20,old
996,4.234010457992554,2.114314217779029,obse,cracker_scene1,20,old
997,4.238131284713745,2.116432520349808,obse,cracker_scene1,20,old
998,4.242269992828369,2.116432520349808,obse,cracker_scene1,20,old
999,4.246463060379028,2.1161254507594798,obse,cracker_scene1,20,old
1000,4.250501394271851,2.1161254507594798,obse,cracker_scene1,20,old
1001,4.2546892166137695,2.1152664797088994,obse,cracker_scene1,20,old
1002,4.25865364074707,2.1152664797088994,obse,cracker_scene1,20,old
1003,4.2631871700286865,2.1148634547278853,obse,cracker_scene1,20,old
1004,4.267104864120483,2.1148634547278853,obse,cracker_scene1,20,old
1005,4.271461009979248,2.114857332603325,obse,cracker_scene1,20,old
1006,4.275477647781372,2.114857332603325,obse,cracker_scene1,20,old
1007,4.279763698577881,2.11476365157697,obse,cracker_scene1,20,old
1008,4.283946514129639,2.11476365157697,obse,cracker_scene1,20,old
1009,4.288249254226685,2.1129410037499676,obse,cracker_scene1,20,old
1010,4.292822599411011,2.1129410037499676,obse,cracker_scene1,20,old
1011,4.2971556186676025,2.1144620277584147,obse,cracker_scene1,20,old
1012,4.30151104927063,2.114445530756292,obse,cracker_scene1,20,old
1013,4.305693864822388,2.114445530756292,obse,cracker_scene1,20,old
1014,4.30974006652832,2.114581062457,obse,cracker_scene1,20,old
1015,4.313858509063721,2.114581062457,obse,cracker_scene1,20,old
1016,4.3180201053619385,2.1145777714934635,obse,cracker_scene1,20,old
1017,4.322369575500488,2.1147887599208124,obse,cracker_scene1,20,old
1018,4.326402187347412,2.113471222933467,obse,cracker_scene1,20,old
1019,4.330923795700073,2.1133139923721647,obse,cracker_scene1,20,old
1020,4.3351240158081055,2.1148199818865567,obse,cracker_scene1,20,old
1021,4.33927059173584,2.1148199818865567,obse,cracker_scene1,20,old
1022,4.343394994735718,2.113584597219986,obse,cracker_scene1,20,old
1023,4.3475987911224365,2.113584597219986,obse,cracker_scene1,20,old
1024,4.351739406585693,2.1138130367689856,obse,cracker_scene1,20,old
1025,4.355947017669678,2.1152503038764863,obse,cracker_scene1,20,old
1026,4.360080718994141,2.1134957389928264,obse,cracker_scene1,20,old
1027,4.364272356033325,2.1134957389928264,obse,cracker_scene1,20,old
1028,4.368326425552368,2.1146569814042664,obse,cracker_scene1,20,old
1029,4.372673988342285,2.1146569814042664,obse,cracker_scene1,20,old
1030,4.376802444458008,2.113156320007315,obse,cracker_scene1,20,old
1031,4.38105034828186,2.1130281807201845,obse,cracker_scene1,20,old
1032,4.3853514194488525,2.1143114059481123,obse,cracker_scene1,20,old
1033,4.389426946640015,2.1143114059481123,obse,cracker_scene1,20,old
1034,4.393637657165527,2.113332483003882,obse,cracker_scene1,20,old
1035,4.397705554962158,2.113332483003882,obse,cracker_scene1,20,old
1036,4.4017674922943115,2.1148061584488342,obse,cracker_scene1,20,old
1037,4.406124591827393,2.1148272111117477,obse,cracker_scene1,20,old
1038,4.410185813903809,2.114893211322232,obse,cracker_scene1,20,old
1039,4.414370775222778,2.114893211322232,obse,cracker_scene1,20,old
1040,4.4183125495910645,2.114893211322232,obse,cracker_scene1,20,old
1041,4.422495365142822,2.1134218587702236,obse,cracker_scene1,20,old
1042,4.426858186721802,2.1133822861714338,obse,cracker_scene1,20,old
1043,4.430999517440796,2.1133822861714338,obse,cracker_scene1,20,old
1044,4.43511176109314,2.1151043965900564,obse,cracker_scene1,20,old
1045,4.4392735958099365,2.1151043965900564,obse,cracker_scene1,20,old
1046,4.44351053237915,2.1152348709323503,obse,cracker_scene1,20,old
1047,4.447638511657715,2.1152348709323503,obse,cracker_scene1,20,old
1048,4.4518702030181885,2.1151989341271333,obse,cracker_scene1,20,old
1049,4.45601487159729,2.1151989341271333,obse,cracker_scene1,20,old
1050,4.460211277008057,2.1151989341271333,obse,cracker_scene1,20,old
1051,4.464538097381592,2.1150172220586114,obse,cracker_scene1,20,old
1052,4.468621253967285,2.1150172220586114,obse,cracker_scene1,20,old
1053,4.472825050354004,2.1146299680727756,obse,cracker_scene1,20,old
1054,4.476998805999756,2.1146299680727756,obse,cracker_scene1,20,old
1055,4.481212377548218,2.1128463629996777,obse,cracker_scene1,20,old
1056,4.485278129577637,2.1128463629996777,obse,cracker_scene1,20,old
1057,4.489778757095337,2.1127065793719044,obse,cracker_scene1,20,old
1058,4.4939727783203125,2.1127065793719044,obse,cracker_scene1,20,old
1059,4.498354196548462,2.114075696958132,obse,cracker_scene1,20,old
1060,4.502425909042358,2.114075696958132,obse,cracker_scene1,20,old
1061,4.50648307800293,2.114084897278052,obse,cracker_scene1,20,old
1062,4.510716438293457,2.1140267511503783,obse,cracker_scene1,20,old
1063,4.514874696731567,2.1140257561030973,obse,cracker_scene1,20,old
1064,4.519029378890991,2.1139995676161396,obse,cracker_scene1,20,old
1065,4.523261308670044,2.113967911515524,obse,cracker_scene1,20,old
1066,4.527499437332153,2.113967911515524,obse,cracker_scene1,20,old
1067,4.531675100326538,2.112717122989717,obse,cracker_scene1,20,old
1068,4.535961389541626,2.112907707306616,obse,cracker_scene1,20,old
1069,4.5399675369262695,2.112802342943227,obse,cracker_scene1,20,old
1070,4.544308423995972,2.112315185846133,obse,cracker_scene1,20,old
1071,4.548314094543457,2.112315185846133,obse,cracker_scene1,20,old
1072,4.552377223968506,2.113576922423502,obse,cracker_scene1,20,old
1073,4.556649923324585,2.113576922423502,obse,cracker_scene1,20,old
1074,4.560983180999756,2.1136370650301917,obse,cracker_scene1,20,old
1075,4.565058708190918,2.1136370650301917,obse,cracker_scene1,20,old
1076,4.569250583648682,2.1137401661375055,obse,cracker_scene1,20,old
1077,4.573346138000488,2.1137401661375055,obse,cracker_scene1,20,old
1078,4.57771110534668,2.1133645225860613,obse,cracker_scene1,20,old
1079,4.5821614265441895,2.1132837893479266,obse,cracker_scene1,20,old
1080,4.586622476577759,2.113154197537857,obse,cracker_scene1,20,old
1081,4.59082818031311,2.113154197537857,obse,cracker_scene1,20,old
1082,4.5952136516571045,2.113128621004982,obse,cracker_scene1,20,old
1083,4.599244594573975,2.113128621004982,obse,cracker_scene1,20,old
1084,4.6035051345825195,2.1131070805062704,obse,cracker_scene1,20,old
1085,4.6075568199157715,2.1131070805062704,obse,cracker_scene1,20,old
1086,4.611763954162598,2.1132382745334928,obse,cracker_scene1,20,old
1087,4.615870952606201,2.1132382745334928,obse,cracker_scene1,20,old
1088,4.620008707046509,2.1129895519565283,obse,cracker_scene1,20,old
1089,4.624161243438721,2.1129895519565283,obse,cracker_scene1,20,old
1090,4.628553152084351,2.111748959745607,obse,cracker_scene1,20,old
1091,4.6326682567596436,2.111748959745607,obse,cracker_scene1,20,old
1092,4.636889219284058,2.1131174856063195,obse,cracker_scene1,20,old
1093,4.640825986862183,2.1131174856063195,obse,cracker_scene1,20,old
1094,4.6451733112335205,2.1126732478556587,obse,cracker_scene1,20,old
1095,4.649307489395142,2.1126732478556587,obse,cracker_scene1,20,old
1096,4.6538403034210205,2.1125639678972012,obse,cracker_scene1,20,old
1097,4.6579015254974365,2.1125639678972012,obse,cracker_scene1,20,old
1098,4.662247657775879,2.1120128690168167,obse,cracker_scene1,20,old
1099,4.66639256477356,2.112138021869285,obse,cracker_scene1,20,old
1100,4.670614242553711,2.11104313608364,obse,cracker_scene1,20,old
1101,4.674728631973267,2.11104313608364,obse,cracker_scene1,20,old
1102,4.6789937019348145,2.1124982583754814,obse,cracker_scene1,20,old
1103,4.6830620765686035,2.1124982583754814,obse,cracker_scene1,20,old
1104,4.687222719192505,2.1109922142664184,obse,cracker_scene1,20,old
1105,4.691289663314819,2.1109922142664184,obse,cracker_scene1,20,old
1106,4.695589780807495,2.110960915847742,obse,cracker_scene1,20,old
1107,4.699603080749512,2.110960915847742,obse,cracker_scene1,20,old
1108,4.703938007354736,2.112410326181495,obse,cracker_scene1,20,old
1109,4.7079081535339355,2.112410326181495,obse,cracker_scene1,20,old
1110,4.712122678756714,2.112436205405804,obse,cracker_scene1,20,old
1111,4.716133117675781,2.112436205405804,obse,cracker_scene1,20,old
1112,4.720264673233032,2.1124929334641207,obse,cracker_scene1,20,old
1113,4.724399089813232,2.1124929334641207,obse,cracker_scene1,20,old
1114,4.7288806438446045,2.112565249248358,obse,cracker_scene1,20,old
1115,4.732846975326538,2.112565249248358,obse,cracker_scene1,20,old
1116,4.737016201019287,2.1125671919935343,obse,cracker_scene1,20,old
1117,4.741066932678223,2.1125671919935343,obse,cracker_scene1,20,old
1118,4.745368003845215,2.112521097348309,obse,cracker_scene1,20,old
1119,4.74932599067688,2.112521097348309,obse,cracker_scene1,20,old
1120,4.7535364627838135,2.1137509385575104,obse,cracker_scene1,20,old
1121,4.757606744766235,2.1137509385575104,obse,cracker_scene1,20,old
1122,4.761504411697388,2.1137509385575104,obse,cracker_scene1,20,old
1123,4.766049861907959,2.113680620964023,obse,cracker_scene1,20,old
1124,4.77036190032959,2.113497222027344,obse,cracker_scene1,20,old
1125,4.774408340454102,2.113497222027344,obse,cracker_scene1,20,old
1126,4.77872633934021,2.113580473723064,obse,cracker_scene1,20,old
1127,4.782879114151001,2.113580473723064,obse,cracker_scene1,20,old
1128,4.787013292312622,2.1132759479625314,obse,cracker_scene1,20,old
1129,4.791091203689575,2.1120005921261056,obse,cracker_scene1,20,old
1130,4.795569181442261,2.113361532425688,obse,cracker_scene1,20,old
1131,4.799599885940552,2.113361532425688,obse,cracker_scene1,20,old
1132,4.803907871246338,2.1133008141860747,obse,cracker_scene1,20,old
1133,4.807964563369751,2.1133008141860747,obse,cracker_scene1,20,old
1134,4.812448024749756,2.112987445102947,obse,cracker_scene1,20,old
1135,4.816609859466553,2.112987445102947,obse,cracker_scene1,20,old
1136,4.820475339889526,2.112987445102947,obse,cracker_scene1,20,old
1137,4.824722766876221,2.1128926174732072,obse,cracker_scene1,20,old
1138,4.828757286071777,2.1128926174732072,obse,cracker_scene1,20,old
1139,4.832988262176514,2.1128061235834226,obse,cracker_scene1,20,old
1140,4.83731484413147,2.1126687780184232,obse,cracker_scene1,20,old
1141,4.841665506362915,2.1128243717970454,obse,cracker_scene1,20,old
1142,4.8458991050720215,2.1128243717970454,obse,cracker_scene1,20,old
1143,4.85005259513855,2.112674293510402,obse,cracker_scene1,20,old
1144,4.8542320728302,2.112674293510402,obse,cracker_scene1,20,old
1145,4.858468770980835,2.112783146354621,obse,cracker_scene1,20,old
1146,4.862640380859375,2.112783146354621,obse,cracker_scene1,20,old
1147,4.866887331008911,2.1129263344497566,obse,cracker_scene1,20,old
1148,4.871022462844849,2.1129263344497566,obse,cracker_scene1,20,old
1149,4.8752524852752686,2.1114060299166537,obse,cracker_scene1,20,old
1150,4.879444360733032,2.1114060299166537,obse,cracker_scene1,20,old
1151,4.8833534717559814,2.1114060299166537,obse,cracker_scene1,20,old
1152,4.887662649154663,2.1129893649719103,obse,cracker_scene1,20,old
1153,4.891805171966553,2.1130083425320043,obse,cracker_scene1,20,old
1154,4.895759344100952,2.1130083425320043,obse,cracker_scene1,20,old
1155,4.8999316692352295,2.1130083425320043,obse,cracker_scene1,20,old
1156,4.904111862182617,2.11118438185344,obse,cracker_scene1,20,old
1157,4.908233404159546,2.11118438185344,obse,cracker_scene1,20,old
1158,4.912279367446899,2.112621456956644,obse,cracker_scene1,20,old
1159,4.916453838348389,2.1128004948116246,obse,cracker_scene1,20,old
1160,4.920606851577759,2.1127807536080674,obse,cracker_scene1,20,old
1161,4.924940347671509,2.1127807536080674,obse,cracker_scene1,20,old
1162,4.928965091705322,2.1127807536080674,obse,cracker_scene1,20,old
1163,4.933322429656982,2.1112048611262955,obse,cracker_scene1,20,old
1164,4.937302350997925,2.1112048611262955,obse,cracker_scene1,20,old
1165,4.941559076309204,2.110903487623868,obse,cracker_scene1,20,old
1166,4.945677042007446,2.110903487623868,obse,cracker_scene1,20,old
1167,4.9499547481536865,2.111188983592597,obse,cracker_scene1,20,old
1168,4.9539525508880615,2.111188983592597,obse,cracker_scene1,20,old
1169,4.958256959915161,2.1127591625450384,obse,cracker_scene1,20,old
1170,4.962767124176025,2.1127591625450384,obse,cracker_scene1,20,old
1171,4.967118978500366,2.1127896967948088,obse,cracker_scene1,20,old
1172,4.971109867095947,2.1127896967948088,obse,cracker_scene1,20,old
1173,4.975598573684692,2.1128191428446446,obse,cracker_scene1,20,old
1174,4.98009467124939,2.1116720436591008,obse,cracker_scene1,20,old
1175,4.9848551750183105,2.113197485957305,obse,cracker_scene1,20,old
1176,4.989306688308716,2.1116861884095828,obse,cracker_scene1,20,old
1177,4.993899345397949,2.111695118425029,obse,cracker_scene1,20,old
1178,4.998332500457764,2.111695118425029,obse,cracker_scene1,20,old
1179,5.002928972244263,2.1130463581807284,obse,cracker_scene1,20,old
1180,5.0069708824157715,2.1130463581807284,obse,cracker_scene1,20,old
1181,5.011556148529053,2.1115800583543596,obse,cracker_scene1,20,old
1182,5.015644311904907,2.1115800583543596,obse,cracker_scene1,20,old
1183,5.020073652267456,2.1115757968686433,obse,cracker_scene1,20,old
1184,5.024126052856445,2.1115757968686433,obse,cracker_scene1,20,old
1185,5.0286641120910645,2.111441993782141,obse,cracker_scene1,20,old
1186,5.032693862915039,2.111441993782141,obse,cracker_scene1,20,old
1187,5.037167549133301,2.1128127541835733,obse,cracker_scene1,20,old
1188,5.041232109069824,2.1128127541835733,obse,cracker_scene1,20,old
1189,5.04558801651001,2.112943589354254,obse,cracker_scene1,20,old
1190,5.04950475692749,2.112943589354254,obse,cracker_scene1,20,old
1191,5.053533315658569,2.113047413593259,obse,cracker_scene1,20,old
1192,5.057634592056274,2.113047413593259,obse,cracker_scene1,20,old
1193,5.061975002288818,2.1114068182219583,obse,cracker_scene1,20,old
1194,5.065992593765259,2.1114068182219583,obse,cracker_scene1,20,old
1195,5.07017707824707,2.1128213394338697,obse,cracker_scene1,20,old
1196,5.074000358581543,2.1128213394338697,obse,cracker_scene1,20,old
1197,5.078205823898315,2.1128213394338697,obse,cracker_scene1,20,old
1198,5.082151889801025,2.1127427028370978,obse,cracker_scene1,20,old
1199,5.086153745651245,2.1127427028370978,obse,cracker_scene1,20,old
1200,5.090677261352539,2.112358963105806,obse,cracker_scene1,20,old
1201,5.09493613243103,2.110714659753043,obse,cracker_scene1,20,old
1202,5.098866939544678,2.110714659753043,obse,cracker_scene1,20,old
1203,5.103078603744507,2.1104586174312114,obse,cracker_scene1,20,old
1204,5.107057571411133,2.1104586174312114,obse,cracker_scene1,20,old
1205,5.111241817474365,2.110441954548447,obse,cracker_scene1,20,old
1206,5.11575174331665,2.11059594863422,obse,cracker_scene1,20,old
1207,5.1199939250946045,2.1120577631447874,obse,cracker_scene1,20,old
1208,5.124059677124023,2.1120577631447874,obse,cracker_scene1,20,old
1209,5.128551006317139,2.1116292735637963,obse,cracker_scene1,20,old
1210,5.132636547088623,2.1116292735637963,obse,cracker_scene1,20,old
1211,5.137219667434692,2.1100721257607944,obse,cracker_scene1,20,old
1212,5.141178846359253,2.1100721257607944,obse,cracker_scene1,20,old
1213,5.145369291305542,2.1116341235278258,obse,cracker_scene1,20,old
1214,5.149420261383057,2.1116341235278258,obse,cracker_scene1,20,old
1215,5.153577089309692,2.110298656832674,obse,cracker_scene1,20,old
1216,5.157638788223267,2.110298656832674,obse,cracker_scene1,20,old
1217,5.161929130554199,2.1117951873722474,obse,cracker_scene1,20,old
1218,5.16610312461853,2.1117951873722474,obse,cracker_scene1,20,old
1219,5.170411586761475,2.1118342262233236,obse,cracker_scene1,20,old
1220,5.174317359924316,2.1118342262233236,obse,cracker_scene1,20,old
1221,5.178954839706421,2.110305799708951,obse,cracker_scene1,20,old
1222,5.1828413009643555,2.110305799708951,obse,cracker_scene1,20,old
1223,5.1871068477630615,2.1117959037491207,obse,cracker_scene1,20,old
1224,5.191088676452637,2.1117959037491207,obse,cracker_scene1,20,old
1225,5.195481777191162,2.110492901256177,obse,cracker_scene1,20,old
1226,5.199413061141968,2.110492901256177,obse,cracker_scene1,20,old
1227,5.203492641448975,2.111869152803229,obse,cracker_scene1,20,old
1228,5.207428455352783,2.111869152803229,obse,cracker_scene1,20,old
1229,5.211580991744995,2.110640871686619,obse,cracker_scene1,20,old
1230,5.215486526489258,2.110640871686619,obse,cracker_scene1,20,old
1231,5.219544410705566,2.112067781902595,obse,cracker_scene1,20,old
1232,5.22343897819519,2.112067781902595,obse,cracker_scene1,20,old
1233,5.227973937988281,2.1120973894855988,obse,cracker_scene1,20,old
1234,5.232070684432983,2.11191114564883,obse,cracker_scene1,20,old
1235,5.236291408538818,2.1118559718800824,obse,cracker_scene1,20,old
1236,5.240517854690552,2.1122466755726084,obse,cracker_scene1,20,old
1237,5.244642496109009,2.1106614476077015,obse,cracker_scene1,20,old
1238,5.248768329620361,2.1106614476077015,obse,cracker_scene1,20,old
1239,5.252943515777588,2.1119160129462733,obse,cracker_scene1,20,old
1240,5.2578675746917725,2.1119160129462733,obse,cracker_scene1,20,old
1241,5.262199401855469,2.11190452628483,obse,cracker_scene1,20,old
1242,5.266317129135132,2.11190452628483,obse,cracker_scene1,20,old
1243,5.270605087280273,2.1100287477186193,obse,cracker_scene1,20,old
1244,5.274712562561035,2.1100287477186193,obse,cracker_scene1,20,old
1245,5.279222726821899,2.111663806828835,obse,cracker_scene1,20,old
1246,5.283244609832764,2.111663806828835,obse,cracker_scene1,20,old
1247,5.288461208343506,2.1117595212282794,obse,cracker_scene1,20,old
1248,5.292991638183594,2.110266414296577,obse,cracker_scene1,20,old
1249,5.297301769256592,2.110428073968719,obse,cracker_scene1,20,old
1250,5.301527738571167,2.1119726517403787,obse,cracker_scene1,20,old
1251,5.305956125259399,2.1119726517403787,obse,cracker_scene1,20,old
1252,5.3099939823150635,2.110667428388229,obse,cracker_scene1,20,old
1253,5.314214468002319,2.110667428388229,obse,cracker_scene1,20,old
1254,5.3183677196502686,2.1122823209850248,obse,cracker_scene1,20,old
1255,5.322465419769287,2.1122823209850248,obse,cracker_scene1,20,old
1256,5.326391935348511,2.1122823209850248,obse,cracker_scene1,20,old
1257,5.330725908279419,2.1118524009607187,obse,cracker_scene1,20,old
1258,5.334701776504517,2.1118524009607187,obse,cracker_scene1,20,old
1259,5.338975429534912,2.111794983201272,obse,cracker_scene1,20,old
1260,5.343095064163208,2.11164844404669,obse,cracker_scene1,20,old
1261,5.347450494766235,2.1116874306648468,obse,cracker_scene1,20,old
1262,5.3514931201934814,2.111479376662424,obse,cracker_scene1,20,old
1263,5.355654716491699,2.111431489674251,obse,cracker_scene1,20,old
1264,5.359735012054443,2.111449306735542,obse,cracker_scene1,20,old
1265,5.36398458480835,2.1112867346583997,obse,cracker_scene1,20,old
1266,5.368036270141602,2.1115957249381614,obse,cracker_scene1,20,old
1267,5.372213125228882,2.1115957249381614,obse,cracker_scene1,20,old
1268,5.376227140426636,2.1115641273293138,obse,cracker_scene1,20,old
1269,5.3804357051849365,2.1110372612523634,obse,cracker_scene1,20,old
1270,5.3845484256744385,2.1112826711148696,obse,cracker_scene1,20,old
1271,5.388793468475342,2.1112826711148696,obse,cracker_scene1,20,old
1272,5.392988204956055,2.1109417128075014,obse,cracker_scene1,20,old
1273,5.397184610366821,2.1109417128075014,obse,cracker_scene1,20,old
1274,5.401133060455322,2.110952751087959,obse,cracker_scene1,20,old
1275,5.4053308963775635,2.1109348550224354,obse,cracker_scene1,20,old
1276,5.4095025062561035,2.1109348550224354,obse,cracker_scene1,20,old
1277,5.413538694381714,2.109681455877709,obse,cracker_scene1,20,old
1278,5.4176671504974365,2.109681455877709,obse,cracker_scene1,20,old
1279,5.421945571899414,2.109397796805509,obse,cracker_scene1,20,old
1280,5.42609429359436,2.1106963751555634,obse,cracker_scene1,20,old
1281,5.4304893016815186,2.1106963751555634,obse,cracker_scene1,20,old
1282,5.434509515762329,2.1106963751555634,obse,cracker_scene1,20,old
1283,5.438910007476807,2.1104618972757274,obse,cracker_scene1,20,old
1284,5.443006277084351,2.1104961261908857,obse,cracker_scene1,20,old
1285,5.447569847106934,2.1104428864410405,obse,cracker_scene1,20,old
1286,5.451653480529785,2.1090198962153535,obse,cracker_scene1,20,old
1287,5.455887079238892,2.1090617769202913,obse,cracker_scene1,20,old
1288,5.460109710693359,2.109095436276845,obse,cracker_scene1,20,old
1289,5.464328289031982,2.109095436276845,obse,cracker_scene1,20,old
1290,5.468476295471191,2.1090473862934775,obse,cracker_scene1,20,old
1291,5.4726903438568115,2.1091420567051413,obse,cracker_scene1,20,old
1292,5.476862907409668,2.1108301434900696,obse,cracker_scene1,20,old
1293,5.481010913848877,2.1108301434900696,obse,cracker_scene1,20,old
1294,5.48508095741272,2.1108759440224505,obse,cracker_scene1,20,old
1295,5.489329814910889,2.1108759440224505,obse,cracker_scene1,20,old
1296,5.493362665176392,2.11071287115762,obse,cracker_scene1,20,old
1297,5.497808218002319,2.11071287115762,obse,cracker_scene1,20,old
1298,5.501776218414307,2.110777459822578,obse,cracker_scene1,20,old
1299,5.505951642990112,2.1109439928498466,obse,cracker_scene1,20,old
1300,5.5101165771484375,2.1107106199669,obse,cracker_scene1,20,old
1301,5.514035940170288,2.1107106199669,obse,cracker_scene1,20,old
1302,5.518121719360352,2.110597836935752,obse,cracker_scene1,20,old
1303,5.5221428871154785,2.1104086203048986,obse,cracker_scene1,20,old
1304,5.526314735412598,2.1105331597305117,obse,cracker_scene1,20,old
1305,5.530616760253906,2.1105331597305117,obse,cracker_scene1,20,old
1306,5.534566164016724,2.1105331597305117,obse,cracker_scene1,20,old
1307,5.538982629776001,2.1091999472086,obse,cracker_scene1,20,old
1308,5.543025732040405,2.1091999472086,obse,cracker_scene1,20,old
1309,5.547411680221558,2.11075706160804,obse,cracker_scene1,20,old
1310,5.551437854766846,2.1108738794643296,obse,cracker_scene1,20,old
1311,5.555640935897827,2.1108738794643296,obse,cracker_scene1,20,old
1312,5.559795141220093,2.110829948126523,obse,cracker_scene1,20,old
1313,5.564041614532471,2.110829948126523,obse,cracker_scene1,20,old
1314,5.568250417709351,2.110959417472519,obse,cracker_scene1,20,old
1315,5.5725672245025635,2.110977662498313,obse,cracker_scene1,20,old
1316,5.576687574386597,2.1110119410696155,obse,cracker_scene1,20,old
1317,5.581087827682495,2.1110119410696155,obse,cracker_scene1,20,old
1318,5.585154294967651,2.1111211722833447,obse,cracker_scene1,20,old
1319,5.5891523361206055,2.1111211722833447,obse,cracker_scene1,20,old
1320,5.593445539474487,2.109664159218017,obse,cracker_scene1,20,old
1321,5.597772598266602,2.11118402722128,obse,cracker_scene1,20,old
1322,5.60196852684021,2.1108674817241413,obse,cracker_scene1,20,old
1323,5.607378244400024,2.1108674817241413,obse,cracker_scene1,20,old
1324,5.611738443374634,2.109356991969209,obse,cracker_scene1,20,old
1325,5.615798711776733,2.109356991969209,obse,cracker_scene1,20,old
1326,5.619784355163574,2.109356991969209,obse,cracker_scene1,20,old
1327,5.623937606811523,2.109350563699004,obse,cracker_scene1,20,old
1328,5.628190040588379,2.109350563699004,obse,cracker_scene1,20,old
1329,5.632379531860352,2.109427853215654,obse,cracker_scene1,20,old
1330,5.636824607849121,2.1109047859416856,obse,cracker_scene1,20,old
1331,5.6408631801605225,2.1108789280181,obse,cracker_scene1,20,old
1332,5.645138740539551,2.11089297042507,obse,cracker_scene1,20,old
1333,5.649433135986328,2.110788709268614,obse,cracker_scene1,20,old
1334,5.653527021408081,2.110788709268614,obse,cracker_scene1,20,old
1335,5.657734394073486,2.108974652196893,obse,cracker_scene1,20,old
1336,5.6619346141815186,2.108974652196893,obse,cracker_scene1,20,old
1337,5.666023015975952,2.1103569490896135,obse,cracker_scene1,20,old
1338,5.670154571533203,2.1103569490896135,obse,cracker_scene1,20,old
1339,5.674118280410767,2.1103569490896135,obse,cracker_scene1,20,old
1340,5.678419589996338,2.110780324557088,obse,cracker_scene1,20,old
1341,5.682635545730591,2.110340460381404,obse,cracker_scene1,20,old
1342,5.6866774559021,2.110340460381404,obse,cracker_scene1,20,old
1343,5.690882205963135,2.108672914262809,obse,cracker_scene1,20,old
1344,5.6950523853302,2.108672914262809,obse,cracker_scene1,20,old
1345,5.69941782951355,2.110023226074696,obse,cracker_scene1,20,old
1346,5.703511476516724,2.110023226074696,obse,cracker_scene1,20,old
1347,5.707795143127441,2.11002166803456,obse,cracker_scene1,20,old
1348,5.712011098861694,2.110002518807697,obse,cracker_scene1,20,old
1349,5.715971231460571,2.110002518807697,obse,cracker_scene1,20,old
1350,5.720061540603638,2.110002518807697,obse,cracker_scene1,20,old
1351,5.724383115768433,2.11016695198077,obse,cracker_scene1,20,old
1352,5.7284767627716064,2.11016695198077,obse,cracker_scene1,20,old
1353,5.733001947402954,2.110234914285912,obse,cracker_scene1,20,old
1354,5.737447261810303,2.110234914285912,obse,cracker_scene1,20,old
1355,5.7415971755981445,2.110273141508297,obse,cracker_scene1,20,old
1356,5.74620246887207,2.1102735291841155,obse,cracker_scene1,20,old
1357,5.750535726547241,2.11018215955977,obse,cracker_scene1,20,old
1358,5.7549004554748535,2.11018215955977,obse,cracker_scene1,20,old
1359,5.759260654449463,2.109910769399516,obse,cracker_scene1,20,old
1360,5.7634382247924805,2.109910769399516,obse,cracker_scene1,20,old
1361,5.767944574356079,2.109914139855034,obse,cracker_scene1,20,old
1362,5.772112131118774,2.109914139855034,obse,cracker_scene1,20,old
1363,5.7763237953186035,2.1101154615682765,obse,cracker_scene1,20,old
1364,5.780773878097534,2.1097989231097074,obse,cracker_scene1,20,old
1365,5.785110235214233,2.108454820175716,obse,cracker_scene1,20,old
1366,5.789567947387695,2.1098884328831415,obse,cracker_scene1,20,old
1367,5.793591022491455,2.1098884328831415,obse,cracker_scene1,20,old
1368,5.79752516746521,2.1098884328831415,obse,cracker_scene1,20,old
1369,5.802155017852783,2.1103384330117647,obse,cracker_scene1,20,old
1370,5.8061683177948,2.1103384330117647,obse,cracker_scene1,20,old
1371,5.810667514801025,2.1104009809740782,obse,cracker_scene1,20,old
1372,5.8147430419921875,2.1104009809740782,obse,cracker_scene1,20,old
1373,5.819067716598511,2.1104440862133087,obse,cracker_scene1,20,old
1374,5.823249816894531,2.1104440862133087,obse,cracker_scene1,20,old
1375,5.827495098114014,2.1104317840913076,obse,cracker_scene1,20,old
1376,5.8316755294799805,2.1104317840913076,obse,cracker_scene1,20,old
1377,5.835761547088623,2.11060415092902,obse,cracker_scene1,20,old
1378,5.840005874633789,2.11060415092902,obse,cracker_scene1,20,old
1379,5.844162702560425,2.110785271306831,obse,cracker_scene1,20,old
1380,5.848260879516602,2.110785271306831,obse,cracker_scene1,20,old
1381,5.852547883987427,2.1105408784247945,obse,cracker_scene1,20,old
1382,5.856692552566528,2.1105408784247945,obse,cracker_scene1,20,old
1383,5.860908508300781,2.109061646989514,obse,cracker_scene1,20,old
1384,5.865216493606567,2.1088495954466167,obse,cracker_scene1,20,old
1385,5.869390249252319,2.1100643052639576,obse,cracker_scene1,20,old
1386,5.873471975326538,2.1100643052639576,obse,cracker_scene1,20,old
1387,5.8777172565460205,2.1099271635157884,obse,cracker_scene1,20,old
1388,5.8818089962005615,2.1099271635157884,obse,cracker_scene1,20,old
1389,5.8860557079315186,2.109920496887037,obse,cracker_scene1,20,old
1390,5.890218019485474,2.109964268869142,obse,cracker_scene1,20,old
1391,5.894678831100464,2.109991988910691,obse,cracker_scene1,20,old
1392,5.898776292800903,2.109991988910691,obse,cracker_scene1,20,old
1393,5.903105735778809,2.110043961780418,obse,cracker_scene1,20,old
1394,5.907201528549194,2.110043961780418,obse,cracker_scene1,20,old
1395,5.91171407699585,2.1103037441375516,obse,cracker_scene1,20,old
1396,5.915773630142212,2.1103037441375516,obse,cracker_scene1,20,old
1397,5.920192241668701,2.108975154667604,obse,cracker_scene1,20,old
1398,5.92430305480957,2.108975154667604,obse,cracker_scene1,20,old
1399,5.928858041763306,2.109993021947555,obse,cracker_scene1,20,old
1400,5.9331443309783936,2.109993021947555,obse,cracker_scene1,20,old
1401,5.93750786781311,2.108907053245498,obse,cracker_scene1,20,old
1402,5.941494464874268,2.108907053245498,obse,cracker_scene1,20,old
1403,5.945870399475098,2.1100131830421915,obse,cracker_scene1,20,old
1404,5.949846267700195,2.1100131830421915,obse,cracker_scene1,20,old
1405,5.954470634460449,2.109876333170205,obse,cracker_scene1,20,old
1406,5.9585185050964355,2.109876333170205,obse,cracker_scene1,20,old
1407,5.962941646575928,2.1096586276743974,obse,cracker_scene1,20,old
1408,5.966914176940918,2.1096586276743974,obse,cracker_scene1,20,old
1409,5.971378326416016,2.1095898538585782,obse,cracker_scene1,20,old
1410,5.9753196239471436,2.1095898538585782,obse,cracker_scene1,20,old
1411,5.979610204696655,2.1091921293198945,obse,cracker_scene1,20,old
1412,5.983566761016846,2.1091921293198945,obse,cracker_scene1,20,old
1413,5.987873077392578,2.109010190170623,obse,cracker_scene1,20,old
1414,5.992207765579224,2.109010190170623,obse,cracker_scene1,20,old
1415,5.996540546417236,2.1091225911622438,obse,cracker_scene1,20,old
1416,6.000594615936279,2.1091225911622438,obse,cracker_scene1,20,old
1417,6.004933595657349,2.1090856122019597,obse,cracker_scene1,20,old
1418,6.008869409561157,2.1090856122019597,obse,cracker_scene1,20,old
1419,6.013158321380615,2.109398594891199,obse,cracker_scene1,20,old
1420,6.017210245132446,2.109398594891199,obse,cracker_scene1,20,old
1421,6.021345376968384,2.1094184463305083,obse,cracker_scene1,20,old
1422,6.025392532348633,2.1094184463305083,obse,cracker_scene1,20,old
1423,6.029787063598633,2.10811741751679,obse,cracker_scene1,20,old
1424,6.033811092376709,2.10811741751679,obse,cracker_scene1,20,old
1425,6.038169860839844,2.109591033264681,obse,cracker_scene1,20,old
1426,6.042323112487793,2.109591033264681,obse,cracker_scene1,20,old
1427,6.046522378921509,2.109653549587689,obse,cracker_scene1,20,old
1428,6.050706386566162,2.109653549587689,obse,cracker_scene1,20,old
1429,6.055025577545166,2.1079233084047644,obse,cracker_scene1,20,old
1430,6.059406757354736,2.1079233084047644,obse,cracker_scene1,20,old
1431,6.063904762268066,2.1093009020315074,obse,cracker_scene1,20,old
1432,6.067873954772949,2.1093009020315074,obse,cracker_scene1,20,old
1433,6.072577953338623,2.1080756544953756,obse,cracker_scene1,20,old
1434,6.076835870742798,2.1080756544953756,obse,cracker_scene1,20,old
1435,6.080921411514282,2.1080756544953756,obse,cracker_scene1,20,old
1436,6.085397243499756,2.107962291809055,obse,cracker_scene1,20,old
1437,6.089648485183716,2.107962291809055,obse,cracker_scene1,20,old
1438,6.094180583953857,2.1093898722600963,obse,cracker_scene1,20,old
1439,6.098531723022461,2.1092932323524787,obse,cracker_scene1,20,old
1440,6.102526664733887,2.1092932323524787,obse,cracker_scene1,20,old
1441,6.1064536571502686,2.1092932323524787,obse,cracker_scene1,20,old
1442,6.110722303390503,2.109311332400308,obse,cracker_scene1,20,old
1443,6.114705324172974,2.109311332400308,obse,cracker_scene1,20,old
1444,6.1188881397247314,2.1079604760516704,obse,cracker_scene1,20,old
1445,6.123314380645752,2.1079604760516704,obse,cracker_scene1,20,old
1446,6.127628564834595,2.1095090435642234,obse,cracker_scene1,20,old
1447,6.131924629211426,2.109459406394458,obse,cracker_scene1,20,old
1448,6.1360650062561035,2.1094803569427043,obse,cracker_scene1,20,old
1449,6.140460014343262,2.1095804075899176,obse,cracker_scene1,20,old
1450,6.144366502761841,2.1095804075899176,obse,cracker_scene1,20,old
1451,6.14839243888855,2.1095804075899176,obse,cracker_scene1,20,old
1452,6.152828931808472,2.109475938859937,obse,cracker_scene1,20,old
1453,6.1570258140563965,2.1094937599303814,obse,cracker_scene1,20,old
1454,6.161560535430908,2.1094355253652894,obse,cracker_scene1,20,old
1455,6.165687084197998,2.1093816095753404,obse,cracker_scene1,20,old
1456,6.16979193687439,2.1093816095753404,obse,cracker_scene1,20,old
1457,6.173956394195557,2.1093816095753404,obse,cracker_scene1,20,old
1458,6.177990198135376,2.1093125219701125,obse,cracker_scene1,20,old
1459,6.18260383605957,2.1091815756047083,obse,cracker_scene1,20,old
1460,6.187105417251587,2.1091293843020784,obse,cracker_scene1,20,old
1461,6.191423416137695,2.1077000707337588,obse,cracker_scene1,20,old
1462,6.195815563201904,2.1075789138242316,obse,cracker_scene1,20,old
1463,6.1997528076171875,2.1075789138242316,obse,cracker_scene1,20,old
1464,6.204092502593994,2.1090072297802926,obse,cracker_scene1,20,old
1465,6.2080979347229,2.1090072297802926,obse,cracker_scene1,20,old
1466,6.212679386138916,2.108826426838074,obse,cracker_scene1,20,old
1467,6.216705322265625,2.108826426838074,obse,cracker_scene1,20,old
1468,6.2210845947265625,2.108748041247308,obse,cracker_scene1,20,old
1469,6.225240468978882,2.108748041247308,obse,cracker_scene1,20,old
1470,6.2295472621917725,2.1085393579315177,obse,cracker_scene1,20,old
1471,6.233614921569824,2.1085393579315177,obse,cracker_scene1,20,old
1472,6.238003492355347,2.1086480744930647,obse,cracker_scene1,20,old
1473,6.241995096206665,2.1086480744930647,obse,cracker_scene1,20,old
1474,6.246434688568115,2.1087957571060967,obse,cracker_scene1,20,old
1475,6.250479698181152,2.1087957571060967,obse,cracker_scene1,20,old
1476,6.254989147186279,2.10876312673427,obse,cracker_scene1,20,old
1477,6.259189605712891,2.1087091434249006,obse,cracker_scene1,20,old
1478,6.263497352600098,2.1081519773038844,obse,cracker_scene1,20,old
1479,6.267540216445923,2.1081519773038844,obse,cracker_scene1,20,old
1480,6.27208137512207,2.1081564984689036,obse,cracker_scene1,20,old
1481,6.2761149406433105,2.108112642616721,obse,cracker_scene1,20,old
1482,6.280341148376465,2.1080846699231452,obse,cracker_scene1,20,old
1483,6.284497022628784,2.1080846699231452,obse,cracker_scene1,20,old
1484,6.2888875007629395,2.106636182327816,obse,cracker_scene1,20,old
1485,6.293159246444702,2.1086332392113185,obse,cracker_scene1,20,old
1486,6.297460556030273,2.1086332392113185,obse,cracker_scene1,20,old
1487,6.3016557693481445,2.1085506095790842,obse,cracker_scene1,20,old
1488,6.305835962295532,2.1085506095790842,obse,cracker_scene1,20,old
1489,6.310082912445068,2.108488171972433,obse,cracker_scene1,20,old
1490,6.314477443695068,2.108488171972433,obse,cracker_scene1,20,old
1491,6.3187103271484375,2.108733142166911,obse,cracker_scene1,20,old
1492,6.322900772094727,2.108733142166911,obse,cracker_scene1,20,old
1493,6.327497959136963,2.1087195914155803,obse,cracker_scene1,20,old
1494,6.331749439239502,2.1087195914155803,obse,cracker_scene1,20,old
1495,6.336034774780273,2.108935994746173,obse,cracker_scene1,20,old
1496,6.34008526802063,2.108935994746173,obse,cracker_scene1,20,old
1497,6.344383955001831,2.1073983418778663,obse,cracker_scene1,20,old
1498,6.348512649536133,2.1073250115640567,obse,cracker_scene1,20,old
1499,6.352717638015747,2.1086196610799934,obse,cracker_scene1,20,old
1500,6.3568336963653564,2.1086196610799934,obse,cracker_scene1,20,old
1501,6.36125636100769,2.108509243279607,obse,cracker_scene1,20,old
1502,6.365386009216309,2.108509243279607,obse,cracker_scene1,20,old
1503,6.369678974151611,2.1085486722394284,obse,cracker_scene1,20,old
1504,6.373760461807251,2.1085486722394284,obse,cracker_scene1,20,old
1505,6.378035068511963,2.1087444106903144,obse,cracker_scene1,20,old
1506,6.382340431213379,2.1087444106903144,obse,cracker_scene1,20,old
1507,6.386559724807739,2.1075294385463765,obse,cracker_scene1,20,old
1508,6.390694618225098,2.1075294385463765,obse,cracker_scene1,20,old
1509,6.395287275314331,2.1089654073694835,obse,cracker_scene1,20,old
1510,6.399269342422485,2.1089654073694835,obse,cracker_scene1,20,old
1511,6.403625726699829,2.109094438000665,obse,cracker_scene1,20,old
1512,6.4076831340789795,2.109094438000665,obse,cracker_scene1,20,old
1513,6.412003517150879,2.108970355844332,obse,cracker_scene1,20,old
1514,6.4163548946380615,2.108970355844332,obse,cracker_scene1,20,old
1515,6.420637845993042,2.1087899680698534,obse,cracker_scene1,20,old
1516,6.424701452255249,2.1087899680698534,obse,cracker_scene1,20,old
1517,6.4291417598724365,2.1085402674561324,obse,cracker_scene1,20,old
1518,6.433080673217773,2.1085402674561324,obse,cracker_scene1,20,old
1519,6.437554121017456,2.108352445598409,obse,cracker_scene1,20,old
1520,6.441502332687378,2.108352445598409,obse,cracker_scene1,20,old
1521,6.44588303565979,2.1084899762929163,obse,cracker_scene1,20,old
1522,6.449798107147217,2.1084899762929163,obse,cracker_scene1,20,old
1523,6.45399022102356,2.1087322324579016,obse,cracker_scene1,20,old
1524,6.458017826080322,2.1087322324579016,obse,cracker_scene1,20,old
1525,6.462552547454834,2.1086992411235412,obse,cracker_scene1,20,old
1526,6.466601133346558,2.1086992411235412,obse,cracker_scene1,20,old
1527,6.470983982086182,2.108789918015117,obse,cracker_scene1,20,old
1528,6.475087881088257,2.108789918015117,obse,cracker_scene1,20,old
1529,6.47934103012085,2.1086172195332793,obse,cracker_scene1,20,old
1530,6.483495235443115,2.1086172195332793,obse,cracker_scene1,20,old
1531,6.48771858215332,2.1066403092805475,obse,cracker_scene1,20,old
1532,6.491662979125977,2.1066403092805475,obse,cracker_scene1,20,old
1533,6.4958953857421875,2.108001715078089,obse,cracker_scene1,20,old
1534,6.5000104904174805,2.108001715078089,obse,cracker_scene1,20,old
1535,6.5044848918914795,2.1080420100736124,obse,cracker_scene1,20,old
1536,6.5084710121154785,2.1080420100736124,obse,cracker_scene1,20,old
1537,6.513209819793701,2.106772203984966,obse,cracker_scene1,20,old
1538,6.517412900924683,2.106772203984966,obse,cracker_scene1,20,old
1539,6.521806716918945,2.108025767770532,obse,cracker_scene1,20,old
1540,6.526302337646484,2.107786820022449,obse,cracker_scene1,20,old
1541,6.53073787689209,2.107786820022449,obse,cracker_scene1,20,old
1542,6.5349366664886475,2.1076887924060896,obse,cracker_scene1,20,old
1543,6.539319753646851,2.1076887924060896,obse,cracker_scene1,20,old
1544,6.543625116348267,2.1076668787910338,obse,cracker_scene1,20,old
1545,6.547878742218018,2.1076668787910338,obse,cracker_scene1,20,old
1546,6.551931619644165,2.106192668350716,obse,cracker_scene1,20,old
1547,6.556733131408691,2.106524198309047,obse,cracker_scene1,20,old
1548,6.56103253364563,2.10793396247914,obse,cracker_scene1,20,old
1549,6.565460443496704,2.10793396247914,obse,cracker_scene1,20,old
1550,6.569637060165405,2.1080616497117513,obse,cracker_scene1,20,old
1551,6.573856353759766,2.1080616497117513,obse,cracker_scene1,20,old
1552,6.5786309242248535,2.107942040871018,obse,cracker_scene1,20,old
1553,6.582782983779907,2.107942040871018,obse,cracker_scene1,20,old
1554,6.586965799331665,2.1079043125753394,obse,cracker_scene1,20,old
1555,6.591015100479126,2.106677548092758,obse,cracker_scene1,20,old
1556,6.59568977355957,2.1079329765128634,obse,cracker_scene1,20,old
1557,6.599738836288452,2.1079329765128634,obse,cracker_scene1,20,old
1558,6.604119539260864,2.106700623777744,obse,cracker_scene1,20,old
1559,6.608141183853149,2.106700623777744,obse,cracker_scene1,20,old
1560,6.6124889850616455,2.1080271818612095,obse,cracker_scene1,20,old
1561,6.616480827331543,2.1080271818612095,obse,cracker_scene1,20,old
1562,6.620766639709473,2.1067031699928087,obse,cracker_scene1,20,old
1563,6.624839782714844,2.1067031699928087,obse,cracker_scene1,20,old
1564,6.629166603088379,2.106828861131575,obse,cracker_scene1,20,old
1565,6.6333909034729,2.106828861131575,obse,cracker_scene1,20,old
1566,6.637691020965576,2.1065968320874635,obse,cracker_scene1,20,old
1567,6.641621351242065,2.1065968320874635,obse,cracker_scene1,20,old
1568,6.646204233169556,2.108591472369282,obse,cracker_scene1,20,old
1569,6.650279998779297,2.108591472369282,obse,cracker_scene1,20,old
1570,6.654737949371338,2.108685419940567,obse,cracker_scene1,20,old
1571,6.658749580383301,2.108685419940567,obse,cracker_scene1,20,old
1572,6.663183689117432,2.106938147237206,obse,cracker_scene1,20,old
1573,6.667253494262695,2.106938147237206,obse,cracker_scene1,20,old
1574,6.6717987060546875,2.1071129224483958,obse,cracker_scene1,20,old
1575,6.676064491271973,2.108417340746464,obse,cracker_scene1,20,old
1576,6.680418968200684,2.108269265910489,obse,cracker_scene1,20,old
1577,6.684618234634399,2.1080811233823242,obse,cracker_scene1,20,old
1578,6.688727855682373,2.1080811233823242,obse,cracker_scene1,20,old
1579,6.692739486694336,2.1080811233823242,obse,cracker_scene1,20,old
1580,6.69684910774231,2.108177336096836,obse,cracker_scene1,20,old
1581,6.700764417648315,2.108177336096836,obse,cracker_scene1,20,old
1582,6.7049479484558105,2.108492246338515,obse,cracker_scene1,20,old
1583,6.708874702453613,2.108492246338515,obse,cracker_scene1,20,old
1584,6.713326692581177,2.1082407520344413,obse,cracker_scene1,20,old
1585,6.7176353931427,2.108207256424243,obse,cracker_scene1,20,old
1586,6.721892356872559,2.107890105211961,obse,cracker_scene1,20,old
1587,6.726032018661499,2.107890105211961,obse,cracker_scene1,20,old
1588,6.730335474014282,2.1080142338655232,obse,cracker_scene1,20,old
1589,6.734696865081787,2.1080142338655232,obse,cracker_scene1,20,old
1590,6.73932409286499,2.1076491486501947,obse,cracker_scene1,20,old
1591,6.7432732582092285,2.107664568023714,obse,cracker_scene1,20,old
1592,6.747386693954468,2.1073734348088182,obse,cracker_scene1,20,old
1593,6.75157904624939,2.107244924460602,obse,cracker_scene1,20,old
1594,6.7557220458984375,2.107244924460602,obse,cracker_scene1,20,old
1595,6.759973526000977,2.107328366681579,obse,cracker_scene1,20,old
1596,6.764448165893555,2.107328366681579,obse,cracker_scene1,20,old
1597,6.768761396408081,2.1069646214360143,obse,cracker_scene1,20,old
1598,6.773000240325928,2.1069646214360143,obse,cracker_scene1,20,old
1599,6.777149677276611,2.1071507388180866,obse,cracker_scene1,20,old
1600,6.781397342681885,2.1071507388180866,obse,cracker_scene1,20,old
1601,6.785604238510132,2.1061528820217994,obse,cracker_scene1,20,old
1602,6.789853572845459,2.1061528820217994,obse,cracker_scene1,20,old
1603,6.794324159622192,2.10751791419006,obse,cracker_scene1,20,old
1604,6.798626661300659,2.10751791419006,obse,cracker_scene1,20,old
1605,6.803080797195435,2.107414773864903,obse,cracker_scene1,20,old
1606,6.807189702987671,2.107414773864903,obse,cracker_scene1,20,old
1607,6.81142783164978,2.1055329228491715,obse,cracker_scene1,20,old
1608,6.815605640411377,2.1055329228491715,obse,cracker_scene1,20,old
1609,6.819671869277954,2.1070543009332328,obse,cracker_scene1,20,old
1610,6.823592901229858,2.1070543009332328,obse,cracker_scene1,20,old
1611,6.828189849853516,2.107014399476471,obse,cracker_scene1,20,old
1612,6.832261085510254,2.107014399476471,obse,cracker_scene1,20,old
1613,6.8368566036224365,2.1073566227624445,obse,cracker_scene1,20,old
1614,6.8409998416900635,2.1073566227624445,obse,cracker_scene1,20,old
1615,6.845423936843872,2.1073579196291945,obse,cracker_scene1,20,old
1616,6.849582672119141,2.107439889297848,obse,cracker_scene1,20,old
1617,6.853666305541992,2.107439889297848,obse,cracker_scene1,20,old
1618,6.858046293258667,2.1072161679720294,obse,cracker_scene1,20,old
1619,6.862414836883545,2.1074592907242575,obse,cracker_scene1,20,old
1620,6.866592645645142,2.1074592907242575,obse,cracker_scene1,20,old
1621,6.871091365814209,2.107254225772376,obse,cracker_scene1,20,old
1622,6.876252174377441,2.107243755616892,obse,cracker_scene1,20,old
1623,6.880160093307495,2.107243755616892,obse,cracker_scene1,20,old
1624,6.884453535079956,2.105724447702877,obse,cracker_scene1,20,old
1625,6.888383150100708,2.105724447702877,obse,cracker_scene1,20,old
1626,6.89286732673645,2.1072741868479783,obse,cracker_scene1,20,old
1627,6.8985676765441895,2.107375311022399,obse,cracker_scene1,20,old
1628,6.9027159214019775,2.107375311022399,obse,cracker_scene1,20,old
1629,6.90705943107605,2.107128049933231,obse,cracker_scene1,20,old
1630,6.911164283752441,2.107128049933231,obse,cracker_scene1,20,old
1631,6.915379047393799,2.107127753416398,obse,cracker_scene1,20,old
1632,6.919467210769653,2.107127753416398,obse,cracker_scene1,20,old
1633,6.923557281494141,2.1056722478425387,obse,cracker_scene1,20,old
1634,6.92770528793335,2.105818354338119,obse,cracker_scene1,20,old
1635,6.931807994842529,2.105818354338119,obse,cracker_scene1,20,old
1636,6.935943841934204,2.1053100027808194,obse,cracker_scene1,20,old
1637,6.9401490688323975,2.106742707109161,obse,cracker_scene1,20,old
1638,6.944361686706543,2.1067156089601236,obse,cracker_scene1,20,old
1639,6.9485790729522705,2.1067156089601236,obse,cracker_scene1,20,old
1640,6.952649831771851,2.1070428335040603,obse,cracker_scene1,20,old
1641,6.95686149597168,2.1070428335040603,obse,cracker_scene1,20,old
1642,6.960933685302734,2.1069948802507907,obse,cracker_scene1,20,old
1643,6.965169429779053,2.106979891636624,obse,cracker_scene1,20,old
1644,6.969377040863037,2.106979891636624,obse,cracker_scene1,20,old
1645,6.973508834838867,2.106810535201392,obse,cracker_scene1,20,old
1646,6.977514982223511,2.106810535201392,obse,cracker_scene1,20,old
1647,6.9817681312561035,2.1068979470690286,obse,cracker_scene1,20,old
1648,6.986105442047119,2.10689973364469,obse,cracker_scene1,20,old
1649,6.990445852279663,2.1069281917777554,obse,cracker_scene1,20,old
1650,6.994795322418213,2.106570149879013,obse,cracker_scene1,20,old
1651,6.999052286148071,2.105183758841518,obse,cracker_scene1,20,old
1652,7.003250360488892,2.106475288707869,obse,cracker_scene1,20,old
1653,7.007389783859253,2.106475288707869,obse,cracker_scene1,20,old
1654,7.011497735977173,2.106792461729322,obse,cracker_scene1,20,old
1655,7.016110897064209,2.106792461729322,obse,cracker_scene1,20,old
1656,7.0209174156188965,2.1068328679370456,obse,cracker_scene1,20,old
1657,7.024994134902954,2.1068328679370456,obse,cracker_scene1,20,old
1658,7.029567718505859,2.106900466812669,obse,cracker_scene1,20,old
1659,7.033486366271973,2.106900466812669,obse,cracker_scene1,20,old
1660,7.0379414558410645,2.107147787237853,obse,cracker_scene1,20,old
1661,7.041996955871582,2.107147787237853,obse,cracker_scene1,20,old
1662,7.046430349349976,2.106839292424061,obse,cracker_scene1,20,old
1663,7.050451755523682,2.106839292424061,obse,cracker_scene1,20,old
1664,7.0547356605529785,2.1055205669202115,obse,cracker_scene1,20,old
1665,7.060214519500732,2.1069283970331885,obse,cracker_scene1,20,old
1666,7.0644543170928955,2.1069283970331885,obse,cracker_scene1,20,old
1667,7.068533182144165,2.1056204106985454,obse,cracker_scene1,20,old
1668,7.072768688201904,2.105524745892021,obse,cracker_scene1,20,old
1669,7.077056646347046,2.1071581363619343,obse,cracker_scene1,20,old
1670,7.081217050552368,2.1071581363619343,obse,cracker_scene1,20,old
1671,7.0853071212768555,2.1073020831852887,obse,cracker_scene1,20,old
1672,7.089470386505127,2.1073020831852887,obse,cracker_scene1,20,old
1673,7.093564987182617,2.1073367519862485,obse,cracker_scene1,20,old
1674,7.097829341888428,2.1073367519862485,obse,cracker_scene1,20,old
1675,7.10191798210144,2.107292446030356,obse,cracker_scene1,20,old
1676,7.1060950756073,2.107292446030356,obse,cracker_scene1,20,old
1677,7.110374212265015,2.107425053803878,obse,cracker_scene1,20,old
1678,7.114578008651733,2.107425053803878,obse,cracker_scene1,20,old
1679,7.118586778640747,2.1074538675554946,obse,cracker_scene1,20,old
1680,7.122752666473389,2.1072263412097705,obse,cracker_scene1,20,old
1681,7.126828193664551,2.1071858322580805,obse,cracker_scene1,20,old
1682,7.131033897399902,2.1056963726026243,obse,cracker_scene1,20,old
1683,7.134973526000977,2.105368165184731,obse,cracker_scene1,20,old
1684,7.1393537521362305,2.105368165184731,obse,cracker_scene1,20,old
1685,7.143672704696655,2.10680346653624,obse,cracker_scene1,20,old
1686,7.148017406463623,2.10680346653624,obse,cracker_scene1,20,old
1687,7.152007818222046,2.106659380435702,obse,cracker_scene1,20,old
1688,7.1562299728393555,2.106659380435702,obse,cracker_scene1,20,old
1689,7.16027569770813,2.106839376792501,obse,cracker_scene1,20,old
1690,7.164531230926514,2.106839376792501,obse,cracker_scene1,20,old
1691,7.16975212097168,2.1052591722662743,obse,cracker_scene1,20,old
1692,7.173904657363892,2.1052591722662743,obse,cracker_scene1,20,old
1693,7.1780478954315186,2.106715806901743,obse,cracker_scene1,20,old
1694,7.182356119155884,2.1067053872104466,obse,cracker_scene1,20,old
1695,7.187759876251221,2.106732148208307,obse,cracker_scene1,20,old
1696,7.1920325756073,2.106732148208307,obse,cracker_scene1,20,old
1697,7.196444034576416,2.106746750028986,obse,cracker_scene1,20,old
1698,7.200629472732544,2.106746750028986,obse,cracker_scene1,20,old
1699,7.204876899719238,2.106850817485544,obse,cracker_scene1,20,old
1700,7.210301399230957,2.1053497464716244,obse,cracker_scene1,20,old
1701,7.214925527572632,2.1053497464716244,obse,cracker_scene1,20,old
1702,7.219330787658691,2.106692012545298,obse,cracker_scene1,20,old
1703,7.223875284194946,2.106692012545298,obse,cracker_scene1,20,old
1704,7.22828221321106,2.1066905287317006,obse,cracker_scene1,20,old
1705,7.232472658157349,2.1066905287317006,obse,cracker_scene1,20,old
1706,7.236973762512207,2.105498038722928,obse,cracker_scene1,20,old
1707,7.241246461868286,2.105498038722928,obse,cracker_scene1,20,old
1708,7.2457380294799805,2.1057050192367566,obse,cracker_scene1,20,old
1709,7.250288963317871,2.1057050192367566,obse,cracker_scene1,20,old
1710,7.2546775341033936,2.1071660704043955,obse,cracker_scene1,20,old
1711,7.258955001831055,2.1071660704043955,obse,cracker_scene1,20,old
1712,7.263643264770508,2.107205185125541,obse,cracker_scene1,20,old
1713,7.267977714538574,2.107205185125541,obse,cracker_scene1,20,old
1714,7.272455215454102,2.107205185125541,obse,cracker_scene1,20,old
1715,7.27681040763855,2.106861585171745,obse,cracker_scene1,20,old
1716,7.280973672866821,2.106861585171745,obse,cracker_scene1,20,old
1717,7.285084962844849,2.105067762258818,obse,cracker_scene1,20,old
1718,7.289311408996582,2.105067762258818,obse,cracker_scene1,20,old
1719,7.293289422988892,2.105067762258818,obse,cracker_scene1,20,old
1720,7.2976837158203125,2.1068320219882635,obse,cracker_scene1,20,old
1721,7.301892518997192,2.1052280925504148,obse,cracker_scene1,20,old
1722,7.306276559829712,2.1052280925504148,obse,cracker_scene1,20,old
1723,7.310558080673218,2.106837165218953,obse,cracker_scene1,20,old
1724,7.314917802810669,2.106837165218953,obse,cracker_scene1,20,old
1725,7.319289684295654,2.1068578773740523,obse,cracker_scene1,20,old
1726,7.323678970336914,2.1068578773740523,obse,cracker_scene1,20,old
1727,7.329078912734985,2.105444162797501,obse,cracker_scene1,20,old
1728,7.333313703536987,2.105444162797501,obse,cracker_scene1,20,old
1729,7.3377885818481445,2.106922489761243,obse,cracker_scene1,20,old
1730,7.342359781265259,2.106922489761243,obse,cracker_scene1,20,old
1731,7.34677791595459,2.106949040286085,obse,cracker_scene1,20,old
1732,7.351067304611206,2.106949040286085,obse,cracker_scene1,20,old
1733,7.355533838272095,2.106949040286085,obse,cracker_scene1,20,old
1734,7.360626459121704,2.106491852855366,obse,cracker_scene1,20,old
1735,7.365997791290283,2.1054977236751817,obse,cracker_scene1,20,old
1736,7.370281457901001,2.1054977236751817,obse,cracker_scene1,20,old
1737,7.374737977981567,2.1070666196515058,obse,cracker_scene1,20,old
1738,7.378950834274292,2.1070666196515058,obse,cracker_scene1,20,old
1739,7.383334636688232,2.1070591177419287,obse,cracker_scene1,20,old
1740,7.387861967086792,2.1070152677335177,obse,cracker_scene1,20,old
1741,7.392550230026245,2.1070128292572115,obse,cracker_scene1,20,old
1742,7.396859884262085,2.1070128292572115,obse,cracker_scene1,20,old
1743,7.4010419845581055,2.107273989789241,obse,cracker_scene1,20,old
1744,7.405534744262695,2.1057163953677485,obse,cracker_scene1,20,old
1745,7.409693956375122,2.10717983921635,obse,cracker_scene1,20,old
1746,7.413837194442749,2.107178970305249,obse,cracker_scene1,20,old
1747,7.418150424957275,2.1072494260692682,obse,cracker_scene1,20,old
1748,7.422449588775635,2.1072556601832755,obse,cracker_scene1,20,old
1749,7.426565885543823,2.1057261932896205,obse,cracker_scene1,20,old
1750,7.430908441543579,2.1057330373109426,obse,cracker_scene1,20,old
1751,7.434955835342407,2.1057804789271275,obse,cracker_scene1,20,old
1752,7.4392640590667725,2.107261477416504,obse,cracker_scene1,20,old
1753,7.4433372020721436,2.10723929027788,obse,cracker_scene1,20,old
1754,7.447605848312378,2.1071931526166185,obse,cracker_scene1,20,old
1755,7.451748609542847,2.1072849156667015,obse,cracker_scene1,20,old
1756,7.456010580062866,2.107303892548485,obse,cracker_scene1,20,old
1757,7.460349082946777,2.1058668683840356,obse,cracker_scene1,20,old
1758,7.464625835418701,2.1058393251700993,obse,cracker_scene1,20,old
1759,7.468828201293945,2.105817998820286,obse,cracker_scene1,20,old
1760,7.47301173210144,2.105817998820286,obse,cracker_scene1,20,old
1761,7.4771339893341064,2.10748274508658,obse,cracker_scene1,20,old
1762,7.481295347213745,2.10748274508658,obse,cracker_scene1,20,old
1763,7.485421180725098,2.1072014886569344,obse,cracker_scene1,20,old
1764,7.489602088928223,2.1072014886569344,obse,cracker_scene1,20,old
1765,7.493732690811157,2.1074920468382556,obse,cracker_scene1,20,old
1766,7.498006582260132,2.1074920468382556,obse,cracker_scene1,20,old
1767,7.502310276031494,2.107673603251115,obse,cracker_scene1,20,old
1768,7.506469964981079,2.1074589471376326,obse,cracker_scene1,20,old
1769,7.510699272155762,2.1072505638475,obse,cracker_scene1,20,old
1770,7.514882564544678,2.1072505638475,obse,cracker_scene1,20,old
1771,7.519027233123779,2.1072505638475,obse,cracker_scene1,20,old
1772,7.523239374160767,2.107504942657794,obse,cracker_scene1,20,old
1773,7.5278191566467285,2.1073193695163184,obse,cracker_scene1,20,old
1774,7.5318684577941895,2.1073193695163184,obse,cracker_scene1,20,old
1775,7.536036491394043,2.107587254907947,obse,cracker_scene1,20,old
1776,7.5402727127075195,2.107587254907947,obse,cracker_scene1,20,old
1777,7.544541835784912,2.1058302116571124,obse,cracker_scene1,20,old
1778,7.54872989654541,2.1058302116571124,obse,cracker_scene1,20,old
1779,7.552779674530029,2.107570691897263,obse,cracker_scene1,20,old
1780,7.557209730148315,2.107570691897263,obse,cracker_scene1,20,old
1781,7.561820030212402,2.10728747250492,obse,cracker_scene1,20,old
1782,7.565855264663696,2.10728747250492,obse,cracker_scene1,20,old
1783,7.570249557495117,2.107306193904906,obse,cracker_scene1,20,old
1784,7.574211597442627,2.107306193904906,obse,cracker_scene1,20,old
1785,7.5785534381866455,2.1058183546966633,obse,cracker_scene1,20,old
1786,7.582634925842285,2.1058183546966633,obse,cracker_scene1,20,old
1787,7.586826324462891,2.1075360766120372,obse,cracker_scene1,20,old
1788,7.591013431549072,2.1075360766120372,obse,cracker_scene1,20,old
1789,7.595421314239502,2.1074917895735776,obse,cracker_scene1,20,old
1790,7.599595785140991,2.1074917895735776,obse,cracker_scene1,20,old
1791,7.604198455810547,2.107317817837992,obse,cracker_scene1,20,old
1792,7.60823130607605,2.107317817837992,obse,cracker_scene1,20,old
1793,7.612587213516235,2.107341657723132,obse,cracker_scene1,20,old
1794,7.616516351699829,2.107341657723132,obse,cracker_scene1,20,old
1795,7.620930194854736,2.10728948569942,obse,cracker_scene1,20,old
1796,7.62522292137146,2.10728948569942,obse,cracker_scene1,20,old
1797,7.629694938659668,2.1058360939544647,obse,cracker_scene1,20,old
1798,7.6336305141448975,2.1058360939544647,obse,cracker_scene1,20,old
1799,7.637966156005859,2.107551442985323,obse,cracker_scene1,20,old
1800,7.642101287841797,2.107551442985323,obse,cracker_scene1,20,old
1801,7.646730184555054,2.1058600206735996,obse,cracker_scene1,20,old
1802,7.650883913040161,2.1058600206735996,obse,cracker_scene1,20,old
1803,7.655423164367676,2.1070240852156363,obse,cracker_scene1,20,old
1804,7.659693956375122,2.1075186160910677,obse,cracker_scene1,20,old
1805,7.664000034332275,2.107529824341958,obse,cracker_scene1,20,old
1806,7.6680991649627686,2.107529824341958,obse,cracker_scene1,20,old
1807,7.67243218421936,2.1056806442435034,obse,cracker_scene1,20,old
1808,7.676724433898926,2.1074442635731137,obse,cracker_scene1,20,old
1809,7.6809937953948975,2.1074442635731137,obse,cracker_scene1,20,old
1810,7.6850807666778564,2.1074442635731137,obse,cracker_scene1,20,old
1811,7.689696311950684,2.1060624118378293,obse,cracker_scene1,20,old
1812,7.6939780712127686,2.1071973270639948,obse,cracker_scene1,20,old
1813,7.698213815689087,2.1071973270639948,obse,cracker_scene1,20,old
1814,7.702404499053955,2.10757416471768,obse,cracker_scene1,20,old
1815,7.706730127334595,2.10757416471768,obse,cracker_scene1,20,old
1816,7.711105108261108,2.1061221928996803,obse,cracker_scene1,20,old
1817,7.715273857116699,2.1061221928996803,obse,cracker_scene1,20,old
1818,7.719499349594116,2.106043492839113,obse,cracker_scene1,20,old
1819,7.723742485046387,2.106043492839113,obse,cracker_scene1,20,old
1820,7.728132247924805,2.106063952698822,obse,cracker_scene1,20,old
1821,7.732425212860107,2.106063952698822,obse,cracker_scene1,20,old
1822,7.736738204956055,2.107427404190725,obse,cracker_scene1,20,old
1823,7.740798473358154,2.107427404190725,obse,cracker_scene1,20,old
1824,7.745074272155762,2.107290393904165,obse,cracker_scene1,20,old
1825,7.749247312545776,2.107290393904165,obse,cracker_scene1,20,old
1826,7.753482818603516,2.1074926636856333,obse,cracker_scene1,20,old
1827,7.757526159286499,2.1074926636856333,obse,cracker_scene1,20,old
1828,7.762008905410767,2.1076290522497754,obse,cracker_scene1,20,old
1829,7.766110181808472,2.1076290522497754,obse,cracker_scene1,20,old
1830,7.770375490188599,2.1072077728629317,obse,cracker_scene1,20,old
1831,7.774434804916382,2.1072077728629317,obse,cracker_scene1,20,old
1832,7.7787721157073975,2.1075905954537877,obse,cracker_scene1,20,old
1833,7.7828803062438965,2.1075905954537877,obse,cracker_scene1,20,old
1834,7.787187099456787,2.1060563626467506,obse,cracker_scene1,20,old
1835,7.791324615478516,2.1060563626467506,obse,cracker_scene1,20,old
1836,7.795807123184204,2.1058869519662258,obse,cracker_scene1,20,old
1837,7.799860715866089,2.1058869519662258,obse,cracker_scene1,20,old
1838,7.804216146469116,2.1071831577461575,obse,cracker_scene1,20,old
1839,7.808299779891968,2.1071831577461575,obse,cracker_scene1,20,old
1840,7.813198804855347,2.10708830909085,obse,cracker_scene1,20,old
1841,7.817187309265137,2.10708830909085,obse,cracker_scene1,20,old
1842,7.821564674377441,2.105399722681687,obse,cracker_scene1,20,old
1843,7.825681686401367,2.105399722681687,obse,cracker_scene1,20,old
1844,7.830092668533325,2.105205411792328,obse,cracker_scene1,20,old
1845,7.8343727588653564,2.105205411792328,obse,cracker_scene1,20,old
1846,7.838644981384277,2.1053265744466554,obse,cracker_scene1,20,old
1847,7.842780828475952,2.1054722523574467,obse,cracker_scene1,20,old
1848,7.847081661224365,2.1056549131412226,obse,cracker_scene1,20,old
1849,7.851145505905151,2.1056549131412226,obse,cracker_scene1,20,old
1850,7.855445384979248,2.1054259927170795,obse,cracker_scene1,20,old
1851,7.859441757202148,2.1054259927170795,obse,cracker_scene1,20,old
1852,7.863918304443359,2.1069430906167943,obse,cracker_scene1,20,old
1853,7.867900848388672,2.1069430906167943,obse,cracker_scene1,20,old
1854,7.872273206710815,2.106974879537865,obse,cracker_scene1,20,old
1855,7.876353025436401,2.107040982138378,obse,cracker_scene1,20,old
1856,7.880727529525757,2.1071538664478267,obse,cracker_scene1,20,old
1857,7.884903192520142,2.1070971690594,obse,cracker_scene1,20,old
1858,7.889254570007324,2.107094496505768,obse,cracker_scene1,20,old
1859,7.89355731010437,2.1071331860363864,obse,cracker_scene1,20,old
1860,7.897779941558838,2.1071331860363864,obse,cracker_scene1,20,old
1861,7.902047157287598,2.105763065999925,obse,cracker_scene1,20,old
1862,7.906282901763916,2.1057476380220566,obse,cracker_scene1,20,old
1863,7.910627603530884,2.107150088442144,obse,cracker_scene1,20,old
1864,7.914674520492554,2.107150088442144,obse,cracker_scene1,20,old
1865,7.918750524520874,2.105484755424669,obse,cracker_scene1,20,old
1866,7.923034191131592,2.105484755424669,obse,cracker_scene1,20,old
1867,7.927353858947754,2.1068649637212102,obse,cracker_scene1,20,old
1868,7.931574821472168,2.1068649637212102,obse,cracker_scene1,20,old
1869,7.935752868652344,2.106925520363508,obse,cracker_scene1,20,old
1870,7.939918518066406,2.106925520363508,obse,cracker_scene1,20,old
1871,7.944176912307739,2.1069080486477407,obse,cracker_scene1,20,old
1872,7.9483208656311035,2.1069080486477407,obse,cracker_scene1,20,old
1873,7.952577829360962,2.1068781722704033,obse,cracker_scene1,20,old
1874,7.956708192825317,2.1068781722704033,obse,cracker_scene1,20,old
1875,7.961145877838135,2.1069860478047806,obse,cracker_scene1,20,old
1876,7.965307950973511,2.1069860478047806,obse,cracker_scene1,20,old
1877,7.969693660736084,2.10557205815555,obse,cracker_scene1,20,old
1878,7.974413156509399,2.10557205815555,obse,cracker_scene1,20,old
1879,7.97890043258667,2.1069457333993533,obse,cracker_scene1,20,old
1880,7.9832069873809814,2.1069457333993533,obse,cracker_scene1,20,old
1881,7.987664699554443,2.1052139540849995,obse,cracker_scene1,20,old
1882,7.991669416427612,2.1052139540849995,obse,cracker_scene1,20,old
1883,7.99604344367981,2.105143380694485,obse,cracker_scene1,20,old
1884,8.000231504440308,2.105143380694485,obse,cracker_scene1,20,old
1885,8.004877805709839,2.106593107753203,obse,cracker_scene1,20,old
1886,8.008900165557861,2.106593107753203,obse,cracker_scene1,20,old
1887,8.013562202453613,2.1053579412331223,obse,cracker_scene1,20,old
1888,8.017627239227295,2.1053579412331223,obse,cracker_scene1,20,old
1889,8.021886825561523,2.1066812285909053,obse,cracker_scene1,20,old
1890,8.025938272476196,2.1066812285909053,obse,cracker_scene1,20,old
1891,8.030355453491211,2.1066046551356283,obse,cracker_scene1,20,old
1892,8.034619331359863,2.1066046551356283,obse,cracker_scene1,20,old
1893,8.038665056228638,2.1063531413585306,obse,cracker_scene1,20,old
1894,8.042888164520264,2.1063531413585306,obse,cracker_scene1,20,old
1895,8.046988725662231,2.1063531413585306,obse,cracker_scene1,20,old
1896,8.051246404647827,2.1064251429740324,obse,cracker_scene1,20,old
1897,8.055262088775635,2.1064251429740324,obse,cracker_scene1,20,old
1898,8.059648990631104,2.1061874614631266,obse,cracker_scene1,20,old
1899,8.063913345336914,2.1061874614631266,obse,cracker_scene1,20,old
1900,8.06825876235962,2.1060354361184093,obse,cracker_scene1,20,old
1901,8.072368621826172,2.1060354361184093,obse,cracker_scene1,20,old
1902,8.076574802398682,2.1045382011506275,obse,cracker_scene1,20,old
1903,8.080860137939453,2.1045133845766264,obse,cracker_scene1,20,old
1904,8.084821701049805,2.1045133845766264,obse,cracker_scene1,20,old
1905,8.08907413482666,2.1058268753074936,obse,cracker_scene1,20,old
1906,8.093221426010132,2.1058268753074936,obse,cracker_scene1,20,old
1907,8.097436666488647,2.1058268753074936,obse,cracker_scene1,20,old
1908,8.101545572280884,2.1058268753074936,obse,cracker_scene1,20,old
1909,8.105781078338623,2.105816540897705,obse,cracker_scene1,20,old
1910,8.109850645065308,2.10618668106644,obse,cracker_scene1,20,old
1911,8.114049673080444,2.10618668106644,obse,cracker_scene1,20,old
1912,8.118433952331543,2.105989215892305,obse,cracker_scene1,20,old
1913,8.122691631317139,2.1059860758396844,obse,cracker_scene1,20,old
1914,8.126954078674316,2.1058900976486106,obse,cracker_scene1,20,old
1915,8.131114959716797,2.1058900976486106,obse,cracker_scene1,20,old
1916,8.135175943374634,2.1058900976486106,obse,cracker_scene1,20,old
1917,8.139277219772339,2.105695743188903,obse,cracker_scene1,20,old
1918,8.143486022949219,2.105695743188903,obse,cracker_scene1,20,old
1919,8.147772073745728,2.1055754200185275,obse,cracker_scene1,20,old
1920,8.152023315429688,2.1055754200185275,obse,cracker_scene1,20,old
1921,8.156211376190186,2.1057991784457117,obse,cracker_scene1,20,old
1922,8.160732746124268,2.1057755646279217,obse,cracker_scene1,20,old
1923,8.165098428726196,2.1058301335565446,obse,cracker_scene1,20,old
1924,8.169300556182861,2.1058301335565446,obse,cracker_scene1,20,old
1925,8.173641443252563,2.105956146306851,obse,cracker_scene1,20,old
1926,8.177696943283081,2.105956146306851,obse,cracker_scene1,20,old
1927,8.182084798812866,2.1057963084087037,obse,cracker_scene1,20,old
1928,8.186527013778687,2.103815165943545,obse,cracker_scene1,20,old
1929,8.191031694412231,2.1041504115117498,obse,cracker_scene1,20,old
1930,8.195657968521118,2.10554463001231,obse,cracker_scene1,20,old
1931,8.199633359909058,2.10554463001231,obse,cracker_scene1,20,old
1932,8.2039954662323,2.1054301582522212,obse,cracker_scene1,20,old
1933,8.207995891571045,2.1054301582522212,obse,cracker_scene1,20,old
1934,8.212318420410156,2.1038630309822706,obse,cracker_scene1,20,old
1935,8.21636962890625,2.1038630309822706,obse,cracker_scene1,20,old
1936,8.220695734024048,2.1053650969139053,obse,cracker_scene1,20,old
1937,8.224802732467651,2.1053650969139053,obse,cracker_scene1,20,old
1938,8.229225873947144,2.1040967963097783,obse,cracker_scene1,20,old
1939,8.233315229415894,2.1040967963097783,obse,cracker_scene1,20,old
1940,8.237730026245117,2.105735306277385,obse,cracker_scene1,20,old
1941,8.241785526275635,2.105735306277385,obse,cracker_scene1,20,old
1942,8.246128797531128,2.104172174564397,obse,cracker_scene1,20,old
1943,8.250245571136475,2.104172174564397,obse,cracker_scene1,20,old
1944,8.254619121551514,2.1053448271808772,obse,cracker_scene1,20,old
1945,8.258845090866089,2.1053448271808772,obse,cracker_scene1,20,old
1946,8.263347148895264,2.104024375634869,obse,cracker_scene1,20,old
1947,8.267387628555298,2.104024375634869,obse,cracker_scene1,20,old
1948,8.271673679351807,2.103848226958834,obse,cracker_scene1,20,old
1949,8.275907278060913,2.105293980451413,obse,cracker_scene1,20,old
1950,8.28018307685852,2.105384658498086,obse,cracker_scene1,20,old
1951,8.284366369247437,2.105384658498086,obse,cracker_scene1,20,old
1952,8.288590431213379,2.1051210313878883,obse,cracker_scene1,20,old
1953,8.292737245559692,2.1051329030965684,obse,cracker_scene1,20,old
1954,8.297165393829346,2.1051803084831135,obse,cracker_scene1,20,old
1955,8.301147222518921,2.1051803084831135,obse,cracker_scene1,20,old
1956,8.305727005004883,2.105212687034311,obse,cracker_scene1,20,old
1957,8.309963941574097,2.105200991241035,obse,cracker_scene1,20,old
1958,8.314203023910522,2.105200991241035,obse,cracker_scene1,20,old
1959,8.318413972854614,2.1038567899999583,obse,cracker_scene1,20,old
1960,8.322672605514526,2.1038567899999583,obse,cracker_scene1,20,old
1961,8.326863288879395,2.1050739317086977,obse,cracker_scene1,20,old
1962,8.331112146377563,2.1050739317086977,obse,cracker_scene1,20,old
1963,8.335262298583984,2.1050739317086977,obse,cracker_scene1,20,old
1964,8.339807271957397,2.105254786646216,obse,cracker_scene1,20,old
1965,8.344046115875244,2.105280254148406,obse,cracker_scene1,20,old
1966,8.3482084274292,2.105280254148406,obse,cracker_scene1,20,old
1967,8.352184057235718,2.105280254148406,obse,cracker_scene1,20,old
1968,8.35620903968811,2.1055033817296787,obse,cracker_scene1,20,old
1969,8.360495328903198,2.1051458040670905,obse,cracker_scene1,20,old
1970,8.364734888076782,2.1037275028375726,obse,cracker_scene1,20,old
1971,8.368940114974976,2.104433759535696,obse,cracker_scene1,20,old
1972,8.373170375823975,2.104433759535696,obse,cracker_scene1,20,old
1973,8.377331018447876,2.104181555635659,obse,cracker_scene1,20,old
1974,8.381491422653198,2.104181555635659,obse,cracker_scene1,20,old
1975,8.385638236999512,2.1027656486147066,obse,cracker_scene1,20,old
1976,8.389772176742554,2.1027656486147066,obse,cracker_scene1,20,old
1977,8.394124984741211,2.10423813161655,obse,cracker_scene1,20,old
1978,8.398196697235107,2.10423813161655,obse,cracker_scene1,20,old
1979,8.402291774749756,2.102736139510596,obse,cracker_scene1,20,old
1980,8.406569957733154,2.102736139510596,obse,cracker_scene1,20,old
1981,8.410720586776733,2.104025386577388,obse,cracker_scene1,20,old
1982,8.414907693862915,2.104025386577388,obse,cracker_scene1,20,old
1983,8.41907811164856,2.10278326430626,obse,cracker_scene1,20,old
1984,8.423182010650635,2.10278326430626,obse,cracker_scene1,20,old
1985,8.427195310592651,2.10278326430626,obse,cracker_scene1,20,old
1986,8.43147611618042,2.104188020493363,obse,cracker_scene1,20,old
1987,8.43542194366455,2.104188020493363,obse,cracker_scene1,20,old
1988,8.439477682113647,2.1040305485619006,obse,cracker_scene1,20,old
1989,8.443401575088501,2.1040305485619006,obse,cracker_scene1,20,old
1990,8.447495222091675,2.1024410972303036,obse,cracker_scene1,20,old
1991,8.451393365859985,2.1024410972303036,obse,cracker_scene1,20,old
1992,8.455496072769165,2.1040013096041656,obse,cracker_scene1,20,old
1993,8.459995031356812,2.1041073082056565,obse,cracker_scene1,20,old
1994,8.464318990707397,2.1040510453030192,obse,cracker_scene1,20,old
1995,8.468343496322632,2.1040510453030192,obse,cracker_scene1,20,old
1996,8.472710371017456,2.1039803193035143,obse,cracker_scene1,20,old
1997,8.476970195770264,2.1039803193035143,obse,cracker_scene1,20,old
1998,8.481021404266357,2.1039803193035143,obse,cracker_scene1,20,old
1999,8.485438346862793,2.102490535304807,obse,cracker_scene1,20,old
2000,8.489612579345703,2.102490535304807,obse,cracker_scene1,20,old
2001,8.494146347045898,2.1038456769585325,obse,cracker_scene1,20,old
2002,8.498249053955078,2.1038456769585325,obse,cracker_scene1,20,old
2003,8.502431631088257,2.103849688206984,obse,cracker_scene1,20,old
2004,8.506685495376587,2.103868069371785,obse,cracker_scene1,20,old
2005,8.510699033737183,2.103868069371785,obse,cracker_scene1,20,old
2006,8.514733791351318,2.103868069371785,obse,cracker_scene1,20,old
2007,8.519236326217651,2.103868329917776,obse,cracker_scene1,20,old
2008,8.523223876953125,2.103988210223026,obse,cracker_scene1,20,old
2009,8.527570247650146,2.1036061441878946,obse,cracker_scene1,20,old
2010,8.531594514846802,2.1036061441878946,obse,cracker_scene1,20,old
2011,8.535729169845581,2.102178403350404,obse,cracker_scene1,20,old
2012,8.539982795715332,2.1025238893432734,obse,cracker_scene1,20,old
2013,8.544063568115234,2.1039581279350896,obse,cracker_scene1,20,old
2014,8.548439025878906,2.103981725970608,obse,cracker_scene1,20,old
2015,8.552547454833984,2.1040338413023774,obse,cracker_scene1,20,old
2016,8.556522369384766,2.1040338413023774,obse,cracker_scene1,20,old
2017,8.560871124267578,2.104232467429238,obse,cracker_scene1,20,old
2018,8.565337181091309,2.104049033923065,obse,cracker_scene1,20,old
2019,8.569465160369873,2.104049033923065,obse,cracker_scene1,20,old
2020,8.57361125946045,2.104049033923065,obse,cracker_scene1,20,old
2021,8.5777907371521,2.1038150369706354,obse,cracker_scene1,20,old
2022,8.582060813903809,2.1038150369706354,obse,cracker_scene1,20,old
2023,8.586515188217163,2.10359672169247,obse,cracker_scene1,20,old
2024,8.590932369232178,2.103622982251858,obse,cracker_scene1,20,old
2025,8.595312118530273,2.1035687791426927,obse,cracker_scene1,20,old
2026,8.59959101676941,2.1035687791426927,obse,cracker_scene1,20,old
2027,8.603880643844604,2.1022145830375054,obse,cracker_scene1,20,old
2028,8.607997417449951,2.1022145830375054,obse,cracker_scene1,20,old
2029,8.612377405166626,2.1035940760564493,obse,cracker_scene1,20,old
2030,8.616373062133789,2.1035940760564493,obse,cracker_scene1,20,old
2031,8.620607137680054,2.1038446851372594,obse,cracker_scene1,20,old
2032,8.62486219406128,2.1038446851372594,obse,cracker_scene1,20,old
2033,8.629329204559326,2.1038170459492003,obse,cracker_scene1,20,old
2034,8.633342981338501,2.1038170459492003,obse,cracker_scene1,20,old
2035,8.637752532958984,2.104002975109446,obse,cracker_scene1,20,old
2036,8.641816139221191,2.104002975109446,obse,cracker_scene1,20,old
2037,8.64631986618042,2.1034682632864596,obse,cracker_scene1,20,old
2038,8.650341510772705,2.1034682632864596,obse,cracker_scene1,20,old
2039,8.654894828796387,2.1019369952833484,obse,cracker_scene1,20,old
2040,8.659041404724121,2.1019369952833484,obse,cracker_scene1,20,old
2041,8.663639783859253,2.103359630746996,obse,cracker_scene1,20,old
2042,8.667667150497437,2.103359630746996,obse,cracker_scene1,20,old
2043,8.672089099884033,2.1033393339330964,obse,cracker_scene1,20,old
2044,8.676257848739624,2.103185041128402,obse,cracker_scene1,20,old
2045,8.68053388595581,2.103185041128402,obse,cracker_scene1,20,old
2046,8.68481993675232,2.103185041128402,obse,cracker_scene1,20,old
2047,8.689132928848267,2.1031739143860895,obse,cracker_scene1,20,old
2048,8.693246603012085,2.1016772568696513,obse,cracker_scene1,20,old
2049,8.69776201248169,2.1016355615782034,obse,cracker_scene1,20,old
2050,8.701852560043335,2.1031601173918952,obse,cracker_scene1,20,old
2051,8.70614504814148,2.1031601173918952,obse,cracker_scene1,20,old
2052,8.71051549911499,2.1034060127009138,obse,cracker_scene1,20,old
2053,8.714869260787964,2.1034060127009138,obse,cracker_scene1,20,old
2054,8.71907377243042,2.102394513117755,obse,cracker_scene1,20,old
2055,8.723174571990967,2.102394513117755,obse,cracker_scene1,20,old
2056,8.727574586868286,2.1019960164855727,obse,cracker_scene1,20,old
2057,8.731644868850708,2.1019960164855727,obse,cracker_scene1,20,old
2058,8.735870361328125,2.103028980723513,obse,cracker_scene1,20,old
2059,8.739840507507324,2.103028980723513,obse,cracker_scene1,20,old
2060,8.74383020401001,2.103025098659253,obse,cracker_scene1,20,old
2061,8.748238801956177,2.10294096512398,obse,cracker_scene1,20,old
2062,8.752219915390015,2.1028381291043567,obse,cracker_scene1,20,old
2063,8.75661039352417,2.1028381291043567,obse,cracker_scene1,20,old
2064,8.760841369628906,2.1027423238440264,obse,cracker_scene1,20,old
2065,8.765003681182861,2.1027423238440264,obse,cracker_scene1,20,old
2066,8.769414186477661,2.1025846540710758,obse,cracker_scene1,20,old
2067,8.773641109466553,2.1025846540710758,obse,cracker_scene1,20,old
2068,8.777950525283813,2.102686856189071,obse,cracker_scene1,20,old
2069,8.782164812088013,2.102686856189071,obse,cracker_scene1,20,old
2070,8.786503314971924,2.1027112013346736,obse,cracker_scene1,20,old
2071,8.790613651275635,2.1027112013346736,obse,cracker_scene1,20,old
2072,8.794975280761719,2.1013370497321624,obse,cracker_scene1,20,old
2073,8.799033641815186,2.1013370497321624,obse,cracker_scene1,20,old
2074,8.8032865524292,2.101676578409153,obse,cracker_scene1,20,old
2075,8.807435035705566,2.101676578409153,obse,cracker_scene1,20,old
2076,8.811676979064941,2.1030101734132796,obse,cracker_scene1,20,old
2077,8.816155195236206,2.1030101734132796,obse,cracker_scene1,20,old
2078,8.820481061935425,2.102638075630561,obse,cracker_scene1,20,old
2079,8.824556827545166,2.102638075630561,obse,cracker_scene1,20,old
2080,8.828900814056396,2.102614165560599,obse,cracker_scene1,20,old
2081,8.832952499389648,2.102614165560599,obse,cracker_scene1,20,old
2082,8.837375402450562,2.1028133718109894,obse,cracker_scene1,20,old
2083,8.841451168060303,2.1028133718109894,obse,cracker_scene1,20,old
2084,8.845807552337646,2.1024375198555436,obse,cracker_scene1,20,old
2085,8.849810600280762,2.1024375198555436,obse,cracker_scene1,20,old
2086,8.854365110397339,2.1026558465599843,obse,cracker_scene1,20,old
2087,8.858404159545898,2.1026558465599843,obse,cracker_scene1,20,old
2088,8.862918853759766,2.102699221554989,obse,cracker_scene1,20,old
2089,8.86698579788208,2.102699221554989,obse,cracker_scene1,20,old
2090,8.871315956115723,2.102936406059359,obse,cracker_scene1,20,old
2091,8.875357389450073,2.102936406059359,obse,cracker_scene1,20,old
2092,8.879730701446533,2.1028095321555096,obse,cracker_scene1,20,old
2093,8.883948802947998,2.1028262497302963,obse,cracker_scene1,20,old
2094,8.888134479522705,2.1029409038167213,obse,cracker_scene1,20,old
2095,8.89211654663086,2.1029409038167213,obse,cracker_scene1,20,old
2096,8.89691972732544,2.102862836403104,obse,cracker_scene1,20,old
2097,8.900880575180054,2.1028101926356815,obse,cracker_scene1,20,old
2098,8.90512490272522,2.102793699695729,obse,cracker_scene1,20,old
2099,8.909290313720703,2.102793699695729,obse,cracker_scene1,20,old
2100,8.913376808166504,2.101318953271946,obse,cracker_scene1,20,old
2101,8.917718410491943,2.101318953271946,obse,cracker_scene1,20,old
2102,8.922028541564941,2.1027592026582544,obse,cracker_scene1,20,old
2103,8.926185369491577,2.1024646026528995,obse,cracker_scene1,20,old
2104,8.930579900741577,2.1024646026528995,obse,cracker_scene1,20,old
2105,8.934630393981934,2.1026388409777717,obse,cracker_scene1,20,old
2106,8.938904523849487,2.1026388409777717,obse,cracker_scene1,20,old
2107,8.942972421646118,2.1026183828279867,obse,cracker_scene1,20,old
2108,8.94737720489502,2.102770868971179,obse,cracker_scene1,20,old
2109,8.9516122341156,2.1030854348826837,obse,cracker_scene1,20,old
2110,8.955829858779907,2.1030854348826837,obse,cracker_scene1,20,old
2111,8.960035562515259,2.1031649172520535,obse,cracker_scene1,20,old
2112,8.964406490325928,2.1031649172520535,obse,cracker_scene1,20,old
2113,8.96861219406128,2.1033653974079547,obse,cracker_scene1,20,old
2114,8.972782611846924,2.1033653974079547,obse,cracker_scene1,20,old
2115,8.977049827575684,2.1030251943519804,obse,cracker_scene1,20,old
2116,8.981382608413696,2.1030251943519804,obse,cracker_scene1,20,old
2117,8.985670328140259,2.102997809452993,obse,cracker_scene1,20,old
2118,8.989860773086548,2.102997809452993,obse,cracker_scene1,20,old
2119,8.994122505187988,2.101223280265808,obse,cracker_scene1,20,old
2120,8.998502492904663,2.101223280265808,obse,cracker_scene1,20,old
2121,9.002774715423584,2.1025620204275164,obse,cracker_scene1,20,old
2122,9.00706148147583,2.1025620204275164,obse,cracker_scene1,20,old
2123,9.01136827468872,2.1026027880430336,obse,cracker_scene1,20,old
2124,9.015465021133423,2.1026027880430336,obse,cracker_scene1,20,old
2125,9.019829034805298,2.1027854124611345,obse,cracker_scene1,20,old
2126,9.023905754089355,2.1027854124611345,obse,cracker_scene1,20,old
2127,9.028259515762329,2.1023138046411063,obse,cracker_scene1,20,old
2128,9.032357692718506,2.1023138046411063,obse,cracker_scene1,20,old
2129,9.036684036254883,2.1009907865744424,obse,cracker_scene1,20,old
2130,9.040788888931274,2.1009907865744424,obse,cracker_scene1,20,old
2131,9.045236825942993,2.101130463831039,obse,cracker_scene1,20,old
2132,9.049484252929688,2.101130463831039,obse,cracker_scene1,20,old
2133,9.053958654403687,2.102808336577498,obse,cracker_scene1,20,old
2134,9.058002471923828,2.102808336577498,obse,cracker_scene1,20,old
2135,9.062363386154175,2.1028427935788656,obse,cracker_scene1,20,old
2136,9.066569566726685,2.1028427935788656,obse,cracker_scene1,20,old
2137,9.070974588394165,2.1028481407049577,obse,cracker_scene1,20,old
2138,9.07491397857666,2.1028481407049577,obse,cracker_scene1,20,old
2139,9.079339742660522,2.1027347985866776,obse,cracker_scene1,20,old
2140,9.083415031433105,2.1027347985866776,obse,cracker_scene1,20,old
2141,9.087806701660156,2.1010196002372776,obse,cracker_scene1,20,old
2142,9.092125177383423,2.102496838730958,obse,cracker_scene1,20,old
2143,9.096487045288086,2.1026440528541563,obse,cracker_scene1,20,old
2144,9.1006178855896,2.1026440528541563,obse,cracker_scene1,20,old
2145,9.104912996292114,2.1010475614122583,obse,cracker_scene1,20,old
2146,9.10899043083191,2.1010475614122583,obse,cracker_scene1,20,old
2147,9.113341331481934,2.1026117491547502,obse,cracker_scene1,20,old
2148,9.117439031600952,2.1026117491547502,obse,cracker_scene1,20,old
2149,9.121901273727417,2.1011064000261683,obse,cracker_scene1,20,old
2150,9.12603497505188,2.102812548907833,obse,cracker_scene1,20,old
2151,9.130820512771606,2.102812548907833,obse,cracker_scene1,20,old
2152,9.134989023208618,2.102626205966124,obse,cracker_scene1,20,old
2153,9.13912582397461,2.102626205966124,obse,cracker_scene1,20,old
2154,9.143263816833496,2.101181245462839,obse,cracker_scene1,20,old
2155,9.147459745407104,2.101181245462839,obse,cracker_scene1,20,old
2156,9.151544094085693,2.101229055870948,obse,cracker_scene1,20,old
2157,9.155728340148926,2.101229055870948,obse,cracker_scene1,20,old
2158,9.159941911697388,2.101217094905267,obse,cracker_scene1,20,old
2159,9.164174556732178,2.101217094905267,obse,cracker_scene1,20,old
2160,9.168354511260986,2.102480291879174,obse,cracker_scene1,20,old
2161,9.172541618347168,2.102480291879174,obse,cracker_scene1,20,old
2162,9.176656723022461,2.100862650527536,obse,cracker_scene1,20,old
2163,9.180878162384033,2.100862650527536,obse,cracker_scene1,20,old
2164,9.185012578964233,2.102282703442615,obse,cracker_scene1,20,old
2165,9.189246416091919,2.102282703442615,obse,cracker_scene1,20,old
2166,9.193489074707031,2.102365859761754,obse,cracker_scene1,20,old
2167,9.197808027267456,2.102365859761754,obse,cracker_scene1,20,old
2168,9.202043771743774,2.102287152208447,obse,cracker_scene1,20,old
2169,9.206166505813599,2.102287152208447,obse,cracker_scene1,20,old
2170,9.210356950759888,2.1027348542361572,obse,cracker_scene1,20,old
2171,9.21454644203186,2.1027348542361572,obse,cracker_scene1,20,old
2172,9.21874189376831,2.1028331407142815,obse,cracker_scene1,20,old
2173,9.222851276397705,2.1028331407142815,obse,cracker_scene1,20,old
2174,9.226853609085083,2.1028331407142815,obse,cracker_scene1,20,old
2175,9.231065034866333,2.1012894773039648,obse,cracker_scene1,20,old
2176,9.235319375991821,2.1012894773039648,obse,cracker_scene1,20,old
2177,9.239304780960083,2.1012894773039648,obse,cracker_scene1,20,old
2178,9.243565082550049,2.102890439867908,obse,cracker_scene1,20,old
2179,9.247916460037231,2.1026433360993195,obse,cracker_scene1,20,old
2180,9.25194501876831,2.1026433360993195,obse,cracker_scene1,20,old
2181,9.256257772445679,2.102606419809275,obse,cracker_scene1,20,old
2182,9.260490655899048,2.102606419809275,obse,cracker_scene1,20,old
2183,9.264654159545898,2.1022976713705335,obse,cracker_scene1,20,old
2184,9.268835306167603,2.1022976713705335,obse,cracker_scene1,20,old
2185,9.272944927215576,2.1022976713705335,obse,cracker_scene1,20,old
2186,9.277260065078735,2.102318326146115,obse,cracker_scene1,20,old
2187,9.281513214111328,2.102318326146115,obse,cracker_scene1,20,old
2188,9.285913228988647,2.100874526551447,obse,cracker_scene1,20,old
2189,9.290237426757812,2.100874526551447,obse,cracker_scene1,20,old
2190,9.294527053833008,2.1025143938038067,obse,cracker_scene1,20,old
2191,9.29879355430603,2.1025143938038067,obse,cracker_scene1,20,old
2192,9.303006649017334,2.1026913182330116,obse,cracker_scene1,20,old
2193,9.307201862335205,2.1026913182330116,obse,cracker_scene1,20,old
2194,9.311599254608154,2.1025810733843446,obse,cracker_scene1,20,old
2195,9.315743207931519,2.1025810733843446,obse,cracker_scene1,20,old
2196,9.320122241973877,2.102514418758844,obse,cracker_scene1,20,old
2197,9.324501276016235,2.102514418758844,obse,cracker_scene1,20,old
2198,9.329031229019165,2.102424973436226,obse,cracker_scene1,20,old
2199,9.333149433135986,2.102424973436226,obse,cracker_scene1,20,old
2200,9.337425708770752,2.102460937952965,obse,cracker_scene1,20,old
2201,9.341537952423096,2.102460937952965,obse,cracker_scene1,20,old
2202,9.345983028411865,2.1027273151747226,obse,cracker_scene1,20,old
2203,9.350306272506714,2.1027273151747226,obse,cracker_scene1,20,old
2204,9.354455471038818,2.1027273151747226,obse,cracker_scene1,20,old
2205,9.3587167263031,2.102764038213004,obse,cracker_scene1,20,old
2206,9.363240242004395,2.102556105420023,obse,cracker_scene1,20,old
2207,9.367751598358154,2.10230813447712,obse,cracker_scene1,20,old
2208,9.371980905532837,2.10230813447712,obse,cracker_scene1,20,old
2209,9.37631344795227,2.101161759936507,obse,cracker_scene1,20,old
2210,9.380462646484375,2.101161759936507,obse,cracker_scene1,20,old
2211,9.384520292282104,2.101161759936507,obse,cracker_scene1,20,old
2212,9.388937950134277,2.1038043393441708,obse,cracker_scene1,20,old
2213,9.393555641174316,2.1041321135175597,obse,cracker_scene1,20,old
2214,9.398128271102905,2.1037926204765744,obse,cracker_scene1,20,old
2215,9.402662754058838,2.1034939456570267,obse,cracker_scene1,20,old
2216,9.407052516937256,2.103672722580698,obse,cracker_scene1,20,old
2217,9.411602973937988,2.103810754084771,obse,cracker_scene1,20,old
2218,9.415711402893066,2.103810754084771,obse,cracker_scene1,20,old
2219,9.420198917388916,2.103868720745436,obse,cracker_scene1,20,old
2220,9.424317359924316,2.103868720745436,obse,cracker_scene1,20,old
2221,9.428768396377563,2.1036780995375555,obse,cracker_scene1,20,old
2222,9.43302869796753,2.1036780995375555,obse,cracker_scene1,20,old
2223,9.437471389770508,2.103673501489438,obse,cracker_scene1,20,old
2224,9.441601276397705,2.103673501489438,obse,cracker_scene1,20,old
2225,9.446049213409424,2.1039723935555417,obse,cracker_scene1,20,old
2226,9.450457096099854,2.1039489758663192,obse,cracker_scene1,20,old
2227,9.454703092575073,2.1039120521277006,obse,cracker_scene1,20,old
2228,9.458897829055786,2.1039120521277006,obse,cracker_scene1,20,old
2229,9.463363409042358,2.1041907130926925,obse,cracker_scene1,20,old
2230,9.467429161071777,2.104184598555144,obse,cracker_scene1,20,old
2231,9.471885204315186,2.1039742421904,obse,cracker_scene1,20,old
2232,9.475990056991577,2.1039742421904,obse,cracker_scene1,20,old
2233,9.480350255966187,2.1024403086439145,obse,cracker_scene1,20,old
2234,9.48462462425232,2.1020945539006846,obse,cracker_scene1,20,old
2235,9.488819360733032,2.1020945539006846,obse,cracker_scene1,20,old
2236,9.493018627166748,2.1020945539006846,obse,cracker_scene1,20,old
2237,9.497444152832031,2.103727034242982,obse,cracker_scene1,20,old
2238,9.501631736755371,2.103677313018948,obse,cracker_scene1,20,old
2239,9.505935430526733,2.1036263808284836,obse,cracker_scene1,20,old
2240,9.510193109512329,2.1024016910051415,obse,cracker_scene1,20,old
2241,9.514531373977661,2.10238208698747,obse,cracker_scene1,20,old
2242,9.51903772354126,2.103486621553265,obse,cracker_scene1,20,old
2243,9.52317500114441,2.103486621553265,obse,cracker_scene1,20,old
2244,9.527572870254517,2.102036333643512,obse,cracker_scene1,20,old
2245,9.531793355941772,2.102036333643512,obse,cracker_scene1,20,old
2246,9.536161661148071,2.1022032176553846,obse,cracker_scene1,20,old
2247,9.540360927581787,2.1022032176553846,obse,cracker_scene1,20,old
2248,9.544782876968384,2.103631402309839,obse,cracker_scene1,20,old
2249,9.548982620239258,2.103631402309839,obse,cracker_scene1,20,old
2250,9.553479671478271,2.104068667613193,obse,cracker_scene1,20,old
2251,9.557507514953613,2.104068667613193,obse,cracker_scene1,20,old
2252,9.562243223190308,2.103929655555202,obse,cracker_scene1,20,old
2253,9.566196203231812,2.103929655555202,obse,cracker_scene1,20,old
2254,9.570760488510132,2.102804586957939,obse,cracker_scene1,20,old
2255,9.57500433921814,2.102804586957939,obse,cracker_scene1,20,old
2256,9.579601049423218,2.102504481413372,obse,cracker_scene1,20,old
2257,9.58383822441101,2.1038664264505034,obse,cracker_scene1,20,old
2258,9.588282585144043,2.1037700200382723,obse,cracker_scene1,20,old
2259,9.59240984916687,2.1037700200382723,obse,cracker_scene1,20,old
2260,9.596998691558838,2.1023302364522287,obse,cracker_scene1,20,old
2261,9.60109567642212,2.1023302364522287,obse,cracker_scene1,20,old
2262,9.605542421340942,2.1037952355164764,obse,cracker_scene1,20,old
2263,9.609663486480713,2.1037952355164764,obse,cracker_scene1,20,old
2264,9.614235162734985,2.1022263184350036,obse,cracker_scene1,20,old
2265,9.618436098098755,2.10320296838172,obse,cracker_scene1,20,old
2266,9.62277102470398,2.10320296838172,obse,cracker_scene1,20,old
2267,9.626828670501709,2.10320296838172,obse,cracker_scene1,20,old
2268,9.631373405456543,2.1033191752733424,obse,cracker_scene1,20,old
2269,9.635655641555786,2.1033191752733424,obse,cracker_scene1,20,old
2270,9.640064716339111,2.101896600577456,obse,cracker_scene1,20,old
2271,9.644347906112671,2.101896600577456,obse,cracker_scene1,20,old
2272,9.648639678955078,2.1033966610350774,obse,cracker_scene1,20,old
2273,9.652747869491577,2.1033966610350774,obse,cracker_scene1,20,old
2274,9.656957864761353,2.1021270967750807,obse,cracker_scene1,20,old
2275,9.661452054977417,2.1020144914880685,obse,cracker_scene1,20,old
2276,9.66586709022522,2.1034741695209016,obse,cracker_scene1,20,old
2277,9.67016077041626,2.1034741695209016,obse,cracker_scene1,20,old
2278,9.674704790115356,2.1035760882923906,obse,cracker_scene1,20,old
2279,9.67900562286377,2.1035760882923906,obse,cracker_scene1,20,old
2280,9.683221817016602,2.103660623461531,obse,cracker_scene1,20,old
2281,9.687601327896118,2.103660623461531,obse,cracker_scene1,20,old
2282,9.691903591156006,2.103733763569596,obse,cracker_scene1,20,old
2283,9.696372509002686,2.103733763569596,obse,cracker_scene1,20,old
2284,9.70072865486145,2.1023851149222246,obse,cracker_scene1,20,old
2285,9.70494794845581,2.1023851149222246,obse,cracker_scene1,20,old
2286,9.709376811981201,2.1020735110898308,obse,cracker_scene1,20,old
2287,9.713703632354736,2.1020735110898308,obse,cracker_scene1,20,old
2288,9.718048334121704,2.103551013580005,obse,cracker_scene1,20,old
2289,9.722365856170654,2.103551013580005,obse,cracker_scene1,20,old
2290,9.726507663726807,2.1035324501966564,obse,cracker_scene1,20,old
2291,9.730846405029297,2.1035324501966564,obse,cracker_scene1,20,old
2292,9.735237836837769,2.1018719937430355,obse,cracker_scene1,20,old
2293,9.739750146865845,2.1018719937430355,obse,cracker_scene1,20,old
2294,9.743772983551025,2.103055374940901,obse,cracker_scene1,20,old
2295,9.748300790786743,2.1031249743072564,obse,cracker_scene1,20,old
2296,9.752398014068604,2.1031249743072564,obse,cracker_scene1,20,old
2297,9.756843566894531,2.103250882486135,obse,cracker_scene1,20,old
2298,9.761028051376343,2.103250882486135,obse,cracker_scene1,20,old
2299,9.76504898071289,2.103250882486135,obse,cracker_scene1,20,old
2300,9.769430160522461,2.1033898950371803,obse,cracker_scene1,20,old
2301,9.773940801620483,2.1033240975022265,obse,cracker_scene1,20,old
2302,9.778156042098999,2.1033240975022265,obse,cracker_scene1,20,old
2303,9.782254695892334,2.1033240975022265,obse,cracker_scene1,20,old
2304,9.786814451217651,2.103529671783228,obse,cracker_scene1,20,old
2305,9.791450023651123,2.1032451933269076,obse,cracker_scene1,20,old
2306,9.7961905002594,2.1032730359974456,obse,cracker_scene1,20,old
2307,9.800518035888672,2.1032730359974456,obse,cracker_scene1,20,old
2308,9.804860353469849,2.1032790994899413,obse,cracker_scene1,20,old
2309,9.808902978897095,2.1032790994899413,obse,cracker_scene1,20,old
2310,9.813361167907715,2.1029699613021373,obse,cracker_scene1,20,old
2311,9.817429542541504,2.1029699613021373,obse,cracker_scene1,20,old
2312,9.821717262268066,2.1031037151647807,obse,cracker_scene1,20,old
2313,9.826023817062378,2.103124686105825,obse,cracker_scene1,20,old
2314,9.830552101135254,2.103124686105825,obse,cracker_scene1,20,old
2315,9.834855318069458,2.1035195241022704,obse,cracker_scene1,20,old
2316,9.839155912399292,2.1035195241022704,obse,cracker_scene1,20,old
2317,9.8433678150177,2.103453311401931,obse,cracker_scene1,20,old
2318,9.847629070281982,2.103653299882235,obse,cracker_scene1,20,old
2319,9.85188913345337,2.102686004542215,obse,cracker_scene1,20,old
2320,9.856045722961426,2.102686004542215,obse,cracker_scene1,20,old
2321,9.860363245010376,2.103861153672609,obse,cracker_scene1,20,old
2322,9.864640951156616,2.103861153672609,obse,cracker_scene1,20,old
2323,9.869107007980347,2.103393647099092,obse,cracker_scene1,20,old
2324,9.873366594314575,2.103393647099092,obse,cracker_scene1,20,old
2325,9.877745866775513,2.103311673961114,obse,cracker_scene1,20,old
2326,9.881911277770996,2.103311673961114,obse,cracker_scene1,20,old
2327,9.886451005935669,2.102174314770693,obse,cracker_scene1,20,old
2328,9.890560388565063,2.102174314770693,obse,cracker_scene1,20,old
2329,9.895082712173462,2.1021617250746827,obse,cracker_scene1,20,old
2330,9.899123191833496,2.1021617250746827,obse,cracker_scene1,20,old
2331,9.903499364852905,2.103488585780652,obse,cracker_scene1,20,old
2332,9.907674789428711,2.103488585780652,obse,cracker_scene1,20,old
2333,9.912150621414185,2.102315648738358,obse,cracker_scene1,20,old
2334,9.916346073150635,2.102315648738358,obse,cracker_scene1,20,old
2335,9.92085576057434,2.1037515752482454,obse,cracker_scene1,20,old
2336,9.924946784973145,2.1037515752482454,obse,cracker_scene1,20,old
2337,9.929695129394531,2.103705286077779,obse,cracker_scene1,20,old
2338,9.933812141418457,2.103705286077779,obse,cracker_scene1,20,old
2339,9.938271522521973,2.1034554887427808,obse,cracker_scene1,20,old
2340,9.942291498184204,2.1034554887427808,obse,cracker_scene1,20,old
2341,9.946788311004639,2.1034707287798735,obse,cracker_scene1,20,old
2342,9.95095419883728,2.1034707287798735,obse,cracker_scene1,20,old
2343,9.955328226089478,2.1032482432691317,obse,cracker_scene1,20,old
2344,9.959452629089355,2.1032482432691317,obse,cracker_scene1,20,old
2345,9.964056491851807,2.1021601294245666,obse,cracker_scene1,20,old
2346,9.968432188034058,2.103243887557455,obse,cracker_scene1,20,old
2347,9.972751140594482,2.103243887557455,obse,cracker_scene1,20,old
2348,9.977088689804077,2.103142514134656,obse,cracker_scene1,20,old
2349,9.981437921524048,2.103142514134656,obse,cracker_scene1,20,old
2350,9.985721349716187,2.1032092229258206,obse,cracker_scene1,20,old
2351,9.989763259887695,2.1032092229258206,obse,cracker_scene1,20,old
2352,9.9941885471344,2.103171392737825,obse,cracker_scene1,20,old
2353,9.998355627059937,2.103248995607509,obse,cracker_scene1,20,old
2354,10.002693891525269,2.101961201496567,obse,cracker_scene1,20,old
2355,10.006864070892334,2.101961201496567,obse,cracker_scene1,20,old
2356,10.01149868965149,2.103233859698732,obse,cracker_scene1,20,old
2357,10.0155668258667,2.103233859698732,obse,cracker_scene1,20,old
2358,10.01993703842163,2.1031522091127455,obse,cracker_scene1,20,old
2359,10.024223327636719,2.1031522091127455,obse,cracker_scene1,20,old
2360,10.028748750686646,2.1033677404481717,obse,cracker_scene1,20,old
2361,10.032830476760864,2.1033677404481717,obse,cracker_scene1,20,old
2362,10.037464618682861,2.1032380612691775,obse,cracker_scene1,20,old
2363,10.041538953781128,2.1032380612691775,obse,cracker_scene1,20,old
2364,10.046008348464966,2.103180694587593,obse,cracker_scene1,20,old
2365,10.050059795379639,2.103180694587593,obse,cracker_scene1,20,old
2366,10.054628849029541,2.103425911210935,obse,cracker_scene1,20,old
2367,10.058737993240356,2.103425911210935,obse,cracker_scene1,20,old
2368,10.063496112823486,2.1031385369810227,obse,cracker_scene1,20,old
2369,10.0675950050354,2.1027352142959153,obse,cracker_scene1,20,old
2370,10.072051048278809,2.102833038812232,obse,cracker_scene1,20,old
2371,10.076478004455566,2.102842208041178,obse,cracker_scene1,20,old
2372,10.080780744552612,2.102842208041178,obse,cracker_scene1,20,old
2373,10.085086822509766,2.1029909842802628,obse,cracker_scene1,20,old
2374,10.089366912841797,2.1029909842802628,obse,cracker_scene1,20,old
2375,10.093969821929932,2.100899866991509,obse,cracker_scene1,20,old
2376,10.09811019897461,2.100899866991509,obse,cracker_scene1,20,old
2377,10.102412223815918,2.102082597805312,obse,cracker_scene1,20,old
2378,10.106765508651733,2.102082597805312,obse,cracker_scene1,20,old
2379,10.111225843429565,2.1021418152885705,obse,cracker_scene1,20,old
2380,10.115430116653442,2.1021418152885705,obse,cracker_scene1,20,old
2381,10.119887590408325,2.1020852346778387,obse,cracker_scene1,20,old
2382,10.12401008605957,2.1020852346778387,obse,cracker_scene1,20,old
2383,10.128583669662476,2.101994367085349,obse,cracker_scene1,20,old
2384,10.132619142532349,2.101994367085349,obse,cracker_scene1,20,old
2385,10.137072324752808,2.1020428498960007,obse,cracker_scene1,20,old
2386,10.14121413230896,2.1020428498960007,obse,cracker_scene1,20,old
2387,10.1458580493927,2.1008625216054098,obse,cracker_scene1,20,old
2388,10.149932384490967,2.1008625216054098,obse,cracker_scene1,20,old
2389,10.154690980911255,2.1024715391961513,obse,cracker_scene1,20,old
2390,10.158741235733032,2.1024715391961513,obse,cracker_scene1,20,old
2391,10.16327166557312,2.102750093124647,obse,cracker_scene1,20,old
2392,10.167386770248413,2.102750093124647,obse,cracker_scene1,20,old
2393,10.171932697296143,2.1028198842942967,obse,cracker_scene1,20,old
2394,10.176252365112305,2.1028378993611962,obse,cracker_scene1,20,old
2395,10.180591106414795,2.1028378993611962,obse,cracker_scene1,20,old
2396,10.184876441955566,2.1012556251068206,obse,cracker_scene1,20,old
2397,10.189154386520386,2.1012556251068206,obse,cracker_scene1,20,old
2398,10.193280696868896,2.1013858650654402,obse,cracker_scene1,20,old
2399,10.197642803192139,2.101399134582591,obse,cracker_scene1,20,old
2400,10.201933860778809,2.102675686520846,obse,cracker_scene1,20,old
2401,10.206319570541382,2.102675686520846,obse,cracker_scene1,20,old
2402,10.210649013519287,2.1024013844331444,obse,cracker_scene1,20,old
2403,10.214949131011963,2.1024013844331444,obse,cracker_scene1,20,old
2404,10.219263076782227,2.1021710211649394,obse,cracker_scene1,20,old
2405,10.22354245185852,2.1021710211649394,obse,cracker_scene1,20,old
2406,10.228010654449463,2.100476731623302,obse,cracker_scene1,20,old
2407,10.232182025909424,2.100476731623302,obse,cracker_scene1,20,old
2408,10.236579656600952,2.1007672187154567,obse,cracker_scene1,20,old
2409,10.240834712982178,2.1007672187154567,obse,cracker_scene1,20,old
2410,10.245314836502075,2.1025009773704193,obse,cracker_scene1,20,old
2411,10.249326229095459,2.1025009773704193,obse,cracker_scene1,20,old
2412,10.253876686096191,2.102657893817315,obse,cracker_scene1,20,old
2413,10.258055448532104,2.102657893817315,obse,cracker_scene1,20,old
2414,10.262751817703247,2.102696015296882,obse,cracker_scene1,20,old
2415,10.266818284988403,2.102696015296882,obse,cracker_scene1,20,old
2416,10.271369218826294,2.102826586761889,obse,cracker_scene1,20,old
2417,10.27545952796936,2.102826586761889,obse,cracker_scene1,20,old
2418,10.27995777130127,2.1030332882606153,obse,cracker_scene1,20,old
2419,10.28410816192627,2.103033538127752,obse,cracker_scene1,20,old
2420,10.288464307785034,2.1027070038891917,obse,cracker_scene1,20,old
2421,10.292775630950928,2.1025766470785863,obse,cracker_scene1,20,old
2422,10.297287702560425,2.1026416617557517,obse,cracker_scene1,20,old
2423,10.301447868347168,2.1026416617557517,obse,cracker_scene1,20,old
2424,10.305814504623413,2.1024068054598812,obse,cracker_scene1,20,old
2425,10.310142755508423,2.1024547014305774,obse,cracker_scene1,20,old
2426,10.314476728439331,2.1025613736527484,obse,cracker_scene1,20,old
2427,10.318744659423828,2.1024484009148603,obse,cracker_scene1,20,old
2428,10.323102235794067,2.1024484009148603,obse,cracker_scene1,20,old
2429,10.327403545379639,2.1022979870713145,obse,cracker_scene1,20,old
2430,10.331696033477783,2.1022979870713145,obse,cracker_scene1,20,old
2431,10.336081504821777,2.1026150948453557,obse,cracker_scene1,20,old
2432,10.340219974517822,2.1026150948453557,obse,cracker_scene1,20,old
2433,10.344632625579834,2.1015764520075626,obse,cracker_scene1,20,old
2434,10.348765850067139,2.1015764520075626,obse,cracker_scene1,20,old
2435,10.353250980377197,2.102839002346891,obse,cracker_scene1,20,old
2436,10.357380151748657,2.102839002346891,obse,cracker_scene1,20,old
2437,10.36191701889038,2.1032402018449847,obse,cracker_scene1,20,old
2438,10.366071462631226,2.1032402018449847,obse,cracker_scene1,20,old
2439,10.37050986289978,2.101975627222031,obse,cracker_scene1,20,old
2440,10.374617099761963,2.101975627222031,obse,cracker_scene1,20,old
2441,10.378847360610962,2.1030734058141256,obse,cracker_scene1,20,old
2442,10.38312554359436,2.1030734058141256,obse,cracker_scene1,20,old
2443,10.387518167495728,2.101563050684744,obse,cracker_scene1,20,old
2444,10.391557693481445,2.101563050684744,obse,cracker_scene1,20,old
2445,10.396209001541138,2.1029385686233795,obse,cracker_scene1,20,old
2446,10.400212526321411,2.1029385686233795,obse,cracker_scene1,20,old
2447,10.40484094619751,2.102780325867398,obse,cracker_scene1,20,old
2448,10.408923387527466,2.102780325867398,obse,cracker_scene1,20,old
2449,10.413333654403687,2.1028016714479527,obse,cracker_scene1,20,old
2450,10.417734861373901,2.1028016714479527,obse,cracker_scene1,20,old
2451,10.422072410583496,2.102550571667855,obse,cracker_scene1,20,old
2452,10.426181554794312,2.102550571667855,obse,cracker_scene1,20,old
2453,10.430359125137329,2.1024905272751298,obse,cracker_scene1,20,old
2454,10.434662342071533,2.1024905272751298,obse,cracker_scene1,20,old
2455,10.438879251480103,2.101572505172985,obse,cracker_scene1,20,old
2456,10.443191766738892,2.101572505172985,obse,cracker_scene1,20,old
2457,10.447553634643555,2.1028111604091784,obse,cracker_scene1,20,old
2458,10.452148914337158,2.1027938402573687,obse,cracker_scene1,20,old
2459,10.456424951553345,2.1027689634398845,obse,cracker_scene1,20,old
2460,10.460893392562866,2.1027190306633434,obse,cracker_scene1,20,old
2461,10.465206146240234,2.1027190306633434,obse,cracker_scene1,20,old
2462,10.469408750534058,2.10288341449711,obse,cracker_scene1,20,old
2463,10.473865985870361,2.102482707419294,obse,cracker_scene1,20,old
2464,10.478016138076782,2.102482707419294,obse,cracker_scene1,20,old
2465,10.482133865356445,2.102482707419294,obse,cracker_scene1,20,old
2466,10.486632585525513,2.1026486419110935,obse,cracker_scene1,20,old
2467,10.490729093551636,2.1026486419110935,obse,cracker_scene1,20,old
2468,10.495451927185059,2.101629238107882,obse,cracker_scene1,20,old
2469,10.49968695640564,2.1028630249789453,obse,cracker_scene1,20,old
2470,10.504035472869873,2.102810618138209,obse,cracker_scene1,20,old
2471,10.508400201797485,2.1030460818408043,obse,cracker_scene1,20,old
2472,10.512670755386353,2.1030460818408043,obse,cracker_scene1,20,old
2473,10.5170316696167,2.1030460818408043,obse,cracker_scene1,20,old
2474,10.52136778831482,2.101755502602562,obse,cracker_scene1,20,old
2475,10.525645971298218,2.101755502602562,obse,cracker_scene1,20,old
2476,10.530073165893555,2.1011068342589203,obse,cracker_scene1,20,old
2477,10.534168481826782,2.1011068342589203,obse,cracker_scene1,20,old
2478,10.538430452346802,2.102151399683872,obse,cracker_scene1,20,old
2479,10.542439937591553,2.102151399683872,obse,cracker_scene1,20,old
2480,10.546711683273315,2.102151399683872,obse,cracker_scene1,20,old
2481,10.551243305206299,2.101087164652002,obse,cracker_scene1,20,old
2482,10.555582523345947,2.102485234530553,obse,cracker_scene1,20,old
2483,10.560059070587158,2.102485234530553,obse,cracker_scene1,20,old
2484,10.564370393753052,2.102532258739335,obse,cracker_scene1,20,old
2485,10.568657398223877,2.102340917499496,obse,cracker_scene1,20,old
2486,10.572908639907837,2.102340917499496,obse,cracker_scene1,20,old
2487,10.577391386032104,2.102606017987238,obse,cracker_scene1,20,old
2488,10.58153223991394,2.102606017987238,obse,cracker_scene1,20,old
2489,10.586313247680664,2.102573527266591,obse,cracker_scene1,20,old
2490,10.590842723846436,2.10128697876819,obse,cracker_scene1,20,old
2491,10.595544338226318,2.1028728329297897,obse,cracker_scene1,20,old
2492,10.60001826286316,2.1028530926308795,obse,cracker_scene1,20,old
2493,10.604643821716309,2.1026925266285215,obse,cracker_scene1,20,old
2494,10.609007120132446,2.101623713547288,obse,cracker_scene1,20,old
2495,10.61333966255188,2.101623713547288,obse,cracker_scene1,20,old
2496,10.617626905441284,2.101671950146156,obse,cracker_scene1,20,old
2497,10.622018575668335,2.1029655691689335,obse,cracker_scene1,20,old
2498,10.62626576423645,2.1026783853877387,obse,cracker_scene1,20,old
2499,10.630628824234009,2.1026783853877387,obse,cracker_scene1,20,old
2500,10.634908437728882,2.102372364218672,obse,cracker_scene1,20,old
2501,10.639358043670654,2.102372364218672,obse,cracker_scene1,20,old
2502,10.64376449584961,2.1022936928648983,obse,cracker_scene1,20,old
2503,10.648098945617676,2.1022936928648983,obse,cracker_scene1,20,old
2504,10.652539491653442,2.102417471616392,obse,cracker_scene1,20,old
2505,10.656728267669678,2.102417471616392,obse,cracker_scene1,20,old
2506,10.661272287368774,2.1025651724028656,obse,cracker_scene1,20,old
2507,10.665337085723877,2.1025651724028656,obse,cracker_scene1,20,old
2508,10.669812440872192,2.1014850776230434,obse,cracker_scene1,20,old
2509,10.67388916015625,2.1014850776230434,obse,cracker_scene1,20,old
2510,10.678436756134033,2.10265516875708,obse,cracker_scene1,20,old
2511,10.682469129562378,2.10265516875708,obse,cracker_scene1,20,old
2512,10.6870276927948,2.102546000128248,obse,cracker_scene1,20,old
2513,10.691089153289795,2.102546000128248,obse,cracker_scene1,20,old
2514,10.695786714553833,2.1026974278544266,obse,cracker_scene1,20,old
2515,10.69985580444336,2.1026974278544266,obse,cracker_scene1,20,old
2516,10.704331398010254,2.102604023828957,obse,cracker_scene1,20,old
2517,10.708739519119263,2.1025757361982667,obse,cracker_scene1,20,old
2518,10.713263273239136,2.1025462209904937,obse,cracker_scene1,20,old
2519,10.717396259307861,2.1025462209904937,obse,cracker_scene1,20,old
2520,10.721898555755615,2.101223585017477,obse,cracker_scene1,20,old
2521,10.726243019104004,2.1024181627849154,obse,cracker_scene1,20,old
2522,10.7306067943573,2.1026333967429665,obse,cracker_scene1,20,old
2523,10.734870672225952,2.102492085109194,obse,cracker_scene1,20,old
2524,10.739397048950195,2.102492085109194,obse,cracker_scene1,20,old
2525,10.74364185333252,2.10258546189658,obse,cracker_scene1,20,old
2526,10.747896909713745,2.10258546189658,obse,cracker_scene1,20,old
2527,10.752178192138672,2.1012905959004593,obse,cracker_scene1,20,old
2528,10.756452322006226,2.1012905959004593,obse,cracker_scene1,20,old
2529,10.76089882850647,2.102740716145944,obse,cracker_scene1,20,old
2530,10.765250205993652,2.102740716145944,obse,cracker_scene1,20,old
2531,10.769632339477539,2.102817189673803,obse,cracker_scene1,20,old
2532,10.773774862289429,2.102817189673803,obse,cracker_scene1,20,old
2533,10.77820611000061,2.1016184028508125,obse,cracker_scene1,20,old
2534,10.782330751419067,2.1016184028508125,obse,cracker_scene1,20,old
2535,10.78671932220459,2.101378089450554,obse,cracker_scene1,20,old
2536,10.790966749191284,2.101378089450554,obse,cracker_scene1,20,old
2537,10.795688152313232,2.102618455380507,obse,cracker_scene1,20,old
2538,10.79973840713501,2.102618455380507,obse,cracker_scene1,20,old
2539,10.803951740264893,2.10250011078365,obse,cracker_scene1,20,old
2540,10.808248519897461,2.10250011078365,obse,cracker_scene1,20,old
2541,10.812699317932129,2.1025733097503156,obse,cracker_scene1,20,old
2542,10.8169527053833,2.1025733097503156,obse,cracker_scene1,20,old
2543,10.82153868675232,2.1027144686197836,obse,cracker_scene1,20,old
2544,10.82560110092163,2.1027144686197836,obse,cracker_scene1,20,old
2545,10.829967975616455,2.1026550453891915,obse,cracker_scene1,20,old
2546,10.834156513214111,2.1026550453891915,obse,cracker_scene1,20,old
2547,10.838409185409546,2.1014553117352195,obse,cracker_scene1,20,old
2548,10.842689990997314,2.1013827246297208,obse,cracker_scene1,20,old
2549,10.8469557762146,2.1012688320648625,obse,cracker_scene1,20,old
2550,10.851179599761963,2.1013789755369414,obse,cracker_scene1,20,old
2551,10.855340957641602,2.1013789755369414,obse,cracker_scene1,20,old
2552,10.859778642654419,2.102596074724662,obse,cracker_scene1,20,old
2553,10.864162683486938,2.102596074724662,obse,cracker_scene1,20,old
2554,10.868698120117188,2.1025175389750173,obse,cracker_scene1,20,old
2555,10.873055696487427,2.1025175389750173,obse,cracker_scene1,20,old
2556,10.877416610717773,2.1025487793425324,obse,cracker_scene1,20,old
2557,10.88167142868042,2.1025487793425324,obse,cracker_scene1,20,old
2558,10.88595175743103,2.1012125206507983,obse,cracker_scene1,20,old
2559,10.890228271484375,2.1012125206507983,obse,cracker_scene1,20,old
2560,10.89479660987854,2.1025070238514525,obse,cracker_scene1,20,old
2561,10.899032354354858,2.1025070238514525,obse,cracker_scene1,20,old
2562,10.903205394744873,2.1025820560606228,obse,cracker_scene1,20,old
2563,10.90756368637085,2.1025820560606228,obse,cracker_scene1,20,old
2564,10.911877632141113,2.101256837006499,obse,cracker_scene1,20,old
2565,10.916218280792236,2.101256837006499,obse,cracker_scene1,20,old
2566,10.920583486557007,2.1014408055317224,obse,cracker_scene1,20,old
2567,10.924522399902344,2.1014408055317224,obse,cracker_scene1,20,old
2568,10.92896580696106,2.10119314511552,obse,cracker_scene1,20,old
2569,10.93315601348877,2.1011345667185175,obse,cracker_scene1,20,old
2570,10.93744158744812,2.1011301430401073,obse,cracker_scene1,20,old
2571,10.941842079162598,2.1011521780276334,obse,cracker_scene1,20,old
2572,10.946210384368896,2.1024337963447364,obse,cracker_scene1,20,old
2573,10.950405836105347,2.1022453963639514,obse,cracker_scene1,20,old
2574,10.954615116119385,2.1022453963639514,obse,cracker_scene1,20,old
2575,10.959025621414185,2.1012455111301094,obse,cracker_scene1,20,old
2576,10.96362566947937,2.1012455111301094,obse,cracker_scene1,20,old
2577,10.968058109283447,2.1013577660790377,obse,cracker_scene1,20,old
2578,10.972349405288696,2.1013577660790377,obse,cracker_scene1,20,old
2579,10.97655987739563,2.1024180591519794,obse,cracker_scene1,20,old
2580,10.980841636657715,2.1024180591519794,obse,cracker_scene1,20,old
2581,10.985339164733887,2.1022318185747624,obse,cracker_scene1,20,old
2582,10.990025043487549,2.10217306915104,obse,cracker_scene1,20,old
2583,10.994760036468506,2.1007721505662458,obse,cracker_scene1,20,old
2584,10.999159097671509,2.1007721505662458,obse,cracker_scene1,20,old
2585,11.003637313842773,2.102029440661343,obse,cracker_scene1,20,old
2586,11.00767183303833,2.102029440661343,obse,cracker_scene1,20,old
2587,11.012160778045654,2.1023132736765247,obse,cracker_scene1,20,old
2588,11.016202449798584,2.1023132736765247,obse,cracker_scene1,20,old
2589,11.020722389221191,2.1010071089603644,obse,cracker_scene1,20,old
2590,11.024872064590454,2.1010071089603644,obse,cracker_scene1,20,old
2591,11.029573440551758,2.102499001793201,obse,cracker_scene1,20,old
2592,11.033692359924316,2.102499001793201,obse,cracker_scene1,20,old
2593,11.03820252418518,2.10270282949116,obse,cracker_scene1,20,old
2594,11.04236364364624,2.1014878742360406,obse,cracker_scene1,20,old
2595,11.046998262405396,2.1009214727470367,obse,cracker_scene1,20,old
2596,11.051364660263062,2.1008573967154636,obse,cracker_scene1,20,old
2597,11.05565595626831,2.1008573967154636,obse,cracker_scene1,20,old
2598,11.060044765472412,2.101819984686408,obse,cracker_scene1,20,old
2599,11.064414978027344,2.101819984686408,obse,cracker_scene1,20,old
2600,11.06881046295166,2.101951835097328,obse,cracker_scene1,20,old
2601,11.072950601577759,2.101951835097328,obse,cracker_scene1,20,old
2602,11.077404975891113,2.1020534043648826,obse,cracker_scene1,20,old
2603,11.081714868545532,2.1020534043648826,obse,cracker_scene1,20,old
2604,11.086066722869873,2.1022012707855513,obse,cracker_scene1,20,old
2605,11.09036898612976,2.1022012707855513,obse,cracker_scene1,20,old
2606,11.094873189926147,2.1023015269842933,obse,cracker_scene1,20,old
2607,11.099024057388306,2.1023015269842933,obse,cracker_scene1,20,old
2608,11.10329270362854,2.1025171066370163,obse,cracker_scene1,20,old
2609,11.107644319534302,2.1025171066370163,obse,cracker_scene1,20,old
2610,11.111998796463013,2.1023289229531787,obse,cracker_scene1,20,old
2611,11.1161367893219,2.1023289229531787,obse,cracker_scene1,20,old
2612,11.120579242706299,2.1022452175273774,obse,cracker_scene1,20,old
2613,11.124680995941162,2.1022452175273774,obse,cracker_scene1,20,old
2614,11.12890100479126,2.1023669542998213,obse,cracker_scene1,20,old
2615,11.133154153823853,2.1023669542998213,obse,cracker_scene1,20,old
2616,11.137641191482544,2.102300680863051,obse,cracker_scene1,20,old
2617,11.141663074493408,2.102300680863051,obse,cracker_scene1,20,old
2618,11.14609408378601,2.1024679006506917,obse,cracker_scene1,20,old
2619,11.15043306350708,2.102749371254413,obse,cracker_scene1,20,old
2620,11.154779434204102,2.102749371254413,obse,cracker_scene1,20,old
2621,11.158856391906738,2.102749371254413,obse,cracker_scene1,20,old
2622,11.163199186325073,2.1024784936293752,obse,cracker_scene1,20,old
2623,11.167544603347778,2.1011648355253287,obse,cracker_scene1,20,old
2624,11.171964406967163,2.102305571105153,obse,cracker_scene1,20,old
2625,11.176070213317871,2.102305571105153,obse,cracker_scene1,20,old
2626,11.180602312088013,2.1020926431309075,obse,cracker_scene1,20,old
2627,11.184821605682373,2.1023597336777513,obse,cracker_scene1,20,old
2628,11.18920373916626,2.1023597336777513,obse,cracker_scene1,20,old
2629,11.193559885025024,2.10288159410673,obse,cracker_scene1,20,old
2630,11.197849035263062,2.10288159410673,obse,cracker_scene1,20,old
2631,11.202159881591797,2.102469846899825,obse,cracker_scene1,20,old
2632,11.206501722335815,2.102469846899825,obse,cracker_scene1,20,old
2633,11.21100115776062,2.1024886559404834,obse,cracker_scene1,20,old
2634,11.215140581130981,2.1024886559404834,obse,cracker_scene1,20,old
2635,11.219393968582153,2.102501185964524,obse,cracker_scene1,20,old
2636,11.223479986190796,2.102501185964524,obse,cracker_scene1,20,old
2637,11.227710008621216,2.102327299780775,obse,cracker_scene1,20,old
2638,11.23212480545044,2.102338415762067,obse,cracker_scene1,20,old
2639,11.236377954483032,2.102362020235689,obse,cracker_scene1,20,old
2640,11.240526676177979,2.102362020235689,obse,cracker_scene1,20,old
2641,11.24478554725647,2.101989765603548,obse,cracker_scene1,20,old
2642,11.248950004577637,2.101989765603548,obse,cracker_scene1,20,old
2643,11.253204107284546,2.1007251226750157,obse,cracker_scene1,20,old
2644,11.257336616516113,2.100890615232675,obse,cracker_scene1,20,old
2645,11.261359930038452,2.100890615232675,obse,cracker_scene1,20,old
2646,11.265844106674194,2.1011804251507114,obse,cracker_scene1,20,old
2647,11.270217418670654,2.1025417174697782,obse,cracker_scene1,20,old
2648,11.274205923080444,2.1025417174697782,obse,cracker_scene1,20,old
2649,11.278592586517334,2.1022896890650014,obse,cracker_scene1,20,old
2650,11.282698631286621,2.1022896890650014,obse,cracker_scene1,20,old
2651,11.287113666534424,2.102382280936296,obse,cracker_scene1,20,old
2652,11.291188955307007,2.102382280936296,obse,cracker_scene1,20,old
2653,11.295238733291626,2.102382280936296,obse,cracker_scene1,20,old
2654,11.299696445465088,2.102132865265183,obse,cracker_scene1,20,old
2655,11.303762197494507,2.10088759931919,obse,cracker_scene1,20,old
2656,11.308133125305176,2.1011120411694613,obse,cracker_scene1,20,old
2657,11.312548637390137,2.100925026627758,obse,cracker_scene1,20,old
2658,11.316669702529907,2.100925026627758,obse,cracker_scene1,20,old
2659,11.321146011352539,2.102027148735094,obse,cracker_scene1,20,old
2660,11.325224876403809,2.102027148735094,obse,cracker_scene1,20,old
2661,11.329175233840942,2.1020202546167086,obse,cracker_scene1,20,old
2662,11.333494424819946,2.1019214809874924,obse,cracker_scene1,20,old
2663,11.337679862976074,2.1011516060821647,obse,cracker_scene1,20,old
2664,11.34171199798584,2.1011516060821647,obse,cracker_scene1,20,old
2665,11.345678329467773,2.1011516060821647,obse,cracker_scene1,20,old
2666,11.349740743637085,2.1011516060821647,obse,cracker_scene1,20,old
2667,11.353699207305908,2.1011516060821647,obse,cracker_scene1,20,old
2668,11.358235597610474,2.1011516060821647,obse,cracker_scene1,20,old
2669,11.3629891872406,2.102463158355464,obse,cracker_scene1,20,old
2670,11.367201805114746,2.102463158355464,obse,cracker_scene1,20,old
2671,11.37174391746521,2.101495806221817,obse,cracker_scene1,20,old
2672,11.375861406326294,2.102713993443512,obse,cracker_scene1,20,old
2673,11.380078554153442,2.1026898647301246,obse,cracker_scene1,20,old
2674,11.384369611740112,2.1027035003915975,obse,cracker_scene1,20,old
2675,11.388678550720215,2.102477061466918,obse,cracker_scene1,20,old
2676,11.392807245254517,2.1021605104329213,obse,cracker_scene1,20,old
2677,11.397079706192017,2.1008415096493334,obse,cracker_scene1,20,old
2678,11.401281118392944,2.102230981071635,obse,cracker_scene1,20,old
2679,11.40565013885498,2.102134585903399,obse,cracker_scene1,20,old
2680,11.409844875335693,2.101952039727177,obse,cracker_scene1,20,old
2681,11.413888454437256,2.101952039727177,obse,cracker_scene1,20,old
2682,11.418066501617432,2.100691764227955,obse,cracker_scene1,20,old
2683,11.422303676605225,2.1006853070686358,obse,cracker_scene1,20,old
2684,11.426684141159058,2.1020544376197723,obse,cracker_scene1,20,old
2685,11.430798768997192,2.1020544376197723,obse,cracker_scene1,20,old
2686,11.434947967529297,2.101285722357904,obse,cracker_scene1,20,old
2687,11.439320087432861,2.101285722357904,obse,cracker_scene1,20,old
2688,11.443475008010864,2.1025794162679894,obse,cracker_scene1,20,old
2689,11.447691202163696,2.1025794162679894,obse,cracker_scene1,20,old
2690,11.451960802078247,2.1027671194433415,obse,cracker_scene1,20,old
2691,11.45612645149231,2.1027671194433415,obse,cracker_scene1,20,old
2692,11.460344791412354,2.102803930020987,obse,cracker_scene1,20,old
2693,11.464593648910522,2.102803930020987,obse,cracker_scene1,20,old
2694,11.468831300735474,2.102576195262735,obse,cracker_scene1,20,old
2695,11.473021268844604,2.102576195262735,obse,cracker_scene1,20,old
2696,11.4770987033844,2.1025830960152483,obse,cracker_scene1,20,old
2697,11.481354713439941,2.1023056414770114,obse,cracker_scene1,20,old
2698,11.485351085662842,2.1010542558844527,obse,cracker_scene1,20,old
2699,11.489343404769897,2.1010542558844527,obse,cracker_scene1,20,old
2700,11.494067907333374,2.1018762583846042,obse,cracker_scene1,20,old
2701,11.498196840286255,2.1018762583846042,obse,cracker_scene1,20,old
2702,11.50256633758545,2.1020143038741503,obse,cracker_scene1,20,old
2703,11.506613731384277,2.1020143038741503,obse,cracker_scene1,20,old
2704,11.510687828063965,2.1020143038741503,obse,cracker_scene1,20,old
2705,11.51472020149231,2.102134322476709,obse,cracker_scene1,20,old
2706,11.51872992515564,2.102134322476709,obse,cracker_scene1,20,old
2707,11.523374557495117,2.102032137357316,obse,cracker_scene1,20,old
2708,11.527804613113403,2.1017967953830983,obse,cracker_scene1,20,old
2709,11.532289266586304,2.1017967953830983,obse,cracker_scene1,20,old
2710,11.536677837371826,2.100452253806549,obse,cracker_scene1,20,old
2711,11.540805101394653,2.100452253806549,obse,cracker_scene1,20,old
2712,11.545206785202026,2.101961045608138,obse,cracker_scene1,20,old
2713,11.549265384674072,2.101961045608138,obse,cracker_scene1,20,old
2714,11.55367374420166,2.1007703605969796,obse,cracker_scene1,20,old
2715,11.557822465896606,2.1007703605969796,obse,cracker_scene1,20,old
2716,11.56226396560669,2.102220881248403,obse,cracker_scene1,20,old
2717,11.56633973121643,2.102220881248403,obse,cracker_scene1,20,old
2718,11.570751905441284,2.1011937885234673,obse,cracker_scene1,20,old
2719,11.574689626693726,2.1011937885234673,obse,cracker_scene1,20,old
2720,11.578590631484985,2.1011937885234673,obse,cracker_scene1,20,old
2721,11.583143711090088,0.2568038871604365,obse,cracker_scene1,20,old
2722,11.58771014213562,0.25724917768339617,obse,cracker_scene1,20,old
2723,11.591862678527832,0.2572689406644678,obse,cracker_scene1,20,old
2724,11.596238374710083,0.2574516875598565,obse,cracker_scene1,20,old
2725,11.600432872772217,0.25723570262309325,obse,cracker_scene1,20,old
2726,11.604740142822266,0.2572007122086127,obse,cracker_scene1,20,old
2727,11.608792543411255,0.2572007122086127,obse,cracker_scene1,20,old
2728,11.613123416900635,0.2570999385685587,obse,cracker_scene1,20,old
2729,11.617321491241455,0.2570999385685587,obse,cracker_scene1,20,old
2730,11.621739149093628,0.2570416659456795,obse,cracker_scene1,20,old
2731,11.625818014144897,0.2571000904351369,obse,cracker_scene1,20,old
2732,11.63000750541687,0.2571000904351369,obse,cracker_scene1,20,old
2733,11.634072303771973,0.2571000904351369,obse,cracker_scene1,20,old
2734,11.638279914855957,0.25708931296937826,obse,cracker_scene1,20,old
2735,11.642671823501587,0.2570567779882419,obse,cracker_scene1,20,old
2736,11.646820306777954,0.2570567779882419,obse,cracker_scene1,20,old
2737,11.651033401489258,0.2571682789700751,obse,cracker_scene1,20,old
2738,11.65516471862793,0.2571370552411197,obse,cracker_scene1,20,old
2739,11.659427404403687,0.257225023109082,obse,cracker_scene1,20,old
2740,11.663781642913818,0.257225023109082,obse,cracker_scene1,20,old
2741,11.668116092681885,0.2560873210215083,obse,cracker_scene1,20,old
2742,11.67262053489685,0.2571450027758344,obse,cracker_scene1,20,old
2743,11.676687955856323,0.2571450027758344,obse,cracker_scene1,20,old
2744,11.68112587928772,0.25708608332727106,obse,cracker_scene1,20,old
2745,11.685161352157593,0.25708608332727106,obse,cracker_scene1,20,old
2746,11.68958854675293,0.2569660781604831,obse,cracker_scene1,20,old
2747,11.694067478179932,0.2569660781604831,obse,cracker_scene1,20,old
2748,11.698642253875732,0.25680219406791027,obse,cracker_scene1,20,old
2749,11.702751159667969,0.25680219406791027,obse,cracker_scene1,20,old
2750,11.70693564414978,0.25680219406791027,obse,cracker_scene1,20,old
2751,11.711268186569214,0.25737826428440325,obse,cracker_scene1,20,old
2752,11.71542239189148,0.2572804823093383,obse,cracker_scene1,20,old
2753,11.719666242599487,0.2573898479341111,obse,cracker_scene1,20,old
2754,11.723839521408081,0.2559508048917596,obse,cracker_scene1,20,old
2755,11.72815465927124,0.2559508048917596,obse,cracker_scene1,20,old
2756,11.732314348220825,0.2559508048917596,obse,cracker_scene1,20,old
2757,11.73672342300415,0.25702567197633397,obse,cracker_scene1,20,old
2758,11.741021633148193,0.2565332997898737,obse,cracker_scene1,20,old
2759,11.745319366455078,0.2565333369228706,obse,cracker_scene1,20,old
2760,11.749431133270264,0.25652350755746683,obse,cracker_scene1,20,old
2761,11.75357985496521,0.25652350755746683,obse,cracker_scene1,20,old
2762,11.7576003074646,0.2565525959067105,obse,cracker_scene1,20,old
2763,11.762010097503662,0.256388320979181,obse,cracker_scene1,20,old
2764,11.766141414642334,0.2551859565917764,obse,cracker_scene1,20,old
2765,11.770328044891357,0.2551859565917764,obse,cracker_scene1,20,old
2766,11.77457070350647,0.25518019708534245,obse,cracker_scene1,20,old
2767,11.778749227523804,0.25518019708534245,obse,cracker_scene1,20,old
2768,11.782879829406738,0.2555901708299479,obse,cracker_scene1,20,old
2769,11.787229776382446,0.2563482303049657,obse,cracker_scene1,20,old
2770,11.791558980941772,0.2563482303049657,obse,cracker_scene1,20,old
2771,11.795989513397217,0.25636185397403627,obse,cracker_scene1,20,old
2772,11.79999828338623,0.25636185397403627,obse,cracker_scene1,20,old
2773,11.80435562133789,0.2564733664602777,obse,cracker_scene1,20,old
2774,11.808526754379272,0.2564733664602777,obse,cracker_scene1,20,old
2775,11.81290578842163,0.2563389787827398,obse,cracker_scene1,20,old
2776,11.816884517669678,0.2563389787827398,obse,cracker_scene1,20,old
2777,11.821159839630127,0.2562453839283334,obse,cracker_scene1,20,old
2778,11.82546091079712,0.2563970158201476,obse,cracker_scene1,20,old
2779,11.829792976379395,0.2564861448637475,obse,cracker_scene1,20,old
2780,11.833874702453613,0.2564861448637475,obse,cracker_scene1,20,old
2781,11.837875604629517,0.25528726807414553,obse,cracker_scene1,20,old
2782,11.842297792434692,0.2552889644656941,obse,cracker_scene1,20,old
2783,11.846649885177612,0.2551405992026667,obse,cracker_scene1,20,old
2784,11.850841760635376,0.2564024938726935,obse,cracker_scene1,20,old
2785,11.855121374130249,0.2564024938726935,obse,cracker_scene1,20,old
2786,11.859172821044922,0.2563724656997267,obse,cracker_scene1,20,old
2787,11.863585710525513,0.25635478513252546,obse,cracker_scene1,20,old
2788,11.867757320404053,0.2563695833133462,obse,cracker_scene1,20,old
2789,11.872000455856323,0.2563695833133462,obse,cracker_scene1,20,old
2790,11.876182556152344,0.25517387108732814,obse,cracker_scene1,20,old
2791,11.88048005104065,0.25517387108732814,obse,cracker_scene1,20,old
2792,11.884833812713623,0.2552323046228056,obse,cracker_scene1,20,old
2793,11.88903546333313,0.2552323046228056,obse,cracker_scene1,20,old
2794,11.893368244171143,0.25515695475788314,obse,cracker_scene1,20,old
2795,11.897641897201538,0.25515695475788314,obse,cracker_scene1,20,old
2796,11.901803255081177,0.2562112212619469,obse,cracker_scene1,20,old
2797,11.906004190444946,0.2562112212619469,obse,cracker_scene1,20,old
2798,11.910372257232666,0.25518240077711557,obse,cracker_scene1,20,old
2799,11.914594650268555,0.25518240077711557,obse,cracker_scene1,20,old
2800,11.918750286102295,0.25524525345352633,obse,cracker_scene1,20,old
2801,11.92295241355896,0.25524525345352633,obse,cracker_scene1,20,old
2802,11.927135705947876,0.25634898022858443,obse,cracker_scene1,20,old
2803,11.931208848953247,0.25634898022858443,obse,cracker_scene1,20,old
2804,11.935883522033691,0.25507657464434513,obse,cracker_scene1,20,old
2805,11.940014362335205,0.25507657464434513,obse,cracker_scene1,20,old
2806,11.944507122039795,0.25517102689876786,obse,cracker_scene1,20,old
2807,11.948578119277954,0.25517102689876786,obse,cracker_scene1,20,old
2808,11.952855110168457,0.25626358472958416,obse,cracker_scene1,20,old
2809,11.956952571868896,0.25626358472958416,obse,cracker_scene1,20,old
2810,11.961306810379028,0.256359658549107,obse,cracker_scene1,20,old
2811,11.965505361557007,0.256359658549107,obse,cracker_scene1,20,old
2812,11.969664096832275,0.2563848494117015,obse,cracker_scene1,20,old
2813,11.974035024642944,0.2563848494117015,obse,cracker_scene1,20,old
2814,11.978362560272217,0.2551601773748322,obse,cracker_scene1,20,old
2815,11.98248291015625,0.2551601773748322,obse,cracker_scene1,20,old
2816,11.986806631088257,0.2562590101902651,obse,cracker_scene1,20,old
2817,11.990763664245605,0.2562590101902651,obse,cracker_scene1,20,old
2818,11.995264291763306,0.2562793893016426,obse,cracker_scene1,20,old
2819,11.999282121658325,0.2562793893016426,obse,cracker_scene1,20,old
2820,12.003671884536743,0.2563452590618658,obse,cracker_scene1,20,old
2821,12.007768154144287,0.2563452590618658,obse,cracker_scene1,20,old
2822,12.012086629867554,0.2563617125812079,obse,cracker_scene1,20,old
2823,12.01619005203247,0.2563617125812079,obse,cracker_scene1,20,old
2824,12.020556926727295,0.25641727200719383,obse,cracker_scene1,20,old
2825,12.024548768997192,0.25641727200719383,obse,cracker_scene1,20,old
2826,12.02885127067566,0.256258621219341,obse,cracker_scene1,20,old
2827,12.032849311828613,0.256258621219341,obse,cracker_scene1,20,old
2828,12.037296533584595,0.25504257308482,obse,cracker_scene1,20,old
2829,12.04136061668396,0.25504257308482,obse,cracker_scene1,20,old
2830,12.045892238616943,0.2562519491039366,obse,cracker_scene1,20,old
2831,12.050058841705322,0.2562519491039366,obse,cracker_scene1,20,old
2832,12.054380416870117,0.2562519491039366,obse,cracker_scene1,20,old
2833,12.058456659317017,0.25510982473660676,obse,cracker_scene1,20,old
2834,12.06269121170044,0.25510982473660676,obse,cracker_scene1,20,old
2835,12.06690001487732,0.25632075559674206,obse,cracker_scene1,20,old
2836,12.070903062820435,0.25632075559674206,obse,cracker_scene1,20,old
2837,12.075215101242065,0.25637773236052097,obse,cracker_scene1,20,old
2838,12.079451084136963,0.25640549464828655,obse,cracker_scene1,20,old
2839,12.083861589431763,0.2563264745678721,obse,cracker_scene1,20,old
2840,12.088042259216309,0.2563264745678721,obse,cracker_scene1,20,old
2841,12.09227442741394,0.2470316477180092,obse,cracker_scene1,20,old
2842,12.096596479415894,0.2470316477180092,obse,cracker_scene1,20,old
2843,12.101057291030884,0.24686753126172242,obse,cracker_scene1,20,old
2844,12.105441093444824,0.24693544429154557,obse,cracker_scene1,20,old
2845,12.109678506851196,0.24581747696025455,obse,cracker_scene1,20,old
2846,12.113802194595337,0.24581747696025455,obse,cracker_scene1,20,old
2847,12.118080139160156,0.24760596817923036,obse,cracker_scene1,20,old
2848,12.122278690338135,0.24760596817923036,obse,cracker_scene1,20,old
2849,12.126699686050415,0.24754518653553872,obse,cracker_scene1,20,old
2850,12.130868434906006,0.24754518653553872,obse,cracker_scene1,20,old
2851,12.135261535644531,0.24715455689002136,obse,cracker_scene1,20,old
2852,12.139435052871704,0.24715455689002136,obse,cracker_scene1,20,old
2853,12.143491744995117,0.24817101509309472,obse,cracker_scene1,20,old
2854,12.147860288619995,0.24752748067202798,obse,cracker_scene1,20,old
2855,12.152108192443848,0.24649814831175035,obse,cracker_scene1,20,old
2856,12.156474828720093,0.24685756428703817,obse,cracker_scene1,20,old
2857,12.16115689277649,0.24799986641145202,obse,cracker_scene1,20,old
2858,12.165386438369751,0.24799986641145202,obse,cracker_scene1,20,old
2859,12.16943907737732,0.24726636050823145,obse,cracker_scene1,20,old
2860,12.173589706420898,0.24726636050823145,obse,cracker_scene1,20,old
2861,12.17768931388855,0.24901471179764653,obse,cracker_scene1,20,old
2862,12.181679010391235,0.24901471179764653,obse,cracker_scene1,20,old
2863,12.185637950897217,0.24901471179764653,obse,cracker_scene1,20,old
2864,12.190443992614746,0.24817336831364673,obse,cracker_scene1,20,old
2865,12.19539499282837,0.2464307952948412,obse,cracker_scene1,20,old
2866,12.199714183807373,0.24694854762499388,obse,cracker_scene1,20,old
2867,12.204145908355713,0.24602537851422043,obse,cracker_scene1,20,old
2868,12.208377838134766,0.24602537851422043,obse,cracker_scene1,20,old
2869,12.21277642250061,0.24705912141874392,obse,cracker_scene1,20,old
2870,12.21694016456604,0.24705912141874392,obse,cracker_scene1,20,old
2871,12.221174240112305,0.24747262294965913,obse,cracker_scene1,20,old
2872,12.225320100784302,0.24747262294965913,obse,cracker_scene1,20,old
2873,12.229780673980713,0.24773543048561664,obse,cracker_scene1,20,old
2874,12.233831405639648,0.24773543048561664,obse,cracker_scene1,20,old
2875,12.238105773925781,0.24713236530952803,obse,cracker_scene1,20,old
2876,12.242205142974854,0.24713236530952803,obse,cracker_scene1,20,old
2877,12.246487855911255,0.24904655694480668,obse,cracker_scene1,20,old
2878,12.250567436218262,0.24904655694480668,obse,cracker_scene1,20,old
2879,12.254913330078125,0.24879927859542156,obse,cracker_scene1,20,old
2880,12.258969783782959,0.24879927859542156,obse,cracker_scene1,20,old
2881,12.263534307479858,0.24829716805063648,obse,cracker_scene1,20,old
2882,12.267580032348633,0.24829716805063648,obse,cracker_scene1,20,old
2883,12.271987915039062,0.2467862634078505,obse,cracker_scene1,20,old
2884,12.27612853050232,0.2474609123203928,obse,cracker_scene1,20,old
2885,12.280731439590454,0.2474609123203928,obse,cracker_scene1,20,old
2886,12.285375118255615,0.24720930485355366,obse,cracker_scene1,20,old
2887,12.289651155471802,0.24720930485355366,obse,cracker_scene1,20,old
2888,12.294083833694458,0.2722552197634496,obse,cracker_scene1,20,old
2889,12.298346042633057,0.2746243195279092,obse,cracker_scene1,20,old
2890,12.302719116210938,0.27355227163383855,obse,cracker_scene1,20,old
2891,12.30692744255066,0.27355227163383855,obse,cracker_scene1,20,old
2892,12.311386108398438,0.27377845051152505,obse,cracker_scene1,20,old
2893,12.315522909164429,0.27377845051152505,obse,cracker_scene1,20,old
2894,12.320101022720337,0.27359748524342553,obse,cracker_scene1,20,old
2895,12.32421612739563,0.27359748524342553,obse,cracker_scene1,20,old
2896,12.328649997711182,0.27477688199177397,obse,cracker_scene1,20,old
2897,12.332847595214844,0.27477688199177397,obse,cracker_scene1,20,old
2898,12.337748765945435,0.2733563554907743,obse,cracker_scene1,20,old
2899,12.341822624206543,0.2733563554907743,obse,cracker_scene1,20,old
2900,12.346429109573364,0.2742845908978744,obse,cracker_scene1,20,old
2901,12.350477695465088,0.2742845908978744,obse,cracker_scene1,20,old
2902,12.355103254318237,0.2745507123545199,obse,cracker_scene1,20,old
2903,12.359382629394531,0.2746925720599487,obse,cracker_scene1,20,old
2904,12.363836765289307,0.27473541204877705,obse,cracker_scene1,20,old
2905,12.367979288101196,0.2744504467784248,obse,cracker_scene1,20,old
2906,12.372361421585083,0.2744504467784248,obse,cracker_scene1,20,old
2907,12.376662492752075,0.2744504467784248,obse,cracker_scene1,20,old
2908,12.381111860275269,0.2746705150956261,obse,cracker_scene1,20,old
2909,12.385508298873901,0.27458016868890134,obse,cracker_scene1,20,old
2910,12.389793634414673,0.27458016868890134,obse,cracker_scene1,20,old
2911,12.39438772201538,0.27342218962992604,obse,cracker_scene1,20,old
2912,12.398627042770386,0.27342218962992604,obse,cracker_scene1,20,old
2913,12.403158187866211,0.2741208528071306,obse,cracker_scene1,20,old
2914,12.407338857650757,0.2741208528071306,obse,cracker_scene1,20,old
2915,12.41207766532898,0.27407252201696064,obse,cracker_scene1,20,old
2916,12.416168928146362,0.27407252201696064,obse,cracker_scene1,20,old
2917,12.420783996582031,0.2732131127701267,obse,cracker_scene1,20,old
2918,12.424863815307617,0.2732131127701267,obse,cracker_scene1,20,old
2919,12.429579257965088,0.27449509918927006,obse,cracker_scene1,20,old
2920,12.433655738830566,0.27449509918927006,obse,cracker_scene1,20,old
2921,12.438160181045532,0.27416531697690694,obse,cracker_scene1,20,old
2922,12.442283391952515,0.2742144208809387,obse,cracker_scene1,20,old
2923,12.44856071472168,0.2736290669210124,obse,cracker_scene1,20,old
2924,12.453190088272095,0.27242792500321844,obse,cracker_scene1,20,old
2925,12.457397222518921,0.27242792500321844,obse,cracker_scene1,20,old
2926,12.462028503417969,0.2727642409654498,obse,cracker_scene1,20,old
2927,12.466147899627686,0.2727642409654498,obse,cracker_scene1,20,old
2928,12.470580816268921,0.27275813139368577,obse,cracker_scene1,20,old
2929,12.474724769592285,0.27275813139368577,obse,cracker_scene1,20,old
2930,12.479198217391968,0.27402317996000836,obse,cracker_scene1,20,old
2931,12.483265161514282,0.27402317996000836,obse,cracker_scene1,20,old
2932,12.487935781478882,0.2728279363305619,obse,cracker_scene1,20,old
2933,12.492204427719116,0.2728279363305619,obse,cracker_scene1,20,old
2934,12.496826648712158,0.27397687319178665,obse,cracker_scene1,20,old
2935,12.500840902328491,0.27397687319178665,obse,cracker_scene1,20,old
2936,12.505454301834106,0.27387270695869415,obse,cracker_scene1,20,old
2937,12.509725093841553,0.27388514700269084,obse,cracker_scene1,20,old
2938,12.513969421386719,0.2737504483595057,obse,cracker_scene1,20,old
2939,12.518118619918823,0.2737504483595057,obse,cracker_scene1,20,old
2940,12.52248764038086,0.2734177473055768,obse,cracker_scene1,20,old
2941,12.526915311813354,0.2731051036683665,obse,cracker_scene1,20,old
2942,12.530986309051514,0.2731051036683665,obse,cracker_scene1,20,old
2943,12.535414934158325,0.2731184021664017,obse,cracker_scene1,20,old
2944,12.539642572402954,0.2732339439760416,obse,cracker_scene1,20,old
2945,12.543859720230103,0.27360160597449124,obse,cracker_scene1,20,old
2946,12.548224449157715,0.27360160597449124,obse,cracker_scene1,20,old
2947,12.55267882347107,0.27236610216631263,obse,cracker_scene1,20,old
2948,12.556856155395508,0.27236610216631263,obse,cracker_scene1,20,old
2949,12.561272621154785,0.2732362007037139,obse,cracker_scene1,20,old
2950,12.5653657913208,0.2732362007037139,obse,cracker_scene1,20,old
2951,12.569876194000244,0.2723484272939505,obse,cracker_scene1,20,old
2952,12.573989391326904,0.2723484272939505,obse,cracker_scene1,20,old
2953,12.578523874282837,0.27225145922912297,obse,cracker_scene1,20,old
2954,12.5825936794281,0.27225145922912297,obse,cracker_scene1,20,old
2955,12.587051153182983,0.2733122270352215,obse,cracker_scene1,20,old
2956,12.591231107711792,0.2733122270352215,obse,cracker_scene1,20,old
2957,12.59585690498352,0.2719755662550263,obse,cracker_scene1,20,old
2958,12.599889993667603,0.2719755662550263,obse,cracker_scene1,20,old
2959,12.60429072380066,0.27313694687699197,obse,cracker_scene1,20,old
2960,12.608430624008179,0.27313694687699197,obse,cracker_scene1,20,old
2961,12.612885475158691,0.2512894359100579,obse,cracker_scene1,20,old
2962,12.617090463638306,0.2512894359100579,obse,cracker_scene1,20,old
2963,12.62143087387085,0.2502289285266084,obse,cracker_scene1,20,old
2964,12.625517845153809,0.2502289285266084,obse,cracker_scene1,20,old
2965,12.630220174789429,0.24964601164893563,obse,cracker_scene1,20,old
2966,12.63435697555542,0.2501347973639865,obse,cracker_scene1,20,old
2967,12.638730525970459,0.2501347973639865,obse,cracker_scene1,20,old
2968,12.642893075942993,0.24973094614851368,obse,cracker_scene1,20,old
2969,12.64717984199524,0.24997359748936285,obse,cracker_scene1,20,old
2970,12.651473045349121,0.25191696447472395,obse,cracker_scene1,20,old
2971,12.656280755996704,0.25191696447472395,obse,cracker_scene1,20,old
2972,12.660758972167969,0.25218307823851127,obse,cracker_scene1,20,old
2973,12.664996147155762,0.25218307823851127,obse,cracker_scene1,20,old
2974,12.66961145401001,0.25167785768307327,obse,cracker_scene1,20,old
2975,12.673612594604492,0.25167785768307327,obse,cracker_scene1,20,old
2976,12.677932262420654,0.2504386494034157,obse,cracker_scene1,20,old
2977,12.68207335472107,0.2504386494034157,obse,cracker_scene1,20,old
2978,12.686677694320679,0.25115327185343655,obse,cracker_scene1,20,old
2979,12.690996646881104,0.25115327185343655,obse,cracker_scene1,20,old
2980,12.695453882217407,0.25046089657116277,obse,cracker_scene1,20,old
2981,12.699524164199829,0.25046089657116277,obse,cracker_scene1,20,old
2982,12.70396614074707,0.24987180461031852,obse,cracker_scene1,20,old
2983,12.708229303359985,0.24987180461031852,obse,cracker_scene1,20,old
2984,12.712785959243774,0.24983946029766302,obse,cracker_scene1,20,old
2985,12.71709942817688,0.24983946029766302,obse,cracker_scene1,20,old
2986,12.721502304077148,0.24900065039821734,obse,cracker_scene1,20,old
2987,12.725787878036499,0.25099372555174265,obse,cracker_scene1,20,old
2988,12.730166912078857,0.25099372555174265,obse,cracker_scene1,20,old
2989,12.734307527542114,0.2510048819948152,obse,cracker_scene1,20,old
2990,12.73898696899414,0.25120238240517706,obse,cracker_scene1,20,old
2991,12.743207693099976,0.25106841037668526,obse,cracker_scene1,20,old
2992,12.747497797012329,0.25106841037668526,obse,cracker_scene1,20,old
2993,12.751950740814209,0.25061946537223434,obse,cracker_scene1,20,old
2994,12.756275415420532,0.25061946537223434,obse,cracker_scene1,20,old
2995,12.760841608047485,0.2500001699614332,obse,cracker_scene1,20,old
2996,12.764915943145752,0.2500001699614332,obse,cracker_scene1,20,old
2997,12.769289493560791,0.24889816405431342,obse,cracker_scene1,20,old
2998,12.773399591445923,0.24889816405431342,obse,cracker_scene1,20,old
2999,12.777753829956055,0.2496894103952954,obse,cracker_scene1,20,old
3000,12.782047748565674,0.2496894103952954,obse,cracker_scene1,20,old
3001,12.78636646270752,0.24972703272884067,obse,cracker_scene1,20,old
3002,12.790584087371826,0.24972703272884067,obse,cracker_scene1,20,old
3003,12.795038938522339,0.2494155707123243,obse,cracker_scene1,20,old
3004,12.799173593521118,0.2494155707123243,obse,cracker_scene1,20,old
3005,12.803583145141602,0.25022629483715203,obse,cracker_scene1,20,old
3006,12.80790400505066,0.25022629483715203,obse,cracker_scene1,20,old
3007,12.812260627746582,0.24954811423317735,obse,cracker_scene1,20,old
3008,12.816327333450317,0.24954811423317735,obse,cracker_scene1,20,old
3009,12.820664405822754,0.24880429934324916,obse,cracker_scene1,20,old
3010,12.824848175048828,0.24880429934324916,obse,cracker_scene1,20,old
3011,12.829332828521729,0.2493435773552847,obse,cracker_scene1,20,old
3012,12.833328008651733,0.2493435773552847,obse,cracker_scene1,20,old
3013,12.837611436843872,0.248879494144549,obse,cracker_scene1,20,old
3014,12.841859340667725,0.24889527732337127,obse,cracker_scene1,20,old
3015,12.846288204193115,0.24864033344681077,obse,cracker_scene1,20,old
3016,12.850395202636719,0.24864033344681077,obse,cracker_scene1,20,old
3017,12.854750871658325,0.24890521200941074,obse,cracker_scene1,20,old
3018,12.858916759490967,0.24890521200941074,obse,cracker_scene1,20,old
3019,12.863409042358398,0.2487380725505022,obse,cracker_scene1,20,old
3020,12.86746597290039,0.2487380725505022,obse,cracker_scene1,20,old
3021,12.871667623519897,0.24848315679905045,obse,cracker_scene1,20,old
3022,12.87566089630127,0.24848315679905045,obse,cracker_scene1,20,old
3023,12.879760980606079,0.24846809280921694,obse,cracker_scene1,20,old
3024,12.883830308914185,0.2486303317095574,obse,cracker_scene1,20,old
3025,12.888423204421997,2.9522801073298646,obse,cracker_scene1,20,old
3026,12.892569303512573,2.952299717005119,obse,cracker_scene1,20,old
3027,12.897018194198608,2.955964313409933,obse,cracker_scene1,20,old
3028,12.901164770126343,2.9559101019723135,obse,cracker_scene1,20,old
3029,12.905392169952393,2.9547586582787533,obse,cracker_scene1,20,old
3030,12.90959358215332,2.9547336785571,obse,cracker_scene1,20,old
3031,12.913850784301758,2.9547336785571,obse,cracker_scene1,20,old
3032,12.91808271408081,2.9559090517128817,obse,cracker_scene1,20,old
3033,12.92235279083252,2.956146829008651,obse,cracker_scene1,20,old
3034,12.926677942276001,2.956366491040458,obse,cracker_scene1,20,old
3035,12.930909633636475,2.9564148111076007,obse,cracker_scene1,20,old
3036,12.935490369796753,2.9560888196647004,obse,cracker_scene1,20,old
3037,12.93966794013977,2.9560888196647004,obse,cracker_scene1,20,old
3038,12.943882942199707,2.9560888196647004,obse,cracker_scene1,20,old
3039,12.948079347610474,2.956268251493196,obse,cracker_scene1,20,old
3040,12.952464580535889,2.9565760233254963,obse,cracker_scene1,20,old
3041,12.956614017486572,2.9563030825383203,obse,cracker_scene1,20,old
3042,12.961056470870972,2.9563030825383203,obse,cracker_scene1,20,old
3043,12.96518063545227,2.9563030825383203,obse,cracker_scene1,20,old
3044,12.969586372375488,2.9562976558275333,obse,cracker_scene1,20,old
3045,12.97375202178955,2.9562976558275333,obse,cracker_scene1,20,old
3046,12.978226900100708,2.9549401217988724,obse,cracker_scene1,20,old
3047,12.98234748840332,2.9549401217988724,obse,cracker_scene1,20,old
3048,12.986526727676392,2.955011185131518,obse,cracker_scene1,20,old
3049,12.99071455001831,2.955011185131518,obse,cracker_scene1,20,old
3050,12.995354652404785,2.9565616090825415,obse,cracker_scene1,20,old
3051,12.999685287475586,2.9565616090825415,obse,cracker_scene1,20,old
3052,13.0041823387146,2.9561006264539644,obse,cracker_scene1,20,old
3053,13.008883237838745,2.955774901961127,obse,cracker_scene1,20,old
3054,13.013285636901855,2.955912161665106,obse,cracker_scene1,20,old
3055,13.01772141456604,2.955859210356317,obse,cracker_scene1,20,old
3056,13.022040367126465,2.955859210356317,obse,cracker_scene1,20,old
3057,13.026314496994019,2.9565105991863248,obse,cracker_scene1,20,old
3058,13.030900239944458,2.9565105991863248,obse,cracker_scene1,20,old
3059,13.035231113433838,2.956638893050704,obse,cracker_scene1,20,old
3060,13.03954029083252,2.956638893050704,obse,cracker_scene1,20,old
3061,13.043890714645386,2.955625396761904,obse,cracker_scene1,20,old
3062,13.048126697540283,2.955775239604961,obse,cracker_scene1,20,old
3063,13.052379369735718,2.9571137819895554,obse,cracker_scene1,20,old
3064,13.056625843048096,2.9571137819895554,obse,cracker_scene1,20,old
3065,13.061200618743896,2.9567977093844355,obse,cracker_scene1,20,old
3066,13.065381288528442,2.9567977093844355,obse,cracker_scene1,20,old
3067,13.069722414016724,2.95700522460283,obse,cracker_scene1,20,old
3068,13.073835134506226,2.95700522460283,obse,cracker_scene1,20,old
3069,13.078117609024048,2.955778561301938,obse,cracker_scene1,20,old
3070,13.082209825515747,2.955778561301938,obse,cracker_scene1,20,old
3071,13.08627724647522,2.955778561301938,obse,cracker_scene1,20,old
3072,13.090687990188599,2.955968797889564,obse,cracker_scene1,20,old
3073,13.0955069065094,2.955804794636511,obse,cracker_scene1,20,old
3074,13.099752426147461,2.955804794636511,obse,cracker_scene1,20,old
3075,13.104404926300049,2.9565362253430876,obse,cracker_scene1,20,old
3076,13.108559131622314,2.9565362253430876,obse,cracker_scene1,20,old
3077,13.112842798233032,2.956514148910424,obse,cracker_scene1,20,old
3078,13.11713171005249,2.956514148910424,obse,cracker_scene1,20,old
3079,13.121644973754883,2.9567934475430966,obse,cracker_scene1,20,old
3080,13.125882863998413,2.9554363623524127,obse,cracker_scene1,20,old
3081,13.130653381347656,2.9554363623524127,obse,cracker_scene1,20,old
3082,13.135003566741943,2.9569845719527286,obse,cracker_scene1,20,old
3083,13.139328479766846,2.9569845719527286,obse,cracker_scene1,20,old
3084,13.143640279769897,2.956996575130902,obse,cracker_scene1,20,old
3085,13.147927284240723,2.956996575130902,obse,cracker_scene1,20,old
3086,13.152291774749756,2.957316134551528,obse,cracker_scene1,20,old
3087,13.156494855880737,2.957316134551528,obse,cracker_scene1,20,old
3088,13.161146402359009,2.956476397791792,obse,cracker_scene1,20,old
3089,13.165285587310791,2.956476397791792,obse,cracker_scene1,20,old
3090,13.169773817062378,0.2971306665821117,obse,cracker_scene1,20,old
3091,13.174047708511353,0.2435865153898692,obse,cracker_scene1,20,old
3092,13.178599119186401,0.2393307333934927,obse,cracker_scene1,20,old
3093,13.182754516601562,0.2393307333934927,obse,cracker_scene1,20,old
3094,13.187073707580566,0.2400910669258024,obse,cracker_scene1,20,old
3095,13.19120979309082,0.2400910669258024,obse,cracker_scene1,20,old
3096,13.195771217346191,0.24122301468610347,obse,cracker_scene1,20,old
3097,13.199965238571167,0.24122301468610347,obse,cracker_scene1,20,old
3098,13.204446077346802,0.24154244365755387,obse,cracker_scene1,20,old
3099,13.208688735961914,0.24154244365755387,obse,cracker_scene1,20,old
3100,13.212999105453491,0.2419816120095851,obse,cracker_scene1,20,old
3101,13.217069387435913,0.2419816120095851,obse,cracker_scene1,20,old
3102,13.221587419509888,0.24109115569951547,obse,cracker_scene1,20,old
3103,13.225689172744751,0.2411439390213361,obse,cracker_scene1,20,old
3104,13.230116367340088,0.24148918609912615,obse,cracker_scene1,20,old
3105,13.234134197235107,0.24148918609912615,obse,cracker_scene1,20,old
3106,13.238362550735474,0.24211496839312224,obse,cracker_scene1,20,old
3107,13.24273157119751,0.24211496839312224,obse,cracker_scene1,20,old
3108,13.246906757354736,0.24301876738892295,obse,cracker_scene1,20,old
3109,13.251693964004517,0.24301876738892295,obse,cracker_scene1,20,old
3110,13.256232738494873,0.24391952702787395,obse,cracker_scene1,20,old
3111,13.260652542114258,0.24391952702787395,obse,cracker_scene1,20,old
3112,13.26476764678955,0.24391952702787395,obse,cracker_scene1,20,old
3113,13.269257307052612,0.24470881321270063,obse,cracker_scene1,20,old
3114,13.273661851882935,0.24564907543159448,obse,cracker_scene1,20,old
3115,13.27794337272644,0.24564907543159448,obse,cracker_scene1,20,old
3116,13.282299995422363,0.24582982170218598,obse,cracker_scene1,20,old
3117,13.28653621673584,0.24582982170218598,obse,cracker_scene1,20,old
3118,13.291036367416382,0.2458992804026756,obse,cracker_scene1,20,old
3119,13.29533863067627,0.2458992804026756,obse,cracker_scene1,20,old
3120,13.299544334411621,0.24520652886675098,obse,cracker_scene1,20,old
3121,13.303815364837646,0.24520652886675098,obse,cracker_scene1,20,old
3122,13.308199644088745,0.24589712516329748,obse,cracker_scene1,20,old
3123,13.31247091293335,0.24589712516329748,obse,cracker_scene1,20,old
3124,13.317047595977783,0.24583293411729826,obse,cracker_scene1,20,old
3125,13.321204900741577,0.24683774443948608,obse,cracker_scene1,20,old
3126,13.325581789016724,0.24729994864015267,obse,cracker_scene1,20,old
3127,13.329974174499512,0.24729994864015267,obse,cracker_scene1,20,old
3128,13.334146976470947,0.24681273368396614,obse,cracker_scene1,20,old
3129,13.338186740875244,0.24681273368396614,obse,cracker_scene1,20,old
3130,13.342337608337402,0.24684278114133884,obse,cracker_scene1,20,old
3131,13.3465096950531,0.2477076092352353,obse,cracker_scene1,20,old
3132,13.350805282592773,0.24773200466301581,obse,cracker_scene1,20,old
3133,13.355249166488647,0.2481303848683374,obse,cracker_scene1,20,old
3134,13.35948133468628,0.2481303848683374,obse,cracker_scene1,20,old
3135,13.363600969314575,0.2481303848683374,obse,cracker_scene1,20,old
3136,13.371013402938843,0.2500130375759584,obse,cracker_scene1,20,old
3137,13.375940322875977,0.2500130375759584,obse,cracker_scene1,20,old
3138,13.380400657653809,0.2500130375759584,obse,cracker_scene1,20,old
3139,13.38486647605896,0.2511118897440087,obse,cracker_scene1,20,old
3140,13.389729499816895,0.2508203443123056,obse,cracker_scene1,20,old
3141,13.39437198638916,0.25109907238729334,obse,cracker_scene1,20,old
3142,13.398970365524292,0.2528288636024752,obse,cracker_scene1,20,old
3143,13.403483152389526,1.3765360522811152,obse,cracker_scene1,20,old
3144,13.407696008682251,1.3765360522811152,obse,cracker_scene1,20,old
3145,13.41214632987976,1.3781252663516614,obse,cracker_scene1,20,old
3146,13.416314601898193,1.3781252663516614,obse,cracker_scene1,20,old
3147,13.420807361602783,1.378789214505221,obse,cracker_scene1,20,old
3148,13.424985647201538,1.378789214505221,obse,cracker_scene1,20,old
3149,13.429591655731201,1.3772508569152198,obse,cracker_scene1,20,old
3150,13.433715343475342,1.3772508569152198,obse,cracker_scene1,20,old
3151,13.438286542892456,1.377311599212061,obse,cracker_scene1,20,old
3152,13.442694664001465,1.3782709342523063,obse,cracker_scene1,20,old
3153,13.447094202041626,1.3782709342523063,obse,cracker_scene1,20,old
3154,13.451499462127686,1.3770807137424432,obse,cracker_scene1,20,old
3155,13.455928087234497,1.3774045342194947,obse,cracker_scene1,20,old
3156,13.460351943969727,1.3786954016710435,obse,cracker_scene1,20,old
3157,13.464694499969482,1.3786954016710435,obse,cracker_scene1,20,old
3158,13.469008445739746,1.3792608146324064,obse,cracker_scene1,20,old
3159,13.473395586013794,1.3792608146324064,obse,cracker_scene1,20,old
3160,13.477828741073608,1.3783737259923319,obse,cracker_scene1,20,old
3161,13.482273817062378,1.3783737259923319,obse,cracker_scene1,20,old
3162,13.486776351928711,1.3799218427033582,obse,cracker_scene1,20,old
3163,13.490897178649902,1.3799218427033582,obse,cracker_scene1,20,old
3164,13.495466470718384,1.380199771536759,obse,cracker_scene1,20,old
3165,13.49975037574768,1.380199771536759,obse,cracker_scene1,20,old
3166,13.504359245300293,1.380064983497605,obse,cracker_scene1,20,old
3167,13.50868535041809,1.380064983497605,obse,cracker_scene1,20,old
3168,13.513197183609009,1.3790848594685619,obse,cracker_scene1,20,old
3169,13.517401933670044,1.3802405480034547,obse,cracker_scene1,20,old
3170,13.521888732910156,1.3802769411334674,obse,cracker_scene1,20,old
3171,13.526322603225708,1.3802392897060773,obse,cracker_scene1,20,old
3172,13.530882120132446,0.2210048363129472,obse,cracker_scene1,20,old
3173,13.535143375396729,0.22158187689633435,obse,cracker_scene1,20,old
3174,13.539555549621582,0.2163020813341089,obse,cracker_scene1,20,old
3175,13.544158458709717,0.21737411376109864,obse,cracker_scene1,20,old
3176,13.548457860946655,0.21737411376109864,obse,cracker_scene1,20,old
3177,13.552931070327759,0.21702629096091866,obse,cracker_scene1,20,old
3178,13.557106971740723,0.21702629096091866,obse,cracker_scene1,20,old
3179,13.561922550201416,0.21922207237511201,obse,cracker_scene1,20,old
3180,13.566047668457031,0.21922207237511201,obse,cracker_scene1,20,old
3181,13.570650815963745,0.21932810385795082,obse,cracker_scene1,20,old
3182,13.574961185455322,0.21932810385795082,obse,cracker_scene1,20,old
3183,13.5794517993927,0.2209898761305513,obse,cracker_scene1,20,old
3184,13.583755493164062,0.2209898761305513,obse,cracker_scene1,20,old
3185,13.588576555252075,0.2213054205508418,obse,cracker_scene1,20,old
3186,13.592976808547974,0.22172182713567737,obse,cracker_scene1,20,old
3187,13.597552061080933,0.22172182713567737,obse,cracker_scene1,20,old
3188,13.602073907852173,0.22212333953046168,obse,cracker_scene1,20,old
3189,13.606346845626831,0.22212333953046168,obse,cracker_scene1,20,old
3190,13.61091661453247,0.22245205526871265,obse,cracker_scene1,20,old
3191,13.615418195724487,0.22245205526871265,obse,cracker_scene1,20,old
3192,13.619851350784302,0.2248325193260064,obse,cracker_scene1,20,old
3193,13.623955488204956,0.2248325193260064,obse,cracker_scene1,20,old
3194,13.628310680389404,0.22556613954070268,obse,cracker_scene1,20,old
3195,13.632497072219849,0.22556613954070268,obse,cracker_scene1,20,old
3196,13.636849641799927,0.22666463726721656,obse,cracker_scene1,20,old
3197,13.640940189361572,0.22666463726721656,obse,cracker_scene1,20,old
3198,13.645520448684692,0.2266714460028701,obse,cracker_scene1,20,old
3199,13.649533033370972,0.2266714460028701,obse,cracker_scene1,20,old
3200,13.654026508331299,0.22644023214573644,obse,cracker_scene1,20,old
3201,13.658198356628418,0.22644023214573644,obse,cracker_scene1,20,old
3202,13.662555456161499,0.2278314758478929,obse,cracker_scene1,20,old
3203,13.666662693023682,0.2278314758478929,obse,cracker_scene1,20,old
3204,13.671014785766602,0.22883643200165904,obse,cracker_scene1,20,old
3205,13.675189018249512,0.22883643200165904,obse,cracker_scene1,20,old
3206,13.679303884506226,0.22932728736654678,obse,cracker_scene1,20,old
3207,13.683499813079834,0.22932728736654678,obse,cracker_scene1,20,old
3208,13.68760347366333,0.22986115702872728,obse,cracker_scene1,20,old
3209,13.692214727401733,0.2313185571681693,obse,cracker_scene1,20,old
3210,13.696614027023315,0.2328545912276611,obse,cracker_scene1,20,old
3211,13.700693607330322,0.2328545912276611,obse,cracker_scene1,20,old
3212,13.70508861541748,0.2333345565174393,obse,cracker_scene1,20,old
3213,13.709279775619507,0.23009629917315058,obse,cracker_scene1,20,old
3214,13.71364688873291,0.23009629917315058,obse,cracker_scene1,20,old
3215,13.717902421951294,0.23351452075650977,obse,cracker_scene1,20,old
3216,13.722228527069092,0.23351452075650977,obse,cracker_scene1,20,old
3217,13.726449728012085,0.23452753633272191,obse,cracker_scene1,20,old
3218,13.730713844299316,0.23452753633272191,obse,cracker_scene1,20,old
3219,13.734938144683838,0.23504745197420984,obse,cracker_scene1,20,old
3220,13.739278554916382,0.23504745197420984,obse,cracker_scene1,20,old
3221,13.74359679222107,0.2362289491838113,obse,cracker_scene1,20,old
3222,13.747861862182617,0.2362289491838113,obse,cracker_scene1,20,old
3223,13.7521812915802,0.23711054527617054,obse,cracker_scene1,20,old
3224,13.756412744522095,0.23711054527617054,obse,cracker_scene1,20,old
3225,13.760811567306519,0.23686821013599121,obse,cracker_scene1,20,old
3226,13.764980792999268,0.23686821013599121,obse,cracker_scene1,20,old
3227,13.76927924156189,0.24152281858387256,obse,cracker_scene1,20,old
3228,13.773806095123291,0.24152281858387256,obse,cracker_scene1,20,old
3229,13.778263568878174,0.24028267904763728,obse,cracker_scene1,20,old
3230,13.782369375228882,0.24028267904763728,obse,cracker_scene1,20,old
3231,13.78671669960022,0.24055844108324934,obse,cracker_scene1,20,old
3232,13.790777683258057,0.24055844108324934,obse,cracker_scene1,20,old
3233,13.795357942581177,0.2423803917286706,obse,cracker_scene1,20,old
3234,13.799490213394165,0.2423803917286706,obse,cracker_scene1,20,old
3235,13.803853988647461,0.24261755523973674,obse,cracker_scene1,20,old
3236,13.80797791481018,0.24261755523973674,obse,cracker_scene1,20,old
3237,13.812515020370483,0.24361628882607958,obse,cracker_scene1,20,old
3238,13.816650390625,0.24361628882607958,obse,cracker_scene1,20,old
3239,13.820997953414917,0.2434055341247676,obse,cracker_scene1,20,old
3240,13.825101613998413,0.2434055341247676,obse,cracker_scene1,20,old
3241,13.829633235931396,0.24576894780256592,obse,cracker_scene1,20,old
3242,13.83383297920227,0.19043035585928417,obse,cracker_scene1,20,old
3243,13.838152170181274,0.19093647202040867,obse,cracker_scene1,20,old
3244,13.842449426651001,0.1903264343897894,obse,cracker_scene1,20,old
3245,13.84673023223877,0.1903264343897894,obse,cracker_scene1,20,old
3246,13.850862503051758,0.19158101116634577,obse,cracker_scene1,20,old
3247,13.855199813842773,0.19230436423317784,obse,cracker_scene1,20,old
3248,13.859456539154053,0.1931272901706195,obse,cracker_scene1,20,old
3249,13.863865375518799,0.1931272901706195,obse,cracker_scene1,20,old
3250,13.868236780166626,0.192860948902577,obse,cracker_scene1,20,old
3251,13.87244987487793,0.192860948902577,obse,cracker_scene1,20,old
3252,13.87673544883728,0.19284251505666744,obse,cracker_scene1,20,old
3253,13.881014108657837,0.1935518328438719,obse,cracker_scene1,20,old
3254,13.885246276855469,0.1961689770083017,obse,cracker_scene1,20,old
3255,13.889455318450928,0.1961689770083017,obse,cracker_scene1,20,old
3256,13.89389967918396,0.19566503970645505,obse,cracker_scene1,20,old
3257,13.898106098175049,0.19566503970645505,obse,cracker_scene1,20,old
3258,13.902360916137695,0.1968394858197096,obse,cracker_scene1,20,old
3259,13.906660079956055,0.1968394858197096,obse,cracker_scene1,20,old
3260,13.910950660705566,0.19860243979661063,obse,cracker_scene1,20,old
3261,13.915319442749023,0.19860243979661063,obse,cracker_scene1,20,old
3262,13.919599056243896,0.19937537398077504,obse,cracker_scene1,20,old
3263,13.923782348632812,0.19937537398077504,obse,cracker_scene1,20,old
3264,13.928014039993286,0.19905792881589168,obse,cracker_scene1,20,old
3265,13.932400941848755,0.19905792881589168,obse,cracker_scene1,20,old
3266,13.936853885650635,0.20130400032983475,obse,cracker_scene1,20,old
3267,13.940945386886597,0.20130400032983475,obse,cracker_scene1,20,old
3268,13.945257663726807,0.202267182660885,obse,cracker_scene1,20,old
3269,13.949324369430542,0.202267182660885,obse,cracker_scene1,20,old
3270,13.95361876487732,0.20420001693899292,obse,cracker_scene1,20,old
3271,13.957918643951416,0.20420001693899292,obse,cracker_scene1,20,old
3272,13.962563514709473,0.2044602895190191,obse,cracker_scene1,20,old
3273,13.966578006744385,0.2044602895190191,obse,cracker_scene1,20,old
3274,13.970943212509155,0.20519970723067357,obse,cracker_scene1,20,old
3275,13.975129127502441,0.20519896024024772,obse,cracker_scene1,20,old
3276,13.979443788528442,0.2051896199150128,obse,cracker_scene1,20,old
3277,13.98359990119934,0.20638127755471639,obse,cracker_scene1,20,old
3278,13.987941026687622,0.20543111308947012,obse,cracker_scene1,20,old
3279,13.992154598236084,0.20629462906631532,obse,cracker_scene1,20,old
3280,13.996561765670776,0.2094020088957642,obse,cracker_scene1,20,old
3281,14.000658988952637,0.2094020088957642,obse,cracker_scene1,20,old
3282,14.005076885223389,0.21019825438213852,obse,cracker_scene1,20,old
3283,14.009219884872437,0.20919107246254753,obse,cracker_scene1,20,old
3284,14.013548374176025,0.20978348298291324,obse,cracker_scene1,20,old
3285,14.017725467681885,0.20978348298291324,obse,cracker_scene1,20,old
3286,14.022069931030273,0.2108751870401285,obse,cracker_scene1,20,old
3287,14.026317119598389,0.2133211482390656,obse,cracker_scene1,20,old
3288,14.03068494796753,0.2133211482390656,obse,cracker_scene1,20,old
3289,14.03472375869751,0.2133211482390656,obse,cracker_scene1,20,old
3290,14.03898024559021,0.214071884996578,obse,cracker_scene1,20,old
3291,14.043247938156128,0.214071884996578,obse,cracker_scene1,20,old
3292,14.047549724578857,0.21322325823979835,obse,cracker_scene1,20,old
3293,14.051714658737183,0.21322325823979835,obse,cracker_scene1,20,old
3294,14.056137561798096,0.21392279304017492,obse,cracker_scene1,20,old
3295,14.060455322265625,0.21392279304017492,obse,cracker_scene1,20,old
3296,14.064803838729858,0.21582622062655518,obse,cracker_scene1,20,old
3297,14.069150924682617,0.21583190628888813,obse,cracker_scene1,20,old
3298,14.073454856872559,0.21653526053324432,obse,cracker_scene1,20,old
3299,14.077583074569702,0.21653526053324432,obse,cracker_scene1,20,old
3300,14.081791400909424,0.21821871638782148,obse,cracker_scene1,20,old
3301,14.086140632629395,0.21821871638782148,obse,cracker_scene1,20,old
3302,14.0903480052948,0.21917251801341395,obse,cracker_scene1,20,old
3303,14.094972610473633,0.21837096262334899,obse,cracker_scene1,20,old
3304,14.099145650863647,0.21837096262334899,obse,cracker_scene1,20,old
3305,14.103401184082031,0.21952840123162928,obse,cracker_scene1,20,old
3306,14.107678651809692,0.21955766846559885,obse,cracker_scene1,20,old
3307,14.111790895462036,0.22262342122069426,obse,cracker_scene1,20,old
3308,14.115995645523071,0.22262342122069426,obse,cracker_scene1,20,old
3309,14.120310306549072,0.22262342122069426,obse,cracker_scene1,20,old
3310,14.124736309051514,0.21600675770728472,obse,cracker_scene1,20,old
3311,14.128993034362793,0.21600675770728472,obse,cracker_scene1,20,old
3312,14.133249044418335,0.21762433591228322,obse,cracker_scene1,20,old
3313,14.137540102005005,0.2175881409255391,obse,cracker_scene1,20,old
3314,14.141820907592773,0.21663816937700545,obse,cracker_scene1,20,old
3315,14.146028995513916,0.21663816937700545,obse,cracker_scene1,20,old
3316,14.150298833847046,0.21695055075757136,obse,cracker_scene1,20,old
3317,14.154621839523315,0.21700744389335927,obse,cracker_scene1,20,old
3318,14.15880823135376,0.2180173927404158,obse,cracker_scene1,20,old
3319,14.162978172302246,0.2180173927404158,obse,cracker_scene1,20,old
3320,14.167111158370972,0.2180173927404158,obse,cracker_scene1,20,old
3321,14.171373844146729,0.21937855926496058,obse,cracker_scene1,20,old
3322,14.175559043884277,0.21937855926496058,obse,cracker_scene1,20,old
3323,14.179849624633789,0.22034384860656006,obse,cracker_scene1,20,old
3324,14.184106826782227,0.22506610290291607,obse,cracker_scene1,20,old
3325,14.188216924667358,0.22506610290291607,obse,cracker_scene1,20,old
3326,14.192469596862793,0.22506610290291607,obse,cracker_scene1,20,old
3327,14.197021007537842,0.22405791924228616,obse,cracker_scene1,20,old
3328,14.201502084732056,0.2229742919803212,obse,cracker_scene1,20,old
3329,14.20598316192627,0.22769816754426006,obse,cracker_scene1,20,old
3330,14.210545539855957,0.22576145855932075,obse,cracker_scene1,20,old
3331,14.214828729629517,0.22576145855932075,obse,cracker_scene1,20,old
3332,14.219067096710205,0.2279833730306639,obse,cracker_scene1,20,old
3333,14.223501205444336,0.2279833730306639,obse,cracker_scene1,20,old
3334,14.227952480316162,0.231348091949946,obse,cracker_scene1,20,old
3335,14.232021808624268,0.231348091949946,obse,cracker_scene1,20,old
3336,14.236363172531128,0.23038916466218082,obse,cracker_scene1,20,old
3337,14.240564584732056,0.23038916466218082,obse,cracker_scene1,20,old
3338,14.244915962219238,0.2306819358476558,obse,cracker_scene1,20,old
3339,14.249104261398315,0.2306819358476558,obse,cracker_scene1,20,old
3340,14.253389120101929,0.23112111324106138,obse,cracker_scene1,20,old
3341,14.257890462875366,0.23112111324106138,obse,cracker_scene1,20,old
3342,14.262490272521973,0.2325405245020536,obse,cracker_scene1,20,old
3343,14.266591787338257,0.2325405245020536,obse,cracker_scene1,20,old
3344,14.271015882492065,0.23648663621049965,obse,cracker_scene1,20,old
3345,14.275120258331299,0.23648663621049965,obse,cracker_scene1,20,old
3346,14.279492855072021,0.23768314083414507,obse,cracker_scene1,20,old
3347,14.283644199371338,0.23768314083414507,obse,cracker_scene1,20,old
3348,14.288168907165527,0.23856895979308126,obse,cracker_scene1,20,old
3349,14.292435646057129,0.23673735926657935,obse,cracker_scene1,20,old
3350,14.29680848121643,0.23673735926657935,obse,cracker_scene1,20,old
3351,14.300924062728882,0.23574468853570024,obse,cracker_scene1,20,old
3352,14.305200576782227,0.2364534822192293,obse,cracker_scene1,20,old
3353,14.30939793586731,0.23834685709780867,obse,cracker_scene1,20,old
3354,14.313601970672607,0.23834685709780867,obse,cracker_scene1,20,old
3355,14.317961692810059,0.23936121472410107,obse,cracker_scene1,20,old
3356,14.322395086288452,0.23936121472410107,obse,cracker_scene1,20,old
3357,14.326662540435791,0.24083535692652117,obse,cracker_scene1,20,old
3358,14.330964803695679,0.24083535692652117,obse,cracker_scene1,20,old
3359,14.335041761398315,0.24083535692652117,obse,cracker_scene1,20,old
3360,14.33948540687561,0.24166846756745533,obse,cracker_scene1,20,old
3361,14.343991041183472,0.24303642396176395,obse,cracker_scene1,20,old
3362,14.34819769859314,0.24303642396176395,obse,cracker_scene1,20,old
3363,14.352456331253052,0.24429833528698605,obse,cracker_scene1,20,old
3364,14.356717348098755,0.24429833528698605,obse,cracker_scene1,20,old
3365,14.361051797866821,0.24431937695314065,obse,cracker_scene1,20,old
3366,14.365203857421875,0.24431937695314065,obse,cracker_scene1,20,old
3367,14.369454622268677,0.2461124739605125,obse,cracker_scene1,20,old
3368,14.373624324798584,0.2461124739605125,obse,cracker_scene1,20,old
3369,14.378067255020142,0.24787455629207597,obse,cracker_scene1,20,old
3370,14.382209777832031,0.24787455629207597,obse,cracker_scene1,20,old
3371,14.386608123779297,0.2485774873533559,obse,cracker_scene1,20,old
3372,14.390799283981323,0.2485774873533559,obse,cracker_scene1,20,old
3373,14.395315170288086,0.2487692261965007,obse,cracker_scene1,20,old
3374,14.399420738220215,0.2487692261965007,obse,cracker_scene1,20,old
3375,14.403725147247314,0.2515369722945758,obse,cracker_scene1,20,old
3376,14.407967329025269,0.2515369722945758,obse,cracker_scene1,20,old
3377,14.412513971328735,0.25251261203635567,obse,cracker_scene1,20,old
3378,14.416967391967773,0.2525059715572893,obse,cracker_scene1,20,old
3379,14.421311378479004,0.2533725402048962,obse,cracker_scene1,20,old
3380,14.425532817840576,0.2533725402048962,obse,cracker_scene1,20,old
3381,14.42996597290039,0.2537153840556806,obse,cracker_scene1,20,old
3382,14.434000253677368,0.2537153840556806,obse,cracker_scene1,20,old
3383,14.43828296661377,0.2557734093799961,obse,cracker_scene1,20,old
3384,14.442518472671509,0.26093154542345487,obse,cracker_scene1,20,old
3385,14.446702718734741,0.26069703390665344,obse,cracker_scene1,20,old
3386,14.451024055480957,0.2617329262966398,obse,cracker_scene1,20,old
3387,14.455371618270874,0.26180096553866866,obse,cracker_scene1,20,old
3388,14.459829568862915,0.2635002577737757,obse,cracker_scene1,20,old
3389,14.464305877685547,0.2635002577737757,obse,cracker_scene1,20,old
3390,14.468593835830688,0.2634805818685392,obse,cracker_scene1,20,old
3391,14.472976446151733,0.2648084904250271,obse,cracker_scene1,20,old
3392,14.47720742225647,0.2648084904250271,obse,cracker_scene1,20,old
3393,14.481582880020142,0.2653535325236941,obse,cracker_scene1,20,old
3394,14.485804080963135,0.2653535325236941,obse,cracker_scene1,20,old
3395,14.490076541900635,0.26632266121379966,obse,cracker_scene1,20,old
3396,14.494462013244629,0.26632266121379966,obse,cracker_scene1,20,old
3397,14.498563051223755,0.26632266121379966,obse,cracker_scene1,20,old
3398,14.502702236175537,0.2678513078042459,obse,cracker_scene1,20,old
3399,14.506759405136108,0.2678513078042459,obse,cracker_scene1,20,old
3400,14.510887861251831,0.26925157497277,obse,cracker_scene1,20,old
3401,14.515138149261475,0.26925157497277,obse,cracker_scene1,20,old
3402,14.51917839050293,0.26925157497277,obse,cracker_scene1,20,old
3403,14.523821353912354,0.2704935993989366,obse,cracker_scene1,20,old
3404,14.528098821640015,0.2704935993989366,obse,cracker_scene1,20,old
3405,14.532484531402588,0.2710882233744719,obse,cracker_scene1,20,old
3406,14.53678560256958,0.2710882233744719,obse,cracker_scene1,20,old
3407,14.540892124176025,0.27106974333478084,obse,cracker_scene1,20,old
3408,14.54530644416809,0.2722264434192993,obse,cracker_scene1,20,old
3409,14.549474716186523,0.2722264434192993,obse,cracker_scene1,20,old
3410,14.55396580696106,0.2733258676974368,obse,cracker_scene1,20,old
3411,14.558521270751953,0.2728085698399368,obse,cracker_scene1,20,old
3412,14.562960147857666,0.2732956733519775,obse,cracker_scene1,20,old
3413,14.56733250617981,0.2753716946094598,obse,cracker_scene1,20,old
3414,14.571728467941284,0.2753716946094598,obse,cracker_scene1,20,old
3415,14.575831174850464,0.2753716946094598,obse,cracker_scene1,20,old
3416,14.580422163009644,0.27703906757914415,obse,cracker_scene1,20,old
3417,14.584642887115479,0.27703906757914415,obse,cracker_scene1,20,old
3418,14.588869094848633,0.27827319337657525,obse,cracker_scene1,20,old
3419,14.593173742294312,0.27827319337657525,obse,cracker_scene1,20,old
3420,14.59775972366333,0.2792371213556303,obse,cracker_scene1,20,old
3421,14.602304458618164,0.28023295700856377,obse,cracker_scene1,20,old
3422,14.60701608657837,0.28255010622637855,obse,cracker_scene1,20,old
3423,14.611452102661133,0.28386428551671816,obse,cracker_scene1,20,old
3424,14.61593770980835,0.28498792511525833,obse,cracker_scene1,20,old
3425,14.620481967926025,0.2860375695856863,obse,cracker_scene1,20,old
3426,14.62450885772705,0.2860375695856863,obse,cracker_scene1,20,old
3427,14.628891229629517,0.2873057534097681,obse,cracker_scene1,20,old
3428,14.633058309555054,0.2873057534097681,obse,cracker_scene1,20,old
3429,14.637507200241089,0.2890767234357718,obse,cracker_scene1,20,old
3430,14.641558170318604,0.2890767234357718,obse,cracker_scene1,20,old
3431,14.64600157737732,0.29030210956820407,obse,cracker_scene1,20,old
3432,14.65018081665039,0.29030210956820407,obse,cracker_scene1,20,old
3433,14.654534339904785,0.2922658173643031,obse,cracker_scene1,20,old
3434,14.658710718154907,0.2933604728719145,obse,cracker_scene1,20,old
3435,14.663135051727295,0.2933604728719145,obse,cracker_scene1,20,old
3436,14.66737174987793,0.29403704195186936,obse,cracker_scene1,20,old
3437,14.67170786857605,0.29403704195186936,obse,cracker_scene1,20,old
3438,14.675936222076416,0.40230025235870315,obse,cracker_scene1,20,old
3439,14.680490732192993,0.4051088039760127,obse,cracker_scene1,20,old
3440,14.684626817703247,0.40427283614636533,obse,cracker_scene1,20,old
3441,14.68898630142212,0.4048954055246024,obse,cracker_scene1,20,old
3442,14.693345785140991,0.4058855563028091,obse,cracker_scene1,20,old
3443,14.69769549369812,0.4058855563028091,obse,cracker_scene1,20,old
3444,14.701977014541626,0.40662935834816655,obse,cracker_scene1,20,old
3445,14.706202268600464,0.40662935834816655,obse,cracker_scene1,20,old
3446,14.71060562133789,0.4084767576959257,obse,cracker_scene1,20,old
3447,14.714751243591309,0.4084767576959257,obse,cracker_scene1,20,old
3448,14.719127655029297,0.4080988517890144,obse,cracker_scene1,20,old
3449,14.72340178489685,0.4080988517890144,obse,cracker_scene1,20,old
3450,14.727919578552246,0.4089054441965918,obse,cracker_scene1,20,old
3451,14.732507944107056,0.4099928128076017,obse,cracker_scene1,20,old
3452,14.736905574798584,0.4095482066918389,obse,cracker_scene1,20,old
3453,14.740964412689209,0.4095482066918389,obse,cracker_scene1,20,old
3454,14.745452642440796,0.4114370799213587,obse,cracker_scene1,20,old
3455,14.749590396881104,0.4114370799213587,obse,cracker_scene1,20,old
3456,14.754110097885132,0.41253760485100394,obse,cracker_scene1,20,old
3457,14.758125066757202,0.41253760485100394,obse,cracker_scene1,20,old
3458,14.762837171554565,0.4128411025625698,obse,cracker_scene1,20,old
3459,14.76706600189209,0.4128411025625698,obse,cracker_scene1,20,old
3460,14.771667957305908,0.4138749558098877,obse,cracker_scene1,20,old
3461,14.775834083557129,0.41475544392037683,obse,cracker_scene1,20,old
3462,14.780322551727295,0.41475544392037683,obse,cracker_scene1,20,old
3463,14.784498929977417,0.41550476232752337,obse,cracker_scene1,20,old
3464,14.788603067398071,0.41550476232752337,obse,cracker_scene1,20,old
3465,14.79358959197998,0.415812361792686,obse,cracker_scene1,20,old
3466,14.798008918762207,0.415812361792686,obse,cracker_scene1,20,old
3467,14.802417039871216,0.4167055783085587,obse,cracker_scene1,20,old
3468,14.80672025680542,0.4167055783085587,obse,cracker_scene1,20,old
3469,14.811177253723145,0.4175230208913867,obse,cracker_scene1,20,old
3470,14.815388917922974,0.4175230208913867,obse,cracker_scene1,20,old
3471,14.819717168807983,0.4184430128386779,obse,cracker_scene1,20,old
3472,14.823771715164185,0.4184430128386779,obse,cracker_scene1,20,old
3473,14.828256845474243,0.4187872907842852,obse,cracker_scene1,20,old
3474,14.832396268844604,0.4187872907842852,obse,cracker_scene1,20,old
3475,14.836807250976562,0.4192646240672802,obse,cracker_scene1,20,old
3476,14.840949773788452,0.4192646240672802,obse,cracker_scene1,20,old
3477,14.845317125320435,0.4191003263412664,obse,cracker_scene1,20,old
3478,14.84951138496399,0.4191003263412664,obse,cracker_scene1,20,old
3479,14.853759527206421,0.42102999962680726,obse,cracker_scene1,20,old
3480,14.85792589187622,0.42102999962680726,obse,cracker_scene1,20,old
3481,14.862267971038818,0.42153629204547177,obse,cracker_scene1,20,old
3482,14.866286039352417,0.42153629204547177,obse,cracker_scene1,20,old
3483,14.870320320129395,0.42153629204547177,obse,cracker_scene1,20,old
3484,14.87432336807251,0.42153629204547177,obse,cracker_scene1,20,old
3485,14.878364086151123,0.42153629204547177,obse,cracker_scene1,20,old
3486,14.88240647315979,0.42153629204547177,obse,cracker_scene1,20,old
3487,14.886598587036133,0.42153629204547177,obse,cracker_scene1,20,old
3488,14.890642404556274,0.42153629204547177,obse,cracker_scene1,20,old
3489,14.894585609436035,0.42153629204547177,obse,cracker_scene1,20,old
3490,14.898581743240356,0.42153629204547177,obse,cracker_scene1,20,old
3491,14.902531862258911,0.42153629204547177,obse,cracker_scene1,20,old
3492,14.907860279083252,0.42538027190596267,obse,cracker_scene1,20,old
3493,14.91222596168518,0.4244797731131601,obse,cracker_scene1,20,old
3494,14.916274785995483,0.425222089489275,obse,cracker_scene1,20,old
3495,14.92049503326416,0.427699132063349,obse,cracker_scene1,20,old
3496,14.924591541290283,0.427699132063349,obse,cracker_scene1,20,old
3497,14.928950786590576,0.42921116245591867,obse,cracker_scene1,20,old
3498,14.932966709136963,0.42921116245591867,obse,cracker_scene1,20,old
3499,14.937297582626343,0.43002429431370887,obse,cracker_scene1,20,old
3500,14.94130253791809,0.43002429431370887,obse,cracker_scene1,20,old
3501,14.94579815864563,0.43117214065546394,obse,cracker_scene1,20,old
3502,14.950390577316284,0.43117214065546394,obse,cracker_scene1,20,old
3503,14.954535245895386,0.4318219194446376,obse,cracker_scene1,20,old
3504,14.958661317825317,0.4318219194446376,obse,cracker_scene1,20,old
3505,14.96265983581543,0.432603488268889,obse,cracker_scene1,20,old
3506,14.966758728027344,0.432603488268889,obse,cracker_scene1,20,old
3507,14.970991373062134,0.4341135887618485,obse,cracker_scene1,20,old
3508,14.975001573562622,0.4341135887618485,obse,cracker_scene1,20,old
3509,14.979273319244385,0.4349976115232764,obse,cracker_scene1,20,old
3510,14.983350276947021,0.4349976115232764,obse,cracker_scene1,20,old
3511,14.98829960823059,0.4368214131700413,obse,cracker_scene1,20,old
3512,14.992637157440186,0.34224758660676197,obse,cracker_scene1,20,old
3513,14.997073411941528,0.3428332198927751,obse,cracker_scene1,20,old
3514,15.001396894454956,0.3435866564161022,obse,cracker_scene1,20,old
3515,15.00594162940979,0.34335020565420543,obse,cracker_scene1,20,old
3516,15.010332345962524,0.34456524315281617,obse,cracker_scene1,20,old
3517,15.014673948287964,0.34456524315281617,obse,cracker_scene1,20,old
3518,15.019110918045044,0.34652844249742853,obse,cracker_scene1,20,old
3519,15.023422241210938,0.34652844249742853,obse,cracker_scene1,20,old
3520,15.027957439422607,0.34796182291806427,obse,cracker_scene1,20,old
3521,15.03214406967163,0.34796182291806427,obse,cracker_scene1,20,old
3522,15.036657810211182,0.3484458413660986,obse,cracker_scene1,20,old
3523,15.04088568687439,0.3484458413660986,obse,cracker_scene1,20,old
3524,15.045320987701416,0.3492724316355483,obse,cracker_scene1,20,old
3525,15.049572944641113,0.3492724316355483,obse,cracker_scene1,20,old
3526,15.054037094116211,0.3508253129986311,obse,cracker_scene1,20,old
3527,15.058131694793701,0.3508253129986311,obse,cracker_scene1,20,old
3528,15.06260347366333,0.35283693053503123,obse,cracker_scene1,20,old
3529,15.066694736480713,0.35283693053503123,obse,cracker_scene1,20,old
3530,15.071138858795166,0.35409760440370736,obse,cracker_scene1,20,old
3531,15.075358629226685,0.35409760440370736,obse,cracker_scene1,20,old
3532,15.079880237579346,0.3554704257567854,obse,cracker_scene1,20,old
3533,15.084074974060059,0.3554704257567854,obse,cracker_scene1,20,old
3534,15.08842420578003,0.35688668078138774,obse,cracker_scene1,20,old
3535,15.092748641967773,0.35683020225241424,obse,cracker_scene1,20,old
3536,15.097078323364258,0.3578656270191205,obse,cracker_scene1,20,old
3537,15.10124397277832,0.3578656270191205,obse,cracker_scene1,20,old
3538,15.105660200119019,0.35902023002593003,obse,cracker_scene1,20,old
3539,15.10986590385437,0.35828788783775806,obse,cracker_scene1,20,old
3540,15.114176750183105,0.3604934501626543,obse,cracker_scene1,20,old
3541,15.118420362472534,0.3604934501626543,obse,cracker_scene1,20,old
3542,15.12290072441101,0.36302747796557666,obse,cracker_scene1,20,old
3543,15.127284288406372,0.3650302578808964,obse,cracker_scene1,20,old
3544,15.131510019302368,0.3650302578808964,obse,cracker_scene1,20,old
3545,15.135892391204834,0.366355958334942,obse,cracker_scene1,20,old
3546,15.140086889266968,0.366355958334942,obse,cracker_scene1,20,old
3547,15.144482612609863,0.36900270781855443,obse,cracker_scene1,20,old
3548,15.14859127998352,0.36900270781855443,obse,cracker_scene1,20,old
3549,15.152947902679443,0.3682173762468361,obse,cracker_scene1,20,old
3550,15.15705132484436,0.3682173762468361,obse,cracker_scene1,20,old
3551,15.16112756729126,0.37012029380872696,obse,cracker_scene1,20,old
3552,15.165093183517456,0.37012029380872696,obse,cracker_scene1,20,old
3553,15.169171333312988,0.37012029380872696,obse,cracker_scene1,20,old
3554,15.173945665359497,0.37197083888181837,obse,cracker_scene1,20,old
3555,15.178392887115479,0.3754567997611044,obse,cracker_scene1,20,old
3556,15.182599067687988,0.3754567997611044,obse,cracker_scene1,20,old
3557,15.18715500831604,0.376585885348078,obse,cracker_scene1,20,old
3558,15.191216468811035,0.376585885348078,obse,cracker_scene1,20,old
3559,15.195833444595337,0.3776526441359801,obse,cracker_scene1,20,old
3560,15.200364589691162,0.3776526441359801,obse,cracker_scene1,20,old
3561,15.2048978805542,0.3783476509424883,obse,cracker_scene1,20,old
3562,15.209458589553833,0.3783420278597634,obse,cracker_scene1,20,old
3563,15.213812351226807,0.3796297612118141,obse,cracker_scene1,20,old
3564,15.218065023422241,0.3808429294105753,obse,cracker_scene1,20,old
3565,15.222251415252686,0.3808429294105753,obse,cracker_scene1,20,old
3566,15.226479053497314,0.38205266319854825,obse,cracker_scene1,20,old
3567,15.230871438980103,0.38205266319854825,obse,cracker_scene1,20,old
3568,15.235012769699097,0.38205266319854825,obse,cracker_scene1,20,old
3569,15.239360570907593,0.35633590693215167,obse,cracker_scene1,20,old
3570,15.243741989135742,0.3552364476293785,obse,cracker_scene1,20,old
3571,15.247887134552002,0.3572573091666637,obse,cracker_scene1,20,old
3572,15.252061128616333,0.3572573091666637,obse,cracker_scene1,20,old
3573,15.256472110748291,0.3572986473317396,obse,cracker_scene1,20,old
3574,15.260865449905396,0.35806311612874525,obse,cracker_scene1,20,old
3575,15.26513957977295,0.3592582990666374,obse,cracker_scene1,20,old
3576,15.269369125366211,0.3592582990666374,obse,cracker_scene1,20,old
3577,15.273609161376953,0.3592582990666374,obse,cracker_scene1,20,old
3578,15.277918100357056,0.3596350138570014,obse,cracker_scene1,20,old
3579,15.282294750213623,0.36104096273678044,obse,cracker_scene1,20,old
3580,15.286575317382812,0.3627357605898369,obse,cracker_scene1,20,old
3581,15.290800333023071,0.3627357605898369,obse,cracker_scene1,20,old
3582,15.295100212097168,0.3627357605898369,obse,cracker_scene1,20,old
3583,15.299376726150513,0.3639369755499757,obse,cracker_scene1,20,old
3584,15.30391812324524,0.36581040513500773,obse,cracker_scene1,20,old
3585,15.308050632476807,0.36581040513500773,obse,cracker_scene1,20,old
3586,15.31263017654419,0.3663927095354903,obse,cracker_scene1,20,old
3587,15.31674599647522,0.3663927095354903,obse,cracker_scene1,20,old
3588,15.321163177490234,0.36689812254944887,obse,cracker_scene1,20,old
3589,15.325232982635498,0.36689812254944887,obse,cracker_scene1,20,old
3590,15.329704999923706,0.36901709588541187,obse,cracker_scene1,20,old
3591,15.333856105804443,0.36901709588541187,obse,cracker_scene1,20,old
3592,15.338242530822754,0.3704443304763381,obse,cracker_scene1,20,old
3593,15.34264850616455,0.3704443304763381,obse,cracker_scene1,20,old
3594,15.347126245498657,0.37013282295719613,obse,cracker_scene1,20,old
3595,15.351736545562744,0.3712307662481944,obse,cracker_scene1,20,old
3596,15.35596752166748,0.3715352452185492,obse,cracker_scene1,20,old
3597,15.360368013381958,0.37256810062878054,obse,cracker_scene1,20,old
3598,15.364763736724854,0.37256810062878054,obse,cracker_scene1,20,old
3599,15.369112730026245,0.37385699615968637,obse,cracker_scene1,20,old
3600,15.373795509338379,0.37385699615968637,obse,cracker_scene1,20,old
3601,15.378199338912964,0.3753354639893176,obse,cracker_scene1,20,old
3602,15.382644176483154,0.3753354639893176,obse,cracker_scene1,20,old
3603,15.387135028839111,0.3762305095984434,obse,cracker_scene1,20,old
3604,15.391591310501099,0.37666209522209615,obse,cracker_scene1,20,old
3605,15.395959377288818,0.37666209522209615,obse,cracker_scene1,20,old
3606,15.400723934173584,0.3781634009419331,obse,cracker_scene1,20,old
3607,15.405282735824585,0.37886249308587083,obse,cracker_scene1,20,old
3608,15.40988802909851,0.3791324164920489,obse,cracker_scene1,20,old
3609,15.414655685424805,0.3787422714587021,obse,cracker_scene1,20,old
3610,15.419188499450684,0.38038514902202564,obse,cracker_scene1,20,old
3611,15.423344135284424,0.38038514902202564,obse,cracker_scene1,20,old
3612,15.427960634231567,0.3799247430469928,obse,cracker_scene1,20,old
3613,15.431978940963745,0.3799247430469928,obse,cracker_scene1,20,old
3614,15.436805009841919,0.38151367050078583,obse,cracker_scene1,20,old
3615,15.440896272659302,0.38151367050078583,obse,cracker_scene1,20,old
3616,15.445493221282959,0.38130854308317785,obse,cracker_scene1,20,old
3617,15.449710369110107,0.38130854308317785,obse,cracker_scene1,20,old
3618,15.454297065734863,0.3817253167212184,obse,cracker_scene1,20,old
3619,15.458497047424316,0.38173731293861385,obse,cracker_scene1,20,old
3620,15.463114023208618,0.3824273677508882,obse,cracker_scene1,20,old
3621,15.467199563980103,0.3824273677508882,obse,cracker_scene1,20,old
3622,15.471834659576416,0.38305946948406433,obse,cracker_scene1,20,old
3623,15.476057291030884,0.3842673193158985,obse,cracker_scene1,20,old
3624,15.48059892654419,0.3842673193158985,obse,cracker_scene1,20,old
3625,15.48479175567627,0.38470682061552036,obse,cracker_scene1,20,old
3626,15.489207983016968,0.38470682061552036,obse,cracker_scene1,20,old
3627,15.493563175201416,0.3846207642647745,obse,cracker_scene1,20,old
3628,15.49815821647644,2.1756005311578797,obse,cracker_scene1,20,old
3629,15.50281023979187,2.1750337235295634,obse,cracker_scene1,20,old
3630,15.507030963897705,2.2131789037389256,obse,cracker_scene1,20,old
3631,15.511491060256958,2.212895099101834,obse,cracker_scene1,20,old
3632,15.51570463180542,2.212895099101834,obse,cracker_scene1,20,old
3633,15.520252227783203,2.2130595774390542,obse,cracker_scene1,20,old
3634,15.5243558883667,2.2130595774390542,obse,cracker_scene1,20,old
3635,15.528890371322632,2.212028854396989,obse,cracker_scene1,20,old
3636,15.533381938934326,2.212028854396989,obse,cracker_scene1,20,old
3637,15.538094282150269,2.2124694353009495,obse,cracker_scene1,20,old
3638,15.542217493057251,2.2124694353009495,obse,cracker_scene1,20,old
3639,15.546836376190186,2.2126803024976542,obse,cracker_scene1,20,old
3640,15.551049709320068,2.2120507388834616,obse,cracker_scene1,20,old
3641,15.55550503730774,2.2120507388834616,obse,cracker_scene1,20,old
3642,15.559790849685669,2.212302604909784,obse,cracker_scene1,20,old
3643,15.56420373916626,2.212302604909784,obse,cracker_scene1,20,old
3644,15.568456649780273,2.212348119350115,obse,cracker_scene1,20,old
3645,15.572904109954834,2.212348119350115,obse,cracker_scene1,20,old
3646,15.577257633209229,2.2125000858032493,obse,cracker_scene1,20,old
3647,15.581830501556396,2.2125000858032493,obse,cracker_scene1,20,old
3648,15.586430311203003,2.2130591066143124,obse,cracker_scene1,20,old
3649,15.590617418289185,2.2130591066143124,obse,cracker_scene1,20,old
3650,15.595337390899658,2.21315721252589,obse,cracker_scene1,20,old
3651,15.599384069442749,2.21315721252589,obse,cracker_scene1,20,old
3652,15.60412311553955,2.2127095378983137,obse,cracker_scene1,20,old
3653,15.608168125152588,2.2127095378983137,obse,cracker_scene1,20,old
3654,15.612797975540161,2.2130014262341984,obse,cracker_scene1,20,old
3655,15.617109298706055,2.212082195401379,obse,cracker_scene1,20,old
3656,15.621562004089355,2.212082195401379,obse,cracker_scene1,20,old
3657,15.62585711479187,2.212850397391641,obse,cracker_scene1,20,old
3658,15.630356550216675,2.212850397391641,obse,cracker_scene1,20,old
3659,15.634571552276611,2.212878355308569,obse,cracker_scene1,20,old
3660,15.63863492012024,2.212878355308569,obse,cracker_scene1,20,old
3661,15.64312195777893,2.212878355308569,obse,cracker_scene1,20,old
3662,15.647396802902222,2.212586977498458,obse,cracker_scene1,20,old
3663,15.651680946350098,2.212586977498458,obse,cracker_scene1,20,old
3664,15.656224727630615,2.2131944770479253,obse,cracker_scene1,20,old
3665,15.660553693771362,2.2131944770479253,obse,cracker_scene1,20,old
3666,15.66518235206604,2.212571154463128,obse,cracker_scene1,20,old
3667,15.669587850570679,2.212571154463128,obse,cracker_scene1,20,old
3668,15.673787832260132,2.212571154463128,obse,cracker_scene1,20,old
3669,15.67812705039978,2.2124574500206595,obse,cracker_scene1,20,old
3670,15.68257212638855,2.2124574500206595,obse,cracker_scene1,20,old
3671,15.686679363250732,2.212480403759354,obse,cracker_scene1,20,old
3672,15.691182851791382,2.2123283368523694,obse,cracker_scene1,20,old
3673,15.695831537246704,2.2123283368523694,obse,cracker_scene1,20,old
3674,15.700115203857422,2.2122954027022326,obse,cracker_scene1,20,old
3675,15.704407215118408,2.2122954027022326,obse,cracker_scene1,20,old
3676,15.708777904510498,2.2127181986725466,obse,cracker_scene1,20,old
3677,15.713274717330933,2.2127181986725466,obse,cracker_scene1,20,old
3678,15.717668771743774,2.212959656622578,obse,cracker_scene1,20,old
3679,15.722070455551147,2.212959656622578,obse,cracker_scene1,20,old
3680,15.726516246795654,2.212853748049459,obse,cracker_scene1,20,old
3681,15.73120379447937,2.212853748049459,obse,cracker_scene1,20,old
3682,15.735322713851929,2.212853748049459,obse,cracker_scene1,20,old
3683,15.739953994750977,2.212808287531443,obse,cracker_scene1,20,old
3684,15.744130611419678,2.212808287531443,obse,cracker_scene1,20,old
3685,15.7486572265625,2.212346497537146,obse,cracker_scene1,20,old
3686,15.752898216247559,2.212346497537146,obse,cracker_scene1,20,old
3687,15.757232427597046,2.2128263420806267,obse,cracker_scene1,20,old
3688,15.761492252349854,2.2128263420806267,obse,cracker_scene1,20,old
3689,15.76590609550476,2.2124677113949076,obse,cracker_scene1,20,old
3690,15.770238876342773,2.2124677113949076,obse,cracker_scene1,20,old
3691,15.774893045425415,2.2124677113949076,obse,cracker_scene1,20,old
3692,15.779269933700562,2.2127232734894786,obse,cracker_scene1,20,old
3693,15.783938884735107,2.212723217150253,obse,cracker_scene1,20,old
3694,15.788187980651855,2.212780285280588,obse,cracker_scene1,20,old
3695,15.79283857345581,2.212780285280588,obse,cracker_scene1,20,old
3696,15.797792911529541,2.2123066601504577,obse,cracker_scene1,20,old
3697,15.802422761917114,2.212221188724847,obse,cracker_scene1,20,old
3698,15.807278633117676,2.2119589767925145,obse,cracker_scene1,20,old
3699,15.81181025505066,2.21267578160223,obse,cracker_scene1,20,old
3700,15.816957235336304,2.213073514737813,obse,cracker_scene1,20,old
3701,15.821689367294312,2.212735588689437,obse,cracker_scene1,20,old
3702,15.826029300689697,2.2130801667483073,obse,cracker_scene1,20,old
3703,15.830544233322144,2.2130801667483073,obse,cracker_scene1,20,old
3704,15.834721565246582,2.2130801667483073,obse,cracker_scene1,20,old
3705,15.839244604110718,2.2125421847299096,obse,cracker_scene1,20,old
3706,15.843559980392456,2.2124968716796154,obse,cracker_scene1,20,old
3707,15.847920417785645,2.2124968716796154,obse,cracker_scene1,20,old
3708,15.852349996566772,2.212852603513909,obse,cracker_scene1,20,old
3709,15.856663703918457,2.212852603513909,obse,cracker_scene1,20,old
3710,15.861572504043579,2.212921131014247,obse,cracker_scene1,20,old
3711,15.866144180297852,2.212921131014247,obse,cracker_scene1,20,old
3712,15.870837211608887,2.212704452137536,obse,cracker_scene1,20,old
3713,15.87500548362732,2.212704452137536,obse,cracker_scene1,20,old
3714,15.879371404647827,2.213223738587989,obse,cracker_scene1,20,old
3715,15.883581161499023,2.213223738587989,obse,cracker_scene1,20,old
3716,15.887970209121704,2.2134343255554745,obse,cracker_scene1,20,old
3717,15.892312288284302,2.2132029876207504,obse,cracker_scene1,20,old
3718,15.896758794784546,2.2132029876207504,obse,cracker_scene1,20,old
3719,15.901069641113281,2.2132029876207504,obse,cracker_scene1,20,old
3720,15.905555009841919,2.213248714004501,obse,cracker_scene1,20,old
3721,15.909783840179443,2.212718524131776,obse,cracker_scene1,20,old
3722,15.91406536102295,2.212718524131776,obse,cracker_scene1,20,old
3723,15.91835355758667,2.212999258844227,obse,cracker_scene1,20,old
3724,15.922648668289185,2.212999258844227,obse,cracker_scene1,20,old
3725,15.926851987838745,2.2127642059346595,obse,cracker_scene1,20,old
3726,15.931181907653809,2.2127642059346595,obse,cracker_scene1,20,old
3727,15.93554949760437,2.212216815354507,obse,cracker_scene1,20,old
3728,15.939695835113525,2.212216815354507,obse,cracker_scene1,20,old
3729,15.944040060043335,2.211836772517586,obse,cracker_scene1,20,old
3730,15.948169469833374,2.211836772517586,obse,cracker_scene1,20,old
3731,15.95263957977295,2.211436965001595,obse,cracker_scene1,20,old
3732,15.95687198638916,2.211436965001595,obse,cracker_scene1,20,old
3733,15.961337566375732,2.2114574925615873,obse,cracker_scene1,20,old
3734,15.96553349494934,2.2114574925615873,obse,cracker_scene1,20,old
3735,15.969902992248535,2.2109056018125015,obse,cracker_scene1,20,old
3736,15.97413682937622,2.2109056018125015,obse,cracker_scene1,20,old
3737,15.978619575500488,2.2112018110041154,obse,cracker_scene1,20,old
3738,15.982739686965942,2.2112018110041154,obse,cracker_scene1,20,old
3739,15.98711609840393,2.2114871918098142,obse,cracker_scene1,20,old
3740,15.991284132003784,2.2114871918098142,obse,cracker_scene1,20,old
3741,15.995802879333496,2.2104130670163027,obse,cracker_scene1,20,old
3742,15.999967575073242,2.2104130670163027,obse,cracker_scene1,20,old
3743,16.00471830368042,2.2104527896260153,obse,cracker_scene1,20,old
3744,16.008833408355713,2.2104527896260153,obse,cracker_scene1,20,old
3745,16.01325559616089,2.2099519014219338,obse,cracker_scene1,20,old
3746,16.017325401306152,2.2099519014219338,obse,cracker_scene1,20,old
3747,16.02177667617798,2.209483058568744,obse,cracker_scene1,20,old
3748,16.026049613952637,2.2102896032495583,obse,cracker_scene1,20,old
3749,16.030300855636597,2.2102896032495583,obse,cracker_scene1,20,old
3750,16.03465962409973,2.211468832549744,obse,cracker_scene1,20,old
3751,16.03890895843506,2.211468832549744,obse,cracker_scene1,20,old
3752,16.04323101043701,2.21196250898073,obse,cracker_scene1,20,old
3753,16.047614812850952,2.21196250898073,obse,cracker_scene1,20,old
3754,16.051841020584106,2.2120267208276534,obse,cracker_scene1,20,old
3755,16.056169033050537,2.2120267208276534,obse,cracker_scene1,20,old
3756,16.060519695281982,2.2119127860079075,obse,cracker_scene1,20,old
3757,16.06472373008728,2.2119127860079075,obse,cracker_scene1,20,old
3758,16.069011449813843,2.2119294634896214,obse,cracker_scene1,20,old
3759,16.073292016983032,2.2119294634896214,obse,cracker_scene1,20,old
3760,16.07763433456421,2.2119691425758514,obse,cracker_scene1,20,old
3761,16.08174777030945,2.2119691425758514,obse,cracker_scene1,20,old
3762,16.086190462112427,2.2120874238447765,obse,cracker_scene1,20,old
3763,16.090367555618286,2.2120874238447765,obse,cracker_scene1,20,old
3764,16.094725847244263,2.211363521385275,obse,cracker_scene1,20,old
3765,16.098668098449707,2.211363521385275,obse,cracker_scene1,20,old
3766,16.10277223587036,2.211363521385275,obse,cracker_scene1,20,old
3767,16.107234001159668,2.2116593983770825,obse,cracker_scene1,20,old
3768,16.111680269241333,2.211799053405561,obse,cracker_scene1,20,old
3769,16.115851163864136,2.211799053405561,obse,cracker_scene1,20,old
3770,16.12034511566162,2.211279848290129,obse,cracker_scene1,20,old
3771,16.12449622154236,2.211279848290129,obse,cracker_scene1,20,old
3772,16.12891149520874,2.2109265187855938,obse,cracker_scene1,20,old
3773,16.133188486099243,2.2109265187855938,obse,cracker_scene1,20,old
3774,16.137737274169922,2.210527642640991,obse,cracker_scene1,20,old
3775,16.141844034194946,2.210527642640991,obse,cracker_scene1,20,old
3776,16.146326780319214,2.2099296106360757,obse,cracker_scene1,20,old
3777,16.150508880615234,2.209926657065318,obse,cracker_scene1,20,old
3778,16.15492010116577,2.209192071867564,obse,cracker_scene1,20,old
3779,16.159155130386353,2.2089997010000397,obse,cracker_scene1,20,old
3780,16.16359853744507,2.2089997010000397,obse,cracker_scene1,20,old
3781,16.16780924797058,2.2091458494200884,obse,cracker_scene1,20,old
3782,16.17219305038452,2.2091458494200884,obse,cracker_scene1,20,old
3783,16.17663335800171,2.2092913325394923,obse,cracker_scene1,20,old
3784,16.180817127227783,2.2092913325394923,obse,cracker_scene1,20,old
3785,16.185043811798096,2.2095417699007616,obse,cracker_scene1,20,old
3786,16.189445734024048,2.2095417699007616,obse,cracker_scene1,20,old
3787,16.193976402282715,2.208190152240774,obse,cracker_scene1,20,old
3788,16.198229551315308,2.208190152240774,obse,cracker_scene1,20,old
3789,16.20263671875,2.2082879609437507,obse,cracker_scene1,20,old
3790,16.206795930862427,2.2082879609437507,obse,cracker_scene1,20,old
3791,16.211212873458862,2.2076494335487453,obse,cracker_scene1,20,old
3792,16.215410947799683,2.2076494335487453,obse,cracker_scene1,20,old
3793,16.219692707061768,2.2072748677451175,obse,cracker_scene1,20,old
3794,16.22386360168457,2.2072748677451175,obse,cracker_scene1,20,old
3795,16.228325605392456,2.2078661959255026,obse,cracker_scene1,20,old
3796,16.232532501220703,2.2078661959255026,obse,cracker_scene1,20,old
3797,16.23707938194275,2.207369952399616,obse,cracker_scene1,20,old
3798,16.241119146347046,2.207369952399616,obse,cracker_scene1,20,old
3799,16.24565076828003,2.2078276494465863,obse,cracker_scene1,20,old
3800,16.249831438064575,2.2078276494465863,obse,cracker_scene1,20,old
3801,16.254215478897095,2.2067458709558245,obse,cracker_scene1,20,old
3802,16.258300065994263,2.2067458709558245,obse,cracker_scene1,20,old
3803,16.26268982887268,2.2067994883410567,obse,cracker_scene1,20,old
3804,16.26696014404297,2.2067994883410567,obse,cracker_scene1,20,old
3805,16.271320819854736,2.2061002006348573,obse,cracker_scene1,20,old
3806,16.27549123764038,2.2061002006348573,obse,cracker_scene1,20,old
3807,16.280017614364624,2.2052880346883192,obse,cracker_scene1,20,old
3808,16.284302473068237,2.2048264977999645,obse,cracker_scene1,20,old
3809,16.288594722747803,2.2048264977999645,obse,cracker_scene1,20,old
3810,16.29287815093994,2.2055538465085514,obse,cracker_scene1,20,old
3811,16.29732322692871,2.2055538465085514,obse,cracker_scene1,20,old
3812,16.301870822906494,2.20570672016967,obse,cracker_scene1,20,old
3813,16.306115865707397,2.20570672016967,obse,cracker_scene1,20,old
3814,16.31060481071472,2.205747472698455,obse,cracker_scene1,20,old
3815,16.314890384674072,2.205747472698455,obse,cracker_scene1,20,old
3816,16.319225788116455,2.205502862271339,obse,cracker_scene1,20,old
3817,16.323426961898804,2.205502862271339,obse,cracker_scene1,20,old
3818,16.32787036895752,2.203675721978451,obse,cracker_scene1,20,old
3819,16.332018613815308,2.203675721978451,obse,cracker_scene1,20,old
3820,16.336758852005005,2.2034028821418827,obse,cracker_scene1,20,old
3821,16.340836763381958,2.2034028821418827,obse,cracker_scene1,20,old
3822,16.34524440765381,2.2027897937893934,obse,cracker_scene1,20,old
3823,16.34940528869629,2.2027897937893934,obse,cracker_scene1,20,old
3824,16.353798627853394,2.20272949129939,obse,cracker_scene1,20,old
3825,16.358033180236816,2.20272949129939,obse,cracker_scene1,20,old
3826,16.362547159194946,2.2030300716278663,obse,cracker_scene1,20,old
3827,16.366811752319336,2.2030300716278663,obse,cracker_scene1,20,old
3828,16.371262311935425,2.2034199787037476,obse,cracker_scene1,20,old
3829,16.37549376487732,2.203317751329342,obse,cracker_scene1,20,old
3830,16.37990927696228,2.2033316092715554,obse,cracker_scene1,20,old
3831,16.384073734283447,2.203084769272076,obse,cracker_scene1,20,old
3832,16.38848900794983,2.2030139725888933,obse,cracker_scene1,20,old
3833,16.39264965057373,2.203042655336364,obse,cracker_scene1,20,old
3834,16.397236585617065,2.2026912434516532,obse,cracker_scene1,20,old
3835,16.40150022506714,2.2031757115005535,obse,cracker_scene1,20,old
3836,16.40578842163086,2.2031757115005535,obse,cracker_scene1,20,old
3837,16.41006350517273,2.202580147490366,obse,cracker_scene1,20,old
3838,16.41432809829712,2.202580147490366,obse,cracker_scene1,20,old
3839,16.41863775253296,2.2022686080530933,obse,cracker_scene1,20,old
3840,16.422847747802734,2.2022686080530933,obse,cracker_scene1,20,old
3841,16.42740273475647,2.2022767511160657,obse,cracker_scene1,20,old
3842,16.431568145751953,2.2022767511160657,obse,cracker_scene1,20,old
3843,16.43600821495056,2.2020015852121713,obse,cracker_scene1,20,old
3844,16.440068006515503,2.2020015852121713,obse,cracker_scene1,20,old
3845,16.444499254226685,2.2022469491309007,obse,cracker_scene1,20,old
3846,16.44870924949646,2.2022469491309007,obse,cracker_scene1,20,old
3847,16.45290446281433,2.2022469491309007,obse,cracker_scene1,20,old
3848,16.45705533027649,2.2026604125143407,obse,cracker_scene1,20,old
3849,16.46144938468933,2.2026604125143407,obse,cracker_scene1,20,old
3850,16.46592378616333,2.201657075551215,obse,cracker_scene1,20,old
3851,16.470223426818848,2.201657075551215,obse,cracker_scene1,20,old
3852,16.47463607788086,2.202051076172668,obse,cracker_scene1,20,old
3853,16.47891616821289,2.202051076172668,obse,cracker_scene1,20,old
3854,16.483063220977783,2.202051076172668,obse,cracker_scene1,20,old
3855,16.48739242553711,2.2011774266474893,obse,cracker_scene1,20,old
3856,16.49161148071289,2.2012673746717812,obse,cracker_scene1,20,old
3857,16.49610733985901,2.200557535207638,obse,cracker_scene1,20,old
3858,16.500492811203003,2.2001956071810023,obse,cracker_scene1,20,old
3859,16.504772663116455,2.2001956071810023,obse,cracker_scene1,20,old
3860,16.509031295776367,2.19983720710232,obse,cracker_scene1,20,old
3861,16.513319492340088,2.19983720710232,obse,cracker_scene1,20,old
3862,16.517749547958374,2.1995078540313244,obse,cracker_scene1,20,old
3863,16.521970748901367,2.1995078540313244,obse,cracker_scene1,20,old
3864,16.526435613632202,2.199193292875864,obse,cracker_scene1,20,old
3865,16.530765533447266,2.199193292875864,obse,cracker_scene1,20,old
3866,16.534854888916016,2.199193292875864,obse,cracker_scene1,20,old
3867,16.539112329483032,2.198918885552289,obse,cracker_scene1,20,old
3868,16.543395519256592,2.198974213599712,obse,cracker_scene1,20,old
3869,16.547940015792847,2.1988200882536217,obse,cracker_scene1,20,old
3870,16.552077054977417,2.1988200882536217,obse,cracker_scene1,20,old
3871,16.556525707244873,2.198992917624884,obse,cracker_scene1,20,old
3872,16.56098508834839,2.1987797326406167,obse,cracker_scene1,20,old
3873,16.565186977386475,2.1987797326406167,obse,cracker_scene1,20,old
3874,16.569517135620117,2.1987797326406167,obse,cracker_scene1,20,old
3875,16.573800802230835,2.1988632721284063,obse,cracker_scene1,20,old
3876,16.578139305114746,2.1988632721284063,obse,cracker_scene1,20,old
3877,16.582644939422607,2.1997193477500954,obse,cracker_scene1,20,old
3878,16.586947202682495,2.1997193477500954,obse,cracker_scene1,20,old
3879,16.59120774269104,2.1996411382710903,obse,cracker_scene1,20,old
3880,16.59547472000122,2.1996411382710903,obse,cracker_scene1,20,old
3881,16.599787712097168,2.199380575216029,obse,cracker_scene1,20,old
3882,16.60412836074829,2.199123535975777,obse,cracker_scene1,20,old
3883,16.60869812965393,2.1986598719804986,obse,cracker_scene1,20,old
3884,16.613104581832886,2.1979010440802895,obse,cracker_scene1,20,old
3885,16.61738920211792,2.1979010440802895,obse,cracker_scene1,20,old
3886,16.621759176254272,2.197434764201602,obse,cracker_scene1,20,old
3887,16.626100063323975,2.1974932919479233,obse,cracker_scene1,20,old
3888,16.630524396896362,2.1974932919479233,obse,cracker_scene1,20,old
3889,16.63475728034973,2.1977184037912147,obse,cracker_scene1,20,old
3890,16.63918948173523,2.1977184037912147,obse,cracker_scene1,20,old
3891,16.643490076065063,2.198106579582107,obse,cracker_scene1,20,old
3892,16.648487091064453,2.198106579582107,obse,cracker_scene1,20,old
3893,16.65306258201599,2.1979780502949398,obse,cracker_scene1,20,old
3894,16.657411336898804,2.1979780502949398,obse,cracker_scene1,20,old
3895,16.661866664886475,2.1979780502949398,obse,cracker_scene1,20,old
3896,16.66599416732788,2.19775021907779,obse,cracker_scene1,20,old
3897,16.67096781730652,2.197788240851165,obse,cracker_scene1,20,old
3898,16.67533254623413,2.197573791474009,obse,cracker_scene1,20,old
3899,16.679851055145264,2.197573791474009,obse,cracker_scene1,20,old
3900,16.684218883514404,2.193987389067205,obse,cracker_scene1,20,old
3901,16.688750505447388,2.193987389067205,obse,cracker_scene1,20,old
3902,16.69327974319458,2.1959142869167474,obse,cracker_scene1,20,old
3903,16.697895526885986,2.1959142869167474,obse,cracker_scene1,20,old
3904,16.702444791793823,2.1959103230586887,obse,cracker_scene1,20,old
3905,16.70683765411377,2.1959103230586887,obse,cracker_scene1,20,old
3906,16.710895538330078,2.1959103230586887,obse,cracker_scene1,20,old
3907,16.715463399887085,2.1961452881346366,obse,cracker_scene1,20,old
3908,16.719772338867188,2.1964905418572265,obse,cracker_scene1,20,old
3909,16.724228858947754,2.1964905418572265,obse,cracker_scene1,20,old
3910,16.72855019569397,2.1964437022988283,obse,cracker_scene1,20,old
3911,16.733407020568848,2.1964437022988283,obse,cracker_scene1,20,old
3912,16.737993955612183,2.196240538600856,obse,cracker_scene1,20,old
3913,16.74220585823059,2.196240538600856,obse,cracker_scene1,20,old
3914,16.746586561203003,2.1969523997272917,obse,cracker_scene1,20,old
3915,16.75108242034912,2.196539187398657,obse,cracker_scene1,20,old
3916,16.755287647247314,2.196539187398657,obse,cracker_scene1,20,old
3917,16.75960397720337,2.1958493652719797,obse,cracker_scene1,20,old
3918,16.76384687423706,2.1958493652719797,obse,cracker_scene1,20,old
3919,16.76824712753296,2.1950838711487117,obse,cracker_scene1,20,old
3920,16.77261209487915,2.1950838711487117,obse,cracker_scene1,20,old
3921,16.776890754699707,2.1947069412598124,obse,cracker_scene1,20,old
3922,16.78116250038147,2.1947069412598124,obse,cracker_scene1,20,old
3923,16.785460710525513,2.1949116125081707,obse,cracker_scene1,20,old
3924,16.789750576019287,2.1949116125081707,obse,cracker_scene1,20,old
3925,16.794135808944702,2.1951190657873347,obse,cracker_scene1,20,old
3926,16.798445224761963,2.1951190657873347,obse,cracker_scene1,20,old
3927,16.80271029472351,2.195020972793823,obse,cracker_scene1,20,old
3928,16.80704355239868,2.195020972793823,obse,cracker_scene1,20,old
3929,16.811516761779785,2.1947318698200133,obse,cracker_scene1,20,old
3930,16.815671682357788,2.1947318698200133,obse,cracker_scene1,20,old
3931,16.82000470161438,2.194667872390742,obse,cracker_scene1,20,old
3932,16.82404851913452,2.194667872390742,obse,cracker_scene1,20,old
3933,16.828702449798584,2.194667872390742,obse,cracker_scene1,20,old
3934,16.83276057243347,2.194667872390742,obse,cracker_scene1,20,old
3935,16.836958169937134,2.194667872390742,obse,cracker_scene1,20,old
3936,16.841423749923706,2.1946917855531884,obse,cracker_scene1,20,old
3937,16.845754861831665,2.1938200663327985,obse,cracker_scene1,20,old
3938,16.850266456604004,2.1935498592883524,obse,cracker_scene1,20,old
3939,16.854432821273804,2.191007704072889,obse,cracker_scene1,20,old
3940,16.858583450317383,2.191007704072889,obse,cracker_scene1,20,old
3941,16.86295747756958,2.191007704072889,obse,cracker_scene1,20,old
3942,16.867340564727783,2.190774825726261,obse,cracker_scene1,20,old
3943,16.871731758117676,2.190664309108829,obse,cracker_scene1,20,old
3944,16.875981092453003,2.190664309108829,obse,cracker_scene1,20,old
3945,16.880318641662598,2.1934369296577163,obse,cracker_scene1,20,old
3946,16.88468623161316,2.1934369296577163,obse,cracker_scene1,20,old
3947,16.88898992538452,2.193485227763202,obse,cracker_scene1,20,old
3948,16.893304586410522,2.193485227763202,obse,cracker_scene1,20,old
3949,16.897731065750122,2.1937385879037476,obse,cracker_scene1,20,old
3950,16.901936769485474,2.1937385879037476,obse,cracker_scene1,20,old
3951,16.906148672103882,2.193980135737422,obse,cracker_scene1,20,old
3952,16.910544872283936,2.1942698873650617,obse,cracker_scene1,20,old
3953,16.914716482162476,2.1942698873650617,obse,cracker_scene1,20,old
3954,16.919199466705322,2.193753170084709,obse,cracker_scene1,20,old
3955,16.9232919216156,2.1937766397360363,obse,cracker_scene1,20,old
3956,16.927756547927856,2.1937668325533144,obse,cracker_scene1,20,old
3957,16.93236470222473,2.1933826557265252,obse,cracker_scene1,20,old
3958,16.936836004257202,2.1937701012109763,obse,cracker_scene1,20,old
3959,16.941184520721436,2.1937389583637854,obse,cracker_scene1,20,old
3960,16.945618391036987,2.1931992612113804,obse,cracker_scene1,20,old
3961,16.949790239334106,2.1931992612113804,obse,cracker_scene1,20,old
3962,16.954033136367798,2.1931992612113804,obse,cracker_scene1,20,old
3963,16.95845913887024,2.1938769835912835,obse,cracker_scene1,20,old
3964,16.96267604827881,2.1938769835912835,obse,cracker_scene1,20,old
3965,16.9671471118927,2.193848210624153,obse,cracker_scene1,20,old
3966,16.971638917922974,2.19396380006929,obse,cracker_scene1,20,old
3967,16.97605061531067,2.19396380006929,obse,cracker_scene1,20,old
3968,16.980335235595703,2.19396380006929,obse,cracker_scene1,20,old
3969,16.98461627960205,2.1940560906999407,obse,cracker_scene1,20,old
3970,16.98882222175598,2.19401338688386,obse,cracker_scene1,20,old
3971,16.993054389953613,2.1935995014748295,obse,cracker_scene1,20,old
3972,16.997679233551025,2.1937764790812384,obse,cracker_scene1,20,old
3973,17.001965284347534,2.1938029068877745,obse,cracker_scene1,20,old
3974,17.00632643699646,2.1937604720461925,obse,cracker_scene1,20,old
3975,17.01064372062683,2.1933949655627796,obse,cracker_scene1,20,old
3976,17.01484251022339,2.1933949655627796,obse,cracker_scene1,20,old
3977,17.019207239151,2.1933609950747703,obse,cracker_scene1,20,old
3978,17.023510932922363,2.1933609950747703,obse,cracker_scene1,20,old
3979,17.028104782104492,2.1928532823664906,obse,cracker_scene1,20,old
3980,17.032315492630005,2.1928532823664906,obse,cracker_scene1,20,old
3981,17.03681516647339,2.1932165206563727,obse,cracker_scene1,20,old
3982,17.04092812538147,2.1932165206563727,obse,cracker_scene1,20,old
3983,17.045528888702393,2.1927151186141494,obse,cracker_scene1,20,old
3984,17.049678087234497,2.1927151186141494,obse,cracker_scene1,20,old
3985,17.05406093597412,2.1922143507466503,obse,cracker_scene1,20,old
3986,17.058303833007812,2.1922143507466503,obse,cracker_scene1,20,old
3987,17.062914609909058,2.1917722575176537,obse,cracker_scene1,20,old
3988,17.067049503326416,2.1917722575176537,obse,cracker_scene1,20,old
3989,17.07155466079712,2.1917045821180947,obse,cracker_scene1,20,old
3990,17.07576036453247,2.191850263832019,obse,cracker_scene1,20,old
3991,17.08016014099121,2.191850263832019,obse,cracker_scene1,20,old
3992,17.08423662185669,2.191850263832019,obse,cracker_scene1,20,old
3993,17.08860731124878,2.1919105766422025,obse,cracker_scene1,20,old
3994,17.092945337295532,2.1915578613560287,obse,cracker_scene1,20,old
3995,17.09737730026245,2.1915578613560287,obse,cracker_scene1,20,old
3996,17.101680040359497,2.191549295921246,obse,cracker_scene1,20,old
3997,17.10595726966858,2.191549295921246,obse,cracker_scene1,20,old
3998,17.110333681106567,2.191763319009593,obse,cracker_scene1,20,old
3999,17.114587783813477,2.191763319009593,obse,cracker_scene1,20,old
4000,17.118897676467896,2.191400905204362,obse,cracker_scene1,20,old
4001,17.123149394989014,2.191400905204362,obse,cracker_scene1,20,old
4002,17.12769913673401,2.191318717849154,obse,cracker_scene1,20,old
4003,17.132147550582886,2.191318717849154,obse,cracker_scene1,20,old
4004,17.136467218399048,2.1903053913648574,obse,cracker_scene1,20,old
4005,17.140619039535522,2.1903053913648574,obse,cracker_scene1,20,old
4006,17.145068645477295,2.1905484906190757,obse,cracker_scene1,20,old
4007,17.149223804473877,2.1905484906190757,obse,cracker_scene1,20,old
4008,17.153611421585083,2.189640031462062,obse,cracker_scene1,20,old
4009,17.157731533050537,2.189640031462062,obse,cracker_scene1,20,old
4010,17.162233352661133,2.1899207135505767,obse,cracker_scene1,20,old
4011,17.166385412216187,2.1899207135505767,obse,cracker_scene1,20,old
4012,17.170767307281494,2.1899752772683447,obse,cracker_scene1,20,old
4013,17.17507529258728,2.189845297894096,obse,cracker_scene1,20,old
4014,17.17946147918701,2.189792548082244,obse,cracker_scene1,20,old
4015,17.183584451675415,2.189792548082244,obse,cracker_scene1,20,old
4016,17.187989473342896,2.18905838047767,obse,cracker_scene1,20,old
4017,17.19217300415039,2.189001765838813,obse,cracker_scene1,20,old
4018,17.196638822555542,2.1881401805030523,obse,cracker_scene1,20,old
4019,17.200828552246094,2.1881401805030523,obse,cracker_scene1,20,old
4020,17.205218076705933,2.187701799217227,obse,cracker_scene1,20,old
4021,17.20947813987732,2.187748476999549,obse,cracker_scene1,20,old
4022,17.213865041732788,2.187748476999549,obse,cracker_scene1,20,old
4023,17.21820616722107,2.1874611546035876,obse,cracker_scene1,20,old
4024,17.22243857383728,2.1874611546035876,obse,cracker_scene1,20,old
4025,17.226821184158325,2.1880359360557566,obse,cracker_scene1,20,old
4026,17.231186628341675,2.1880359360557566,obse,cracker_scene1,20,old
4027,17.23563814163208,2.18840828640581,obse,cracker_scene1,20,old
4028,17.239757537841797,2.18840828640581,obse,cracker_scene1,20,old
4029,17.244163990020752,2.188449102109786,obse,cracker_scene1,20,old
4030,17.248390913009644,2.188449102109786,obse,cracker_scene1,20,old
4031,17.25274419784546,2.1887275194878377,obse,cracker_scene1,20,old
4032,17.257080793380737,2.1887275194878377,obse,cracker_scene1,20,old
4033,17.261775493621826,2.1883998291404687,obse,cracker_scene1,20,old
4034,17.265850067138672,2.1883998291404687,obse,cracker_scene1,20,old
4035,17.270386457443237,2.1881094435245654,obse,cracker_scene1,20,old
4036,17.27449655532837,2.1881094435245654,obse,cracker_scene1,20,old
4037,17.279006242752075,2.1889293872046593,obse,cracker_scene1,20,old
4038,17.28319811820984,2.1889293872046593,obse,cracker_scene1,20,old
4039,17.28765034675598,2.188288486265229,obse,cracker_scene1,20,old
4040,17.291900873184204,2.188288486265229,obse,cracker_scene1,20,old
4041,17.296518802642822,2.185681306812538,obse,cracker_scene1,20,old
4042,17.300734043121338,2.1877134771893267,obse,cracker_scene1,20,old
4043,17.305140256881714,2.1876877666794954,obse,cracker_scene1,20,old
4044,17.309396743774414,2.1857144959849766,obse,cracker_scene1,20,old
4045,17.313735961914062,2.1857144959849766,obse,cracker_scene1,20,old
4046,17.31788730621338,2.185176104337372,obse,cracker_scene1,20,old
4047,17.322224855422974,2.1848662491527318,obse,cracker_scene1,20,old
4048,17.326643466949463,2.1876325484508605,obse,cracker_scene1,20,old
4049,17.330986738204956,2.1876325484508605,obse,cracker_scene1,20,old
4050,17.335365056991577,2.187056864899941,obse,cracker_scene1,20,old
4051,17.339559078216553,2.187056864899941,obse,cracker_scene1,20,old
4052,17.343920707702637,2.187071119613174,obse,cracker_scene1,20,old
4053,17.348076343536377,2.187071119613174,obse,cracker_scene1,20,old
4054,17.352454900741577,2.1874010402164075,obse,cracker_scene1,20,old
4055,17.356700897216797,2.1874010402164075,obse,cracker_scene1,20,old
4056,17.361246347427368,2.1875444452063455,obse,cracker_scene1,20,old
4057,17.36544942855835,2.1875444452063455,obse,cracker_scene1,20,old
4058,17.369961261749268,2.1874824508145014,obse,cracker_scene1,20,old
4059,17.374170541763306,2.1874824508145014,obse,cracker_scene1,20,old
4060,17.378599643707275,2.1868281382867423,obse,cracker_scene1,20,old
4061,17.382755517959595,2.1868281382867423,obse,cracker_scene1,20,old
4062,17.387128591537476,2.1864263530204253,obse,cracker_scene1,20,old
4063,17.39134383201599,2.1864263530204253,obse,cracker_scene1,20,old
4064,17.39589762687683,2.185921271180584,obse,cracker_scene1,20,old
4065,17.400087594985962,2.1852464904623927,obse,cracker_scene1,20,old
4066,17.40447449684143,2.1852464904623927,obse,cracker_scene1,20,old
4067,17.408581018447876,2.1852464904623927,obse,cracker_scene1,20,old
4068,17.413318872451782,2.185853678538824,obse,cracker_scene1,20,old
4069,17.417585849761963,2.1861539461788597,obse,cracker_scene1,20,old
4070,17.422016143798828,2.1861539461788597,obse,cracker_scene1,20,old
4071,17.42630958557129,2.1863132584431657,obse,cracker_scene1,20,old
4072,17.430769443511963,2.1863132584431657,obse,cracker_scene1,20,old
4073,17.435068130493164,2.1864293093601246,obse,cracker_scene1,20,old
4074,17.439318418502808,2.1864293093601246,obse,cracker_scene1,20,old
4075,17.443681716918945,2.1862371278232846,obse,cracker_scene1,20,old
4076,17.4480619430542,2.1862371278232846,obse,cracker_scene1,20,old
4077,17.452681303024292,2.1859555319150408,obse,cracker_scene1,20,old
4078,17.456883907318115,2.1859555319150408,obse,cracker_scene1,20,old
4079,17.46123957633972,2.1856980287202132,obse,cracker_scene1,20,old
4080,17.465415477752686,2.1856980287202132,obse,cracker_scene1,20,old
4081,17.46981382369995,2.185069922509858,obse,cracker_scene1,20,old
4082,17.473917722702026,2.185069922509858,obse,cracker_scene1,20,old
4083,17.47832751274109,2.185205587544396,obse,cracker_scene1,20,old
4084,17.48245859146118,2.185205587544396,obse,cracker_scene1,20,old
4085,17.487067461013794,2.184856228051877,obse,cracker_scene1,20,old
4086,17.49124813079834,2.184856228051877,obse,cracker_scene1,20,old
4087,17.495876789093018,2.184292327778911,obse,cracker_scene1,20,old
4088,17.50001883506775,2.184292327778911,obse,cracker_scene1,20,old
4089,17.504413843154907,2.184061790430537,obse,cracker_scene1,20,old
4090,17.50855326652527,2.184061790430537,obse,cracker_scene1,20,old
4091,17.513033151626587,2.1837395226689926,obse,cracker_scene1,20,old
4092,17.517127990722656,2.1837395226689926,obse,cracker_scene1,20,old
4093,17.5213885307312,2.183410317706744,obse,cracker_scene1,20,old
4094,17.52548837661743,2.183410317706744,obse,cracker_scene1,20,old
4095,17.530233144760132,2.184674662274631,obse,cracker_scene1,20,old
4096,17.534459114074707,2.184686475160719,obse,cracker_scene1,20,old
4097,17.538777589797974,2.1853896747951023,obse,cracker_scene1,20,old
4098,17.543105840682983,2.1848091632402555,obse,cracker_scene1,20,old
4099,17.54735040664673,2.1848091632402555,obse,cracker_scene1,20,old
4100,17.5516037940979,2.184264156447827,obse,cracker_scene1,20,old
4101,17.555906534194946,2.184264156447827,obse,cracker_scene1,20,old
4102,17.56030035018921,2.1843855455192216,obse,cracker_scene1,20,old
4103,17.56462836265564,2.1843855455192216,obse,cracker_scene1,20,old
4104,17.56904411315918,2.1850503378343644,obse,cracker_scene1,20,old
4105,17.573246002197266,2.1850503378343644,obse,cracker_scene1,20,old
4106,17.578109741210938,2.1836583799507006,obse,cracker_scene1,20,old
4107,17.58233880996704,2.1836583799507006,obse,cracker_scene1,20,old
4108,17.586628675460815,2.1838736004032784,obse,cracker_scene1,20,old
4109,17.59083127975464,2.1838736004032784,obse,cracker_scene1,20,old
4110,17.59559464454651,2.183399149696684,obse,cracker_scene1,20,old
4111,17.5995831489563,2.183399149696684,obse,cracker_scene1,20,old
4112,17.603942155838013,2.182861591828252,obse,cracker_scene1,20,old
4113,17.6082444190979,2.183348646200681,obse,cracker_scene1,20,old
4114,17.613024473190308,2.1810198709973507,obse,cracker_scene1,20,old
4115,17.61720585823059,2.1810198709973507,obse,cracker_scene1,20,old
4116,17.621684789657593,2.180860377619359,obse,cracker_scene1,20,old
4117,17.625997066497803,2.1830424803317863,obse,cracker_scene1,20,old
4118,17.63031816482544,2.1830424803317863,obse,cracker_scene1,20,old
4119,17.63455295562744,2.1820439761269643,obse,cracker_scene1,20,old
4120,17.639005184173584,2.1820439761269643,obse,cracker_scene1,20,old
4121,17.643165111541748,2.1814935206338717,obse,cracker_scene1,20,old
4122,17.647322416305542,2.1814935206338717,obse,cracker_scene1,20,old
4123,17.65177297592163,2.183790505162243,obse,cracker_scene1,20,old
4124,17.656020641326904,2.183790505162243,obse,cracker_scene1,20,old
4125,17.660370111465454,2.1844432390716646,obse,cracker_scene1,20,old
4126,17.66472887992859,2.184372872167561,obse,cracker_scene1,20,old
4127,17.669026613235474,2.183643030615798,obse,cracker_scene1,20,old
4128,17.67328929901123,2.1836599036677313,obse,cracker_scene1,20,old
4129,17.677531719207764,2.183319536624059,obse,cracker_scene1,20,old
4130,17.681918144226074,2.183319536624059,obse,cracker_scene1,20,old
4131,17.686087131500244,2.183319536624059,obse,cracker_scene1,20,old
4132,17.69057321548462,2.1828092935747563,obse,cracker_scene1,20,old
4133,17.694939851760864,2.1828092935747563,obse,cracker_scene1,20,old
4134,17.699421882629395,2.1827597643367715,obse,cracker_scene1,20,old
4135,17.703594207763672,2.1827597643367715,obse,cracker_scene1,20,old
4136,17.707807302474976,2.1827480235790695,obse,cracker_scene1,20,old
4137,17.71213150024414,2.1827480235790695,obse,cracker_scene1,20,old
4138,17.71659827232361,2.182866164904147,obse,cracker_scene1,20,old
4139,17.720677137374878,2.182866164904147,obse,cracker_scene1,20,old
4140,17.72524333000183,2.1830390404289535,obse,cracker_scene1,20,old
4141,17.729679822921753,2.1830390404289535,obse,cracker_scene1,20,old
4142,17.73419690132141,2.1829704315158143,obse,cracker_scene1,20,old
4143,17.738640308380127,2.1829704315158143,obse,cracker_scene1,20,old
4144,17.7427978515625,2.1829704315158143,obse,cracker_scene1,20,old
4145,17.747205018997192,2.1828630497931893,obse,cracker_scene1,20,old
4146,17.751424551010132,2.182653987742734,obse,cracker_scene1,20,old
4147,17.755926370620728,2.182653987742734,obse,cracker_scene1,20,old
4148,17.76026749610901,2.1827192514753007,obse,cracker_scene1,20,old
4149,17.76459789276123,2.1823239661746427,obse,cracker_scene1,20,old
4150,17.768667221069336,2.1823239661746427,obse,cracker_scene1,20,old
4151,17.77316379547119,2.1823364226538704,obse,cracker_scene1,20,old
4152,17.777218341827393,2.1823364226538704,obse,cracker_scene1,20,old
4153,17.78126358985901,2.1823364226538704,obse,cracker_scene1,20,old
4154,17.785501956939697,2.1817077735365276,obse,cracker_scene1,20,old
4155,17.790013790130615,2.1816892088844186,obse,cracker_scene1,20,old
4156,17.79451036453247,2.181062897618001,obse,cracker_scene1,20,old
4157,17.798689603805542,2.181062897618001,obse,cracker_scene1,20,old
4158,17.803011894226074,2.1806907786500185,obse,cracker_scene1,20,old
4159,17.807398796081543,2.181204598441279,obse,cracker_scene1,20,old
4160,17.811760425567627,2.1815152803517996,obse,cracker_scene1,20,old
4161,17.81629204750061,2.181621869871532,obse,cracker_scene1,20,old
4162,17.82092833518982,2.181842159176594,obse,cracker_scene1,20,old
4163,17.82534384727478,2.182126924783054,obse,cracker_scene1,20,old
4164,17.829978704452515,2.182476990472404,obse,cracker_scene1,20,old
4165,17.8341121673584,2.182476990472404,obse,cracker_scene1,20,old
4166,17.838524341583252,2.1822095234792407,obse,cracker_scene1,20,old
4167,17.842817306518555,2.1822650785703415,obse,cracker_scene1,20,old
4168,17.847039461135864,2.1822650785703415,obse,cracker_scene1,20,old
4169,17.851245403289795,2.1815139634924536,obse,cracker_scene1,20,old
4170,17.85552477836609,2.1815139634924536,obse,cracker_scene1,20,old
4171,17.859927892684937,2.1819251455268995,obse,cracker_scene1,20,old
4172,17.864256381988525,2.1819251455268995,obse,cracker_scene1,20,old
4173,17.86860156059265,2.1815524264870474,obse,cracker_scene1,20,old
4174,17.87291169166565,2.1815524264870474,obse,cracker_scene1,20,old
4175,17.87738060951233,2.180647346655559,obse,cracker_scene1,20,old
4176,17.881504774093628,2.180647346655559,obse,cracker_scene1,20,old
4177,17.88587498664856,2.1812075980894265,obse,cracker_scene1,20,old
4178,17.890053510665894,2.1812075980894265,obse,cracker_scene1,20,old
4179,17.894582271575928,2.180872556386711,obse,cracker_scene1,20,old
4180,17.89877414703369,2.180872556386711,obse,cracker_scene1,20,old
4181,17.90323567390442,2.181374636700414,obse,cracker_scene1,20,old
4182,17.907445192337036,2.181374636700414,obse,cracker_scene1,20,old
4183,17.911885976791382,2.1813721113432942,obse,cracker_scene1,20,old
4184,17.916181564331055,2.1813721113432942,obse,cracker_scene1,20,old
4185,17.920530319213867,2.1810103189139873,obse,cracker_scene1,20,old
4186,17.92472004890442,2.1810103189139873,obse,cracker_scene1,20,old
4187,17.92982530593872,2.1817074610675053,obse,cracker_scene1,20,old
4188,17.934221744537354,2.181202500025094,obse,cracker_scene1,20,old
4189,17.938987255096436,2.181169227394748,obse,cracker_scene1,20,old
4190,17.943319082260132,2.1816355691479172,obse,cracker_scene1,20,old
4191,17.947652101516724,2.1816355691479172,obse,cracker_scene1,20,old
4192,17.952047109603882,2.1812545801883374,obse,cracker_scene1,20,old
4193,17.956334829330444,2.1812545801883374,obse,cracker_scene1,20,old
4194,17.96074628829956,2.181215975673581,obse,cracker_scene1,20,old
4195,17.96510648727417,2.181215975673581,obse,cracker_scene1,20,old
4196,17.96948742866516,2.18179331863183,obse,cracker_scene1,20,old
4197,17.973666429519653,2.18179331863183,obse,cracker_scene1,20,old
4198,17.97801160812378,2.180871423385242,obse,cracker_scene1,20,old
4199,17.982070207595825,2.180871423385242,obse,cracker_scene1,20,old
4200,17.986479997634888,2.180295721931853,obse,cracker_scene1,20,old
4201,17.990636348724365,2.180295721931853,obse,cracker_scene1,20,old
4202,17.995362043380737,2.1798779568465676,obse,cracker_scene1,20,old
4203,17.999395608901978,2.1798779568465676,obse,cracker_scene1,20,old
4204,18.003859043121338,2.17911036703902,obse,cracker_scene1,20,old
4205,18.007915258407593,2.17911036703902,obse,cracker_scene1,20,old
4206,18.01238226890564,2.1796787816527736,obse,cracker_scene1,20,old
4207,18.016583681106567,2.1796787816527736,obse,cracker_scene1,20,old
4208,18.020960092544556,2.179850571779629,obse,cracker_scene1,20,old
4209,18.025135278701782,2.179856088535601,obse,cracker_scene1,20,old
4210,18.02958917617798,2.179856088535601,obse,cracker_scene1,20,old
4211,18.03373670578003,2.17990799960569,obse,cracker_scene1,20,old
4212,18.038089752197266,2.17990799960569,obse,cracker_scene1,20,old
4213,18.042166709899902,2.17990799960569,obse,cracker_scene1,20,old
4214,18.046469926834106,2.1793710252745324,obse,cracker_scene1,20,old
4215,18.05058717727661,2.1793710252745324,obse,cracker_scene1,20,old
4216,18.054975271224976,2.1800780794788652,obse,cracker_scene1,20,old
4217,18.059458255767822,2.1800780794788652,obse,cracker_scene1,20,old
4218,18.063716650009155,2.1800780794788652,obse,cracker_scene1,20,old
4219,18.068227291107178,2.18015171893017,obse,cracker_scene1,20,old
4220,18.072373628616333,2.18015171893017,obse,cracker_scene1,20,old
4221,18.076919555664062,2.180015879775927,obse,cracker_scene1,20,old
4222,18.08106780052185,2.180015879775927,obse,cracker_scene1,20,old
4223,18.085590600967407,2.1797744798691356,obse,cracker_scene1,20,old
4224,18.089736938476562,2.1796796833213445,obse,cracker_scene1,20,old
4225,18.094357013702393,2.1790203943690587,obse,cracker_scene1,20,old
4226,18.098881483078003,2.1783429516324704,obse,cracker_scene1,20,old
4227,18.103191137313843,2.178239464923382,obse,cracker_scene1,20,old
4228,18.107680320739746,2.1783710331157717,obse,cracker_scene1,20,old
4229,18.111783742904663,2.1783710331157717,obse,cracker_scene1,20,old
4230,18.1164231300354,2.1786933048066324,obse,cracker_scene1,20,old
4231,18.12059450149536,2.1787086440079584,obse,cracker_scene1,20,old
4232,18.125054121017456,2.1789349412941945,obse,cracker_scene1,20,old
4233,18.129631996154785,2.179322571560416,obse,cracker_scene1,20,old
4234,18.133949756622314,2.179322571560416,obse,cracker_scene1,20,old
4235,18.138418436050415,2.179416748065403,obse,cracker_scene1,20,old
4236,18.142780303955078,2.179416748065403,obse,cracker_scene1,20,old
4237,18.14719796180725,2.1789525335664157,obse,cracker_scene1,20,old
4238,18.151575803756714,2.1789525335664157,obse,cracker_scene1,20,old
4239,18.1558256149292,2.1789525335664157,obse,cracker_scene1,20,old
4240,18.16041874885559,2.17959401012435,obse,cracker_scene1,20,old
4241,18.164586544036865,2.17959401012435,obse,cracker_scene1,20,old
4242,18.16913628578186,2.179336349850302,obse,cracker_scene1,20,old
4243,18.17336916923523,2.179336349850302,obse,cracker_scene1,20,old
4244,18.177693367004395,2.1791556893262634,obse,cracker_scene1,20,old
4245,18.181918621063232,2.1791556893262634,obse,cracker_scene1,20,old
4246,18.18652892112732,2.179245484468259,obse,cracker_scene1,20,old
4247,18.19083309173584,2.179245484468259,obse,cracker_scene1,20,old
4248,18.195274114608765,2.1787815666898567,obse,cracker_scene1,20,old
4249,18.199718713760376,2.1786321150522197,obse,cracker_scene1,20,old
4250,18.20438861846924,2.1780521925548886,obse,cracker_scene1,20,old
4251,18.2092924118042,2.1781900067286495,obse,cracker_scene1,20,old
4252,18.213526487350464,2.1781900067286495,obse,cracker_scene1,20,old
4253,18.217859029769897,2.17771398876042,obse,cracker_scene1,20,old
4254,18.22260570526123,2.17771398876042,obse,cracker_scene1,20,old
4255,18.227458477020264,2.1762271425595507,obse,cracker_scene1,20,old
4256,18.231781721115112,2.1762271425595507,obse,cracker_scene1,20,old
4257,18.23663067817688,2.1760737521189517,obse,cracker_scene1,20,old
4258,18.241016149520874,2.1760737521189517,obse,cracker_scene1,20,old
4259,18.24570107460022,2.178218772984639,obse,cracker_scene1,20,old
4260,18.249820709228516,2.178218772984639,obse,cracker_scene1,20,old
4261,18.254229307174683,2.175393523448859,obse,cracker_scene1,20,old
4262,18.25891375541687,2.178661013654761,obse,cracker_scene1,20,old
4263,18.26357865333557,2.178661013654761,obse,cracker_scene1,20,old
4264,18.268136501312256,2.1777787561271698,obse,cracker_scene1,20,old
4265,18.2724552154541,2.1777787561271698,obse,cracker_scene1,20,old
4266,18.27690815925598,2.1779857357861223,obse,cracker_scene1,20,old
4267,18.281185150146484,2.1779857357861223,obse,cracker_scene1,20,old
4268,18.28584933280945,2.1777337539121655,obse,cracker_scene1,20,old
4269,18.290078163146973,2.1777337539121655,obse,cracker_scene1,20,old
4270,18.294812440872192,2.178040387925045,obse,cracker_scene1,20,old
4271,18.298952341079712,2.178040387925045,obse,cracker_scene1,20,old
4272,18.303730010986328,2.177241968443222,obse,cracker_scene1,20,old
4273,18.30789852142334,2.177241968443222,obse,cracker_scene1,20,old
4274,18.312533140182495,2.1771885502855923,obse,cracker_scene1,20,old
4275,18.316808700561523,2.177519127938278,obse,cracker_scene1,20,old
4276,18.321043729782104,2.177519127938278,obse,cracker_scene1,20,old
4277,18.325509309768677,2.178212546533403,obse,cracker_scene1,20,old
4278,18.3300838470459,2.178212546533403,obse,cracker_scene1,20,old
4279,18.334336519241333,2.178174530642986,obse,cracker_scene1,20,old
4280,18.339043855667114,2.177951308930087,obse,cracker_scene1,20,old
4281,18.343542098999023,2.177763873191764,obse,cracker_scene1,20,old
4282,18.348097562789917,2.177763873191764,obse,cracker_scene1,20,old
4283,18.352576971054077,2.1777738257898998,obse,cracker_scene1,20,old
4284,18.356945276260376,2.1777738257898998,obse,cracker_scene1,20,old
4285,18.361669301986694,2.177549854975436,obse,cracker_scene1,20,old
4286,18.3658607006073,2.177549854975436,obse,cracker_scene1,20,old
4287,18.37069034576416,2.177682545940935,obse,cracker_scene1,20,old
4288,18.374963521957397,2.177682545940935,obse,cracker_scene1,20,old
4289,18.37976384162903,2.1773188360437565,obse,cracker_scene1,20,old
4290,18.384132385253906,2.174866888665399,obse,cracker_scene1,20,old
4291,18.388642072677612,2.174866888665399,obse,cracker_scene1,20,old
4292,18.39334511756897,2.176889557371659,obse,cracker_scene1,20,old
4293,18.398056745529175,2.176889557371659,obse,cracker_scene1,20,old
4294,18.40259599685669,2.1741335155489034,obse,cracker_scene1,20,old
4295,18.407365083694458,2.1741335155489034,obse,cracker_scene1,20,old
4296,18.412169218063354,2.1765808323228253,obse,cracker_scene1,20,old
4297,18.416431665420532,2.1765808323228253,obse,cracker_scene1,20,old
4298,18.42122983932495,2.1739437865432816,obse,cracker_scene1,20,old
4299,18.425845861434937,2.174026287821932,obse,cracker_scene1,20,old
4300,18.43060612678528,2.1733297444788455,obse,cracker_scene1,20,old
4301,18.434956550598145,2.1736530664345004,obse,cracker_scene1,20,old
4302,18.439401388168335,2.1736530664345004,obse,cracker_scene1,20,old
4303,18.443809986114502,2.176111900464864,obse,cracker_scene1,20,old
4304,18.448172092437744,2.176111900464864,obse,cracker_scene1,20,old
4305,18.452564239501953,2.176207316167842,obse,cracker_scene1,20,old
4306,18.456838846206665,2.176207316167842,obse,cracker_scene1,20,old
4307,18.46111011505127,2.1761001003147102,obse,cracker_scene1,20,old
4308,18.46515989303589,2.1761001003147102,obse,cracker_scene1,20,old
4309,18.469218254089355,2.1761001003147102,obse,cracker_scene1,20,old
4310,18.473154306411743,2.1761001003147102,obse,cracker_scene1,20,old
4311,18.477182149887085,2.1761001003147102,obse,cracker_scene1,20,old
4312,18.481927394866943,2.175731653525479,obse,cracker_scene1,20,old
4313,18.48674988746643,2.1758934247894945,obse,cracker_scene1,20,old
4314,18.49078059196472,2.1758934247894945,obse,cracker_scene1,20,old
4315,18.495266437530518,2.1756661157192987,obse,cracker_scene1,20,old
4316,18.499448776245117,2.1756661157192987,obse,cracker_scene1,20,old
4317,18.503655910491943,2.175594197843079,obse,cracker_scene1,20,old
4318,18.507839679718018,2.175594197843079,obse,cracker_scene1,20,old
4319,18.51286292076111,2.1753762562119023,obse,cracker_scene1,20,old
4320,18.5173282623291,2.1753762562119023,obse,cracker_scene1,20,old
4321,18.522053003311157,2.1753366151177094,obse,cracker_scene1,20,old
4322,18.526522159576416,2.1747347303054614,obse,cracker_scene1,20,old
4323,18.53107738494873,2.1747347303054614,obse,cracker_scene1,20,old
4324,18.53554677963257,2.1747545491683384,obse,cracker_scene1,20,old
4325,18.53999137878418,2.1747545491683384,obse,cracker_scene1,20,old
4326,18.54461932182312,2.1744455937601197,obse,cracker_scene1,20,old
4327,18.548962593078613,2.1744455937601197,obse,cracker_scene1,20,old
4328,18.55361247062683,2.174360336911695,obse,cracker_scene1,20,old
4329,18.55795121192932,2.174360336911695,obse,cracker_scene1,20,old
4330,18.562716722488403,2.174006983966561,obse,cracker_scene1,20,old
4331,18.56704044342041,2.1735411211160276,obse,cracker_scene1,20,old
4332,18.571916818618774,2.1735411211160276,obse,cracker_scene1,20,old
4333,18.576228618621826,2.1733851257717536,obse,cracker_scene1,20,old
4334,18.58066701889038,2.1733851257717536,obse,cracker_scene1,20,old
4335,18.58507776260376,2.174899621149808,obse,cracker_scene1,20,old
4336,18.58938956260681,2.174899621149808,obse,cracker_scene1,20,old
4337,18.593818426132202,2.175036882050307,obse,cracker_scene1,20,old
4338,18.59816813468933,2.175036882050307,obse,cracker_scene1,20,old
4339,18.602692127227783,2.1750577436264873,obse,cracker_scene1,20,old
4340,18.6069495677948,2.1750577436264873,obse,cracker_scene1,20,old
4341,18.611464977264404,2.174813754462443,obse,cracker_scene1,20,old
4342,18.615785598754883,2.174813754462443,obse,cracker_scene1,20,old
4343,18.62066125869751,2.1743912373287415,obse,cracker_scene1,20,old
4344,18.624975204467773,2.1743912373287415,obse,cracker_scene1,20,old
4345,18.629441499710083,2.1739320861388505,obse,cracker_scene1,20,old
4346,18.633692979812622,2.173282456922731,obse,cracker_scene1,20,old
4347,18.638113498687744,2.173282456922731,obse,cracker_scene1,20,old
4348,18.642516374588013,2.1738800645534333,obse,cracker_scene1,20,old
4349,18.64701557159424,2.1710429220979934,obse,cracker_scene1,20,old
4350,18.651450395584106,2.1722809998050465,obse,cracker_scene1,20,old
4351,18.655766487121582,2.1722809998050465,obse,cracker_scene1,20,old
4352,18.660218954086304,2.172399608911502,obse,cracker_scene1,20,old
4353,18.664601802825928,2.172399608911502,obse,cracker_scene1,20,old
4354,18.669012308120728,2.1723333061917165,obse,cracker_scene1,20,old
4355,18.673301935195923,2.1723333061917165,obse,cracker_scene1,20,old
4356,18.677761793136597,2.1726947001387673,obse,cracker_scene1,20,old
4357,18.682026386260986,2.1726947001387673,obse,cracker_scene1,20,old
4358,18.68656873703003,2.1726055587245208,obse,cracker_scene1,20,old
4359,18.690823078155518,2.1726055587245208,obse,cracker_scene1,20,old
4360,18.695669174194336,2.172551813062725,obse,cracker_scene1,20,old
4361,18.700289726257324,2.1724721174402575,obse,cracker_scene1,20,old
4362,18.705143690109253,2.172649734352265,obse,cracker_scene1,20,old
4363,18.709659814834595,2.172747683639905,obse,cracker_scene1,20,old
4364,18.713950634002686,2.172747683639905,obse,cracker_scene1,20,old
4365,18.718240976333618,2.172919848561156,obse,cracker_scene1,20,old
4366,18.72263503074646,2.172919848561156,obse,cracker_scene1,20,old
4367,18.72699785232544,2.170811355807891,obse,cracker_scene1,20,old
4368,18.73179006576538,2.170811355807891,obse,cracker_scene1,20,old
4369,18.73633575439453,2.173475733994656,obse,cracker_scene1,20,old
4370,18.740839958190918,2.173475733994656,obse,cracker_scene1,20,old
4371,18.74549388885498,2.1708047782181206,obse,cracker_scene1,20,old
4372,18.7497296333313,2.1708197556193634,obse,cracker_scene1,20,old
4373,18.754365921020508,2.1694009799294216,obse,cracker_scene1,20,old
4374,18.758566856384277,2.1694009799294216,obse,cracker_scene1,20,old
4375,18.76312518119812,2.169655726608271,obse,cracker_scene1,20,old
4376,18.767415523529053,2.168792992636946,obse,cracker_scene1,20,old
4377,18.771737575531006,2.168792992636946,obse,cracker_scene1,20,old
4378,18.77600598335266,2.1693864854960223,obse,cracker_scene1,20,old
4379,18.780277967453003,2.1693864854960223,obse,cracker_scene1,20,old
4380,18.78444743156433,2.1691272693307857,obse,cracker_scene1,20,old
4381,18.788720846176147,2.1691272693307857,obse,cracker_scene1,20,old
4382,18.79274320602417,2.1691272693307857,obse,cracker_scene1,20,old
4383,18.797141313552856,2.16910001751517,obse,cracker_scene1,20,old
4384,18.801549196243286,2.169007330910829,obse,cracker_scene1,20,old
4385,18.80581045150757,2.169007330910829,obse,cracker_scene1,20,old
4386,18.810434579849243,2.1693937730435957,obse,cracker_scene1,20,old
4387,18.81447958946228,2.1693937730435957,obse,cracker_scene1,20,old
4388,18.818922996520996,2.1695333898122886,obse,cracker_scene1,20,old
4389,18.82303810119629,2.1695333898122886,obse,cracker_scene1,20,old
4390,18.82745599746704,2.1697874675166178,obse,cracker_scene1,20,old
4391,18.831727266311646,2.1697874675166178,obse,cracker_scene1,20,old
4392,18.83610439300537,2.1720887653750935,obse,cracker_scene1,20,old
4393,18.840311527252197,2.1720887653750935,obse,cracker_scene1,20,old
4394,18.844516277313232,2.172098002393607,obse,cracker_scene1,20,old
4395,18.84888529777527,2.1695266038704384,obse,cracker_scene1,20,old
4396,18.853188276290894,2.1695266038704384,obse,cracker_scene1,20,old
4397,18.85754418373108,2.1699477206077624,obse,cracker_scene1,20,old
4398,18.862000942230225,2.1699477206077624,obse,cracker_scene1,20,old
4399,18.866457223892212,2.168805764906092,obse,cracker_scene1,20,old
4400,18.87104320526123,2.168805764906092,obse,cracker_scene1,20,old
4401,18.875354051589966,2.1691737051481823,obse,cracker_scene1,20,old
4402,18.879950046539307,2.1691737051481823,obse,cracker_scene1,20,old
4403,18.884387254714966,2.169272964397188,obse,cracker_scene1,20,old
4404,18.88887667655945,2.169272964397188,obse,cracker_scene1,20,old
4405,18.893375158309937,2.169330373164147,obse,cracker_scene1,20,old
4406,18.898029565811157,2.169330373164147,obse,cracker_scene1,20,old
4407,18.9024498462677,2.1712675425291694,obse,cracker_scene1,20,old
4408,18.90669584274292,2.1712675425291694,obse,cracker_scene1,20,old
4409,18.911273956298828,2.1708697951283042,obse,cracker_scene1,20,old
4410,18.916049480438232,2.170550776320857,obse,cracker_scene1,20,old
4411,18.92046856880188,2.170550776320857,obse,cracker_scene1,20,old
4412,18.924675226211548,2.170550776320857,obse,cracker_scene1,20,old
4413,18.929574012756348,2.1696617322987564,obse,cracker_scene1,20,old
4414,18.93364930152893,2.1696617322987564,obse,cracker_scene1,20,old
4415,18.937864065170288,2.1689708380380495,obse,cracker_scene1,20,old
4416,18.941975593566895,2.1689708380380495,obse,cracker_scene1,20,old
4417,18.946222066879272,2.16847579663645,obse,cracker_scene1,20,old
4418,18.950317859649658,2.16847579663645,obse,cracker_scene1,20,old
4419,18.954625844955444,2.1683652044255437,obse,cracker_scene1,20,old
4420,18.95913028717041,2.1683652044255437,obse,cracker_scene1,20,old
4421,18.963664054870605,2.168158042761654,obse,cracker_scene1,20,old
4422,18.96783685684204,2.168158042761654,obse,cracker_scene1,20,old
4423,18.972285985946655,2.1679915460277046,obse,cracker_scene1,20,old
4424,18.976480960845947,2.1679915460277046,obse,cracker_scene1,20,old
4425,18.980830669403076,2.1679915460277046,obse,cracker_scene1,20,old
4426,18.984880924224854,2.1679915460277046,obse,cracker_scene1,20,old
4427,18.989712953567505,2.1682979708097188,obse,cracker_scene1,20,old
4428,18.994418621063232,2.1682979708097188,obse,cracker_scene1,20,old
4429,18.998843669891357,2.168089813054303,obse,cracker_scene1,20,old
4430,19.003238916397095,2.168089813054303,obse,cracker_scene1,20,old
4431,19.007891178131104,2.1681005957762665,obse,cracker_scene1,20,old
4432,19.01260757446289,2.1685674538723205,obse,cracker_scene1,20,old
4433,19.01710271835327,2.1687026131486906,obse,cracker_scene1,20,old
4434,19.02177381515503,2.1683170466979886,obse,cracker_scene1,20,old
4435,19.026176929473877,2.168138269956061,obse,cracker_scene1,20,old
4436,19.030663013458252,2.168138269956061,obse,cracker_scene1,20,old
4437,19.03511953353882,2.1676353556519103,obse,cracker_scene1,20,old
4438,19.03943657875061,2.1676353556519103,obse,cracker_scene1,20,old
4439,19.04378604888916,2.1673892508364663,obse,cracker_scene1,20,old
4440,19.048035621643066,2.1673892508364663,obse,cracker_scene1,20,old
4441,19.05263352394104,2.1671264543073585,obse,cracker_scene1,20,old
4442,19.056992769241333,2.1671264543073585,obse,cracker_scene1,20,old
4443,19.06155252456665,2.166740213912611,obse,cracker_scene1,20,old
4444,19.065751314163208,2.166740213912611,obse,cracker_scene1,20,old
4445,19.070265293121338,2.1659751415350055,obse,cracker_scene1,20,old
4446,19.07437229156494,2.1659751415350055,obse,cracker_scene1,20,old
4447,19.078940629959106,2.166206421054407,obse,cracker_scene1,20,old
4448,19.083274841308594,2.1662716476105626,obse,cracker_scene1,20,old
4449,19.0877788066864,2.166175966610739,obse,cracker_scene1,20,old
4450,19.09209418296814,2.166180119117528,obse,cracker_scene1,20,old
4451,19.096571683883667,2.166151786412022,obse,cracker_scene1,20,old
4452,19.10076880455017,2.165538365670286,obse,cracker_scene1,20,old
4453,19.105178356170654,2.165479091147506,obse,cracker_scene1,20,old
4454,19.10947012901306,2.1663047984252293,obse,cracker_scene1,20,old
4455,19.11372184753418,2.1663047984252293,obse,cracker_scene1,20,old
4456,19.11798119544983,2.1663047984252293,obse,cracker_scene1,20,old
4457,19.1224524974823,2.1658751494283646,obse,cracker_scene1,20,old
4458,19.12709093093872,2.16390944966202,obse,cracker_scene1,20,old
4459,19.131335496902466,2.16390944966202,obse,cracker_scene1,20,old
4460,19.135753393173218,2.1635782844364364,obse,cracker_scene1,20,old
4461,19.139945030212402,2.1635782844364364,obse,cracker_scene1,20,old
4462,19.144357204437256,2.1630684284749346,obse,cracker_scene1,20,old
4463,19.148489952087402,2.1630684284749346,obse,cracker_scene1,20,old
4464,19.153262853622437,2.163787765548305,obse,cracker_scene1,20,old
4465,19.157400131225586,2.163787765548305,obse,cracker_scene1,20,old
4466,19.162009239196777,2.1640936573404197,obse,cracker_scene1,20,old
4467,19.166277408599854,2.1640936573404197,obse,cracker_scene1,20,old
4468,19.170886039733887,2.1637682702178394,obse,cracker_scene1,20,old
4469,19.175190448760986,2.163914212068474,obse,cracker_scene1,20,old
4470,19.1797137260437,2.163857592942999,obse,cracker_scene1,20,old
4471,19.183956146240234,2.163857592942999,obse,cracker_scene1,20,old
4472,19.18850326538086,2.163701250363241,obse,cracker_scene1,20,old
4473,19.19298243522644,2.1642856590347757,obse,cracker_scene1,20,old
4474,19.197302103042603,2.1642856590347757,obse,cracker_scene1,20,old
4475,19.2016704082489,2.1643302282727825,obse,cracker_scene1,20,old
4476,19.20602822303772,2.164339706943281,obse,cracker_scene1,20,old
4477,19.210445404052734,2.1643760590551206,obse,cracker_scene1,20,old
4478,19.214929342269897,2.1643760590551206,obse,cracker_scene1,20,old
4479,19.219501733779907,2.163772034270555,obse,cracker_scene1,20,old
4480,19.223617553710938,2.163772034270555,obse,cracker_scene1,20,old
4481,19.228168487548828,2.164203504125508,obse,cracker_scene1,20,old
4482,19.232358932495117,2.164203504125508,obse,cracker_scene1,20,old
4483,19.236847639083862,2.1636608865162854,obse,cracker_scene1,20,old
4484,19.24100637435913,2.1636608865162854,obse,cracker_scene1,20,old
4485,19.245344400405884,2.162946076742463,obse,cracker_scene1,20,old
4486,19.24966812133789,2.1646427181917494,obse,cracker_scene1,20,old
4487,19.25393509864807,2.1646427181917494,obse,cracker_scene1,20,old
4488,19.2583966255188,2.163569928950632,obse,cracker_scene1,20,old
4489,19.26287007331848,2.1633693646182435,obse,cracker_scene1,20,old
4490,19.267024278640747,2.1633693646182435,obse,cracker_scene1,20,old
4491,19.271547317504883,2.163331687218064,obse,cracker_scene1,20,old
4492,19.275935649871826,2.163428704763125,obse,cracker_scene1,20,old
4493,19.280208826065063,2.1633242543708358,obse,cracker_scene1,20,old
4494,19.284666776657104,2.1632802311089865,obse,cracker_scene1,20,old
4495,19.28898787498474,2.16340903609351,obse,cracker_scene1,20,old
4496,19.2934091091156,2.16340903609351,obse,cracker_scene1,20,old
4497,19.29770278930664,2.16340903609351,obse,cracker_scene1,20,old
4498,19.30219054222107,2.1633022966770854,obse,cracker_scene1,20,old
4499,19.30642533302307,2.1633022966770854,obse,cracker_scene1,20,old
4500,19.310657739639282,2.163164888707197,obse,cracker_scene1,20,old
4501,19.31509017944336,2.163164888707197,obse,cracker_scene1,20,old
4502,19.31943655014038,2.162360156515497,obse,cracker_scene1,20,old
4503,19.323752641677856,2.162360156515497,obse,cracker_scene1,20,old
4504,19.32836365699768,2.1620372591334727,obse,cracker_scene1,20,old
4505,19.332613468170166,2.1620372591334727,obse,cracker_scene1,20,old
4506,19.33712410926819,2.162168944078159,obse,cracker_scene1,20,old
4507,19.341648817062378,2.162168944078159,obse,cracker_scene1,20,old
4508,19.346020221710205,2.162253876467319,obse,cracker_scene1,20,old
4509,19.350350856781006,2.162253876467319,obse,cracker_scene1,20,old
4510,19.354642391204834,2.162253876467319,obse,cracker_scene1,20,old
4511,19.359381914138794,2.162414925002447,obse,cracker_scene1,20,old
4512,19.36388874053955,2.162469177143665,obse,cracker_scene1,20,old
4513,19.36833620071411,2.162469177143665,obse,cracker_scene1,20,old
4514,19.372878551483154,2.162750825664715,obse,cracker_scene1,20,old
4515,19.377339839935303,2.162750825664715,obse,cracker_scene1,20,old
4516,19.381648302078247,2.16278224456466,obse,cracker_scene1,20,old
4517,19.386104822158813,2.162440076186603,obse,cracker_scene1,20,old
4518,19.390364408493042,2.162440076186603,obse,cracker_scene1,20,old
4519,19.394855499267578,2.162663894444795,obse,cracker_scene1,20,old
4520,19.39912724494934,2.162663894444795,obse,cracker_scene1,20,old
4521,19.4036808013916,2.1619340579009467,obse,cracker_scene1,20,old
4522,19.407976865768433,2.1624523510577767,obse,cracker_scene1,20,old
4523,19.412378311157227,2.1619407807091777,obse,cracker_scene1,20,old
4524,19.417464017868042,2.1623771454331937,obse,cracker_scene1,20,old
4525,19.42209506034851,2.162239349680278,obse,cracker_scene1,20,old
4526,19.426809072494507,2.1627419755272275,obse,cracker_scene1,20,old
4527,19.431066513061523,2.1627419755272275,obse,cracker_scene1,20,old
4528,19.435946702957153,2.1628965963748987,obse,cracker_scene1,20,old
4529,19.44037365913391,2.1628965963748987,obse,cracker_scene1,20,old
4530,19.445030689239502,2.1629363644640165,obse,cracker_scene1,20,old
4531,19.449211597442627,2.1629363644640165,obse,cracker_scene1,20,old
4532,19.453901767730713,2.162660246765813,obse,cracker_scene1,20,old
4533,19.458287954330444,2.162660246765813,obse,cracker_scene1,20,old
4534,19.46298575401306,2.1627603626231506,obse,cracker_scene1,20,old
4535,19.46736168861389,2.1625139357037506,obse,cracker_scene1,20,old
4536,19.47191858291626,2.1625139357037506,obse,cracker_scene1,20,old
4537,19.47628927230835,2.163231511395394,obse,cracker_scene1,20,old
4538,19.48059916496277,2.163231511395394,obse,cracker_scene1,20,old
4539,19.485018491744995,2.1636720610559586,obse,cracker_scene1,20,old
4540,19.48935842514038,2.1636720610559586,obse,cracker_scene1,20,old
4541,19.49393105506897,2.163674168122257,obse,cracker_scene1,20,old
4542,19.49827480316162,2.163674168122257,obse,cracker_scene1,20,old
4543,19.502985954284668,2.163590565861446,obse,cracker_scene1,20,old
4544,19.507192611694336,2.163590565861446,obse,cracker_scene1,20,old
4545,19.511800289154053,2.1635564456356295,obse,cracker_scene1,20,old
4546,19.51601219177246,2.1635564456356295,obse,cracker_scene1,20,old
4547,19.520714282989502,2.1636577959916803,obse,cracker_scene1,20,old
4548,19.525042057037354,2.1636577959916803,obse,cracker_scene1,20,old
4549,19.5296049118042,2.162585297058687,obse,cracker_scene1,20,old
4550,19.53393006324768,2.163123116780244,obse,cracker_scene1,20,old
4551,19.538437366485596,2.163123116780244,obse,cracker_scene1,20,old
4552,19.54277753829956,2.163248473670678,obse,cracker_scene1,20,old
4553,19.54736018180847,2.163248473670678,obse,cracker_scene1,20,old
4554,19.55179452896118,2.163641229904518,obse,cracker_scene1,20,old
4555,19.55615520477295,2.163641229904518,obse,cracker_scene1,20,old
4556,19.560718297958374,2.1637057308108236,obse,cracker_scene1,20,old
4557,19.56496524810791,2.1637057308108236,obse,cracker_scene1,20,old
4558,19.56944489479065,2.163390393472551,obse,cracker_scene1,20,old
4559,19.5737087726593,2.163390393472551,obse,cracker_scene1,20,old
4560,19.57834029197693,2.1634418064968814,obse,cracker_scene1,20,old
4561,19.58247137069702,2.1634418064968814,obse,cracker_scene1,20,old
4562,19.587177515029907,2.1630978884701753,obse,cracker_scene1,20,old
4563,19.591450691223145,2.1630978884701753,obse,cracker_scene1,20,old
4564,19.596083164215088,2.162608188792662,obse,cracker_scene1,20,old
4565,19.60030460357666,2.163119951919481,obse,cracker_scene1,20,old
4566,19.604998350143433,2.163119951919481,obse,cracker_scene1,20,old
4567,19.609498023986816,2.163152245939993,obse,cracker_scene1,20,old
4568,19.614141941070557,2.1636416394147453,obse,cracker_scene1,20,old
4569,19.618951082229614,2.163192514607042,obse,cracker_scene1,20,old
4570,19.623368740081787,2.163192514607042,obse,cracker_scene1,20,old
4571,19.628260612487793,2.1634302391473392,obse,cracker_scene1,20,old
4572,19.6325204372406,2.1634302391473392,obse,cracker_scene1,20,old
4573,19.637396097183228,2.162913364576907,obse,cracker_scene1,20,old
4574,19.641619443893433,2.162913364576907,obse,cracker_scene1,20,old
4575,19.646413564682007,2.1635127128856704,obse,cracker_scene1,20,old
4576,19.65094494819641,2.1630302220039583,obse,cracker_scene1,20,old
4577,19.655562162399292,2.1630302220039583,obse,cracker_scene1,20,old
4578,19.660438060760498,2.1635283364968405,obse,cracker_scene1,20,old
4579,19.664921522140503,2.1635283364968405,obse,cracker_scene1,20,old
4580,19.669148206710815,2.1635283364968405,obse,cracker_scene1,20,old
4581,19.673447608947754,2.1635283364968405,obse,cracker_scene1,20,old
4582,19.67853808403015,2.163315106306052,obse,cracker_scene1,20,old
4583,19.682802200317383,2.163315106306052,obse,cracker_scene1,20,old
4584,19.6875479221344,2.1630195941778476,obse,cracker_scene1,20,old
4585,19.691869020462036,2.163244461444192,obse,cracker_scene1,20,old
4586,19.696699380874634,2.1633815869937685,obse,cracker_scene1,20,old
4587,19.701178550720215,2.1631711164853957,obse,cracker_scene1,20,old
4588,19.705756902694702,2.1631711164853957,obse,cracker_scene1,20,old
4589,19.710222721099854,2.1633778220836977,obse,cracker_scene1,20,old
4590,19.714746236801147,2.1632832821217836,obse,cracker_scene1,20,old
4591,19.71948003768921,2.1636925271175533,obse,cracker_scene1,20,old
4592,19.723766326904297,2.1636925271175533,obse,cracker_scene1,20,old
4593,19.72855496406555,2.1637297695082074,obse,cracker_scene1,20,old
4594,19.732924461364746,2.1637297695082074,obse,cracker_scene1,20,old
4595,19.737890005111694,2.1636484807846657,obse,cracker_scene1,20,old
4596,19.74229860305786,2.1629026760003844,obse,cracker_scene1,20,old
4597,19.746911764144897,2.1629026760003844,obse,cracker_scene1,20,old
4598,19.751505613327026,2.163473203837423,obse,cracker_scene1,20,old
4599,19.755961179733276,2.163473203837423,obse,cracker_scene1,20,old
4600,19.76062297821045,2.163551805267291,obse,cracker_scene1,20,old
4601,19.76497173309326,2.163551805267291,obse,cracker_scene1,20,old
4602,19.76967978477478,2.1633541869571857,obse,cracker_scene1,20,old
4603,19.773926734924316,2.1633541869571857,obse,cracker_scene1,20,old
4604,19.77866268157959,2.16324487110942,obse,cracker_scene1,20,old
4605,19.783088445663452,2.16324487110942,obse,cracker_scene1,20,old
4606,19.787819862365723,2.163319545728365,obse,cracker_scene1,20,old
4607,19.792272567749023,2.1635739187336345,obse,cracker_scene1,20,old
4608,19.796828031539917,2.1635739187336345,obse,cracker_scene1,20,old
4609,19.801480770111084,2.1635231287474346,obse,cracker_scene1,20,old
4610,19.80592656135559,2.1635231287474346,obse,cracker_scene1,20,old
4611,19.810468673706055,2.1632081585556238,obse,cracker_scene1,20,old
4612,19.814825296401978,2.1632081585556238,obse,cracker_scene1,20,old
4613,19.819591999053955,2.163642787342214,obse,cracker_scene1,20,old
4614,19.82395315170288,2.163642787342214,obse,cracker_scene1,20,old
4615,19.828798294067383,2.1637361318160497,obse,cracker_scene1,20,old
4616,19.83306622505188,2.1637361318160497,obse,cracker_scene1,20,old
4617,19.83778166770935,2.1631948229329456,obse,cracker_scene1,20,old
4618,19.842123985290527,2.1636722085470073,obse,cracker_scene1,20,old
4619,19.846729040145874,2.1636722085470073,obse,cracker_scene1,20,old
4620,19.851114988327026,2.163801811143518,obse,cracker_scene1,20,old
4621,19.855683088302612,2.1638157937528755,obse,cracker_scene1,20,old
4622,19.860311269760132,2.1631075136918723,obse,cracker_scene1,20,old
4623,19.864802598953247,2.1631075136918723,obse,cracker_scene1,20,old
4624,19.86941432952881,2.1636476490249272,obse,cracker_scene1,20,old
4625,19.873753309249878,2.1636476490249272,obse,cracker_scene1,20,old
4626,19.878532648086548,2.163097584033382,obse,cracker_scene1,20,old
4627,19.882731676101685,2.163097584033382,obse,cracker_scene1,20,old
4628,19.887354612350464,2.1637078422952465,obse,cracker_scene1,20,old
4629,19.891658782958984,2.163467585029747,obse,cracker_scene1,20,old
4630,19.896331310272217,2.163467585029747,obse,cracker_scene1,20,old
4631,19.90068769454956,2.1637106044959635,obse,cracker_scene1,20,old
4632,19.905250787734985,2.1637106044959635,obse,cracker_scene1,20,old
4633,19.9096941947937,2.163676339384896,obse,cracker_scene1,20,old
4634,19.914089918136597,2.163676339384896,obse,cracker_scene1,20,old
4635,19.918647050857544,2.163227883993498,obse,cracker_scene1,20,old
4636,19.922941207885742,2.163227883993498,obse,cracker_scene1,20,old
4637,19.92785334587097,2.1634656861624313,obse,cracker_scene1,20,old
4638,19.932016134262085,2.1634656861624313,obse,cracker_scene1,20,old
4639,19.936736583709717,2.162977125181137,obse,cracker_scene1,20,old
4640,19.94094729423523,2.162977125181137,obse,cracker_scene1,20,old
4641,19.945632457733154,2.1637136091834863,obse,cracker_scene1,20,old
4642,19.9499032497406,2.1635021372668106,obse,cracker_scene1,20,old
4643,19.954607486724854,2.1634850439577695,obse,cracker_scene1,20,old
4644,19.958777904510498,2.163656935127319,obse,cracker_scene1,20,old
4645,19.96339464187622,2.163267607657917,obse,cracker_scene1,20,old
4646,19.967894792556763,2.163228527480631,obse,cracker_scene1,20,old
4647,19.972514152526855,2.163228527480631,obse,cracker_scene1,20,old
4648,19.977166175842285,2.1635615186992343,obse,cracker_scene1,20,old
4649,19.981508016586304,2.1635615186992343,obse,cracker_scene1,20,old
4650,19.986188173294067,2.163091167753209,obse,cracker_scene1,20,old
4651,19.990339517593384,2.163091167753209,obse,cracker_scene1,20,old
4652,19.995144844055176,2.1637539840053615,obse,cracker_scene1,20,old
4653,19.999318599700928,2.1637539840053615,obse,cracker_scene1,20,old
4654,20.00401735305786,2.163342879894545,obse,cracker_scene1,20,old
4655,20.00843071937561,2.1633249401120285,obse,cracker_scene1,20,old
4656,20.01300597190857,2.163272423199361,obse,cracker_scene1,20,old
4657,20.017662048339844,2.16306685730543,obse,cracker_scene1,20,old
4658,20.02202868461609,2.16306685730543,obse,cracker_scene1,20,old
4659,20.026610612869263,2.1632301279255604,obse,cracker_scene1,20,old
4660,20.0310001373291,2.1632301279255604,obse,cracker_scene1,20,old
4661,20.035609483718872,2.163750171518564,obse,cracker_scene1,20,old
4662,20.039906978607178,2.163750171518564,obse,cracker_scene1,20,old
4663,20.044171810150146,2.163055943105724,obse,cracker_scene1,20,old
4664,20.04865527153015,2.163055943105724,obse,cracker_scene1,20,old
4665,20.053178071975708,2.163626559601659,obse,cracker_scene1,20,old
4666,20.057613611221313,2.163626559601659,obse,cracker_scene1,20,old
4667,20.062078952789307,2.163626559601659,obse,cracker_scene1,20,old
4668,20.0665500164032,2.163541209675844,obse,cracker_scene1,20,old
4669,20.07124352455139,2.163590463143448,obse,cracker_scene1,20,old
4670,20.0759015083313,2.1635795582623887,obse,cracker_scene1,20,old
4671,20.080302953720093,2.162910563423366,obse,cracker_scene1,20,old
4672,20.08486032485962,2.162910563423366,obse,cracker_scene1,20,old
4673,20.089452266693115,2.163808208023969,obse,cracker_scene1,20,old
4674,20.093823432922363,2.163808208023969,obse,cracker_scene1,20,old
4675,20.098610162734985,2.1635338542608826,obse,cracker_scene1,20,old
4676,20.103049278259277,2.1630421094399424,obse,cracker_scene1,20,old
4677,20.10752534866333,2.162947452201056,obse,cracker_scene1,20,old
4678,20.112239122390747,2.163517207348187,obse,cracker_scene1,20,old
4679,20.116888284683228,2.163517207348187,obse,cracker_scene1,20,old
4680,20.12119197845459,2.1637136895828037,obse,cracker_scene1,20,old
4681,20.125690698623657,2.1637136895828037,obse,cracker_scene1,20,old
4682,20.130510091781616,2.163569141379191,obse,cracker_scene1,20,old
4683,20.13503074645996,2.16351004027209,obse,cracker_scene1,20,old
4684,20.139404773712158,2.16351004027209,obse,cracker_scene1,20,old
4685,20.14411973953247,2.163583991115133,obse,cracker_scene1,20,old
4686,20.148621797561646,2.163583991115133,obse,cracker_scene1,20,old
4687,20.15297842025757,2.163279982217002,obse,cracker_scene1,20,old
4688,20.157419681549072,2.163279982217002,obse,cracker_scene1,20,old
4689,20.16206955909729,2.16324692086593,obse,cracker_scene1,20,old
4690,20.166632175445557,2.16324692086593,obse,cracker_scene1,20,old
4691,20.17109704017639,2.1635981452130038,obse,cracker_scene1,20,old
4692,20.17557120323181,2.1635981452130038,obse,cracker_scene1,20,old
4693,20.18019199371338,2.1638668659390667,obse,cracker_scene1,20,old
4694,20.184574127197266,2.1638668659390667,obse,cracker_scene1,20,old
4695,20.18915820121765,2.1638526883763305,obse,cracker_scene1,20,old
4696,20.19381880760193,2.1638526883763305,obse,cracker_scene1,20,old
4697,20.198113679885864,2.1638526883763305,obse,cracker_scene1,20,old
4698,20.202569484710693,2.163433898167871,obse,cracker_scene1,20,old
4699,20.207363605499268,2.163278917339551,obse,cracker_scene1,20,old
4700,20.21211314201355,2.163286666897082,obse,cracker_scene1,20,old
4701,20.216559410095215,2.1633328495923037,obse,cracker_scene1,20,old
4702,20.220808506011963,2.163307404859882,obse,cracker_scene1,20,old
4703,20.225234508514404,2.1634783926185603,obse,cracker_scene1,20,old
4704,20.22975254058838,2.16382003082133,obse,cracker_scene1,20,old
4705,20.23408317565918,2.1634811833604735,obse,cracker_scene1,20,old
4706,20.238568544387817,2.1633566852668773,obse,cracker_scene1,20,old
4707,20.242942333221436,2.1633644165500305,obse,cracker_scene1,20,old
4708,20.247659921646118,2.1633644165500305,obse,cracker_scene1,20,old
4709,20.252302885055542,2.163613202012952,obse,cracker_scene1,20,old
4710,20.256542921066284,2.163613202012952,obse,cracker_scene1,20,old
4711,20.261275053024292,2.1631358272228987,obse,cracker_scene1,20,old
4712,20.26551914215088,2.1631358272228987,obse,cracker_scene1,20,old
4713,20.270221710205078,2.163834001237923,obse,cracker_scene1,20,old
4714,20.274517059326172,2.163834001237923,obse,cracker_scene1,20,old
4715,20.279229164123535,2.1633376081681917,obse,cracker_scene1,20,old
4716,20.28356099128723,2.1633376081681917,obse,cracker_scene1,20,old
4717,20.288182020187378,2.1636564795548248,obse,cracker_scene1,20,old
4718,20.292866945266724,2.162901836795731,obse,cracker_scene1,20,old
4719,20.297288417816162,2.162901836795731,obse,cracker_scene1,20,old
4720,20.301710844039917,2.163265779420919,obse,cracker_scene1,20,old
4721,20.306106328964233,2.163265779420919,obse,cracker_scene1,20,old
4722,20.31102156639099,2.163605695061121,obse,cracker_scene1,20,old
4723,20.315202713012695,2.163605695061121,obse,cracker_scene1,20,old
4724,20.320027589797974,2.1633396424594116,obse,cracker_scene1,20,old
4725,20.32419514656067,2.1633396424594116,obse,cracker_scene1,20,old
4726,20.32912564277649,2.1633069375721483,obse,cracker_scene1,20,old
4727,20.333384037017822,2.1633069375721483,obse,cracker_scene1,20,old
4728,20.338046312332153,2.163648461856093,obse,cracker_scene1,20,old
4729,20.34244418144226,2.163630564139403,obse,cracker_scene1,20,old
4730,20.3469557762146,2.163630564139403,obse,cracker_scene1,20,old
4731,20.35139513015747,2.163737204528391,obse,cracker_scene1,20,old
4732,20.355777502059937,2.163737204528391,obse,cracker_scene1,20,old
4733,20.360467195510864,2.163291341467729,obse,cracker_scene1,20,old
4734,20.36487865447998,2.163291341467729,obse,cracker_scene1,20,old
4735,20.369494199752808,2.1633666625452124,obse,cracker_scene1,20,old
4736,20.373713731765747,2.1633666625452124,obse,cracker_scene1,20,old
4737,20.378567218780518,2.16367208423516,obse,cracker_scene1,20,old
4738,20.382742166519165,2.16367208423516,obse,cracker_scene1,20,old
4739,20.387497425079346,2.1634413816641453,obse,cracker_scene1,20,old
4740,20.39191246032715,2.1634413816641453,obse,cracker_scene1,20,old
4741,20.39664363861084,2.1636799234051534,obse,cracker_scene1,20,old
4742,20.40109634399414,2.16367441802187,obse,cracker_scene1,20,old
4743,20.405534029006958,2.16367441802187,obse,cracker_scene1,20,old
4744,20.41007709503174,2.1633174442366663,obse,cracker_scene1,20,old
4745,20.414456844329834,2.1633174442366663,obse,cracker_scene1,20,old
4746,20.419169187545776,2.1635578450097173,obse,cracker_scene1,20,old
4747,20.423360347747803,2.1635578450097173,obse,cracker_scene1,20,old
4748,20.428107261657715,2.1635279164642256,obse,cracker_scene1,20,old
4749,20.432265281677246,2.1635279164642256,obse,cracker_scene1,20,old
4750,20.437071561813354,2.163686449809238,obse,cracker_scene1,20,old
4751,20.441359996795654,2.163686449809238,obse,cracker_scene1,20,old
4752,20.44582509994507,2.1627625294900623,obse,cracker_scene1,20,old
4753,20.450432062149048,2.1627625294900623,obse,cracker_scene1,20,old
4754,20.45499610900879,2.163605487083788,obse,cracker_scene1,20,old
4755,20.45959758758545,2.163605487083788,obse,cracker_scene1,20,old
4756,20.464166402816772,2.1635445955776724,obse,cracker_scene1,20,old
4757,20.468637466430664,2.163391315661576,obse,cracker_scene1,20,old
4758,20.473418474197388,2.1636444742322967,obse,cracker_scene1,20,old
4759,20.478157997131348,2.1634319525263246,obse,cracker_scene1,20,old
4760,20.48276138305664,2.1634319525263246,obse,cracker_scene1,20,old
4761,20.487250566482544,2.1634116842199074,obse,cracker_scene1,20,old
4762,20.49158525466919,2.1634116842199074,obse,cracker_scene1,20,old
4763,20.49641251564026,2.163775901406832,obse,cracker_scene1,20,old
4764,20.500893592834473,2.163775901406832,obse,cracker_scene1,20,old
4765,20.505592107772827,2.1637291597350705,obse,cracker_scene1,20,old
4766,20.51014757156372,2.1635193868353824,obse,cracker_scene1,20,old
4767,20.51469135284424,2.1635193868353824,obse,cracker_scene1,20,old
4768,20.51959228515625,2.1635468853829645,obse,cracker_scene1,20,old
4769,20.524145364761353,2.1635468853829645,obse,cracker_scene1,20,old
4770,20.528852224349976,2.163710359230528,obse,cracker_scene1,20,old
4771,20.53327775001526,2.163710359230528,obse,cracker_scene1,20,old
4772,20.538034915924072,2.163666472953526,obse,cracker_scene1,20,old
4773,20.542242765426636,2.163666472953526,obse,cracker_scene1,20,old
4774,20.54714560508728,2.163041271565252,obse,cracker_scene1,20,old
4775,20.55130934715271,2.163041271565252,obse,cracker_scene1,20,old
4776,20.556105613708496,2.163118283915197,obse,cracker_scene1,20,old
4777,20.56072449684143,2.163155788194592,obse,cracker_scene1,20,old
4778,20.565081119537354,2.1631397919714095,obse,cracker_scene1,20,old
4779,20.569624423980713,2.1635115647822385,obse,cracker_scene1,20,old
4780,20.573855876922607,2.1635115647822385,obse,cracker_scene1,20,old
4781,20.57836413383484,2.1637601136068874,obse,cracker_scene1,20,old
4782,20.58267068862915,2.1637601136068874,obse,cracker_scene1,20,old
4783,20.587159872055054,2.1637163734121723,obse,cracker_scene1,20,old
4784,20.59155559539795,2.1637163734121723,obse,cracker_scene1,20,old
4785,20.59660840034485,2.163610185310495,obse,cracker_scene1,20,old
4786,20.60133147239685,2.1639771455651573,obse,cracker_scene1,20,old
4787,20.60563898086548,2.1639771455651573,obse,cracker_scene1,20,old
4788,20.610232830047607,2.1636996637210935,obse,cracker_scene1,20,old
4789,20.614643335342407,2.1636996637210935,obse,cracker_scene1,20,old
4790,20.619314670562744,2.163104942234529,obse,cracker_scene1,20,old
4791,20.623461723327637,2.163104942234529,obse,cracker_scene1,20,old
4792,20.62826442718506,2.1636940386881056,obse,cracker_scene1,20,old
4793,20.632603406906128,2.1636940386881056,obse,cracker_scene1,20,old
4794,20.637269020080566,2.163163374860221,obse,cracker_scene1,20,old
4795,20.641671419143677,2.1633774817017626,obse,cracker_scene1,20,old
4796,20.646150588989258,2.1633774817017626,obse,cracker_scene1,20,old
4797,20.650954723358154,2.1633762740071365,obse,cracker_scene1,20,old
4798,20.65538477897644,2.1633762740071365,obse,cracker_scene1,20,old
4799,20.65998363494873,2.163281524061272,obse,cracker_scene1,20,old
4800,20.664366722106934,2.163281524061272,obse,cracker_scene1,20,old
4801,20.669054746627808,2.163497505259044,obse,cracker_scene1,20,old
4802,20.673360347747803,2.163497505259044,obse,cracker_scene1,20,old
4803,20.67817449569702,2.163531222284403,obse,cracker_scene1,20,old
4804,20.682483911514282,2.163531222284403,obse,cracker_scene1,20,old
4805,20.6871280670166,2.1636353398724637,obse,cracker_scene1,20,old
4806,20.69139862060547,2.1636353398724637,obse,cracker_scene1,20,old
4807,20.696017026901245,2.1638555125113452,obse,cracker_scene1,20,old
4808,20.70038890838623,2.1638555125113452,obse,cracker_scene1,20,old
4809,20.70488977432251,2.1631472073145295,obse,cracker_scene1,20,old
4810,20.709151029586792,2.1631472073145295,obse,cracker_scene1,20,old
4811,20.71371054649353,2.1636082277783872,obse,cracker_scene1,20,old
4812,20.718453645706177,2.1629490551102455,obse,cracker_scene1,20,old
4813,20.72281241416931,2.1629490551102455,obse,cracker_scene1,20,old
4814,20.727370500564575,2.1629978105735335,obse,cracker_scene1,20,old
4815,20.731731414794922,2.163677416194706,obse,cracker_scene1,20,old
4816,20.736360549926758,2.1632730990744067,obse,cracker_scene1,20,old
4817,20.74059748649597,2.1632730990744067,obse,cracker_scene1,20,old
4818,20.745319366455078,2.163761211170894,obse,cracker_scene1,20,old
4819,20.749759435653687,2.163761211170894,obse,cracker_scene1,20,old
4820,20.754433155059814,2.163193157715705,obse,cracker_scene1,20,old
4821,20.758831024169922,2.163538129958833,obse,cracker_scene1,20,old
4822,20.763410568237305,2.163538129958833,obse,cracker_scene1,20,old
4823,20.76790952682495,2.16273997485289,obse,cracker_scene1,20,old
4824,20.772334337234497,2.16273997485289,obse,cracker_scene1,20,old
4825,20.776939153671265,2.1639164063681315,obse,cracker_scene1,20,old
4826,20.781312942504883,2.1639164063681315,obse,cracker_scene1,20,old
4827,20.785993576049805,2.1636013744531564,obse,cracker_scene1,20,old
4828,20.79026222229004,2.1636013744531564,obse,cracker_scene1,20,old
4829,20.794907093048096,2.1635159899183325,obse,cracker_scene1,20,old
4830,20.799079179763794,2.1635159899183325,obse,cracker_scene1,20,old
4831,20.80342197418213,2.163548073228868,obse,cracker_scene1,20,old
4832,20.80802631378174,2.16379596183441,obse,cracker_scene1,20,old
4833,20.81265091896057,2.1636198554144546,obse,cracker_scene1,20,old
4834,20.816983938217163,2.1634332699739502,obse,cracker_scene1,20,old
4835,20.821378707885742,2.1635867711305767,obse,cracker_scene1,20,old
4836,20.82561159133911,2.1635115395715045,obse,cracker_scene1,20,old
4837,20.83019471168518,2.1630157535961665,obse,cracker_scene1,20,old
4838,20.834857940673828,2.163267215855602,obse,cracker_scene1,20,old
4839,20.83921217918396,2.163267215855602,obse,cracker_scene1,20,old
4840,20.843554496765137,2.1631228285175546,obse,cracker_scene1,20,old
4841,20.84790277481079,2.1631228285175546,obse,cracker_scene1,20,old
4842,20.85252809524536,2.163369657374841,obse,cracker_scene1,20,old
4843,20.85675597190857,2.163369657374841,obse,cracker_scene1,20,old
4844,20.861168384552002,2.1634828168281013,obse,cracker_scene1,20,old
4845,20.865306854248047,2.1634828168281013,obse,cracker_scene1,20,old
4846,20.8697988986969,2.163595552325149,obse,cracker_scene1,20,old
4847,20.87404465675354,2.163595552325149,obse,cracker_scene1,20,old
4848,20.87897539138794,2.163524882425035,obse,cracker_scene1,20,old
4849,20.883172035217285,2.163524882425035,obse,cracker_scene1,20,old
4850,20.88775086402893,2.163605689047518,obse,cracker_scene1,20,old
4851,20.89229702949524,2.1637193447497953,obse,cracker_scene1,20,old
4852,20.896798610687256,2.1637193447497953,obse,cracker_scene1,20,old
4853,20.901403427124023,2.163502220696853,obse,cracker_scene1,20,old
4854,20.905928373336792,2.163502220696853,obse,cracker_scene1,20,old
4855,20.910569667816162,2.163026411391294,obse,cracker_scene1,20,old
4856,20.915016651153564,2.163089853980475,obse,cracker_scene1,20,old
4857,20.91970920562744,2.1634415937941274,obse,cracker_scene1,20,old
4858,20.92396378517151,2.1634415937941274,obse,cracker_scene1,20,old
4859,20.92873978614807,2.163606756871279,obse,cracker_scene1,20,old
4860,20.933043241500854,2.163606756871279,obse,cracker_scene1,20,old
4861,20.93764019012451,2.1628711107637564,obse,cracker_scene1,20,old
4862,20.941871166229248,2.1628711107637564,obse,cracker_scene1,20,old
4863,20.946107864379883,2.1628711107637564,obse,cracker_scene1,20,old
4864,20.950937032699585,2.163046610344116,obse,cracker_scene1,20,old
4865,20.955368995666504,2.163046610344116,obse,cracker_scene1,20,old
4866,20.9599769115448,2.163503405839574,obse,cracker_scene1,20,old
4867,20.96441340446472,2.163503405839574,obse,cracker_scene1,20,old
4868,20.969057083129883,2.1634174836309823,obse,cracker_scene1,20,old
4869,20.973255395889282,2.1634174836309823,obse,cracker_scene1,20,old
4870,20.977869272232056,2.163269988428448,obse,cracker_scene1,20,old
4871,20.982160329818726,2.163269988428448,obse,cracker_scene1,20,old
4872,20.986881732940674,2.163213884747118,obse,cracker_scene1,20,old
4873,20.991426944732666,2.1629626514259224,obse,cracker_scene1,20,old
4874,20.99618911743164,2.1633921571661183,obse,cracker_scene1,20,old
4875,21.000555992126465,2.1635838780603516,obse,cracker_scene1,20,old
4876,21.005082607269287,2.1632626706091624,obse,cracker_scene1,20,old
4877,21.009495973587036,2.1634407236289332,obse,cracker_scene1,20,old
4878,21.01401996612549,2.1634407236289332,obse,cracker_scene1,20,old
4879,21.01845407485962,2.1631187533283507,obse,cracker_scene1,20,old
4880,21.022968769073486,2.1631187533283507,obse,cracker_scene1,20,old
4881,21.02783465385437,2.1630324503339597,obse,cracker_scene1,20,old
4882,21.032060861587524,2.1630324503339597,obse,cracker_scene1,20,old
4883,21.036762714385986,2.163692648580665,obse,cracker_scene1,20,old
4884,21.041054725646973,2.1636679347019667,obse,cracker_scene1,20,old
4885,21.045150756835938,2.1636679347019667,obse,cracker_scene1,20,old
4886,21.049256801605225,2.1636679347019667,obse,cracker_scene1,20,old
4887,21.053319692611694,2.1636679347019667,obse,cracker_scene1,20,old
4888,21.05743384361267,2.1636679347019667,obse,cracker_scene1,20,old
4889,21.061469793319702,2.1636679347019667,obse,cracker_scene1,20,old
4890,21.065545320510864,2.1636679347019667,obse,cracker_scene1,20,old
4891,21.069628953933716,2.1636679347019667,obse,cracker_scene1,20,old
4892,21.073701858520508,2.1636679347019667,obse,cracker_scene1,20,old
4893,21.077725648880005,2.1636679347019667,obse,cracker_scene1,20,old
4894,21.081751108169556,2.1636679347019667,obse,cracker_scene1,20,old
4895,21.08579182624817,2.1636679347019667,obse,cracker_scene1,20,old
4896,21.089803457260132,2.1636679347019667,obse,cracker_scene1,20,old
4897,21.09382939338684,2.1636679347019667,obse,cracker_scene1,20,old
4898,21.097838163375854,2.1636679347019667,obse,cracker_scene1,20,old
4899,21.10185217857361,2.1636679347019667,obse,cracker_scene1,20,old
4900,21.105929374694824,2.1636679347019667,obse,cracker_scene1,20,old
4901,21.110018730163574,2.1636679347019667,obse,cracker_scene1,20,old
4902,21.1140193939209,2.1636679347019667,obse,cracker_scene1,20,old
4903,21.118070363998413,2.1636679347019667,obse,cracker_scene1,20,old
4904,21.122073888778687,2.1636679347019667,obse,cracker_scene1,20,old
4905,21.126100063323975,2.1636679347019667,obse,cracker_scene1,20,old
4906,21.13010025024414,2.1636679347019667,obse,cracker_scene1,20,old
4907,21.134193897247314,2.1636679347019667,obse,cracker_scene1,20,old
4908,21.138338804244995,2.1636679347019667,obse,cracker_scene1,20,old
4909,21.142465353012085,2.1636679347019667,obse,cracker_scene1,20,old
4910,21.14657497406006,2.1636679347019667,obse,cracker_scene1,20,old
4911,21.150718450546265,2.1636679347019667,obse,cracker_scene1,20,old
4912,21.154742002487183,2.1636679347019667,obse,cracker_scene1,20,old
4913,21.158857822418213,2.1636679347019667,obse,cracker_scene1,20,old
4914,21.162941694259644,2.1636679347019667,obse,cracker_scene1,20,old
4915,21.16703224182129,2.1636679347019667,obse,cracker_scene1,20,old
4916,21.171104192733765,2.1636679347019667,obse,cracker_scene1,20,old
4917,21.175215005874634,2.1636679347019667,obse,cracker_scene1,20,old
4918,21.179324626922607,2.1636679347019667,obse,cracker_scene1,20,old
4919,21.183366298675537,2.1636679347019667,obse,cracker_scene1,20,old
4920,21.187528610229492,2.1636679347019667,obse,cracker_scene1,20,old
4921,21.191551446914673,2.1636679347019667,obse,cracker_scene1,20,old
4922,21.195605278015137,2.1636679347019667,obse,cracker_scene1,20,old
4923,21.199549436569214,2.1636679347019667,obse,cracker_scene1,20,old
4924,21.20363974571228,2.1636679347019667,obse,cracker_scene1,20,old
4925,21.207628965377808,2.1636679347019667,obse,cracker_scene1,20,old
4926,21.211742639541626,2.1636679347019667,obse,cracker_scene1,20,old
4927,21.2157986164093,2.1636679347019667,obse,cracker_scene1,20,old
4928,21.220126390457153,2.1636679347019667,obse,cracker_scene1,20,old
4929,21.22521710395813,2.1636679347019667,obse,cracker_scene1,20,old
4930,21.230032444000244,2.1636679347019667,obse,cracker_scene1,20,old
4931,21.234431982040405,2.1636679347019667,obse,cracker_scene1,20,old
4932,21.238622665405273,2.1636679347019667,obse,cracker_scene1,20,old
4933,21.242774486541748,2.1636679347019667,obse,cracker_scene1,20,old
4934,21.24700093269348,2.1636679347019667,obse,cracker_scene1,20,old
4935,21.25116539001465,2.1636679347019667,obse,cracker_scene1,20,old
4936,21.255356073379517,2.1636679347019667,obse,cracker_scene1,20,old
4937,21.25995635986328,2.1636679347019667,obse,cracker_scene1,20,old
4938,21.264344215393066,2.1636679347019667,obse,cracker_scene1,20,old
4939,21.268893718719482,2.1636679347019667,obse,cracker_scene1,20,old
4940,21.27336549758911,2.1636679347019667,obse,cracker_scene1,20,old
4941,21.27772045135498,2.1636679347019667,obse,cracker_scene1,20,old
4942,21.282079219818115,2.1636679347019667,obse,cracker_scene1,20,old
4943,21.28652024269104,2.1636679347019667,obse,cracker_scene1,20,old
4944,21.290667057037354,2.1636679347019667,obse,cracker_scene1,20,old
4945,21.294681549072266,2.1636679347019667,obse,cracker_scene1,20,old
4946,21.298704385757446,2.1636679347019667,obse,cracker_scene1,20,old
4947,21.302735805511475,2.1636679347019667,obse,cracker_scene1,20,old
4948,21.306901931762695,2.1636679347019667,obse,cracker_scene1,20,old
4949,21.31103825569153,2.1636679347019667,obse,cracker_scene1,20,old
4950,21.315129041671753,2.1636679347019667,obse,cracker_scene1,20,old
4951,21.319197416305542,2.1636679347019667,obse,cracker_scene1,20,old
4952,21.32319688796997,2.1636679347019667,obse,cracker_scene1,20,old
4953,21.327266693115234,2.1636679347019667,obse,cracker_scene1,20,old
4954,21.331426858901978,2.1636679347019667,obse,cracker_scene1,20,old
4955,21.33551287651062,2.1636679347019667,obse,cracker_scene1,20,old
4956,21.339493989944458,2.1636679347019667,obse,cracker_scene1,20,old
4957,21.34361696243286,2.1636679347019667,obse,cracker_scene1,20,old
4958,21.347709894180298,2.1636679347019667,obse,cracker_scene1,20,old
4959,21.351794719696045,2.1636679347019667,obse,cracker_scene1,20,old
4960,21.3559992313385,2.1636679347019667,obse,cracker_scene1,20,old
4961,21.360233545303345,2.1636679347019667,obse,cracker_scene1,20,old
4962,21.3642897605896,2.1636679347019667,obse,cracker_scene1,20,old
4963,21.36837363243103,2.1636679347019667,obse,cracker_scene1,20,old
4964,21.372374534606934,2.1636679347019667,obse,cracker_scene1,20,old
4965,21.3764808177948,2.1636679347019667,obse,cracker_scene1,20,old
4966,21.38048553466797,2.1636679347019667,obse,cracker_scene1,20,old
4967,21.384591341018677,2.1636679347019667,obse,cracker_scene1,20,old
4968,21.38860559463501,2.1636679347019667,obse,cracker_scene1,20,old
4969,21.392669439315796,2.1636679347019667,obse,cracker_scene1,20,old
4970,21.396716117858887,2.1636679347019667,obse,cracker_scene1,20,old
4971,21.400878429412842,2.1636679347019667,obse,cracker_scene1,20,old
4972,21.40495538711548,2.1636679347019667,obse,cracker_scene1,20,old
4973,21.40900707244873,2.1636679347019667,obse,cracker_scene1,20,old
4974,21.413074493408203,2.1636679347019667,obse,cracker_scene1,20,old
4975,21.417131662368774,2.1636679347019667,obse,cracker_scene1,20,old
4976,21.42110824584961,2.1636679347019667,obse,cracker_scene1,20,old
4977,21.4253671169281,2.1636679347019667,obse,cracker_scene1,20,old
4978,21.429606199264526,2.1636679347019667,obse,cracker_scene1,20,old
4979,21.433722019195557,2.1636679347019667,obse,cracker_scene1,20,old
4980,21.437827110290527,2.1636679347019667,obse,cracker_scene1,20,old
4981,21.44216275215149,2.1636679347019667,obse,cracker_scene1,20,old
4982,21.44636344909668,2.1636679347019667,obse,cracker_scene1,20,old
4983,21.450483798980713,2.1636679347019667,obse,cracker_scene1,20,old
4984,21.454621076583862,2.1636679347019667,obse,cracker_scene1,20,old
4985,21.45918607711792,2.1636679347019667,obse,cracker_scene1,20,old
4986,21.46537756919861,2.1636679347019667,obse,cracker_scene1,20,old
4987,21.472093105316162,2.1636679347019667,obse,cracker_scene1,20,old
4988,21.478405952453613,2.1636679347019667,obse,cracker_scene1,20,old
4989,21.48484182357788,2.1636679347019667,obse,cracker_scene1,20,old
4990,21.490509271621704,2.1636679347019667,obse,cracker_scene1,20,old
4991,21.49475622177124,2.1636679347019667,obse,cracker_scene1,20,old
4992,21.498958349227905,2.1636679347019667,obse,cracker_scene1,20,old
4993,21.50320863723755,2.1636679347019667,obse,cracker_scene1,20,old
4994,21.507272005081177,2.1636679347019667,obse,cracker_scene1,20,old
4995,21.511453866958618,2.1636679347019667,obse,cracker_scene1,20,old
4996,21.515517473220825,2.1636679347019667,obse,cracker_scene1,20,old
4997,21.519641399383545,2.1636679347019667,obse,cracker_scene1,20,old
4998,21.52368927001953,2.1636679347019667,obse,cracker_scene1,20,old
4999,21.527863264083862,2.1636679347019667,obse,cracker_scene1,20,old
5000,21.531972885131836,2.1636679347019667,obse,cracker_scene1,20,old
5001,21.536056518554688,2.1636679347019667,obse,cracker_scene1,20,old
5002,21.540119886398315,2.1636679347019667,obse,cracker_scene1,20,old
5003,21.54422402381897,2.1636679347019667,obse,cracker_scene1,20,old
5004,21.54821753501892,2.1636679347019667,obse,cracker_scene1,20,old
5005,21.552311420440674,2.1636679347019667,obse,cracker_scene1,20,old
5006,21.556336164474487,2.1636679347019667,obse,cracker_scene1,20,old
5007,21.560484409332275,2.1636679347019667,obse,cracker_scene1,20,old
5008,21.564510822296143,2.1636679347019667,obse,cracker_scene1,20,old
5009,21.56864285469055,2.1636679347019667,obse,cracker_scene1,20,old
5010,21.572685956954956,2.1636679347019667,obse,cracker_scene1,20,old
5011,21.576853275299072,2.1636679347019667,obse,cracker_scene1,20,old
5012,21.580868244171143,2.1636679347019667,obse,cracker_scene1,20,old
5013,21.584913730621338,2.1636679347019667,obse,cracker_scene1,20,old
5014,21.58889079093933,2.1636679347019667,obse,cracker_scene1,20,old
5015,21.593003749847412,2.1636679347019667,obse,cracker_scene1,20,old
5016,21.597020149230957,2.1636679347019667,obse,cracker_scene1,20,old
5017,21.601089477539062,2.1636679347019667,obse,cracker_scene1,20,old
5018,21.60509490966797,2.1636679347019667,obse,cracker_scene1,20,old
5019,21.609123468399048,2.1636679347019667,obse,cracker_scene1,20,old
5020,21.613144874572754,2.1636679347019667,obse,cracker_scene1,20,old
5021,21.617169618606567,2.1636679347019667,obse,cracker_scene1,20,old
5022,21.62117314338684,2.1636679347019667,obse,cracker_scene1,20,old
5023,21.625272035598755,2.1636679347019667,obse,cracker_scene1,20,old
5024,21.6292941570282,2.1636679347019667,obse,cracker_scene1,20,old
5025,21.633476495742798,2.1636679347019667,obse,cracker_scene1,20,old
5026,21.637460947036743,2.1636679347019667,obse,cracker_scene1,20,old
5027,21.641552925109863,2.1636679347019667,obse,cracker_scene1,20,old
5028,21.645567893981934,2.1636679347019667,obse,cracker_scene1,20,old
5029,21.649669647216797,2.1636679347019667,obse,cracker_scene1,20,old
5030,21.653665781021118,2.1636679347019667,obse,cracker_scene1,20,old
5031,21.657814264297485,2.1636679347019667,obse,cracker_scene1,20,old
5032,21.661810636520386,2.1636679347019667,obse,cracker_scene1,20,old
5033,21.665971517562866,2.1636679347019667,obse,cracker_scene1,20,old
5034,21.670010566711426,2.1636679347019667,obse,cracker_scene1,20,old
5035,21.674150466918945,2.1636679347019667,obse,cracker_scene1,20,old
5036,21.678213119506836,2.1636679347019667,obse,cracker_scene1,20,old
5037,21.68240451812744,2.1636679347019667,obse,cracker_scene1,20,old
5038,21.6864230632782,2.1636679347019667,obse,cracker_scene1,20,old
5039,21.690463304519653,2.1636679347019667,obse,cracker_scene1,20,old
5040,21.69447684288025,2.1636679347019667,obse,cracker_scene1,20,old
5041,21.698535680770874,2.1636679347019667,obse,cracker_scene1,20,old
5042,21.702537775039673,2.1636679347019667,obse,cracker_scene1,20,old
5043,21.70669460296631,2.1636679347019667,obse,cracker_scene1,20,old
5044,21.710747718811035,2.1636679347019667,obse,cracker_scene1,20,old
5045,21.7147536277771,2.1636679347019667,obse,cracker_scene1,20,old
5046,21.719270944595337,2.1636679347019667,obse,cracker_scene1,20,old
5047,21.72452211380005,2.1636679347019667,obse,cracker_scene1,20,old
5048,21.728801012039185,2.1636679347019667,obse,cracker_scene1,20,old
5049,21.732970237731934,2.1636679347019667,obse,cracker_scene1,20,old
5050,21.736958265304565,2.1636679347019667,obse,cracker_scene1,20,old
5051,21.74102020263672,2.1636679347019667,obse,cracker_scene1,20,old
5052,21.745057582855225,2.1636679347019667,obse,cracker_scene1,20,old
5053,21.749351501464844,2.1636679347019667,obse,cracker_scene1,20,old
5054,21.753532886505127,2.1636679347019667,obse,cracker_scene1,20,old
5055,21.75768733024597,2.1636679347019667,obse,cracker_scene1,20,old
5056,21.761762142181396,2.1636679347019667,obse,cracker_scene1,20,old
5057,21.765932083129883,2.1636679347019667,obse,cracker_scene1,20,old
5058,21.770078659057617,2.1636679347019667,obse,cracker_scene1,20,old
5059,21.774162769317627,2.1636679347019667,obse,cracker_scene1,20,old
5060,21.77826476097107,2.1636679347019667,obse,cracker_scene1,20,old
5061,21.782320261001587,2.1636679347019667,obse,cracker_scene1,20,old
5062,21.786353588104248,2.1636679347019667,obse,cracker_scene1,20,old
5063,21.790446043014526,2.1636679347019667,obse,cracker_scene1,20,old
5064,21.79451036453247,2.1636679347019667,obse,cracker_scene1,20,old
5065,21.798627853393555,2.1636679347019667,obse,cracker_scene1,20,old
5066,21.802623748779297,2.1636679347019667,obse,cracker_scene1,20,old
5067,21.80661702156067,2.1636679347019667,obse,cracker_scene1,20,old
5068,21.810682773590088,2.1636679347019667,obse,cracker_scene1,20,old
5069,21.81467032432556,2.1636679347019667,obse,cracker_scene1,20,old
5070,21.819024801254272,2.1636679347019667,obse,cracker_scene1,20,old
5071,21.823122024536133,2.1636679347019667,obse,cracker_scene1,20,old
5072,21.82740020751953,2.1636679347019667,obse,cracker_scene1,20,old
5073,21.831469774246216,2.1636679347019667,obse,cracker_scene1,20,old
5074,21.835597276687622,2.1636679347019667,obse,cracker_scene1,20,old
5075,21.83965754508972,2.1636679347019667,obse,cracker_scene1,20,old
5076,21.843701601028442,2.1636679347019667,obse,cracker_scene1,20,old
5077,21.84778094291687,2.1636679347019667,obse,cracker_scene1,20,old
5078,21.852104425430298,2.1636679347019667,obse,cracker_scene1,20,old
5079,21.85635471343994,2.1636679347019667,obse,cracker_scene1,20,old
5080,21.860488653182983,2.1636679347019667,obse,cracker_scene1,20,old
5081,21.86451554298401,2.1636679347019667,obse,cracker_scene1,20,old
5082,21.868709087371826,2.1636679347019667,obse,cracker_scene1,20,old
5083,21.87280774116516,2.1636679347019667,obse,cracker_scene1,20,old
5084,21.87703800201416,2.1636679347019667,obse,cracker_scene1,20,old
5085,21.881218910217285,2.1636679347019667,obse,cracker_scene1,20,old
5086,21.885365962982178,2.1636679347019667,obse,cracker_scene1,20,old
5087,21.889464855194092,2.1636679347019667,obse,cracker_scene1,20,old
5088,21.893621921539307,2.1636679347019667,obse,cracker_scene1,20,old
5089,21.897692680358887,2.1636679347019667,obse,cracker_scene1,20,old
5090,21.901715993881226,2.1636679347019667,obse,cracker_scene1,20,old
5091,21.905791759490967,2.1636679347019667,obse,cracker_scene1,20,old
5092,21.909857988357544,2.1636679347019667,obse,cracker_scene1,20,old
5093,21.913904905319214,2.1636679347019667,obse,cracker_scene1,20,old
5094,21.91793441772461,2.1636679347019667,obse,cracker_scene1,20,old
5095,21.92213010787964,2.1636679347019667,obse,cracker_scene1,20,old
5096,21.9263756275177,2.1636679347019667,obse,cracker_scene1,20,old
5097,21.930501461029053,2.1636679347019667,obse,cracker_scene1,20,old
5098,21.934614658355713,2.1636679347019667,obse,cracker_scene1,20,old
5099,21.93863606452942,2.1636679347019667,obse,cracker_scene1,20,old
5100,21.9427490234375,2.1636679347019667,obse,cracker_scene1,20,old
5101,21.94675326347351,2.1636679347019667,obse,cracker_scene1,20,old
5102,21.95084047317505,2.1636679347019667,obse,cracker_scene1,20,old
5103,21.954883098602295,2.1636679347019667,obse,cracker_scene1,20,old
5104,21.95899486541748,2.1636679347019667,obse,cracker_scene1,20,old
5105,21.96303129196167,2.1636679347019667,obse,cracker_scene1,20,old
5106,21.967161417007446,2.1636679347019667,obse,cracker_scene1,20,old
5107,21.971181869506836,2.1636679347019667,obse,cracker_scene1,20,old
5108,21.975308179855347,2.1636679347019667,obse,cracker_scene1,20,old
5109,21.979499101638794,2.1636679347019667,obse,cracker_scene1,20,old
5110,21.98365616798401,2.1636679347019667,obse,cracker_scene1,20,old
5111,21.987792015075684,2.1636679347019667,obse,cracker_scene1,20,old
5112,21.9919331073761,2.1636679347019667,obse,cracker_scene1,20,old
5113,21.99608278274536,2.1636679347019667,obse,cracker_scene1,20,old
5114,22.000157594680786,2.1636679347019667,obse,cracker_scene1,20,old
5115,22.004257917404175,2.1636679347019667,obse,cracker_scene1,20,old
5116,22.00828742980957,2.1636679347019667,obse,cracker_scene1,20,old
5117,22.012413263320923,2.1636679347019667,obse,cracker_scene1,20,old
5118,22.01644730567932,2.1636679347019667,obse,cracker_scene1,20,old
5119,22.02056574821472,2.1636679347019667,obse,cracker_scene1,20,old
5120,22.024609327316284,2.1636679347019667,obse,cracker_scene1,20,old
5121,22.028701782226562,2.1636679347019667,obse,cracker_scene1,20,old
5122,22.0327410697937,2.1636679347019667,obse,cracker_scene1,20,old
5123,22.036767721176147,2.1636679347019667,obse,cracker_scene1,20,old
5124,22.040809154510498,2.1636679347019667,obse,cracker_scene1,20,old
5125,22.044926404953003,2.1636679347019667,obse,cracker_scene1,20,old
5126,22.04897403717041,2.1636679347019667,obse,cracker_scene1,20,old
5127,22.053090572357178,2.1636679347019667,obse,cracker_scene1,20,old
5128,22.05715036392212,2.1636679347019667,obse,cracker_scene1,20,old
5129,22.06115436553955,2.1636679347019667,obse,cracker_scene1,20,old
5130,22.065206050872803,2.1636679347019667,obse,cracker_scene1,20,old
5131,22.069308042526245,2.1636679347019667,obse,cracker_scene1,20,old
5132,22.073439836502075,2.1636679347019667,obse,cracker_scene1,20,old
5133,22.07753086090088,2.1636679347019667,obse,cracker_scene1,20,old
5134,22.081625938415527,2.1636679347019667,obse,cracker_scene1,20,old
5135,22.085689544677734,2.1636679347019667,obse,cracker_scene1,20,old
5136,22.089704751968384,2.1636679347019667,obse,cracker_scene1,20,old
5137,22.093763828277588,2.1636679347019667,obse,cracker_scene1,20,old
5138,22.097782373428345,2.1636679347019667,obse,cracker_scene1,20,old
5139,22.101818799972534,2.1636679347019667,obse,cracker_scene1,20,old
5140,22.105821132659912,2.1636679347019667,obse,cracker_scene1,20,old
5141,22.10985040664673,2.1636679347019667,obse,cracker_scene1,20,old
5142,22.11391830444336,2.1636679347019667,obse,cracker_scene1,20,old
5143,22.117976188659668,2.1636679347019667,obse,cracker_scene1,20,old
5144,22.121959924697876,2.1636679347019667,obse,cracker_scene1,20,old
5145,22.12608027458191,2.1636679347019667,obse,cracker_scene1,20,old
5146,22.130126476287842,2.1636679347019667,obse,cracker_scene1,20,old
5147,22.134236097335815,2.1636679347019667,obse,cracker_scene1,20,old
5148,22.138241052627563,2.1636679347019667,obse,cracker_scene1,20,old
5149,22.142295122146606,2.1636679347019667,obse,cracker_scene1,20,old
5150,22.14635682106018,2.1636679347019667,obse,cracker_scene1,20,old
5151,22.150448083877563,2.1636679347019667,obse,cracker_scene1,20,old
5152,22.15445303916931,2.1636679347019667,obse,cracker_scene1,20,old
5153,22.158509492874146,2.1636679347019667,obse,cracker_scene1,20,old
5154,22.162524938583374,2.1636679347019667,obse,cracker_scene1,20,old
5155,22.16669201850891,2.1636679347019667,obse,cracker_scene1,20,old
5156,22.17073082923889,2.1636679347019667,obse,cracker_scene1,20,old
5157,22.17489242553711,2.1636679347019667,obse,cracker_scene1,20,old
5158,22.17895531654358,2.1636679347019667,obse,cracker_scene1,20,old
5159,22.18299913406372,2.1636679347019667,obse,cracker_scene1,20,old
5160,22.187002182006836,2.1636679347019667,obse,cracker_scene1,20,old
5161,22.191069841384888,2.1636679347019667,obse,cracker_scene1,20,old
5162,22.19506072998047,2.1636679347019667,obse,cracker_scene1,20,old
5163,22.19914722442627,2.1636679347019667,obse,cracker_scene1,20,old
5164,22.203144550323486,2.1636679347019667,obse,cracker_scene1,20,old
5165,22.207184314727783,2.1636679347019667,obse,cracker_scene1,20,old
5166,22.211240530014038,2.1636679347019667,obse,cracker_scene1,20,old
5167,22.21525287628174,2.1636679347019667,obse,cracker_scene1,20,old
5168,22.2193660736084,2.1636679347019667,obse,cracker_scene1,20,old
5169,22.223392486572266,2.1636679347019667,obse,cracker_scene1,20,old
5170,22.227444887161255,2.1636679347019667,obse,cracker_scene1,20,old
5171,22.231481790542603,2.1636679347019667,obse,cracker_scene1,20,old
5172,22.235594034194946,2.1636679347019667,obse,cracker_scene1,20,old
5173,22.23961591720581,2.1636679347019667,obse,cracker_scene1,20,old
5174,22.243670225143433,2.1636679347019667,obse,cracker_scene1,20,old
5175,22.247694492340088,2.1636679347019667,obse,cracker_scene1,20,old
5176,22.252065181732178,2.1636679347019667,obse,cracker_scene1,20,old
5177,22.256214141845703,2.1636679347019667,obse,cracker_scene1,20,old
5178,22.260360956192017,2.1636679347019667,obse,cracker_scene1,20,old
5179,22.264453172683716,2.1636679347019667,obse,cracker_scene1,20,old
5180,22.268596649169922,2.1636679347019667,obse,cracker_scene1,20,old
5181,22.272703647613525,2.1636679347019667,obse,cracker_scene1,20,old
5182,22.276870727539062,2.1636679347019667,obse,cracker_scene1,20,old
5183,22.280864477157593,2.1636679347019667,obse,cracker_scene1,20,old
5184,22.28489875793457,2.1636679347019667,obse,cracker_scene1,20,old
5185,22.28890562057495,2.1636679347019667,obse,cracker_scene1,20,old
5186,22.293095111846924,2.1636679347019667,obse,cracker_scene1,20,old
5187,22.297125101089478,2.1636679347019667,obse,cracker_scene1,20,old
5188,22.301148653030396,2.1636679347019667,obse,cracker_scene1,20,old
5189,22.305193185806274,2.1636679347019667,obse,cracker_scene1,20,old
5190,22.30923056602478,2.1636679347019667,obse,cracker_scene1,20,old
5191,22.313265800476074,2.1636679347019667,obse,cracker_scene1,20,old
5192,22.317320346832275,2.1636679347019667,obse,cracker_scene1,20,old
5193,22.321321964263916,2.1636679347019667,obse,cracker_scene1,20,old
5194,22.325384378433228,2.1636679347019667,obse,cracker_scene1,20,old
5195,22.329376697540283,2.1636679347019667,obse,cracker_scene1,20,old
5196,22.333531379699707,2.1636679347019667,obse,cracker_scene1,20,old
5197,22.337550163269043,2.1636679347019667,obse,cracker_scene1,20,old
5198,22.341631650924683,2.1636679347019667,obse,cracker_scene1,20,old
5199,22.345651149749756,2.1636679347019667,obse,cracker_scene1,20,old
5200,22.34975028038025,2.1636679347019667,obse,cracker_scene1,20,old
5201,22.35373044013977,2.1636679347019667,obse,cracker_scene1,20,old
5202,22.3578040599823,2.1636679347019667,obse,cracker_scene1,20,old
5203,22.361785888671875,2.1636679347019667,obse,cracker_scene1,20,old
5204,22.365946292877197,2.1636679347019667,obse,cracker_scene1,20,old
5205,22.370065212249756,2.1636679347019667,obse,cracker_scene1,20,old
5206,22.3741557598114,2.1636679347019667,obse,cracker_scene1,20,old
5207,22.378219604492188,2.1636679347019667,obse,cracker_scene1,20,old
5208,22.382279634475708,2.1636679347019667,obse,cracker_scene1,20,old
5209,22.386292457580566,2.1636679347019667,obse,cracker_scene1,20,old
5210,22.390288591384888,2.1636679347019667,obse,cracker_scene1,20,old
5211,22.394333124160767,2.1636679347019667,obse,cracker_scene1,20,old
5212,22.39840793609619,2.1636679347019667,obse,cracker_scene1,20,old
5213,22.402456521987915,2.1636679347019667,obse,cracker_scene1,20,old
5214,22.406450510025024,2.1636679347019667,obse,cracker_scene1,20,old
5215,22.41050672531128,2.1636679347019667,obse,cracker_scene1,20,old
5216,22.41454029083252,2.1636679347019667,obse,cracker_scene1,20,old
5217,22.418564796447754,2.1636679347019667,obse,cracker_scene1,20,old
5218,22.422611951828003,2.1636679347019667,obse,cracker_scene1,20,old
5219,22.426673889160156,2.1636679347019667,obse,cracker_scene1,20,old
5220,22.430691480636597,2.1636679347019667,obse,cracker_scene1,20,old
5221,22.434845209121704,2.1636679347019667,obse,cracker_scene1,20,old
5222,22.438862085342407,2.1636679347019667,obse,cracker_scene1,20,old
5223,22.442931175231934,2.1636679347019667,obse,cracker_scene1,20,old
5224,22.446940898895264,2.1636679347019667,obse,cracker_scene1,20,old
5225,22.451037168502808,2.1636679347019667,obse,cracker_scene1,20,old
5226,22.45502519607544,2.1636679347019667,obse,cracker_scene1,20,old
5227,22.459097146987915,2.1636679347019667,obse,cracker_scene1,20,old
5228,22.46310019493103,2.1636679347019667,obse,cracker_scene1,20,old
5229,22.467299938201904,2.1636679347019667,obse,cracker_scene1,20,old
5230,22.47135019302368,2.1636679347019667,obse,cracker_scene1,20,old
5231,22.475480318069458,2.1636679347019667,obse,cracker_scene1,20,old
5232,22.479520320892334,2.1636679347019667,obse,cracker_scene1,20,old
5233,22.483620405197144,2.1636679347019667,obse,cracker_scene1,20,old
5234,22.487761735916138,2.1636679347019667,obse,cracker_scene1,20,old
