0,0.00019431114196777344,0.08685197459474163,PBPF,cracker_scene1,30,old
1,0.0023555755615234375,0.08685197459474163,PBPF,cracker_scene1,30,old
2,0.006928920745849609,0.08685197459474163,PBPF,cracker_scene1,30,old
3,0.011264801025390625,0.08685197459474163,PBPF,cracker_scene1,30,old
4,0.015676021575927734,0.08682128862377793,PBPF,cracker_scene1,30,old
5,0.019873857498168945,0.08682128862377793,PBPF,cracker_scene1,30,old
6,0.024142026901245117,0.08682128862377793,PBPF,cracker_scene1,30,old
7,0.028599023818969727,0.08692811639720781,PBPF,cracker_scene1,30,old
8,0.03281450271606445,0.08692811639720781,PBPF,cracker_scene1,30,old
9,0.03697967529296875,0.08692811639720781,PBPF,cracker_scene1,30,old
10,0.0411069393157959,0.08692811639720781,PBPF,cracker_scene1,30,old
11,0.04550337791442871,0.08692811639720781,PBPF,cracker_scene1,30,old
12,0.050365447998046875,0.08665083065180235,PBPF,cracker_scene1,30,old
13,0.0545048713684082,0.08665083065180235,PBPF,cracker_scene1,30,old
14,0.0594172477722168,0.08707947368081762,PBPF,cracker_scene1,30,old
15,0.06360960006713867,0.08707947368081762,PBPF,cracker_scene1,30,old
16,0.06786704063415527,0.08707947368081762,PBPF,cracker_scene1,30,old
17,0.0720374584197998,0.08707947368081762,PBPF,cracker_scene1,30,old
18,0.07657670974731445,0.08669366145917691,PBPF,cracker_scene1,30,old
19,0.08115601539611816,0.08662385035745321,PBPF,cracker_scene1,30,old
20,0.08567595481872559,0.08668010581493395,PBPF,cracker_scene1,30,old
21,0.09007120132446289,0.08692962885879099,PBPF,cracker_scene1,30,old
22,0.09435915946960449,0.08692962885879099,PBPF,cracker_scene1,30,old
23,0.09878969192504883,0.0869226488204173,PBPF,cracker_scene1,30,old
24,0.10301685333251953,0.0869226488204173,PBPF,cracker_scene1,30,old
25,0.10741949081420898,0.08692649224355098,PBPF,cracker_scene1,30,old
26,0.11188983917236328,0.08692871970192564,PBPF,cracker_scene1,30,old
27,0.11672568321228027,0.08695228861912863,PBPF,cracker_scene1,30,old
28,0.12107348442077637,0.08695228861912863,PBPF,cracker_scene1,30,old
29,0.12563157081604004,0.0866402898105705,PBPF,cracker_scene1,30,old
30,0.13091325759887695,0.08696567289139846,PBPF,cracker_scene1,30,old
31,0.1355266571044922,0.08690006316226273,PBPF,cracker_scene1,30,old
32,0.13986587524414062,0.08690006316226273,PBPF,cracker_scene1,30,old
33,0.14422106742858887,0.08690006316226273,PBPF,cracker_scene1,30,old
34,0.14858746528625488,0.08690006316226273,PBPF,cracker_scene1,30,old
35,0.15340495109558105,0.08710023097796461,PBPF,cracker_scene1,30,old
36,0.15769243240356445,0.08684747857991365,PBPF,cracker_scene1,30,old
37,0.1621108055114746,0.08684747857991365,PBPF,cracker_scene1,30,old
38,0.16667842864990234,0.08684747857991365,PBPF,cracker_scene1,30,old
39,0.17087984085083008,0.08684747857991365,PBPF,cracker_scene1,30,old
40,0.17517566680908203,0.08684747857991365,PBPF,cracker_scene1,30,old
41,0.1796257495880127,0.07109936535504957,PBPF,cracker_scene1,30,old
42,0.18452811241149902,0.07116192704759872,PBPF,cracker_scene1,30,old
43,0.20284199714660645,0.07124412721581486,PBPF,cracker_scene1,30,old
44,0.20739436149597168,0.07123998093485184,PBPF,cracker_scene1,30,old
45,0.21163296699523926,0.07123998093485184,PBPF,cracker_scene1,30,old
46,0.21609973907470703,0.07121220623470581,PBPF,cracker_scene1,30,old
47,0.22048282623291016,0.07120726049607651,PBPF,cracker_scene1,30,old
48,0.22476768493652344,0.07120726049607651,PBPF,cracker_scene1,30,old
49,0.22907376289367676,0.07120726049607651,PBPF,cracker_scene1,30,old
50,0.23334097862243652,0.07120726049607651,PBPF,cracker_scene1,30,old
51,0.23759698867797852,0.07120726049607651,PBPF,cracker_scene1,30,old
52,0.2421109676361084,0.07120726049607651,PBPF,cracker_scene1,30,old
53,0.24628949165344238,0.07120726049607651,PBPF,cracker_scene1,30,old
54,0.2504696846008301,0.07120726049607651,PBPF,cracker_scene1,30,old
55,0.25489306449890137,0.07122689020408401,PBPF,cracker_scene1,30,old
56,0.25954580307006836,0.07122689020408401,PBPF,cracker_scene1,30,old
57,0.26441431045532227,0.07149144665054852,PBPF,cracker_scene1,30,old
58,0.2686307430267334,0.07149144665054852,PBPF,cracker_scene1,30,old
59,0.2728092670440674,0.07149144665054852,PBPF,cracker_scene1,30,old
60,0.2777400016784668,0.07140658616140971,PBPF,cracker_scene1,30,old
61,0.2820889949798584,0.07140658616140971,PBPF,cracker_scene1,30,old
62,0.2866072654724121,0.07223480624950707,PBPF,cracker_scene1,30,old
63,0.2911872863769531,0.07223480624950707,PBPF,cracker_scene1,30,old
64,0.29587316513061523,0.07130036278556684,PBPF,cracker_scene1,30,old
65,0.30006861686706543,0.07130036278556684,PBPF,cracker_scene1,30,old
66,0.30439043045043945,0.07127051098245563,PBPF,cracker_scene1,30,old
67,0.30864477157592773,0.07127051098245563,PBPF,cracker_scene1,30,old
68,0.3128788471221924,0.07127051098245563,PBPF,cracker_scene1,30,old
69,0.3173708915710449,0.07318590697575456,PBPF,cracker_scene1,30,old
70,0.3222951889038086,0.07557618501690655,PBPF,cracker_scene1,30,old
71,0.3269917964935303,0.06568562904430221,PBPF,cracker_scene1,30,old
72,0.33107924461364746,0.06568562904430221,PBPF,cracker_scene1,30,old
73,0.3352391719818115,0.0647320199286317,PBPF,cracker_scene1,30,old
74,0.33951735496520996,0.06504504358327935,PBPF,cracker_scene1,30,old
75,0.3436288833618164,0.0651501817720248,PBPF,cracker_scene1,30,old
76,0.3479173183441162,0.06526638008224347,PBPF,cracker_scene1,30,old
77,0.3521695137023926,0.06526638008224347,PBPF,cracker_scene1,30,old
78,0.35654377937316895,0.06550058321821861,PBPF,cracker_scene1,30,old
79,0.36072278022766113,0.06550058321821861,PBPF,cracker_scene1,30,old
80,0.36504554748535156,0.06590457170382868,PBPF,cracker_scene1,30,old
81,0.36932373046875,0.06590457170382868,PBPF,cracker_scene1,30,old
82,0.37348127365112305,0.06590457170382868,PBPF,cracker_scene1,30,old
83,0.377655029296875,0.06590457170382868,PBPF,cracker_scene1,30,old
84,0.3820044994354248,0.06583302679147167,PBPF,cracker_scene1,30,old
85,0.3870100975036621,0.06732547554077739,PBPF,cracker_scene1,30,old
86,0.3913130760192871,0.06781588569721429,PBPF,cracker_scene1,30,old
87,0.3957173824310303,0.06773745681403329,PBPF,cracker_scene1,30,old
88,0.39999938011169434,0.06785794191964367,PBPF,cracker_scene1,30,old
89,0.4041900634765625,0.06785794191964367,PBPF,cracker_scene1,30,old
90,0.4086494445800781,0.0685934367062751,PBPF,cracker_scene1,30,old
91,0.4127960205078125,0.06953362558099294,PBPF,cracker_scene1,30,old
92,0.4172024726867676,0.06997668576109246,PBPF,cracker_scene1,30,old
93,0.4215099811553955,0.06991426499785225,PBPF,cracker_scene1,30,old
94,0.42574071884155273,0.06991426499785225,PBPF,cracker_scene1,30,old
95,0.4298865795135498,0.06991426499785225,PBPF,cracker_scene1,30,old
96,0.4342958927154541,0.06991426499785225,PBPF,cracker_scene1,30,old
97,0.4388115406036377,0.06917444649183906,PBPF,cracker_scene1,30,old
98,0.44321107864379883,0.06835685987491429,PBPF,cracker_scene1,30,old
99,0.44794416427612305,0.06853120453193057,PBPF,cracker_scene1,30,old
100,0.4522881507873535,0.06858013076496057,PBPF,cracker_scene1,30,old
101,0.45654749870300293,0.06858013076496057,PBPF,cracker_scene1,30,old
102,0.4607863426208496,0.06858013076496057,PBPF,cracker_scene1,30,old
103,0.4650149345397949,0.06858013076496057,PBPF,cracker_scene1,30,old
104,0.4693717956542969,0.06858013076496057,PBPF,cracker_scene1,30,old
105,0.4739363193511963,0.06766956875268902,PBPF,cracker_scene1,30,old
106,0.478532075881958,0.06614917879011359,PBPF,cracker_scene1,30,old
107,0.4829385280609131,0.06525520045881503,PBPF,cracker_scene1,30,old
108,0.4877800941467285,0.08093132920612511,PBPF,cracker_scene1,30,old
109,0.49219179153442383,0.08080673030091123,PBPF,cracker_scene1,30,old
110,0.49658751487731934,0.0795763121005697,PBPF,cracker_scene1,30,old
111,0.5008091926574707,0.0795763121005697,PBPF,cracker_scene1,30,old
112,0.5049722194671631,0.0795763121005697,PBPF,cracker_scene1,30,old
113,0.5096325874328613,0.07933450768559513,PBPF,cracker_scene1,30,old
114,0.5138683319091797,0.07933450768559513,PBPF,cracker_scene1,30,old
115,0.5182514190673828,0.079263048272046,PBPF,cracker_scene1,30,old
116,0.5225555896759033,0.0789131925095159,PBPF,cracker_scene1,30,old
117,0.5268304347991943,0.07775165041042698,PBPF,cracker_scene1,30,old
118,0.5310184955596924,0.07775165041042698,PBPF,cracker_scene1,30,old
119,0.5353784561157227,0.07720100503134564,PBPF,cracker_scene1,30,old
120,0.5395288467407227,0.07720100503134564,PBPF,cracker_scene1,30,old
121,0.5437793731689453,0.07720100503134564,PBPF,cracker_scene1,30,old
122,0.5481188297271729,0.07721922406155635,PBPF,cracker_scene1,30,old
123,0.5524520874023438,0.07693737336835138,PBPF,cracker_scene1,30,old
124,0.5572707653045654,0.07604890032357137,PBPF,cracker_scene1,30,old
125,0.5616095066070557,0.07576219214067326,PBPF,cracker_scene1,30,old
126,0.5657491683959961,0.07576219214067326,PBPF,cracker_scene1,30,old
127,0.5699801445007324,0.07576219214067326,PBPF,cracker_scene1,30,old
128,0.5744268894195557,0.0756053953624285,PBPF,cracker_scene1,30,old
129,0.5787718296051025,0.07503449564183828,PBPF,cracker_scene1,30,old
130,0.5831093788146973,0.0748040667902794,PBPF,cracker_scene1,30,old
131,0.5871479511260986,0.07417123105388512,PBPF,cracker_scene1,30,old
132,0.591414213180542,0.0744021781201285,PBPF,cracker_scene1,30,old
133,0.5954694747924805,0.0744021781201285,PBPF,cracker_scene1,30,old
134,0.6000170707702637,0.07396071718156083,PBPF,cracker_scene1,30,old
135,0.6045160293579102,0.07387341886590182,PBPF,cracker_scene1,30,old
136,0.6086516380310059,0.07384807355209677,PBPF,cracker_scene1,30,old
137,0.6130216121673584,0.07354329205708332,PBPF,cracker_scene1,30,old
138,0.6173100471496582,0.07336255069651276,PBPF,cracker_scene1,30,old
139,0.6214098930358887,0.07336255069651276,PBPF,cracker_scene1,30,old
140,0.625511646270752,0.07336255069651276,PBPF,cracker_scene1,30,old
141,0.6295661926269531,0.07336255069651276,PBPF,cracker_scene1,30,old
142,0.6336748600006104,0.07378454033574133,PBPF,cracker_scene1,30,old
143,0.6380624771118164,0.07400081439710693,PBPF,cracker_scene1,30,old
144,0.6421678066253662,0.07400081439710693,PBPF,cracker_scene1,30,old
145,0.6467487812042236,0.07480782999175428,PBPF,cracker_scene1,30,old
146,0.6509320735931396,0.07480782999175428,PBPF,cracker_scene1,30,old
147,0.6553547382354736,0.07469162479023428,PBPF,cracker_scene1,30,old
148,0.6595337390899658,0.07468945820934003,PBPF,cracker_scene1,30,old
149,0.6637771129608154,0.07510528110620562,PBPF,cracker_scene1,30,old
150,0.6681132316589355,0.0747463203850467,PBPF,cracker_scene1,30,old
151,0.6723511219024658,0.0747463203850467,PBPF,cracker_scene1,30,old
152,0.6764307022094727,0.07392614812670217,PBPF,cracker_scene1,30,old
153,0.6804358959197998,0.07392614812670217,PBPF,cracker_scene1,30,old
154,0.6845965385437012,0.07393474229166319,PBPF,cracker_scene1,30,old
155,0.6888437271118164,0.07398236746741027,PBPF,cracker_scene1,30,old
156,0.6928799152374268,0.07398236746741027,PBPF,cracker_scene1,30,old
157,0.6972167491912842,0.07388369429240793,PBPF,cracker_scene1,30,old
158,0.7012741565704346,0.07388369429240793,PBPF,cracker_scene1,30,old
159,0.7056918144226074,0.07375056515814649,PBPF,cracker_scene1,30,old
160,0.7098798751831055,0.07397934059719802,PBPF,cracker_scene1,30,old
161,0.714205265045166,0.0735888986160873,PBPF,cracker_scene1,30,old
162,0.7182202339172363,0.07332889739283832,PBPF,cracker_scene1,30,old
163,0.7224776744842529,0.07332482178661959,PBPF,cracker_scene1,30,old
164,0.7265238761901855,0.07338723557708615,PBPF,cracker_scene1,30,old
165,0.7304856777191162,0.07338723557708615,PBPF,cracker_scene1,30,old
166,0.734306812286377,0.07338723557708615,PBPF,cracker_scene1,30,old
167,0.7383933067321777,0.07272442346350161,PBPF,cracker_scene1,30,old
168,0.7424931526184082,0.07272442346350161,PBPF,cracker_scene1,30,old
169,0.7466287612915039,0.07264841445835479,PBPF,cracker_scene1,30,old
170,0.7507386207580566,0.07264841445835479,PBPF,cracker_scene1,30,old
171,0.754793643951416,0.07264841445835479,PBPF,cracker_scene1,30,old
172,0.7594749927520752,0.07266127156113011,PBPF,cracker_scene1,30,old
173,0.7641036510467529,0.07262275812282493,PBPF,cracker_scene1,30,old
174,0.7683217525482178,0.07250757954475073,PBPF,cracker_scene1,30,old
175,0.7726976871490479,0.07269688122773488,PBPF,cracker_scene1,30,old
176,0.7768850326538086,0.07269688122773488,PBPF,cracker_scene1,30,old
177,0.7813670635223389,0.07228605771737229,PBPF,cracker_scene1,30,old
178,0.785548210144043,0.07223017467935744,PBPF,cracker_scene1,30,old
179,0.7896699905395508,0.07223017467935744,PBPF,cracker_scene1,30,old
180,0.7940342426300049,0.07148608222929553,PBPF,cracker_scene1,30,old
181,0.7983291149139404,0.07148608222929553,PBPF,cracker_scene1,30,old
182,0.8026318550109863,0.07148608222929553,PBPF,cracker_scene1,30,old
183,0.8070323467254639,0.0721757608082303,PBPF,cracker_scene1,30,old
184,0.8118784427642822,0.05943053316952618,PBPF,cracker_scene1,30,old
185,0.815788984298706,0.05943053316952618,PBPF,cracker_scene1,30,old
186,0.8200984001159668,0.059705904338319016,PBPF,cracker_scene1,30,old
187,0.8243858814239502,0.059705904338319016,PBPF,cracker_scene1,30,old
188,0.8287339210510254,0.059452867652859176,PBPF,cracker_scene1,30,old
189,0.8328268527984619,0.059452867652859176,PBPF,cracker_scene1,30,old
190,0.8370366096496582,0.059427254079766456,PBPF,cracker_scene1,30,old
191,0.8414008617401123,0.05969721578114573,PBPF,cracker_scene1,30,old
192,0.8455479145050049,0.059750790104423857,PBPF,cracker_scene1,30,old
193,0.8496890068054199,0.059750790104423857,PBPF,cracker_scene1,30,old
194,0.8540821075439453,0.059301411577861174,PBPF,cracker_scene1,30,old
195,0.8583495616912842,0.059301411577861174,PBPF,cracker_scene1,30,old
196,0.8625352382659912,0.059204521136908106,PBPF,cracker_scene1,30,old
197,0.8666493892669678,0.059204521136908106,PBPF,cracker_scene1,30,old
198,0.8709571361541748,0.05914525478270871,PBPF,cracker_scene1,30,old
199,0.8754372596740723,0.059107379809096194,PBPF,cracker_scene1,30,old
200,0.8796780109405518,0.05928031087108376,PBPF,cracker_scene1,30,old
201,0.8839740753173828,0.059467289795688494,PBPF,cracker_scene1,30,old
202,0.8880648612976074,0.059467289795688494,PBPF,cracker_scene1,30,old
203,0.8925888538360596,0.0606340167865449,PBPF,cracker_scene1,30,old
204,0.8968520164489746,0.0606340167865449,PBPF,cracker_scene1,30,old
205,0.90138840675354,0.06033765142386294,PBPF,cracker_scene1,30,old
206,0.9057183265686035,0.06054316054979392,PBPF,cracker_scene1,30,old
207,0.9101762771606445,0.06047384534335887,PBPF,cracker_scene1,30,old
208,0.914252758026123,0.06047384534335887,PBPF,cracker_scene1,30,old
209,0.9185757637023926,0.061036548847286376,PBPF,cracker_scene1,30,old
210,0.9227614402770996,0.061036548847286376,PBPF,cracker_scene1,30,old
211,0.9273226261138916,0.0608838380268617,PBPF,cracker_scene1,30,old
212,0.9316799640655518,0.06072985474688508,PBPF,cracker_scene1,30,old
213,0.936443567276001,0.061169896003557156,PBPF,cracker_scene1,30,old
214,0.9408211708068848,0.06130158113323336,PBPF,cracker_scene1,30,old
215,0.9451429843902588,0.06142593210500724,PBPF,cracker_scene1,30,old
216,0.9492237567901611,0.06142593210500724,PBPF,cracker_scene1,30,old
217,0.9535195827484131,0.06190925093311872,PBPF,cracker_scene1,30,old
218,0.9579920768737793,0.062021353933787715,PBPF,cracker_scene1,30,old
219,0.9632151126861572,0.06137809931964622,PBPF,cracker_scene1,30,old
220,0.9674515724182129,0.061864652760417194,PBPF,cracker_scene1,30,old
221,0.9718105792999268,0.061864652760417194,PBPF,cracker_scene1,30,old
222,0.9766385555267334,0.06601274395047607,PBPF,cracker_scene1,30,old
223,0.9809069633483887,0.06601274395047607,PBPF,cracker_scene1,30,old
224,0.9851822853088379,0.0656813296978136,PBPF,cracker_scene1,30,old
225,0.9897465705871582,0.06556525108204259,PBPF,cracker_scene1,30,old
226,0.9939241409301758,0.06556525108204259,PBPF,cracker_scene1,30,old
227,0.9981145858764648,0.06556525108204259,PBPF,cracker_scene1,30,old
228,1.0024394989013672,0.06571401309881697,PBPF,cracker_scene1,30,old
229,1.0066025257110596,0.06543887220310651,PBPF,cracker_scene1,30,old
230,1.0108380317687988,0.06543887220310651,PBPF,cracker_scene1,30,old
231,1.0151610374450684,0.06543887220310651,PBPF,cracker_scene1,30,old
232,1.0193910598754883,0.06537664607499938,PBPF,cracker_scene1,30,old
233,1.023561716079712,0.06537664607499938,PBPF,cracker_scene1,30,old
234,1.0279581546783447,0.06688843822420054,PBPF,cracker_scene1,30,old
235,1.0323176383972168,0.06715425553665355,PBPF,cracker_scene1,30,old
236,1.036581039428711,0.06715425553665355,PBPF,cracker_scene1,30,old
237,1.0411672592163086,0.06722756984271339,PBPF,cracker_scene1,30,old
238,1.0453572273254395,0.06722756984271339,PBPF,cracker_scene1,30,old
239,1.0495109558105469,0.06722756984271339,PBPF,cracker_scene1,30,old
240,1.0539219379425049,0.06671248344861436,PBPF,cracker_scene1,30,old
241,1.058152198791504,0.06671248344861436,PBPF,cracker_scene1,30,old
242,1.0626468658447266,0.06551900471052985,PBPF,cracker_scene1,30,old
243,1.0667939186096191,0.06551900471052985,PBPF,cracker_scene1,30,old
244,1.071333885192871,0.0658980889309202,PBPF,cracker_scene1,30,old
245,1.0754830837249756,0.0658980889309202,PBPF,cracker_scene1,30,old
246,1.080482006072998,0.06605303253983852,PBPF,cracker_scene1,30,old
247,1.084885835647583,0.06616431397316891,PBPF,cracker_scene1,30,old
248,1.0891103744506836,0.06616431397316891,PBPF,cracker_scene1,30,old
249,1.0933198928833008,0.06616431397316891,PBPF,cracker_scene1,30,old
250,1.0980873107910156,0.06734429131360908,PBPF,cracker_scene1,30,old
251,1.1023221015930176,0.06734429131360908,PBPF,cracker_scene1,30,old
252,1.106982707977295,0.06712505625459375,PBPF,cracker_scene1,30,old
253,1.111717700958252,0.06741828510229197,PBPF,cracker_scene1,30,old
254,1.116105079650879,0.06672709766872487,PBPF,cracker_scene1,30,old
255,1.1203973293304443,0.06672709766872487,PBPF,cracker_scene1,30,old
256,1.125277042388916,0.06661339766502028,PBPF,cracker_scene1,30,old
257,1.129765272140503,0.06661339766502028,PBPF,cracker_scene1,30,old
258,1.1342442035675049,0.06668277218924157,PBPF,cracker_scene1,30,old
259,1.1384565830230713,0.06668277218924157,PBPF,cracker_scene1,30,old
260,1.1426424980163574,0.06668277218924157,PBPF,cracker_scene1,30,old
261,1.1468148231506348,0.06668277218924157,PBPF,cracker_scene1,30,old
262,1.1508820056915283,0.06668277218924157,PBPF,cracker_scene1,30,old
263,1.1551966667175293,0.06668277218924157,PBPF,cracker_scene1,30,old
264,1.159940242767334,0.06732862516951599,PBPF,cracker_scene1,30,old
265,1.1641175746917725,0.0672696267048769,PBPF,cracker_scene1,30,old
266,1.1682276725769043,0.0672696267048769,PBPF,cracker_scene1,30,old
267,1.172645092010498,0.06729822419201881,PBPF,cracker_scene1,30,old
268,1.1768159866333008,0.06729822419201881,PBPF,cracker_scene1,30,old
269,1.1810646057128906,0.06728206815017579,PBPF,cracker_scene1,30,old
270,1.1853516101837158,0.06728206815017579,PBPF,cracker_scene1,30,old
271,1.1898524761199951,0.0658414517659569,PBPF,cracker_scene1,30,old
272,1.1942965984344482,0.0654892496856565,PBPF,cracker_scene1,30,old
273,1.1985890865325928,0.0654892496856565,PBPF,cracker_scene1,30,old
274,1.2029049396514893,0.06581133434712871,PBPF,cracker_scene1,30,old
275,1.207031488418579,0.06581133434712871,PBPF,cracker_scene1,30,old
276,1.2114262580871582,0.06595517289372577,PBPF,cracker_scene1,30,old
277,1.2153112888336182,0.06595517289372577,PBPF,cracker_scene1,30,old
278,1.219592809677124,0.06651690700252022,PBPF,cracker_scene1,30,old
279,1.2240018844604492,0.06651690700252022,PBPF,cracker_scene1,30,old
280,1.2281930446624756,0.06651690700252022,PBPF,cracker_scene1,30,old
281,1.2322864532470703,0.06660297493385947,PBPF,cracker_scene1,30,old
282,1.236893653869629,0.06681070271795342,PBPF,cracker_scene1,30,old
283,1.2411141395568848,0.06681070271795342,PBPF,cracker_scene1,30,old
284,1.2454495429992676,0.06675170804057373,PBPF,cracker_scene1,30,old
285,1.249887466430664,0.06678178476137298,PBPF,cracker_scene1,30,old
286,1.2540614604949951,0.06678178476137298,PBPF,cracker_scene1,30,old
287,1.258392095565796,0.06683933303070955,PBPF,cracker_scene1,30,old
288,1.2626104354858398,0.06683933303070955,PBPF,cracker_scene1,30,old
289,1.2674405574798584,0.066643785603695,PBPF,cracker_scene1,30,old
290,1.2716612815856934,0.066643785603695,PBPF,cracker_scene1,30,old
291,1.2761054039001465,0.0667578011269434,PBPF,cracker_scene1,30,old
292,1.2802379131317139,0.0667578011269434,PBPF,cracker_scene1,30,old
293,1.2855699062347412,0.06610009196926203,PBPF,cracker_scene1,30,old
294,1.2898895740509033,0.06615704822773072,PBPF,cracker_scene1,30,old
295,1.2940223217010498,0.06615704822773072,PBPF,cracker_scene1,30,old
296,1.2983741760253906,0.0649402081249173,PBPF,cracker_scene1,30,old
297,1.3025426864624023,0.06503919350201848,PBPF,cracker_scene1,30,old
298,1.3068830966949463,0.06497863791802239,PBPF,cracker_scene1,30,old
299,1.3113188743591309,0.06497863791802239,PBPF,cracker_scene1,30,old
300,1.3154373168945312,0.06550034187514076,PBPF,cracker_scene1,30,old
301,1.3194568157196045,0.06550034187514076,PBPF,cracker_scene1,30,old
302,1.323704481124878,0.06520769724175501,PBPF,cracker_scene1,30,old
303,1.3277134895324707,0.06520769724175501,PBPF,cracker_scene1,30,old
304,1.3319470882415771,0.06526446072322045,PBPF,cracker_scene1,30,old
305,1.3362236022949219,0.065815181756113,PBPF,cracker_scene1,30,old
306,1.340336561203003,0.065815181756113,PBPF,cracker_scene1,30,old
307,1.344430923461914,0.065815181756113,PBPF,cracker_scene1,30,old
308,1.3488800525665283,0.06611119091149043,PBPF,cracker_scene1,30,old
309,1.352961778640747,0.06611119091149043,PBPF,cracker_scene1,30,old
310,1.357156753540039,0.06600160444927905,PBPF,cracker_scene1,30,old
311,1.3613970279693604,0.06616222385105353,PBPF,cracker_scene1,30,old
312,1.3654935359954834,0.06616222385105353,PBPF,cracker_scene1,30,old
313,1.3695831298828125,0.0672747971157106,PBPF,cracker_scene1,30,old
314,1.3738179206848145,0.0674110494166742,PBPF,cracker_scene1,30,old
315,1.3778202533721924,0.0674110494166742,PBPF,cracker_scene1,30,old
316,1.3820433616638184,0.06716292779846,PBPF,cracker_scene1,30,old
317,1.3862779140472412,0.06716292779846,PBPF,cracker_scene1,30,old
318,1.3904521465301514,0.06716292779846,PBPF,cracker_scene1,30,old
319,1.3949499130249023,0.0672611375257599,PBPF,cracker_scene1,30,old
320,1.3992135524749756,0.0662327666994047,PBPF,cracker_scene1,30,old
321,1.4035327434539795,0.06691257626811353,PBPF,cracker_scene1,30,old
322,1.4075982570648193,0.06691257626811353,PBPF,cracker_scene1,30,old
323,1.4117465019226074,0.06647537064867937,PBPF,cracker_scene1,30,old
324,1.4158697128295898,0.0665192067478344,PBPF,cracker_scene1,30,old
325,1.4204812049865723,0.0664747220286026,PBPF,cracker_scene1,30,old
326,1.4245867729187012,0.0664747220286026,PBPF,cracker_scene1,30,old
327,1.428858995437622,0.06687201261911024,PBPF,cracker_scene1,30,old
328,1.4336578845977783,0.06697657702103665,PBPF,cracker_scene1,30,old
329,1.4377467632293701,0.0668902383557839,PBPF,cracker_scene1,30,old
330,1.4420421123504639,0.0668902383557839,PBPF,cracker_scene1,30,old
331,1.4460620880126953,0.0668902383557839,PBPF,cracker_scene1,30,old
332,1.450707197189331,0.06870934429464892,PBPF,cracker_scene1,30,old
333,1.4547333717346191,0.06870934429464892,PBPF,cracker_scene1,30,old
334,1.4588713645935059,0.06851236764763513,PBPF,cracker_scene1,30,old
335,1.4630095958709717,0.06851236764763513,PBPF,cracker_scene1,30,old
336,1.4671688079833984,0.06856976576938933,PBPF,cracker_scene1,30,old
337,1.4713327884674072,0.0694808560161766,PBPF,cracker_scene1,30,old
338,1.4756395816802979,0.06952717222814808,PBPF,cracker_scene1,30,old
339,1.4796881675720215,0.06952717222814808,PBPF,cracker_scene1,30,old
340,1.4840786457061768,0.06952717222814808,PBPF,cracker_scene1,30,old
341,1.488300085067749,0.06962990968774552,PBPF,cracker_scene1,30,old
342,1.4924461841583252,0.06962990968774552,PBPF,cracker_scene1,30,old
343,1.4964690208435059,0.06962990968774552,PBPF,cracker_scene1,30,old
344,1.500589370727539,0.06962990968774552,PBPF,cracker_scene1,30,old
345,1.5046601295471191,0.06962990968774552,PBPF,cracker_scene1,30,old
346,1.508735179901123,0.06962990968774552,PBPF,cracker_scene1,30,old
347,1.5127675533294678,0.06962990968774552,PBPF,cracker_scene1,30,old
348,1.5178766250610352,0.06575454097970912,PBPF,cracker_scene1,30,old
349,1.5221614837646484,0.0661968930736565,PBPF,cracker_scene1,30,old
350,1.5264909267425537,0.06604676561319867,PBPF,cracker_scene1,30,old
351,1.530503273010254,0.06604676561319867,PBPF,cracker_scene1,30,old
352,1.534651756286621,0.06604676561319867,PBPF,cracker_scene1,30,old
353,1.5387897491455078,0.06601019907504657,PBPF,cracker_scene1,30,old
354,1.54292893409729,0.06546823443575445,PBPF,cracker_scene1,30,old
355,1.547043800354004,0.06546823443575445,PBPF,cracker_scene1,30,old
356,1.5513594150543213,0.06500631329905193,PBPF,cracker_scene1,30,old
357,1.5555939674377441,0.06500885189910299,PBPF,cracker_scene1,30,old
358,1.5605602264404297,0.0646557652112163,PBPF,cracker_scene1,30,old
359,1.5646858215332031,0.0646557652112163,PBPF,cracker_scene1,30,old
360,1.5689661502838135,0.06465956716199006,PBPF,cracker_scene1,30,old
361,1.573291540145874,0.06465956716199006,PBPF,cracker_scene1,30,old
362,1.5775244235992432,0.06395455587201493,PBPF,cracker_scene1,30,old
363,1.5816280841827393,0.06395455587201493,PBPF,cracker_scene1,30,old
364,1.5859241485595703,0.06395455587201493,PBPF,cracker_scene1,30,old
365,1.5901739597320557,0.06354744949866209,PBPF,cracker_scene1,30,old
366,1.594444990158081,0.06339402392844917,PBPF,cracker_scene1,30,old
367,1.598681926727295,0.06339402392844917,PBPF,cracker_scene1,30,old
368,1.603369951248169,0.06381950545099871,PBPF,cracker_scene1,30,old
369,1.6075069904327393,0.06381950545099871,PBPF,cracker_scene1,30,old
370,1.6115772724151611,0.06381950545099871,PBPF,cracker_scene1,30,old
371,1.615882396697998,0.061540375897502914,PBPF,cracker_scene1,30,old
372,1.6200828552246094,0.060615269564976496,PBPF,cracker_scene1,30,old
373,1.6242287158966064,0.06036772676896119,PBPF,cracker_scene1,30,old
374,1.6289303302764893,0.06061525982792928,PBPF,cracker_scene1,30,old
375,1.6329395771026611,0.06061525982792928,PBPF,cracker_scene1,30,old
376,1.637059211730957,0.0605967541135703,PBPF,cracker_scene1,30,old
377,1.6411712169647217,0.0605967541135703,PBPF,cracker_scene1,30,old
378,1.6452326774597168,0.0605967541135703,PBPF,cracker_scene1,30,old
379,1.649299144744873,0.0605967541135703,PBPF,cracker_scene1,30,old
380,1.6536858081817627,0.060532524175341836,PBPF,cracker_scene1,30,old
381,1.6584036350250244,0.06320865952062707,PBPF,cracker_scene1,30,old
382,1.6626973152160645,0.06320865952062707,PBPF,cracker_scene1,30,old
383,1.6669299602508545,0.06320865952062707,PBPF,cracker_scene1,30,old
384,1.6710379123687744,0.06323872685647397,PBPF,cracker_scene1,30,old
385,1.675445318222046,0.0637917142658604,PBPF,cracker_scene1,30,old
386,1.6794743537902832,0.0637917142658604,PBPF,cracker_scene1,30,old
387,1.6835179328918457,0.0637917142658604,PBPF,cracker_scene1,30,old
388,1.6876804828643799,0.06567042483780791,PBPF,cracker_scene1,30,old
389,1.6919403076171875,0.06567042483780791,PBPF,cracker_scene1,30,old
390,1.6963424682617188,0.06552355192612697,PBPF,cracker_scene1,30,old
391,1.7003626823425293,0.06644589240476072,PBPF,cracker_scene1,30,old
392,1.7045159339904785,0.06644589240476072,PBPF,cracker_scene1,30,old
393,1.7085580825805664,0.06644589240476072,PBPF,cracker_scene1,30,old
394,1.7126986980438232,0.06639690183638315,PBPF,cracker_scene1,30,old
395,1.7170228958129883,0.06854301472916956,PBPF,cracker_scene1,30,old
396,1.7217957973480225,0.06908953009821434,PBPF,cracker_scene1,30,old
397,1.7260866165161133,0.06905344796251033,PBPF,cracker_scene1,30,old
398,1.7304394245147705,0.0699054444280657,PBPF,cracker_scene1,30,old
399,1.7347283363342285,0.0699054444280657,PBPF,cracker_scene1,30,old
400,1.7389798164367676,0.07042655922020617,PBPF,cracker_scene1,30,old
401,1.7432804107666016,0.07182624719622172,PBPF,cracker_scene1,30,old
402,1.74778413772583,0.07182624719622172,PBPF,cracker_scene1,30,old
403,1.751936912536621,0.07153594369583204,PBPF,cracker_scene1,30,old
404,1.7562553882598877,0.07153594369583204,PBPF,cracker_scene1,30,old
405,1.7606971263885498,0.07374449647984797,PBPF,cracker_scene1,30,old
406,1.7653167247772217,0.0660795298867269,PBPF,cracker_scene1,30,old
407,1.7699832916259766,0.06654182330290932,PBPF,cracker_scene1,30,old
408,1.77398681640625,0.06654182330290932,PBPF,cracker_scene1,30,old
409,1.7785265445709229,0.06776785403203801,PBPF,cracker_scene1,30,old
410,1.782623291015625,0.06776785403203801,PBPF,cracker_scene1,30,old
411,1.78725266456604,0.06815740246887862,PBPF,cracker_scene1,30,old
412,1.7911365032196045,0.06815740246887862,PBPF,cracker_scene1,30,old
413,1.7955193519592285,0.06868367794944917,PBPF,cracker_scene1,30,old
414,1.7994422912597656,0.06868367794944917,PBPF,cracker_scene1,30,old
415,1.8040192127227783,0.06961699262601566,PBPF,cracker_scene1,30,old
416,1.8081867694854736,0.06942300484411737,PBPF,cracker_scene1,30,old
417,1.812704086303711,0.06942300484411737,PBPF,cracker_scene1,30,old
418,1.8167288303375244,0.06942300484411737,PBPF,cracker_scene1,30,old
419,1.821199655532837,0.07131739303385717,PBPF,cracker_scene1,30,old
420,1.8254284858703613,0.07133385208422652,PBPF,cracker_scene1,30,old
421,1.8296868801116943,0.07133385208422652,PBPF,cracker_scene1,30,old
422,1.8339130878448486,0.07133385208422652,PBPF,cracker_scene1,30,old
423,1.8384077548980713,0.07214711854717504,PBPF,cracker_scene1,30,old
424,1.842759609222412,0.07304849938076095,PBPF,cracker_scene1,30,old
425,1.8472483158111572,0.07304849938076095,PBPF,cracker_scene1,30,old
426,1.851452112197876,0.07304849938076095,PBPF,cracker_scene1,30,old
427,1.8559820652008057,0.07530341796936908,PBPF,cracker_scene1,30,old
428,1.8602445125579834,0.07718323853922127,PBPF,cracker_scene1,30,old
429,1.8644158840179443,0.07718323853922127,PBPF,cracker_scene1,30,old
430,1.8688781261444092,0.07696094597005076,PBPF,cracker_scene1,30,old
431,1.872971534729004,0.07696094597005076,PBPF,cracker_scene1,30,old
432,1.8772270679473877,0.07672171829705696,PBPF,cracker_scene1,30,old
433,1.8815617561340332,0.07786999460593319,PBPF,cracker_scene1,30,old
434,1.8859093189239502,0.07813989685307698,PBPF,cracker_scene1,30,old
435,1.8899915218353271,0.07813989685307698,PBPF,cracker_scene1,30,old
436,1.8940939903259277,0.07937817622875774,PBPF,cracker_scene1,30,old
437,1.8981225490570068,0.07937817622875774,PBPF,cracker_scene1,30,old
438,1.9028639793395996,0.08079241716187234,PBPF,cracker_scene1,30,old
439,1.9072139263153076,0.08148530974162123,PBPF,cracker_scene1,30,old
440,1.9117164611816406,0.08379087964515486,PBPF,cracker_scene1,30,old
441,1.9158077239990234,0.08379087964515486,PBPF,cracker_scene1,30,old
442,1.9203786849975586,0.08532170792221618,PBPF,cracker_scene1,30,old
443,1.9246034622192383,0.08619229216772813,PBPF,cracker_scene1,30,old
444,1.92903470993042,0.09547823731422167,PBPF,cracker_scene1,30,old
445,1.9329466819763184,0.09547823731422167,PBPF,cracker_scene1,30,old
446,1.9372520446777344,0.09612953428831701,PBPF,cracker_scene1,30,old
447,1.9412596225738525,0.09612953428831701,PBPF,cracker_scene1,30,old
448,1.9455351829528809,0.09670154960372442,PBPF,cracker_scene1,30,old
449,1.9495463371276855,0.09670154960372442,PBPF,cracker_scene1,30,old
450,1.953765630722046,0.09767166021985124,PBPF,cracker_scene1,30,old
451,1.9578680992126465,0.09767166021985124,PBPF,cracker_scene1,30,old
452,1.9622023105621338,0.09973628765614957,PBPF,cracker_scene1,30,old
453,1.966259479522705,0.09973628765614957,PBPF,cracker_scene1,30,old
454,1.9706213474273682,0.10177766782987785,PBPF,cracker_scene1,30,old
455,1.9747977256774902,0.10177766782987785,PBPF,cracker_scene1,30,old
456,1.9790165424346924,0.10229448648384677,PBPF,cracker_scene1,30,old
457,1.9831764698028564,0.10227443994999434,PBPF,cracker_scene1,30,old
458,1.987147569656372,0.10227443994999434,PBPF,cracker_scene1,30,old
459,1.991154432296753,0.10227443994999434,PBPF,cracker_scene1,30,old
460,1.9958529472351074,0.10456057946791858,PBPF,cracker_scene1,30,old
461,1.9998397827148438,0.10456057946791858,PBPF,cracker_scene1,30,old
462,2.0038719177246094,0.10456057946791858,PBPF,cracker_scene1,30,old
463,2.0078699588775635,0.10456057946791858,PBPF,cracker_scene1,30,old
464,2.012296199798584,0.10798769592438903,PBPF,cracker_scene1,30,old
465,2.016408920288086,0.10798769592438903,PBPF,cracker_scene1,30,old
466,2.0208497047424316,0.10933368121753956,PBPF,cracker_scene1,30,old
467,2.024916172027588,0.10933368121753956,PBPF,cracker_scene1,30,old
468,2.0290708541870117,0.10984470292093856,PBPF,cracker_scene1,30,old
469,2.0331177711486816,0.10984470292093856,PBPF,cracker_scene1,30,old
470,2.0372564792633057,0.10984470292093856,PBPF,cracker_scene1,30,old
471,2.0413424968719482,0.10984470292093856,PBPF,cracker_scene1,30,old
472,2.0460872650146484,0.11233756463261702,PBPF,cracker_scene1,30,old
473,2.0500717163085938,0.11233756463261702,PBPF,cracker_scene1,30,old
474,2.0545339584350586,0.11103688374539256,PBPF,cracker_scene1,30,old
475,2.0589823722839355,0.11412317643587595,PBPF,cracker_scene1,30,old
476,2.0634026527404785,0.11409923584270439,PBPF,cracker_scene1,30,old
477,2.067467212677002,0.11409923584270439,PBPF,cracker_scene1,30,old
478,2.0719335079193115,0.11621393291425608,PBPF,cracker_scene1,30,old
479,2.0760252475738525,0.11621393291425608,PBPF,cracker_scene1,30,old
480,2.080458641052246,0.11755675849856648,PBPF,cracker_scene1,30,old
481,2.084995985031128,0.11802003498064312,PBPF,cracker_scene1,30,old
482,2.0897417068481445,0.10400258485718931,PBPF,cracker_scene1,30,old
483,2.094069480895996,0.10400258485718931,PBPF,cracker_scene1,30,old
484,2.098613739013672,0.10382727312424182,PBPF,cracker_scene1,30,old
485,2.10286808013916,0.10497515093469299,PBPF,cracker_scene1,30,old
486,2.1071197986602783,0.10615859324522518,PBPF,cracker_scene1,30,old
487,2.1113381385803223,0.10615859324522518,PBPF,cracker_scene1,30,old
488,2.115621328353882,0.10697318753438657,PBPF,cracker_scene1,30,old
489,2.11980938911438,0.10697318753438657,PBPF,cracker_scene1,30,old
490,2.123966693878174,0.10697318753438657,PBPF,cracker_scene1,30,old
491,2.1285958290100098,0.10827212070654434,PBPF,cracker_scene1,30,old
492,2.1328001022338867,0.1083040406252313,PBPF,cracker_scene1,30,old
493,2.1370046138763428,0.1083040406252313,PBPF,cracker_scene1,30,old
494,2.141291618347168,0.10964650986650827,PBPF,cracker_scene1,30,old
495,2.145758867263794,0.10964650986650827,PBPF,cracker_scene1,30,old
496,2.150117874145508,0.11110900489872022,PBPF,cracker_scene1,30,old
497,2.1547513008117676,0.11297221043712335,PBPF,cracker_scene1,30,old
498,2.1592557430267334,0.11297221043712335,PBPF,cracker_scene1,30,old
499,2.1635684967041016,0.11458053822281435,PBPF,cracker_scene1,30,old
500,2.1675755977630615,0.11458053822281435,PBPF,cracker_scene1,30,old
501,2.171804428100586,0.11458053822281435,PBPF,cracker_scene1,30,old
502,2.176179885864258,0.11517368729823642,PBPF,cracker_scene1,30,old
503,2.1803903579711914,0.11517368729823642,PBPF,cracker_scene1,30,old
504,2.184643268585205,0.11517368729823642,PBPF,cracker_scene1,30,old
505,2.1894633769989014,0.1178014923599293,PBPF,cracker_scene1,30,old
506,2.1936066150665283,0.1199975875538581,PBPF,cracker_scene1,30,old
507,2.197767734527588,0.1199975875538581,PBPF,cracker_scene1,30,old
508,2.2020959854125977,0.12136378464566323,PBPF,cracker_scene1,30,old
509,2.2064249515533447,0.12136378464566323,PBPF,cracker_scene1,30,old
510,2.2106144428253174,0.120222114905447,PBPF,cracker_scene1,30,old
511,2.2149295806884766,0.120222114905447,PBPF,cracker_scene1,30,old
512,2.2195351123809814,0.12115926737900784,PBPF,cracker_scene1,30,old
513,2.2238922119140625,0.12251674431509876,PBPF,cracker_scene1,30,old
514,2.2282321453094482,0.12446081893339696,PBPF,cracker_scene1,30,old
515,2.232640504837036,0.12531834395543553,PBPF,cracker_scene1,30,old
516,2.237165927886963,0.12531834395543553,PBPF,cracker_scene1,30,old
517,2.241691827774048,0.12771823960550474,PBPF,cracker_scene1,30,old
518,2.2461955547332764,0.12894972754895287,PBPF,cracker_scene1,30,old
519,2.250795841217041,0.12894972754895287,PBPF,cracker_scene1,30,old
520,2.255713939666748,0.11355265083412315,PBPF,cracker_scene1,30,old
521,2.2599260807037354,0.11446453843525406,PBPF,cracker_scene1,30,old
522,2.2638652324676514,0.11446453843525406,PBPF,cracker_scene1,30,old
523,2.268181800842285,0.11532197032400134,PBPF,cracker_scene1,30,old
524,2.2723236083984375,0.11532197032400134,PBPF,cracker_scene1,30,old
525,2.276499032974243,0.11591059071104585,PBPF,cracker_scene1,30,old
526,2.280609130859375,0.11591059071104585,PBPF,cracker_scene1,30,old
527,2.2850446701049805,0.11591059071104585,PBPF,cracker_scene1,30,old
528,2.289283514022827,0.11704953091421845,PBPF,cracker_scene1,30,old
529,2.293766498565674,0.11825957087310365,PBPF,cracker_scene1,30,old
530,2.297919511795044,0.11825957087310365,PBPF,cracker_scene1,30,old
531,2.302194595336914,0.12187305794756245,PBPF,cracker_scene1,30,old
532,2.3062903881073,0.12187305794756245,PBPF,cracker_scene1,30,old
533,2.310317039489746,0.12187305794756245,PBPF,cracker_scene1,30,old
534,2.3143675327301025,0.1255811000043678,PBPF,cracker_scene1,30,old
535,2.318429708480835,0.1255811000043678,PBPF,cracker_scene1,30,old
536,2.3225274085998535,0.1255811000043678,PBPF,cracker_scene1,30,old
537,2.3269078731536865,0.1256781563010026,PBPF,cracker_scene1,30,old
538,2.3311798572540283,0.12762451165868557,PBPF,cracker_scene1,30,old
539,2.3352363109588623,0.12762451165868557,PBPF,cracker_scene1,30,old
540,2.3395979404449463,0.12756035273515023,PBPF,cracker_scene1,30,old
541,2.3440022468566895,0.1305472325390414,PBPF,cracker_scene1,30,old
542,2.3482325077056885,0.1305472325390414,PBPF,cracker_scene1,30,old
543,2.3523683547973633,0.1305472325390414,PBPF,cracker_scene1,30,old
544,2.356741189956665,0.13052680277271822,PBPF,cracker_scene1,30,old
545,2.3611793518066406,0.1303654346718096,PBPF,cracker_scene1,30,old
546,2.3654918670654297,0.1303654346718096,PBPF,cracker_scene1,30,old
547,2.3697242736816406,0.13130046379007212,PBPF,cracker_scene1,30,old
548,2.373824119567871,0.13130046379007212,PBPF,cracker_scene1,30,old
549,2.3779711723327637,0.1307089635549597,PBPF,cracker_scene1,30,old
550,2.382122278213501,0.1307089635549597,PBPF,cracker_scene1,30,old
551,2.386781692504883,0.13203015710577254,PBPF,cracker_scene1,30,old
552,2.3909828662872314,0.13203015710577254,PBPF,cracker_scene1,30,old
553,2.3954074382781982,0.13508646485292009,PBPF,cracker_scene1,30,old
554,2.3995494842529297,0.13508646485292009,PBPF,cracker_scene1,30,old
555,2.4038889408111572,0.13719531858596623,PBPF,cracker_scene1,30,old
556,2.408438205718994,0.14194314264806723,PBPF,cracker_scene1,30,old
557,2.4129934310913086,0.14194314264806723,PBPF,cracker_scene1,30,old
558,2.4170260429382324,0.14285708480825365,PBPF,cracker_scene1,30,old
559,2.4214491844177246,0.14174814802456281,PBPF,cracker_scene1,30,old
560,2.425745964050293,0.14385270113446572,PBPF,cracker_scene1,30,old
561,2.4299983978271484,0.14385270113446572,PBPF,cracker_scene1,30,old
562,2.4340178966522217,0.14385270113446572,PBPF,cracker_scene1,30,old
563,2.4385383129119873,0.15087088554204534,PBPF,cracker_scene1,30,old
564,2.442790985107422,0.14508639568347703,PBPF,cracker_scene1,30,old
565,2.4472203254699707,0.14508639568347703,PBPF,cracker_scene1,30,old
566,2.4512288570404053,0.14508639568347703,PBPF,cracker_scene1,30,old
567,2.455645799636841,0.1458946151129847,PBPF,cracker_scene1,30,old
568,2.4597551822662354,0.14701414819391398,PBPF,cracker_scene1,30,old
569,2.463803291320801,0.15007480676467083,PBPF,cracker_scene1,30,old
570,2.4680631160736084,0.15007480676467083,PBPF,cracker_scene1,30,old
571,2.472355604171753,0.15364859332038922,PBPF,cracker_scene1,30,old
572,2.476696014404297,0.15364859332038922,PBPF,cracker_scene1,30,old
573,2.480957269668579,0.15364859332038922,PBPF,cracker_scene1,30,old
574,2.485546827316284,0.16155973436021714,PBPF,cracker_scene1,30,old
575,2.489744186401367,0.16155973436021714,PBPF,cracker_scene1,30,old
576,2.4942402839660645,0.16126953710860814,PBPF,cracker_scene1,30,old
577,2.498591661453247,0.16263888345397376,PBPF,cracker_scene1,30,old
578,2.502455949783325,0.16263888345397376,PBPF,cracker_scene1,30,old
579,2.5067036151885986,0.16256563272477306,PBPF,cracker_scene1,30,old
580,2.5110442638397217,0.16347357377150118,PBPF,cracker_scene1,30,old
581,2.515049934387207,0.16347357377150118,PBPF,cracker_scene1,30,old
582,2.519341230392456,0.16454603967831596,PBPF,cracker_scene1,30,old
583,2.523682117462158,0.16114907017453325,PBPF,cracker_scene1,30,old
584,2.5288753509521484,0.16201139582924284,PBPF,cracker_scene1,30,old
585,2.532970428466797,0.16201139582924284,PBPF,cracker_scene1,30,old
586,2.5372750759124756,0.16922325866866106,PBPF,cracker_scene1,30,old
587,2.541311502456665,0.16922325866866106,PBPF,cracker_scene1,30,old
588,2.5456507205963135,0.16951839557200493,PBPF,cracker_scene1,30,old
589,2.5496826171875,0.16951839557200493,PBPF,cracker_scene1,30,old
590,2.5538251399993896,0.16951839557200493,PBPF,cracker_scene1,30,old
591,2.5583715438842773,0.17146169590132185,PBPF,cracker_scene1,30,old
592,2.562377691268921,0.17146169590132185,PBPF,cracker_scene1,30,old
593,2.5667290687561035,0.1729872940328991,PBPF,cracker_scene1,30,old
594,2.570605993270874,0.1729872940328991,PBPF,cracker_scene1,30,old
595,2.5752639770507812,0.15537390023270645,PBPF,cracker_scene1,30,old
596,2.579557180404663,0.16645728214354627,PBPF,cracker_scene1,30,old
597,2.583711862564087,0.16645728214354627,PBPF,cracker_scene1,30,old
598,2.587799549102783,0.16645728214354627,PBPF,cracker_scene1,30,old
599,2.59205961227417,0.16794361668600818,PBPF,cracker_scene1,30,old
600,2.596388816833496,0.16677935112331801,PBPF,cracker_scene1,30,old
601,2.600493907928467,0.16808948811111837,PBPF,cracker_scene1,30,old
602,2.6045444011688232,0.16808948811111837,PBPF,cracker_scene1,30,old
603,2.6090915203094482,0.17028535705793485,PBPF,cracker_scene1,30,old
604,2.6131553649902344,0.17028535705793485,PBPF,cracker_scene1,30,old
605,2.61751651763916,0.16408456342444055,PBPF,cracker_scene1,30,old
606,2.6216444969177246,0.1640976020341937,PBPF,cracker_scene1,30,old
607,2.6257238388061523,0.1640976020341937,PBPF,cracker_scene1,30,old
608,2.630000114440918,0.1640976020341937,PBPF,cracker_scene1,30,old
609,2.634890079498291,0.17810365208659576,PBPF,cracker_scene1,30,old
610,2.6396114826202393,0.17958245229437003,PBPF,cracker_scene1,30,old
611,2.6442580223083496,0.17415872162507648,PBPF,cracker_scene1,30,old
612,2.6483006477355957,0.17415872162507648,PBPF,cracker_scene1,30,old
613,2.652583122253418,0.17688966335873968,PBPF,cracker_scene1,30,old
614,2.656639814376831,0.17688966335873968,PBPF,cracker_scene1,30,old
615,2.6608331203460693,0.17813179373339885,PBPF,cracker_scene1,30,old
616,2.665149450302124,0.17813179373339885,PBPF,cracker_scene1,30,old
617,2.669654130935669,0.18727121220951354,PBPF,cracker_scene1,30,old
618,2.673652172088623,0.18727121220951354,PBPF,cracker_scene1,30,old
619,2.6778266429901123,0.18674450009012086,PBPF,cracker_scene1,30,old
620,2.682222604751587,0.18087578532905996,PBPF,cracker_scene1,30,old
621,2.6866073608398438,0.18333158486670753,PBPF,cracker_scene1,30,old
622,2.69087815284729,0.18333158486670753,PBPF,cracker_scene1,30,old
623,2.6956019401550293,0.18498143736681233,PBPF,cracker_scene1,30,old
624,2.7001101970672607,0.18498143736681233,PBPF,cracker_scene1,30,old
625,2.7045228481292725,0.18743066280093876,PBPF,cracker_scene1,30,old
626,2.708724021911621,0.1874188586428266,PBPF,cracker_scene1,30,old
627,2.7130038738250732,0.190000822435275,PBPF,cracker_scene1,30,old
628,2.71712589263916,0.190000822435275,PBPF,cracker_scene1,30,old
629,2.7212140560150146,0.190000822435275,PBPF,cracker_scene1,30,old
630,2.725611925125122,0.1930353522703157,PBPF,cracker_scene1,30,old
631,2.7301888465881348,0.1924305672823786,PBPF,cracker_scene1,30,old
632,2.7350239753723145,0.1812746942470498,PBPF,cracker_scene1,30,old
633,2.7393851280212402,0.1812746942470498,PBPF,cracker_scene1,30,old
634,2.7441046237945557,0.18388146506943098,PBPF,cracker_scene1,30,old
635,2.748195171356201,0.18388146506943098,PBPF,cracker_scene1,30,old
636,2.7524924278259277,0.18526044017625992,PBPF,cracker_scene1,30,old
637,2.756437301635742,0.18526044017625992,PBPF,cracker_scene1,30,old
638,2.7608489990234375,0.18826057089279344,PBPF,cracker_scene1,30,old
639,2.7648868560791016,0.18826057089279344,PBPF,cracker_scene1,30,old
640,2.7692267894744873,0.19003819104980005,PBPF,cracker_scene1,30,old
641,2.7733631134033203,0.19003819104980005,PBPF,cracker_scene1,30,old
642,2.7779250144958496,0.1921283482289651,PBPF,cracker_scene1,30,old
643,2.781977891921997,0.1921283482289651,PBPF,cracker_scene1,30,old
644,2.7865233421325684,0.19386256557317746,PBPF,cracker_scene1,30,old
645,2.790893793106079,0.19386256557317746,PBPF,cracker_scene1,30,old
646,2.7954680919647217,0.19640915794382918,PBPF,cracker_scene1,30,old
647,2.799713134765625,0.19640915794382918,PBPF,cracker_scene1,30,old
648,2.8039398193359375,0.19827743949628798,PBPF,cracker_scene1,30,old
649,2.808359384536743,0.19833709120550516,PBPF,cracker_scene1,30,old
650,2.813025951385498,0.20381009223227853,PBPF,cracker_scene1,30,old
651,2.8171439170837402,0.20381009223227853,PBPF,cracker_scene1,30,old
652,2.8216135501861572,0.20584798188716139,PBPF,cracker_scene1,30,old
653,2.8258304595947266,0.20794148501524842,PBPF,cracker_scene1,30,old
654,2.830004930496216,0.20794148501524842,PBPF,cracker_scene1,30,old
655,2.8343377113342285,0.2085465675589036,PBPF,cracker_scene1,30,old
656,2.838541030883789,0.2085465675589036,PBPF,cracker_scene1,30,old
657,2.8432178497314453,0.21139339517293917,PBPF,cracker_scene1,30,old
658,2.8471384048461914,0.21139339517293917,PBPF,cracker_scene1,30,old
659,2.8515148162841797,0.21139339517293917,PBPF,cracker_scene1,30,old
660,2.855874538421631,0.21381600083590607,PBPF,cracker_scene1,30,old
661,2.860215902328491,0.2121073197145858,PBPF,cracker_scene1,30,old
662,2.864475727081299,0.2121073197145858,PBPF,cracker_scene1,30,old
663,2.8688409328460693,0.2136512596827717,PBPF,cracker_scene1,30,old
664,2.8730175495147705,0.2136512596827717,PBPF,cracker_scene1,30,old
665,2.877418279647827,0.2143066042656685,PBPF,cracker_scene1,30,old
666,2.881807327270508,0.2143066042656685,PBPF,cracker_scene1,30,old
667,2.886423110961914,0.2154130615615119,PBPF,cracker_scene1,30,old
668,2.890717029571533,0.2177291110265444,PBPF,cracker_scene1,30,old
669,2.895179033279419,0.21936853197558112,PBPF,cracker_scene1,30,old
670,2.899509906768799,0.20044966299091288,PBPF,cracker_scene1,30,old
671,2.9041144847869873,0.2013893204991107,PBPF,cracker_scene1,30,old
672,2.908367872238159,0.2024815275662941,PBPF,cracker_scene1,30,old
673,2.913094997406006,0.20381117278333094,PBPF,cracker_scene1,30,old
674,2.9173741340637207,0.20538864899234646,PBPF,cracker_scene1,30,old
675,2.921596050262451,0.20538864899234646,PBPF,cracker_scene1,30,old
676,2.9257524013519287,0.20538896619852634,PBPF,cracker_scene1,30,old
677,2.9300804138183594,0.20790841439248114,PBPF,cracker_scene1,30,old
678,2.934206008911133,0.2092902149526125,PBPF,cracker_scene1,30,old
679,2.938570022583008,0.2092902149526125,PBPF,cracker_scene1,30,old
680,2.9428160190582275,0.20922485159299284,PBPF,cracker_scene1,30,old
681,2.9469950199127197,0.20922485159299284,PBPF,cracker_scene1,30,old
682,2.9511473178863525,0.20922485159299284,PBPF,cracker_scene1,30,old
683,2.955500841140747,0.21180543092191062,PBPF,cracker_scene1,30,old
684,2.9598584175109863,0.21067713410849165,PBPF,cracker_scene1,30,old
685,2.9641120433807373,0.21234135758106323,PBPF,cracker_scene1,30,old
686,2.968411445617676,0.2141744118224288,PBPF,cracker_scene1,30,old
687,2.9724953174591064,0.2141744118224288,PBPF,cracker_scene1,30,old
688,2.9771058559417725,0.21587117694256466,PBPF,cracker_scene1,30,old
689,2.9812393188476562,0.2158220338023572,PBPF,cracker_scene1,30,old
690,2.9855594635009766,0.2174288843251011,PBPF,cracker_scene1,30,old
691,2.9895784854888916,0.2174288843251011,PBPF,cracker_scene1,30,old
692,2.993709087371826,0.21891715191994282,PBPF,cracker_scene1,30,old
693,2.997875928878784,0.2183049371111753,PBPF,cracker_scene1,30,old
694,3.003662109375,0.2189321927227052,PBPF,cracker_scene1,30,old
695,3.0084404945373535,0.2189321927227052,PBPF,cracker_scene1,30,old
696,3.013209581375122,0.22129933057201517,PBPF,cracker_scene1,30,old
697,3.0173487663269043,0.22129933057201517,PBPF,cracker_scene1,30,old
698,3.0218605995178223,0.2223615934306008,PBPF,cracker_scene1,30,old
699,3.0261659622192383,0.22337115927533321,PBPF,cracker_scene1,30,old
700,3.0303168296813965,0.22337115927533321,PBPF,cracker_scene1,30,old
701,3.0348386764526367,0.22337115927533321,PBPF,cracker_scene1,30,old
702,3.0391128063201904,0.2245005303467985,PBPF,cracker_scene1,30,old
703,3.043445348739624,0.22340874298889538,PBPF,cracker_scene1,30,old
704,3.0477917194366455,0.22340874298889538,PBPF,cracker_scene1,30,old
705,3.053138256072998,0.22639027239373774,PBPF,cracker_scene1,30,old
706,3.057295322418213,0.22639027239373774,PBPF,cracker_scene1,30,old
707,3.061965227127075,0.19662580219027034,PBPF,cracker_scene1,30,old
708,3.066162109375,0.19662580219027034,PBPF,cracker_scene1,30,old
709,3.070418357849121,0.197343355115889,PBPF,cracker_scene1,30,old
710,3.074592113494873,0.197343355115889,PBPF,cracker_scene1,30,old
711,3.0789334774017334,0.1969216580069997,PBPF,cracker_scene1,30,old
712,3.0831189155578613,0.1969216580069997,PBPF,cracker_scene1,30,old
713,3.0873727798461914,0.1976373476592513,PBPF,cracker_scene1,30,old
714,3.09140682220459,0.1976373476592513,PBPF,cracker_scene1,30,old
715,3.0957467555999756,0.19909738781571845,PBPF,cracker_scene1,30,old
716,3.0998685359954834,0.1991690985331913,PBPF,cracker_scene1,30,old
717,3.104184865951538,0.19946825362416035,PBPF,cracker_scene1,30,old
718,3.108516216278076,0.19946825362416035,PBPF,cracker_scene1,30,old
719,3.112924098968506,0.1996384126869703,PBPF,cracker_scene1,30,old
720,3.116882085800171,0.1996384126869703,PBPF,cracker_scene1,30,old
721,3.1213669776916504,0.19837939430819118,PBPF,cracker_scene1,30,old
722,3.1257636547088623,0.19879041006631357,PBPF,cracker_scene1,30,old
723,3.130063772201538,0.19900167100468488,PBPF,cracker_scene1,30,old
724,3.134120225906372,0.19956193408338269,PBPF,cracker_scene1,30,old
725,3.138232946395874,0.19956193408338269,PBPF,cracker_scene1,30,old
726,3.142371654510498,0.1995848702558634,PBPF,cracker_scene1,30,old
727,3.146437644958496,0.19994219924434145,PBPF,cracker_scene1,30,old
728,3.1511213779449463,0.1998915625169882,PBPF,cracker_scene1,30,old
729,3.1554629802703857,0.1983576459586468,PBPF,cracker_scene1,30,old
730,3.160360813140869,0.19962020008902373,PBPF,cracker_scene1,30,old
731,3.1659417152404785,0.19989780190582945,PBPF,cracker_scene1,30,old
732,3.1704299449920654,0.20188854097100484,PBPF,cracker_scene1,30,old
733,3.1743760108947754,0.20188854097100484,PBPF,cracker_scene1,30,old
734,3.1787455081939697,0.20198375330128351,PBPF,cracker_scene1,30,old
735,3.1828794479370117,0.20199867924613413,PBPF,cracker_scene1,30,old
736,3.1870930194854736,0.2022644310478458,PBPF,cracker_scene1,30,old
737,3.1910407543182373,0.2022644310478458,PBPF,cracker_scene1,30,old
738,3.195425033569336,0.2022489473772488,PBPF,cracker_scene1,30,old
739,3.199434995651245,0.2022489473772488,PBPF,cracker_scene1,30,old
740,3.2037696838378906,0.20190662065931098,PBPF,cracker_scene1,30,old
741,3.2076497077941895,0.20190662065931098,PBPF,cracker_scene1,30,old
742,3.211963653564453,0.20201978229877215,PBPF,cracker_scene1,30,old
743,3.216139554977417,0.20201978229877215,PBPF,cracker_scene1,30,old
744,3.2204744815826416,0.2019839928531317,PBPF,cracker_scene1,30,old
745,3.2246975898742676,0.2019839928531317,PBPF,cracker_scene1,30,old
746,3.2289860248565674,0.20198907145774486,PBPF,cracker_scene1,30,old
747,3.232900857925415,0.20198907145774486,PBPF,cracker_scene1,30,old
748,3.237165927886963,0.20229749653127835,PBPF,cracker_scene1,30,old
749,3.241107702255249,0.20229749653127835,PBPF,cracker_scene1,30,old
750,3.2455499172210693,0.20173000329339755,PBPF,cracker_scene1,30,old
751,3.249868869781494,0.20243929240450786,PBPF,cracker_scene1,30,old
752,3.2541842460632324,0.20233672512860523,PBPF,cracker_scene1,30,old
753,3.2583508491516113,0.20233672512860523,PBPF,cracker_scene1,30,old
754,3.2626497745513916,0.20234529287858352,PBPF,cracker_scene1,30,old
755,3.266627311706543,0.20234529287858352,PBPF,cracker_scene1,30,old
756,3.2708773612976074,0.20223114011826798,PBPF,cracker_scene1,30,old
757,3.2749955654144287,0.20223114011826798,PBPF,cracker_scene1,30,old
758,3.279541015625,0.20233138310414095,PBPF,cracker_scene1,30,old
759,3.2835288047790527,0.20233138310414095,PBPF,cracker_scene1,30,old
760,3.287938356399536,0.2011206441272526,PBPF,cracker_scene1,30,old
761,3.2921695709228516,0.2011206441272526,PBPF,cracker_scene1,30,old
762,3.296718120574951,0.20079611162505157,PBPF,cracker_scene1,30,old
763,3.301175355911255,0.20079611162505157,PBPF,cracker_scene1,30,old
764,3.3054120540618896,0.20073058022655607,PBPF,cracker_scene1,30,old
765,3.3094820976257324,0.20073058022655607,PBPF,cracker_scene1,30,old
766,3.313959836959839,0.20103637873860505,PBPF,cracker_scene1,30,old
767,3.3179895877838135,0.20103637873860505,PBPF,cracker_scene1,30,old
768,3.3222603797912598,0.20103637873860505,PBPF,cracker_scene1,30,old
769,3.3265328407287598,0.20076060316127162,PBPF,cracker_scene1,30,old
770,3.330996036529541,0.20226976949055028,PBPF,cracker_scene1,30,old
771,3.335131883621216,0.20226976949055028,PBPF,cracker_scene1,30,old
772,3.339395523071289,0.20107539803587346,PBPF,cracker_scene1,30,old
773,3.3438687324523926,0.20107539803587346,PBPF,cracker_scene1,30,old
774,3.3479557037353516,0.20122565483375454,PBPF,cracker_scene1,30,old
775,3.3521320819854736,0.20122565483375454,PBPF,cracker_scene1,30,old
776,3.356449842453003,0.20104941586719796,PBPF,cracker_scene1,30,old
777,3.36063814163208,0.20104941586719796,PBPF,cracker_scene1,30,old
778,3.364799737930298,0.2019241152794115,PBPF,cracker_scene1,30,old
779,3.3689630031585693,0.2019241152794115,PBPF,cracker_scene1,30,old
780,3.3730242252349854,0.2019241152794115,PBPF,cracker_scene1,30,old
781,3.377383232116699,0.2019894463903951,PBPF,cracker_scene1,30,old
782,3.3819210529327393,0.20074213263867158,PBPF,cracker_scene1,30,old
783,3.3860840797424316,0.20074213263867158,PBPF,cracker_scene1,30,old
784,3.390275001525879,0.20073595310396178,PBPF,cracker_scene1,30,old
785,3.394353151321411,0.20073595310396178,PBPF,cracker_scene1,30,old
786,3.3986756801605225,0.20073595310396178,PBPF,cracker_scene1,30,old
787,3.4030652046203613,0.20073595310396178,PBPF,cracker_scene1,30,old
788,3.407292366027832,0.20086177823351203,PBPF,cracker_scene1,30,old
789,3.4116101264953613,0.2011198889903461,PBPF,cracker_scene1,30,old
790,3.4158685207366943,0.202327892897921,PBPF,cracker_scene1,30,old
791,3.4199109077453613,0.2018668170617366,PBPF,cracker_scene1,30,old
792,3.423994302749634,0.2018668170617366,PBPF,cracker_scene1,30,old
793,3.4284753799438477,0.20232885023719702,PBPF,cracker_scene1,30,old
794,3.4329774379730225,0.2022223318876347,PBPF,cracker_scene1,30,old
795,3.437323570251465,0.2022522175492846,PBPF,cracker_scene1,30,old
796,3.441739320755005,0.20222361663198943,PBPF,cracker_scene1,30,old
797,3.4462499618530273,0.20229535262365606,PBPF,cracker_scene1,30,old
798,3.450512170791626,0.20229535262365606,PBPF,cracker_scene1,30,old
799,3.4547054767608643,0.20195849470743607,PBPF,cracker_scene1,30,old
800,3.4588096141815186,0.2022845179885125,PBPF,cracker_scene1,30,old
801,3.4631175994873047,0.20224253949254872,PBPF,cracker_scene1,30,old
802,3.467163324356079,0.2006945109187341,PBPF,cracker_scene1,30,old
803,3.471867799758911,0.2006945109187341,PBPF,cracker_scene1,30,old
804,3.477527141571045,0.20073922934968025,PBPF,cracker_scene1,30,old
805,3.481687307357788,0.2006095794056016,PBPF,cracker_scene1,30,old
806,3.4862914085388184,0.20164008333379263,PBPF,cracker_scene1,30,old
807,3.4904468059539795,0.20164008333379263,PBPF,cracker_scene1,30,old
808,3.494699239730835,0.20226171780174468,PBPF,cracker_scene1,30,old
809,3.4988112449645996,0.20226171780174468,PBPF,cracker_scene1,30,old
810,3.5031917095184326,0.2010172385272003,PBPF,cracker_scene1,30,old
811,3.507138729095459,0.2010172385272003,PBPF,cracker_scene1,30,old
812,3.5116114616394043,0.20159706023683552,PBPF,cracker_scene1,30,old
813,3.515800714492798,0.20159706023683552,PBPF,cracker_scene1,30,old
814,3.5202152729034424,0.20229688893858297,PBPF,cracker_scene1,30,old
815,3.524301767349243,0.20229688893858297,PBPF,cracker_scene1,30,old
816,3.528524398803711,0.2023422107244835,PBPF,cracker_scene1,30,old
817,3.5327839851379395,0.2023422107244835,PBPF,cracker_scene1,30,old
818,3.5372259616851807,0.20228540042772816,PBPF,cracker_scene1,30,old
819,3.5412275791168213,0.20228540042772816,PBPF,cracker_scene1,30,old
820,3.5456409454345703,0.2022818657407933,PBPF,cracker_scene1,30,old
821,3.5498132705688477,0.2010395323318073,PBPF,cracker_scene1,30,old
822,3.5542385578155518,0.20100494254204776,PBPF,cracker_scene1,30,old
823,3.558548927307129,0.20194130063707091,PBPF,cracker_scene1,30,old
824,3.562863826751709,0.20194130063707091,PBPF,cracker_scene1,30,old
825,3.5669238567352295,0.20196792391159124,PBPF,cracker_scene1,30,old
826,3.571141481399536,0.20188277672339516,PBPF,cracker_scene1,30,old
827,3.5752291679382324,0.20188277672339516,PBPF,cracker_scene1,30,old
828,3.5795953273773193,0.20196150725167475,PBPF,cracker_scene1,30,old
829,3.5838277339935303,0.20196150725167475,PBPF,cracker_scene1,30,old
830,3.5882105827331543,0.20230983732329674,PBPF,cracker_scene1,30,old
831,3.5924432277679443,0.20229989491273717,PBPF,cracker_scene1,30,old
832,3.596644639968872,0.20225923395289727,PBPF,cracker_scene1,30,old
833,3.6006863117218018,0.20226406601672536,PBPF,cracker_scene1,30,old
834,3.6049344539642334,0.20246794369779098,PBPF,cracker_scene1,30,old
835,3.609109878540039,0.2024625579019654,PBPF,cracker_scene1,30,old
836,3.613574981689453,0.20304341819002764,PBPF,cracker_scene1,30,old
837,3.617907762527466,0.20215018079336944,PBPF,cracker_scene1,30,old
838,3.6221587657928467,0.20215018079336944,PBPF,cracker_scene1,30,old
839,3.6262574195861816,0.20317146981746068,PBPF,cracker_scene1,30,old
840,3.6304543018341064,0.20317146981746068,PBPF,cracker_scene1,30,old
841,3.6360228061676025,0.20438785713544327,PBPF,cracker_scene1,30,old
842,3.640126943588257,0.20438785713544327,PBPF,cracker_scene1,30,old
843,3.6447908878326416,0.2054439115869946,PBPF,cracker_scene1,30,old
844,3.6488802433013916,0.2054439115869946,PBPF,cracker_scene1,30,old
845,3.653336524963379,0.2058785934932944,PBPF,cracker_scene1,30,old
846,3.657313108444214,0.2058785934932944,PBPF,cracker_scene1,30,old
847,3.6614835262298584,0.20640253806571615,PBPF,cracker_scene1,30,old
848,3.6655731201171875,0.20640253806571615,PBPF,cracker_scene1,30,old
849,3.669536828994751,0.20640253806571615,PBPF,cracker_scene1,30,old
850,3.6740317344665527,0.2071137549254447,PBPF,cracker_scene1,30,old
851,3.6783525943756104,0.2071137549254447,PBPF,cracker_scene1,30,old
852,3.6825942993164062,0.2065250040368655,PBPF,cracker_scene1,30,old
853,3.686789035797119,0.2065250040368655,PBPF,cracker_scene1,30,old
854,3.692345142364502,0.20868617253600374,PBPF,cracker_scene1,30,old
855,3.6984169483184814,0.16302947802413584,PBPF,cracker_scene1,30,old
856,3.702530860900879,0.16302947802413584,PBPF,cracker_scene1,30,old
857,3.706935405731201,0.16278847764159754,PBPF,cracker_scene1,30,old
858,3.711005210876465,0.16278847764159754,PBPF,cracker_scene1,30,old
859,3.7152440547943115,0.16276973804907724,PBPF,cracker_scene1,30,old
860,3.719356060028076,0.16336775786248506,PBPF,cracker_scene1,30,old
861,3.723996639251709,0.16547874098651452,PBPF,cracker_scene1,30,old
862,3.7283377647399902,0.16547874098651452,PBPF,cracker_scene1,30,old
863,3.732496976852417,0.16547874098651452,PBPF,cracker_scene1,30,old
864,3.737215518951416,0.16511618681114268,PBPF,cracker_scene1,30,old
865,3.741445779800415,0.16631604751044762,PBPF,cracker_scene1,30,old
866,3.745760440826416,0.16631604751044762,PBPF,cracker_scene1,30,old
867,3.7497358322143555,0.16631604751044762,PBPF,cracker_scene1,30,old
868,3.7544569969177246,0.16859141512054115,PBPF,cracker_scene1,30,old
869,3.7587080001831055,0.16859141512054115,PBPF,cracker_scene1,30,old
870,3.763185739517212,0.17004727947884846,PBPF,cracker_scene1,30,old
871,3.767409324645996,0.17004727947884846,PBPF,cracker_scene1,30,old
872,3.7719805240631104,0.17162275480189831,PBPF,cracker_scene1,30,old
873,3.776437759399414,0.17162275480189831,PBPF,cracker_scene1,30,old
874,3.780674457550049,0.17278744003635027,PBPF,cracker_scene1,30,old
875,3.784738063812256,0.17278744003635027,PBPF,cracker_scene1,30,old
876,3.7891364097595215,0.1728225262131889,PBPF,cracker_scene1,30,old
877,3.793442964553833,0.17449709541479436,PBPF,cracker_scene1,30,old
878,3.7980904579162598,0.17581007304462212,PBPF,cracker_scene1,30,old
879,3.8022403717041016,0.17581007304462212,PBPF,cracker_scene1,30,old
880,3.806662082672119,0.17780774515955744,PBPF,cracker_scene1,30,old
881,3.811089515686035,0.17780774515955744,PBPF,cracker_scene1,30,old
882,3.8153116703033447,0.17780774515955744,PBPF,cracker_scene1,30,old
883,3.81950306892395,0.1766185315711902,PBPF,cracker_scene1,30,old
884,3.82419753074646,0.17769274082334785,PBPF,cracker_scene1,30,old
885,3.8291127681732178,0.17924804912452993,PBPF,cracker_scene1,30,old
886,3.8339040279388428,0.18389551123148057,PBPF,cracker_scene1,30,old
887,3.8388216495513916,0.18543323994449443,PBPF,cracker_scene1,30,old
888,3.843348264694214,0.1858608166664887,PBPF,cracker_scene1,30,old
889,3.8481197357177734,0.1858608166664887,PBPF,cracker_scene1,30,old
890,3.8531789779663086,0.14529157058629816,PBPF,cracker_scene1,30,old
891,3.857527732849121,0.14529157058629816,PBPF,cracker_scene1,30,old
892,3.862128734588623,0.14470743493327565,PBPF,cracker_scene1,30,old
893,3.866483688354492,0.14470743493327565,PBPF,cracker_scene1,30,old
894,3.87142276763916,0.14785656309525103,PBPF,cracker_scene1,30,old
895,3.8762340545654297,0.14851933598729364,PBPF,cracker_scene1,30,old
896,3.8807644844055176,0.14851933598729364,PBPF,cracker_scene1,30,old
897,3.885366439819336,0.15158696122691603,PBPF,cracker_scene1,30,old
898,3.889963150024414,0.15158696122691603,PBPF,cracker_scene1,30,old
899,3.8945417404174805,0.15155514732197817,PBPF,cracker_scene1,30,old
900,3.899188756942749,0.15342931108174457,PBPF,cracker_scene1,30,old
901,3.903848171234131,0.15493315709139704,PBPF,cracker_scene1,30,old
902,3.9083902835845947,0.15495044210960415,PBPF,cracker_scene1,30,old
903,3.9134724140167236,0.15632791317634107,PBPF,cracker_scene1,30,old
904,3.918320417404175,0.159351926155152,PBPF,cracker_scene1,30,old
905,3.923002004623413,0.159351926155152,PBPF,cracker_scene1,30,old
906,3.927887201309204,0.16058156394687073,PBPF,cracker_scene1,30,old
907,3.932138204574585,0.16058156394687073,PBPF,cracker_scene1,30,old
908,3.936764717102051,0.16207531145727422,PBPF,cracker_scene1,30,old
909,3.9412012100219727,0.16207531145727422,PBPF,cracker_scene1,30,old
910,3.9468889236450195,0.16250162089887554,PBPF,cracker_scene1,30,old
911,3.9538755416870117,0.1645625192207628,PBPF,cracker_scene1,30,old
912,3.9591548442840576,0.1678745192440358,PBPF,cracker_scene1,30,old
913,3.9641246795654297,0.1678745192440358,PBPF,cracker_scene1,30,old
914,3.9688515663146973,0.169480312753505,PBPF,cracker_scene1,30,old
915,3.9740540981292725,0.17060712322619692,PBPF,cracker_scene1,30,old
916,3.9790866374969482,0.1719241644931317,PBPF,cracker_scene1,30,old
917,3.9838128089904785,0.17396974156600556,PBPF,cracker_scene1,30,old
918,3.9885358810424805,0.17396974156600556,PBPF,cracker_scene1,30,old
919,3.993441581726074,0.1762958739541733,PBPF,cracker_scene1,30,old
920,3.9980366230010986,0.1762958739541733,PBPF,cracker_scene1,30,old
921,4.002723693847656,0.1763507126854979,PBPF,cracker_scene1,30,old
922,4.0075623989105225,0.17888916802976157,PBPF,cracker_scene1,30,old
923,4.012333154678345,0.17451157590419683,PBPF,cracker_scene1,30,old
924,4.016438007354736,0.17451157590419683,PBPF,cracker_scene1,30,old
925,4.020668983459473,0.1760823155376411,PBPF,cracker_scene1,30,old
926,4.025057554244995,0.1783939674386037,PBPF,cracker_scene1,30,old
927,4.029316425323486,0.1783939674386037,PBPF,cracker_scene1,30,old
928,4.033341407775879,0.17833147439313593,PBPF,cracker_scene1,30,old
929,4.037674188613892,0.18086499281459176,PBPF,cracker_scene1,30,old
930,4.042109727859497,0.182681267661667,PBPF,cracker_scene1,30,old
931,4.0464184284210205,0.18282148187407893,PBPF,cracker_scene1,30,old
932,4.050414800643921,0.18282148187407893,PBPF,cracker_scene1,30,old
933,4.0548319816589355,0.18522942522522415,PBPF,cracker_scene1,30,old
934,4.059030771255493,0.18744212446034772,PBPF,cracker_scene1,30,old
935,4.063082933425903,0.18744212446034772,PBPF,cracker_scene1,30,old
936,4.067384243011475,0.19006557881971173,PBPF,cracker_scene1,30,old
937,4.071640491485596,0.18955247106131395,PBPF,cracker_scene1,30,old
938,4.076069116592407,0.19273768414737566,PBPF,cracker_scene1,30,old
939,4.080614805221558,0.19273768414737566,PBPF,cracker_scene1,30,old
940,4.0853424072265625,0.19437285425921777,PBPF,cracker_scene1,30,old
941,4.089674949645996,0.19437285425921777,PBPF,cracker_scene1,30,old
942,4.094557046890259,0.1964082265646819,PBPF,cracker_scene1,30,old
943,4.098968029022217,0.1964082265646819,PBPF,cracker_scene1,30,old
944,4.103893041610718,0.19855064200734932,PBPF,cracker_scene1,30,old
945,4.1084229946136475,0.19855064200734932,PBPF,cracker_scene1,30,old
946,4.113377332687378,0.20126595976292716,PBPF,cracker_scene1,30,old
947,4.118290662765503,0.20396633530699562,PBPF,cracker_scene1,30,old
948,4.122937917709351,0.2033846424862739,PBPF,cracker_scene1,30,old
949,4.127617120742798,0.2033846424862739,PBPF,cracker_scene1,30,old
950,4.131918430328369,0.20544209087525514,PBPF,cracker_scene1,30,old
951,4.136455774307251,0.20731947002426115,PBPF,cracker_scene1,30,old
952,4.1405980587005615,0.20731947002426115,PBPF,cracker_scene1,30,old
953,4.145176410675049,0.20896991507640433,PBPF,cracker_scene1,30,old
954,4.149079084396362,0.20896991507640433,PBPF,cracker_scene1,30,old
955,4.153425693511963,0.21209324900728857,PBPF,cracker_scene1,30,old
956,4.157688617706299,0.21209324900728857,PBPF,cracker_scene1,30,old
957,4.162126064300537,0.21322901389093343,PBPF,cracker_scene1,30,old
958,4.1664204597473145,0.21322901389093343,PBPF,cracker_scene1,30,old
959,4.171036243438721,0.21174436684821973,PBPF,cracker_scene1,30,old
960,4.175433158874512,0.2131152411431465,PBPF,cracker_scene1,30,old
961,4.1796770095825195,0.2131152411431465,PBPF,cracker_scene1,30,old
962,4.183860778808594,0.21527551965080427,PBPF,cracker_scene1,30,old
963,4.188316345214844,0.21527551965080427,PBPF,cracker_scene1,30,old
964,4.192522287368774,0.21773511378674648,PBPF,cracker_scene1,30,old
965,4.196818590164185,0.21773511378674648,PBPF,cracker_scene1,30,old
966,4.200979471206665,0.2198586243779399,PBPF,cracker_scene1,30,old
967,4.205303192138672,0.21989476658846385,PBPF,cracker_scene1,30,old
968,4.209282636642456,0.21989476658846385,PBPF,cracker_scene1,30,old
969,4.213620901107788,0.2216614907222203,PBPF,cracker_scene1,30,old
970,4.217533349990845,0.2216614907222203,PBPF,cracker_scene1,30,old
971,4.221951961517334,0.22341985983553592,PBPF,cracker_scene1,30,old
972,4.226417779922485,0.22612840218064978,PBPF,cracker_scene1,30,old
973,4.230691909790039,0.22612840218064978,PBPF,cracker_scene1,30,old
974,4.234968662261963,0.22756064235560647,PBPF,cracker_scene1,30,old
975,4.239075422286987,0.22756064235560647,PBPF,cracker_scene1,30,old
976,4.2432639598846436,0.22901438874219782,PBPF,cracker_scene1,30,old
977,4.247323274612427,0.22901438874219782,PBPF,cracker_scene1,30,old
978,4.251867294311523,0.22982981998965446,PBPF,cracker_scene1,30,old
979,4.2561564445495605,0.22982981998965446,PBPF,cracker_scene1,30,old
980,4.260387420654297,0.23232360643527628,PBPF,cracker_scene1,30,old
981,4.264540910720825,0.23232360643527628,PBPF,cracker_scene1,30,old
982,4.268482446670532,0.23232360643527628,PBPF,cracker_scene1,30,old
983,4.272809743881226,0.23493399082117072,PBPF,cracker_scene1,30,old
984,4.276891231536865,0.23440559189093246,PBPF,cracker_scene1,30,old
985,4.281153440475464,0.23643057077487484,PBPF,cracker_scene1,30,old
986,4.285258769989014,0.2369684579678415,PBPF,cracker_scene1,30,old
987,4.289692640304565,0.23816668652536066,PBPF,cracker_scene1,30,old
988,4.294087648391724,0.23874906950579433,PBPF,cracker_scene1,30,old
989,4.298332452774048,0.23874906950579433,PBPF,cracker_scene1,30,old
990,4.302667617797852,0.23905516328211363,PBPF,cracker_scene1,30,old
991,4.306921482086182,0.23905516328211363,PBPF,cracker_scene1,30,old
992,4.311557292938232,0.23965522512229587,PBPF,cracker_scene1,30,old
993,4.315844535827637,0.23965522512229587,PBPF,cracker_scene1,30,old
994,4.320210695266724,0.24017962764707157,PBPF,cracker_scene1,30,old
995,4.324257850646973,0.24017962764707157,PBPF,cracker_scene1,30,old
996,4.328666925430298,0.24004006715651993,PBPF,cracker_scene1,30,old
997,4.332979202270508,0.24834903761124671,PBPF,cracker_scene1,30,old
998,4.337427616119385,0.24674604843995507,PBPF,cracker_scene1,30,old
999,4.341437339782715,0.24674604843995507,PBPF,cracker_scene1,30,old
1000,4.346134901046753,0.24730008869673892,PBPF,cracker_scene1,30,old
1001,4.350239515304565,0.24735326460653617,PBPF,cracker_scene1,30,old
1002,4.354557275772095,0.2468535313404745,PBPF,cracker_scene1,30,old
1003,4.358878135681152,0.24664494353947575,PBPF,cracker_scene1,30,old
1004,4.362917423248291,0.24664494353947575,PBPF,cracker_scene1,30,old
1005,4.367291212081909,0.24578793747078898,PBPF,cracker_scene1,30,old
1006,4.371517896652222,0.24578793747078898,PBPF,cracker_scene1,30,old
1007,4.375782251358032,0.24457915249184214,PBPF,cracker_scene1,30,old
1008,4.380082607269287,0.24457915249184214,PBPF,cracker_scene1,30,old
1009,4.38419771194458,0.24457915249184214,PBPF,cracker_scene1,30,old
1010,4.388506889343262,0.2448747345893807,PBPF,cracker_scene1,30,old
1011,4.392627000808716,0.24386394610612427,PBPF,cracker_scene1,30,old
1012,4.396944284439087,0.24386394610612427,PBPF,cracker_scene1,30,old
1013,4.401206016540527,0.2458808660774876,PBPF,cracker_scene1,30,old
1014,4.4054529666900635,0.2458808660774876,PBPF,cracker_scene1,30,old
1015,4.409752368927002,0.24520864138071996,PBPF,cracker_scene1,30,old
1016,4.4139978885650635,0.24520864138071996,PBPF,cracker_scene1,30,old
1017,4.418519973754883,0.24632168164852164,PBPF,cracker_scene1,30,old
1018,4.4229958057403564,0.24632168164852164,PBPF,cracker_scene1,30,old
1019,4.427405118942261,0.24504402303416484,PBPF,cracker_scene1,30,old
1020,4.431469202041626,0.24504402303416484,PBPF,cracker_scene1,30,old
1021,4.43621301651001,0.24583330793211022,PBPF,cracker_scene1,30,old
1022,4.44038724899292,0.24583330793211022,PBPF,cracker_scene1,30,old
1023,4.444749355316162,0.2444722341365706,PBPF,cracker_scene1,30,old
1024,4.448936700820923,0.24561917527933463,PBPF,cracker_scene1,30,old
1025,4.453557252883911,0.2452253433236189,PBPF,cracker_scene1,30,old
1026,4.45770263671875,0.2452253433236189,PBPF,cracker_scene1,30,old
1027,4.462069272994995,0.24486213398058077,PBPF,cracker_scene1,30,old
1028,4.4662535190582275,0.24486213398058077,PBPF,cracker_scene1,30,old
1029,4.47043514251709,0.24375346239603868,PBPF,cracker_scene1,30,old
1030,4.475194215774536,0.24328509056596115,PBPF,cracker_scene1,30,old
1031,4.479736328125,0.24328509056596115,PBPF,cracker_scene1,30,old
1032,4.483944654464722,0.24402261145783655,PBPF,cracker_scene1,30,old
1033,4.4909515380859375,0.24390518046258514,PBPF,cracker_scene1,30,old
1034,4.497513055801392,0.24390518046258514,PBPF,cracker_scene1,30,old
1035,4.503355026245117,0.24356101428142196,PBPF,cracker_scene1,30,old
1036,4.509612321853638,0.23994000752917444,PBPF,cracker_scene1,30,old
1037,4.5147926807403564,0.23999227209354235,PBPF,cracker_scene1,30,old
1038,4.519540786743164,0.23999227209354235,PBPF,cracker_scene1,30,old
1039,4.524436950683594,0.2405305471236252,PBPF,cracker_scene1,30,old
1040,4.529360055923462,0.2391692385764399,PBPF,cracker_scene1,30,old
1041,4.533952713012695,0.2391692385764399,PBPF,cracker_scene1,30,old
1042,4.53893780708313,0.23869035030580488,PBPF,cracker_scene1,30,old
1043,4.543612957000732,0.23869035030580488,PBPF,cracker_scene1,30,old
1044,4.5486109256744385,0.23955897003504134,PBPF,cracker_scene1,30,old
1045,4.553053617477417,0.23955897003504134,PBPF,cracker_scene1,30,old
1046,4.557862758636475,0.2393178132547673,PBPF,cracker_scene1,30,old
1047,4.562387704849243,0.2393178132547673,PBPF,cracker_scene1,30,old
1048,4.566945791244507,0.23938912578906013,PBPF,cracker_scene1,30,old
1049,4.57150411605835,0.23938912578906013,PBPF,cracker_scene1,30,old
1050,4.576188325881958,0.23952309183940468,PBPF,cracker_scene1,30,old
1051,4.580883502960205,0.2388821705063524,PBPF,cracker_scene1,30,old
1052,4.585512161254883,0.2389139552346684,PBPF,cracker_scene1,30,old
1053,4.590094804763794,0.23904521688424207,PBPF,cracker_scene1,30,old
1054,4.59464430809021,0.23904521688424207,PBPF,cracker_scene1,30,old
1055,4.600542783737183,0.2392941358063192,PBPF,cracker_scene1,30,old
1056,4.60681414604187,0.2384744480821972,PBPF,cracker_scene1,30,old
1057,4.6130640506744385,0.2384744480821972,PBPF,cracker_scene1,30,old
1058,4.619328737258911,0.2379636007988708,PBPF,cracker_scene1,30,old
1059,4.625369548797607,0.23781057195234911,PBPF,cracker_scene1,30,old
1060,4.631823539733887,0.2375717741780763,PBPF,cracker_scene1,30,old
1061,4.638587951660156,0.23752435413151574,PBPF,cracker_scene1,30,old
1062,4.644819259643555,0.2374576021377921,PBPF,cracker_scene1,30,old
1063,4.651054620742798,0.23684346768883113,PBPF,cracker_scene1,30,old
1064,4.657176733016968,0.23684346768883113,PBPF,cracker_scene1,30,old
1065,4.66276216506958,0.23673929222504153,PBPF,cracker_scene1,30,old
1066,4.667750120162964,0.2349785596004228,PBPF,cracker_scene1,30,old
1067,4.672449588775635,0.2349785596004228,PBPF,cracker_scene1,30,old
1068,4.677152156829834,0.2345001662736781,PBPF,cracker_scene1,30,old
1069,4.681758642196655,0.2345001662736781,PBPF,cracker_scene1,30,old
1070,4.686395645141602,0.23496090544939907,PBPF,cracker_scene1,30,old
1071,4.691011667251587,0.23496090544939907,PBPF,cracker_scene1,30,old
1072,4.695894002914429,0.23460264806806386,PBPF,cracker_scene1,30,old
1073,4.700455665588379,0.23441772297761432,PBPF,cracker_scene1,30,old
1074,4.7051777839660645,0.23426234646153077,PBPF,cracker_scene1,30,old
1075,4.709867477416992,0.23208336629014692,PBPF,cracker_scene1,30,old
1076,4.714919567108154,0.23208336629014692,PBPF,cracker_scene1,30,old
1077,4.719703435897827,0.23105709021554688,PBPF,cracker_scene1,30,old
1078,4.724156141281128,0.23105709021554688,PBPF,cracker_scene1,30,old
1079,4.72922158241272,0.23130745308359302,PBPF,cracker_scene1,30,old
1080,4.733726739883423,0.2305284466272406,PBPF,cracker_scene1,30,old
1081,4.738454341888428,0.23059762500603842,PBPF,cracker_scene1,30,old
1082,4.743277311325073,0.2303745435669855,PBPF,cracker_scene1,30,old
1083,4.748245000839233,0.2303745435669855,PBPF,cracker_scene1,30,old
1084,4.752947568893433,0.23090473594858185,PBPF,cracker_scene1,30,old
1085,4.757431507110596,0.23090473594858185,PBPF,cracker_scene1,30,old
1086,4.762619972229004,0.2309545583863306,PBPF,cracker_scene1,30,old
1087,4.767341375350952,0.23100499839458255,PBPF,cracker_scene1,30,old
1088,4.772472620010376,0.23100499839458255,PBPF,cracker_scene1,30,old
1089,4.777521371841431,0.2307086829180447,PBPF,cracker_scene1,30,old
1090,4.782269716262817,0.2307086829180447,PBPF,cracker_scene1,30,old
1091,4.7872843742370605,0.2309881728305223,PBPF,cracker_scene1,30,old
1092,4.7918524742126465,0.23089514435060288,PBPF,cracker_scene1,30,old
1093,4.796485900878906,0.23089514435060288,PBPF,cracker_scene1,30,old
1094,4.801260232925415,0.23491405867499715,PBPF,cracker_scene1,30,old
1095,4.806399822235107,0.23491405867499715,PBPF,cracker_scene1,30,old
1096,4.810866594314575,0.23491405867499715,PBPF,cracker_scene1,30,old
1097,4.815860271453857,0.2352735327330242,PBPF,cracker_scene1,30,old
1098,4.821233749389648,0.23912884976345966,PBPF,cracker_scene1,30,old
1099,4.82547926902771,0.23864995120221547,PBPF,cracker_scene1,30,old
1100,4.829827547073364,0.23864995120221547,PBPF,cracker_scene1,30,old
1101,4.83385705947876,0.23864995120221547,PBPF,cracker_scene1,30,old
1102,4.838277578353882,0.23775806932521515,PBPF,cracker_scene1,30,old
1103,4.842853307723999,0.2381452367383708,PBPF,cracker_scene1,30,old
1104,4.847461938858032,0.2381452367383708,PBPF,cracker_scene1,30,old
1105,4.852207183837891,0.23830235989455226,PBPF,cracker_scene1,30,old
1106,4.856242656707764,0.23830235989455226,PBPF,cracker_scene1,30,old
1107,4.8607261180877686,0.2382272122045501,PBPF,cracker_scene1,30,old
1108,4.86484432220459,0.2382272122045501,PBPF,cracker_scene1,30,old
1109,4.868836164474487,0.2382272122045501,PBPF,cracker_scene1,30,old
1110,4.873105764389038,0.2382333585799756,PBPF,cracker_scene1,30,old
1111,4.877349853515625,0.2382333585799756,PBPF,cracker_scene1,30,old
1112,4.881617784500122,0.23827705041549643,PBPF,cracker_scene1,30,old
1113,4.885632514953613,0.23853686664559404,PBPF,cracker_scene1,30,old
1114,4.889950275421143,0.23850007452620048,PBPF,cracker_scene1,30,old
1115,4.894453763961792,0.23873287913900723,PBPF,cracker_scene1,30,old
1116,4.89863920211792,0.23918854361054143,PBPF,cracker_scene1,30,old
1117,4.903018474578857,0.23918854361054143,PBPF,cracker_scene1,30,old
1118,4.907324314117432,0.23865792274518877,PBPF,cracker_scene1,30,old
1119,4.911597490310669,0.23865792274518877,PBPF,cracker_scene1,30,old
1120,4.9160966873168945,0.23841827323792694,PBPF,cracker_scene1,30,old
1121,4.920350551605225,0.23841827323792694,PBPF,cracker_scene1,30,old
1122,4.92465877532959,0.23669229592700272,PBPF,cracker_scene1,30,old
1123,4.928857803344727,0.23669229592700272,PBPF,cracker_scene1,30,old
1124,4.9331066608428955,0.23780365039508972,PBPF,cracker_scene1,30,old
1125,4.937422037124634,0.23780365039508972,PBPF,cracker_scene1,30,old
1126,4.94183349609375,0.2371860152583735,PBPF,cracker_scene1,30,old
1127,4.94611382484436,0.2371860152583735,PBPF,cracker_scene1,30,old
1128,4.9506309032440186,0.23563047488218988,PBPF,cracker_scene1,30,old
1129,4.95485258102417,0.23563047488218988,PBPF,cracker_scene1,30,old
1130,4.958842992782593,0.23563047488218988,PBPF,cracker_scene1,30,old
1131,4.963066101074219,0.23649800348062208,PBPF,cracker_scene1,30,old
1132,4.967063903808594,0.23649800348062208,PBPF,cracker_scene1,30,old
1133,4.971577167510986,0.23684146217138757,PBPF,cracker_scene1,30,old
1134,4.97596287727356,0.23684146217138757,PBPF,cracker_scene1,30,old
1135,4.980987071990967,0.22700235843349212,PBPF,cracker_scene1,30,old
1136,4.98520827293396,0.22700235843349212,PBPF,cracker_scene1,30,old
1137,4.98969030380249,0.22689044577272732,PBPF,cracker_scene1,30,old
1138,4.993999242782593,0.22689044577272732,PBPF,cracker_scene1,30,old
1139,4.9988837242126465,0.22708339404463454,PBPF,cracker_scene1,30,old
1140,5.003725051879883,0.22708339404463454,PBPF,cracker_scene1,30,old
1141,5.008617877960205,0.22802167407969035,PBPF,cracker_scene1,30,old
1142,5.013547420501709,0.22802167407969035,PBPF,cracker_scene1,30,old
1143,5.017760276794434,0.2277540329106752,PBPF,cracker_scene1,30,old
1144,5.022126913070679,0.2277540329106752,PBPF,cracker_scene1,30,old
1145,5.0266478061676025,0.22747039728700483,PBPF,cracker_scene1,30,old
1146,5.0312933921813965,0.22610599052743677,PBPF,cracker_scene1,30,old
1147,5.035732746124268,0.22600971534624464,PBPF,cracker_scene1,30,old
1148,5.040234565734863,0.22600971534624464,PBPF,cracker_scene1,30,old
1149,5.044574499130249,0.2258479094828074,PBPF,cracker_scene1,30,old
1150,5.048937797546387,0.2258479094828074,PBPF,cracker_scene1,30,old
1151,5.05341100692749,0.2269217034630445,PBPF,cracker_scene1,30,old
1152,5.057465553283691,0.2269217034630445,PBPF,cracker_scene1,30,old
1153,5.061969995498657,0.22590624728930575,PBPF,cracker_scene1,30,old
1154,5.066183090209961,0.22590624728930575,PBPF,cracker_scene1,30,old
1155,5.07080078125,0.22545494065028557,PBPF,cracker_scene1,30,old
1156,5.075219392776489,0.22530742357881803,PBPF,cracker_scene1,30,old
1157,5.079840183258057,0.22535097870730975,PBPF,cracker_scene1,30,old
1158,5.084344863891602,0.22606843590937975,PBPF,cracker_scene1,30,old
1159,5.088607549667358,0.22606843590937975,PBPF,cracker_scene1,30,old
1160,5.093119859695435,0.2258056390615526,PBPF,cracker_scene1,30,old
1161,5.097270965576172,0.2258056390615526,PBPF,cracker_scene1,30,old
1162,5.1016058921813965,0.22606987762052322,PBPF,cracker_scene1,30,old
1163,5.105980634689331,0.22606987762052322,PBPF,cracker_scene1,30,old
1164,5.110425233840942,0.22475216058928843,PBPF,cracker_scene1,30,old
1165,5.114670276641846,0.22476975993859216,PBPF,cracker_scene1,30,old
1166,5.119049549102783,0.22640060310514204,PBPF,cracker_scene1,30,old
1167,5.1230974197387695,0.22640060310514204,PBPF,cracker_scene1,30,old
1168,5.127325534820557,0.22630729053996124,PBPF,cracker_scene1,30,old
1169,5.13323187828064,0.22630729053996124,PBPF,cracker_scene1,30,old
1170,5.1382105350494385,0.2195869652206115,PBPF,cracker_scene1,30,old
1171,5.142656087875366,0.21868122093970488,PBPF,cracker_scene1,30,old
1172,5.14665961265564,0.21868122093970488,PBPF,cracker_scene1,30,old
1173,5.15091609954834,0.2186022793240161,PBPF,cracker_scene1,30,old
1174,5.154958486557007,0.21852381625926132,PBPF,cracker_scene1,30,old
1175,5.159012079238892,0.2186078878412685,PBPF,cracker_scene1,30,old
1176,5.163187265396118,0.218074977755208,PBPF,cracker_scene1,30,old
1177,5.167191743850708,0.218074977755208,PBPF,cracker_scene1,30,old
1178,5.171958923339844,0.21890184470564122,PBPF,cracker_scene1,30,old
1179,5.176182508468628,0.2189221716182015,PBPF,cracker_scene1,30,old
1180,5.180435657501221,0.2189221716182015,PBPF,cracker_scene1,30,old
1181,5.184739112854004,0.2176377350734242,PBPF,cracker_scene1,30,old
1182,5.188941478729248,0.2176377350734242,PBPF,cracker_scene1,30,old
1183,5.193406105041504,0.21880615738028286,PBPF,cracker_scene1,30,old
1184,5.197924852371216,0.2188963209808339,PBPF,cracker_scene1,30,old
1185,5.202326059341431,0.21816003627576297,PBPF,cracker_scene1,30,old
1186,5.206385612487793,0.21816003627576297,PBPF,cracker_scene1,30,old
1187,5.210768938064575,0.21914486022240798,PBPF,cracker_scene1,30,old
1188,5.214904546737671,0.21914486022240798,PBPF,cracker_scene1,30,old
1189,5.2192535400390625,0.21894577553613814,PBPF,cracker_scene1,30,old
1190,5.223376989364624,0.21894577553613814,PBPF,cracker_scene1,30,old
1191,5.227705955505371,0.21750026198965156,PBPF,cracker_scene1,30,old
1192,5.231924295425415,0.21750026198965156,PBPF,cracker_scene1,30,old
1193,5.236544609069824,0.2183485237604721,PBPF,cracker_scene1,30,old
1194,5.240750551223755,0.2183485237604721,PBPF,cracker_scene1,30,old
1195,5.2454657554626465,0.21728350898747184,PBPF,cracker_scene1,30,old
1196,5.249646425247192,0.21667227253371557,PBPF,cracker_scene1,30,old
1197,5.254119396209717,0.21771682835473527,PBPF,cracker_scene1,30,old
1198,5.25822377204895,0.216547108650321,PBPF,cracker_scene1,30,old
1199,5.26259708404541,0.21625830487124809,PBPF,cracker_scene1,30,old
1200,5.266673564910889,0.21625830487124809,PBPF,cracker_scene1,30,old
1201,5.271212339401245,0.21730377658028477,PBPF,cracker_scene1,30,old
1202,5.275629281997681,0.21695649340707757,PBPF,cracker_scene1,30,old
1203,5.280130386352539,0.21695649340707757,PBPF,cracker_scene1,30,old
1204,5.284438133239746,0.2174658975715431,PBPF,cracker_scene1,30,old
1205,5.288755178451538,0.2174658975715431,PBPF,cracker_scene1,30,old
1206,5.293251991271973,0.2160040287076299,PBPF,cracker_scene1,30,old
1207,5.297372817993164,0.2160040287076299,PBPF,cracker_scene1,30,old
1208,5.301642179489136,0.21734555317941773,PBPF,cracker_scene1,30,old
1209,5.3057451248168945,0.21734555317941773,PBPF,cracker_scene1,30,old
1210,5.310017347335815,0.21723394063196988,PBPF,cracker_scene1,30,old
1211,5.314478397369385,0.2169920354303967,PBPF,cracker_scene1,30,old
1212,5.3186867237091064,0.21572254823514303,PBPF,cracker_scene1,30,old
1213,5.3227832317352295,0.21572254823514303,PBPF,cracker_scene1,30,old
1214,5.32699990272522,0.21716443157295107,PBPF,cracker_scene1,30,old
1215,5.331087827682495,0.21716443157295107,PBPF,cracker_scene1,30,old
1216,5.335679292678833,0.21663806322853674,PBPF,cracker_scene1,30,old
1217,5.339676380157471,0.21663806322853674,PBPF,cracker_scene1,30,old
1218,5.34403657913208,0.21538669148838974,PBPF,cracker_scene1,30,old
1219,5.348137617111206,0.21538669148838974,PBPF,cracker_scene1,30,old
1220,5.3525471687316895,0.21609971524565363,PBPF,cracker_scene1,30,old
1221,5.35651707649231,0.21609971524565363,PBPF,cracker_scene1,30,old
1222,5.360826253890991,0.21482403452093113,PBPF,cracker_scene1,30,old
1223,5.3649351596832275,0.21482403452093113,PBPF,cracker_scene1,30,old
1224,5.369235515594482,0.21580163060707847,PBPF,cracker_scene1,30,old
1225,5.373205661773682,0.21580163060707847,PBPF,cracker_scene1,30,old
1226,5.377507925033569,0.21584290805272754,PBPF,cracker_scene1,30,old
1227,5.381601095199585,0.21584290805272754,PBPF,cracker_scene1,30,old
1228,5.385875940322876,0.21571633338593976,PBPF,cracker_scene1,30,old
1229,5.389867305755615,0.21571633338593976,PBPF,cracker_scene1,30,old
1230,5.394469976425171,0.21535871561197784,PBPF,cracker_scene1,30,old
1231,5.3988611698150635,0.21535871561197784,PBPF,cracker_scene1,30,old
1232,5.403506755828857,0.21512749564048672,PBPF,cracker_scene1,30,old
1233,5.407644271850586,0.21512749564048672,PBPF,cracker_scene1,30,old
1234,5.412232398986816,0.21480619176082527,PBPF,cracker_scene1,30,old
1235,5.416469573974609,0.21480619176082527,PBPF,cracker_scene1,30,old
1236,5.420788288116455,0.21481701968953626,PBPF,cracker_scene1,30,old
1237,5.425292491912842,0.2149847942741916,PBPF,cracker_scene1,30,old
1238,5.429693222045898,0.2149847942741916,PBPF,cracker_scene1,30,old
1239,5.434322118759155,0.2152263410738664,PBPF,cracker_scene1,30,old
1240,5.438603639602661,0.2152263410738664,PBPF,cracker_scene1,30,old
1241,5.443464040756226,0.21585139423607824,PBPF,cracker_scene1,30,old
1242,5.447599411010742,0.21585139423607824,PBPF,cracker_scene1,30,old
1243,5.452203750610352,0.21577182651973104,PBPF,cracker_scene1,30,old
1244,5.4564690589904785,0.22558425385338948,PBPF,cracker_scene1,30,old
1245,5.46071195602417,0.22408228967576585,PBPF,cracker_scene1,30,old
1246,5.464773654937744,0.22408228967576585,PBPF,cracker_scene1,30,old
1247,5.469071865081787,0.2243482050058842,PBPF,cracker_scene1,30,old
1248,5.473198652267456,0.2243482050058842,PBPF,cracker_scene1,30,old
1249,5.4777991771698,0.22433225674873805,PBPF,cracker_scene1,30,old
1250,5.48184609413147,0.22433225674873805,PBPF,cracker_scene1,30,old
1251,5.4863152503967285,0.22438076901081275,PBPF,cracker_scene1,30,old
1252,5.490374565124512,0.22438076901081275,PBPF,cracker_scene1,30,old
1253,5.494672060012817,0.22416917295434516,PBPF,cracker_scene1,30,old
1254,5.49865460395813,0.22416917295434516,PBPF,cracker_scene1,30,old
1255,5.502912282943726,0.22285180232671298,PBPF,cracker_scene1,30,old
1256,5.5069403648376465,0.22285180232671298,PBPF,cracker_scene1,30,old
1257,5.511397361755371,0.2227958940947739,PBPF,cracker_scene1,30,old
1258,5.515507221221924,0.2227958940947739,PBPF,cracker_scene1,30,old
1259,5.519940137863159,0.22279259327094325,PBPF,cracker_scene1,30,old
1260,5.52409291267395,0.22279259327094325,PBPF,cracker_scene1,30,old
1261,5.528497934341431,0.22413300663929892,PBPF,cracker_scene1,30,old
1262,5.532533645629883,0.22413300663929892,PBPF,cracker_scene1,30,old
1263,5.536804676055908,0.22415210401070232,PBPF,cracker_scene1,30,old
1264,5.540875673294067,0.22415210401070232,PBPF,cracker_scene1,30,old
1265,5.545296907424927,0.2238764560528384,PBPF,cracker_scene1,30,old
1266,5.549341440200806,0.2238764560528384,PBPF,cracker_scene1,30,old
1267,5.553629398345947,0.22313670586944587,PBPF,cracker_scene1,30,old
1268,5.557757139205933,0.22313670586944587,PBPF,cracker_scene1,30,old
1269,5.562040328979492,0.2232701786878481,PBPF,cracker_scene1,30,old
1270,5.566244840621948,0.22324910535353903,PBPF,cracker_scene1,30,old
1271,5.570432186126709,0.22332781109113112,PBPF,cracker_scene1,30,old
1272,5.574845790863037,0.22332781109113112,PBPF,cracker_scene1,30,old
1273,5.579118490219116,0.22315940601571074,PBPF,cracker_scene1,30,old
1274,5.583330154418945,0.22315940601571074,PBPF,cracker_scene1,30,old
1275,5.588237047195435,0.22167479588940128,PBPF,cracker_scene1,30,old
1276,5.592517375946045,0.22323509476282874,PBPF,cracker_scene1,30,old
1277,5.596968412399292,0.22323509476282874,PBPF,cracker_scene1,30,old
1278,5.601211071014404,0.2233833882269492,PBPF,cracker_scene1,30,old
1279,5.605752944946289,0.2233833882269492,PBPF,cracker_scene1,30,old
1280,5.610280990600586,0.22343650722361458,PBPF,cracker_scene1,30,old
1281,5.6148505210876465,0.22331181714850512,PBPF,cracker_scene1,30,old
1282,5.61932635307312,0.22265282497031436,PBPF,cracker_scene1,30,old
1283,5.623649835586548,0.22265282497031436,PBPF,cracker_scene1,30,old
1284,5.628247499465942,0.22252567493391417,PBPF,cracker_scene1,30,old
1285,5.632219076156616,0.22252567493391417,PBPF,cracker_scene1,30,old
1286,5.636303901672363,0.22223441309738856,PBPF,cracker_scene1,30,old
1287,5.640710115432739,0.22114147820857966,PBPF,cracker_scene1,30,old
1288,5.645473003387451,0.22184202228074756,PBPF,cracker_scene1,30,old
1289,5.649458646774292,0.22186171026843748,PBPF,cracker_scene1,30,old
1290,5.654203176498413,0.221632793192855,PBPF,cracker_scene1,30,old
1291,5.658306121826172,0.22056875853149993,PBPF,cracker_scene1,30,old
1292,5.6627585887908936,0.22056875853149993,PBPF,cracker_scene1,30,old
1293,5.666836500167847,0.22056875853149993,PBPF,cracker_scene1,30,old
1294,5.671148061752319,0.2207040405263676,PBPF,cracker_scene1,30,old
1295,5.675556659698486,0.2207040405263676,PBPF,cracker_scene1,30,old
1296,5.680114507675171,0.22072169360430305,PBPF,cracker_scene1,30,old
1297,5.684393882751465,0.22072169360430305,PBPF,cracker_scene1,30,old
1298,5.688451766967773,0.22209645782008636,PBPF,cracker_scene1,30,old
1299,5.69292140007019,0.2220537112935972,PBPF,cracker_scene1,30,old
1300,5.6975789070129395,0.22189029072759947,PBPF,cracker_scene1,30,old
1301,5.701882362365723,0.22189029072759947,PBPF,cracker_scene1,30,old
1302,5.706417560577393,0.22036902047498064,PBPF,cracker_scene1,30,old
1303,5.710738897323608,0.22036902047498064,PBPF,cracker_scene1,30,old
1304,5.715224504470825,0.22142527573339787,PBPF,cracker_scene1,30,old
1305,5.7196667194366455,0.22142527573339787,PBPF,cracker_scene1,30,old
1306,5.723674535751343,0.22142527573339787,PBPF,cracker_scene1,30,old
1307,5.728315353393555,0.22115966485975047,PBPF,cracker_scene1,30,old
1308,5.732530117034912,0.22097033053470216,PBPF,cracker_scene1,30,old
1309,5.737213850021362,0.22097033053470216,PBPF,cracker_scene1,30,old
1310,5.7415430545806885,0.21944672947616617,PBPF,cracker_scene1,30,old
1311,5.7461161613464355,0.21944672947616617,PBPF,cracker_scene1,30,old
1312,5.750686168670654,0.22059882797339192,PBPF,cracker_scene1,30,old
1313,5.755051374435425,0.22059882797339192,PBPF,cracker_scene1,30,old
1314,5.76057767868042,0.22059434639298736,PBPF,cracker_scene1,30,old
1315,5.764817953109741,0.22059434639298736,PBPF,cracker_scene1,30,old
1316,5.76935887336731,0.22152840215134617,PBPF,cracker_scene1,30,old
1317,5.774794816970825,0.22152840215134617,PBPF,cracker_scene1,30,old
1318,5.77951455116272,0.2319206737582027,PBPF,cracker_scene1,30,old
1319,5.784081697463989,0.2317436196110778,PBPF,cracker_scene1,30,old
1320,5.788146257400513,0.2317436196110778,PBPF,cracker_scene1,30,old
1321,5.792477130889893,0.2315772639367939,PBPF,cracker_scene1,30,old
1322,5.796996116638184,0.23166562110417654,PBPF,cracker_scene1,30,old
1323,5.801167726516724,0.23119654612565288,PBPF,cracker_scene1,30,old
1324,5.805592775344849,0.23081315952513481,PBPF,cracker_scene1,30,old
1325,5.810064792633057,0.23081315952513481,PBPF,cracker_scene1,30,old
1326,5.8144371509552,0.23029519417517275,PBPF,cracker_scene1,30,old
1327,5.818678855895996,0.23029519417517275,PBPF,cracker_scene1,30,old
1328,5.822842359542847,0.23029519417517275,PBPF,cracker_scene1,30,old
1329,5.827319145202637,0.23003402259529349,PBPF,cracker_scene1,30,old
1330,5.831984281539917,0.22875591308501075,PBPF,cracker_scene1,30,old
1331,5.836360931396484,0.22993950332069968,PBPF,cracker_scene1,30,old
1332,5.840744495391846,0.23010218571666208,PBPF,cracker_scene1,30,old
1333,5.844911813735962,0.23010218571666208,PBPF,cracker_scene1,30,old
1334,5.84947943687439,0.23015528116668538,PBPF,cracker_scene1,30,old
1335,5.85381817817688,0.23021057564747238,PBPF,cracker_scene1,30,old
1336,5.858191251754761,0.23027072242997892,PBPF,cracker_scene1,30,old
1337,5.8624489307403564,0.23027072242997892,PBPF,cracker_scene1,30,old
1338,5.866805076599121,0.23009842879467168,PBPF,cracker_scene1,30,old
1339,5.871090888977051,0.23009842879467168,PBPF,cracker_scene1,30,old
1340,5.875473737716675,0.23010425304225457,PBPF,cracker_scene1,30,old
1341,5.8800952434539795,0.23023838151854648,PBPF,cracker_scene1,30,old
1342,5.884476900100708,0.22983706792997705,PBPF,cracker_scene1,30,old
1343,5.888798475265503,0.22983706792997705,PBPF,cracker_scene1,30,old
1344,5.893190622329712,0.2293302177156038,PBPF,cracker_scene1,30,old
1345,5.898600339889526,0.2293302177156038,PBPF,cracker_scene1,30,old
1346,5.903910398483276,0.22941100622576815,PBPF,cracker_scene1,30,old
1347,5.9083778858184814,0.2284797327395598,PBPF,cracker_scene1,30,old
1348,5.912941217422485,0.2284797327395598,PBPF,cracker_scene1,30,old
1349,5.917200088500977,0.22884913626323566,PBPF,cracker_scene1,30,old
1350,5.92165732383728,0.22999426383732402,PBPF,cracker_scene1,30,old
1351,5.926156997680664,0.22991827883513327,PBPF,cracker_scene1,30,old
1352,5.930405855178833,0.22991827883513327,PBPF,cracker_scene1,30,old
1353,5.934756517410278,0.22999825692560538,PBPF,cracker_scene1,30,old
1354,5.9395973682403564,0.22997526211234298,PBPF,cracker_scene1,30,old
1355,5.945490121841431,0.2296886396197575,PBPF,cracker_scene1,30,old
1356,5.9498748779296875,0.2278175727835088,PBPF,cracker_scene1,30,old
1357,5.954370021820068,0.2275958512109777,PBPF,cracker_scene1,30,old
1358,5.958442211151123,0.2275958512109777,PBPF,cracker_scene1,30,old
1359,5.962750434875488,0.227272886569753,PBPF,cracker_scene1,30,old
1360,5.966928243637085,0.22667911765537843,PBPF,cracker_scene1,30,old
1361,5.9711713790893555,0.22661126341175508,PBPF,cracker_scene1,30,old
1362,5.975403547286987,0.2263090784694649,PBPF,cracker_scene1,30,old
1363,5.980000972747803,0.2268251833434388,PBPF,cracker_scene1,30,old
1364,5.984255313873291,0.2258138267860091,PBPF,cracker_scene1,30,old
1365,5.988589525222778,0.2258138267860091,PBPF,cracker_scene1,30,old
1366,5.992820501327515,0.22703171434132605,PBPF,cracker_scene1,30,old
1367,5.99705696105957,0.22711477381217493,PBPF,cracker_scene1,30,old
1368,6.0012993812561035,0.22693997862685122,PBPF,cracker_scene1,30,old
1369,6.005676984786987,0.22693997862685122,PBPF,cracker_scene1,30,old
1370,6.010147571563721,0.22730143797265268,PBPF,cracker_scene1,30,old
1371,6.01439356803894,0.22730143797265268,PBPF,cracker_scene1,30,old
1372,6.018644571304321,0.22708387363409527,PBPF,cracker_scene1,30,old
1373,6.022879123687744,0.22708387363409527,PBPF,cracker_scene1,30,old
1374,6.027238368988037,0.22721803883077574,PBPF,cracker_scene1,30,old
1375,6.031278371810913,0.22721803883077574,PBPF,cracker_scene1,30,old
1376,6.036969184875488,0.22712303840463352,PBPF,cracker_scene1,30,old
1377,6.041626214981079,0.22691219215549976,PBPF,cracker_scene1,30,old
1378,6.046167612075806,0.22691219215549976,PBPF,cracker_scene1,30,old
1379,6.050410747528076,0.22687718762164735,PBPF,cracker_scene1,30,old
1380,6.054797410964966,0.2264563794053596,PBPF,cracker_scene1,30,old
1381,6.059064865112305,0.22649278622666352,PBPF,cracker_scene1,30,old
1382,6.063586711883545,0.22620207719571372,PBPF,cracker_scene1,30,old
1383,6.067916393280029,0.2261214293711551,PBPF,cracker_scene1,30,old
1384,6.072254180908203,0.2261214293711551,PBPF,cracker_scene1,30,old
1385,6.0771801471710205,0.22551077399799135,PBPF,cracker_scene1,30,old
1386,6.082176923751831,0.22544821663875073,PBPF,cracker_scene1,30,old
1387,6.086794853210449,0.22590715453017346,PBPF,cracker_scene1,30,old
1388,6.090977907180786,0.22590715453017346,PBPF,cracker_scene1,30,old
1389,6.095598220825195,0.22581218745238776,PBPF,cracker_scene1,30,old
1390,6.101560115814209,0.2243171055416106,PBPF,cracker_scene1,30,old
1391,6.1065661907196045,0.2230054677826738,PBPF,cracker_scene1,30,old
1392,6.110831022262573,0.2230054677826738,PBPF,cracker_scene1,30,old
1393,6.115022420883179,0.22378454831637667,PBPF,cracker_scene1,30,old
1394,6.118993759155273,0.22378454831637667,PBPF,cracker_scene1,30,old
1395,6.123281478881836,0.22300643143062657,PBPF,cracker_scene1,30,old
1396,6.1274871826171875,0.22300643143062657,PBPF,cracker_scene1,30,old
1397,6.131623268127441,0.2222056022988403,PBPF,cracker_scene1,30,old
1398,6.135917663574219,0.2222056022988403,PBPF,cracker_scene1,30,old
1399,6.140100002288818,0.22372822447304488,PBPF,cracker_scene1,30,old
1400,6.144760370254517,0.22372822447304488,PBPF,cracker_scene1,30,old
1401,6.148874044418335,0.2238751815418863,PBPF,cracker_scene1,30,old
1402,6.152742624282837,0.2238751815418863,PBPF,cracker_scene1,30,old
1403,6.156755447387695,0.2238751815418863,PBPF,cracker_scene1,30,old
1404,6.160851240158081,0.22368896594395757,PBPF,cracker_scene1,30,old
1405,6.164850473403931,0.22368896594395757,PBPF,cracker_scene1,30,old
1406,6.168980598449707,0.2225629245084495,PBPF,cracker_scene1,30,old
1407,6.172860145568848,0.2225629245084495,PBPF,cracker_scene1,30,old
1408,6.177778720855713,0.22336361529028625,PBPF,cracker_scene1,30,old
1409,6.182355165481567,0.2233410377900872,PBPF,cracker_scene1,30,old
1410,6.18679141998291,0.22308465873485406,PBPF,cracker_scene1,30,old
1411,6.191234111785889,0.22310980808256003,PBPF,cracker_scene1,30,old
1412,6.195298910140991,0.22310980808256003,PBPF,cracker_scene1,30,old
1413,6.199864864349365,0.22313079513090095,PBPF,cracker_scene1,30,old
1414,6.2043726444244385,0.22313079513090095,PBPF,cracker_scene1,30,old
1415,6.208972692489624,0.22267035857563935,PBPF,cracker_scene1,30,old
1416,6.213366270065308,0.2225127804681289,PBPF,cracker_scene1,30,old
1417,6.21762490272522,0.2225127804681289,PBPF,cracker_scene1,30,old
1418,6.221518516540527,0.2225127804681289,PBPF,cracker_scene1,30,old
1419,6.225856065750122,0.2224506922555338,PBPF,cracker_scene1,30,old
1420,6.230138301849365,0.22246703393101058,PBPF,cracker_scene1,30,old
1421,6.2349419593811035,0.22147633131149888,PBPF,cracker_scene1,30,old
1422,6.23938250541687,0.22147633131149888,PBPF,cracker_scene1,30,old
1423,6.243532180786133,0.2213155643857767,PBPF,cracker_scene1,30,old
1424,6.247821092605591,0.2213155643857767,PBPF,cracker_scene1,30,old
1425,6.25224757194519,0.22254352399749228,PBPF,cracker_scene1,30,old
1426,6.256823778152466,0.21808466627487633,PBPF,cracker_scene1,30,old
1427,6.261329412460327,0.21788126751102954,PBPF,cracker_scene1,30,old
1428,6.265330791473389,0.21788126751102954,PBPF,cracker_scene1,30,old
1429,6.2697434425354,0.21782124680261994,PBPF,cracker_scene1,30,old
1430,6.274069786071777,0.21782124680261994,PBPF,cracker_scene1,30,old
1431,6.278646469116211,0.21774311583992834,PBPF,cracker_scene1,30,old
1432,6.282644748687744,0.21774311583992834,PBPF,cracker_scene1,30,old
1433,6.287254571914673,0.21752298180306173,PBPF,cracker_scene1,30,old
1434,6.291316032409668,0.21757341612015058,PBPF,cracker_scene1,30,old
1435,6.296000957489014,0.21745901747007057,PBPF,cracker_scene1,30,old
1436,6.300023794174194,0.21774962662439012,PBPF,cracker_scene1,30,old
1437,6.304556608200073,0.21774962662439012,PBPF,cracker_scene1,30,old
1438,6.30899977684021,0.21779088537098534,PBPF,cracker_scene1,30,old
1439,6.313583850860596,0.21755359405176922,PBPF,cracker_scene1,30,old
1440,6.317944765090942,0.21775749187928017,PBPF,cracker_scene1,30,old
1441,6.32244873046875,0.21775749187928017,PBPF,cracker_scene1,30,old
1442,6.326765775680542,0.21742734812839704,PBPF,cracker_scene1,30,old
1443,6.331216096878052,0.21742734812839704,PBPF,cracker_scene1,30,old
1444,6.335476636886597,0.2163694818225288,PBPF,cracker_scene1,30,old
1445,6.339719772338867,0.2163694818225288,PBPF,cracker_scene1,30,old
1446,6.344249486923218,0.21726865129321205,PBPF,cracker_scene1,30,old
1447,6.348332405090332,0.21726865129321205,PBPF,cracker_scene1,30,old
1448,6.352586984634399,0.21748794302815622,PBPF,cracker_scene1,30,old
1449,6.3567280769348145,0.21748794302815622,PBPF,cracker_scene1,30,old
1450,6.3611061573028564,0.21766941855789845,PBPF,cracker_scene1,30,old
1451,6.365177631378174,0.21766941855789845,PBPF,cracker_scene1,30,old
1452,6.369673013687134,0.21742313207461716,PBPF,cracker_scene1,30,old
1453,6.3738086223602295,0.21742313207461716,PBPF,cracker_scene1,30,old
1454,6.378522872924805,0.21719015125992236,PBPF,cracker_scene1,30,old
1455,6.38260555267334,0.21719015125992236,PBPF,cracker_scene1,30,old
1456,6.387126445770264,0.21697317564587681,PBPF,cracker_scene1,30,old
1457,6.3912670612335205,0.21697317564587681,PBPF,cracker_scene1,30,old
1458,6.395610570907593,0.21545762181101313,PBPF,cracker_scene1,30,old
1459,6.399771451950073,0.21545762181101313,PBPF,cracker_scene1,30,old
1460,6.4043238162994385,0.2163899503045119,PBPF,cracker_scene1,30,old
1461,6.4089133739471436,0.21649579838816813,PBPF,cracker_scene1,30,old
1462,6.413243055343628,0.21649579838816813,PBPF,cracker_scene1,30,old
1463,6.417500257492065,0.2165095176362497,PBPF,cracker_scene1,30,old
1464,6.421939373016357,0.21749922872311717,PBPF,cracker_scene1,30,old
1465,6.426048278808594,0.21786812944021247,PBPF,cracker_scene1,30,old
1466,6.430325269699097,0.21786812944021247,PBPF,cracker_scene1,30,old
1467,6.434504985809326,0.21710990687358078,PBPF,cracker_scene1,30,old
1468,6.438936948776245,0.21710990687358078,PBPF,cracker_scene1,30,old
1469,6.443552732467651,0.21764708376740954,PBPF,cracker_scene1,30,old
1470,6.447842121124268,0.21764708376740954,PBPF,cracker_scene1,30,old
1471,6.45229172706604,0.21813245659487487,PBPF,cracker_scene1,30,old
1472,6.4565112590789795,0.21813245659487487,PBPF,cracker_scene1,30,old
1473,6.460843324661255,0.21824716007611347,PBPF,cracker_scene1,30,old
1474,6.464944362640381,0.21824716007611347,PBPF,cracker_scene1,30,old
1475,6.4693052768707275,0.21781527281506283,PBPF,cracker_scene1,30,old
1476,6.473412036895752,0.21781527281506283,PBPF,cracker_scene1,30,old
1477,6.478099822998047,0.21755855875147814,PBPF,cracker_scene1,30,old
1478,6.482274293899536,0.21755855875147814,PBPF,cracker_scene1,30,old
1479,6.486728668212891,0.21733725185248853,PBPF,cracker_scene1,30,old
1480,6.490962743759155,0.21733725185248853,PBPF,cracker_scene1,30,old
1481,6.495419025421143,0.21693247714962338,PBPF,cracker_scene1,30,old
1482,6.499547481536865,0.21693247714962338,PBPF,cracker_scene1,30,old
1483,6.503846645355225,0.21701500544248245,PBPF,cracker_scene1,30,old
1484,6.508145332336426,0.21701500544248245,PBPF,cracker_scene1,30,old
1485,6.512592554092407,0.21698830302802743,PBPF,cracker_scene1,30,old
1486,6.516652584075928,0.21698830302802743,PBPF,cracker_scene1,30,old
1487,6.521180868148804,0.21707066084207086,PBPF,cracker_scene1,30,old
1488,6.5255491733551025,0.21708629306203814,PBPF,cracker_scene1,30,old
1489,6.530047416687012,0.21713944633822663,PBPF,cracker_scene1,30,old
1490,6.534292936325073,0.2160429594522837,PBPF,cracker_scene1,30,old
1491,6.538722276687622,0.2161092666266952,PBPF,cracker_scene1,30,old
1492,6.543012857437134,0.21697694214426658,PBPF,cracker_scene1,30,old
1493,6.5473527908325195,0.21697694214426658,PBPF,cracker_scene1,30,old
1494,6.551680088043213,0.21670299973836116,PBPF,cracker_scene1,30,old
1495,6.5558860301971436,0.21670299973836116,PBPF,cracker_scene1,30,old
1496,6.560214042663574,0.2149433036179422,PBPF,cracker_scene1,30,old
1497,6.564422845840454,0.2149433036179422,PBPF,cracker_scene1,30,old
1498,6.569418907165527,0.21602147751525314,PBPF,cracker_scene1,30,old
1499,6.573864221572876,0.21602147751525314,PBPF,cracker_scene1,30,old
1500,6.5784852504730225,0.2163837222846235,PBPF,cracker_scene1,30,old
1501,6.583111763000488,0.21937800476540792,PBPF,cracker_scene1,30,old
1502,6.5875630378723145,0.21986446012826727,PBPF,cracker_scene1,30,old
1503,6.591710090637207,0.219909116759101,PBPF,cracker_scene1,30,old
1504,6.596130609512329,0.22019113150732,PBPF,cracker_scene1,30,old
1505,6.600235223770142,0.22019113150732,PBPF,cracker_scene1,30,old
1506,6.6046223640441895,0.21878698722186823,PBPF,cracker_scene1,30,old
1507,6.609122037887573,0.21990954658832865,PBPF,cracker_scene1,30,old
1508,6.613542556762695,0.21990954658832865,PBPF,cracker_scene1,30,old
1509,6.617916822433472,0.21938717925161944,PBPF,cracker_scene1,30,old
1510,6.622230768203735,0.21945390269940013,PBPF,cracker_scene1,30,old
1511,6.626688003540039,0.21942195819190582,PBPF,cracker_scene1,30,old
1512,6.631004333496094,0.21901202201666373,PBPF,cracker_scene1,30,old
1513,6.635193347930908,0.2178533088791213,PBPF,cracker_scene1,30,old
1514,6.639549016952515,0.2178533088791213,PBPF,cracker_scene1,30,old
1515,6.643990993499756,0.21804625144407433,PBPF,cracker_scene1,30,old
1516,6.648380994796753,0.21804625144407433,PBPF,cracker_scene1,30,old
1517,6.652925491333008,0.21786504026124756,PBPF,cracker_scene1,30,old
1518,6.656939506530762,0.21786504026124756,PBPF,cracker_scene1,30,old
1519,6.6613523960113525,0.21958394337321044,PBPF,cracker_scene1,30,old
1520,6.665435791015625,0.21958394337321044,PBPF,cracker_scene1,30,old
1521,6.6698784828186035,0.21932545346049215,PBPF,cracker_scene1,30,old
1522,6.674034118652344,0.21932545346049215,PBPF,cracker_scene1,30,old
1523,6.678729295730591,0.21937363842794427,PBPF,cracker_scene1,30,old
1524,6.6829094886779785,0.21937363842794427,PBPF,cracker_scene1,30,old
1525,6.687403440475464,0.2185690072831866,PBPF,cracker_scene1,30,old
1526,6.691469430923462,0.21977061286662514,PBPF,cracker_scene1,30,old
1527,6.695952892303467,0.218126009036854,PBPF,cracker_scene1,30,old
1528,6.700186729431152,0.2179354987023816,PBPF,cracker_scene1,30,old
1529,6.704580307006836,0.2179354987023816,PBPF,cracker_scene1,30,old
1530,6.709019184112549,0.21620994333815577,PBPF,cracker_scene1,30,old
1531,6.713380336761475,0.21620994333815577,PBPF,cracker_scene1,30,old
1532,6.717751741409302,0.21724334763748435,PBPF,cracker_scene1,30,old
1533,6.722535610198975,0.21724334763748435,PBPF,cracker_scene1,30,old
1534,6.726962327957153,0.2182069510647057,PBPF,cracker_scene1,30,old
1535,6.731289386749268,0.2182069510647057,PBPF,cracker_scene1,30,old
1536,6.735659122467041,0.21840006649951296,PBPF,cracker_scene1,30,old
1537,6.740360736846924,0.21840006649951296,PBPF,cracker_scene1,30,old
1538,6.745011568069458,0.21262117992350849,PBPF,cracker_scene1,30,old
1539,6.749014616012573,0.21262117992350849,PBPF,cracker_scene1,30,old
1540,6.753181219100952,0.2125237682939094,PBPF,cracker_scene1,30,old
1541,6.757167100906372,0.2125237682939094,PBPF,cracker_scene1,30,old
1542,6.761711835861206,0.21228832038635037,PBPF,cracker_scene1,30,old
1543,6.765984535217285,0.21223026886537255,PBPF,cracker_scene1,30,old
1544,6.770656585693359,0.21141966303869708,PBPF,cracker_scene1,30,old
1545,6.77497410774231,0.2113810242304126,PBPF,cracker_scene1,30,old
1546,6.779421806335449,0.2113810242304126,PBPF,cracker_scene1,30,old
1547,6.783648490905762,0.2116267330685373,PBPF,cracker_scene1,30,old
1548,6.788119316101074,0.2116267330685373,PBPF,cracker_scene1,30,old
1549,6.792291164398193,0.21171606163820833,PBPF,cracker_scene1,30,old
1550,6.796579599380493,0.2115308774610014,PBPF,cracker_scene1,30,old
1551,6.8009068965911865,0.21135950251975633,PBPF,cracker_scene1,30,old
1552,6.805079460144043,0.21135950251975633,PBPF,cracker_scene1,30,old
1553,6.809432029724121,0.21122741586065885,PBPF,cracker_scene1,30,old
1554,6.813800811767578,0.21122741586065885,PBPF,cracker_scene1,30,old
1555,6.818661451339722,0.21121520867833432,PBPF,cracker_scene1,30,old
1556,6.822873830795288,0.21121520867833432,PBPF,cracker_scene1,30,old
1557,6.827214241027832,0.21156390137334924,PBPF,cracker_scene1,30,old
1558,6.831327676773071,0.21156390137334924,PBPF,cracker_scene1,30,old
1559,6.835800886154175,0.21153033791960762,PBPF,cracker_scene1,30,old
1560,6.839872598648071,0.21153033791960762,PBPF,cracker_scene1,30,old
1561,6.844518184661865,0.2113957311639254,PBPF,cracker_scene1,30,old
1562,6.848570108413696,0.2113957311639254,PBPF,cracker_scene1,30,old
1563,6.853116273880005,0.21070480519670376,PBPF,cracker_scene1,30,old
1564,6.857248783111572,0.21070480519670376,PBPF,cracker_scene1,30,old
1565,6.86177921295166,0.2091443189662998,PBPF,cracker_scene1,30,old
1566,6.865928649902344,0.2091443189662998,PBPF,cracker_scene1,30,old
1567,6.870201349258423,0.2103822300213496,PBPF,cracker_scene1,30,old
1568,6.874338626861572,0.2103822300213496,PBPF,cracker_scene1,30,old
1569,6.8789308071136475,0.2105996850369598,PBPF,cracker_scene1,30,old
1570,6.883077144622803,0.2105996850369598,PBPF,cracker_scene1,30,old
1571,6.887554883956909,0.2108120654365404,PBPF,cracker_scene1,30,old
1572,6.891811847686768,0.2108120654365404,PBPF,cracker_scene1,30,old
1573,6.8961474895477295,0.21139785988697746,PBPF,cracker_scene1,30,old
1574,6.90064811706543,0.2145081027591198,PBPF,cracker_scene1,30,old
1575,6.905184268951416,0.21463103102302572,PBPF,cracker_scene1,30,old
1576,6.909610033035278,0.21369820707120546,PBPF,cracker_scene1,30,old
1577,6.913899660110474,0.21369820707120546,PBPF,cracker_scene1,30,old
1578,6.918279647827148,0.21369820707120546,PBPF,cracker_scene1,30,old
1579,6.9226295948028564,0.21372483039650625,PBPF,cracker_scene1,30,old
1580,6.926804780960083,0.21372483039650625,PBPF,cracker_scene1,30,old
1581,6.931107997894287,0.2125619995565211,PBPF,cracker_scene1,30,old
1582,6.935208559036255,0.21211830614545857,PBPF,cracker_scene1,30,old
1583,6.939585447311401,0.21360962900955727,PBPF,cracker_scene1,30,old
1584,6.943985223770142,0.21335264704220958,PBPF,cracker_scene1,30,old
1585,6.94810152053833,0.21335264704220958,PBPF,cracker_scene1,30,old
1586,6.952692985534668,0.21335264704220958,PBPF,cracker_scene1,30,old
1587,6.957204818725586,0.21380649469584423,PBPF,cracker_scene1,30,old
1588,6.9614832401275635,0.21380649469584423,PBPF,cracker_scene1,30,old
1589,6.965818643569946,0.2137940865242438,PBPF,cracker_scene1,30,old
1590,6.970085382461548,0.2137940865242438,PBPF,cracker_scene1,30,old
1591,6.974372863769531,0.212358545165646,PBPF,cracker_scene1,30,old
1592,6.978600740432739,0.212358545165646,PBPF,cracker_scene1,30,old
1593,6.982938528060913,0.2124693713469359,PBPF,cracker_scene1,30,old
1594,6.987206697463989,0.21224598392206495,PBPF,cracker_scene1,30,old
1595,6.991591930389404,0.2131482369288875,PBPF,cracker_scene1,30,old
1596,6.995873212814331,0.2131482369288875,PBPF,cracker_scene1,30,old
1597,7.000141143798828,0.21291418867651934,PBPF,cracker_scene1,30,old
1598,7.004457473754883,0.21291418867651934,PBPF,cracker_scene1,30,old
1599,7.008775472640991,0.21290615349121822,PBPF,cracker_scene1,30,old
1600,7.013275146484375,0.21272085089298276,PBPF,cracker_scene1,30,old
1601,7.017416000366211,0.21272085089298276,PBPF,cracker_scene1,30,old
1602,7.021721839904785,0.21262390912327778,PBPF,cracker_scene1,30,old
1603,7.025810718536377,0.21262390912327778,PBPF,cracker_scene1,30,old
1604,7.030158281326294,0.21262390912327778,PBPF,cracker_scene1,30,old
1605,7.0347068309783936,0.21285486330781112,PBPF,cracker_scene1,30,old
1606,7.039788246154785,0.21303419753940922,PBPF,cracker_scene1,30,old
1607,7.044518709182739,0.2113022470353778,PBPF,cracker_scene1,30,old
1608,7.049040079116821,0.2113022470353778,PBPF,cracker_scene1,30,old
1609,7.053798675537109,0.21279068967458414,PBPF,cracker_scene1,30,old
1610,7.058383464813232,0.21547453912112946,PBPF,cracker_scene1,30,old
1611,7.062895059585571,0.21547453912112946,PBPF,cracker_scene1,30,old
1612,7.0670881271362305,0.21554413354319824,PBPF,cracker_scene1,30,old
1613,7.071800231933594,0.21554413354319824,PBPF,cracker_scene1,30,old
1614,7.07631254196167,0.21526913663177893,PBPF,cracker_scene1,30,old
1615,7.080788850784302,0.21526913663177893,PBPF,cracker_scene1,30,old
1616,7.085176229476929,0.21516742639718078,PBPF,cracker_scene1,30,old
1617,7.089753866195679,0.21516742639718078,PBPF,cracker_scene1,30,old
1618,7.094343662261963,0.2151486471216968,PBPF,cracker_scene1,30,old
1619,7.09837007522583,0.2151486471216968,PBPF,cracker_scene1,30,old
1620,7.102653741836548,0.2143699965385304,PBPF,cracker_scene1,30,old
1621,7.10680890083313,0.2143699965385304,PBPF,cracker_scene1,30,old
1622,7.11135458946228,0.21565906731527917,PBPF,cracker_scene1,30,old
1623,7.115467309951782,0.21565906731527917,PBPF,cracker_scene1,30,old
1624,7.119768142700195,0.2155184527838383,PBPF,cracker_scene1,30,old
1625,7.1239013671875,0.2155184527838383,PBPF,cracker_scene1,30,old
1626,7.128180027008057,0.2161616953247094,PBPF,cracker_scene1,30,old
1627,7.132190942764282,0.2161616953247094,PBPF,cracker_scene1,30,old
1628,7.136544466018677,0.215714073137093,PBPF,cracker_scene1,30,old
1629,7.140527963638306,0.215714073137093,PBPF,cracker_scene1,30,old
1630,7.145137310028076,0.21538677708267606,PBPF,cracker_scene1,30,old
1631,7.149108409881592,0.21538677708267606,PBPF,cracker_scene1,30,old
1632,7.153532266616821,0.215253995960059,PBPF,cracker_scene1,30,old
1633,7.157449960708618,0.215253995960059,PBPF,cracker_scene1,30,old
1634,7.1619250774383545,0.2147588639832767,PBPF,cracker_scene1,30,old
1635,7.165855169296265,0.2147588639832767,PBPF,cracker_scene1,30,old
1636,7.170159816741943,0.21512576401571248,PBPF,cracker_scene1,30,old
1637,7.174321889877319,0.21512576401571248,PBPF,cracker_scene1,30,old
1638,7.178742170333862,0.21403402349594192,PBPF,cracker_scene1,30,old
1639,7.182787656784058,0.21403402349594192,PBPF,cracker_scene1,30,old
1640,7.187096357345581,0.2138761140811818,PBPF,cracker_scene1,30,old
1641,7.191513776779175,0.2147750249843341,PBPF,cracker_scene1,30,old
1642,7.196269512176514,0.2147750249843341,PBPF,cracker_scene1,30,old
1643,7.200369119644165,0.21524181831414424,PBPF,cracker_scene1,30,old
1644,7.205044269561768,0.21524181831414424,PBPF,cracker_scene1,30,old
1645,7.209348201751709,0.21493341522613552,PBPF,cracker_scene1,30,old
1646,7.213970422744751,0.22322011609976045,PBPF,cracker_scene1,30,old
1647,7.2182228565216064,0.22231321589742148,PBPF,cracker_scene1,30,old
1648,7.2224366664886475,0.22231321589742148,PBPF,cracker_scene1,30,old
1649,7.226395130157471,0.22347743981742063,PBPF,cracker_scene1,30,old
1650,7.2308573722839355,0.22362782836939843,PBPF,cracker_scene1,30,old
1651,7.235365629196167,0.22317242473643972,PBPF,cracker_scene1,30,old
1652,7.239400625228882,0.22317242473643972,PBPF,cracker_scene1,30,old
1653,7.2438037395477295,0.22322128407448627,PBPF,cracker_scene1,30,old
1654,7.247850179672241,0.22322128407448627,PBPF,cracker_scene1,30,old
1655,7.252138614654541,0.22334933078099972,PBPF,cracker_scene1,30,old
1656,7.256188631057739,0.22334933078099972,PBPF,cracker_scene1,30,old
1657,7.260388612747192,0.2221717447231768,PBPF,cracker_scene1,30,old
1658,7.2645368576049805,0.2221717447231768,PBPF,cracker_scene1,30,old
1659,7.268774032592773,0.22304183060591054,PBPF,cracker_scene1,30,old
1660,7.2729411125183105,0.22304183060591054,PBPF,cracker_scene1,30,old
1661,7.277272462844849,0.2226977935972192,PBPF,cracker_scene1,30,old
1662,7.281300783157349,0.2226977935972192,PBPF,cracker_scene1,30,old
1663,7.285825252532959,0.2214936046652456,PBPF,cracker_scene1,30,old
1664,7.289869546890259,0.2214936046652456,PBPF,cracker_scene1,30,old
1665,7.294534683227539,0.2215029480437254,PBPF,cracker_scene1,30,old
1666,7.298726797103882,0.2215029480437254,PBPF,cracker_scene1,30,old
1667,7.303175926208496,0.22269451203785984,PBPF,cracker_scene1,30,old
1668,7.307394981384277,0.22269451203785984,PBPF,cracker_scene1,30,old
1669,7.312256574630737,0.22270472341634218,PBPF,cracker_scene1,30,old
1670,7.316579580307007,0.22270472341634218,PBPF,cracker_scene1,30,old
1671,7.320888519287109,0.22270472341634218,PBPF,cracker_scene1,30,old
1672,7.325383424758911,0.2226440115608801,PBPF,cracker_scene1,30,old
1673,7.329723119735718,0.2226440115608801,PBPF,cracker_scene1,30,old
1674,7.3341240882873535,0.22149699998781713,PBPF,cracker_scene1,30,old
1675,7.338387489318848,0.22149699998781713,PBPF,cracker_scene1,30,old
1676,7.342717170715332,0.22153276210870843,PBPF,cracker_scene1,30,old
1677,7.347360372543335,0.22266911377538712,PBPF,cracker_scene1,30,old
1678,7.351792097091675,0.22126950112945298,PBPF,cracker_scene1,30,old
1679,7.355997085571289,0.22126950112945298,PBPF,cracker_scene1,30,old
1680,7.360226631164551,0.2223916659875913,PBPF,cracker_scene1,30,old
1681,7.364585876464844,0.2223916659875913,PBPF,cracker_scene1,30,old
1682,7.368993759155273,0.2225943318535224,PBPF,cracker_scene1,30,old
1683,7.373593330383301,0.22109822473269336,PBPF,cracker_scene1,30,old
1684,7.3780677318573,0.2200481971345054,PBPF,cracker_scene1,30,old
1685,7.382317066192627,0.2200481971345054,PBPF,cracker_scene1,30,old
1686,7.386760711669922,0.22118945000498336,PBPF,cracker_scene1,30,old
1687,7.391100645065308,0.22118945000498336,PBPF,cracker_scene1,30,old
1688,7.395515441894531,0.22112441719324405,PBPF,cracker_scene1,30,old
1689,7.3996052742004395,0.22112441719324405,PBPF,cracker_scene1,30,old
1690,7.404006242752075,0.22112441719324405,PBPF,cracker_scene1,30,old
1691,7.408331871032715,0.22145828423284453,PBPF,cracker_scene1,30,old
1692,7.412707567214966,0.22026925412958587,PBPF,cracker_scene1,30,old
1693,7.416934967041016,0.22026925412958587,PBPF,cracker_scene1,30,old
1694,7.421293497085571,0.22026925412958587,PBPF,cracker_scene1,30,old
1695,7.4255757331848145,0.22171515674090791,PBPF,cracker_scene1,30,old
1696,7.429708957672119,0.22171515674090791,PBPF,cracker_scene1,30,old
1697,7.434144496917725,0.22178702451678767,PBPF,cracker_scene1,30,old
1698,7.438726902008057,0.22149676326444467,PBPF,cracker_scene1,30,old
1699,7.443363189697266,0.22151553203515562,PBPF,cracker_scene1,30,old
1700,7.447556972503662,0.2211874296460694,PBPF,cracker_scene1,30,old
1701,7.45215916633606,0.2200863604956842,PBPF,cracker_scene1,30,old
1702,7.456422805786133,0.2200863604956842,PBPF,cracker_scene1,30,old
1703,7.460745334625244,0.22101092767762776,PBPF,cracker_scene1,30,old
1704,7.46497654914856,0.22101092767762776,PBPF,cracker_scene1,30,old
1705,7.4695374965667725,0.22091076086268746,PBPF,cracker_scene1,30,old
1706,7.473645925521851,0.21978506944947096,PBPF,cracker_scene1,30,old
1707,7.4781410694122314,0.21974291767503917,PBPF,cracker_scene1,30,old
1708,7.482416391372681,0.21974291767503917,PBPF,cracker_scene1,30,old
1709,7.487017393112183,0.2207900062568049,PBPF,cracker_scene1,30,old
1710,7.491089820861816,0.2207900062568049,PBPF,cracker_scene1,30,old
1711,7.49568247795105,0.2207647218323796,PBPF,cracker_scene1,30,old
1712,7.499725103378296,0.2207647218323796,PBPF,cracker_scene1,30,old
1713,7.504175901412964,0.22072352059678568,PBPF,cracker_scene1,30,old
1714,7.508577823638916,0.21960478861292998,PBPF,cracker_scene1,30,old
1715,7.512920141220093,0.21960478861292998,PBPF,cracker_scene1,30,old
1716,7.517081260681152,0.21989318475683106,PBPF,cracker_scene1,30,old
1717,7.5215959548950195,0.21988741332301132,PBPF,cracker_scene1,30,old
1718,7.525950908660889,0.2206896509497076,PBPF,cracker_scene1,30,old
1719,7.53024435043335,0.2206896509497076,PBPF,cracker_scene1,30,old
1720,7.534506559371948,0.2207284495815367,PBPF,cracker_scene1,30,old
1721,7.538701772689819,0.2207284495815367,PBPF,cracker_scene1,30,old
1722,7.54300332069397,0.220574935010605,PBPF,cracker_scene1,30,old
1723,7.547587633132935,0.220574935010605,PBPF,cracker_scene1,30,old
1724,7.5518882274627686,0.22050330301089272,PBPF,cracker_scene1,30,old
1725,7.556061744689941,0.22050330301089272,PBPF,cracker_scene1,30,old
1726,7.560397148132324,0.22061562920294797,PBPF,cracker_scene1,30,old
1727,7.564647674560547,0.22061562920294797,PBPF,cracker_scene1,30,old
1728,7.56915283203125,0.22041829602599616,PBPF,cracker_scene1,30,old
1729,7.573363780975342,0.22041829602599616,PBPF,cracker_scene1,30,old
1730,7.578089952468872,0.2205773292975186,PBPF,cracker_scene1,30,old
1731,7.582278490066528,0.2205773292975186,PBPF,cracker_scene1,30,old
1732,7.586881399154663,0.22043626461550758,PBPF,cracker_scene1,30,old
1733,7.59100604057312,0.22043626461550758,PBPF,cracker_scene1,30,old
1734,7.59547758102417,0.21954759275612634,PBPF,cracker_scene1,30,old
1735,7.599490642547607,0.21954759275612634,PBPF,cracker_scene1,30,old
1736,7.6040358543396,0.22066005991798487,PBPF,cracker_scene1,30,old
1737,7.608272314071655,0.22066771610451763,PBPF,cracker_scene1,30,old
1738,7.612926483154297,0.22066771610451763,PBPF,cracker_scene1,30,old
1739,7.617213726043701,0.2204286385666414,PBPF,cracker_scene1,30,old
1740,7.621439218521118,0.2204286385666414,PBPF,cracker_scene1,30,old
1741,7.625900745391846,0.2194699531356079,PBPF,cracker_scene1,30,old
1742,7.630021810531616,0.2194699531356079,PBPF,cracker_scene1,30,old
1743,7.634248733520508,0.2206128356398276,PBPF,cracker_scene1,30,old
1744,7.638550758361816,0.22063613972899354,PBPF,cracker_scene1,30,old
1745,7.6427881717681885,0.22063722620372417,PBPF,cracker_scene1,30,old
1746,7.647131681442261,0.22063722620372417,PBPF,cracker_scene1,30,old
1747,7.651433706283569,0.2206275518845171,PBPF,cracker_scene1,30,old
1748,7.655751705169678,0.2206275518845171,PBPF,cracker_scene1,30,old
1749,7.659875154495239,0.2204650594455888,PBPF,cracker_scene1,30,old
1750,7.6640708446502686,0.2204650594455888,PBPF,cracker_scene1,30,old
1751,7.668163299560547,0.22087306197498968,PBPF,cracker_scene1,30,old
1752,7.672555208206177,0.22087306197498968,PBPF,cracker_scene1,30,old
1753,7.676863193511963,0.2194031918614474,PBPF,cracker_scene1,30,old
1754,7.681017160415649,0.2194031918614474,PBPF,cracker_scene1,30,old
1755,7.685248851776123,0.22057233048280978,PBPF,cracker_scene1,30,old
1756,7.689375638961792,0.22057233048280978,PBPF,cracker_scene1,30,old
1757,7.694268703460693,0.21954043926300848,PBPF,cracker_scene1,30,old
1758,7.69880223274231,0.21954043926300848,PBPF,cracker_scene1,30,old
1759,7.703205585479736,0.22096482934095896,PBPF,cracker_scene1,30,old
1760,7.707311391830444,0.22096482934095896,PBPF,cracker_scene1,30,old
1761,7.711707353591919,0.22062963492133925,PBPF,cracker_scene1,30,old
1762,7.715681791305542,0.22062963492133925,PBPF,cracker_scene1,30,old
1763,7.720128774642944,0.2195488359007518,PBPF,cracker_scene1,30,old
1764,7.724194288253784,0.2195488359007518,PBPF,cracker_scene1,30,old
1765,7.728473424911499,0.2206527327458483,PBPF,cracker_scene1,30,old
1766,7.7324302196502686,0.2206527327458483,PBPF,cracker_scene1,30,old
1767,7.73681378364563,0.2195138879994607,PBPF,cracker_scene1,30,old
1768,7.741052627563477,0.2195138879994607,PBPF,cracker_scene1,30,old
1769,7.745496988296509,0.22065555444004392,PBPF,cracker_scene1,30,old
1770,7.749469757080078,0.22065555444004392,PBPF,cracker_scene1,30,old
1771,7.753784418106079,0.22062922047687383,PBPF,cracker_scene1,30,old
1772,7.757997751235962,0.21959545492673094,PBPF,cracker_scene1,30,old
1773,7.762245178222656,0.21949470499502155,PBPF,cracker_scene1,30,old
1774,7.766304969787598,0.21939658697202802,PBPF,cracker_scene1,30,old
1775,7.77060079574585,0.21951978995582433,PBPF,cracker_scene1,30,old
1776,7.774758338928223,0.21962697002229614,PBPF,cracker_scene1,30,old
1777,7.779170036315918,0.21964442204826895,PBPF,cracker_scene1,30,old
1778,7.783340215682983,0.21964442204826895,PBPF,cracker_scene1,30,old
1779,7.787876605987549,0.22062352968339205,PBPF,cracker_scene1,30,old
1780,7.792061805725098,0.22120523331892983,PBPF,cracker_scene1,30,old
1781,7.796489000320435,0.22120523331892983,PBPF,cracker_scene1,30,old
1782,7.800722122192383,0.22074287117155134,PBPF,cracker_scene1,30,old
1783,7.805229902267456,0.22074287117155134,PBPF,cracker_scene1,30,old
1784,7.809938192367554,0.22059974513371738,PBPF,cracker_scene1,30,old
1785,7.814384698867798,0.22059974513371738,PBPF,cracker_scene1,30,old
1786,7.818864345550537,0.22099399461639546,PBPF,cracker_scene1,30,old
1787,7.823098182678223,0.22099399461639546,PBPF,cracker_scene1,30,old
1788,7.827759027481079,0.22065120825764772,PBPF,cracker_scene1,30,old
1789,7.832013368606567,0.22065120825764772,PBPF,cracker_scene1,30,old
1790,7.836491346359253,0.21954760913693505,PBPF,cracker_scene1,30,old
1791,7.840711832046509,0.21954760913693505,PBPF,cracker_scene1,30,old
1792,7.845630168914795,0.2195000045473563,PBPF,cracker_scene1,30,old
1793,7.849670648574829,0.2195000045473563,PBPF,cracker_scene1,30,old
1794,7.8542046546936035,0.2207333939580467,PBPF,cracker_scene1,30,old
1795,7.858713150024414,0.2206884536703937,PBPF,cracker_scene1,30,old
1796,7.862885475158691,0.2206884536703937,PBPF,cracker_scene1,30,old
1797,7.866990327835083,0.2196207181610781,PBPF,cracker_scene1,30,old
1798,7.871194362640381,0.2197908578259371,PBPF,cracker_scene1,30,old
1799,7.875413656234741,0.2198555803396527,PBPF,cracker_scene1,30,old
1800,7.879740238189697,0.2198555803396527,PBPF,cracker_scene1,30,old
1801,7.883957147598267,0.2198779313401671,PBPF,cracker_scene1,30,old
1802,7.888231515884399,0.2198779313401671,PBPF,cracker_scene1,30,old
1803,7.892322063446045,0.22019882030507532,PBPF,cracker_scene1,30,old
1804,7.8966124057769775,0.22019882030507532,PBPF,cracker_scene1,30,old
1805,7.900859832763672,0.21954158641218946,PBPF,cracker_scene1,30,old
1806,7.905154705047607,0.21954158641218946,PBPF,cracker_scene1,30,old
1807,7.909386157989502,0.2207537477783914,PBPF,cracker_scene1,30,old
1808,7.913556337356567,0.2207537477783914,PBPF,cracker_scene1,30,old
1809,7.917706727981567,0.2205947897738625,PBPF,cracker_scene1,30,old
1810,7.921940088272095,0.2205947897738625,PBPF,cracker_scene1,30,old
1811,7.926081895828247,0.22015344334551212,PBPF,cracker_scene1,30,old
1812,7.9303765296936035,0.22015344334551212,PBPF,cracker_scene1,30,old
1813,7.934575796127319,0.22018799351017027,PBPF,cracker_scene1,30,old
1814,7.938736200332642,0.22018799351017027,PBPF,cracker_scene1,30,old
1815,7.942934989929199,0.22010127819604097,PBPF,cracker_scene1,30,old
1816,7.947423934936523,0.22010127819604097,PBPF,cracker_scene1,30,old
1817,7.952168703079224,0.21889097959764392,PBPF,cracker_scene1,30,old
1818,7.956447601318359,0.21889097959764392,PBPF,cracker_scene1,30,old
1819,7.960989952087402,0.2201258853650181,PBPF,cracker_scene1,30,old
1820,7.9650866985321045,0.2201258853650181,PBPF,cracker_scene1,30,old
1821,7.969526290893555,0.21890164206312424,PBPF,cracker_scene1,30,old
1822,7.97391152381897,0.21890164206312424,PBPF,cracker_scene1,30,old
1823,7.97881555557251,0.22013298325234665,PBPF,cracker_scene1,30,old
1824,7.9830076694488525,0.22013298325234665,PBPF,cracker_scene1,30,old
1825,7.98748779296875,0.21998322772755063,PBPF,cracker_scene1,30,old
1826,7.991640567779541,0.21993833969227072,PBPF,cracker_scene1,30,old
1827,7.996186017990112,0.21981440167426225,PBPF,cracker_scene1,30,old
1828,8.00060749053955,0.21964520580961544,PBPF,cracker_scene1,30,old
1829,8.005005598068237,0.21964520580961544,PBPF,cracker_scene1,30,old
1830,8.009572505950928,0.21980495045332393,PBPF,cracker_scene1,30,old
1831,8.0143883228302,0.22006099948906144,PBPF,cracker_scene1,30,old
1832,8.018994331359863,0.21900499464177337,PBPF,cracker_scene1,30,old
1833,8.022971630096436,0.21900499464177337,PBPF,cracker_scene1,30,old
1834,8.027554035186768,0.2199053955500343,PBPF,cracker_scene1,30,old
1835,8.03179669380188,0.2199053955500343,PBPF,cracker_scene1,30,old
1836,8.036564826965332,0.21840220220097173,PBPF,cracker_scene1,30,old
1837,8.040624856948853,0.21840220220097173,PBPF,cracker_scene1,30,old
1838,8.045461654663086,0.21836293483613645,PBPF,cracker_scene1,30,old
1839,8.049779176712036,0.21836293483613645,PBPF,cracker_scene1,30,old
1840,8.054362773895264,0.21928710775270233,PBPF,cracker_scene1,30,old
1841,8.058555126190186,0.21820129145548695,PBPF,cracker_scene1,30,old
1842,8.063010215759277,0.2180312971536118,PBPF,cracker_scene1,30,old
1843,8.067260980606079,0.2191565919276126,PBPF,cracker_scene1,30,old
1844,8.071823120117188,0.21888684997189944,PBPF,cracker_scene1,30,old
1845,8.076035022735596,0.21888684997189944,PBPF,cracker_scene1,30,old
1846,8.080603837966919,0.2189354514934747,PBPF,cracker_scene1,30,old
1847,8.08492660522461,0.21885635649612212,PBPF,cracker_scene1,30,old
1848,8.088960409164429,0.21885635649612212,PBPF,cracker_scene1,30,old
1849,8.093209505081177,0.21885635649612212,PBPF,cracker_scene1,30,old
1850,8.097406387329102,0.21880155360069065,PBPF,cracker_scene1,30,old
1851,8.101654767990112,0.21839703008329892,PBPF,cracker_scene1,30,old
1852,8.106089115142822,0.21880393970012513,PBPF,cracker_scene1,30,old
1853,8.110538721084595,0.21880393970012513,PBPF,cracker_scene1,30,old
1854,8.115015268325806,0.21839134715850506,PBPF,cracker_scene1,30,old
1855,8.119823455810547,0.21837398501966465,PBPF,cracker_scene1,30,old
1856,8.124993801116943,0.2170199484173505,PBPF,cracker_scene1,30,old
1857,8.129653930664062,0.2170199484173505,PBPF,cracker_scene1,30,old
1858,8.133977890014648,0.21660887756750924,PBPF,cracker_scene1,30,old
1859,8.13875412940979,0.21774248999194956,PBPF,cracker_scene1,30,old
1860,8.143144845962524,0.2178902577131634,PBPF,cracker_scene1,30,old
1861,8.147758960723877,0.2178902577131634,PBPF,cracker_scene1,30,old
1862,8.15229845046997,0.21779323412459473,PBPF,cracker_scene1,30,old
1863,8.156700134277344,0.21779323412459473,PBPF,cracker_scene1,30,old
1864,8.161216497421265,0.2170508566457654,PBPF,cracker_scene1,30,old
1865,8.165818214416504,0.2170508566457654,PBPF,cracker_scene1,30,old
1866,8.17032241821289,0.21693291974836892,PBPF,cracker_scene1,30,old
1867,8.174658060073853,0.21697697155808182,PBPF,cracker_scene1,30,old
1868,8.179303646087646,0.22397414746407207,PBPF,cracker_scene1,30,old
1869,8.183380842208862,0.22397414746407207,PBPF,cracker_scene1,30,old
1870,8.187632083892822,0.22440418323702124,PBPF,cracker_scene1,30,old
1871,8.191947221755981,0.22440418323702124,PBPF,cracker_scene1,30,old
1872,8.196232080459595,0.22421964831483476,PBPF,cracker_scene1,30,old
1873,8.200546264648438,0.22421964831483476,PBPF,cracker_scene1,30,old
1874,8.204576015472412,0.22329960134862903,PBPF,cracker_scene1,30,old
1875,8.20900845527649,0.22329960134862903,PBPF,cracker_scene1,30,old
1876,8.213394165039062,0.2233032389693996,PBPF,cracker_scene1,30,old
1877,8.217669486999512,0.2233032389693996,PBPF,cracker_scene1,30,old
1878,8.221899271011353,0.2234919801972427,PBPF,cracker_scene1,30,old
1879,8.225996494293213,0.2234919801972427,PBPF,cracker_scene1,30,old
1880,8.230479001998901,0.2234289316996877,PBPF,cracker_scene1,30,old
1881,8.235123634338379,0.2223081197360407,PBPF,cracker_scene1,30,old
1882,8.239582538604736,0.2223120743423201,PBPF,cracker_scene1,30,old
1883,8.244053363800049,0.22341009044106627,PBPF,cracker_scene1,30,old
1884,8.248294115066528,0.22341009044106627,PBPF,cracker_scene1,30,old
1885,8.25276231765747,0.2233141651252294,PBPF,cracker_scene1,30,old
1886,8.25675654411316,0.2233141651252294,PBPF,cracker_scene1,30,old
1887,8.261252880096436,0.22186247751199015,PBPF,cracker_scene1,30,old
1888,8.265244960784912,0.22186247751199015,PBPF,cracker_scene1,30,old
1889,8.269691705703735,0.22290660597652515,PBPF,cracker_scene1,30,old
1890,8.27375078201294,0.22290660597652515,PBPF,cracker_scene1,30,old
1891,8.27847695350647,0.22158254357441035,PBPF,cracker_scene1,30,old
1892,8.282893657684326,0.2230632279982267,PBPF,cracker_scene1,30,old
1893,8.287452697753906,0.2230632279982267,PBPF,cracker_scene1,30,old
1894,8.29163122177124,0.22190916108295308,PBPF,cracker_scene1,30,old
1895,8.295977115631104,0.22190916108295308,PBPF,cracker_scene1,30,old
1896,8.300224781036377,0.2230755680914134,PBPF,cracker_scene1,30,old
1897,8.30487060546875,0.22339929431912403,PBPF,cracker_scene1,30,old
1898,8.30928921699524,0.22115331404763877,PBPF,cracker_scene1,30,old
1899,8.31381630897522,0.22115331404763877,PBPF,cracker_scene1,30,old
1900,8.318310976028442,0.22064986435498127,PBPF,cracker_scene1,30,old
1901,8.322555303573608,0.22064986435498127,PBPF,cracker_scene1,30,old
1902,8.327075242996216,0.22167009501269458,PBPF,cracker_scene1,30,old
1903,8.331368684768677,0.22167009501269458,PBPF,cracker_scene1,30,old
1904,8.335944652557373,0.22100179796697447,PBPF,cracker_scene1,30,old
1905,8.340380907058716,0.22543431007221584,PBPF,cracker_scene1,30,old
1906,8.344731092453003,0.2250382481563879,PBPF,cracker_scene1,30,old
1907,8.34890103340149,0.2250382481563879,PBPF,cracker_scene1,30,old
1908,8.353370189666748,0.22515562517286308,PBPF,cracker_scene1,30,old
1909,8.357509136199951,0.22515562517286308,PBPF,cracker_scene1,30,old
1910,8.361927032470703,0.22470915460341898,PBPF,cracker_scene1,30,old
1911,8.36603331565857,0.22470915460341898,PBPF,cracker_scene1,30,old
1912,8.370551109313965,0.22365085897406264,PBPF,cracker_scene1,30,old
1913,8.374616384506226,0.22365085897406264,PBPF,cracker_scene1,30,old
1914,8.379093170166016,0.22375956126301694,PBPF,cracker_scene1,30,old
1915,8.383193016052246,0.2238452924066349,PBPF,cracker_scene1,30,old
1916,8.387574672698975,0.22389670022777466,PBPF,cracker_scene1,30,old
1917,8.3917555809021,0.2241468706163935,PBPF,cracker_scene1,30,old
1918,8.396097183227539,0.2241468706163935,PBPF,cracker_scene1,30,old
1919,8.400345087051392,0.2241468706163935,PBPF,cracker_scene1,30,old
1920,8.40465521812439,0.22350984967344,PBPF,cracker_scene1,30,old
1921,8.4090735912323,0.22284226611047875,PBPF,cracker_scene1,30,old
1922,8.413357973098755,0.22284226611047875,PBPF,cracker_scene1,30,old
1923,8.417667388916016,0.22510485500072708,PBPF,cracker_scene1,30,old
1924,8.421974897384644,0.22510485500072708,PBPF,cracker_scene1,30,old
1925,8.426250696182251,0.22409205494934664,PBPF,cracker_scene1,30,old
1926,8.430428504943848,0.22409205494934664,PBPF,cracker_scene1,30,old
1927,8.434873580932617,0.22254642966871516,PBPF,cracker_scene1,30,old
1928,8.439082145690918,0.22254642966871516,PBPF,cracker_scene1,30,old
1929,8.443612098693848,0.22362467496071223,PBPF,cracker_scene1,30,old
1930,8.447807550430298,0.22311891851101315,PBPF,cracker_scene1,30,old
1931,8.452182054519653,0.22237180380366328,PBPF,cracker_scene1,30,old
1932,8.456379175186157,0.22237180380366328,PBPF,cracker_scene1,30,old
1933,8.46082067489624,0.22353797479143417,PBPF,cracker_scene1,30,old
1934,8.464854001998901,0.22353797479143417,PBPF,cracker_scene1,30,old
1935,8.469526529312134,0.22390161403488254,PBPF,cracker_scene1,30,old
1936,8.473712921142578,0.22390161403488254,PBPF,cracker_scene1,30,old
1937,8.478426218032837,0.22440575744700023,PBPF,cracker_scene1,30,old
1938,8.482661485671997,0.2236918040905101,PBPF,cracker_scene1,30,old
1939,8.486950874328613,0.22313266063380047,PBPF,cracker_scene1,30,old
1940,8.491030931472778,0.22313266063380047,PBPF,cracker_scene1,30,old
1941,8.495277643203735,0.2217944295107506,PBPF,cracker_scene1,30,old
1942,8.499380111694336,0.2217944295107506,PBPF,cracker_scene1,30,old
1943,8.503867626190186,0.228112766228129,PBPF,cracker_scene1,30,old
1944,8.508161783218384,0.22789342301096846,PBPF,cracker_scene1,30,old
1945,8.512799739837646,0.227619393715642,PBPF,cracker_scene1,30,old
1946,8.516997814178467,0.227619393715642,PBPF,cracker_scene1,30,old
1947,8.521564722061157,0.2279010851668833,PBPF,cracker_scene1,30,old
1948,8.525831937789917,0.2279010851668833,PBPF,cracker_scene1,30,old
1949,8.529946088790894,0.2279010851668833,PBPF,cracker_scene1,30,old
1950,8.534461259841919,0.22647862063370117,PBPF,cracker_scene1,30,old
1951,8.538697719573975,0.22754615547456394,PBPF,cracker_scene1,30,old
1952,8.542969703674316,0.22781664936336804,PBPF,cracker_scene1,30,old
1953,8.54710578918457,0.22781664936336804,PBPF,cracker_scene1,30,old
1954,8.551326036453247,0.22788723229929672,PBPF,cracker_scene1,30,old
1955,8.555636882781982,0.22724666514343145,PBPF,cracker_scene1,30,old
1956,8.559826612472534,0.22724666514343145,PBPF,cracker_scene1,30,old
1957,8.564081192016602,0.22714859727550546,PBPF,cracker_scene1,30,old
1958,8.568603277206421,0.22697374575611212,PBPF,cracker_scene1,30,old
1959,8.572641372680664,0.22697374575611212,PBPF,cracker_scene1,30,old
1960,8.577157258987427,0.22682025851243565,PBPF,cracker_scene1,30,old
1961,8.581164598464966,0.22682025851243565,PBPF,cracker_scene1,30,old
1962,8.585632562637329,0.22688489639397486,PBPF,cracker_scene1,30,old
1963,8.589864015579224,0.22631067023994614,PBPF,cracker_scene1,30,old
1964,8.593912839889526,0.22682634131023638,PBPF,cracker_scene1,30,old
1965,8.598422288894653,0.226837752726238,PBPF,cracker_scene1,30,old
1966,8.602648735046387,0.22689592188471736,PBPF,cracker_scene1,30,old
1967,8.606780052185059,0.22689592188471736,PBPF,cracker_scene1,30,old
1968,8.611563682556152,0.22653935297002828,PBPF,cracker_scene1,30,old
1969,8.616115093231201,0.22662280213489344,PBPF,cracker_scene1,30,old
1970,8.620508193969727,0.22662280213489344,PBPF,cracker_scene1,30,old
1971,8.625232458114624,0.2263704100360885,PBPF,cracker_scene1,30,old
1972,8.629692077636719,0.2263704100360885,PBPF,cracker_scene1,30,old
1973,8.634105443954468,0.2250679223239884,PBPF,cracker_scene1,30,old
1974,8.638801336288452,0.22570084958263836,PBPF,cracker_scene1,30,old
1975,8.643523693084717,0.22563284144437934,PBPF,cracker_scene1,30,old
1976,8.647883176803589,0.22563284144437934,PBPF,cracker_scene1,30,old
1977,8.652456998825073,0.22477000229455443,PBPF,cracker_scene1,30,old
1978,8.656607151031494,0.22477000229455443,PBPF,cracker_scene1,30,old
1979,8.661209106445312,0.2250892723964238,PBPF,cracker_scene1,30,old
1980,8.665573596954346,0.2271084257024362,PBPF,cracker_scene1,30,old
1981,8.670072793960571,0.22735702695069918,PBPF,cracker_scene1,30,old
1982,8.674357175827026,0.22735702695069918,PBPF,cracker_scene1,30,old
1983,8.678927421569824,0.22690025500809555,PBPF,cracker_scene1,30,old
1984,8.683007001876831,0.22690025500809555,PBPF,cracker_scene1,30,old
1985,8.687415838241577,0.2273237646970251,PBPF,cracker_scene1,30,old
1986,8.691593647003174,0.2270581464947076,PBPF,cracker_scene1,30,old
1987,8.695989847183228,0.22705967496855822,PBPF,cracker_scene1,30,old
1988,8.700181722640991,0.22705967496855822,PBPF,cracker_scene1,30,old
1989,8.70457673072815,0.22614411222967115,PBPF,cracker_scene1,30,old
1990,8.709026336669922,0.2263775384676715,PBPF,cracker_scene1,30,old
1991,8.713445663452148,0.2269738239488519,PBPF,cracker_scene1,30,old
1992,8.71764063835144,0.22710802069106842,PBPF,cracker_scene1,30,old
1993,8.72186017036438,0.22710802069106842,PBPF,cracker_scene1,30,old
1994,8.726222515106201,0.22688067514617732,PBPF,cracker_scene1,30,old
1995,8.730400562286377,0.22688067514617732,PBPF,cracker_scene1,30,old
1996,8.734732389450073,0.22659334744589063,PBPF,cracker_scene1,30,old
1997,8.738984823226929,0.22659334744589063,PBPF,cracker_scene1,30,old
1998,8.743576526641846,0.22500219054042972,PBPF,cracker_scene1,30,old
1999,8.747659683227539,0.22500219054042972,PBPF,cracker_scene1,30,old
2000,8.751954078674316,0.22597646889641151,PBPF,cracker_scene1,30,old
2001,8.756147384643555,0.22597646889641151,PBPF,cracker_scene1,30,old
2002,8.76065731048584,0.22594413585633483,PBPF,cracker_scene1,30,old
2003,8.764867067337036,0.22594413585633483,PBPF,cracker_scene1,30,old
2004,8.76930832862854,0.2251240640687519,PBPF,cracker_scene1,30,old
2005,8.773741722106934,0.2251240640687519,PBPF,cracker_scene1,30,old
2006,8.778403043746948,0.22473713817709134,PBPF,cracker_scene1,30,old
2007,8.782495498657227,0.22473713817709134,PBPF,cracker_scene1,30,old
2008,8.786853313446045,0.22593573431149433,PBPF,cracker_scene1,30,old
2009,8.791030645370483,0.22593573431149433,PBPF,cracker_scene1,30,old
2010,8.795500040054321,0.225824648036963,PBPF,cracker_scene1,30,old
2011,8.799678802490234,0.22589260642284983,PBPF,cracker_scene1,30,old
2012,8.803915023803711,0.22584968967848168,PBPF,cracker_scene1,30,old
2013,8.808331966400146,0.2258777480887535,PBPF,cracker_scene1,30,old
2014,8.812944412231445,0.22572994493388743,PBPF,cracker_scene1,30,old
2015,8.817247152328491,0.2259250717427307,PBPF,cracker_scene1,30,old
2016,8.821768283843994,0.2259250717427307,PBPF,cracker_scene1,30,old
2017,8.826633214950562,0.2291697807861386,PBPF,cracker_scene1,30,old
2018,8.83106255531311,0.2291697807861386,PBPF,cracker_scene1,30,old
2019,8.835453510284424,0.22946175256575074,PBPF,cracker_scene1,30,old
2020,8.83963656425476,0.22946175256575074,PBPF,cracker_scene1,30,old
2021,8.844090461730957,0.2285293651512168,PBPF,cracker_scene1,30,old
2022,8.848041534423828,0.2285293651512168,PBPF,cracker_scene1,30,old
2023,8.852652788162231,0.2283282931181816,PBPF,cracker_scene1,30,old
2024,8.856658697128296,0.2283282931181816,PBPF,cracker_scene1,30,old
2025,8.861266374588013,0.22875982262496208,PBPF,cracker_scene1,30,old
2026,8.865394115447998,0.22875982262496208,PBPF,cracker_scene1,30,old
2027,8.869892120361328,0.22829865939935523,PBPF,cracker_scene1,30,old
2028,8.873878240585327,0.22829865939935523,PBPF,cracker_scene1,30,old
2029,8.87829303741455,0.2281561706060291,PBPF,cracker_scene1,30,old
2030,8.882352113723755,0.2281561706060291,PBPF,cracker_scene1,30,old
2031,8.886617660522461,0.2281441393049306,PBPF,cracker_scene1,30,old
2032,8.890616655349731,0.2281441393049306,PBPF,cracker_scene1,30,old
2033,8.894900560379028,0.22869381774460962,PBPF,cracker_scene1,30,old
2034,8.898953914642334,0.22869381774460962,PBPF,cracker_scene1,30,old
2035,8.903273820877075,0.22871709072125146,PBPF,cracker_scene1,30,old
2036,8.907243490219116,0.22871709072125146,PBPF,cracker_scene1,30,old
2037,8.911614894866943,0.22871818512945286,PBPF,cracker_scene1,30,old
2038,8.915627479553223,0.22871818512945286,PBPF,cracker_scene1,30,old
2039,8.919938325881958,0.22908896818890234,PBPF,cracker_scene1,30,old
2040,8.924046754837036,0.22908896818890234,PBPF,cracker_scene1,30,old
2041,8.928420305252075,0.2291808460285134,PBPF,cracker_scene1,30,old
2042,8.93252420425415,0.22915983133461104,PBPF,cracker_scene1,30,old
2043,8.9368417263031,0.22887641033432438,PBPF,cracker_scene1,30,old
2044,8.940876483917236,0.22885349337238647,PBPF,cracker_scene1,30,old
2045,8.945356845855713,0.22873565669279738,PBPF,cracker_scene1,30,old
2046,8.949853420257568,0.22840769654534565,PBPF,cracker_scene1,30,old
2047,8.95419716835022,0.22840769654534565,PBPF,cracker_scene1,30,old
2048,8.958401679992676,0.22726563839579406,PBPF,cracker_scene1,30,old
2049,8.96244215965271,0.22695233760351208,PBPF,cracker_scene1,30,old
2050,8.966800928115845,0.2281121814598981,PBPF,cracker_scene1,30,old
2051,8.971102237701416,0.2281121814598981,PBPF,cracker_scene1,30,old
2052,8.975589990615845,0.23079191953792755,PBPF,cracker_scene1,30,old
2053,8.980032682418823,0.23079191953792755,PBPF,cracker_scene1,30,old
2054,8.984374046325684,0.23086106380672256,PBPF,cracker_scene1,30,old
2055,8.98853325843811,0.23086106380672256,PBPF,cracker_scene1,30,old
2056,8.992828369140625,0.23090247876098147,PBPF,cracker_scene1,30,old
2057,8.997009515762329,0.23090247876098147,PBPF,cracker_scene1,30,old
2058,9.001242637634277,0.23173547714883025,PBPF,cracker_scene1,30,old
2059,9.005444526672363,0.23173547714883025,PBPF,cracker_scene1,30,old
2060,9.010048866271973,0.23152934931100067,PBPF,cracker_scene1,30,old
2061,9.014222145080566,0.23152934931100067,PBPF,cracker_scene1,30,old
2062,9.018612146377563,0.2313642377336862,PBPF,cracker_scene1,30,old
2063,9.022748947143555,0.2313642377336862,PBPF,cracker_scene1,30,old
2064,9.027167081832886,0.231237301714172,PBPF,cracker_scene1,30,old
2065,9.031293153762817,0.231237301714172,PBPF,cracker_scene1,30,old
2066,9.03578519821167,0.23122912977219467,PBPF,cracker_scene1,30,old
2067,9.039839506149292,0.23122912977219467,PBPF,cracker_scene1,30,old
2068,9.044570922851562,0.2299708521877415,PBPF,cracker_scene1,30,old
2069,9.048568725585938,0.2299708521877415,PBPF,cracker_scene1,30,old
2070,9.05331826210022,0.23080813668705602,PBPF,cracker_scene1,30,old
2071,9.057342767715454,0.23080813668705602,PBPF,cracker_scene1,30,old
2072,9.061665773391724,0.2300095725879583,PBPF,cracker_scene1,30,old
2073,9.065812110900879,0.2300095725879583,PBPF,cracker_scene1,30,old
2074,9.070056200027466,0.22986207558498872,PBPF,cracker_scene1,30,old
2075,9.074278831481934,0.22986207558498872,PBPF,cracker_scene1,30,old
2076,9.078859806060791,0.22978657100079314,PBPF,cracker_scene1,30,old
2077,9.083025455474854,0.22864432550376446,PBPF,cracker_scene1,30,old
2078,9.087337255477905,0.22899648768506697,PBPF,cracker_scene1,30,old
2079,9.091537475585938,0.2295068817863255,PBPF,cracker_scene1,30,old
2080,9.095686912536621,0.2295068817863255,PBPF,cracker_scene1,30,old
2081,9.099950790405273,0.2295068817863255,PBPF,cracker_scene1,30,old
2082,9.104718446731567,0.2306836554433822,PBPF,cracker_scene1,30,old
2083,9.109468936920166,0.23078438950182356,PBPF,cracker_scene1,30,old
2084,9.113795042037964,0.23078438950182356,PBPF,cracker_scene1,30,old
2085,9.118144512176514,0.23081662356282706,PBPF,cracker_scene1,30,old
2086,9.122390508651733,0.23081662356282706,PBPF,cracker_scene1,30,old
2087,9.126775979995728,0.2307395390217959,PBPF,cracker_scene1,30,old
2088,9.130970001220703,0.2307395390217959,PBPF,cracker_scene1,30,old
2089,9.135769605636597,0.2231931076667486,PBPF,cracker_scene1,30,old
2090,9.140164852142334,0.2231931076667486,PBPF,cracker_scene1,30,old
2091,9.144826412200928,0.22441502886656384,PBPF,cracker_scene1,30,old
2092,9.148996353149414,0.22441502886656384,PBPF,cracker_scene1,30,old
2093,9.153611421585083,0.22290321135681435,PBPF,cracker_scene1,30,old
2094,9.15774941444397,0.22290321135681435,PBPF,cracker_scene1,30,old
2095,9.162182331085205,0.22381030526330736,PBPF,cracker_scene1,30,old
2096,9.166246891021729,0.22381030526330736,PBPF,cracker_scene1,30,old
2097,9.17095398902893,0.22212382017611265,PBPF,cracker_scene1,30,old
2098,9.175142049789429,0.2237957169176399,PBPF,cracker_scene1,30,old
2099,9.17963981628418,0.2237957169176399,PBPF,cracker_scene1,30,old
2100,9.183817148208618,0.22391447431074862,PBPF,cracker_scene1,30,old
2101,9.188124179840088,0.22391447431074862,PBPF,cracker_scene1,30,old
2102,9.192578315734863,0.22261648852038896,PBPF,cracker_scene1,30,old
2103,9.196836948394775,0.22261648852038896,PBPF,cracker_scene1,30,old
2104,9.201151132583618,0.22241449875032693,PBPF,cracker_scene1,30,old
2105,9.205466270446777,0.22241449875032693,PBPF,cracker_scene1,30,old
2106,9.210112810134888,0.2226202418956742,PBPF,cracker_scene1,30,old
2107,9.214274883270264,0.2226202418956742,PBPF,cracker_scene1,30,old
2108,9.218770265579224,0.22362814821106802,PBPF,cracker_scene1,30,old
2109,9.222833156585693,0.22362814821106802,PBPF,cracker_scene1,30,old
2110,9.227351188659668,0.22247463028010106,PBPF,cracker_scene1,30,old
2111,9.231363534927368,0.22247463028010106,PBPF,cracker_scene1,30,old
2112,9.235755681991577,0.2237378712243645,PBPF,cracker_scene1,30,old
2113,9.240191221237183,0.2237378712243645,PBPF,cracker_scene1,30,old
2114,9.245086193084717,0.22385668229004896,PBPF,cracker_scene1,30,old
2115,9.249175310134888,0.22385668229004896,PBPF,cracker_scene1,30,old
2116,9.253568172454834,0.2238681887516547,PBPF,cracker_scene1,30,old
2117,9.257728338241577,0.2238681887516547,PBPF,cracker_scene1,30,old
2118,9.262040376663208,0.2242688782463782,PBPF,cracker_scene1,30,old
2119,9.26620888710022,0.2242520392272933,PBPF,cracker_scene1,30,old
2120,9.270531415939331,0.22406988083528034,PBPF,cracker_scene1,30,old
2121,9.274625778198242,0.22406988083528034,PBPF,cracker_scene1,30,old
2122,9.278688907623291,0.22296859871398755,PBPF,cracker_scene1,30,old
2123,9.283203363418579,0.2228167091341664,PBPF,cracker_scene1,30,old
2124,9.287334680557251,0.2228167091341664,PBPF,cracker_scene1,30,old
2125,9.291828632354736,0.22415784497671076,PBPF,cracker_scene1,30,old
2126,9.29634404182434,0.22400312204846173,PBPF,cracker_scene1,30,old
2127,9.30049729347229,0.22317658803116416,PBPF,cracker_scene1,30,old
2128,9.305136680603027,0.22291936119178615,PBPF,cracker_scene1,30,old
2129,9.309481143951416,0.22291936119178615,PBPF,cracker_scene1,30,old
2130,9.313834428787231,0.22281676565230982,PBPF,cracker_scene1,30,old
2131,9.318275213241577,0.22281676565230982,PBPF,cracker_scene1,30,old
2132,9.322473764419556,0.2226406648850901,PBPF,cracker_scene1,30,old
2133,9.326950311660767,0.2226406648850901,PBPF,cracker_scene1,30,old
2134,9.331399202346802,0.22206694338581043,PBPF,cracker_scene1,30,old
2135,9.335863590240479,0.22218063734941798,PBPF,cracker_scene1,30,old
2136,9.340519905090332,0.2232207602845487,PBPF,cracker_scene1,30,old
2137,9.344873428344727,0.2232207602845487,PBPF,cracker_scene1,30,old
2138,9.349451303482056,0.2236214826052645,PBPF,cracker_scene1,30,old
2139,9.353611946105957,0.2236214826052645,PBPF,cracker_scene1,30,old
2140,9.357903003692627,0.223702805631251,PBPF,cracker_scene1,30,old
2141,9.362306356430054,0.223702805631251,PBPF,cracker_scene1,30,old
2142,9.366390705108643,0.223702805631251,PBPF,cracker_scene1,30,old
2143,9.370798110961914,0.2237401257247175,PBPF,cracker_scene1,30,old
2144,9.375432968139648,0.2237401257247175,PBPF,cracker_scene1,30,old
2145,9.379667043685913,0.2238136323338108,PBPF,cracker_scene1,30,old
2146,9.384048700332642,0.22351288790735935,PBPF,cracker_scene1,30,old
2147,9.388022899627686,0.223546580064246,PBPF,cracker_scene1,30,old
2148,9.392415761947632,0.223546580064246,PBPF,cracker_scene1,30,old
2149,9.396987438201904,0.22299760386447687,PBPF,cracker_scene1,30,old
2150,9.401134967803955,0.22299760386447687,PBPF,cracker_scene1,30,old
2151,9.405624151229858,0.22299760386447687,PBPF,cracker_scene1,30,old
2152,9.410284996032715,0.22317424695425014,PBPF,cracker_scene1,30,old
2153,9.414825201034546,0.22273612895563627,PBPF,cracker_scene1,30,old
2154,9.419021606445312,0.22273612895563627,PBPF,cracker_scene1,30,old
2155,9.423311948776245,0.2220930907985619,PBPF,cracker_scene1,30,old
2156,9.427462339401245,0.2220930907985619,PBPF,cracker_scene1,30,old
2157,9.431522607803345,0.2220930907985619,PBPF,cracker_scene1,30,old
2158,9.43566107749939,0.2220930907985619,PBPF,cracker_scene1,30,old
2159,9.440712690353394,0.2236657641040875,PBPF,cracker_scene1,30,old
2160,9.445793628692627,0.22385003222895736,PBPF,cracker_scene1,30,old
2161,9.450456380844116,0.22423683156729096,PBPF,cracker_scene1,30,old
2162,9.456723690032959,0.22412241604278804,PBPF,cracker_scene1,30,old
2163,9.461524963378906,0.2257478300426945,PBPF,cracker_scene1,30,old
2164,9.465571880340576,0.2257478300426945,PBPF,cracker_scene1,30,old
2165,9.469869136810303,0.22526899784998508,PBPF,cracker_scene1,30,old
2166,9.474069356918335,0.22526899784998508,PBPF,cracker_scene1,30,old
2167,9.478642702102661,0.22518415020597668,PBPF,cracker_scene1,30,old
2168,9.482837677001953,0.22518415020597668,PBPF,cracker_scene1,30,old
2169,9.487255096435547,0.2250235189172391,PBPF,cracker_scene1,30,old
2170,9.491410732269287,0.2250055352820898,PBPF,cracker_scene1,30,old
2171,9.495786905288696,0.22500681466442105,PBPF,cracker_scene1,30,old
2172,9.499836444854736,0.22485258603542554,PBPF,cracker_scene1,30,old
2173,9.504074335098267,0.2248082922293083,PBPF,cracker_scene1,30,old
2174,9.508329153060913,0.22503990573912122,PBPF,cracker_scene1,30,old
2175,9.512550592422485,0.22503990573912122,PBPF,cracker_scene1,30,old
2176,9.51679801940918,0.22505034944210733,PBPF,cracker_scene1,30,old
2177,9.52107548713684,0.22505034944210733,PBPF,cracker_scene1,30,old
2178,9.525492191314697,0.22485706201521524,PBPF,cracker_scene1,30,old
2179,9.529823780059814,0.22485706201521524,PBPF,cracker_scene1,30,old
2180,9.53442120552063,0.2246453068815614,PBPF,cracker_scene1,30,old
2181,9.53874945640564,0.2246453068815614,PBPF,cracker_scene1,30,old
2182,9.54337453842163,0.22480522238304035,PBPF,cracker_scene1,30,old
2183,9.5476393699646,0.22480522238304035,PBPF,cracker_scene1,30,old
2184,9.551993608474731,0.22474148184589904,PBPF,cracker_scene1,30,old
2185,9.556257486343384,0.22474148184589904,PBPF,cracker_scene1,30,old
2186,9.560582160949707,0.22411698634452762,PBPF,cracker_scene1,30,old
2187,9.564886093139648,0.22411698634452762,PBPF,cracker_scene1,30,old
2188,9.569409608840942,0.22461368664884357,PBPF,cracker_scene1,30,old
2189,9.573513746261597,0.22461368664884357,PBPF,cracker_scene1,30,old
2190,9.57798433303833,0.22413639588957976,PBPF,cracker_scene1,30,old
2191,9.582077741622925,0.22413639588957976,PBPF,cracker_scene1,30,old
2192,9.586482524871826,0.22445498393112198,PBPF,cracker_scene1,30,old
2193,9.590709924697876,0.2247320448474556,PBPF,cracker_scene1,30,old
2194,9.595091819763184,0.2247320448474556,PBPF,cracker_scene1,30,old
2195,9.59922742843628,0.2247320448474556,PBPF,cracker_scene1,30,old
2196,9.603681564331055,0.22474201151474385,PBPF,cracker_scene1,30,old
2197,9.607735872268677,0.22474201151474385,PBPF,cracker_scene1,30,old
2198,9.612514734268188,0.22016119357489947,PBPF,cracker_scene1,30,old
2199,9.616915225982666,0.21946597610053462,PBPF,cracker_scene1,30,old
2200,9.621381044387817,0.21946597610053462,PBPF,cracker_scene1,30,old
2201,9.625797748565674,0.21866757678926957,PBPF,cracker_scene1,30,old
2202,9.63010311126709,0.21866757678926957,PBPF,cracker_scene1,30,old
2203,9.6345534324646,0.21920573009712718,PBPF,cracker_scene1,30,old
2204,9.63872480392456,0.21920573009712718,PBPF,cracker_scene1,30,old
2205,9.643203020095825,0.21898342024567127,PBPF,cracker_scene1,30,old
2206,9.647551774978638,0.21898342024567127,PBPF,cracker_scene1,30,old
2207,9.6522376537323,0.2193740462760752,PBPF,cracker_scene1,30,old
2208,9.656312227249146,0.2193740462760752,PBPF,cracker_scene1,30,old
2209,9.660733938217163,0.2189174162871441,PBPF,cracker_scene1,30,old
2210,9.664829730987549,0.2189174162871441,PBPF,cracker_scene1,30,old
2211,9.669287919998169,0.22003150863173238,PBPF,cracker_scene1,30,old
2212,9.673401832580566,0.22003150863173238,PBPF,cracker_scene1,30,old
2213,9.677903890609741,0.22003150863173238,PBPF,cracker_scene1,30,old
2214,9.68238115310669,0.22016627835595004,PBPF,cracker_scene1,30,old
2215,9.686662197113037,0.22016627835595004,PBPF,cracker_scene1,30,old
2216,9.690994024276733,0.21986532863857858,PBPF,cracker_scene1,30,old
2217,9.69517183303833,0.21986532863857858,PBPF,cracker_scene1,30,old
2218,9.699584007263184,0.22020070394662417,PBPF,cracker_scene1,30,old
2219,9.703845977783203,0.22020070394662417,PBPF,cracker_scene1,30,old
2220,9.708344221115112,0.21931673933616447,PBPF,cracker_scene1,30,old
2221,9.712987661361694,0.22011622663975983,PBPF,cracker_scene1,30,old
2222,9.717453002929688,0.21996713891966127,PBPF,cracker_scene1,30,old
2223,9.721739768981934,0.21992693976319494,PBPF,cracker_scene1,30,old
2224,9.726102590560913,0.21953842657575393,PBPF,cracker_scene1,30,old
2225,9.730389833450317,0.21939674198531658,PBPF,cracker_scene1,30,old
2226,9.734452724456787,0.21939674198531658,PBPF,cracker_scene1,30,old
2227,9.738918542861938,0.21979950228934209,PBPF,cracker_scene1,30,old
2228,9.743386268615723,0.21979950228934209,PBPF,cracker_scene1,30,old
2229,9.747849941253662,0.21963686009442454,PBPF,cracker_scene1,30,old
2230,9.751933336257935,0.21963686009442454,PBPF,cracker_scene1,30,old
2231,9.756335020065308,0.21963686009442454,PBPF,cracker_scene1,30,old
2232,9.760725736618042,0.21957616450284037,PBPF,cracker_scene1,30,old
2233,9.765119314193726,0.22035662973197928,PBPF,cracker_scene1,30,old
2234,9.769256114959717,0.22035662973197928,PBPF,cracker_scene1,30,old
2235,9.7735755443573,0.2202914272767797,PBPF,cracker_scene1,30,old
2236,9.778238773345947,0.2178629689262337,PBPF,cracker_scene1,30,old
2237,9.782388687133789,0.2178629689262337,PBPF,cracker_scene1,30,old
2238,9.786975860595703,0.21681657886859096,PBPF,cracker_scene1,30,old
2239,9.791140794754028,0.21767480463620448,PBPF,cracker_scene1,30,old
2240,9.795598268508911,0.21755552100587305,PBPF,cracker_scene1,30,old
2241,9.79977035522461,0.21755552100587305,PBPF,cracker_scene1,30,old
2242,9.804140090942383,0.21753592769437713,PBPF,cracker_scene1,30,old
2243,9.808490991592407,0.21722803708836036,PBPF,cracker_scene1,30,old
2244,9.812559366226196,0.21722803708836036,PBPF,cracker_scene1,30,old
2245,9.81705641746521,0.21726604283584638,PBPF,cracker_scene1,30,old
2246,9.821426153182983,0.21734061428638984,PBPF,cracker_scene1,30,old
2247,9.825644969940186,0.21734061428638984,PBPF,cracker_scene1,30,old
2248,9.8296480178833,0.21734061428638984,PBPF,cracker_scene1,30,old
2249,9.834076166152954,0.2173409733212015,PBPF,cracker_scene1,30,old
2250,9.83897089958191,0.21748826882244998,PBPF,cracker_scene1,30,old
2251,9.843765258789062,0.21737422570880405,PBPF,cracker_scene1,30,old
2252,9.848344087600708,0.2173524609821822,PBPF,cracker_scene1,30,old
2253,9.852688789367676,0.21735185479043118,PBPF,cracker_scene1,30,old
2254,9.856905460357666,0.21709638197046832,PBPF,cracker_scene1,30,old
2255,9.861424684524536,0.21748097242314124,PBPF,cracker_scene1,30,old
2256,9.865581274032593,0.21748097242314124,PBPF,cracker_scene1,30,old
2257,9.870022058486938,0.21745988994861598,PBPF,cracker_scene1,30,old
2258,9.87437653541565,0.21753297822467044,PBPF,cracker_scene1,30,old
2259,9.878855228424072,0.21764633002960387,PBPF,cracker_scene1,30,old
2260,9.883102416992188,0.21719432263891392,PBPF,cracker_scene1,30,old
2261,9.887553691864014,0.2171816984101742,PBPF,cracker_scene1,30,old
2262,9.891674041748047,0.21713601789510317,PBPF,cracker_scene1,30,old
2263,9.896085500717163,0.21783746563761763,PBPF,cracker_scene1,30,old
2264,9.900444984436035,0.2166815307463006,PBPF,cracker_scene1,30,old
2265,9.904668092727661,0.2166815307463006,PBPF,cracker_scene1,30,old
2266,9.909135580062866,0.2169066040175256,PBPF,cracker_scene1,30,old
2267,9.913367986679077,0.2169066040175256,PBPF,cracker_scene1,30,old
2268,9.917813539505005,0.21728012985052025,PBPF,cracker_scene1,30,old
2269,9.92194151878357,0.21728012985052025,PBPF,cracker_scene1,30,old
2270,9.926392793655396,0.21710238432468287,PBPF,cracker_scene1,30,old
2271,9.930549144744873,0.21710238432468287,PBPF,cracker_scene1,30,old
2272,9.935096025466919,0.22574343831516153,PBPF,cracker_scene1,30,old
2273,9.939233303070068,0.22574343831516153,PBPF,cracker_scene1,30,old
2274,9.943672895431519,0.22577323159109586,PBPF,cracker_scene1,30,old
2275,9.947832345962524,0.22577323159109586,PBPF,cracker_scene1,30,old
2276,9.95231032371521,0.22651251093931446,PBPF,cracker_scene1,30,old
2277,9.956631660461426,0.22651251093931446,PBPF,cracker_scene1,30,old
2278,9.960982322692871,0.225640018595068,PBPF,cracker_scene1,30,old
2279,9.96517825126648,0.225640018595068,PBPF,cracker_scene1,30,old
2280,9.969687223434448,0.2265290923043235,PBPF,cracker_scene1,30,old
2281,9.97372841835022,0.2265290923043235,PBPF,cracker_scene1,30,old
2282,9.978090524673462,0.22673030996087995,PBPF,cracker_scene1,30,old
2283,9.982172012329102,0.22673030996087995,PBPF,cracker_scene1,30,old
2284,9.986769914627075,0.22663432725326338,PBPF,cracker_scene1,30,old
2285,9.990848541259766,0.22663432725326338,PBPF,cracker_scene1,30,old
2286,9.995212316513062,0.2264318170758859,PBPF,cracker_scene1,30,old
2287,9.999456405639648,0.2264318170758859,PBPF,cracker_scene1,30,old
2288,10.00386929512024,0.2261673453957238,PBPF,cracker_scene1,30,old
2289,10.00801944732666,0.22585636488943184,PBPF,cracker_scene1,30,old
2290,10.012422323226929,0.22503335962965743,PBPF,cracker_scene1,30,old
2291,10.01676344871521,0.2258984110075044,PBPF,cracker_scene1,30,old
2292,10.02099871635437,0.2258984110075044,PBPF,cracker_scene1,30,old
2293,10.025115489959717,0.22582400704823513,PBPF,cracker_scene1,30,old
2294,10.029545545578003,0.2259772915528142,PBPF,cracker_scene1,30,old
2295,10.033758640289307,0.22608775234626055,PBPF,cracker_scene1,30,old
2296,10.037941694259644,0.22608775234626055,PBPF,cracker_scene1,30,old
2297,10.042126417160034,0.2264844717524408,PBPF,cracker_scene1,30,old
2298,10.04653525352478,0.2264844717524408,PBPF,cracker_scene1,30,old
2299,10.050816297531128,0.2260085938267471,PBPF,cracker_scene1,30,old
2300,10.055108070373535,0.2260085938267471,PBPF,cracker_scene1,30,old
2301,10.05932903289795,0.2267830700648048,PBPF,cracker_scene1,30,old
2302,10.063504457473755,0.2267830700648048,PBPF,cracker_scene1,30,old
2303,10.067808628082275,0.22654062112765327,PBPF,cracker_scene1,30,old
2304,10.07209038734436,0.22654062112765327,PBPF,cracker_scene1,30,old
2305,10.076701402664185,0.22681430238345968,PBPF,cracker_scene1,30,old
2306,10.080973386764526,0.22681430238345968,PBPF,cracker_scene1,30,old
2307,10.085466146469116,0.22646666602208576,PBPF,cracker_scene1,30,old
2308,10.08960771560669,0.22646666602208576,PBPF,cracker_scene1,30,old
2309,10.094141721725464,0.22650383232921634,PBPF,cracker_scene1,30,old
2310,10.09839415550232,0.22602542426814942,PBPF,cracker_scene1,30,old
2311,10.10328483581543,0.22602656607090754,PBPF,cracker_scene1,30,old
2312,10.107888460159302,0.22910551744024696,PBPF,cracker_scene1,30,old
2313,10.1124587059021,0.22915704404775136,PBPF,cracker_scene1,30,old
2314,10.11662244796753,0.22915704404775136,PBPF,cracker_scene1,30,old
2315,10.121200799942017,0.22878906556404896,PBPF,cracker_scene1,30,old
2316,10.125637292861938,0.22878291604394108,PBPF,cracker_scene1,30,old
2317,10.12998342514038,0.22878143682772686,PBPF,cracker_scene1,30,old
2318,10.134237289428711,0.22945325736287794,PBPF,cracker_scene1,30,old
2319,10.138434886932373,0.22945325736287794,PBPF,cracker_scene1,30,old
2320,10.14281439781189,0.23278089112781924,PBPF,cracker_scene1,30,old
2321,10.146972179412842,0.23278089112781924,PBPF,cracker_scene1,30,old
2322,10.151331663131714,0.23358542696784407,PBPF,cracker_scene1,30,old
2323,10.155604362487793,0.23358542696784407,PBPF,cracker_scene1,30,old
2324,10.160010576248169,0.23373159695334864,PBPF,cracker_scene1,30,old
2325,10.16422700881958,0.23373159695334864,PBPF,cracker_scene1,30,old
2326,10.168648719787598,0.23380280040175627,PBPF,cracker_scene1,30,old
2327,10.172687768936157,0.23380280040175627,PBPF,cracker_scene1,30,old
2328,10.177192687988281,0.23350638245500083,PBPF,cracker_scene1,30,old
2329,10.18123745918274,0.23350638245500083,PBPF,cracker_scene1,30,old
2330,10.185596942901611,0.23347186445981516,PBPF,cracker_scene1,30,old
2331,10.18979287147522,0.23347186445981516,PBPF,cracker_scene1,30,old
2332,10.194231033325195,0.2319350056421752,PBPF,cracker_scene1,30,old
2333,10.198530673980713,0.2319350056421752,PBPF,cracker_scene1,30,old
2334,10.203255653381348,0.23272801439081628,PBPF,cracker_scene1,30,old
2335,10.207560539245605,0.23272801439081628,PBPF,cracker_scene1,30,old
2336,10.212138652801514,0.23326003470552156,PBPF,cracker_scene1,30,old
2337,10.216349363327026,0.23322691269178003,PBPF,cracker_scene1,30,old
2338,10.220782279968262,0.23322691269178003,PBPF,cracker_scene1,30,old
2339,10.22513222694397,0.23338671883094544,PBPF,cracker_scene1,30,old
2340,10.229623079299927,0.23336731346151735,PBPF,cracker_scene1,30,old
2341,10.234086036682129,0.23291554519738314,PBPF,cracker_scene1,30,old
2342,10.238409996032715,0.23310453061128045,PBPF,cracker_scene1,30,old
2343,10.242875576019287,0.23260736774486493,PBPF,cracker_scene1,30,old
2344,10.247220993041992,0.23246439546812855,PBPF,cracker_scene1,30,old
2345,10.251766204833984,0.23316578734935742,PBPF,cracker_scene1,30,old
2346,10.256035566329956,0.23316578734935742,PBPF,cracker_scene1,30,old
2347,10.260596752166748,0.2330230077157217,PBPF,cracker_scene1,30,old
2348,10.265040397644043,0.23242863547393178,PBPF,cracker_scene1,30,old
2349,10.269571781158447,0.23224549054098453,PBPF,cracker_scene1,30,old
2350,10.273688793182373,0.23224549054098453,PBPF,cracker_scene1,30,old
2351,10.278445720672607,0.23173683790794275,PBPF,cracker_scene1,30,old
2352,10.282450437545776,0.23173683790794275,PBPF,cracker_scene1,30,old
2353,10.286995887756348,0.23138555703999053,PBPF,cracker_scene1,30,old
2354,10.291233539581299,0.23218507715972336,PBPF,cracker_scene1,30,old
2355,10.29559850692749,0.23204980723751945,PBPF,cracker_scene1,30,old
2356,10.299928426742554,0.23168598589185052,PBPF,cracker_scene1,30,old
2357,10.304205894470215,0.23168598589185052,PBPF,cracker_scene1,30,old
2358,10.308427810668945,0.23162948420210938,PBPF,cracker_scene1,30,old
2359,10.312869310379028,0.2317497923654317,PBPF,cracker_scene1,30,old
2360,10.317072629928589,0.23181634860069256,PBPF,cracker_scene1,30,old
2361,10.321462154388428,0.23181634860069256,PBPF,cracker_scene1,30,old
2362,10.32585859298706,0.232000849035499,PBPF,cracker_scene1,30,old
2363,10.330183029174805,0.232000849035499,PBPF,cracker_scene1,30,old
2364,10.33449649810791,0.23158907413880225,PBPF,cracker_scene1,30,old
2365,10.338747024536133,0.23158907413880225,PBPF,cracker_scene1,30,old
2366,10.343425750732422,0.23139879534316776,PBPF,cracker_scene1,30,old
2367,10.347782850265503,0.23139879534316776,PBPF,cracker_scene1,30,old
2368,10.35222864151001,0.2313509631764843,PBPF,cracker_scene1,30,old
2369,10.3563072681427,0.2313509631764843,PBPF,cracker_scene1,30,old
2370,10.360903024673462,0.23167233359358086,PBPF,cracker_scene1,30,old
2371,10.365045070648193,0.23167233359358086,PBPF,cracker_scene1,30,old
2372,10.369551181793213,0.23181326367591026,PBPF,cracker_scene1,30,old
2373,10.373674392700195,0.23181326367591026,PBPF,cracker_scene1,30,old
2374,10.378356456756592,0.23141086382525788,PBPF,cracker_scene1,30,old
2375,10.382574319839478,0.23141086382525788,PBPF,cracker_scene1,30,old
2376,10.387094736099243,0.23106473184125154,PBPF,cracker_scene1,30,old
2377,10.391327857971191,0.23022215052188333,PBPF,cracker_scene1,30,old
2378,10.395419120788574,0.23022215052188333,PBPF,cracker_scene1,30,old
2379,10.399964332580566,0.23066137507717865,PBPF,cracker_scene1,30,old
2380,10.404251098632812,0.23066137507717865,PBPF,cracker_scene1,30,old
2381,10.408542156219482,0.23030897277224494,PBPF,cracker_scene1,30,old
2382,10.413187742233276,0.2301563538936673,PBPF,cracker_scene1,30,old
2383,10.417624950408936,0.22969092737453956,PBPF,cracker_scene1,30,old
2384,10.422106742858887,0.22969092737453956,PBPF,cracker_scene1,30,old
2385,10.426608324050903,0.2176366194770747,PBPF,cracker_scene1,30,old
2386,10.431225061416626,0.2176366194770747,PBPF,cracker_scene1,30,old
2387,10.435532331466675,0.21697198870709594,PBPF,cracker_scene1,30,old
2388,10.439702033996582,0.21697198870709594,PBPF,cracker_scene1,30,old
2389,10.44418215751648,0.21793289206687078,PBPF,cracker_scene1,30,old
2390,10.448510646820068,0.21793289206687078,PBPF,cracker_scene1,30,old
2391,10.452996015548706,0.21795067917170938,PBPF,cracker_scene1,30,old
2392,10.457160949707031,0.21795067917170938,PBPF,cracker_scene1,30,old
2393,10.461556911468506,0.21767428026687927,PBPF,cracker_scene1,30,old
2394,10.465558052062988,0.21767428026687927,PBPF,cracker_scene1,30,old
2395,10.470007181167603,0.21743971297957998,PBPF,cracker_scene1,30,old
2396,10.474042415618896,0.21743971297957998,PBPF,cracker_scene1,30,old
2397,10.478282690048218,0.21743971297957998,PBPF,cracker_scene1,30,old
2398,10.482547044754028,0.21741412157197074,PBPF,cracker_scene1,30,old
2399,10.486843585968018,0.21668068877620128,PBPF,cracker_scene1,30,old
2400,10.491148471832275,0.21669628610302977,PBPF,cracker_scene1,30,old
2401,10.495232820510864,0.21669628610302977,PBPF,cracker_scene1,30,old
2402,10.499807119369507,0.2172543164601516,PBPF,cracker_scene1,30,old
2403,10.504016876220703,0.21720063734529835,PBPF,cracker_scene1,30,old
2404,10.50848126411438,0.21729116048800576,PBPF,cracker_scene1,30,old
2405,10.512685537338257,0.21729116048800576,PBPF,cracker_scene1,30,old
2406,10.516852140426636,0.21659998595119856,PBPF,cracker_scene1,30,old
2407,10.521229982376099,0.21659998595119856,PBPF,cracker_scene1,30,old
2408,10.525542259216309,0.21668073315611627,PBPF,cracker_scene1,30,old
2409,10.530047416687012,0.21668073315611627,PBPF,cracker_scene1,30,old
2410,10.534731149673462,0.2168506879291926,PBPF,cracker_scene1,30,old
2411,10.53904414176941,0.2168506879291926,PBPF,cracker_scene1,30,old
2412,10.543848752975464,0.21643634981473137,PBPF,cracker_scene1,30,old
2413,10.548083782196045,0.21643634981473137,PBPF,cracker_scene1,30,old
2414,10.552448272705078,0.21690030656807566,PBPF,cracker_scene1,30,old
2415,10.556719064712524,0.21661908945748948,PBPF,cracker_scene1,30,old
2416,10.561498880386353,0.21661908945748948,PBPF,cracker_scene1,30,old
2417,10.565762281417847,0.21661908945748948,PBPF,cracker_scene1,30,old
2418,10.570101976394653,0.21588916183726445,PBPF,cracker_scene1,30,old
2419,10.574414014816284,0.21588916183726445,PBPF,cracker_scene1,30,old
2420,10.57921028137207,0.2162112321812787,PBPF,cracker_scene1,30,old
2421,10.583696126937866,0.2147387994562995,PBPF,cracker_scene1,30,old
2422,10.587975978851318,0.2149951399127496,PBPF,cracker_scene1,30,old
2423,10.592087030410767,0.2149951399127496,PBPF,cracker_scene1,30,old
2424,10.59626317024231,0.2137378096314677,PBPF,cracker_scene1,30,old
2425,10.60064148902893,0.2137378096314677,PBPF,cracker_scene1,30,old
2426,10.60477089881897,0.21503082964522807,PBPF,cracker_scene1,30,old
2427,10.609187126159668,0.21503082964522807,PBPF,cracker_scene1,30,old
2428,10.613564252853394,0.21497608091306164,PBPF,cracker_scene1,30,old
2429,10.617814540863037,0.21499973952097468,PBPF,cracker_scene1,30,old
2430,10.622125148773193,0.21499973952097468,PBPF,cracker_scene1,30,old
2431,10.62641429901123,0.21514007407076752,PBPF,cracker_scene1,30,old
2432,10.630957841873169,0.21514007407076752,PBPF,cracker_scene1,30,old
2433,10.635657787322998,0.21479601647961535,PBPF,cracker_scene1,30,old
2434,10.640257596969604,0.21386365357960252,PBPF,cracker_scene1,30,old
2435,10.644959449768066,0.21478378302773998,PBPF,cracker_scene1,30,old
2436,10.649319171905518,0.21486023995660436,PBPF,cracker_scene1,30,old
2437,10.653857946395874,0.21482606682813574,PBPF,cracker_scene1,30,old
2438,10.658285140991211,0.2138984546463262,PBPF,cracker_scene1,30,old
2439,10.662722826004028,0.2138984546463262,PBPF,cracker_scene1,30,old
2440,10.666999101638794,0.21469600850084936,PBPF,cracker_scene1,30,old
2441,10.671356439590454,0.21469600850084936,PBPF,cracker_scene1,30,old
2442,10.675734519958496,0.21471999839566128,PBPF,cracker_scene1,30,old
2443,10.680100202560425,0.21471999839566128,PBPF,cracker_scene1,30,old
2444,10.684603452682495,0.21474291245117086,PBPF,cracker_scene1,30,old
2445,10.688930749893188,0.21469750676184263,PBPF,cracker_scene1,30,old
2446,10.693369388580322,0.2144088968257089,PBPF,cracker_scene1,30,old
2447,10.697612285614014,0.2144088968257089,PBPF,cracker_scene1,30,old
2448,10.702240467071533,0.21457174343890303,PBPF,cracker_scene1,30,old
2449,10.706344366073608,0.21457174343890303,PBPF,cracker_scene1,30,old
2450,10.710866212844849,0.2144681452169446,PBPF,cracker_scene1,30,old
2451,10.715068578720093,0.2144681452169446,PBPF,cracker_scene1,30,old
2452,10.719789743423462,0.21363204170587832,PBPF,cracker_scene1,30,old
2453,10.723933219909668,0.2143501955909872,PBPF,cracker_scene1,30,old
2454,10.728525161743164,0.21437267478932634,PBPF,cracker_scene1,30,old
2455,10.732677459716797,0.21437267478932634,PBPF,cracker_scene1,30,old
2456,10.737228631973267,0.2144889865024858,PBPF,cracker_scene1,30,old
2457,10.74184250831604,0.22298247904041002,PBPF,cracker_scene1,30,old
2458,10.746296644210815,0.22298247904041002,PBPF,cracker_scene1,30,old
2459,10.750786542892456,0.22301992184766473,PBPF,cracker_scene1,30,old
2460,10.755091667175293,0.22297662965576315,PBPF,cracker_scene1,30,old
2461,10.75954008102417,0.22277777019354783,PBPF,cracker_scene1,30,old
2462,10.763739585876465,0.22277777019354783,PBPF,cracker_scene1,30,old
2463,10.768138647079468,0.22232761813625856,PBPF,cracker_scene1,30,old
2464,10.772509336471558,0.22232761813625856,PBPF,cracker_scene1,30,old
2465,10.776889324188232,0.22228053288519778,PBPF,cracker_scene1,30,old
2466,10.781105518341064,0.22228053288519778,PBPF,cracker_scene1,30,old
2467,10.785645723342896,0.22235549207697414,PBPF,cracker_scene1,30,old
2468,10.789799690246582,0.22235549207697414,PBPF,cracker_scene1,30,old
2469,10.79422640800476,0.22288850228414958,PBPF,cracker_scene1,30,old
2470,10.798345804214478,0.22288850228414958,PBPF,cracker_scene1,30,old
2471,10.802928686141968,0.2220666095643038,PBPF,cracker_scene1,30,old
2472,10.807026624679565,0.2220666095643038,PBPF,cracker_scene1,30,old
2473,10.811781883239746,0.2228736960177491,PBPF,cracker_scene1,30,old
2474,10.815850257873535,0.2228736960177491,PBPF,cracker_scene1,30,old
2475,10.820393562316895,0.22335696974758967,PBPF,cracker_scene1,30,old
2476,10.824663400650024,0.22279949311743952,PBPF,cracker_scene1,30,old
2477,10.829045057296753,0.22279949311743952,PBPF,cracker_scene1,30,old
2478,10.83328366279602,0.22279949311743952,PBPF,cracker_scene1,30,old
2479,10.837770462036133,0.22247265565544883,PBPF,cracker_scene1,30,old
2480,10.842516660690308,0.22274588725226696,PBPF,cracker_scene1,30,old
2481,10.846852540969849,0.22274588725226696,PBPF,cracker_scene1,30,old
2482,10.850942134857178,0.22274588725226696,PBPF,cracker_scene1,30,old
2483,10.855310916900635,0.22266288397536016,PBPF,cracker_scene1,30,old
2484,10.85966968536377,0.2222322236401375,PBPF,cracker_scene1,30,old
2485,10.86401104927063,0.2222322236401375,PBPF,cracker_scene1,30,old
2486,10.868449687957764,0.22247719941126487,PBPF,cracker_scene1,30,old
2487,10.872913599014282,0.22247719941126487,PBPF,cracker_scene1,30,old
2488,10.8772292137146,0.22247719941126487,PBPF,cracker_scene1,30,old
2489,10.881582260131836,0.2226114660343148,PBPF,cracker_scene1,30,old
2490,10.885846853256226,0.2226114660343148,PBPF,cracker_scene1,30,old
2491,10.890220403671265,0.22196707478573696,PBPF,cracker_scene1,30,old
2492,10.895090103149414,0.2185180016866104,PBPF,cracker_scene1,30,old
2493,10.899229526519775,0.21965826438447067,PBPF,cracker_scene1,30,old
2494,10.903329133987427,0.21965826438447067,PBPF,cracker_scene1,30,old
2495,10.907705783843994,0.2197035900502664,PBPF,cracker_scene1,30,old
2496,10.911984205245972,0.2197035900502664,PBPF,cracker_scene1,30,old
2497,10.916460752487183,0.2196923322712072,PBPF,cracker_scene1,30,old
2498,10.920825242996216,0.2196923322712072,PBPF,cracker_scene1,30,old
2499,10.925069808959961,0.2196958330170009,PBPF,cracker_scene1,30,old
2500,10.929402112960815,0.2196958330170009,PBPF,cracker_scene1,30,old
2501,10.93354868888855,0.2196958330170009,PBPF,cracker_scene1,30,old
2502,10.937965154647827,0.21872359694962018,PBPF,cracker_scene1,30,old
2503,10.942353010177612,0.21921430359211413,PBPF,cracker_scene1,30,old
2504,10.946623802185059,0.21921430359211413,PBPF,cracker_scene1,30,old
2505,10.9508695602417,0.21914267018297373,PBPF,cracker_scene1,30,old
2506,10.95505404472351,0.21914267018297373,PBPF,cracker_scene1,30,old
2507,10.959482431411743,0.21820675329912032,PBPF,cracker_scene1,30,old
2508,10.964035034179688,0.21820675329912032,PBPF,cracker_scene1,30,old
2509,10.968357563018799,0.21842556331482044,PBPF,cracker_scene1,30,old
2510,10.972448587417603,0.21842556331482044,PBPF,cracker_scene1,30,old
2511,10.976749420166016,0.21842556331482044,PBPF,cracker_scene1,30,old
2512,10.981019735336304,0.21799283708901473,PBPF,cracker_scene1,30,old
2513,10.985137701034546,0.21799283708901473,PBPF,cracker_scene1,30,old
2514,10.98962664604187,0.21861624475699326,PBPF,cracker_scene1,30,old
2515,10.994024991989136,0.21898117916292925,PBPF,cracker_scene1,30,old
2516,10.998318672180176,0.21876168357045067,PBPF,cracker_scene1,30,old
2517,11.002621412277222,0.21876168357045067,PBPF,cracker_scene1,30,old
2518,11.007255554199219,0.21806639544951523,PBPF,cracker_scene1,30,old
2519,11.011600732803345,0.21806639544951523,PBPF,cracker_scene1,30,old
2520,11.016056060791016,0.21829461987939336,PBPF,cracker_scene1,30,old
2521,11.020617008209229,0.21901916803966515,PBPF,cracker_scene1,30,old
2522,11.024768352508545,0.2189787791956288,PBPF,cracker_scene1,30,old
2523,11.029081344604492,0.2189787791956288,PBPF,cracker_scene1,30,old
2524,11.033737659454346,0.21868381698445916,PBPF,cracker_scene1,30,old
2525,11.038204669952393,0.21922622445609363,PBPF,cracker_scene1,30,old
2526,11.043107986450195,0.21785454325854392,PBPF,cracker_scene1,30,old
2527,11.047540664672852,0.21778894531602688,PBPF,cracker_scene1,30,old
2528,11.05211591720581,0.2182454188939298,PBPF,cracker_scene1,30,old
2529,11.056395530700684,0.2182454188939298,PBPF,cracker_scene1,30,old
2530,11.060972452163696,0.22026205662751774,PBPF,cracker_scene1,30,old
2531,11.065090417861938,0.22026205662751774,PBPF,cracker_scene1,30,old
2532,11.069413661956787,0.21982320637296748,PBPF,cracker_scene1,30,old
2533,11.073627233505249,0.21982320637296748,PBPF,cracker_scene1,30,old
2534,11.078150987625122,0.22049366769700107,PBPF,cracker_scene1,30,old
2535,11.082326173782349,0.22049366769700107,PBPF,cracker_scene1,30,old
2536,11.086844444274902,0.22071467873901174,PBPF,cracker_scene1,30,old
2537,11.091029167175293,0.22049961086217706,PBPF,cracker_scene1,30,old
2538,11.095395565032959,0.22049961086217706,PBPF,cracker_scene1,30,old
2539,11.099625825881958,0.21962426862775075,PBPF,cracker_scene1,30,old
2540,11.103929996490479,0.21962426862775075,PBPF,cracker_scene1,30,old
2541,11.10816240310669,0.22024787397711432,PBPF,cracker_scene1,30,old
2542,11.112649202346802,0.22024787397711432,PBPF,cracker_scene1,30,old
2543,11.116896152496338,0.22053716931285638,PBPF,cracker_scene1,30,old
2544,11.12106204032898,0.22053716931285638,PBPF,cracker_scene1,30,old
2545,11.125377655029297,0.22055531496874714,PBPF,cracker_scene1,30,old
2546,11.129732608795166,0.22055531496874714,PBPF,cracker_scene1,30,old
2547,11.133980512619019,0.22087241114291611,PBPF,cracker_scene1,30,old
2548,11.138317108154297,0.22087241114291611,PBPF,cracker_scene1,30,old
2549,11.142722606658936,0.22070167830167176,PBPF,cracker_scene1,30,old
2550,11.146945714950562,0.22070167830167176,PBPF,cracker_scene1,30,old
2551,11.151211261749268,0.2206152808731554,PBPF,cracker_scene1,30,old
2552,11.155406475067139,0.2206152808731554,PBPF,cracker_scene1,30,old
2553,11.160072088241577,0.2208780072080252,PBPF,cracker_scene1,30,old
2554,11.164350748062134,0.2208780072080252,PBPF,cracker_scene1,30,old
2555,11.168844938278198,0.22054114034479966,PBPF,cracker_scene1,30,old
2556,11.173022031784058,0.22054114034479966,PBPF,cracker_scene1,30,old
2557,11.17717957496643,0.2205239042058471,PBPF,cracker_scene1,30,old
2558,11.181515455245972,0.2205239042058471,PBPF,cracker_scene1,30,old
2559,11.185877323150635,0.220131720859726,PBPF,cracker_scene1,30,old
2560,11.18998122215271,0.220131720859726,PBPF,cracker_scene1,30,old
2561,11.194454669952393,0.22075756725129736,PBPF,cracker_scene1,30,old
2562,11.198761463165283,0.22075756725129736,PBPF,cracker_scene1,30,old
2563,11.20339822769165,0.22037788156844496,PBPF,cracker_scene1,30,old
2564,11.207440376281738,0.22037788156844496,PBPF,cracker_scene1,30,old
2565,11.211556673049927,0.22037788156844496,PBPF,cracker_scene1,30,old
2566,11.216378927230835,0.21797653819296947,PBPF,cracker_scene1,30,old
2567,11.220793008804321,0.21838951747484003,PBPF,cracker_scene1,30,old
2568,11.22498893737793,0.2183914630129271,PBPF,cracker_scene1,30,old
2569,11.22931170463562,0.21857191615236893,PBPF,cracker_scene1,30,old
2570,11.233563423156738,0.21860647816821643,PBPF,cracker_scene1,30,old
2571,11.237889528274536,0.2186095945805011,PBPF,cracker_scene1,30,old
2572,11.242236852645874,0.21850285882949283,PBPF,cracker_scene1,30,old
2573,11.246543645858765,0.21850285882949283,PBPF,cracker_scene1,30,old
2574,11.250969886779785,0.2183256921831882,PBPF,cracker_scene1,30,old
2575,11.255215167999268,0.2183256921831882,PBPF,cracker_scene1,30,old
2576,11.259472131729126,0.21848933734853127,PBPF,cracker_scene1,30,old
2577,11.263787508010864,0.21848933734853127,PBPF,cracker_scene1,30,old
2578,11.268096685409546,0.218040997489366,PBPF,cracker_scene1,30,old
2579,11.272318363189697,0.218040997489366,PBPF,cracker_scene1,30,old
2580,11.276541948318481,0.2176742030896559,PBPF,cracker_scene1,30,old
2581,11.280962705612183,0.2176742030896559,PBPF,cracker_scene1,30,old
2582,11.285395860671997,0.2174848758101806,PBPF,cracker_scene1,30,old
2583,11.289416551589966,0.2174848758101806,PBPF,cracker_scene1,30,old
2584,11.293904542922974,0.21755701669009309,PBPF,cracker_scene1,30,old
2585,11.29802393913269,0.21755701669009309,PBPF,cracker_scene1,30,old
2586,11.302550792694092,0.2171568763780991,PBPF,cracker_scene1,30,old
2587,11.306609392166138,0.2171568763780991,PBPF,cracker_scene1,30,old
2588,11.310725212097168,0.2171568763780991,PBPF,cracker_scene1,30,old
2589,11.315419435501099,0.2171938452562685,PBPF,cracker_scene1,30,old
2590,11.319905042648315,0.2181259198036658,PBPF,cracker_scene1,30,old
2591,11.32403564453125,0.21811133790337056,PBPF,cracker_scene1,30,old
2592,11.32865309715271,0.2180485600941786,PBPF,cracker_scene1,30,old
2593,11.332805156707764,0.2180485600941786,PBPF,cracker_scene1,30,old
2594,11.337350845336914,0.21811442889373023,PBPF,cracker_scene1,30,old
2595,11.34133243560791,0.21811442889373023,PBPF,cracker_scene1,30,old
2596,11.345922470092773,0.21815745762611538,PBPF,cracker_scene1,30,old
2597,11.350155115127563,0.21772639699910368,PBPF,cracker_scene1,30,old
2598,11.354224443435669,0.21772639699910368,PBPF,cracker_scene1,30,old
2599,11.358948469161987,0.21692250221204823,PBPF,cracker_scene1,30,old
2600,11.363222360610962,0.21692250221204823,PBPF,cracker_scene1,30,old
2601,11.367770195007324,0.2176797877764649,PBPF,cracker_scene1,30,old
2602,11.371884107589722,0.2176797877764649,PBPF,cracker_scene1,30,old
2603,11.375962018966675,0.21764047259971164,PBPF,cracker_scene1,30,old
2604,11.380470991134644,0.2163687467323463,PBPF,cracker_scene1,30,old
2605,11.38476848602295,0.2152548525653577,PBPF,cracker_scene1,30,old
2606,11.389324426651001,0.2152548525653577,PBPF,cracker_scene1,30,old
2607,11.393440246582031,0.2152548525653577,PBPF,cracker_scene1,30,old
2608,11.397435665130615,0.2152548525653577,PBPF,cracker_scene1,30,old
2609,11.401532649993896,0.2152548525653577,PBPF,cracker_scene1,30,old
2610,11.406491994857788,0.2152548525653577,PBPF,cracker_scene1,30,old
2611,11.411065340042114,0.21634961901975203,PBPF,cracker_scene1,30,old
2612,11.415240049362183,0.21594668069436285,PBPF,cracker_scene1,30,old
2613,11.419498682022095,0.21554728652125643,PBPF,cracker_scene1,30,old
2614,11.423617839813232,0.21554728652125643,PBPF,cracker_scene1,30,old
2615,11.428221940994263,0.21617796319580496,PBPF,cracker_scene1,30,old
2616,11.432274341583252,0.21617796319580496,PBPF,cracker_scene1,30,old
2617,11.436770915985107,0.21643613173942988,PBPF,cracker_scene1,30,old
2618,11.440796613693237,0.21643613173942988,PBPF,cracker_scene1,30,old
2619,11.445253372192383,0.2159461430932499,PBPF,cracker_scene1,30,old
2620,11.449436664581299,0.2159461430932499,PBPF,cracker_scene1,30,old
2621,11.453921794891357,0.21617552881545787,PBPF,cracker_scene1,30,old
2622,11.458036661148071,0.21624587216505375,PBPF,cracker_scene1,30,old
2623,11.46211552619934,0.2157004845359971,PBPF,cracker_scene1,30,old
2624,11.466392517089844,0.2157004845359971,PBPF,cracker_scene1,30,old
2625,11.470649719238281,0.21475449102614164,PBPF,cracker_scene1,30,old
2626,11.474976301193237,0.21469917479105938,PBPF,cracker_scene1,30,old
2627,11.47922968864441,0.21545958409210542,PBPF,cracker_scene1,30,old
2628,11.483409643173218,0.21544060760298045,PBPF,cracker_scene1,30,old
2629,11.48795461654663,0.21544060760298045,PBPF,cracker_scene1,30,old
2630,11.492344856262207,0.2161471769508685,PBPF,cracker_scene1,30,old
2631,11.497117757797241,0.2161471769508685,PBPF,cracker_scene1,30,old
2632,11.50166940689087,0.2157465747604821,PBPF,cracker_scene1,30,old
2633,11.505935668945312,0.2157465747604821,PBPF,cracker_scene1,30,old
2634,11.510522365570068,0.21591746449188243,PBPF,cracker_scene1,30,old
2635,11.514952421188354,0.21591746449188243,PBPF,cracker_scene1,30,old
2636,11.519118309020996,0.21596549259821352,PBPF,cracker_scene1,30,old
2637,11.523519515991211,0.21596549259821352,PBPF,cracker_scene1,30,old
2638,11.527840852737427,0.2159984022096344,PBPF,cracker_scene1,30,old
2639,11.532061100006104,0.2160500845591926,PBPF,cracker_scene1,30,old
2640,11.536195516586304,0.2152592865878722,PBPF,cracker_scene1,30,old
2641,11.541137456893921,0.2154080697644573,PBPF,cracker_scene1,30,old
2642,11.545748233795166,0.21635985418365117,PBPF,cracker_scene1,30,old
2643,11.550079345703125,0.21631644147459195,PBPF,cracker_scene1,30,old
2644,11.554449081420898,0.21631644147459195,PBPF,cracker_scene1,30,old
2645,11.558482646942139,0.21631644147459195,PBPF,cracker_scene1,30,old
2646,11.562528371810913,0.21604584480069022,PBPF,cracker_scene1,30,old
2647,11.566742897033691,0.21604584480069022,PBPF,cracker_scene1,30,old
2648,11.57138442993164,0.21589655862718682,PBPF,cracker_scene1,30,old
2649,11.57582950592041,0.21599311559338064,PBPF,cracker_scene1,30,old
2650,11.580026626586914,0.21599311559338064,PBPF,cracker_scene1,30,old
2651,11.58446192741394,0.21513915261407257,PBPF,cracker_scene1,30,old
2652,11.588694334030151,0.21513915261407257,PBPF,cracker_scene1,30,old
2653,11.593081951141357,0.21608715853955873,PBPF,cracker_scene1,30,old
2654,11.5972421169281,0.21608715853955873,PBPF,cracker_scene1,30,old
2655,11.601563930511475,0.2156308385564313,PBPF,cracker_scene1,30,old
2656,11.605838537216187,0.2156308385564313,PBPF,cracker_scene1,30,old
2657,11.61023473739624,0.2158770502386459,PBPF,cracker_scene1,30,old
2658,11.614405632019043,0.2158770502386459,PBPF,cracker_scene1,30,old
2659,11.6186363697052,0.21523947862787862,PBPF,cracker_scene1,30,old
2660,11.622621536254883,0.21523947862787862,PBPF,cracker_scene1,30,old
2661,11.626595258712769,0.21523947862787862,PBPF,cracker_scene1,30,old
2662,11.631027460098267,0.21523947862787862,PBPF,cracker_scene1,30,old
2663,11.63602614402771,0.2160159604479687,PBPF,cracker_scene1,30,old
2664,11.640210390090942,0.2160159604479687,PBPF,cracker_scene1,30,old
2665,11.644892454147339,0.21612788733323154,PBPF,cracker_scene1,30,old
2666,11.648982524871826,0.21612788733323154,PBPF,cracker_scene1,30,old
2667,11.653522729873657,0.21593584148412698,PBPF,cracker_scene1,30,old
2668,11.657739162445068,0.215787827592564,PBPF,cracker_scene1,30,old
2669,11.662155151367188,0.2158096844540274,PBPF,cracker_scene1,30,old
2670,11.666461706161499,0.21583572483137828,PBPF,cracker_scene1,30,old
2671,11.670751571655273,0.21583572483137828,PBPF,cracker_scene1,30,old
2672,11.674919605255127,0.21585652216923956,PBPF,cracker_scene1,30,old
2673,11.678958654403687,0.21585652216923956,PBPF,cracker_scene1,30,old
2674,11.683105230331421,0.21585652216923956,PBPF,cracker_scene1,30,old
2675,11.687342882156372,0.2158062506676224,PBPF,cracker_scene1,30,old
2676,11.691694736480713,0.2157823417318937,PBPF,cracker_scene1,30,old
2677,11.695875883102417,0.2157823417318937,PBPF,cracker_scene1,30,old
2678,11.700160264968872,0.21579236657359102,PBPF,cracker_scene1,30,old
2679,11.704759120941162,0.2260958441368685,PBPF,cracker_scene1,30,old
2680,11.70904803276062,0.2260958441368685,PBPF,cracker_scene1,30,old
2681,11.713165521621704,0.2260958441368685,PBPF,cracker_scene1,30,old
2682,11.717658042907715,0.2253764107256615,PBPF,cracker_scene1,30,old
2683,11.721850633621216,0.2260291168878747,PBPF,cracker_scene1,30,old
2684,11.726030349731445,0.2260291168878747,PBPF,cracker_scene1,30,old
2685,11.730435132980347,0.22593352275789688,PBPF,cracker_scene1,30,old
2686,11.73467230796814,0.22593352275789688,PBPF,cracker_scene1,30,old
2687,11.73896050453186,0.2258791486615739,PBPF,cracker_scene1,30,old
2688,11.743311643600464,0.2258791486615739,PBPF,cracker_scene1,30,old
2689,11.747693061828613,0.22568519548251403,PBPF,cracker_scene1,30,old
2690,11.751768350601196,0.22568519548251403,PBPF,cracker_scene1,30,old
2691,11.756081819534302,0.22568519548251403,PBPF,cracker_scene1,30,old
2692,11.760445356369019,0.22606249633445413,PBPF,cracker_scene1,30,old
2693,11.76473069190979,0.2260809318649965,PBPF,cracker_scene1,30,old
2694,11.769154071807861,0.22612378205455855,PBPF,cracker_scene1,30,old
2695,11.773367643356323,0.22496753669035927,PBPF,cracker_scene1,30,old
2696,11.777823448181152,0.22496753669035927,PBPF,cracker_scene1,30,old
2697,11.781897068023682,0.2257237609637865,PBPF,cracker_scene1,30,old
2698,11.786290884017944,0.22571015839838016,PBPF,cracker_scene1,30,old
2699,11.790558815002441,0.22538301485143505,PBPF,cracker_scene1,30,old
2700,11.794742345809937,0.22538583079885272,PBPF,cracker_scene1,30,old
2701,11.799188137054443,0.2254053187007094,PBPF,cracker_scene1,30,old
2702,11.803327322006226,0.2254053187007094,PBPF,cracker_scene1,30,old
2703,11.807699918746948,0.22525649198250122,PBPF,cracker_scene1,30,old
2704,11.812041521072388,0.22525649198250122,PBPF,cracker_scene1,30,old
2705,11.816433668136597,0.2244434204838653,PBPF,cracker_scene1,30,old
2706,11.82074499130249,0.2244434204838653,PBPF,cracker_scene1,30,old
2707,11.825184345245361,0.22444726544163957,PBPF,cracker_scene1,30,old
2708,11.82939100265503,0.22444726544163957,PBPF,cracker_scene1,30,old
2709,11.833902359008789,0.22478516623077052,PBPF,cracker_scene1,30,old
2710,11.83855128288269,0.22524979954673977,PBPF,cracker_scene1,30,old
2711,11.842941761016846,0.2252733277642837,PBPF,cracker_scene1,30,old
2712,11.847164392471313,0.2252733277642837,PBPF,cracker_scene1,30,old
2713,11.851541996002197,0.22538110857640617,PBPF,cracker_scene1,30,old
2714,11.855890035629272,0.22538110857640617,PBPF,cracker_scene1,30,old
2715,11.860177516937256,0.22521703108865393,PBPF,cracker_scene1,30,old
2716,11.864311456680298,0.22521703108865393,PBPF,cracker_scene1,30,old
2717,11.868592023849487,0.22514661683031714,PBPF,cracker_scene1,30,old
2718,11.872820138931274,0.22514661683031714,PBPF,cracker_scene1,30,old
2719,11.877295017242432,0.22527702381148934,PBPF,cracker_scene1,30,old
2720,11.881373167037964,0.22527702381148934,PBPF,cracker_scene1,30,old
2721,11.885499715805054,0.22445118864862112,PBPF,cracker_scene1,30,old
2722,11.890027523040771,0.22444155352627196,PBPF,cracker_scene1,30,old
2723,11.894591808319092,0.22421528850726555,PBPF,cracker_scene1,30,old
2724,11.899089097976685,0.22421528850726555,PBPF,cracker_scene1,30,old
2725,11.903806686401367,0.22530047327104838,PBPF,cracker_scene1,30,old
2726,11.908091068267822,0.22524723209291433,PBPF,cracker_scene1,30,old
2727,11.912787199020386,0.22524723209291433,PBPF,cracker_scene1,30,old
2728,11.917169570922852,0.22528049591290683,PBPF,cracker_scene1,30,old
2729,11.921629905700684,0.22528049591290683,PBPF,cracker_scene1,30,old
2730,11.926240682601929,0.22432854921809176,PBPF,cracker_scene1,30,old
2731,11.930659294128418,0.22432854921809176,PBPF,cracker_scene1,30,old
2732,11.93514108657837,0.22436597751999596,PBPF,cracker_scene1,30,old
2733,11.939576625823975,0.22436597751999596,PBPF,cracker_scene1,30,old
2734,11.944170236587524,0.22437516101281876,PBPF,cracker_scene1,30,old
2735,11.94831132888794,0.22437516101281876,PBPF,cracker_scene1,30,old
2736,11.953020334243774,0.22513861261654092,PBPF,cracker_scene1,30,old
2737,11.95768404006958,0.22513861261654092,PBPF,cracker_scene1,30,old
2738,11.962671041488647,0.22435179137836467,PBPF,cracker_scene1,30,old
2739,11.967138528823853,0.22435179137836467,PBPF,cracker_scene1,30,old
2740,11.971607208251953,0.22446533355496204,PBPF,cracker_scene1,30,old
2741,11.97596788406372,0.22523232424305298,PBPF,cracker_scene1,30,old
2742,11.980309247970581,0.22523232424305298,PBPF,cracker_scene1,30,old
2743,11.984724760055542,0.2243237872828163,PBPF,cracker_scene1,30,old
2744,11.98901891708374,0.2243237872828163,PBPF,cracker_scene1,30,old
2745,11.993554830551147,0.22439451318677933,PBPF,cracker_scene1,30,old
2746,11.997723579406738,0.22439451318677933,PBPF,cracker_scene1,30,old
2747,12.002315282821655,0.22521552446242243,PBPF,cracker_scene1,30,old
2748,12.006580591201782,0.22521552446242243,PBPF,cracker_scene1,30,old
2749,12.011313676834106,0.2252353874052881,PBPF,cracker_scene1,30,old
2750,12.015336513519287,0.2252353874052881,PBPF,cracker_scene1,30,old
2751,12.019859552383423,0.22530365494203913,PBPF,cracker_scene1,30,old
2752,12.023960828781128,0.22530365494203913,PBPF,cracker_scene1,30,old
2753,12.028435468673706,0.22442786797804365,PBPF,cracker_scene1,30,old
2754,12.03246808052063,0.22442786797804365,PBPF,cracker_scene1,30,old
2755,12.037006139755249,0.2251691592791632,PBPF,cracker_scene1,30,old
2756,12.041256666183472,0.22517028283403207,PBPF,cracker_scene1,30,old
2757,12.045616388320923,0.22517028283403207,PBPF,cracker_scene1,30,old
2758,12.049829006195068,0.22517028283403207,PBPF,cracker_scene1,30,old
2759,12.054220199584961,0.22523663061427834,PBPF,cracker_scene1,30,old
2760,12.05845022201538,0.22526746968755523,PBPF,cracker_scene1,30,old
2761,12.062639713287354,0.22526746968755523,PBPF,cracker_scene1,30,old
2762,12.066825866699219,0.22528103289943457,PBPF,cracker_scene1,30,old
2763,12.071228742599487,0.22528103289943457,PBPF,cracker_scene1,30,old
2764,12.075482606887817,0.22517531367179533,PBPF,cracker_scene1,30,old
2765,12.079772710800171,0.22517531367179533,PBPF,cracker_scene1,30,old
2766,12.084007263183594,0.22517531367179533,PBPF,cracker_scene1,30,old
2767,12.088582992553711,0.22425796466055856,PBPF,cracker_scene1,30,old
2768,12.092901706695557,0.22515955176448849,PBPF,cracker_scene1,30,old
2769,12.097142934799194,0.22515955176448849,PBPF,cracker_scene1,30,old
2770,12.101431608200073,0.22515955176448849,PBPF,cracker_scene1,30,old
2771,12.105727910995483,0.22433006786202064,PBPF,cracker_scene1,30,old
2772,12.109989881515503,0.22433006786202064,PBPF,cracker_scene1,30,old
2773,12.114460229873657,0.22519201153243265,PBPF,cracker_scene1,30,old
2774,12.118582487106323,0.22519201153243265,PBPF,cracker_scene1,30,old
2775,12.122951030731201,0.22519201153243265,PBPF,cracker_scene1,30,old
2776,12.127262115478516,0.2252501528324273,PBPF,cracker_scene1,30,old
2777,12.131723165512085,0.22519217896362756,PBPF,cracker_scene1,30,old
2778,12.136018753051758,0.22519217896362756,PBPF,cracker_scene1,30,old
2779,12.140273571014404,0.2252695020026097,PBPF,cracker_scene1,30,old
2780,12.144581317901611,0.2252695020026097,PBPF,cracker_scene1,30,old
2781,12.148925542831421,0.22518998474932134,PBPF,cracker_scene1,30,old
2782,12.153221845626831,0.22518998474932134,PBPF,cracker_scene1,30,old
2783,12.157869577407837,0.22441810587305902,PBPF,cracker_scene1,30,old
2784,12.162067651748657,0.22441810587305902,PBPF,cracker_scene1,30,old
2785,12.166540384292603,0.22574472899029255,PBPF,cracker_scene1,30,old
2786,12.17103886604309,0.22574472899029255,PBPF,cracker_scene1,30,old
2787,12.175507545471191,0.22578929117405447,PBPF,cracker_scene1,30,old
2788,12.179699897766113,0.22578929117405447,PBPF,cracker_scene1,30,old
2789,12.184080362319946,0.22536202641693406,PBPF,cracker_scene1,30,old
2790,12.188395738601685,0.22536202641693406,PBPF,cracker_scene1,30,old
2791,12.192444086074829,0.226197296832125,PBPF,cracker_scene1,30,old
2792,12.196847200393677,0.2256736943748826,PBPF,cracker_scene1,30,old
2793,12.201646089553833,0.22486953609332602,PBPF,cracker_scene1,30,old
2794,12.205866813659668,0.22515700204849984,PBPF,cracker_scene1,30,old
2795,12.210540533065796,0.22620345847369083,PBPF,cracker_scene1,30,old
2796,12.214611530303955,0.22620345847369083,PBPF,cracker_scene1,30,old
2797,12.218890905380249,0.22661754073534932,PBPF,cracker_scene1,30,old
2798,12.223157167434692,0.22589763658758086,PBPF,cracker_scene1,30,old
2799,12.227483987808228,0.2273258928057577,PBPF,cracker_scene1,30,old
2800,12.231510162353516,0.2273258928057577,PBPF,cracker_scene1,30,old
2801,12.235955715179443,0.2273258928057577,PBPF,cracker_scene1,30,old
2802,12.24059271812439,0.22679778736311396,PBPF,cracker_scene1,30,old
2803,12.245332956314087,0.2253503526580666,PBPF,cracker_scene1,30,old
2804,12.24996280670166,0.2257033516968465,PBPF,cracker_scene1,30,old
2805,12.25467824935913,0.2248347631321508,PBPF,cracker_scene1,30,old
2806,12.259087085723877,0.22558702134203723,PBPF,cracker_scene1,30,old
2807,12.263317108154297,0.22558702134203723,PBPF,cracker_scene1,30,old
2808,12.267662048339844,0.2258151066237501,PBPF,cracker_scene1,30,old
2809,12.271770715713501,0.2258151066237501,PBPF,cracker_scene1,30,old
2810,12.276103973388672,0.22598192917771592,PBPF,cracker_scene1,30,old
2811,12.280409097671509,0.22598192917771592,PBPF,cracker_scene1,30,old
2812,12.284661769866943,0.22565276112835939,PBPF,cracker_scene1,30,old
2813,12.288978338241577,0.22565276112835939,PBPF,cracker_scene1,30,old
2814,12.293271541595459,0.22714009277621272,PBPF,cracker_scene1,30,old
2815,12.299638032913208,0.22715480954608838,PBPF,cracker_scene1,30,old
2816,12.304578304290771,0.22693927082320808,PBPF,cracker_scene1,30,old
2817,12.30909538269043,0.22650289464066284,PBPF,cracker_scene1,30,old
2818,12.313519954681396,0.22650289464066284,PBPF,cracker_scene1,30,old
2819,12.317830324172974,0.22526803308906806,PBPF,cracker_scene1,30,old
2820,12.32215929031372,0.22526803308906806,PBPF,cracker_scene1,30,old
2821,12.327670335769653,0.22579200670792013,PBPF,cracker_scene1,30,old
2822,12.331980466842651,0.22579200670792013,PBPF,cracker_scene1,30,old
2823,12.336578369140625,0.22554102835991147,PBPF,cracker_scene1,30,old
2824,12.341129541397095,0.22551594046282306,PBPF,cracker_scene1,30,old
2825,12.345898389816284,0.20467625645494714,PBPF,cracker_scene1,30,old
2826,12.35017991065979,0.20388934605812725,PBPF,cracker_scene1,30,old
2827,12.35475778579712,0.20398687558908613,PBPF,cracker_scene1,30,old
2828,12.359145164489746,0.2039847758467559,PBPF,cracker_scene1,30,old
2829,12.363694906234741,0.2039847758467559,PBPF,cracker_scene1,30,old
2830,12.368360996246338,0.20445944549908202,PBPF,cracker_scene1,30,old
2831,12.372891902923584,0.20445944549908202,PBPF,cracker_scene1,30,old
2832,12.377460718154907,0.20513804273636982,PBPF,cracker_scene1,30,old
2833,12.381795644760132,0.20513804273636982,PBPF,cracker_scene1,30,old
2834,12.386532306671143,0.20447586777701954,PBPF,cracker_scene1,30,old
2835,12.390668630599976,0.20494843618338354,PBPF,cracker_scene1,30,old
2836,12.395264148712158,0.20482499235687168,PBPF,cracker_scene1,30,old
2837,12.399765253067017,0.20463899166698507,PBPF,cracker_scene1,30,old
2838,12.404463529586792,0.20463899166698507,PBPF,cracker_scene1,30,old
2839,12.408912181854248,0.20436688751913845,PBPF,cracker_scene1,30,old
2840,12.413503170013428,0.20436688751913845,PBPF,cracker_scene1,30,old
2841,12.417866468429565,0.2044055414785202,PBPF,cracker_scene1,30,old
2842,12.422422170639038,0.2044055414785202,PBPF,cracker_scene1,30,old
2843,12.427019357681274,0.2048059426072042,PBPF,cracker_scene1,30,old
2844,12.431247472763062,0.2048059426072042,PBPF,cracker_scene1,30,old
2845,12.435791730880737,0.20461594637780234,PBPF,cracker_scene1,30,old
2846,12.441672563552856,0.2042598609918187,PBPF,cracker_scene1,30,old
2847,12.446900367736816,0.20343570060582294,PBPF,cracker_scene1,30,old
2848,12.45141339302063,0.20452005219918057,PBPF,cracker_scene1,30,old
2849,12.4557466506958,0.20452005219918057,PBPF,cracker_scene1,30,old
2850,12.460184097290039,0.2043821009976794,PBPF,cracker_scene1,30,old
2851,12.46483039855957,0.2043821009976794,PBPF,cracker_scene1,30,old
2852,12.469704151153564,0.20327302353422638,PBPF,cracker_scene1,30,old
2853,12.473900079727173,0.20327302353422638,PBPF,cracker_scene1,30,old
2854,12.478753566741943,0.20490625855768396,PBPF,cracker_scene1,30,old
2855,12.483259439468384,0.20489629218108263,PBPF,cracker_scene1,30,old
2856,12.487852096557617,0.2045354659125751,PBPF,cracker_scene1,30,old
2857,12.492269277572632,0.20428429210002186,PBPF,cracker_scene1,30,old
2858,12.496933698654175,0.20428429210002186,PBPF,cracker_scene1,30,old
2859,12.501434087753296,0.20325207348342555,PBPF,cracker_scene1,30,old
2860,12.505898237228394,0.20904328304047037,PBPF,cracker_scene1,30,old
2861,12.510523557662964,0.2087436803313124,PBPF,cracker_scene1,30,old
2862,12.51453971862793,0.2087436803313124,PBPF,cracker_scene1,30,old
2863,12.519008159637451,0.20889806430468932,PBPF,cracker_scene1,30,old
2864,12.52345585823059,0.20889806430468932,PBPF,cracker_scene1,30,old
2865,12.528143644332886,0.20985499368392077,PBPF,cracker_scene1,30,old
2866,12.532456636428833,0.20985499368392077,PBPF,cracker_scene1,30,old
2867,12.537264347076416,0.2085946078706725,PBPF,cracker_scene1,30,old
2868,12.541503429412842,0.2094727450136144,PBPF,cracker_scene1,30,old
2869,12.546127080917358,0.20914623663701312,PBPF,cracker_scene1,30,old
2870,12.550251483917236,0.20914623663701312,PBPF,cracker_scene1,30,old
2871,12.555070400238037,0.20907454235482326,PBPF,cracker_scene1,30,old
2872,12.5597083568573,0.20886952236755268,PBPF,cracker_scene1,30,old
2873,12.563877582550049,0.20886952236755268,PBPF,cracker_scene1,30,old
2874,12.568369626998901,0.20887471667573126,PBPF,cracker_scene1,30,old
2875,12.573079109191895,0.20887471667573126,PBPF,cracker_scene1,30,old
2876,12.578264474868774,0.20875425223080096,PBPF,cracker_scene1,30,old
2877,12.582494735717773,0.20907754417756072,PBPF,cracker_scene1,30,old
2878,12.587262392044067,0.2091261858860097,PBPF,cracker_scene1,30,old
2879,12.591653108596802,0.20892752157826014,PBPF,cracker_scene1,30,old
2880,12.596476554870605,0.20892752157826014,PBPF,cracker_scene1,30,old
2881,12.601113080978394,0.20803062448533824,PBPF,cracker_scene1,30,old
2882,12.605717658996582,0.20803062448533824,PBPF,cracker_scene1,30,old
2883,12.610350370407104,0.20832402435037456,PBPF,cracker_scene1,30,old
2884,12.614430665969849,0.20832402435037456,PBPF,cracker_scene1,30,old
2885,12.618835926055908,0.20797732304550295,PBPF,cracker_scene1,30,old
2886,12.623037338256836,0.20797732304550295,PBPF,cracker_scene1,30,old
2887,12.62753415107727,0.20774195497731804,PBPF,cracker_scene1,30,old
2888,12.63183307647705,0.20774195497731804,PBPF,cracker_scene1,30,old
2889,12.636486291885376,0.20888498687864016,PBPF,cracker_scene1,30,old
2890,12.641265630722046,0.2084042029040187,PBPF,cracker_scene1,30,old
2891,12.646158933639526,0.21552742118992166,PBPF,cracker_scene1,30,old
2892,12.650511026382446,0.21558048488938766,PBPF,cracker_scene1,30,old
2893,12.654749393463135,0.21558048488938766,PBPF,cracker_scene1,30,old
2894,12.659234523773193,0.2152537145360374,PBPF,cracker_scene1,30,old
2895,12.66353726387024,0.2152537145360374,PBPF,cracker_scene1,30,old
2896,12.667737007141113,0.21451848166833615,PBPF,cracker_scene1,30,old
2897,12.67212724685669,0.21451848166833615,PBPF,cracker_scene1,30,old
2898,12.676616191864014,0.21434429698398724,PBPF,cracker_scene1,30,old
2899,12.680987358093262,0.21406950626636934,PBPF,cracker_scene1,30,old
2900,12.685461044311523,0.21437302619384868,PBPF,cracker_scene1,30,old
2901,12.689542770385742,0.21437302619384868,PBPF,cracker_scene1,30,old
2902,12.693908452987671,0.21425921075019694,PBPF,cracker_scene1,30,old
2903,12.69792366027832,0.21425921075019694,PBPF,cracker_scene1,30,old
2904,12.702514410018921,0.21568263607461763,PBPF,cracker_scene1,30,old
2905,12.70668649673462,0.21568263607461763,PBPF,cracker_scene1,30,old
2906,12.711286067962646,0.21584198808089153,PBPF,cracker_scene1,30,old
2907,12.715479612350464,0.21584198808089153,PBPF,cracker_scene1,30,old
2908,12.719925165176392,0.21542823340985032,PBPF,cracker_scene1,30,old
2909,12.724068880081177,0.21542823340985032,PBPF,cracker_scene1,30,old
2910,12.72835397720337,0.21444126000684857,PBPF,cracker_scene1,30,old
2911,12.732584714889526,0.21444126000684857,PBPF,cracker_scene1,30,old
2912,12.736921310424805,0.2150065465571676,PBPF,cracker_scene1,30,old
2913,12.74130129814148,0.2150065465571676,PBPF,cracker_scene1,30,old
2914,12.745922088623047,0.21460377474050177,PBPF,cracker_scene1,30,old
2915,12.750066995620728,0.21422922983345227,PBPF,cracker_scene1,30,old
2916,12.75460410118103,0.21422922983345227,PBPF,cracker_scene1,30,old
2917,12.759054899215698,0.21406946183529998,PBPF,cracker_scene1,30,old
2918,12.763571500778198,0.21406946183529998,PBPF,cracker_scene1,30,old
2919,12.768270492553711,0.21348587963352006,PBPF,cracker_scene1,30,old
2920,12.772490978240967,0.21348587963352006,PBPF,cracker_scene1,30,old
2921,12.777280569076538,0.21494705302268768,PBPF,cracker_scene1,30,old
2922,12.781467914581299,0.21494705302268768,PBPF,cracker_scene1,30,old
2923,12.78635311126709,0.21493266268649044,PBPF,cracker_scene1,30,old
2924,12.790570974349976,0.21493266268649044,PBPF,cracker_scene1,30,old
2925,12.795310020446777,0.21478196643068498,PBPF,cracker_scene1,30,old
2926,12.799585580825806,0.21478196643068498,PBPF,cracker_scene1,30,old
2927,12.804263830184937,0.2144178946567962,PBPF,cracker_scene1,30,old
2928,12.809077262878418,0.21400720255339348,PBPF,cracker_scene1,30,old
2929,12.813963890075684,0.23584419158862996,PBPF,cracker_scene1,30,old
2930,12.818551301956177,0.2350135828282604,PBPF,cracker_scene1,30,old
2931,12.823035955429077,0.2350135828282604,PBPF,cracker_scene1,30,old
2932,12.827542543411255,0.23567905283276974,PBPF,cracker_scene1,30,old
2933,12.832181453704834,0.23567905283276974,PBPF,cracker_scene1,30,old
2934,12.836845397949219,0.23555664368435048,PBPF,cracker_scene1,30,old
2935,12.8413987159729,0.23555664368435048,PBPF,cracker_scene1,30,old
2936,12.845839500427246,0.23532129692525894,PBPF,cracker_scene1,30,old
2937,12.850280284881592,0.2353680899555117,PBPF,cracker_scene1,30,old
2938,12.854998111724854,0.23595680309419054,PBPF,cracker_scene1,30,old
2939,12.859813690185547,0.235386965372463,PBPF,cracker_scene1,30,old
2940,12.864149808883667,0.235386965372463,PBPF,cracker_scene1,30,old
2941,12.868856430053711,0.23463779874768265,PBPF,cracker_scene1,30,old
2942,12.873279809951782,0.23463779874768265,PBPF,cracker_scene1,30,old
2943,12.878001689910889,0.23506903005810645,PBPF,cracker_scene1,30,old
2944,12.882267951965332,0.23506903005810645,PBPF,cracker_scene1,30,old
2945,12.886792659759521,0.23472432860772502,PBPF,cracker_scene1,30,old
2946,12.89162302017212,0.23472432860772502,PBPF,cracker_scene1,30,old
2947,12.896092176437378,0.23442430295900094,PBPF,cracker_scene1,30,old
2948,12.90079140663147,0.23442430295900094,PBPF,cracker_scene1,30,old
2949,12.905534744262695,0.2345109431987368,PBPF,cracker_scene1,30,old
2950,12.910491704940796,0.23428494249523374,PBPF,cracker_scene1,30,old
2951,12.916456699371338,0.23428494249523374,PBPF,cracker_scene1,30,old
2952,12.920961618423462,0.23406926708731607,PBPF,cracker_scene1,30,old
2953,12.925394058227539,0.23406926708731607,PBPF,cracker_scene1,30,old
2954,12.930776834487915,0.23418758570741513,PBPF,cracker_scene1,30,old
2955,12.935469627380371,0.23418758570741513,PBPF,cracker_scene1,30,old
2956,12.940425157546997,0.23468583871925158,PBPF,cracker_scene1,30,old
2957,12.94530987739563,0.23468583871925158,PBPF,cracker_scene1,30,old
2958,12.94962453842163,0.23375290484856687,PBPF,cracker_scene1,30,old
2959,12.954900026321411,0.2337595792499984,PBPF,cracker_scene1,30,old
2960,12.959948539733887,0.2335846858118267,PBPF,cracker_scene1,30,old
2961,12.964574575424194,0.2335846858118267,PBPF,cracker_scene1,30,old
2962,12.969910621643066,0.2342270902856111,PBPF,cracker_scene1,30,old
2963,12.974693536758423,0.2342380677731301,PBPF,cracker_scene1,30,old
2964,12.979718685150146,0.23411386622317107,PBPF,cracker_scene1,30,old
2965,12.986556768417358,0.234565282132493,PBPF,cracker_scene1,30,old
2966,12.99328351020813,0.234565282132493,PBPF,cracker_scene1,30,old
2967,13.000051736831665,0.23470301341356264,PBPF,cracker_scene1,30,old
2968,13.00497841835022,0.23503533091014078,PBPF,cracker_scene1,30,old
2969,13.01150107383728,0.23503533091014078,PBPF,cracker_scene1,30,old
2970,13.018176317214966,0.23584579887035972,PBPF,cracker_scene1,30,old
2971,13.024483442306519,0.23422044211806511,PBPF,cracker_scene1,30,old
2972,13.03075623512268,0.23422044211806511,PBPF,cracker_scene1,30,old
2973,13.036855697631836,0.23423592643467986,PBPF,cracker_scene1,30,old
2974,13.043179750442505,0.23396309718200378,PBPF,cracker_scene1,30,old
2975,13.04977297782898,0.23484848417006732,PBPF,cracker_scene1,30,old
2976,13.056329250335693,0.23597335030789032,PBPF,cracker_scene1,30,old
2977,13.06374454498291,0.2368287515672558,PBPF,cracker_scene1,30,old
2978,13.070230722427368,0.23796199206513102,PBPF,cracker_scene1,30,old
2979,13.076573610305786,0.23702874085580253,PBPF,cracker_scene1,30,old
2980,13.083240270614624,0.23790797638604064,PBPF,cracker_scene1,30,old
2981,13.089573383331299,0.23790797638604064,PBPF,cracker_scene1,30,old
2982,13.096234798431396,0.23727725231029873,PBPF,cracker_scene1,30,old
2983,13.102795600891113,0.23819128324524746,PBPF,cracker_scene1,30,old
2984,13.109456300735474,0.2386099818153494,PBPF,cracker_scene1,30,old
2985,13.116209745407104,0.23873085766581872,PBPF,cracker_scene1,30,old
2986,13.122703552246094,0.23873085766581872,PBPF,cracker_scene1,30,old
2987,13.129426002502441,0.2386642541604755,PBPF,cracker_scene1,30,old
2988,13.135732889175415,0.2386642541604755,PBPF,cracker_scene1,30,old
2989,13.142365217208862,0.2401517033041395,PBPF,cracker_scene1,30,old
2990,13.14934778213501,0.24242805748175927,PBPF,cracker_scene1,30,old
2991,13.155723094940186,0.24242805748175927,PBPF,cracker_scene1,30,old
2992,13.162161588668823,0.24297722457740997,PBPF,cracker_scene1,30,old
2993,13.168612241744995,0.24342414061460926,PBPF,cracker_scene1,30,old
2994,13.175012588500977,0.24362208684671427,PBPF,cracker_scene1,30,old
2995,13.18166184425354,0.24362208684671427,PBPF,cracker_scene1,30,old
2996,13.18875241279602,0.2353368815355901,PBPF,cracker_scene1,30,old
2997,13.195486545562744,0.2360584958687289,PBPF,cracker_scene1,30,old
2998,13.20194697380066,0.2368341963087545,PBPF,cracker_scene1,30,old
2999,13.208179473876953,0.2368341963087545,PBPF,cracker_scene1,30,old
3000,13.216002702713013,0.23636880214037254,PBPF,cracker_scene1,30,old
3001,13.222736358642578,0.23710947155854206,PBPF,cracker_scene1,30,old
3002,13.229196786880493,0.2374772940125403,PBPF,cracker_scene1,30,old
3003,13.235578298568726,0.2374772940125403,PBPF,cracker_scene1,30,old
3004,13.242663860321045,0.23987238672190356,PBPF,cracker_scene1,30,old
3005,13.250316619873047,0.2404072240472408,PBPF,cracker_scene1,30,old
3006,13.257664918899536,0.24128911549481263,PBPF,cracker_scene1,30,old
3007,13.264538764953613,0.24128911549481263,PBPF,cracker_scene1,30,old
3008,13.271673917770386,0.24108602802063878,PBPF,cracker_scene1,30,old
3009,13.278868675231934,0.2418976485624154,PBPF,cracker_scene1,30,old
3010,13.28541374206543,0.2418976485624154,PBPF,cracker_scene1,30,old
3011,13.29247260093689,0.2439939265767594,PBPF,cracker_scene1,30,old
3012,13.299575328826904,0.2439939265767594,PBPF,cracker_scene1,30,old
3013,13.30617904663086,0.2451081617682131,PBPF,cracker_scene1,30,old
3014,13.31283688545227,0.2451081617682131,PBPF,cracker_scene1,30,old
3015,13.319753170013428,0.24591490649280437,PBPF,cracker_scene1,30,old
3016,13.326686382293701,0.24715056471021007,PBPF,cracker_scene1,30,old
3017,13.33348560333252,0.24782486629797196,PBPF,cracker_scene1,30,old
3018,13.34056568145752,0.24851871818840296,PBPF,cracker_scene1,30,old
3019,13.347545623779297,0.24877184839512193,PBPF,cracker_scene1,30,old
3020,13.354451417922974,0.2499993735877382,PBPF,cracker_scene1,30,old
3021,13.37297511100769,0.25219385596807464,PBPF,cracker_scene1,30,old
3022,13.387958765029907,0.25233388282330615,PBPF,cracker_scene1,30,old
3023,13.395780563354492,0.253208871648232,PBPF,cracker_scene1,30,old
3024,13.403586387634277,0.21853803132268984,PBPF,cracker_scene1,30,old
3025,13.411724328994751,0.21853803132268984,PBPF,cracker_scene1,30,old
3026,13.42031192779541,0.221260959725983,PBPF,cracker_scene1,30,old
3027,13.427640438079834,0.221260959725983,PBPF,cracker_scene1,30,old
3028,13.436722755432129,0.22274058183438386,PBPF,cracker_scene1,30,old
3029,13.446327209472656,0.22528735177505654,PBPF,cracker_scene1,30,old
3030,13.45504379272461,0.2250774210288122,PBPF,cracker_scene1,30,old
3031,13.463227033615112,0.22651741050400193,PBPF,cracker_scene1,30,old
3032,13.471127033233643,0.22728705806183683,PBPF,cracker_scene1,30,old
3033,13.479035139083862,0.2275117773606695,PBPF,cracker_scene1,30,old
3034,13.487071752548218,0.22864110940398702,PBPF,cracker_scene1,30,old
3035,13.49471640586853,0.23064886414501037,PBPF,cracker_scene1,30,old
3036,13.502471208572388,0.23048255675237858,PBPF,cracker_scene1,30,old
3037,13.510183095932007,0.23260000484351412,PBPF,cracker_scene1,30,old
3038,13.51780080795288,0.23312777029703666,PBPF,cracker_scene1,30,old
3039,13.52572512626648,0.2334027138848535,PBPF,cracker_scene1,30,old
3040,13.533539056777954,0.2352160281699014,PBPF,cracker_scene1,30,old
3041,13.54059648513794,0.23521112843918576,PBPF,cracker_scene1,30,old
3042,13.547796249389648,0.2359387242230074,PBPF,cracker_scene1,30,old
3043,13.555471181869507,0.23704520400891674,PBPF,cracker_scene1,30,old
3044,13.563098192214966,0.23716504660590748,PBPF,cracker_scene1,30,old
3045,13.570845603942871,0.23901247602106013,PBPF,cracker_scene1,30,old
3046,13.579319715499878,0.23991779646229217,PBPF,cracker_scene1,30,old
3047,13.58681583404541,0.24084654915794904,PBPF,cracker_scene1,30,old
3048,13.594334125518799,0.2419836790959854,PBPF,cracker_scene1,30,old
3049,13.601834774017334,0.24207205427308415,PBPF,cracker_scene1,30,old
3050,13.610117197036743,0.2441508020781607,PBPF,cracker_scene1,30,old
3051,13.61741304397583,0.2444193773708008,PBPF,cracker_scene1,30,old
3052,13.624624013900757,0.2462020074818599,PBPF,cracker_scene1,30,old
3053,13.631619930267334,0.2462020074818599,PBPF,cracker_scene1,30,old
3054,13.639236211776733,0.24682307505574105,PBPF,cracker_scene1,30,old
3055,13.64720606803894,0.2477478340283606,PBPF,cracker_scene1,30,old
3056,13.655340433120728,0.24858574320746843,PBPF,cracker_scene1,30,old
3057,13.666382789611816,0.24888851365356027,PBPF,cracker_scene1,30,old
3058,13.678760766983032,0.25026437574036114,PBPF,cracker_scene1,30,old
3059,13.694412231445312,0.25574420934436,PBPF,cracker_scene1,30,old
3060,13.713401556015015,0.2577742971578768,PBPF,cracker_scene1,30,old
3061,13.734066247940063,0.2577742971578768,PBPF,cracker_scene1,30,old
3062,13.796303510665894,0.2641294886373634,PBPF,cracker_scene1,30,old
3063,13.803966999053955,0.267323973661823,PBPF,cracker_scene1,30,old
3064,13.833033561706543,0.27221370148965196,PBPF,cracker_scene1,30,old
3065,13.856184244155884,0.27221370148965196,PBPF,cracker_scene1,30,old
3066,13.875221967697144,0.27662219956358436,PBPF,cracker_scene1,30,old
3067,13.925827026367188,0.2841077467564206,PBPF,cracker_scene1,30,old
3068,14.052204608917236,0.29657491487106813,PBPF,cracker_scene1,30,old
3069,14.091867208480835,0.3058613326568292,PBPF,cracker_scene1,30,old
3070,14.099197626113892,0.3058613326568292,PBPF,cracker_scene1,30,old
3071,14.19657015800476,0.31571301195475476,PBPF,cracker_scene1,30,old
3072,14.213085651397705,0.31571301195475476,PBPF,cracker_scene1,30,old
3073,14.236745834350586,0.32780557474918015,PBPF,cracker_scene1,30,old
3074,14.254081010818481,0.3286378311265124,PBPF,cracker_scene1,30,old
3075,14.27367115020752,0.3313993479960559,PBPF,cracker_scene1,30,old
3076,14.283429861068726,0.33081426133556585,PBPF,cracker_scene1,30,old
3077,14.299309492111206,0.3314096769805246,PBPF,cracker_scene1,30,old
3078,14.324628591537476,0.3314081157719104,PBPF,cracker_scene1,30,old
3079,14.35653829574585,0.33138078862782805,PBPF,cracker_scene1,30,old
3080,14.428349494934082,0.3469500971890426,PBPF,cracker_scene1,30,old
3081,14.44386911392212,0.35655734209937645,PBPF,cracker_scene1,30,old
3082,14.552470922470093,0.36722489447782036,PBPF,cracker_scene1,30,old
3083,14.58167839050293,0.3759717856518607,PBPF,cracker_scene1,30,old
3084,14.613361120223999,0.3794597960589019,PBPF,cracker_scene1,30,old
3085,14.675992250442505,0.361809279894653,PBPF,cracker_scene1,30,old
3086,14.692896842956543,0.361809279894653,PBPF,cracker_scene1,30,old
3087,14.724489212036133,0.37061508894703554,PBPF,cracker_scene1,30,old
3088,14.765550374984741,0.37554908589817454,PBPF,cracker_scene1,30,old
3089,14.801336765289307,0.37554908589817454,PBPF,cracker_scene1,30,old
3090,14.814778089523315,0.376022517424059,PBPF,cracker_scene1,30,old
3091,14.864305973052979,0.39204541955572736,PBPF,cracker_scene1,30,old
3092,14.896686315536499,0.3921855760130836,PBPF,cracker_scene1,30,old
3093,14.921500444412231,0.40503420766855025,PBPF,cracker_scene1,30,old
3094,14.928518772125244,0.40503420766855025,PBPF,cracker_scene1,30,old
3095,14.935677289962769,0.40503420766855025,PBPF,cracker_scene1,30,old
3096,14.95211935043335,0.40503420766855025,PBPF,cracker_scene1,30,old
3097,14.998197317123413,0.4200477532917933,PBPF,cracker_scene1,30,old
3098,15.053495407104492,0.4244320032913858,PBPF,cracker_scene1,30,old
3099,15.098207950592041,0.43790239701857714,PBPF,cracker_scene1,30,old
3100,15.135685443878174,0.44419051733131903,PBPF,cracker_scene1,30,old
3101,15.180846691131592,0.4303406013282543,PBPF,cracker_scene1,30,old
3102,15.24257230758667,0.4487894882221908,PBPF,cracker_scene1,30,old
3103,15.286223411560059,0.45371549304988107,PBPF,cracker_scene1,30,old
3104,15.33928108215332,0.46153235455108116,PBPF,cracker_scene1,30,old
3105,15.346456050872803,0.46153235455108116,PBPF,cracker_scene1,30,old
3106,15.377265691757202,0.46153235455108116,PBPF,cracker_scene1,30,old
3107,15.401916742324829,0.46153235455108116,PBPF,cracker_scene1,30,old
3108,15.4336678981781,0.48032896181072804,PBPF,cracker_scene1,30,old
3109,15.47731328010559,0.4887520283525322,PBPF,cracker_scene1,30,old
3110,15.516345024108887,0.4887520283525322,PBPF,cracker_scene1,30,old
3111,15.52957558631897,0.4887520283525322,PBPF,cracker_scene1,30,old
3112,15.576469421386719,0.4949836696975854,PBPF,cracker_scene1,30,old
3113,15.61690640449524,0.4953258194392429,PBPF,cracker_scene1,30,old
3114,15.629537343978882,0.4953258194392429,PBPF,cracker_scene1,30,old
3115,15.637296199798584,0.4953258194392429,PBPF,cracker_scene1,30,old
3116,15.68432331085205,0.44781157610661876,PBPF,cracker_scene1,30,old
3117,15.691927194595337,0.44781157610661876,PBPF,cracker_scene1,30,old
3118,15.728463888168335,0.44821318966429163,PBPF,cracker_scene1,30,old
3119,15.740808010101318,0.44821318966429163,PBPF,cracker_scene1,30,old
3120,15.814226865768433,0.44873771403936463,PBPF,cracker_scene1,30,old
3121,15.822192192077637,0.44873771403936463,PBPF,cracker_scene1,30,old
3122,15.869361877441406,0.44878131900148666,PBPF,cracker_scene1,30,old
3123,15.884403228759766,0.44793002272660665,PBPF,cracker_scene1,30,old
3124,15.91359543800354,0.447777934698464,PBPF,cracker_scene1,30,old
3125,15.928471565246582,0.447777934698464,PBPF,cracker_scene1,30,old
3126,15.936340808868408,0.447777934698464,PBPF,cracker_scene1,30,old
3127,15.965749740600586,0.4486191697911282,PBPF,cracker_scene1,30,old
3128,15.992269277572632,0.4170844920575911,PBPF,cracker_scene1,30,old
3129,16.033411264419556,0.4171476829677667,PBPF,cracker_scene1,30,old
3130,16.04107141494751,0.4171476829677667,PBPF,cracker_scene1,30,old
3131,16.066406965255737,0.417322269418797,PBPF,cracker_scene1,30,old
3132,16.100430011749268,0.4191617676121888,PBPF,cracker_scene1,30,old
3133,16.160179376602173,0.42955681438837345,PBPF,cracker_scene1,30,old
3134,16.17509412765503,0.4318726630097842,PBPF,cracker_scene1,30,old
3135,16.19747495651245,0.43426812028087536,PBPF,cracker_scene1,30,old
3136,16.22606062889099,0.4405661971478274,PBPF,cracker_scene1,30,old
3137,16.280412912368774,0.4492032241088255,PBPF,cracker_scene1,30,old
3138,16.294951915740967,0.45411620889119764,PBPF,cracker_scene1,30,old
3139,16.32299542427063,0.45915469474686077,PBPF,cracker_scene1,30,old
3140,16.36565375328064,0.46564532476068,PBPF,cracker_scene1,30,old
3141,16.413877248764038,0.4739199541719943,PBPF,cracker_scene1,30,old
3142,16.42779779434204,0.4759009215103811,PBPF,cracker_scene1,30,old
3143,16.45472764968872,0.48054369543102826,PBPF,cracker_scene1,30,old
3144,16.505613565444946,0.48867587324981265,PBPF,cracker_scene1,30,old
3145,16.55729365348816,0.4865279175995161,PBPF,cracker_scene1,30,old
3146,16.581555128097534,0.49077269040301896,PBPF,cracker_scene1,30,old
3147,16.603893518447876,0.49338104228130764,PBPF,cracker_scene1,30,old
3148,16.66847062110901,0.49882889730399693,PBPF,cracker_scene1,30,old
3149,16.68128490447998,0.4979845819137907,PBPF,cracker_scene1,30,old
3150,16.713948726654053,0.5069953477413289,PBPF,cracker_scene1,30,old
3151,16.730104684829712,0.5103203239114826,PBPF,cracker_scene1,30,old
3152,16.737725257873535,0.5115312861302241,PBPF,cracker_scene1,30,old
3153,16.749758005142212,0.511675046153087,PBPF,cracker_scene1,30,old
3154,16.7766752243042,0.511675046153087,PBPF,cracker_scene1,30,old
3155,16.790504455566406,0.5167221867458798,PBPF,cracker_scene1,30,old
3156,16.81993317604065,0.5199040788956619,PBPF,cracker_scene1,30,old
3157,16.83989715576172,0.5228178269189554,PBPF,cracker_scene1,30,old
3158,16.85986042022705,0.5244583750693037,PBPF,cracker_scene1,30,old
3159,16.880448579788208,0.5239844423571149,PBPF,cracker_scene1,30,old
3160,16.887937307357788,0.5251268567297691,PBPF,cracker_scene1,30,old
3161,16.937190294265747,0.5312767066457154,PBPF,cracker_scene1,30,old
3162,16.956786632537842,0.5341866836062517,PBPF,cracker_scene1,30,old
3163,16.999502897262573,0.5384224371544448,PBPF,cracker_scene1,30,old
3164,17.06182360649109,0.5485775073766126,PBPF,cracker_scene1,30,old
3165,17.098512172698975,0.5501522297643335,PBPF,cracker_scene1,30,old
3166,17.128285884857178,0.5518226797506953,PBPF,cracker_scene1,30,old
3167,17.14092493057251,0.5567452207464143,PBPF,cracker_scene1,30,old
3168,17.166951656341553,0.5606153073653282,PBPF,cracker_scene1,30,old
3169,17.200616121292114,0.563739807780367,PBPF,cracker_scene1,30,old
3170,17.212790727615356,0.5673115634027468,PBPF,cracker_scene1,30,old
3171,17.222771406173706,0.5689880341452094,PBPF,cracker_scene1,30,old
3172,17.286008834838867,0.5638465878371877,PBPF,cracker_scene1,30,old
3173,17.29997444152832,0.5646360511409014,PBPF,cracker_scene1,30,old
3174,17.321903705596924,0.567657335911333,PBPF,cracker_scene1,30,old
3175,17.35061764717102,0.5691453329330702,PBPF,cracker_scene1,30,old
3176,17.380228757858276,0.5729615836251565,PBPF,cracker_scene1,30,old
3177,17.424398183822632,0.5741118453701732,PBPF,cracker_scene1,30,old
3178,17.46201777458191,0.5804757701252683,PBPF,cracker_scene1,30,old
3179,17.500743627548218,0.5834583772860533,PBPF,cracker_scene1,30,old
3180,17.524552822113037,0.5870115847899466,PBPF,cracker_scene1,30,old
3181,17.556803941726685,0.5924371783382059,PBPF,cracker_scene1,30,old
3182,17.565182209014893,0.5928994156526128,PBPF,cracker_scene1,30,old
3183,17.582990884780884,0.5948617568166554,PBPF,cracker_scene1,30,old
3184,17.62078833580017,0.5986322309586916,PBPF,cracker_scene1,30,old
3185,17.654019832611084,0.6038208000418486,PBPF,cracker_scene1,30,old
3186,17.68447709083557,0.6061642579042603,PBPF,cracker_scene1,30,old
3187,17.70551609992981,0.5938969591186183,PBPF,cracker_scene1,30,old
3188,17.7301127910614,0.5971025645990551,PBPF,cracker_scene1,30,old
3189,17.7486355304718,0.5971025645990551,PBPF,cracker_scene1,30,old
3190,17.762641668319702,0.6005862379604903,PBPF,cracker_scene1,30,old
3191,17.799143075942993,0.6020256599135765,PBPF,cracker_scene1,30,old
3192,17.857093334197998,0.6057457467438825,PBPF,cracker_scene1,30,old
3193,17.912876844406128,0.6153015005103972,PBPF,cracker_scene1,30,old
3194,17.948392868041992,0.6213805269272505,PBPF,cracker_scene1,30,old
3195,17.984357118606567,0.6239221624320228,PBPF,cracker_scene1,30,old
3196,18.013829708099365,0.6259104234667277,PBPF,cracker_scene1,30,old
3197,18.028563261032104,0.6264072610123339,PBPF,cracker_scene1,30,old
3198,18.056781768798828,0.6319043364588408,PBPF,cracker_scene1,30,old
3199,18.069268941879272,0.6331634100296037,PBPF,cracker_scene1,30,old
3200,18.08269190788269,0.6346311694311835,PBPF,cracker_scene1,30,old
3201,18.095784664154053,0.6346311694311835,PBPF,cracker_scene1,30,old
3202,18.106968641281128,0.6370370745303715,PBPF,cracker_scene1,30,old
3203,18.11936640739441,0.6377393272680365,PBPF,cracker_scene1,30,old
3204,18.136481285095215,0.6377918796556319,PBPF,cracker_scene1,30,old
3205,18.17197847366333,0.637807823106554,PBPF,cracker_scene1,30,old
3206,18.220659017562866,0.6497677626533189,PBPF,cracker_scene1,30,old
3207,18.24044919013977,0.649865668067986,PBPF,cracker_scene1,30,old
3208,18.287792205810547,0.6666681992637624,PBPF,cracker_scene1,30,old
3209,18.30741238594055,0.6684131849677764,PBPF,cracker_scene1,30,old
3210,18.348246097564697,0.6712940476325846,PBPF,cracker_scene1,30,old
3211,18.36701202392578,0.6714639469037342,PBPF,cracker_scene1,30,old
3212,18.41260313987732,0.6748182186447993,PBPF,cracker_scene1,30,old
3213,18.445791959762573,0.6813019860933798,PBPF,cracker_scene1,30,old
3214,18.475392818450928,0.6836331587618005,PBPF,cracker_scene1,30,old
3215,18.52850103378296,0.6880778363410203,PBPF,cracker_scene1,30,old
3216,18.587484121322632,0.6934625014533733,PBPF,cracker_scene1,30,old
3217,18.644426345825195,0.7044978998793763,PBPF,cracker_scene1,30,old
3218,18.765610694885254,0.7189407105035999,PBPF,cracker_scene1,30,old
3219,18.78434443473816,0.7240228180357215,PBPF,cracker_scene1,30,old
3220,18.799123764038086,0.7232062993667894,PBPF,cracker_scene1,30,old
3221,18.830612421035767,0.729533384873303,PBPF,cracker_scene1,30,old
3222,18.883322954177856,0.7214094929733363,PBPF,cracker_scene1,30,old
3223,18.893702507019043,0.722969909553913,PBPF,cracker_scene1,30,old
3224,18.917957067489624,0.7267151570741062,PBPF,cracker_scene1,30,old
3225,18.94225025177002,0.7300130571271826,PBPF,cracker_scene1,30,old
3226,18.96946883201599,0.7318114839402474,PBPF,cracker_scene1,30,old
3227,18.98187279701233,0.7361752095677732,PBPF,cracker_scene1,30,old
3228,18.996755599975586,0.7391228790493143,PBPF,cracker_scene1,30,old
3229,19.017897129058838,0.7402014700324706,PBPF,cracker_scene1,30,old
3230,19.049335956573486,0.7469212926571043,PBPF,cracker_scene1,30,old
3231,19.099568367004395,0.7585827694031826,PBPF,cracker_scene1,30,old
3232,19.122042894363403,0.7633668551840493,PBPF,cracker_scene1,30,old
3233,19.139897108078003,0.7650397744895265,PBPF,cracker_scene1,30,old
3234,19.16426110267639,0.7708165467980983,PBPF,cracker_scene1,30,old
3235,19.212629795074463,0.7792603282114996,PBPF,cracker_scene1,30,old
3236,19.248251914978027,0.7818588735422338,PBPF,cracker_scene1,30,old
3237,19.260942697525024,0.7871138030797065,PBPF,cracker_scene1,30,old
3238,19.280572414398193,0.7887909933971979,PBPF,cracker_scene1,30,old
3239,19.304662942886353,0.7897554613254965,PBPF,cracker_scene1,30,old
3240,19.338470220565796,0.7920251779031329,PBPF,cracker_scene1,30,old
3241,19.393852949142456,0.7920251779031329,PBPF,cracker_scene1,30,old
3242,19.43797492980957,0.7991231279456565,PBPF,cracker_scene1,30,old
3243,19.472349405288696,0.7986118045284654,PBPF,cracker_scene1,30,old
3244,19.537457704544067,0.8019617060303359,PBPF,cracker_scene1,30,old
3245,19.59069013595581,0.8016703973330923,PBPF,cracker_scene1,30,old
3246,19.619114637374878,0.801028869809552,PBPF,cracker_scene1,30,old
3247,19.658233880996704,0.802003585197661,PBPF,cracker_scene1,30,old
3248,19.692930221557617,0.7917919443240162,PBPF,cracker_scene1,30,old
3249,19.702495336532593,0.7910844340636078,PBPF,cracker_scene1,30,old
3250,19.714755296707153,0.7917035826575134,PBPF,cracker_scene1,30,old
3251,19.760706901550293,0.7919487620166716,PBPF,cracker_scene1,30,old
3252,19.779955863952637,0.7919931294746352,PBPF,cracker_scene1,30,old
3253,19.79351305961609,0.7919931294746352,PBPF,cracker_scene1,30,old
3254,19.83396625518799,0.7917546517732443,PBPF,cracker_scene1,30,old
3255,19.852962493896484,0.7917978012936704,PBPF,cracker_scene1,30,old
3256,19.86974334716797,0.7909293228965995,PBPF,cracker_scene1,30,old
3257,19.883745431900024,0.791858288058946,PBPF,cracker_scene1,30,old
3258,19.91496229171753,0.7911303042451392,PBPF,cracker_scene1,30,old
3259,19.962623596191406,0.7917915927046639,PBPF,cracker_scene1,30,old
3260,19.984718799591064,0.790805050998654,PBPF,cracker_scene1,30,old
3261,20.010675191879272,0.7907253528526317,PBPF,cracker_scene1,30,old
3262,20.023871421813965,0.7907253528526317,PBPF,cracker_scene1,30,old
3263,20.0741229057312,0.7920432006838123,PBPF,cracker_scene1,30,old
3264,20.09023928642273,0.7917379263136421,PBPF,cracker_scene1,30,old
3265,20.125946283340454,0.7917162959175323,PBPF,cracker_scene1,30,old
3266,20.153598308563232,0.7906115121997459,PBPF,cracker_scene1,30,old
3267,20.19326615333557,0.7909443497461366,PBPF,cracker_scene1,30,old
3268,20.287869215011597,0.7916512328232033,PBPF,cracker_scene1,30,old
3269,20.369678735733032,0.7774815730198057,PBPF,cracker_scene1,30,old
3270,20.379467725753784,0.7774815730198057,PBPF,cracker_scene1,30,old
3271,20.393037796020508,0.7774815730198057,PBPF,cracker_scene1,30,old
3272,20.440677404403687,0.7773335892707545,PBPF,cracker_scene1,30,old
3273,20.4658420085907,0.7773569349615368,PBPF,cracker_scene1,30,old
3274,20.478400945663452,0.777309338617238,PBPF,cracker_scene1,30,old
3275,20.492096424102783,0.777309338617238,PBPF,cracker_scene1,30,old
3276,20.53026580810547,0.7773557854947599,PBPF,cracker_scene1,30,old
3277,20.544289350509644,0.7765567356104279,PBPF,cracker_scene1,30,old
3278,20.592313051223755,0.7773899198024319,PBPF,cracker_scene1,30,old
3279,20.61591362953186,0.7765049503366495,PBPF,cracker_scene1,30,old
3280,20.62768793106079,0.7765049503366495,PBPF,cracker_scene1,30,old
3281,20.704588890075684,0.7766632100821589,PBPF,cracker_scene1,30,old
3282,20.736610412597656,0.7764788630475667,PBPF,cracker_scene1,30,old
3283,20.785537719726562,0.7773379329872032,PBPF,cracker_scene1,30,old
3284,20.793733835220337,0.7773379329872032,PBPF,cracker_scene1,30,old
3285,20.827271938323975,0.7767835439127886,PBPF,cracker_scene1,30,old
3286,20.864407062530518,0.7764059553108664,PBPF,cracker_scene1,30,old
3287,20.893627882003784,0.7764202364563584,PBPF,cracker_scene1,30,old
3288,20.920398235321045,0.777293601307786,PBPF,cracker_scene1,30,old
3289,20.933165788650513,0.7773412663985226,PBPF,cracker_scene1,30,old
3290,21.000567197799683,0.7772963543304225,PBPF,cracker_scene1,30,old
3291,21.03247332572937,0.7764542565453505,PBPF,cracker_scene1,30,old
3292,21.108474016189575,0.7764542565453505,PBPF,cracker_scene1,30,old
3293,21.124284505844116,0.7773541355309623,PBPF,cracker_scene1,30,old
3294,21.14049792289734,0.7773541355309623,PBPF,cracker_scene1,30,old
3295,21.148139238357544,0.7773541355309623,PBPF,cracker_scene1,30,old
3296,21.155184268951416,0.7773541355309623,PBPF,cracker_scene1,30,old
3297,21.16681480407715,0.7773541355309623,PBPF,cracker_scene1,30,old
3298,21.17832088470459,0.7773541355309623,PBPF,cracker_scene1,30,old
3299,21.185660123825073,0.7773541355309623,PBPF,cracker_scene1,30,old
3300,21.19739079475403,0.7773541355309623,PBPF,cracker_scene1,30,old
3301,21.20445466041565,0.7773541355309623,PBPF,cracker_scene1,30,old
3302,21.214678049087524,0.7773541355309623,PBPF,cracker_scene1,30,old
3303,21.226357221603394,0.7773541355309623,PBPF,cracker_scene1,30,old
3304,21.23341464996338,0.7773541355309623,PBPF,cracker_scene1,30,old
3305,21.245278358459473,0.7773541355309623,PBPF,cracker_scene1,30,old
3306,21.27328634262085,0.7773541355309623,PBPF,cracker_scene1,30,old
3307,21.280641317367554,0.7773541355309623,PBPF,cracker_scene1,30,old
3308,21.28773522377014,0.7773541355309623,PBPF,cracker_scene1,30,old
3309,21.294826984405518,0.7773541355309623,PBPF,cracker_scene1,30,old
3310,21.301855087280273,0.7773541355309623,PBPF,cracker_scene1,30,old
3311,21.31315279006958,0.7773541355309623,PBPF,cracker_scene1,30,old
3312,21.320428371429443,0.7773541355309623,PBPF,cracker_scene1,30,old
3313,21.327359199523926,0.7773541355309623,PBPF,cracker_scene1,30,old
3314,21.33430027961731,0.7773541355309623,PBPF,cracker_scene1,30,old
3315,21.36969566345215,0.7773541355309623,PBPF,cracker_scene1,30,old
3316,21.377404928207397,0.7773541355309623,PBPF,cracker_scene1,30,old
3317,21.389432430267334,0.7773541355309623,PBPF,cracker_scene1,30,old
3318,21.40061902999878,0.7773541355309623,PBPF,cracker_scene1,30,old
3319,21.408384561538696,0.7773541355309623,PBPF,cracker_scene1,30,old
3320,21.41594123840332,0.7773541355309623,PBPF,cracker_scene1,30,old
3321,21.428471326828003,0.7773541355309623,PBPF,cracker_scene1,30,old
3322,21.435992002487183,0.7773541355309623,PBPF,cracker_scene1,30,old
3323,21.45635485649109,0.7773541355309623,PBPF,cracker_scene1,30,old
3324,21.472484350204468,0.7773541355309623,PBPF,cracker_scene1,30,old
3325,21.480141401290894,0.7773541355309623,PBPF,cracker_scene1,30,old
3326,21.49233102798462,0.7773541355309623,PBPF,cracker_scene1,30,old
3327,21.49986505508423,0.7773541355309623,PBPF,cracker_scene1,30,old
3328,21.512497186660767,0.7773541355309623,PBPF,cracker_scene1,30,old
3329,21.520533084869385,0.7773541355309623,PBPF,cracker_scene1,30,old
3330,21.528093099594116,0.7773541355309623,PBPF,cracker_scene1,30,old
3331,21.535311222076416,0.7773541355309623,PBPF,cracker_scene1,30,old
3332,21.54716968536377,0.7773541355309623,PBPF,cracker_scene1,30,old
3333,21.587427377700806,0.7773541355309623,PBPF,cracker_scene1,30,old
3334,21.595683813095093,0.7773541355309623,PBPF,cracker_scene1,30,old
3335,21.6080219745636,0.7773541355309623,PBPF,cracker_scene1,30,old
3336,21.615392684936523,0.7773541355309623,PBPF,cracker_scene1,30,old
3337,21.6270694732666,0.7773541355309623,PBPF,cracker_scene1,30,old
3338,21.639110803604126,0.7773541355309623,PBPF,cracker_scene1,30,old
3339,21.654853343963623,0.7773541355309623,PBPF,cracker_scene1,30,old
3340,21.66265344619751,0.7773541355309623,PBPF,cracker_scene1,30,old
3341,21.670976161956787,0.7773541355309623,PBPF,cracker_scene1,30,old
3342,21.679174661636353,0.7773541355309623,PBPF,cracker_scene1,30,old
3343,21.686999082565308,0.7773541355309623,PBPF,cracker_scene1,30,old
3344,21.694713354110718,0.7773541355309623,PBPF,cracker_scene1,30,old
3345,21.702738761901855,0.7773541355309623,PBPF,cracker_scene1,30,old
3346,21.716586351394653,0.7773541355309623,PBPF,cracker_scene1,30,old
3347,21.725384950637817,0.7773541355309623,PBPF,cracker_scene1,30,old
3348,21.733251333236694,0.7773541355309623,PBPF,cracker_scene1,30,old
3349,21.747052431106567,0.7773541355309623,PBPF,cracker_scene1,30,old
3350,21.75462579727173,0.7773541355309623,PBPF,cracker_scene1,30,old
3351,21.761818408966064,0.7773541355309623,PBPF,cracker_scene1,30,old
3352,21.774722576141357,0.7773541355309623,PBPF,cracker_scene1,30,old
3353,21.781630516052246,0.7773541355309623,PBPF,cracker_scene1,30,old
3354,21.80102038383484,0.7773541355309623,PBPF,cracker_scene1,30,old
3355,21.807309865951538,0.7773541355309623,PBPF,cracker_scene1,30,old
3356,21.81365728378296,0.7773541355309623,PBPF,cracker_scene1,30,old
3357,21.820820331573486,0.7773541355309623,PBPF,cracker_scene1,30,old
3358,21.831968069076538,0.7773541355309623,PBPF,cracker_scene1,30,old
3359,21.84679341316223,0.7773541355309623,PBPF,cracker_scene1,30,old
3360,21.854132413864136,0.7773541355309623,PBPF,cracker_scene1,30,old
3361,21.860190868377686,0.7773541355309623,PBPF,cracker_scene1,30,old
3362,21.87069535255432,0.7773541355309623,PBPF,cracker_scene1,30,old
3363,21.87779426574707,0.7773541355309623,PBPF,cracker_scene1,30,old
3364,21.88851499557495,0.7773541355309623,PBPF,cracker_scene1,30,old
3365,21.920623540878296,0.7773541355309623,PBPF,cracker_scene1,30,old
3366,21.927525997161865,0.7773541355309623,PBPF,cracker_scene1,30,old
3367,21.93334984779358,0.7773541355309623,PBPF,cracker_scene1,30,old
3368,21.938958883285522,0.7773541355309623,PBPF,cracker_scene1,30,old
3369,21.951062202453613,0.7773541355309623,PBPF,cracker_scene1,30,old
3370,21.96640419960022,0.7773541355309623,PBPF,cracker_scene1,30,old
3371,21.9726824760437,0.7773541355309623,PBPF,cracker_scene1,30,old
3372,21.97987198829651,0.7773541355309623,PBPF,cracker_scene1,30,old
3373,21.99952721595764,0.7773541355309623,PBPF,cracker_scene1,30,old
3374,22.007043600082397,0.7773541355309623,PBPF,cracker_scene1,30,old
3375,22.014369249343872,0.7773541355309623,PBPF,cracker_scene1,30,old
3376,22.02515149116516,0.7773541355309623,PBPF,cracker_scene1,30,old
3377,22.032680988311768,0.7773541355309623,PBPF,cracker_scene1,30,old
3378,22.03961420059204,0.7773541355309623,PBPF,cracker_scene1,30,old
3379,22.04664182662964,0.7773541355309623,PBPF,cracker_scene1,30,old
3380,22.05866527557373,0.7773541355309623,PBPF,cracker_scene1,30,old
3381,22.065646171569824,0.7773541355309623,PBPF,cracker_scene1,30,old
3382,22.0772225856781,0.7773541355309623,PBPF,cracker_scene1,30,old
3383,22.08460569381714,0.7773541355309623,PBPF,cracker_scene1,30,old
3384,22.091666221618652,0.7773541355309623,PBPF,cracker_scene1,30,old
3385,22.103665590286255,0.7773541355309623,PBPF,cracker_scene1,30,old
3386,22.11073327064514,0.7773541355309623,PBPF,cracker_scene1,30,old
3387,22.122307538986206,0.7773541355309623,PBPF,cracker_scene1,30,old
3388,22.129642724990845,0.7773541355309623,PBPF,cracker_scene1,30,old
3389,22.13691759109497,0.7773541355309623,PBPF,cracker_scene1,30,old
