0,0.00016641616821289062,0.08072501804296273,PBPF,cracker_scene1,40,old
1,0.0021958351135253906,0.08072501804296273,PBPF,cracker_scene1,40,old
2,0.006780862808227539,0.08128207813069722,PBPF,cracker_scene1,40,old
3,0.011146783828735352,0.08050290254976654,PBPF,cracker_scene1,40,old
4,0.015405893325805664,0.08050290254976654,PBPF,cracker_scene1,40,old
5,0.01981949806213379,0.08051106042400792,PBPF,cracker_scene1,40,old
6,0.024744033813476562,0.08081333200139172,PBPF,cracker_scene1,40,old
7,0.028918027877807617,0.08081333200139172,PBPF,cracker_scene1,40,old
8,0.033222198486328125,0.08074423905548946,PBPF,cracker_scene1,40,old
9,0.03746938705444336,0.08069473690693894,PBPF,cracker_scene1,40,old
10,0.04156947135925293,0.08069473690693894,PBPF,cracker_scene1,40,old
11,0.04609799385070801,0.08059296276246122,PBPF,cracker_scene1,40,old
12,0.050388336181640625,0.08059296276246122,PBPF,cracker_scene1,40,old
13,0.05469679832458496,0.08064881140075672,PBPF,cracker_scene1,40,old
14,0.05891561508178711,0.08134442385330182,PBPF,cracker_scene1,40,old
15,0.0630955696105957,0.08134442385330182,PBPF,cracker_scene1,40,old
16,0.0673680305480957,0.0813014684601831,PBPF,cracker_scene1,40,old
17,0.07163619995117188,0.0813014684601831,PBPF,cracker_scene1,40,old
18,0.0766289234161377,0.0806919411552155,PBPF,cracker_scene1,40,old
19,0.0808722972869873,0.0806919411552155,PBPF,cracker_scene1,40,old
20,0.08515548706054688,0.0806919411552155,PBPF,cracker_scene1,40,old
21,0.08970475196838379,0.08059109150072902,PBPF,cracker_scene1,40,old
22,0.09398150444030762,0.08059109150072902,PBPF,cracker_scene1,40,old
23,0.09843158721923828,0.0805437106493948,PBPF,cracker_scene1,40,old
24,0.10268139839172363,0.0805437106493948,PBPF,cracker_scene1,40,old
25,0.10733485221862793,0.0804153302627342,PBPF,cracker_scene1,40,old
26,0.11163091659545898,0.0804153302627342,PBPF,cracker_scene1,40,old
27,0.11580753326416016,0.0804153302627342,PBPF,cracker_scene1,40,old
28,0.12045598030090332,0.08130626291478363,PBPF,cracker_scene1,40,old
29,0.12469220161437988,0.08130626291478363,PBPF,cracker_scene1,40,old
30,0.12944698333740234,0.08038297102599304,PBPF,cracker_scene1,40,old
31,0.1336977481842041,0.08038297102599304,PBPF,cracker_scene1,40,old
32,0.1379551887512207,0.08038297102599304,PBPF,cracker_scene1,40,old
33,0.1422116756439209,0.08038297102599304,PBPF,cracker_scene1,40,old
34,0.1464829444885254,0.08038297102599304,PBPF,cracker_scene1,40,old
35,0.15093636512756348,0.08056349387339128,PBPF,cracker_scene1,40,old
36,0.15520191192626953,0.08056349387339128,PBPF,cracker_scene1,40,old
37,0.1595594882965088,0.0803947877911613,PBPF,cracker_scene1,40,old
38,0.16378235816955566,0.0803947877911613,PBPF,cracker_scene1,40,old
39,0.16838455200195312,0.06500747188514833,PBPF,cracker_scene1,40,old
40,0.17263126373291016,0.06500747188514833,PBPF,cracker_scene1,40,old
41,0.17699122428894043,0.06500747188514833,PBPF,cracker_scene1,40,old
42,0.18204855918884277,0.0650667070623907,PBPF,cracker_scene1,40,old
43,0.1862947940826416,0.0650667070623907,PBPF,cracker_scene1,40,old
44,0.19045448303222656,0.0650667070623907,PBPF,cracker_scene1,40,old
45,0.1947495937347412,0.06498497915481138,PBPF,cracker_scene1,40,old
46,0.19898104667663574,0.06498497915481138,PBPF,cracker_scene1,40,old
47,0.20327281951904297,0.06498497915481138,PBPF,cracker_scene1,40,old
48,0.2074735164642334,0.06498497915481138,PBPF,cracker_scene1,40,old
49,0.21173453330993652,0.06498497915481138,PBPF,cracker_scene1,40,old
50,0.215928316116333,0.06498497915481138,PBPF,cracker_scene1,40,old
51,0.2202157974243164,0.06533190439330827,PBPF,cracker_scene1,40,old
52,0.22559094429016113,0.06622409270213314,PBPF,cracker_scene1,40,old
53,0.2297220230102539,0.06622409270213314,PBPF,cracker_scene1,40,old
54,0.23405170440673828,0.06617225561049,PBPF,cracker_scene1,40,old
55,0.23824667930603027,0.06617225561049,PBPF,cracker_scene1,40,old
56,0.242506742477417,0.06615027142966223,PBPF,cracker_scene1,40,old
57,0.24673676490783691,0.06615027142966223,PBPF,cracker_scene1,40,old
58,0.251025915145874,0.06603134455287929,PBPF,cracker_scene1,40,old
59,0.25547122955322266,0.06592700500629345,PBPF,cracker_scene1,40,old
60,0.2597496509552002,0.06589744225379945,PBPF,cracker_scene1,40,old
61,0.2639904022216797,0.06589744225379945,PBPF,cracker_scene1,40,old
62,0.2681312561035156,0.06589744225379945,PBPF,cracker_scene1,40,old
63,0.272472620010376,0.06596820483702892,PBPF,cracker_scene1,40,old
64,0.2766423225402832,0.06596820483702892,PBPF,cracker_scene1,40,old
65,0.2808408737182617,0.06596820483702892,PBPF,cracker_scene1,40,old
66,0.28525447845458984,0.06596820483702892,PBPF,cracker_scene1,40,old
67,0.28945183753967285,0.06596820483702892,PBPF,cracker_scene1,40,old
68,0.3085451126098633,0.07030971973056133,PBPF,cracker_scene1,40,old
69,0.31281399726867676,0.07030971973056133,PBPF,cracker_scene1,40,old
70,0.3170347213745117,0.07030971973056133,PBPF,cracker_scene1,40,old
71,0.3213670253753662,0.06949245964691819,PBPF,cracker_scene1,40,old
72,0.32601118087768555,0.0648441559317412,PBPF,cracker_scene1,40,old
73,0.33027100563049316,0.06390632954076292,PBPF,cracker_scene1,40,old
74,0.3345153331756592,0.06390632954076292,PBPF,cracker_scene1,40,old
75,0.33896493911743164,0.061504059139743106,PBPF,cracker_scene1,40,old
76,0.3436582088470459,0.061504059139743106,PBPF,cracker_scene1,40,old
77,0.34789204597473145,0.061504059139743106,PBPF,cracker_scene1,40,old
78,0.3523526191711426,0.06100642763387931,PBPF,cracker_scene1,40,old
79,0.35672593116760254,0.06026075166216138,PBPF,cracker_scene1,40,old
80,0.36093568801879883,0.06026075166216138,PBPF,cracker_scene1,40,old
81,0.365206241607666,0.0595357904129612,PBPF,cracker_scene1,40,old
82,0.3695645332336426,0.058729082181304904,PBPF,cracker_scene1,40,old
83,0.37363529205322266,0.058729082181304904,PBPF,cracker_scene1,40,old
84,0.3778493404388428,0.058729082181304904,PBPF,cracker_scene1,40,old
85,0.3821535110473633,0.05848469637966858,PBPF,cracker_scene1,40,old
86,0.38697338104248047,0.0577393111876594,PBPF,cracker_scene1,40,old
87,0.3916947841644287,0.0577393111876594,PBPF,cracker_scene1,40,old
88,0.396195650100708,0.05742486307666983,PBPF,cracker_scene1,40,old
89,0.40082836151123047,0.05742486307666983,PBPF,cracker_scene1,40,old
90,0.4051501750946045,0.05675151665492173,PBPF,cracker_scene1,40,old
91,0.40940070152282715,0.05675151665492173,PBPF,cracker_scene1,40,old
92,0.4136514663696289,0.05585640013093407,PBPF,cracker_scene1,40,old
93,0.41775941848754883,0.05585640013093407,PBPF,cracker_scene1,40,old
94,0.42200374603271484,0.055010736049184494,PBPF,cracker_scene1,40,old
95,0.42620158195495605,0.05494934898688797,PBPF,cracker_scene1,40,old
96,0.431210994720459,0.05494934898688797,PBPF,cracker_scene1,40,old
97,0.43618059158325195,0.05418419478197212,PBPF,cracker_scene1,40,old
98,0.44051027297973633,0.054081639430822115,PBPF,cracker_scene1,40,old
99,0.4447009563446045,0.054081639430822115,PBPF,cracker_scene1,40,old
100,0.4490358829498291,0.054093314606554976,PBPF,cracker_scene1,40,old
101,0.4532899856567383,0.05373575920853657,PBPF,cracker_scene1,40,old
102,0.45746564865112305,0.05373575920853657,PBPF,cracker_scene1,40,old
103,0.46195387840270996,0.05377448356733794,PBPF,cracker_scene1,40,old
104,0.46630311012268066,0.05370404288515651,PBPF,cracker_scene1,40,old
105,0.4705007076263428,0.05370404288515651,PBPF,cracker_scene1,40,old
106,0.47451066970825195,0.05370404288515651,PBPF,cracker_scene1,40,old
107,0.47868871688842773,0.053871945502866225,PBPF,cracker_scene1,40,old
108,0.4828615188598633,0.053871945502866225,PBPF,cracker_scene1,40,old
109,0.4869875907897949,0.053871945502866225,PBPF,cracker_scene1,40,old
110,0.4913825988769531,0.053871945502866225,PBPF,cracker_scene1,40,old
111,0.4957714080810547,0.06311150023644174,PBPF,cracker_scene1,40,old
112,0.5000061988830566,0.06311150023644174,PBPF,cracker_scene1,40,old
113,0.5049092769622803,0.06320577087850232,PBPF,cracker_scene1,40,old
114,0.5090391635894775,0.06320577087850232,PBPF,cracker_scene1,40,old
115,0.5137031078338623,0.0618109378639371,PBPF,cracker_scene1,40,old
116,0.5179641246795654,0.06184983800244126,PBPF,cracker_scene1,40,old
117,0.5221107006072998,0.06184983800244126,PBPF,cracker_scene1,40,old
118,0.5262508392333984,0.06184983800244126,PBPF,cracker_scene1,40,old
119,0.5306007862091064,0.060583085196374675,PBPF,cracker_scene1,40,old
120,0.5346858501434326,0.060583085196374675,PBPF,cracker_scene1,40,old
121,0.5396163463592529,0.059177495430202676,PBPF,cracker_scene1,40,old
122,0.5438148975372314,0.059177495430202676,PBPF,cracker_scene1,40,old
123,0.5480761528015137,0.059945607536133316,PBPF,cracker_scene1,40,old
124,0.5522644519805908,0.05963470503806789,PBPF,cracker_scene1,40,old
125,0.5565087795257568,0.05963470503806789,PBPF,cracker_scene1,40,old
126,0.5609376430511475,0.058854258104753754,PBPF,cracker_scene1,40,old
127,0.5650558471679688,0.058854258104753754,PBPF,cracker_scene1,40,old
128,0.5695035457611084,0.058854258104753754,PBPF,cracker_scene1,40,old
129,0.5738787651062012,0.0588678454202185,PBPF,cracker_scene1,40,old
130,0.5782420635223389,0.058807593033903593,PBPF,cracker_scene1,40,old
131,0.5824918746948242,0.058807593033903593,PBPF,cracker_scene1,40,old
132,0.5866694450378418,0.05914872767167623,PBPF,cracker_scene1,40,old
133,0.5909795761108398,0.05914872767167623,PBPF,cracker_scene1,40,old
134,0.5950934886932373,0.05914872767167623,PBPF,cracker_scene1,40,old
135,0.5993199348449707,0.05914872767167623,PBPF,cracker_scene1,40,old
136,0.6035070419311523,0.05920095908711254,PBPF,cracker_scene1,40,old
137,0.6079056262969971,0.05911829420585768,PBPF,cracker_scene1,40,old
138,0.612323522567749,0.05935083623149762,PBPF,cracker_scene1,40,old
139,0.6164917945861816,0.05923825345953304,PBPF,cracker_scene1,40,old
140,0.6208765506744385,0.05922739840318858,PBPF,cracker_scene1,40,old
141,0.6249344348907471,0.05922739840318858,PBPF,cracker_scene1,40,old
142,0.6295392513275146,0.059311339844122735,PBPF,cracker_scene1,40,old
143,0.6337049007415771,0.059311339844122735,PBPF,cracker_scene1,40,old
144,0.6379117965698242,0.059311339844122735,PBPF,cracker_scene1,40,old
145,0.6423795223236084,0.059295383167267346,PBPF,cracker_scene1,40,old
146,0.647183895111084,0.05896146112099743,PBPF,cracker_scene1,40,old
147,0.6517190933227539,0.059245151064606816,PBPF,cracker_scene1,40,old
148,0.6561574935913086,0.06375835595881618,PBPF,cracker_scene1,40,old
149,0.6604189872741699,0.06375835595881618,PBPF,cracker_scene1,40,old
150,0.6649608612060547,0.0646725132687962,PBPF,cracker_scene1,40,old
151,0.6689009666442871,0.0646725132687962,PBPF,cracker_scene1,40,old
152,0.6729354858398438,0.0646725132687962,PBPF,cracker_scene1,40,old
153,0.6770451068878174,0.0646725132687962,PBPF,cracker_scene1,40,old
154,0.681065559387207,0.0646725132687962,PBPF,cracker_scene1,40,old
155,0.6851136684417725,0.0646725132687962,PBPF,cracker_scene1,40,old
156,0.6890897750854492,0.0646725132687962,PBPF,cracker_scene1,40,old
157,0.6932079792022705,0.06463605626040891,PBPF,cracker_scene1,40,old
158,0.6972758769989014,0.06442896653938224,PBPF,cracker_scene1,40,old
159,0.7013535499572754,0.06442896653938224,PBPF,cracker_scene1,40,old
160,0.7056591510772705,0.06435046835192626,PBPF,cracker_scene1,40,old
161,0.7098948955535889,0.0634776914707782,PBPF,cracker_scene1,40,old
162,0.7139227390289307,0.0634776914707782,PBPF,cracker_scene1,40,old
163,0.7180333137512207,0.06402006608463662,PBPF,cracker_scene1,40,old
164,0.7223796844482422,0.06426863346340816,PBPF,cracker_scene1,40,old
165,0.7263524532318115,0.06426863346340816,PBPF,cracker_scene1,40,old
166,0.7303261756896973,0.06426863346340816,PBPF,cracker_scene1,40,old
167,0.7343125343322754,0.06426863346340816,PBPF,cracker_scene1,40,old
168,0.7382850646972656,0.06426863346340816,PBPF,cracker_scene1,40,old
169,0.7428333759307861,0.06426863346340816,PBPF,cracker_scene1,40,old
170,0.7469758987426758,0.06383803097529395,PBPF,cracker_scene1,40,old
171,0.7511320114135742,0.06344709171705798,PBPF,cracker_scene1,40,old
172,0.755335807800293,0.06359955722229227,PBPF,cracker_scene1,40,old
173,0.7595155239105225,0.06359955722229227,PBPF,cracker_scene1,40,old
174,0.7640495300292969,0.062459987496838565,PBPF,cracker_scene1,40,old
175,0.7681822776794434,0.062459987496838565,PBPF,cracker_scene1,40,old
176,0.7722327709197998,0.062459987496838565,PBPF,cracker_scene1,40,old
177,0.7762994766235352,0.062459987496838565,PBPF,cracker_scene1,40,old
178,0.7803668975830078,0.062459987496838565,PBPF,cracker_scene1,40,old
179,0.7845859527587891,0.062459987496838565,PBPF,cracker_scene1,40,old
180,0.7887825965881348,0.06263435681517926,PBPF,cracker_scene1,40,old
181,0.7928676605224609,0.06263435681517926,PBPF,cracker_scene1,40,old
182,0.7969450950622559,0.06263435681517926,PBPF,cracker_scene1,40,old
183,0.8013753890991211,0.06317085160706082,PBPF,cracker_scene1,40,old
184,0.8055922985076904,0.06316612752564676,PBPF,cracker_scene1,40,old
185,0.8099997043609619,0.0591909586219721,PBPF,cracker_scene1,40,old
186,0.8140811920166016,0.0591909586219721,PBPF,cracker_scene1,40,old
187,0.8185434341430664,0.05926529427454241,PBPF,cracker_scene1,40,old
188,0.822627067565918,0.05926529427454241,PBPF,cracker_scene1,40,old
189,0.827242374420166,0.06053045912329136,PBPF,cracker_scene1,40,old
190,0.8312985897064209,0.06053045912329136,PBPF,cracker_scene1,40,old
191,0.8355507850646973,0.06038179996646864,PBPF,cracker_scene1,40,old
192,0.8396072387695312,0.06038179996646864,PBPF,cracker_scene1,40,old
193,0.8436505794525146,0.06038179996646864,PBPF,cracker_scene1,40,old
194,0.8476848602294922,0.06038179996646864,PBPF,cracker_scene1,40,old
195,0.8517317771911621,0.06038179996646864,PBPF,cracker_scene1,40,old
196,0.8558018207550049,0.06038179996646864,PBPF,cracker_scene1,40,old
197,0.8598740100860596,0.06038179996646864,PBPF,cracker_scene1,40,old
198,0.8640189170837402,0.06038179996646864,PBPF,cracker_scene1,40,old
199,0.8680205345153809,0.06038179996646864,PBPF,cracker_scene1,40,old
200,0.8719959259033203,0.06038179996646864,PBPF,cracker_scene1,40,old
201,0.8762280941009521,0.060502534492165694,PBPF,cracker_scene1,40,old
202,0.880770206451416,0.06295073479813595,PBPF,cracker_scene1,40,old
203,0.8848662376403809,0.06289872680648134,PBPF,cracker_scene1,40,old
204,0.8890032768249512,0.06182863432100216,PBPF,cracker_scene1,40,old
205,0.8929784297943115,0.06182863432100216,PBPF,cracker_scene1,40,old
206,0.8971676826477051,0.06083581959588713,PBPF,cracker_scene1,40,old
207,0.9011809825897217,0.06083581959588713,PBPF,cracker_scene1,40,old
208,0.9060397148132324,0.061865936488073814,PBPF,cracker_scene1,40,old
209,0.9100778102874756,0.061865936488073814,PBPF,cracker_scene1,40,old
210,0.9142851829528809,0.061865936488073814,PBPF,cracker_scene1,40,old
211,0.9184997081756592,0.06289868576308422,PBPF,cracker_scene1,40,old
212,0.922701358795166,0.0637538205981194,PBPF,cracker_scene1,40,old
213,0.9267668724060059,0.0637538205981194,PBPF,cracker_scene1,40,old
214,0.9310922622680664,0.06389668626018619,PBPF,cracker_scene1,40,old
215,0.9351940155029297,0.06389668626018619,PBPF,cracker_scene1,40,old
216,0.9392139911651611,0.06389668626018619,PBPF,cracker_scene1,40,old
217,0.9436831474304199,0.06321881059905188,PBPF,cracker_scene1,40,old
218,0.947824239730835,0.06349824496048306,PBPF,cracker_scene1,40,old
219,0.9518685340881348,0.06349824496048306,PBPF,cracker_scene1,40,old
220,0.9560971260070801,0.06296265566625348,PBPF,cracker_scene1,40,old
221,0.9601647853851318,0.06303167419378308,PBPF,cracker_scene1,40,old
222,0.9645302295684814,0.06352217649791925,PBPF,cracker_scene1,40,old
223,0.9687762260437012,0.06352217649791925,PBPF,cracker_scene1,40,old
224,0.9732680320739746,0.0582820443028762,PBPF,cracker_scene1,40,old
225,0.9773626327514648,0.0582820443028762,PBPF,cracker_scene1,40,old
226,0.9814379215240479,0.0582820443028762,PBPF,cracker_scene1,40,old
227,0.9857387542724609,0.05908277668102713,PBPF,cracker_scene1,40,old
228,0.9897878170013428,0.05908277668102713,PBPF,cracker_scene1,40,old
229,0.9938817024230957,0.05908277668102713,PBPF,cracker_scene1,40,old
230,0.9979438781738281,0.05908277668102713,PBPF,cracker_scene1,40,old
231,1.002371072769165,0.05971771560435002,PBPF,cracker_scene1,40,old
232,1.0063486099243164,0.05971771560435002,PBPF,cracker_scene1,40,old
233,1.0106074810028076,0.059703382892111634,PBPF,cracker_scene1,40,old
234,1.014580249786377,0.059703382892111634,PBPF,cracker_scene1,40,old
235,1.0187397003173828,0.059886534696322435,PBPF,cracker_scene1,40,old
236,1.0228629112243652,0.059972140610229374,PBPF,cracker_scene1,40,old
237,1.0270333290100098,0.05996531764824464,PBPF,cracker_scene1,40,old
238,1.0311238765716553,0.060321585852411985,PBPF,cracker_scene1,40,old
239,1.0352222919464111,0.060306754507498006,PBPF,cracker_scene1,40,old
240,1.0392084121704102,0.060306754507498006,PBPF,cracker_scene1,40,old
241,1.0431921482086182,0.060306754507498006,PBPF,cracker_scene1,40,old
242,1.0472261905670166,0.060306754507498006,PBPF,cracker_scene1,40,old
243,1.0512042045593262,0.060306754507498006,PBPF,cracker_scene1,40,old
244,1.055161476135254,0.060306754507498006,PBPF,cracker_scene1,40,old
245,1.059190273284912,0.060306754507498006,PBPF,cracker_scene1,40,old
246,1.0633153915405273,0.059764794563376356,PBPF,cracker_scene1,40,old
247,1.067610502243042,0.05952563081140472,PBPF,cracker_scene1,40,old
248,1.0716421604156494,0.05952563081140472,PBPF,cracker_scene1,40,old
249,1.0756757259368896,0.05952563081140472,PBPF,cracker_scene1,40,old
250,1.0802457332611084,0.06085807458020742,PBPF,cracker_scene1,40,old
251,1.0846266746520996,0.06088625210957321,PBPF,cracker_scene1,40,old
252,1.089097023010254,0.06413868159945313,PBPF,cracker_scene1,40,old
253,1.0931780338287354,0.0635762865636682,PBPF,cracker_scene1,40,old
254,1.097214937210083,0.0635762865636682,PBPF,cracker_scene1,40,old
255,1.10121750831604,0.0635762865636682,PBPF,cracker_scene1,40,old
256,1.1055684089660645,0.06411637349780186,PBPF,cracker_scene1,40,old
257,1.109684705734253,0.06576314574277031,PBPF,cracker_scene1,40,old
258,1.1137003898620605,0.06576314574277031,PBPF,cracker_scene1,40,old
259,1.1177921295166016,0.06762614053333849,PBPF,cracker_scene1,40,old
260,1.1219124794006348,0.06762614053333849,PBPF,cracker_scene1,40,old
261,1.125945806503296,0.06762614053333849,PBPF,cracker_scene1,40,old
262,1.1299810409545898,0.06762614053333849,PBPF,cracker_scene1,40,old
263,1.134296178817749,0.06762614053333849,PBPF,cracker_scene1,40,old
264,1.138228178024292,0.06762614053333849,PBPF,cracker_scene1,40,old
265,1.1422784328460693,0.07228761298289577,PBPF,cracker_scene1,40,old
266,1.146202802658081,0.07228761298289577,PBPF,cracker_scene1,40,old
267,1.1502947807312012,0.07146899516890404,PBPF,cracker_scene1,40,old
268,1.154289722442627,0.07143847876813769,PBPF,cracker_scene1,40,old
269,1.1582140922546387,0.07143847876813769,PBPF,cracker_scene1,40,old
270,1.162116527557373,0.07143847876813769,PBPF,cracker_scene1,40,old
271,1.1660423278808594,0.07143847876813769,PBPF,cracker_scene1,40,old
272,1.1699681282043457,0.07143847876813769,PBPF,cracker_scene1,40,old
273,1.1739649772644043,0.07143847876813769,PBPF,cracker_scene1,40,old
274,1.177952766418457,0.07143847876813769,PBPF,cracker_scene1,40,old
275,1.1831603050231934,0.07065745256841893,PBPF,cracker_scene1,40,old
276,1.1876740455627441,0.07065745256841893,PBPF,cracker_scene1,40,old
277,1.191988229751587,0.07074187633959461,PBPF,cracker_scene1,40,old
278,1.1961238384246826,0.07074187633959461,PBPF,cracker_scene1,40,old
279,1.2002642154693604,0.07074187633959461,PBPF,cracker_scene1,40,old
280,1.2044222354888916,0.07074187633959461,PBPF,cracker_scene1,40,old
281,1.208533525466919,0.07074187633959461,PBPF,cracker_scene1,40,old
282,1.2126436233520508,0.07074187633959461,PBPF,cracker_scene1,40,old
283,1.2176766395568848,0.07063839971797048,PBPF,cracker_scene1,40,old
284,1.2218995094299316,0.07063839971797048,PBPF,cracker_scene1,40,old
285,1.226137638092041,0.07063839971797048,PBPF,cracker_scene1,40,old
286,1.2303831577301025,0.07063839971797048,PBPF,cracker_scene1,40,old
287,1.2345554828643799,0.07063839971797048,PBPF,cracker_scene1,40,old
288,1.2387073040008545,0.07063839971797048,PBPF,cracker_scene1,40,old
289,1.2430498600006104,0.07327791920074933,PBPF,cracker_scene1,40,old
290,1.247211217880249,0.07327791920074933,PBPF,cracker_scene1,40,old
291,1.2513337135314941,0.07327791920074933,PBPF,cracker_scene1,40,old
292,1.2556803226470947,0.07313478031453347,PBPF,cracker_scene1,40,old
293,1.2598960399627686,0.07313478031453347,PBPF,cracker_scene1,40,old
294,1.2640295028686523,0.07313478031453347,PBPF,cracker_scene1,40,old
295,1.2682507038116455,0.07313478031453347,PBPF,cracker_scene1,40,old
296,1.2723729610443115,0.07335648310176435,PBPF,cracker_scene1,40,old
297,1.2783472537994385,0.07373091841008339,PBPF,cracker_scene1,40,old
298,1.2824370861053467,0.07373091841008339,PBPF,cracker_scene1,40,old
299,1.2865383625030518,0.07373091841008339,PBPF,cracker_scene1,40,old
300,1.2913928031921387,0.06975999471385919,PBPF,cracker_scene1,40,old
301,1.2955296039581299,0.06975999471385919,PBPF,cracker_scene1,40,old
302,1.2996935844421387,0.06975999471385919,PBPF,cracker_scene1,40,old
303,1.3040814399719238,0.07029252436676803,PBPF,cracker_scene1,40,old
304,1.3080856800079346,0.07029252436676803,PBPF,cracker_scene1,40,old
305,1.312178611755371,0.07029252436676803,PBPF,cracker_scene1,40,old
306,1.3166356086730957,0.07152708520501871,PBPF,cracker_scene1,40,old
307,1.3208389282226562,0.07203745747580292,PBPF,cracker_scene1,40,old
308,1.3251028060913086,0.07203745747580292,PBPF,cracker_scene1,40,old
309,1.3292124271392822,0.07203745747580292,PBPF,cracker_scene1,40,old
310,1.3333232402801514,0.07203745747580292,PBPF,cracker_scene1,40,old
311,1.3374273777008057,0.07203745747580292,PBPF,cracker_scene1,40,old
312,1.3415241241455078,0.07203745747580292,PBPF,cracker_scene1,40,old
313,1.3457159996032715,0.07200008780700529,PBPF,cracker_scene1,40,old
314,1.3498122692108154,0.07200008780700529,PBPF,cracker_scene1,40,old
315,1.3539347648620605,0.07200008780700529,PBPF,cracker_scene1,40,old
316,1.3581483364105225,0.07200563156605089,PBPF,cracker_scene1,40,old
317,1.3622360229492188,0.07200563156605089,PBPF,cracker_scene1,40,old
318,1.366318702697754,0.07200563156605089,PBPF,cracker_scene1,40,old
319,1.3704066276550293,0.07200563156605089,PBPF,cracker_scene1,40,old
320,1.374598503112793,0.07140696184472795,PBPF,cracker_scene1,40,old
321,1.3786907196044922,0.07140696184472795,PBPF,cracker_scene1,40,old
322,1.382805585861206,0.07140696184472795,PBPF,cracker_scene1,40,old
323,1.387071132659912,0.07097968777144281,PBPF,cracker_scene1,40,old
324,1.3917014598846436,0.07159388510782971,PBPF,cracker_scene1,40,old
325,1.396538496017456,0.07144805606247573,PBPF,cracker_scene1,40,old
326,1.400667667388916,0.07144805606247573,PBPF,cracker_scene1,40,old
327,1.4048209190368652,0.07144805606247573,PBPF,cracker_scene1,40,old
328,1.4089443683624268,0.07144805606247573,PBPF,cracker_scene1,40,old
329,1.4133086204528809,0.07139470504789713,PBPF,cracker_scene1,40,old
330,1.4173948764801025,0.07139470504789713,PBPF,cracker_scene1,40,old
331,1.4217305183410645,0.07267471663636904,PBPF,cracker_scene1,40,old
332,1.4264533519744873,0.07191892902161356,PBPF,cracker_scene1,40,old
333,1.4306466579437256,0.07191892902161356,PBPF,cracker_scene1,40,old
334,1.4348793029785156,0.07191892902161356,PBPF,cracker_scene1,40,old
335,1.4390735626220703,0.07191892902161356,PBPF,cracker_scene1,40,old
336,1.4435367584228516,0.07263730300432769,PBPF,cracker_scene1,40,old
337,1.4480373859405518,0.07809345654629465,PBPF,cracker_scene1,40,old
338,1.452155590057373,0.07809345654629465,PBPF,cracker_scene1,40,old
339,1.457019567489624,0.0778838979424488,PBPF,cracker_scene1,40,old
340,1.4612791538238525,0.07778646959100959,PBPF,cracker_scene1,40,old
341,1.4655437469482422,0.07763790537636212,PBPF,cracker_scene1,40,old
342,1.4696500301361084,0.07763790537636212,PBPF,cracker_scene1,40,old
343,1.4737629890441895,0.07763790537636212,PBPF,cracker_scene1,40,old
344,1.4778428077697754,0.07763790537636212,PBPF,cracker_scene1,40,old
345,1.482323169708252,0.0769000058037868,PBPF,cracker_scene1,40,old
346,1.4864344596862793,0.0769000058037868,PBPF,cracker_scene1,40,old
347,1.4905064105987549,0.0769000058037868,PBPF,cracker_scene1,40,old
348,1.4946253299713135,0.0769000058037868,PBPF,cracker_scene1,40,old
349,1.498859167098999,0.07702232931886094,PBPF,cracker_scene1,40,old
350,1.503300666809082,0.07711326238354795,PBPF,cracker_scene1,40,old
351,1.507411003112793,0.07711326238354795,PBPF,cracker_scene1,40,old
352,1.5115838050842285,0.07632499342922011,PBPF,cracker_scene1,40,old
353,1.5157794952392578,0.07716401374077946,PBPF,cracker_scene1,40,old
354,1.5201466083526611,0.07743891192017001,PBPF,cracker_scene1,40,old
355,1.524254322052002,0.07743891192017001,PBPF,cracker_scene1,40,old
356,1.52834153175354,0.07743891192017001,PBPF,cracker_scene1,40,old
357,1.5324523448944092,0.07743891192017001,PBPF,cracker_scene1,40,old
358,1.5371294021606445,0.07728721059512622,PBPF,cracker_scene1,40,old
359,1.54115891456604,0.07728721059512622,PBPF,cracker_scene1,40,old
360,1.545245885848999,0.07728721059512622,PBPF,cracker_scene1,40,old
361,1.5493581295013428,0.07728721059512622,PBPF,cracker_scene1,40,old
362,1.5534486770629883,0.07728721059512622,PBPF,cracker_scene1,40,old
363,1.5575194358825684,0.07728721059512622,PBPF,cracker_scene1,40,old
364,1.5616250038146973,0.07728721059512622,PBPF,cracker_scene1,40,old
365,1.5660319328308105,0.07723199824104565,PBPF,cracker_scene1,40,old
366,1.5701916217803955,0.07723199824104565,PBPF,cracker_scene1,40,old
367,1.5749013423919678,0.08018162654754703,PBPF,cracker_scene1,40,old
368,1.579223394393921,0.08119637622747466,PBPF,cracker_scene1,40,old
369,1.583362340927124,0.08119637622747466,PBPF,cracker_scene1,40,old
370,1.5876903533935547,0.08119637622747466,PBPF,cracker_scene1,40,old
371,1.5917785167694092,0.08119637622747466,PBPF,cracker_scene1,40,old
372,1.5961697101593018,0.08207472751524793,PBPF,cracker_scene1,40,old
373,1.6003034114837646,0.08207472751524793,PBPF,cracker_scene1,40,old
374,1.6044199466705322,0.08207472751524793,PBPF,cracker_scene1,40,old
375,1.6085166931152344,0.08207472751524793,PBPF,cracker_scene1,40,old
376,1.6127970218658447,0.08207472751524793,PBPF,cracker_scene1,40,old
377,1.6176886558532715,0.07993245388895895,PBPF,cracker_scene1,40,old
378,1.6217224597930908,0.07993245388895895,PBPF,cracker_scene1,40,old
379,1.6258318424224854,0.07876851978472273,PBPF,cracker_scene1,40,old
380,1.6299405097961426,0.07877308848454072,PBPF,cracker_scene1,40,old
381,1.6341056823730469,0.08087938254335815,PBPF,cracker_scene1,40,old
382,1.638383150100708,0.08185835166385239,PBPF,cracker_scene1,40,old
383,1.6424612998962402,0.08185835166385239,PBPF,cracker_scene1,40,old
384,1.6470141410827637,0.08177326880346796,PBPF,cracker_scene1,40,old
385,1.6511635780334473,0.08177326880346796,PBPF,cracker_scene1,40,old
386,1.6555862426757812,0.08310881752005597,PBPF,cracker_scene1,40,old
387,1.6597890853881836,0.08481394315256263,PBPF,cracker_scene1,40,old
388,1.6638176441192627,0.08567829706193171,PBPF,cracker_scene1,40,old
389,1.6679129600524902,0.08567829706193171,PBPF,cracker_scene1,40,old
390,1.672008991241455,0.08567829706193171,PBPF,cracker_scene1,40,old
391,1.6767208576202393,0.08791734016162629,PBPF,cracker_scene1,40,old
392,1.6808545589447021,0.08992469952166038,PBPF,cracker_scene1,40,old
393,1.684926986694336,0.08992469952166038,PBPF,cracker_scene1,40,old
394,1.6890473365783691,0.08992469952166038,PBPF,cracker_scene1,40,old
395,1.6931381225585938,0.08992469952166038,PBPF,cracker_scene1,40,old
396,1.6975719928741455,0.09344375539797338,PBPF,cracker_scene1,40,old
397,1.7016990184783936,0.09344375539797338,PBPF,cracker_scene1,40,old
398,1.7062315940856934,0.09311645687683541,PBPF,cracker_scene1,40,old
399,1.710360050201416,0.09311645687683541,PBPF,cracker_scene1,40,old
400,1.7145400047302246,0.09615584588953278,PBPF,cracker_scene1,40,old
401,1.7187178134918213,0.09615584588953278,PBPF,cracker_scene1,40,old
402,1.7228434085845947,0.09615584588953278,PBPF,cracker_scene1,40,old
403,1.7270538806915283,0.09775948293028026,PBPF,cracker_scene1,40,old
404,1.731156826019287,0.09775948293028026,PBPF,cracker_scene1,40,old
405,1.7357313632965088,0.09971467318859033,PBPF,cracker_scene1,40,old
406,1.7402279376983643,0.1015849294713295,PBPF,cracker_scene1,40,old
407,1.744368314743042,0.1015849294713295,PBPF,cracker_scene1,40,old
408,1.7485873699188232,0.10190045653386368,PBPF,cracker_scene1,40,old
409,1.7528173923492432,0.10319753501966172,PBPF,cracker_scene1,40,old
410,1.7574529647827148,0.10519364915420963,PBPF,cracker_scene1,40,old
411,1.7616100311279297,0.10519364915420963,PBPF,cracker_scene1,40,old
412,1.7658028602600098,0.10709183648707489,PBPF,cracker_scene1,40,old
413,1.7700533866882324,0.10709183648707489,PBPF,cracker_scene1,40,old
414,1.7740507125854492,0.10709183648707489,PBPF,cracker_scene1,40,old
415,1.7780652046203613,0.10709183648707489,PBPF,cracker_scene1,40,old
416,1.78214430809021,0.10709183648707489,PBPF,cracker_scene1,40,old
417,1.7863812446594238,0.09315348431757252,PBPF,cracker_scene1,40,old
418,1.790503740310669,0.09315348431757252,PBPF,cracker_scene1,40,old
419,1.7946767807006836,0.09475750629711537,PBPF,cracker_scene1,40,old
420,1.798790454864502,0.09475750629711537,PBPF,cracker_scene1,40,old
421,1.8029179573059082,0.09475750629711537,PBPF,cracker_scene1,40,old
422,1.8080644607543945,0.10103145292278068,PBPF,cracker_scene1,40,old
423,1.8120927810668945,0.10103145292278068,PBPF,cracker_scene1,40,old
424,1.8162119388580322,0.10103145292278068,PBPF,cracker_scene1,40,old
425,1.8202550411224365,0.10103145292278068,PBPF,cracker_scene1,40,old
426,1.824547529220581,0.10466941189930164,PBPF,cracker_scene1,40,old
427,1.828662633895874,0.10464911753090565,PBPF,cracker_scene1,40,old
428,1.8331243991851807,0.10746449097175402,PBPF,cracker_scene1,40,old
429,1.837113857269287,0.10746449097175402,PBPF,cracker_scene1,40,old
430,1.8412599563598633,0.10895585740685047,PBPF,cracker_scene1,40,old
431,1.8454954624176025,0.10895585740685047,PBPF,cracker_scene1,40,old
432,1.8496389389038086,0.11011079107979216,PBPF,cracker_scene1,40,old
433,1.8536906242370605,0.11011079107979216,PBPF,cracker_scene1,40,old
434,1.8577406406402588,0.11011079107979216,PBPF,cracker_scene1,40,old
435,1.861952781677246,0.11011079107979216,PBPF,cracker_scene1,40,old
436,1.866107702255249,0.111965557314279,PBPF,cracker_scene1,40,old
437,1.870208978652954,0.111965557314279,PBPF,cracker_scene1,40,old
438,1.8744831085205078,0.11067445383880174,PBPF,cracker_scene1,40,old
439,1.878816843032837,0.11227770741094471,PBPF,cracker_scene1,40,old
440,1.8837363719940186,0.116031639515122,PBPF,cracker_scene1,40,old
441,1.8877499103546143,0.11828976851463162,PBPF,cracker_scene1,40,old
442,1.8918733596801758,0.11828976851463162,PBPF,cracker_scene1,40,old
443,1.8959789276123047,0.11828976851463162,PBPF,cracker_scene1,40,old
444,1.9001684188842773,0.11827489338053782,PBPF,cracker_scene1,40,old
445,1.9045469760894775,0.121305213723631,PBPF,cracker_scene1,40,old
446,1.9086565971374512,0.121305213723631,PBPF,cracker_scene1,40,old
447,1.9130096435546875,0.121305213723631,PBPF,cracker_scene1,40,old
448,1.9172143936157227,0.12128035395134619,PBPF,cracker_scene1,40,old
449,1.9213190078735352,0.12248157195734125,PBPF,cracker_scene1,40,old
450,1.9255685806274414,0.12249589708703686,PBPF,cracker_scene1,40,old
451,1.929919958114624,0.11798927142816443,PBPF,cracker_scene1,40,old
452,1.9340434074401855,0.11798927142816443,PBPF,cracker_scene1,40,old
453,1.938136100769043,0.11798927142816443,PBPF,cracker_scene1,40,old
454,1.9424309730529785,0.11683229238039433,PBPF,cracker_scene1,40,old
455,1.946512222290039,0.11683229238039433,PBPF,cracker_scene1,40,old
456,1.950606107711792,0.11683229238039433,PBPF,cracker_scene1,40,old
457,1.954695701599121,0.11683229238039433,PBPF,cracker_scene1,40,old
458,1.9587647914886475,0.11683229238039433,PBPF,cracker_scene1,40,old
459,1.9628663063049316,0.11683229238039433,PBPF,cracker_scene1,40,old
460,1.966965675354004,0.11683229238039433,PBPF,cracker_scene1,40,old
461,1.9712719917297363,0.11833462628211437,PBPF,cracker_scene1,40,old
462,1.9753806591033936,0.11833462628211437,PBPF,cracker_scene1,40,old
463,1.979459524154663,0.11833462628211437,PBPF,cracker_scene1,40,old
464,1.9835553169250488,0.11833462628211437,PBPF,cracker_scene1,40,old
465,1.9878003597259521,0.1207270300714107,PBPF,cracker_scene1,40,old
466,1.991934061050415,0.1207270300714107,PBPF,cracker_scene1,40,old
467,1.9965765476226807,0.1207270300714107,PBPF,cracker_scene1,40,old
468,2.001310110092163,0.1334391434788264,PBPF,cracker_scene1,40,old
469,2.0056099891662598,0.13541966266200933,PBPF,cracker_scene1,40,old
470,2.010000705718994,0.13734101390781797,PBPF,cracker_scene1,40,old
471,2.014559030532837,0.1399549921204645,PBPF,cracker_scene1,40,old
472,2.0187087059020996,0.1399549921204645,PBPF,cracker_scene1,40,old
473,2.023388385772705,0.14301856761726056,PBPF,cracker_scene1,40,old
474,2.0275845527648926,0.14301856761726056,PBPF,cracker_scene1,40,old
475,2.0318095684051514,0.14298833239744288,PBPF,cracker_scene1,40,old
476,2.0359365940093994,0.14298833239744288,PBPF,cracker_scene1,40,old
477,2.0406720638275146,0.14587414070455346,PBPF,cracker_scene1,40,old
478,2.0448343753814697,0.14587414070455346,PBPF,cracker_scene1,40,old
479,2.0491864681243896,0.14717511785394202,PBPF,cracker_scene1,40,old
480,2.053313732147217,0.14717511785394202,PBPF,cracker_scene1,40,old
481,2.0574896335601807,0.14717511785394202,PBPF,cracker_scene1,40,old
482,2.062136173248291,0.15120810269622947,PBPF,cracker_scene1,40,old
483,2.066340923309326,0.15120810269622947,PBPF,cracker_scene1,40,old
484,2.0704896450042725,0.15120810269622947,PBPF,cracker_scene1,40,old
485,2.074697256088257,0.15116599657587823,PBPF,cracker_scene1,40,old
486,2.0791029930114746,0.15116599657587823,PBPF,cracker_scene1,40,old
487,2.08365797996521,0.15438335383565577,PBPF,cracker_scene1,40,old
488,2.0878002643585205,0.15438335383565577,PBPF,cracker_scene1,40,old
489,2.0923571586608887,0.1564799830029924,PBPF,cracker_scene1,40,old
490,2.0966849327087402,0.13505593584441314,PBPF,cracker_scene1,40,old
491,2.100821018218994,0.13505593584441314,PBPF,cracker_scene1,40,old
492,2.1050779819488525,0.13640530411055843,PBPF,cracker_scene1,40,old
493,2.1095824241638184,0.13635338286293247,PBPF,cracker_scene1,40,old
494,2.113713264465332,0.13900708516511961,PBPF,cracker_scene1,40,old
495,2.117835521697998,0.13900708516511961,PBPF,cracker_scene1,40,old
496,2.12203049659729,0.13993194247825202,PBPF,cracker_scene1,40,old
497,2.1261301040649414,0.13993194247825202,PBPF,cracker_scene1,40,old
498,2.130237340927124,0.13993194247825202,PBPF,cracker_scene1,40,old
499,2.1343424320220947,0.13993194247825202,PBPF,cracker_scene1,40,old
500,2.1384499073028564,0.13993194247825202,PBPF,cracker_scene1,40,old
501,2.1429452896118164,0.13979906079074317,PBPF,cracker_scene1,40,old
502,2.1474289894104004,0.14124308951988368,PBPF,cracker_scene1,40,old
503,2.1519482135772705,0.14810642011512876,PBPF,cracker_scene1,40,old
504,2.1563608646392822,0.1535407278074541,PBPF,cracker_scene1,40,old
505,2.160409688949585,0.1535407278074541,PBPF,cracker_scene1,40,old
506,2.164539098739624,0.1535407278074541,PBPF,cracker_scene1,40,old
507,2.1688332557678223,0.15043121358271097,PBPF,cracker_scene1,40,old
508,2.173346757888794,0.15130698461783612,PBPF,cracker_scene1,40,old
509,2.1775214672088623,0.15130698461783612,PBPF,cracker_scene1,40,old
510,2.1819679737091064,0.15197823988125675,PBPF,cracker_scene1,40,old
511,2.1859538555145264,0.15354950025556052,PBPF,cracker_scene1,40,old
512,2.1902592182159424,0.15475347317151636,PBPF,cracker_scene1,40,old
513,2.194263458251953,0.15475347317151636,PBPF,cracker_scene1,40,old
514,2.1984856128692627,0.15475347317151636,PBPF,cracker_scene1,40,old
515,2.2029824256896973,0.16342281733895525,PBPF,cracker_scene1,40,old
516,2.207183361053467,0.16342281733895525,PBPF,cracker_scene1,40,old
517,2.2114174365997314,0.1634266665761833,PBPF,cracker_scene1,40,old
518,2.215486526489258,0.1634266665761833,PBPF,cracker_scene1,40,old
519,2.219860315322876,0.16462342581233255,PBPF,cracker_scene1,40,old
520,2.223992109298706,0.16462342581233255,PBPF,cracker_scene1,40,old
521,2.2287778854370117,0.16625521414756922,PBPF,cracker_scene1,40,old
522,2.2330174446105957,0.16625521414756922,PBPF,cracker_scene1,40,old
523,2.2369608879089355,0.16625521414756922,PBPF,cracker_scene1,40,old
524,2.241077423095703,0.16625521414756922,PBPF,cracker_scene1,40,old
525,2.245537757873535,0.16875190884256067,PBPF,cracker_scene1,40,old
526,2.249678134918213,0.16875190884256067,PBPF,cracker_scene1,40,old
527,2.2537829875946045,0.16875190884256067,PBPF,cracker_scene1,40,old
528,2.258528232574463,0.15836046949705665,PBPF,cracker_scene1,40,old
529,2.262777328491211,0.15953803409236025,PBPF,cracker_scene1,40,old
530,2.2669739723205566,0.162255980356664,PBPF,cracker_scene1,40,old
531,2.271007776260376,0.162255980356664,PBPF,cracker_scene1,40,old
532,2.2753372192382812,0.16386374257403188,PBPF,cracker_scene1,40,old
533,2.279566764831543,0.16523295665151697,PBPF,cracker_scene1,40,old
534,2.2840020656585693,0.1670691789161603,PBPF,cracker_scene1,40,old
535,2.2883381843566895,0.16708015254747338,PBPF,cracker_scene1,40,old
536,2.29256272315979,0.1688559864135516,PBPF,cracker_scene1,40,old
537,2.296708583831787,0.1688559864135516,PBPF,cracker_scene1,40,old
538,2.300865888595581,0.1688559864135516,PBPF,cracker_scene1,40,old
539,2.305295944213867,0.1702923620474892,PBPF,cracker_scene1,40,old
540,2.3092751502990723,0.1702923620474892,PBPF,cracker_scene1,40,old
541,2.313485622406006,0.16556493589041302,PBPF,cracker_scene1,40,old
542,2.3174045085906982,0.16556493589041302,PBPF,cracker_scene1,40,old
543,2.321523427963257,0.1733474700828678,PBPF,cracker_scene1,40,old
544,2.3254904747009277,0.1733474700828678,PBPF,cracker_scene1,40,old
545,2.3295600414276123,0.1733680441350976,PBPF,cracker_scene1,40,old
546,2.334132432937622,0.17499486331699224,PBPF,cracker_scene1,40,old
547,2.3384296894073486,0.1750794833909749,PBPF,cracker_scene1,40,old
548,2.3427999019622803,0.1750794833909749,PBPF,cracker_scene1,40,old
549,2.3470170497894287,0.1750794833909749,PBPF,cracker_scene1,40,old
550,2.3512020111083984,0.1750794833909749,PBPF,cracker_scene1,40,old
551,2.355506658554077,0.17636252128093916,PBPF,cracker_scene1,40,old
552,2.359840154647827,0.17374181051229434,PBPF,cracker_scene1,40,old
553,2.364051580429077,0.1737247239723226,PBPF,cracker_scene1,40,old
554,2.3683650493621826,0.17556940397373427,PBPF,cracker_scene1,40,old
555,2.372638463973999,0.17556940397373427,PBPF,cracker_scene1,40,old
556,2.3767178058624268,0.17556940397373427,PBPF,cracker_scene1,40,old
557,2.3809797763824463,0.1770846528324705,PBPF,cracker_scene1,40,old
558,2.38515305519104,0.1770846528324705,PBPF,cracker_scene1,40,old
559,2.3895413875579834,0.17871698681378026,PBPF,cracker_scene1,40,old
560,2.393657684326172,0.17871698681378026,PBPF,cracker_scene1,40,old
561,2.397867441177368,0.1847206594849155,PBPF,cracker_scene1,40,old
562,2.4024341106414795,0.18756383463035772,PBPF,cracker_scene1,40,old
563,2.406895399093628,0.1835510408484456,PBPF,cracker_scene1,40,old
564,2.411468982696533,0.18536042160425634,PBPF,cracker_scene1,40,old
565,2.416025161743164,0.14932109515596073,PBPF,cracker_scene1,40,old
566,2.420295000076294,0.15094032195933996,PBPF,cracker_scene1,40,old
567,2.424396514892578,0.15094032195933996,PBPF,cracker_scene1,40,old
568,2.428530693054199,0.1519625857303294,PBPF,cracker_scene1,40,old
569,2.4326860904693604,0.1519625857303294,PBPF,cracker_scene1,40,old
570,2.4370367527008057,0.1601572930299449,PBPF,cracker_scene1,40,old
571,2.441202402114868,0.1601572930299449,PBPF,cracker_scene1,40,old
572,2.445336103439331,0.1601572930299449,PBPF,cracker_scene1,40,old
573,2.449704647064209,0.15461510484931626,PBPF,cracker_scene1,40,old
574,2.453920841217041,0.15664660807883582,PBPF,cracker_scene1,40,old
575,2.457998037338257,0.15664660807883582,PBPF,cracker_scene1,40,old
576,2.462184429168701,0.157230080730223,PBPF,cracker_scene1,40,old
577,2.4664156436920166,0.15898124418469967,PBPF,cracker_scene1,40,old
578,2.4705922603607178,0.16103635157235385,PBPF,cracker_scene1,40,old
579,2.4746885299682617,0.16103635157235385,PBPF,cracker_scene1,40,old
580,2.478862762451172,0.16162391472555424,PBPF,cracker_scene1,40,old
581,2.483022689819336,0.16162391472555424,PBPF,cracker_scene1,40,old
582,2.4870824813842773,0.1644129284426476,PBPF,cracker_scene1,40,old
583,2.4912312030792236,0.1644129284426476,PBPF,cracker_scene1,40,old
584,2.495401382446289,0.16636742895816767,PBPF,cracker_scene1,40,old
585,2.4996488094329834,0.16636742895816767,PBPF,cracker_scene1,40,old
586,2.5039525032043457,0.1687708088436662,PBPF,cracker_scene1,40,old
587,2.5080947875976562,0.1687708088436662,PBPF,cracker_scene1,40,old
588,2.5123488903045654,0.1692644853063508,PBPF,cracker_scene1,40,old
589,2.516489267349243,0.1692644853063508,PBPF,cracker_scene1,40,old
590,2.5207619667053223,0.1710253105010829,PBPF,cracker_scene1,40,old
591,2.524986982345581,0.17210505016844815,PBPF,cracker_scene1,40,old
592,2.5291805267333984,0.17210505016844815,PBPF,cracker_scene1,40,old
593,2.53367018699646,0.17371349272420408,PBPF,cracker_scene1,40,old
594,2.5379483699798584,0.17542780886016912,PBPF,cracker_scene1,40,old
595,2.542189359664917,0.17542780886016912,PBPF,cracker_scene1,40,old
596,2.5465755462646484,0.17626986192946628,PBPF,cracker_scene1,40,old
597,2.550931215286255,0.17737991841886921,PBPF,cracker_scene1,40,old
598,2.5551328659057617,0.17939747725465405,PBPF,cracker_scene1,40,old
599,2.559065103530884,0.17939747725465405,PBPF,cracker_scene1,40,old
600,2.5636303424835205,0.17959566115477055,PBPF,cracker_scene1,40,old
601,2.567702293395996,0.17959566115477055,PBPF,cracker_scene1,40,old
602,2.5720763206481934,0.18111449323984588,PBPF,cracker_scene1,40,old
603,2.5764734745025635,0.14910968431047766,PBPF,cracker_scene1,40,old
604,2.5809013843536377,0.15388571137287727,PBPF,cracker_scene1,40,old
605,2.584951162338257,0.15388571137287727,PBPF,cracker_scene1,40,old
606,2.5892419815063477,0.15756727454894448,PBPF,cracker_scene1,40,old
607,2.5935308933258057,0.15756727454894448,PBPF,cracker_scene1,40,old
608,2.597773790359497,0.15999724950975688,PBPF,cracker_scene1,40,old
609,2.60188627243042,0.15999724950975688,PBPF,cracker_scene1,40,old
610,2.606186628341675,0.16198697290422595,PBPF,cracker_scene1,40,old
611,2.610248565673828,0.16198697290422595,PBPF,cracker_scene1,40,old
612,2.614326000213623,0.1639208851875037,PBPF,cracker_scene1,40,old
613,2.618539333343506,0.16387794535612227,PBPF,cracker_scene1,40,old
614,2.62282657623291,0.16603950102156417,PBPF,cracker_scene1,40,old
615,2.6269049644470215,0.16603950102156417,PBPF,cracker_scene1,40,old
616,2.6311914920806885,0.1680415603072257,PBPF,cracker_scene1,40,old
617,2.635263681411743,0.1680415603072257,PBPF,cracker_scene1,40,old
618,2.639652967453003,0.1698356006951116,PBPF,cracker_scene1,40,old
619,2.6437935829162598,0.1698356006951116,PBPF,cracker_scene1,40,old
620,2.6481173038482666,0.17333713182480467,PBPF,cracker_scene1,40,old
621,2.652315139770508,0.17333713182480467,PBPF,cracker_scene1,40,old
622,2.656558036804199,0.17193044473162594,PBPF,cracker_scene1,40,old
623,2.6607303619384766,0.17501278325522818,PBPF,cracker_scene1,40,old
624,2.6649856567382812,0.17501278325522818,PBPF,cracker_scene1,40,old
625,2.669187068939209,0.17501278325522818,PBPF,cracker_scene1,40,old
626,2.6735777854919434,0.1774591852885972,PBPF,cracker_scene1,40,old
627,2.677652597427368,0.1774591852885972,PBPF,cracker_scene1,40,old
628,2.6820857524871826,0.18069611770664906,PBPF,cracker_scene1,40,old
629,2.686338424682617,0.18069611770664906,PBPF,cracker_scene1,40,old
630,2.6909091472625732,0.18300159716889022,PBPF,cracker_scene1,40,old
631,2.6950292587280273,0.18300159716889022,PBPF,cracker_scene1,40,old
632,2.699385166168213,0.18437764183418448,PBPF,cracker_scene1,40,old
633,2.703611373901367,0.18628699119560338,PBPF,cracker_scene1,40,old
634,2.7076752185821533,0.18628699119560338,PBPF,cracker_scene1,40,old
635,2.711855888366699,0.18870583189106618,PBPF,cracker_scene1,40,old
636,2.7160701751708984,0.18870583189106618,PBPF,cracker_scene1,40,old
637,2.720228672027588,0.1915351040271505,PBPF,cracker_scene1,40,old
638,2.7244977951049805,0.1915351040271505,PBPF,cracker_scene1,40,old
639,2.7287163734436035,0.19414981193540545,PBPF,cracker_scene1,40,old
640,2.7331011295318604,0.19414981193540545,PBPF,cracker_scene1,40,old
641,2.737334966659546,0.1950421461543218,PBPF,cracker_scene1,40,old
642,2.7417004108428955,0.17454794696915207,PBPF,cracker_scene1,40,old
643,2.7459874153137207,0.1768877153334348,PBPF,cracker_scene1,40,old
644,2.7501749992370605,0.176876377187788,PBPF,cracker_scene1,40,old
645,2.7543764114379883,0.18029055013446638,PBPF,cracker_scene1,40,old
646,2.758493185043335,0.18029055013446638,PBPF,cracker_scene1,40,old
647,2.762878656387329,0.18261343709355626,PBPF,cracker_scene1,40,old
648,2.767163038253784,0.18257233599263703,PBPF,cracker_scene1,40,old
649,2.7718148231506348,0.18516874590958038,PBPF,cracker_scene1,40,old
650,2.7758169174194336,0.18516874590958038,PBPF,cracker_scene1,40,old
651,2.780210256576538,0.18738065402131193,PBPF,cracker_scene1,40,old
652,2.784472942352295,0.18738065402131193,PBPF,cracker_scene1,40,old
653,2.7887094020843506,0.1896824834755016,PBPF,cracker_scene1,40,old
654,2.7930262088775635,0.1896824834755016,PBPF,cracker_scene1,40,old
655,2.7971489429473877,0.19214819106732448,PBPF,cracker_scene1,40,old
656,2.8013010025024414,0.19214819106732448,PBPF,cracker_scene1,40,old
657,2.8054399490356445,0.1945081426129436,PBPF,cracker_scene1,40,old
658,2.809345006942749,0.1945081426129436,PBPF,cracker_scene1,40,old
659,2.8135197162628174,0.19520373896270693,PBPF,cracker_scene1,40,old
660,2.8174421787261963,0.19520373896270693,PBPF,cracker_scene1,40,old
661,2.8217403888702393,0.1970502861721409,PBPF,cracker_scene1,40,old
662,2.8259737491607666,0.1970502861721409,PBPF,cracker_scene1,40,old
663,2.829989433288574,0.1970502861721409,PBPF,cracker_scene1,40,old
664,2.8343281745910645,0.20031301277369862,PBPF,cracker_scene1,40,old
665,2.8386921882629395,0.2028357817687422,PBPF,cracker_scene1,40,old
666,2.8429527282714844,0.2028357817687422,PBPF,cracker_scene1,40,old
667,2.8473453521728516,0.20346122983467796,PBPF,cracker_scene1,40,old
668,2.8515589237213135,0.20346122983467796,PBPF,cracker_scene1,40,old
669,2.8558523654937744,0.20508569724164774,PBPF,cracker_scene1,40,old
670,2.859832525253296,0.20508569724164774,PBPF,cracker_scene1,40,old
671,2.8639752864837646,0.20803749381582817,PBPF,cracker_scene1,40,old
672,2.8682663440704346,0.20803749381582817,PBPF,cracker_scene1,40,old
673,2.872685670852661,0.21011883372129983,PBPF,cracker_scene1,40,old
674,2.8768813610076904,0.2129608699591415,PBPF,cracker_scene1,40,old
675,2.8811891078948975,0.2129886396032764,PBPF,cracker_scene1,40,old
676,2.885366439819336,0.21439724642808805,PBPF,cracker_scene1,40,old
677,2.889523983001709,0.21439724642808805,PBPF,cracker_scene1,40,old
678,2.8936874866485596,0.21444202073224586,PBPF,cracker_scene1,40,old
679,2.8981540203094482,0.20323011402235747,PBPF,cracker_scene1,40,old
680,2.902576208114624,0.20449940190371443,PBPF,cracker_scene1,40,old
681,2.907099962234497,0.20446068750042173,PBPF,cracker_scene1,40,old
682,2.9112002849578857,0.20444438762916697,PBPF,cracker_scene1,40,old
683,2.915426254272461,0.20444438762916697,PBPF,cracker_scene1,40,old
684,2.919616222381592,0.2059994513370856,PBPF,cracker_scene1,40,old
685,2.9240288734436035,0.2077281615714351,PBPF,cracker_scene1,40,old
686,2.928267240524292,0.20773002071233543,PBPF,cracker_scene1,40,old
687,2.9325811862945557,0.2099685065319269,PBPF,cracker_scene1,40,old
688,2.9371466636657715,0.21034459671519556,PBPF,cracker_scene1,40,old
689,2.941438913345337,0.21034459671519556,PBPF,cracker_scene1,40,old
690,2.9454476833343506,0.21034459671519556,PBPF,cracker_scene1,40,old
691,2.949707269668579,0.20976995606673357,PBPF,cracker_scene1,40,old
692,2.954181432723999,0.21195161155169942,PBPF,cracker_scene1,40,old
693,2.958139419555664,0.21195161155169942,PBPF,cracker_scene1,40,old
694,2.962519645690918,0.2131915206855663,PBPF,cracker_scene1,40,old
695,2.9667134284973145,0.2131915206855663,PBPF,cracker_scene1,40,old
696,2.9712321758270264,0.21440898532545571,PBPF,cracker_scene1,40,old
697,2.9750452041625977,0.21440898532545571,PBPF,cracker_scene1,40,old
698,2.9791030883789062,0.21608567595106745,PBPF,cracker_scene1,40,old
699,2.9831533432006836,0.21608567595106745,PBPF,cracker_scene1,40,old
700,2.987316608428955,0.2176594867243128,PBPF,cracker_scene1,40,old
701,2.9914355278015137,0.2176594867243128,PBPF,cracker_scene1,40,old
702,2.9954657554626465,0.2176594867243128,PBPF,cracker_scene1,40,old
703,2.9997525215148926,0.22041024848870078,PBPF,cracker_scene1,40,old
704,3.0042824745178223,0.22154265979913582,PBPF,cracker_scene1,40,old
705,3.0083048343658447,0.22154265979913582,PBPF,cracker_scene1,40,old
706,3.0124330520629883,0.22032117694903722,PBPF,cracker_scene1,40,old
707,3.016660213470459,0.22126882222970398,PBPF,cracker_scene1,40,old
708,3.0208213329315186,0.22314403405587038,PBPF,cracker_scene1,40,old
709,3.0248303413391113,0.22314403405587038,PBPF,cracker_scene1,40,old
710,3.028928756713867,0.22396100808963187,PBPF,cracker_scene1,40,old
711,3.0331459045410156,0.22396100808963187,PBPF,cracker_scene1,40,old
712,3.037024736404419,0.22396100808963187,PBPF,cracker_scene1,40,old
713,3.0410988330841064,0.22452216332994834,PBPF,cracker_scene1,40,old
714,3.045152187347412,0.22452216332994834,PBPF,cracker_scene1,40,old
715,3.049208402633667,0.22452216332994834,PBPF,cracker_scene1,40,old
716,3.053494691848755,0.22499282009180108,PBPF,cracker_scene1,40,old
717,3.057710886001587,0.2218693494031676,PBPF,cracker_scene1,40,old
718,3.062058210372925,0.22173983338380127,PBPF,cracker_scene1,40,old
719,3.066214084625244,0.22173983338380127,PBPF,cracker_scene1,40,old
720,3.0704386234283447,0.22123146664427237,PBPF,cracker_scene1,40,old
721,3.0747532844543457,0.2215507341110774,PBPF,cracker_scene1,40,old
722,3.0787391662597656,0.2215507341110774,PBPF,cracker_scene1,40,old
723,3.0832104682922363,0.22286887718094173,PBPF,cracker_scene1,40,old
724,3.0870940685272217,0.22286887718094173,PBPF,cracker_scene1,40,old
725,3.091279983520508,0.22201046855326254,PBPF,cracker_scene1,40,old
726,3.0955166816711426,0.22200426252327954,PBPF,cracker_scene1,40,old
727,3.0998263359069824,0.22209479257615272,PBPF,cracker_scene1,40,old
728,3.1040754318237305,0.22237846159881317,PBPF,cracker_scene1,40,old
729,3.1080105304718018,0.22237846159881317,PBPF,cracker_scene1,40,old
730,3.1120715141296387,0.22237846159881317,PBPF,cracker_scene1,40,old
731,3.1161696910858154,0.2234628994941499,PBPF,cracker_scene1,40,old
732,3.120220422744751,0.22394856997747384,PBPF,cracker_scene1,40,old
733,3.1241703033447266,0.22394856997747384,PBPF,cracker_scene1,40,old
734,3.1284172534942627,0.2230489892591686,PBPF,cracker_scene1,40,old
735,3.1324846744537354,0.2230489892591686,PBPF,cracker_scene1,40,old
736,3.136772632598877,0.22306989470956656,PBPF,cracker_scene1,40,old
737,3.1408443450927734,0.22311983978656966,PBPF,cracker_scene1,40,old
738,3.1451170444488525,0.22466130956129154,PBPF,cracker_scene1,40,old
739,3.149162769317627,0.22466130956129154,PBPF,cracker_scene1,40,old
740,3.1533830165863037,0.22354295672298585,PBPF,cracker_scene1,40,old
741,3.1575169563293457,0.22354295672298585,PBPF,cracker_scene1,40,old
742,3.161639928817749,0.22354295672298585,PBPF,cracker_scene1,40,old
743,3.1659581661224365,0.224582658270198,PBPF,cracker_scene1,40,old
744,3.1702029705047607,0.224582658270198,PBPF,cracker_scene1,40,old
745,3.174323320388794,0.22346662067060144,PBPF,cracker_scene1,40,old
746,3.1783690452575684,0.22346662067060144,PBPF,cracker_scene1,40,old
747,3.182584047317505,0.2245320948572845,PBPF,cracker_scene1,40,old
748,3.186447858810425,0.2245320948572845,PBPF,cracker_scene1,40,old
749,3.1903178691864014,0.2245320948572845,PBPF,cracker_scene1,40,old
750,3.194406509399414,0.2245320948572845,PBPF,cracker_scene1,40,old
751,3.1987688541412354,0.22464795867653056,PBPF,cracker_scene1,40,old
752,3.2033181190490723,0.22360336639170625,PBPF,cracker_scene1,40,old
753,3.2076311111450195,0.2246824001158442,PBPF,cracker_scene1,40,old
754,3.212101459503174,0.22456465631472397,PBPF,cracker_scene1,40,old
755,3.216663122177124,0.2245784371187695,PBPF,cracker_scene1,40,old
756,3.2211921215057373,0.2245619976366877,PBPF,cracker_scene1,40,old
757,3.2253055572509766,0.2245619976366877,PBPF,cracker_scene1,40,old
758,3.2295029163360596,0.22459205176449823,PBPF,cracker_scene1,40,old
759,3.2337708473205566,0.22459205176449823,PBPF,cracker_scene1,40,old
760,3.2379486560821533,0.2245361014094777,PBPF,cracker_scene1,40,old
761,3.242050886154175,0.2245361014094777,PBPF,cracker_scene1,40,old
762,3.246323585510254,0.2234842059925726,PBPF,cracker_scene1,40,old
763,3.2502875328063965,0.2234842059925726,PBPF,cracker_scene1,40,old
764,3.2546026706695557,0.2247632028434223,PBPF,cracker_scene1,40,old
765,3.2584967613220215,0.2247632028434223,PBPF,cracker_scene1,40,old
766,3.2626798152923584,0.22477849566314395,PBPF,cracker_scene1,40,old
767,3.2667899131774902,0.22477849566314395,PBPF,cracker_scene1,40,old
768,3.2710680961608887,0.2245983029867092,PBPF,cracker_scene1,40,old
769,3.275163173675537,0.2245983029867092,PBPF,cracker_scene1,40,old
770,3.279402256011963,0.22457570828395151,PBPF,cracker_scene1,40,old
771,3.283346176147461,0.22457570828395151,PBPF,cracker_scene1,40,old
772,3.2877659797668457,0.2246069677112397,PBPF,cracker_scene1,40,old
773,3.291717290878296,0.2246069677112397,PBPF,cracker_scene1,40,old
774,3.2960264682769775,0.2234639183176593,PBPF,cracker_scene1,40,old
775,3.300145149230957,0.2234639183176593,PBPF,cracker_scene1,40,old
776,3.3044354915618896,0.2234160197174118,PBPF,cracker_scene1,40,old
777,3.308608293533325,0.2245351241361045,PBPF,cracker_scene1,40,old
778,3.3127121925354004,0.22456780351805186,PBPF,cracker_scene1,40,old
779,3.3168392181396484,0.22456780351805186,PBPF,cracker_scene1,40,old
780,3.3210556507110596,0.22452009345327367,PBPF,cracker_scene1,40,old
781,3.3252127170562744,0.22452009345327367,PBPF,cracker_scene1,40,old
782,3.329421043395996,0.22462881167863413,PBPF,cracker_scene1,40,old
783,3.333571195602417,0.22462881167863413,PBPF,cracker_scene1,40,old
784,3.337780714035034,0.22459219356577484,PBPF,cracker_scene1,40,old
785,3.3419315814971924,0.22459219356577484,PBPF,cracker_scene1,40,old
786,3.3461785316467285,0.22361389547088414,PBPF,cracker_scene1,40,old
787,3.3501930236816406,0.22361389547088414,PBPF,cracker_scene1,40,old
788,3.3544700145721436,0.22455312402797584,PBPF,cracker_scene1,40,old
789,3.3584532737731934,0.22455312402797584,PBPF,cracker_scene1,40,old
790,3.362699031829834,0.22460057537165704,PBPF,cracker_scene1,40,old
791,3.3669538497924805,0.22460057537165704,PBPF,cracker_scene1,40,old
792,3.3712034225463867,0.2246123044311196,PBPF,cracker_scene1,40,old
793,3.3751375675201416,0.2246123044311196,PBPF,cracker_scene1,40,old
794,3.379183769226074,0.22467215013914899,PBPF,cracker_scene1,40,old
795,3.3831233978271484,0.22467215013914899,PBPF,cracker_scene1,40,old
796,3.387355089187622,0.2235309508564557,PBPF,cracker_scene1,40,old
797,3.391561985015869,0.2235309508564557,PBPF,cracker_scene1,40,old
798,3.3958053588867188,0.2246160419287204,PBPF,cracker_scene1,40,old
799,3.400022268295288,0.2246160419287204,PBPF,cracker_scene1,40,old
800,3.404240369796753,0.22477085731219493,PBPF,cracker_scene1,40,old
801,3.4083759784698486,0.22477085731219493,PBPF,cracker_scene1,40,old
802,3.412519693374634,0.22459499402119695,PBPF,cracker_scene1,40,old
803,3.41668438911438,0.22459499402119695,PBPF,cracker_scene1,40,old
804,3.4207944869995117,0.22467369695885966,PBPF,cracker_scene1,40,old
805,3.4248578548431396,0.22467369695885966,PBPF,cracker_scene1,40,old
806,3.429086923599243,0.22457427510019484,PBPF,cracker_scene1,40,old
807,3.4332103729248047,0.22457427510019484,PBPF,cracker_scene1,40,old
808,3.437124729156494,0.22457427510019484,PBPF,cracker_scene1,40,old
809,3.441208839416504,0.22462495394973195,PBPF,cracker_scene1,40,old
810,3.4453413486480713,0.22462495394973195,PBPF,cracker_scene1,40,old
811,3.4493978023529053,0.22462495394973195,PBPF,cracker_scene1,40,old
812,3.4535422325134277,0.22459907696506362,PBPF,cracker_scene1,40,old
813,3.4576938152313232,0.22459907696506362,PBPF,cracker_scene1,40,old
814,3.461660623550415,0.22459907696506362,PBPF,cracker_scene1,40,old
815,3.465876579284668,0.22454580426241977,PBPF,cracker_scene1,40,old
816,3.470136880874634,0.2246009971786448,PBPF,cracker_scene1,40,old
817,3.474266290664673,0.22463067677481596,PBPF,cracker_scene1,40,old
818,3.4783618450164795,0.22463067677481596,PBPF,cracker_scene1,40,old
819,3.4826295375823975,0.22344148912791922,PBPF,cracker_scene1,40,old
820,3.48675537109375,0.22346227121881673,PBPF,cracker_scene1,40,old
821,3.4908978939056396,0.22345550664085032,PBPF,cracker_scene1,40,old
822,3.494955539703369,0.22345550664085032,PBPF,cracker_scene1,40,old
823,3.498992919921875,0.22345550664085032,PBPF,cracker_scene1,40,old
824,3.5030970573425293,0.22457002947268923,PBPF,cracker_scene1,40,old
825,3.5073201656341553,0.22457002947268923,PBPF,cracker_scene1,40,old
826,3.511451482772827,0.2246507406454879,PBPF,cracker_scene1,40,old
827,3.5155465602874756,0.2245795853347439,PBPF,cracker_scene1,40,old
828,3.519679069519043,0.2245795853347439,PBPF,cracker_scene1,40,old
829,3.523740291595459,0.22452462943117973,PBPF,cracker_scene1,40,old
830,3.5279479026794434,0.22460676063336915,PBPF,cracker_scene1,40,old
831,3.532050848007202,0.22460676063336915,PBPF,cracker_scene1,40,old
832,3.536130666732788,0.22453835939650926,PBPF,cracker_scene1,40,old
833,3.5403850078582764,0.22454345476065443,PBPF,cracker_scene1,40,old
834,3.5443475246429443,0.22454345476065443,PBPF,cracker_scene1,40,old
835,3.548616409301758,0.22349591286020123,PBPF,cracker_scene1,40,old
836,3.5527124404907227,0.22349591286020123,PBPF,cracker_scene1,40,old
837,3.5567476749420166,0.22361556769463636,PBPF,cracker_scene1,40,old
838,3.5609967708587646,0.22361556769463636,PBPF,cracker_scene1,40,old
839,3.5650978088378906,0.22360788644486915,PBPF,cracker_scene1,40,old
840,3.5693278312683105,0.22377096024317433,PBPF,cracker_scene1,40,old
841,3.573399782180786,0.22528569968897943,PBPF,cracker_scene1,40,old
842,3.5773608684539795,0.22528569968897943,PBPF,cracker_scene1,40,old
843,3.581336736679077,0.22528569968897943,PBPF,cracker_scene1,40,old
844,3.585385322570801,0.22613478754915214,PBPF,cracker_scene1,40,old
845,3.589298725128174,0.22613478754915214,PBPF,cracker_scene1,40,old
846,3.593665361404419,0.2262518517641696,PBPF,cracker_scene1,40,old
847,3.5979607105255127,0.22714044433717526,PBPF,cracker_scene1,40,old
848,3.602323055267334,0.22714044433717526,PBPF,cracker_scene1,40,old
849,3.6067748069763184,0.22956471370590076,PBPF,cracker_scene1,40,old
850,3.611149787902832,0.23021352603161915,PBPF,cracker_scene1,40,old
851,3.6155734062194824,0.23119623946335371,PBPF,cracker_scene1,40,old
852,3.6197893619537354,0.23084482829608208,PBPF,cracker_scene1,40,old
853,3.624206066131592,0.23173441664335026,PBPF,cracker_scene1,40,old
854,3.628633975982666,0.23356054627190037,PBPF,cracker_scene1,40,old
855,3.6330411434173584,0.23331438427644843,PBPF,cracker_scene1,40,old
856,3.6372618675231934,0.23527598369280747,PBPF,cracker_scene1,40,old
857,3.6414196491241455,0.23527598369280747,PBPF,cracker_scene1,40,old
858,3.645702838897705,0.23612920447191932,PBPF,cracker_scene1,40,old
859,3.6497766971588135,0.23612920447191932,PBPF,cracker_scene1,40,old
860,3.6539676189422607,0.23718172593323772,PBPF,cracker_scene1,40,old
861,3.658158540725708,0.23718172593323772,PBPF,cracker_scene1,40,old
862,3.662381887435913,0.23799286691498792,PBPF,cracker_scene1,40,old
863,3.6665561199188232,0.23799286691498792,PBPF,cracker_scene1,40,old
864,3.670758008956909,0.23823938541371537,PBPF,cracker_scene1,40,old
865,3.6748712062835693,0.23823938541371537,PBPF,cracker_scene1,40,old
866,3.6792171001434326,0.23946778764765236,PBPF,cracker_scene1,40,old
867,3.683317184448242,0.23946778764765236,PBPF,cracker_scene1,40,old
868,3.6875579357147217,0.24208729000415113,PBPF,cracker_scene1,40,old
869,3.6916251182556152,0.24208729000415113,PBPF,cracker_scene1,40,old
870,3.696068286895752,0.2415468367243476,PBPF,cracker_scene1,40,old
871,3.7001914978027344,0.2415468367243476,PBPF,cracker_scene1,40,old
872,3.7045018672943115,0.24456339034685604,PBPF,cracker_scene1,40,old
873,3.708627462387085,0.24456339034685604,PBPF,cracker_scene1,40,old
874,3.7128708362579346,0.24580769425090893,PBPF,cracker_scene1,40,old
875,3.7169744968414307,0.24580769425090893,PBPF,cracker_scene1,40,old
876,3.7211756706237793,0.24607068331567689,PBPF,cracker_scene1,40,old
877,3.7253477573394775,0.24607068331567689,PBPF,cracker_scene1,40,old
878,3.729658603668213,0.24733933597244842,PBPF,cracker_scene1,40,old
879,3.7337605953216553,0.24733933597244842,PBPF,cracker_scene1,40,old
880,3.7380151748657227,0.24886992285846046,PBPF,cracker_scene1,40,old
881,3.7419917583465576,0.24886992285846046,PBPF,cracker_scene1,40,old
882,3.746342897415161,0.25082348284747413,PBPF,cracker_scene1,40,old
883,3.7503631114959717,0.25082348284747413,PBPF,cracker_scene1,40,old
884,3.7545785903930664,0.2524969866660931,PBPF,cracker_scene1,40,old
885,3.7586519718170166,0.2524969866660931,PBPF,cracker_scene1,40,old
886,3.7629034519195557,0.25397230944950355,PBPF,cracker_scene1,40,old
887,3.7672250270843506,0.25397230944950355,PBPF,cracker_scene1,40,old
888,3.7713654041290283,0.25581351116871215,PBPF,cracker_scene1,40,old
889,3.775289535522461,0.25581351116871215,PBPF,cracker_scene1,40,old
890,3.7794981002807617,0.2573083585769164,PBPF,cracker_scene1,40,old
891,3.783416271209717,0.2573083585769164,PBPF,cracker_scene1,40,old
892,3.787626266479492,0.25964725356676127,PBPF,cracker_scene1,40,old
893,3.791569232940674,0.25964725356676127,PBPF,cracker_scene1,40,old
894,3.7957234382629395,0.2599040277562436,PBPF,cracker_scene1,40,old
895,3.800206184387207,0.2599040277562436,PBPF,cracker_scene1,40,old
896,3.804682493209839,0.26264429396209393,PBPF,cracker_scene1,40,old
897,3.8086917400360107,0.26264429396209393,PBPF,cracker_scene1,40,old
898,3.8130245208740234,0.26466186724247137,PBPF,cracker_scene1,40,old
899,3.817075490951538,0.26466186724247137,PBPF,cracker_scene1,40,old
900,3.821392059326172,0.2660762243190054,PBPF,cracker_scene1,40,old
901,3.825376033782959,0.2660762243190054,PBPF,cracker_scene1,40,old
902,3.829615592956543,0.26812131356081365,PBPF,cracker_scene1,40,old
903,3.8338682651519775,0.26812131356081365,PBPF,cracker_scene1,40,old
904,3.838136911392212,0.2705983304085321,PBPF,cracker_scene1,40,old
905,3.8421809673309326,0.2705983304085321,PBPF,cracker_scene1,40,old
906,3.8464674949645996,0.27197721440974165,PBPF,cracker_scene1,40,old
907,3.851030111312866,0.27590235293314236,PBPF,cracker_scene1,40,old
908,3.855285406112671,0.2772710709780543,PBPF,cracker_scene1,40,old
909,3.859302520751953,0.2772710709780543,PBPF,cracker_scene1,40,old
910,3.863537073135376,0.27847265903856566,PBPF,cracker_scene1,40,old
911,3.867643117904663,0.27847265903856566,PBPF,cracker_scene1,40,old
912,3.871964693069458,0.2813897795701114,PBPF,cracker_scene1,40,old
913,3.8759634494781494,0.2813897795701114,PBPF,cracker_scene1,40,old
914,3.8803603649139404,0.2842021148831277,PBPF,cracker_scene1,40,old
915,3.8842716217041016,0.2842021148831277,PBPF,cracker_scene1,40,old
916,3.888683319091797,0.2864604447213905,PBPF,cracker_scene1,40,old
917,3.8925836086273193,0.2864604447213905,PBPF,cracker_scene1,40,old
918,3.896876811981201,0.28708710018665745,PBPF,cracker_scene1,40,old
919,3.9008805751800537,0.28708710018665745,PBPF,cracker_scene1,40,old
920,3.9051740169525146,0.29034591930794873,PBPF,cracker_scene1,40,old
921,3.9093267917633057,0.29034591930794873,PBPF,cracker_scene1,40,old
922,3.9136264324188232,0.29084085430222684,PBPF,cracker_scene1,40,old
923,3.9177491664886475,0.29084085430222684,PBPF,cracker_scene1,40,old
924,3.9221105575561523,0.2935622719693325,PBPF,cracker_scene1,40,old
925,3.9260380268096924,0.2935622719693325,PBPF,cracker_scene1,40,old
926,3.93021821975708,0.29587415893141605,PBPF,cracker_scene1,40,old
927,3.934279441833496,0.29587415893141605,PBPF,cracker_scene1,40,old
928,3.9386119842529297,0.29806222181025505,PBPF,cracker_scene1,40,old
929,3.9425837993621826,0.29806222181025505,PBPF,cracker_scene1,40,old
930,3.946840763092041,0.29907726411162266,PBPF,cracker_scene1,40,old
931,3.9509103298187256,0.29907726411162266,PBPF,cracker_scene1,40,old
932,3.955343723297119,0.30241670455868586,PBPF,cracker_scene1,40,old
933,3.9593536853790283,0.30241670455868586,PBPF,cracker_scene1,40,old
934,3.9636495113372803,0.30498786952524093,PBPF,cracker_scene1,40,old
935,3.967810869216919,0.30498786952524093,PBPF,cracker_scene1,40,old
936,3.9721333980560303,0.306036941425999,PBPF,cracker_scene1,40,old
937,3.9760849475860596,0.306036941425999,PBPF,cracker_scene1,40,old
938,3.9804275035858154,0.30711498714072294,PBPF,cracker_scene1,40,old
939,3.984370708465576,0.30711498714072294,PBPF,cracker_scene1,40,old
940,3.9886934757232666,0.30934484172274856,PBPF,cracker_scene1,40,old
941,3.992720127105713,0.30934484172274856,PBPF,cracker_scene1,40,old
942,3.9971492290496826,0.30904984869020785,PBPF,cracker_scene1,40,old
943,4.001385688781738,0.30904984869020785,PBPF,cracker_scene1,40,old
944,4.005409002304077,0.3084604089772139,PBPF,cracker_scene1,40,old
945,4.009393692016602,0.3084604089772139,PBPF,cracker_scene1,40,old
946,4.013745307922363,0.30746881282340577,PBPF,cracker_scene1,40,old
947,4.017986059188843,0.30938398800714495,PBPF,cracker_scene1,40,old
948,4.02203893661499,0.30900789132339046,PBPF,cracker_scene1,40,old
949,4.0259623527526855,0.30900789132339046,PBPF,cracker_scene1,40,old
950,4.0304481983184814,0.3081935197017547,PBPF,cracker_scene1,40,old
951,4.0345165729522705,0.3081935197017547,PBPF,cracker_scene1,40,old
952,4.038837671279907,0.30699538235112733,PBPF,cracker_scene1,40,old
953,4.0428502559661865,0.30699538235112733,PBPF,cracker_scene1,40,old
954,4.047188758850098,0.30846693439849293,PBPF,cracker_scene1,40,old
955,4.051263809204102,0.30846693439849293,PBPF,cracker_scene1,40,old
956,4.055474042892456,0.30837123331646055,PBPF,cracker_scene1,40,old
957,4.059431076049805,0.30837123331646055,PBPF,cracker_scene1,40,old
958,4.063730955123901,0.3087052355834565,PBPF,cracker_scene1,40,old
959,4.067948818206787,0.3087052355834565,PBPF,cracker_scene1,40,old
960,4.072215557098389,0.3090272122549571,PBPF,cracker_scene1,40,old
961,4.0761878490448,0.3090272122549571,PBPF,cracker_scene1,40,old
962,4.080682039260864,0.3089263468362953,PBPF,cracker_scene1,40,old
963,4.084666967391968,0.3089263468362953,PBPF,cracker_scene1,40,old
964,4.089031457901001,0.30930645452563965,PBPF,cracker_scene1,40,old
965,4.093068361282349,0.30930645452563965,PBPF,cracker_scene1,40,old
966,4.097378730773926,0.3095213608035037,PBPF,cracker_scene1,40,old
967,4.101620435714722,0.3095213608035037,PBPF,cracker_scene1,40,old
968,4.105950593948364,0.3084681867084331,PBPF,cracker_scene1,40,old
969,4.110170364379883,0.3084681867084331,PBPF,cracker_scene1,40,old
970,4.114593982696533,0.3087731340597051,PBPF,cracker_scene1,40,old
971,4.118783473968506,0.30792407524070775,PBPF,cracker_scene1,40,old
972,4.122973203659058,0.30792407524070775,PBPF,cracker_scene1,40,old
973,4.127137899398804,0.3059289774265608,PBPF,cracker_scene1,40,old
974,4.131426811218262,0.3059289774265608,PBPF,cracker_scene1,40,old
975,4.1354663372039795,0.3070096891187406,PBPF,cracker_scene1,40,old
976,4.1398046016693115,0.307109703251645,PBPF,cracker_scene1,40,old
977,4.143786668777466,0.307109703251645,PBPF,cracker_scene1,40,old
978,4.148120403289795,0.30720940778342154,PBPF,cracker_scene1,40,old
979,4.152250289916992,0.30718541058347704,PBPF,cracker_scene1,40,old
980,4.156572580337524,0.3072669861165842,PBPF,cracker_scene1,40,old
981,4.160773277282715,0.3072187334665548,PBPF,cracker_scene1,40,old
982,4.165212154388428,0.30712654505984727,PBPF,cracker_scene1,40,old
983,4.169468641281128,0.3055630332000536,PBPF,cracker_scene1,40,old
984,4.173634052276611,0.3055630332000536,PBPF,cracker_scene1,40,old
985,4.178019762039185,0.30873427992532093,PBPF,cracker_scene1,40,old
986,4.182232856750488,0.30873427992532093,PBPF,cracker_scene1,40,old
987,4.186409950256348,0.30844240456922073,PBPF,cracker_scene1,40,old
988,4.19062352180481,0.30844240456922073,PBPF,cracker_scene1,40,old
989,4.194720983505249,0.30820706232741085,PBPF,cracker_scene1,40,old
990,4.199039459228516,0.30820706232741085,PBPF,cracker_scene1,40,old
991,4.203277826309204,0.30795971104162356,PBPF,cracker_scene1,40,old
992,4.207185983657837,0.30795971104162356,PBPF,cracker_scene1,40,old
993,4.2113120555877686,0.30799785499335297,PBPF,cracker_scene1,40,old
994,4.215205192565918,0.3077326884992646,PBPF,cracker_scene1,40,old
995,4.219304323196411,0.3076810750690697,PBPF,cracker_scene1,40,old
996,4.223218679428101,0.3076632746344489,PBPF,cracker_scene1,40,old
997,4.227161169052124,0.3076632746344489,PBPF,cracker_scene1,40,old
998,4.231714487075806,0.3072665983867948,PBPF,cracker_scene1,40,old
999,4.235822439193726,0.30720230631017675,PBPF,cracker_scene1,40,old
1000,4.23986029624939,0.30720230631017675,PBPF,cracker_scene1,40,old
1001,4.244107246398926,0.30720230631017675,PBPF,cracker_scene1,40,old
1002,4.248641729354858,0.3070259679017398,PBPF,cracker_scene1,40,old
1003,4.252851247787476,0.3070259679017398,PBPF,cracker_scene1,40,old
1004,4.256782054901123,0.3070259679017398,PBPF,cracker_scene1,40,old
1005,4.261079549789429,0.30702242262442686,PBPF,cracker_scene1,40,old
1006,4.265429258346558,0.3058703042704677,PBPF,cracker_scene1,40,old
1007,4.269775152206421,0.30555052005670974,PBPF,cracker_scene1,40,old
1008,4.273757696151733,0.30555052005670974,PBPF,cracker_scene1,40,old
1009,4.277977466583252,0.30639708204767074,PBPF,cracker_scene1,40,old
1010,4.2821879386901855,0.30639708204767074,PBPF,cracker_scene1,40,old
1011,4.286289930343628,0.3063478195806402,PBPF,cracker_scene1,40,old
1012,4.290553092956543,0.306331227936432,PBPF,cracker_scene1,40,old
1013,4.294731855392456,0.30634526049855476,PBPF,cracker_scene1,40,old
1014,4.299127101898193,0.30647991381559875,PBPF,cracker_scene1,40,old
1015,4.3033552169799805,0.30647991381559875,PBPF,cracker_scene1,40,old
1016,4.307404518127441,0.30647991381559875,PBPF,cracker_scene1,40,old
1017,4.311713695526123,0.3067899234699356,PBPF,cracker_scene1,40,old
1018,4.315872669219971,0.3067899234699356,PBPF,cracker_scene1,40,old
1019,4.32017970085144,0.3066235878995786,PBPF,cracker_scene1,40,old
1020,4.324258089065552,0.3066235878995786,PBPF,cracker_scene1,40,old
1021,4.328492879867554,0.3065017001466882,PBPF,cracker_scene1,40,old
1022,4.3327226638793945,0.3065017001466882,PBPF,cracker_scene1,40,old
1023,4.336744785308838,0.3064785494929244,PBPF,cracker_scene1,40,old
1024,4.341157674789429,0.30041591237040155,PBPF,cracker_scene1,40,old
1025,4.345110893249512,0.30041591237040155,PBPF,cracker_scene1,40,old
1026,4.349514484405518,0.30065744244879244,PBPF,cracker_scene1,40,old
1027,4.353522300720215,0.30065744244879244,PBPF,cracker_scene1,40,old
1028,4.357402563095093,0.2995698397990232,PBPF,cracker_scene1,40,old
1029,4.361670732498169,0.2986502785471723,PBPF,cracker_scene1,40,old
1030,4.365797996520996,0.2983926599218263,PBPF,cracker_scene1,40,old
1031,4.3699095249176025,0.2983926599218263,PBPF,cracker_scene1,40,old
1032,4.373839855194092,0.2983926599218263,PBPF,cracker_scene1,40,old
1033,4.378126382827759,0.2981465206820699,PBPF,cracker_scene1,40,old
1034,4.3822126388549805,0.2981465206820699,PBPF,cracker_scene1,40,old
1035,4.386455059051514,0.2992605132744144,PBPF,cracker_scene1,40,old
1036,4.390583038330078,0.29811117726041125,PBPF,cracker_scene1,40,old
1037,4.394785642623901,0.2983502351673746,PBPF,cracker_scene1,40,old
1038,4.399479866027832,0.2994051198054386,PBPF,cracker_scene1,40,old
1039,4.4039716720581055,0.2992088603539411,PBPF,cracker_scene1,40,old
1040,4.408096551895142,0.2992088603539411,PBPF,cracker_scene1,40,old
1041,4.412304878234863,0.2980331269181491,PBPF,cracker_scene1,40,old
1042,4.416316509246826,0.2980331269181491,PBPF,cracker_scene1,40,old
1043,4.4204185009002686,0.29906232641994634,PBPF,cracker_scene1,40,old
1044,4.4245312213897705,0.2987975436186554,PBPF,cracker_scene1,40,old
1045,4.4287333488464355,0.2984323338441044,PBPF,cracker_scene1,40,old
1046,4.432990074157715,0.2984323338441044,PBPF,cracker_scene1,40,old
1047,4.437202453613281,0.2984916515475948,PBPF,cracker_scene1,40,old
1048,4.4411420822143555,0.2984916515475948,PBPF,cracker_scene1,40,old
1049,4.445271253585815,0.29820636752935226,PBPF,cracker_scene1,40,old
1050,4.449214220046997,0.29820636752935226,PBPF,cracker_scene1,40,old
1051,4.453436613082886,0.2979536552846538,PBPF,cracker_scene1,40,old
1052,4.457334280014038,0.2979536552846538,PBPF,cracker_scene1,40,old
1053,4.461441516876221,0.2980190812102439,PBPF,cracker_scene1,40,old
1054,4.465453624725342,0.2980190812102439,PBPF,cracker_scene1,40,old
1055,4.470161437988281,0.29745554813745123,PBPF,cracker_scene1,40,old
1056,4.4743030071258545,0.29745554813745123,PBPF,cracker_scene1,40,old
1057,4.478516101837158,0.2974642198103963,PBPF,cracker_scene1,40,old
1058,4.482626676559448,0.2974642198103963,PBPF,cracker_scene1,40,old
1059,4.486839532852173,0.29580034036186653,PBPF,cracker_scene1,40,old
1060,4.491074562072754,0.29580034036186653,PBPF,cracker_scene1,40,old
1061,4.4953038692474365,0.29533687924104335,PBPF,cracker_scene1,40,old
1062,4.49978232383728,0.3033743494290322,PBPF,cracker_scene1,40,old
1063,4.504101276397705,0.3031769954401353,PBPF,cracker_scene1,40,old
1064,4.508056402206421,0.3031769954401353,PBPF,cracker_scene1,40,old
1065,4.513341426849365,0.30412392481373995,PBPF,cracker_scene1,40,old
1066,4.518179178237915,0.30412392481373995,PBPF,cracker_scene1,40,old
1067,4.522601842880249,0.30405886088231693,PBPF,cracker_scene1,40,old
1068,4.526742219924927,0.30405886088231693,PBPF,cracker_scene1,40,old
1069,4.531189918518066,0.3037035647747519,PBPF,cracker_scene1,40,old
1070,4.535125017166138,0.3037035647747519,PBPF,cracker_scene1,40,old
1071,4.539608478546143,0.3037101101456736,PBPF,cracker_scene1,40,old
1072,4.543628931045532,0.3037101101456736,PBPF,cracker_scene1,40,old
1073,4.548085451126099,0.3025673121274455,PBPF,cracker_scene1,40,old
1074,4.552138328552246,0.3025673121274455,PBPF,cracker_scene1,40,old
1075,4.556536674499512,0.303661860450692,PBPF,cracker_scene1,40,old
1076,4.560937166213989,0.303546616442123,PBPF,cracker_scene1,40,old
1077,4.565355062484741,0.3034186259115055,PBPF,cracker_scene1,40,old
1078,4.569484710693359,0.3029400950932599,PBPF,cracker_scene1,40,old
1079,4.573697566986084,0.3029400950932599,PBPF,cracker_scene1,40,old
1080,4.577732563018799,0.30167013672042486,PBPF,cracker_scene1,40,old
1081,4.582158803939819,0.30124194747257516,PBPF,cracker_scene1,40,old
1082,4.586410284042358,0.3018255362465885,PBPF,cracker_scene1,40,old
1083,4.590625762939453,0.3018255362465885,PBPF,cracker_scene1,40,old
1084,4.595023155212402,0.30160401442911855,PBPF,cracker_scene1,40,old
1085,4.599293947219849,0.30160401442911855,PBPF,cracker_scene1,40,old
1086,4.6035192012786865,0.30140441037013055,PBPF,cracker_scene1,40,old
1087,4.607677936553955,0.30140441037013055,PBPF,cracker_scene1,40,old
1088,4.612124681472778,0.30183776349408653,PBPF,cracker_scene1,40,old
1089,4.61606764793396,0.30183776349408653,PBPF,cracker_scene1,40,old
1090,4.620279550552368,0.3019361071485118,PBPF,cracker_scene1,40,old
1091,4.6244752407073975,0.3019361071485118,PBPF,cracker_scene1,40,old
1092,4.628737449645996,0.30164279928219173,PBPF,cracker_scene1,40,old
1093,4.633130788803101,0.30164279928219173,PBPF,cracker_scene1,40,old
1094,4.637428522109985,0.3004451364624643,PBPF,cracker_scene1,40,old
1095,4.641429662704468,0.3004451364624643,PBPF,cracker_scene1,40,old
1096,4.645330190658569,0.3004451364624643,PBPF,cracker_scene1,40,old
1097,4.649468421936035,0.2988141816448078,PBPF,cracker_scene1,40,old
1098,4.653379678726196,0.2988141816448078,PBPF,cracker_scene1,40,old
1099,4.657402992248535,0.2988141816448078,PBPF,cracker_scene1,40,old
1100,4.661664247512817,0.3014014591716805,PBPF,cracker_scene1,40,old
1101,4.666089296340942,0.3014014591716805,PBPF,cracker_scene1,40,old
1102,4.670708417892456,0.30109560841267985,PBPF,cracker_scene1,40,old
1103,4.674723148345947,0.30109560841267985,PBPF,cracker_scene1,40,old
1104,4.679033279418945,0.30064063559287285,PBPF,cracker_scene1,40,old
1105,4.683224678039551,0.30064063559287285,PBPF,cracker_scene1,40,old
1106,4.687564849853516,0.30022686043144214,PBPF,cracker_scene1,40,old
1107,4.691652774810791,0.30022686043144214,PBPF,cracker_scene1,40,old
1108,4.6958324909210205,0.30013119573166397,PBPF,cracker_scene1,40,old
1109,4.699958801269531,0.30009768300428424,PBPF,cracker_scene1,40,old
1110,4.70415472984314,0.30009768300428424,PBPF,cracker_scene1,40,old
1111,4.708290338516235,0.2997621839858074,PBPF,cracker_scene1,40,old
1112,4.712574481964111,0.2997621839858074,PBPF,cracker_scene1,40,old
1113,4.716519117355347,0.2997621839858074,PBPF,cracker_scene1,40,old
1114,4.720809698104858,0.30000265550271504,PBPF,cracker_scene1,40,old
1115,4.724826097488403,0.30000265550271504,PBPF,cracker_scene1,40,old
1116,4.728952884674072,0.30009223369271615,PBPF,cracker_scene1,40,old
1117,4.733158349990845,0.30009223369271615,PBPF,cracker_scene1,40,old
1118,4.737144231796265,0.30009223369271615,PBPF,cracker_scene1,40,old
1119,4.741514205932617,0.30013095972810255,PBPF,cracker_scene1,40,old
1120,4.745819330215454,0.30013095972810255,PBPF,cracker_scene1,40,old
1121,4.749964237213135,0.30360422477951954,PBPF,cracker_scene1,40,old
1122,4.75399112701416,0.30329681913455686,PBPF,cracker_scene1,40,old
1123,4.758304595947266,0.30329681913455686,PBPF,cracker_scene1,40,old
1124,4.762710332870483,0.3034044806499181,PBPF,cracker_scene1,40,old
1125,4.76706337928772,0.3034044806499181,PBPF,cracker_scene1,40,old
1126,4.771140813827515,0.3034044806499181,PBPF,cracker_scene1,40,old
1127,4.7754528522491455,0.30185510337765326,PBPF,cracker_scene1,40,old
1128,4.779461860656738,0.30185510337765326,PBPF,cracker_scene1,40,old
1129,4.783953666687012,0.30328285778457986,PBPF,cracker_scene1,40,old
1130,4.78790807723999,0.30328285778457986,PBPF,cracker_scene1,40,old
1131,4.7920825481414795,0.3029583691658555,PBPF,cracker_scene1,40,old
1132,4.79673957824707,0.3031983552157356,PBPF,cracker_scene1,40,old
1133,4.801609992980957,0.3021426566168986,PBPF,cracker_scene1,40,old
1134,4.806177616119385,0.30374243006442014,PBPF,cracker_scene1,40,old
1135,4.810565948486328,0.3035771531587033,PBPF,cracker_scene1,40,old
1136,4.815110206604004,0.3028851861288985,PBPF,cracker_scene1,40,old
1137,4.819560527801514,0.3011798109316083,PBPF,cracker_scene1,40,old
1138,4.824414968490601,0.30865349314094215,PBPF,cracker_scene1,40,old
1139,4.82891845703125,0.30859888401466035,PBPF,cracker_scene1,40,old
1140,4.8334338665008545,0.30859888401466035,PBPF,cracker_scene1,40,old
1141,4.8376312255859375,0.3074100495992596,PBPF,cracker_scene1,40,old
1142,4.841516017913818,0.3074100495992596,PBPF,cracker_scene1,40,old
1143,4.845613956451416,0.30859994900311066,PBPF,cracker_scene1,40,old
1144,4.849459648132324,0.30859994900311066,PBPF,cracker_scene1,40,old
1145,4.853625059127808,0.30849969853527875,PBPF,cracker_scene1,40,old
1146,4.85749888420105,0.30849969853527875,PBPF,cracker_scene1,40,old
1147,4.862050771713257,0.3095006878299962,PBPF,cracker_scene1,40,old
1148,4.866487741470337,0.3095006878299962,PBPF,cracker_scene1,40,old
1149,4.870783805847168,0.3097111264971031,PBPF,cracker_scene1,40,old
1150,4.874835252761841,0.3097111264971031,PBPF,cracker_scene1,40,old
1151,4.879059791564941,0.3088531793060971,PBPF,cracker_scene1,40,old
1152,4.883086204528809,0.3088531793060971,PBPF,cracker_scene1,40,old
1153,4.887263298034668,0.30812041930511325,PBPF,cracker_scene1,40,old
1154,4.891366243362427,0.30812041930511325,PBPF,cracker_scene1,40,old
1155,4.8956310749053955,0.30785171272936357,PBPF,cracker_scene1,40,old
1156,4.89974045753479,0.30785171272936357,PBPF,cracker_scene1,40,old
1157,4.904242753982544,0.3074074544963327,PBPF,cracker_scene1,40,old
1158,4.908278226852417,0.3074074544963327,PBPF,cracker_scene1,40,old
1159,4.912626504898071,0.308163062223329,PBPF,cracker_scene1,40,old
1160,4.916640758514404,0.308163062223329,PBPF,cracker_scene1,40,old
1161,4.920798301696777,0.30839040855746397,PBPF,cracker_scene1,40,old
1162,4.924888849258423,0.30839040855746397,PBPF,cracker_scene1,40,old
1163,4.9290430545806885,0.30849633675365207,PBPF,cracker_scene1,40,old
1164,4.933334589004517,0.30848518655580276,PBPF,cracker_scene1,40,old
1165,4.937708139419556,0.3086566510938756,PBPF,cracker_scene1,40,old
1166,4.941928863525391,0.3086566510938756,PBPF,cracker_scene1,40,old
1167,4.946293354034424,0.3074246676323892,PBPF,cracker_scene1,40,old
1168,4.950237989425659,0.3074246676323892,PBPF,cracker_scene1,40,old
1169,4.954595327377319,0.30842638848067855,PBPF,cracker_scene1,40,old
1170,4.958694219589233,0.30842638848067855,PBPF,cracker_scene1,40,old
1171,4.9627275466918945,0.30842638848067855,PBPF,cracker_scene1,40,old
1172,4.967061281204224,0.3082415299258909,PBPF,cracker_scene1,40,old
1173,4.970911026000977,0.3082415299258909,PBPF,cracker_scene1,40,old
1174,4.975169658660889,0.308177101248871,PBPF,cracker_scene1,40,old
1175,4.97963285446167,0.3078592099268648,PBPF,cracker_scene1,40,old
1176,4.983891725540161,0.31384617724481423,PBPF,cracker_scene1,40,old
1177,4.988345384597778,0.3125531648867552,PBPF,cracker_scene1,40,old
1178,4.992385387420654,0.3125531648867552,PBPF,cracker_scene1,40,old
1179,4.996672630310059,0.3129140468580127,PBPF,cracker_scene1,40,old
1180,5.000825643539429,0.3129140468580127,PBPF,cracker_scene1,40,old
1181,5.005249261856079,0.3126420346385288,PBPF,cracker_scene1,40,old
1182,5.009208679199219,0.3126420346385288,PBPF,cracker_scene1,40,old
1183,5.01360297203064,0.31342222707097633,PBPF,cracker_scene1,40,old
1184,5.0175604820251465,0.31342222707097633,PBPF,cracker_scene1,40,old
1185,5.022125482559204,0.31325742717104,PBPF,cracker_scene1,40,old
1186,5.026112794876099,0.31325742717104,PBPF,cracker_scene1,40,old
1187,5.030593156814575,0.31280446840975173,PBPF,cracker_scene1,40,old
1188,5.034740924835205,0.31280446840975173,PBPF,cracker_scene1,40,old
1189,5.038987636566162,0.31181908451614593,PBPF,cracker_scene1,40,old
1190,5.042968273162842,0.31181908451614593,PBPF,cracker_scene1,40,old
1191,5.047500133514404,0.3128037160300714,PBPF,cracker_scene1,40,old
1192,5.051442861557007,0.3128037160300714,PBPF,cracker_scene1,40,old
1193,5.055811643600464,0.312714950156332,PBPF,cracker_scene1,40,old
1194,5.059751033782959,0.312714950156332,PBPF,cracker_scene1,40,old
1195,5.0640552043914795,0.3124450328475499,PBPF,cracker_scene1,40,old
1196,5.068343877792358,0.3124450328475499,PBPF,cracker_scene1,40,old
1197,5.072542667388916,0.3117727773956558,PBPF,cracker_scene1,40,old
1198,5.0765533447265625,0.3117727773956558,PBPF,cracker_scene1,40,old
1199,5.0806872844696045,0.3106995624648068,PBPF,cracker_scene1,40,old
1200,5.084714412689209,0.31039993118876463,PBPF,cracker_scene1,40,old
1201,5.088775873184204,0.3104373424055691,PBPF,cracker_scene1,40,old
1202,5.092764377593994,0.3104373424055691,PBPF,cracker_scene1,40,old
1203,5.09763503074646,0.31182852349328094,PBPF,cracker_scene1,40,old
1204,5.101809978485107,0.31182852349328094,PBPF,cracker_scene1,40,old
1205,5.106186866760254,0.31182306158856576,PBPF,cracker_scene1,40,old
1206,5.110391616821289,0.31203078130026274,PBPF,cracker_scene1,40,old
1207,5.114794969558716,0.31203078130026274,PBPF,cracker_scene1,40,old
1208,5.11882472038269,0.31203078130026274,PBPF,cracker_scene1,40,old
1209,5.12317419052124,0.31190071954733867,PBPF,cracker_scene1,40,old
1210,5.127431154251099,0.31089581472756667,PBPF,cracker_scene1,40,old
1211,5.131998062133789,0.3083835916482407,PBPF,cracker_scene1,40,old
1212,5.1363067626953125,0.30872308099902934,PBPF,cracker_scene1,40,old
1213,5.140499114990234,0.30872308099902934,PBPF,cracker_scene1,40,old
1214,5.144761085510254,0.30867703756529163,PBPF,cracker_scene1,40,old
1215,5.1488587856292725,0.30867703756529163,PBPF,cracker_scene1,40,old
1216,5.153088569641113,0.30843364499410963,PBPF,cracker_scene1,40,old
1217,5.157242298126221,0.30843364499410963,PBPF,cracker_scene1,40,old
1218,5.161420822143555,0.3081920016063906,PBPF,cracker_scene1,40,old
1219,5.165575742721558,0.3081920016063906,PBPF,cracker_scene1,40,old
1220,5.169904470443726,0.3071097328667838,PBPF,cracker_scene1,40,old
1221,5.174231767654419,0.3071097328667838,PBPF,cracker_scene1,40,old
1222,5.178563356399536,0.3084635018793529,PBPF,cracker_scene1,40,old
1223,5.182697296142578,0.3084635018793529,PBPF,cracker_scene1,40,old
1224,5.186928749084473,0.3081715372220888,PBPF,cracker_scene1,40,old
1225,5.190945863723755,0.3081715372220888,PBPF,cracker_scene1,40,old
1226,5.19505500793457,0.30782914829807595,PBPF,cracker_scene1,40,old
1227,5.199126720428467,0.30782914829807595,PBPF,cracker_scene1,40,old
1228,5.20351243019104,0.30782318600820524,PBPF,cracker_scene1,40,old
1229,5.207564115524292,0.3079307458984877,PBPF,cracker_scene1,40,old
1230,5.211529970169067,0.3079307458984877,PBPF,cracker_scene1,40,old
1231,5.215835094451904,0.3068101122849827,PBPF,cracker_scene1,40,old
1232,5.220232963562012,0.3080911822135004,PBPF,cracker_scene1,40,old
1233,5.224506855010986,0.3080911822135004,PBPF,cracker_scene1,40,old
1234,5.228862524032593,0.3064844712833965,PBPF,cracker_scene1,40,old
1235,5.233016729354858,0.3064844712833965,PBPF,cracker_scene1,40,old
1236,5.2372050285339355,0.30717211638473163,PBPF,cracker_scene1,40,old
1237,5.2412543296813965,0.30717211638473163,PBPF,cracker_scene1,40,old
1238,5.245630502700806,0.3056096007650906,PBPF,cracker_scene1,40,old
1239,5.249773263931274,0.3056096007650906,PBPF,cracker_scene1,40,old
1240,5.254244327545166,0.30541327694389153,PBPF,cracker_scene1,40,old
1241,5.258118629455566,0.30541327694389153,PBPF,cracker_scene1,40,old
1242,5.2623491287231445,0.30534928207775724,PBPF,cracker_scene1,40,old
1243,5.266654968261719,0.30534928207775724,PBPF,cracker_scene1,40,old
1244,5.270939111709595,0.3065885490126119,PBPF,cracker_scene1,40,old
1245,5.275038242340088,0.3065885490126119,PBPF,cracker_scene1,40,old
1246,5.279252290725708,0.3064908309995378,PBPF,cracker_scene1,40,old
1247,5.2833640575408936,0.3064908309995378,PBPF,cracker_scene1,40,old
1248,5.287468671798706,0.3062239530299111,PBPF,cracker_scene1,40,old
1249,5.2916765213012695,0.3062239530299111,PBPF,cracker_scene1,40,old
1250,5.296143054962158,0.3047036028643131,PBPF,cracker_scene1,40,old
1251,5.3003880977630615,0.3047036028643131,PBPF,cracker_scene1,40,old
1252,5.3045289516448975,0.30583549720367653,PBPF,cracker_scene1,40,old
1253,5.308423042297363,0.30583549720367653,PBPF,cracker_scene1,40,old
1254,5.312503099441528,0.30627518942873966,PBPF,cracker_scene1,40,old
1255,5.316457748413086,0.30627518942873966,PBPF,cracker_scene1,40,old
1256,5.320739030838013,0.30554156160605395,PBPF,cracker_scene1,40,old
1257,5.324652194976807,0.30554156160605395,PBPF,cracker_scene1,40,old
1258,5.328824281692505,0.30525417026656854,PBPF,cracker_scene1,40,old
1259,5.3328046798706055,0.30525417026656854,PBPF,cracker_scene1,40,old
1260,5.337340831756592,0.3049929298065477,PBPF,cracker_scene1,40,old
1261,5.341430425643921,0.3049929298065477,PBPF,cracker_scene1,40,old
1262,5.345787525177002,0.3060065873117379,PBPF,cracker_scene1,40,old
1263,5.349729776382446,0.3060065873117379,PBPF,cracker_scene1,40,old
1264,5.35399055480957,0.3054901260542202,PBPF,cracker_scene1,40,old
1265,5.3579490184783936,0.3054901260542202,PBPF,cracker_scene1,40,old
1266,5.362212181091309,0.3052542916113481,PBPF,cracker_scene1,40,old
1267,5.366438865661621,0.3052542916113481,PBPF,cracker_scene1,40,old
1268,5.37083625793457,0.304735209452347,PBPF,cracker_scene1,40,old
1269,5.374934911727905,0.304735209452347,PBPF,cracker_scene1,40,old
1270,5.379306316375732,0.3034876953050718,PBPF,cracker_scene1,40,old
1271,5.3832244873046875,0.3034876953050718,PBPF,cracker_scene1,40,old
1272,5.387609004974365,0.3048998136820176,PBPF,cracker_scene1,40,old
1273,5.391683578491211,0.3048998136820176,PBPF,cracker_scene1,40,old
1274,5.396019220352173,0.3053200818110309,PBPF,cracker_scene1,40,old
1275,5.399950265884399,0.3053200818110309,PBPF,cracker_scene1,40,old
1276,5.404285669326782,0.3051859008329929,PBPF,cracker_scene1,40,old
1277,5.408409595489502,0.3051859008329929,PBPF,cracker_scene1,40,old
1278,5.412839412689209,0.3042552857456018,PBPF,cracker_scene1,40,old
1279,5.416918516159058,0.3042552857456018,PBPF,cracker_scene1,40,old
1280,5.421329498291016,0.3053911721345264,PBPF,cracker_scene1,40,old
1281,5.425320863723755,0.3053911721345264,PBPF,cracker_scene1,40,old
1282,5.429489850997925,0.30492587982149644,PBPF,cracker_scene1,40,old
1283,5.43353533744812,0.30492587982149644,PBPF,cracker_scene1,40,old
1284,5.438453197479248,0.30346672046965306,PBPF,cracker_scene1,40,old
1285,5.444003582000732,0.30346672046965306,PBPF,cracker_scene1,40,old
1286,5.449230194091797,0.30491187162188016,PBPF,cracker_scene1,40,old
1287,5.454667329788208,0.30491187162188016,PBPF,cracker_scene1,40,old
1288,5.46085524559021,0.3109283909683409,PBPF,cracker_scene1,40,old
1289,5.464937686920166,0.3109283909683409,PBPF,cracker_scene1,40,old
1290,5.469283819198608,0.3106182633593608,PBPF,cracker_scene1,40,old
1291,5.473381042480469,0.3106182633593608,PBPF,cracker_scene1,40,old
1292,5.477717161178589,0.3105886717425834,PBPF,cracker_scene1,40,old
1293,5.482172250747681,0.3105886717425834,PBPF,cracker_scene1,40,old
1294,5.486624479293823,0.3104695910676334,PBPF,cracker_scene1,40,old
1295,5.490780830383301,0.3104732821070506,PBPF,cracker_scene1,40,old
1296,5.495065212249756,0.31046139175743903,PBPF,cracker_scene1,40,old
1297,5.499451398849487,0.31088173626304805,PBPF,cracker_scene1,40,old
1298,5.503438711166382,0.31088173626304805,PBPF,cracker_scene1,40,old
1299,5.507526636123657,0.31088173626304805,PBPF,cracker_scene1,40,old
1300,5.511651277542114,0.3105265712129226,PBPF,cracker_scene1,40,old
1301,5.5156190395355225,0.3105265712129226,PBPF,cracker_scene1,40,old
1302,5.51972222328186,0.3100642924849426,PBPF,cracker_scene1,40,old
1303,5.523634672164917,0.3100642924849426,PBPF,cracker_scene1,40,old
1304,5.527733087539673,0.30965278700876286,PBPF,cracker_scene1,40,old
1305,5.531952142715454,0.30965278700876286,PBPF,cracker_scene1,40,old
1306,5.536212205886841,0.30965278700876286,PBPF,cracker_scene1,40,old
1307,5.540225267410278,0.308446446629576,PBPF,cracker_scene1,40,old
1308,5.544493913650513,0.3081456420125246,PBPF,cracker_scene1,40,old
1309,5.5487096309661865,0.3092329667964808,PBPF,cracker_scene1,40,old
1310,5.552872180938721,0.3092329667964808,PBPF,cracker_scene1,40,old
1311,5.557078838348389,0.3093065507118071,PBPF,cracker_scene1,40,old
1312,5.561089038848877,0.3090124245494943,PBPF,cracker_scene1,40,old
1313,5.565137624740601,0.3090124245494943,PBPF,cracker_scene1,40,old
1314,5.569617748260498,0.30885919621326163,PBPF,cracker_scene1,40,old
1315,5.5737144947052,0.30783938966911695,PBPF,cracker_scene1,40,old
1316,5.5779643058776855,0.30783938966911695,PBPF,cracker_scene1,40,old
1317,5.582112550735474,0.3088888000475123,PBPF,cracker_scene1,40,old
1318,5.586406946182251,0.3088888000475123,PBPF,cracker_scene1,40,old
1319,5.5906994342803955,0.3087390824052374,PBPF,cracker_scene1,40,old
1320,5.594668865203857,0.3087390824052374,PBPF,cracker_scene1,40,old
1321,5.598836660385132,0.3088522601374635,PBPF,cracker_scene1,40,old
1322,5.603335618972778,0.3086874614589181,PBPF,cracker_scene1,40,old
1323,5.607653617858887,0.307383601209259,PBPF,cracker_scene1,40,old
1324,5.612676620483398,0.3107007268396478,PBPF,cracker_scene1,40,old
1325,5.616842746734619,0.3107007268396478,PBPF,cracker_scene1,40,old
1326,5.621112108230591,0.3107431154014879,PBPF,cracker_scene1,40,old
1327,5.625092267990112,0.3107431154014879,PBPF,cracker_scene1,40,old
1328,5.629245042800903,0.3105836584917343,PBPF,cracker_scene1,40,old
1329,5.633303880691528,0.3105836584917343,PBPF,cracker_scene1,40,old
1330,5.637606382369995,0.31003026299595593,PBPF,cracker_scene1,40,old
1331,5.6415228843688965,0.31003026299595593,PBPF,cracker_scene1,40,old
1332,5.645556449890137,0.309997142426921,PBPF,cracker_scene1,40,old
1333,5.649722576141357,0.309997142426921,PBPF,cracker_scene1,40,old
1334,5.653905630111694,0.3107624139637917,PBPF,cracker_scene1,40,old
1335,5.658092260360718,0.3107624139637917,PBPF,cracker_scene1,40,old
1336,5.6622865200042725,0.3108119273390715,PBPF,cracker_scene1,40,old
1337,5.666410446166992,0.3108119273390715,PBPF,cracker_scene1,40,old
1338,5.670578241348267,0.30989849370361533,PBPF,cracker_scene1,40,old
1339,5.674602031707764,0.30989849370361533,PBPF,cracker_scene1,40,old
1340,5.678528547286987,0.31047539746591823,PBPF,cracker_scene1,40,old
1341,5.6827192306518555,0.30994344918548933,PBPF,cracker_scene1,40,old
1342,5.686924457550049,0.3098977562426928,PBPF,cracker_scene1,40,old
1343,5.690939426422119,0.3098977562426928,PBPF,cracker_scene1,40,old
1344,5.694976091384888,0.30998045228827475,PBPF,cracker_scene1,40,old
1345,5.699283838272095,0.30998045228827475,PBPF,cracker_scene1,40,old
1346,5.703408241271973,0.3092045040452964,PBPF,cracker_scene1,40,old
1347,5.707345724105835,0.3092045040452964,PBPF,cracker_scene1,40,old
1348,5.7113871574401855,0.30844206571988675,PBPF,cracker_scene1,40,old
1349,5.7153260707855225,0.30844206571988675,PBPF,cracker_scene1,40,old
1350,5.719385147094727,0.3094638774295575,PBPF,cracker_scene1,40,old
1351,5.723269939422607,0.3094638774295575,PBPF,cracker_scene1,40,old
1352,5.727295160293579,0.3082364421507,PBPF,cracker_scene1,40,old
1353,5.731339454650879,0.30854587524078436,PBPF,cracker_scene1,40,old
1354,5.7352917194366455,0.30854587524078436,PBPF,cracker_scene1,40,old
1355,5.7400195598602295,0.30853028886566225,PBPF,cracker_scene1,40,old
1356,5.743992328643799,0.3097036495705501,PBPF,cracker_scene1,40,old
1357,5.748352289199829,0.3095220532648453,PBPF,cracker_scene1,40,old
1358,5.752455472946167,0.30915129199727076,PBPF,cracker_scene1,40,old
1359,5.75670599937439,0.30915129199727076,PBPF,cracker_scene1,40,old
1360,5.760835886001587,0.30817493851017463,PBPF,cracker_scene1,40,old
1361,5.765037536621094,0.30817493851017463,PBPF,cracker_scene1,40,old
1362,5.769237995147705,0.307616834913393,PBPF,cracker_scene1,40,old
1363,5.7734315395355225,0.307616834913393,PBPF,cracker_scene1,40,old
1364,5.777731418609619,0.3096034268205434,PBPF,cracker_scene1,40,old
1365,5.781921625137329,0.3096034268205434,PBPF,cracker_scene1,40,old
1366,5.785963773727417,0.3094879728216178,PBPF,cracker_scene1,40,old
1367,5.790158748626709,0.3094879728216178,PBPF,cracker_scene1,40,old
1368,5.7941343784332275,0.3093876505427495,PBPF,cracker_scene1,40,old
1369,5.798328399658203,0.3093876505427495,PBPF,cracker_scene1,40,old
1370,5.802442789077759,0.3105087027130695,PBPF,cracker_scene1,40,old
1371,5.806523561477661,0.310781285366005,PBPF,cracker_scene1,40,old
1372,5.8107335567474365,0.3107375806838997,PBPF,cracker_scene1,40,old
1373,5.8148274421691895,0.3107375806838997,PBPF,cracker_scene1,40,old
1374,5.818908452987671,0.310719559952207,PBPF,cracker_scene1,40,old
1375,5.82295560836792,0.310719559952207,PBPF,cracker_scene1,40,old
1376,5.826861381530762,0.31058360234689175,PBPF,cracker_scene1,40,old
1377,5.8311381340026855,0.31020287785411504,PBPF,cracker_scene1,40,old
1378,5.835256099700928,0.31020287785411504,PBPF,cracker_scene1,40,old
1379,5.839502573013306,0.3095885959367566,PBPF,cracker_scene1,40,old
1380,5.8434672355651855,0.3095885959367566,PBPF,cracker_scene1,40,old
1381,5.847592353820801,0.3091304490136739,PBPF,cracker_scene1,40,old
1382,5.851791620254517,0.3091304490136739,PBPF,cracker_scene1,40,old
1383,5.856006860733032,0.3089804089836754,PBPF,cracker_scene1,40,old
1384,5.860110759735107,0.3089804089836754,PBPF,cracker_scene1,40,old
1385,5.86419939994812,0.3082432520654672,PBPF,cracker_scene1,40,old
1386,5.86862325668335,0.3094180390230168,PBPF,cracker_scene1,40,old
1387,5.872715473175049,0.3096958499200486,PBPF,cracker_scene1,40,old
1388,5.876763820648193,0.3096958499200486,PBPF,cracker_scene1,40,old
1389,5.880933046340942,0.3104127540225683,PBPF,cracker_scene1,40,old
1390,5.8850953578948975,0.3104127540225683,PBPF,cracker_scene1,40,old
1391,5.889236927032471,0.3091895842793404,PBPF,cracker_scene1,40,old
1392,5.893186807632446,0.3091895842793404,PBPF,cracker_scene1,40,old
1393,5.897599220275879,0.31027068312286676,PBPF,cracker_scene1,40,old
1394,5.901850938796997,0.31027068312286676,PBPF,cracker_scene1,40,old
1395,5.906072616577148,0.30978095323502775,PBPF,cracker_scene1,40,old
1396,5.910223484039307,0.30978095323502775,PBPF,cracker_scene1,40,old
1397,5.914407730102539,0.3088728124411295,PBPF,cracker_scene1,40,old
1398,5.918522357940674,0.3088728124411295,PBPF,cracker_scene1,40,old
1399,5.922760963439941,0.3093735750124731,PBPF,cracker_scene1,40,old
1400,5.92681097984314,0.3093735750124731,PBPF,cracker_scene1,40,old
1401,5.931155204772949,0.30879195429904094,PBPF,cracker_scene1,40,old
1402,5.935297012329102,0.30879195429904094,PBPF,cracker_scene1,40,old
1403,5.939685106277466,0.3149417811556017,PBPF,cracker_scene1,40,old
1404,5.943544626235962,0.3149417811556017,PBPF,cracker_scene1,40,old
1405,5.947525501251221,0.31507895650992523,PBPF,cracker_scene1,40,old
1406,5.951481819152832,0.31507895650992523,PBPF,cracker_scene1,40,old
1407,5.95531439781189,0.31507895650992523,PBPF,cracker_scene1,40,old
1408,5.959729433059692,0.31518145505298545,PBPF,cracker_scene1,40,old
1409,5.963759660720825,0.31518145505298545,PBPF,cracker_scene1,40,old
1410,5.968388795852661,0.315533031643942,PBPF,cracker_scene1,40,old
1411,5.972495079040527,0.315533031643942,PBPF,cracker_scene1,40,old
1412,5.976657867431641,0.31423872272456776,PBPF,cracker_scene1,40,old
1413,5.980788707733154,0.31423872272456776,PBPF,cracker_scene1,40,old
1414,5.98480486869812,0.31570091039333636,PBPF,cracker_scene1,40,old
1415,5.988962173461914,0.31570091039333636,PBPF,cracker_scene1,40,old
1416,5.993192911148071,0.31570806728964573,PBPF,cracker_scene1,40,old
1417,5.9972639083862305,0.31602082738223114,PBPF,cracker_scene1,40,old
1418,6.001565217971802,0.31602082738223114,PBPF,cracker_scene1,40,old
1419,6.005981206893921,0.31574882961812634,PBPF,cracker_scene1,40,old
1420,6.010298013687134,0.31558937081849336,PBPF,cracker_scene1,40,old
1421,6.014580965042114,0.31520465174932344,PBPF,cracker_scene1,40,old
1422,6.018801689147949,0.3151802781547506,PBPF,cracker_scene1,40,old
1423,6.0230841636657715,0.3149484675484997,PBPF,cracker_scene1,40,old
1424,6.027076959609985,0.3149484675484997,PBPF,cracker_scene1,40,old
1425,6.031267166137695,0.3145901116555523,PBPF,cracker_scene1,40,old
1426,6.035471200942993,0.3145901116555523,PBPF,cracker_scene1,40,old
1427,6.039560317993164,0.31486109251388594,PBPF,cracker_scene1,40,old
1428,6.043685436248779,0.313251285373946,PBPF,cracker_scene1,40,old
1429,6.048083543777466,0.313251285373946,PBPF,cracker_scene1,40,old
1430,6.052120923995972,0.31452140302624265,PBPF,cracker_scene1,40,old
1431,6.056368112564087,0.31452140302624265,PBPF,cracker_scene1,40,old
1432,6.060389757156372,0.3134259683880325,PBPF,cracker_scene1,40,old
1433,6.064680576324463,0.31339510242785984,PBPF,cracker_scene1,40,old
1434,6.0688087940216064,0.31482404896370664,PBPF,cracker_scene1,40,old
1435,6.073016881942749,0.31482404896370664,PBPF,cracker_scene1,40,old
1436,6.0769922733306885,0.3147691144709759,PBPF,cracker_scene1,40,old
1437,6.081314325332642,0.31424890905279756,PBPF,cracker_scene1,40,old
1438,6.085465908050537,0.3140707307950592,PBPF,cracker_scene1,40,old
1439,6.0895373821258545,0.3140707307950592,PBPF,cracker_scene1,40,old
1440,6.093597173690796,0.3140428424032162,PBPF,cracker_scene1,40,old
1441,6.097862243652344,0.3139294552489815,PBPF,cracker_scene1,40,old
1442,6.102226495742798,0.31112881287088145,PBPF,cracker_scene1,40,old
1443,6.106452703475952,0.3109185378184043,PBPF,cracker_scene1,40,old
1444,6.110475540161133,0.31043460289995883,PBPF,cracker_scene1,40,old
1445,6.114757299423218,0.31043460289995883,PBPF,cracker_scene1,40,old
1446,6.118762969970703,0.31043460289995883,PBPF,cracker_scene1,40,old
1447,6.123018503189087,0.3107049808941245,PBPF,cracker_scene1,40,old
1448,6.127090930938721,0.310844669388585,PBPF,cracker_scene1,40,old
1449,6.131357669830322,0.310844669388585,PBPF,cracker_scene1,40,old
1450,6.135339975357056,0.310844669388585,PBPF,cracker_scene1,40,old
1451,6.13966703414917,0.30946954874583743,PBPF,cracker_scene1,40,old
1452,6.143627643585205,0.309460181588798,PBPF,cracker_scene1,40,old
1453,6.147801399230957,0.30940942027153784,PBPF,cracker_scene1,40,old
1454,6.151852369308472,0.30940942027153784,PBPF,cracker_scene1,40,old
1455,6.1562416553497314,0.3098559818522295,PBPF,cracker_scene1,40,old
1456,6.1603240966796875,0.31056369830005365,PBPF,cracker_scene1,40,old
1457,6.164548397064209,0.3105668124333097,PBPF,cracker_scene1,40,old
1458,6.168618440628052,0.3105668124333097,PBPF,cracker_scene1,40,old
1459,6.172664165496826,0.31027828182978623,PBPF,cracker_scene1,40,old
1460,6.176597356796265,0.31027828182978623,PBPF,cracker_scene1,40,old
1461,6.180607318878174,0.31028800183461575,PBPF,cracker_scene1,40,old
1462,6.1844377517700195,0.31028800183461575,PBPF,cracker_scene1,40,old
1463,6.188558578491211,0.31024782696894126,PBPF,cracker_scene1,40,old
1464,6.192440509796143,0.31024782696894126,PBPF,cracker_scene1,40,old
1465,6.196570634841919,0.309078129418232,PBPF,cracker_scene1,40,old
1466,6.200650453567505,0.309078129418232,PBPF,cracker_scene1,40,old
1467,6.205126523971558,0.3091328370757754,PBPF,cracker_scene1,40,old
1468,6.20935583114624,0.3088908707016565,PBPF,cracker_scene1,40,old
1469,6.21344518661499,0.3100813487471458,PBPF,cracker_scene1,40,old
1470,6.217522621154785,0.3100813487471458,PBPF,cracker_scene1,40,old
1471,6.221914291381836,0.3098528708169993,PBPF,cracker_scene1,40,old
1472,6.2259132862091064,0.3098528708169993,PBPF,cracker_scene1,40,old
1473,6.230135679244995,0.3087563507736131,PBPF,cracker_scene1,40,old
1474,6.234260082244873,0.3087563507736131,PBPF,cracker_scene1,40,old
1475,6.238196849822998,0.30872595488957144,PBPF,cracker_scene1,40,old
1476,6.2423975467681885,0.3089940540207182,PBPF,cracker_scene1,40,old
1477,6.246599435806274,0.3098620817566247,PBPF,cracker_scene1,40,old
1478,6.250612735748291,0.3098620817566247,PBPF,cracker_scene1,40,old
1479,6.254885196685791,0.3095376757359556,PBPF,cracker_scene1,40,old
1480,6.259382486343384,0.3088432663495002,PBPF,cracker_scene1,40,old
1481,6.263616561889648,0.30798695788012864,PBPF,cracker_scene1,40,old
1482,6.2675700187683105,0.30798695788012864,PBPF,cracker_scene1,40,old
1483,6.271869897842407,0.3086646762522518,PBPF,cracker_scene1,40,old
1484,6.275868892669678,0.3086646762522518,PBPF,cracker_scene1,40,old
1485,6.280133485794067,0.30874204659850335,PBPF,cracker_scene1,40,old
1486,6.284223318099976,0.30874204659850335,PBPF,cracker_scene1,40,old
1487,6.288432359695435,0.3086600858793691,PBPF,cracker_scene1,40,old
1488,6.292604923248291,0.3086600858793691,PBPF,cracker_scene1,40,old
1489,6.2968878746032715,0.30739115284787655,PBPF,cracker_scene1,40,old
1490,6.30102014541626,0.30739115284787655,PBPF,cracker_scene1,40,old
1491,6.305249452590942,0.3073843128014895,PBPF,cracker_scene1,40,old
1492,6.309184551239014,0.3073843128014895,PBPF,cracker_scene1,40,old
1493,6.313481092453003,0.30722988069046764,PBPF,cracker_scene1,40,old
1494,6.317525148391724,0.30722988069046764,PBPF,cracker_scene1,40,old
1495,6.321751832962036,0.3077827450467865,PBPF,cracker_scene1,40,old
1496,6.325830936431885,0.3077827450467865,PBPF,cracker_scene1,40,old
1497,6.3302085399627686,0.30762813241872244,PBPF,cracker_scene1,40,old
1498,6.334235429763794,0.30762813241872244,PBPF,cracker_scene1,40,old
1499,6.338454723358154,0.3083073748538814,PBPF,cracker_scene1,40,old
1500,6.3423802852630615,0.3083073748538814,PBPF,cracker_scene1,40,old
1501,6.34700345993042,0.30797475993404433,PBPF,cracker_scene1,40,old
1502,6.3512513637542725,0.30797475993404433,PBPF,cracker_scene1,40,old
1503,6.355450630187988,0.308547580030778,PBPF,cracker_scene1,40,old
1504,6.359753370285034,0.308547580030778,PBPF,cracker_scene1,40,old
1505,6.364131927490234,0.3080950091245791,PBPF,cracker_scene1,40,old
1506,6.368484258651733,0.3080950091245791,PBPF,cracker_scene1,40,old
1507,6.37266731262207,0.30751810750012165,PBPF,cracker_scene1,40,old
1508,6.376947402954102,0.3074733077284817,PBPF,cracker_scene1,40,old
1509,6.381002426147461,0.3074733077284817,PBPF,cracker_scene1,40,old
1510,6.385054588317871,0.3074733077284817,PBPF,cracker_scene1,40,old
1511,6.389281272888184,0.307536442490564,PBPF,cracker_scene1,40,old
1512,6.393320322036743,0.307536442490564,PBPF,cracker_scene1,40,old
1513,6.397862195968628,0.30776189406263477,PBPF,cracker_scene1,40,old
1514,6.402244567871094,0.3066028691565661,PBPF,cracker_scene1,40,old
1515,6.406560897827148,0.3066028691565661,PBPF,cracker_scene1,40,old
1516,6.410736083984375,0.30781752770955784,PBPF,cracker_scene1,40,old
1517,6.415010690689087,0.30781752770955784,PBPF,cracker_scene1,40,old
1518,6.419237852096558,0.3079233837526898,PBPF,cracker_scene1,40,old
1519,6.423746347427368,0.30649084437051943,PBPF,cracker_scene1,40,old
1520,6.42793345451355,0.3061341346669719,PBPF,cracker_scene1,40,old
1521,6.432268142700195,0.30612665576306064,PBPF,cracker_scene1,40,old
1522,6.4365904331207275,0.3060948589072314,PBPF,cracker_scene1,40,old
1523,6.440938949584961,0.3060808218817952,PBPF,cracker_scene1,40,old
1524,6.445213556289673,0.30472156508723547,PBPF,cracker_scene1,40,old
1525,6.449404954910278,0.30472156508723547,PBPF,cracker_scene1,40,old
1526,6.453582763671875,0.3046388167582377,PBPF,cracker_scene1,40,old
1527,6.457760810852051,0.30595602870409255,PBPF,cracker_scene1,40,old
1528,6.4621007442474365,0.30593224038889755,PBPF,cracker_scene1,40,old
1529,6.466273546218872,0.30593224038889755,PBPF,cracker_scene1,40,old
1530,6.4705352783203125,0.30469896002624886,PBPF,cracker_scene1,40,old
1531,6.474593639373779,0.30469896002624886,PBPF,cracker_scene1,40,old
1532,6.4789228439331055,0.3057933571739859,PBPF,cracker_scene1,40,old
1533,6.483055830001831,0.3057933571739859,PBPF,cracker_scene1,40,old
1534,6.4873435497283936,0.30454942993384293,PBPF,cracker_scene1,40,old
1535,6.491448640823364,0.30454942993384293,PBPF,cracker_scene1,40,old
1536,6.495785713195801,0.3045915788882496,PBPF,cracker_scene1,40,old
1537,6.500011682510376,0.3045915788882496,PBPF,cracker_scene1,40,old
1538,6.504310369491577,0.30564450238458374,PBPF,cracker_scene1,40,old
1539,6.508403062820435,0.30564450238458374,PBPF,cracker_scene1,40,old
1540,6.512817144393921,0.30535791350739494,PBPF,cracker_scene1,40,old
1541,6.516873598098755,0.30535791350739494,PBPF,cracker_scene1,40,old
1542,6.521310806274414,0.305184464983161,PBPF,cracker_scene1,40,old
1543,6.525343179702759,0.305184464983161,PBPF,cracker_scene1,40,old
1544,6.529625415802002,0.30334943107654855,PBPF,cracker_scene1,40,old
1545,6.533822774887085,0.30334943107654855,PBPF,cracker_scene1,40,old
1546,6.538142442703247,0.30446399330184715,PBPF,cracker_scene1,40,old
1547,6.54227089881897,0.30446399330184715,PBPF,cracker_scene1,40,old
1548,6.5467095375061035,0.3047416318799705,PBPF,cracker_scene1,40,old
1549,6.55069899559021,0.3047416318799705,PBPF,cracker_scene1,40,old
1550,6.5549304485321045,0.3053395920909505,PBPF,cracker_scene1,40,old
1551,6.559025049209595,0.3053395920909505,PBPF,cracker_scene1,40,old
1552,6.5634331703186035,0.30517596768462507,PBPF,cracker_scene1,40,old
1553,6.56778621673584,0.30517596768462507,PBPF,cracker_scene1,40,old
1554,6.5723724365234375,0.30551331323356745,PBPF,cracker_scene1,40,old
1555,6.576456069946289,0.30551331323356745,PBPF,cracker_scene1,40,old
1556,6.581059455871582,0.3005413213054462,PBPF,cracker_scene1,40,old
1557,6.585196018218994,0.3005413213054462,PBPF,cracker_scene1,40,old
1558,6.589746475219727,0.3014393001100535,PBPF,cracker_scene1,40,old
1559,6.593864440917969,0.30150769589674997,PBPF,cracker_scene1,40,old
1560,6.598358869552612,0.3011198943664892,PBPF,cracker_scene1,40,old
1561,6.602973937988281,0.30107392909719977,PBPF,cracker_scene1,40,old
1562,6.606927871704102,0.3010734166281628,PBPF,cracker_scene1,40,old
1563,6.610980033874512,0.3010734166281628,PBPF,cracker_scene1,40,old
1564,6.615036964416504,0.29997567236147216,PBPF,cracker_scene1,40,old
1565,6.619115591049194,0.3002429288887116,PBPF,cracker_scene1,40,old
1566,6.623123407363892,0.3002429288887116,PBPF,cracker_scene1,40,old
1567,6.627030611038208,0.3002429288887116,PBPF,cracker_scene1,40,old
1568,6.631549596786499,0.3003042283300408,PBPF,cracker_scene1,40,old
1569,6.636125087738037,0.3015207126937405,PBPF,cracker_scene1,40,old
1570,6.640681266784668,0.3015207126937405,PBPF,cracker_scene1,40,old
1571,6.644852161407471,0.3002117906262223,PBPF,cracker_scene1,40,old
1572,6.649271726608276,0.3002117906262223,PBPF,cracker_scene1,40,old
1573,6.653591632843018,0.2998517484889627,PBPF,cracker_scene1,40,old
1574,6.657827138900757,0.29982070726137966,PBPF,cracker_scene1,40,old
1575,6.66227650642395,0.29982070726137966,PBPF,cracker_scene1,40,old
1576,6.666689157485962,0.29960943071951274,PBPF,cracker_scene1,40,old
1577,6.671115398406982,0.29960943071951274,PBPF,cracker_scene1,40,old
1578,6.675148010253906,0.29964685031807736,PBPF,cracker_scene1,40,old
1579,6.67935037612915,0.29964685031807736,PBPF,cracker_scene1,40,old
1580,6.683716058731079,0.2995105394202815,PBPF,cracker_scene1,40,old
1581,6.687860012054443,0.30021910423826625,PBPF,cracker_scene1,40,old
1582,6.69204568862915,0.30021910423826625,PBPF,cracker_scene1,40,old
1583,6.696243524551392,0.2995561555122386,PBPF,cracker_scene1,40,old
1584,6.700697660446167,0.29861953876067293,PBPF,cracker_scene1,40,old
1585,6.705033779144287,0.29861953876067293,PBPF,cracker_scene1,40,old
1586,6.709168434143066,0.29861953876067293,PBPF,cracker_scene1,40,old
1587,6.713540077209473,0.2983674688090483,PBPF,cracker_scene1,40,old
1588,6.71768856048584,0.2983674688090483,PBPF,cracker_scene1,40,old
1589,6.721929311752319,0.2981923395850794,PBPF,cracker_scene1,40,old
1590,6.7261271476745605,0.2981755987180632,PBPF,cracker_scene1,40,old
1591,6.730485916137695,0.2986755162421364,PBPF,cracker_scene1,40,old
1592,6.734666347503662,0.2986755162421364,PBPF,cracker_scene1,40,old
1593,6.739121198654175,0.2980135671450723,PBPF,cracker_scene1,40,old
1594,6.743544101715088,0.2993490324059085,PBPF,cracker_scene1,40,old
1595,6.747819900512695,0.3000296857527589,PBPF,cracker_scene1,40,old
1596,6.7519073486328125,0.3000296857527589,PBPF,cracker_scene1,40,old
1597,6.756221771240234,0.30077347332064974,PBPF,cracker_scene1,40,old
1598,6.7604827880859375,0.30077347332064974,PBPF,cracker_scene1,40,old
1599,6.764819145202637,0.3002484825920675,PBPF,cracker_scene1,40,old
1600,6.76898980140686,0.3002484825920675,PBPF,cracker_scene1,40,old
1601,6.773182153701782,0.3004782689478196,PBPF,cracker_scene1,40,old
1602,6.7773520946502686,0.3004782689478196,PBPF,cracker_scene1,40,old
1603,6.781549692153931,0.3004451240766137,PBPF,cracker_scene1,40,old
1604,6.7857770919799805,0.3005174686786365,PBPF,cracker_scene1,40,old
1605,6.790062665939331,0.30047774468736765,PBPF,cracker_scene1,40,old
1606,6.794294357299805,0.3004113845631453,PBPF,cracker_scene1,40,old
1607,6.798308849334717,0.3004113845631453,PBPF,cracker_scene1,40,old
1608,6.802975416183472,0.3009584040317028,PBPF,cracker_scene1,40,old
1609,6.80743408203125,0.30049520075374136,PBPF,cracker_scene1,40,old
1610,6.8119237422943115,0.29877242448236796,PBPF,cracker_scene1,40,old
1611,6.816210746765137,0.29877242448236796,PBPF,cracker_scene1,40,old
1612,6.820399284362793,0.2996769095272587,PBPF,cracker_scene1,40,old
1613,6.824578046798706,0.2996769095272587,PBPF,cracker_scene1,40,old
1614,6.828893423080444,0.29938486149349597,PBPF,cracker_scene1,40,old
1615,6.833203077316284,0.29938486149349597,PBPF,cracker_scene1,40,old
1616,6.837512493133545,0.29954714432569496,PBPF,cracker_scene1,40,old
1617,6.841654300689697,0.29954714432569496,PBPF,cracker_scene1,40,old
1618,6.84602165222168,0.3000960633278895,PBPF,cracker_scene1,40,old
1619,6.850091457366943,0.3000960633278895,PBPF,cracker_scene1,40,old
1620,6.854383945465088,0.3000803163591188,PBPF,cracker_scene1,40,old
1621,6.858575105667114,0.3000803163591188,PBPF,cracker_scene1,40,old
1622,6.8629302978515625,0.2997657372514331,PBPF,cracker_scene1,40,old
1623,6.867127895355225,0.2997657372514331,PBPF,cracker_scene1,40,old
1624,6.871551036834717,0.29941190173293375,PBPF,cracker_scene1,40,old
1625,6.875762701034546,0.29941190173293375,PBPF,cracker_scene1,40,old
1626,6.88020920753479,0.29815575962134666,PBPF,cracker_scene1,40,old
1627,6.8842058181762695,0.29815575962134666,PBPF,cracker_scene1,40,old
1628,6.888642311096191,0.29909703611156147,PBPF,cracker_scene1,40,old
1629,6.8927223682403564,0.29909703611156147,PBPF,cracker_scene1,40,old
1630,6.8972086906433105,0.2983096487145236,PBPF,cracker_scene1,40,old
1631,6.901527166366577,0.2968901177543577,PBPF,cracker_scene1,40,old
1632,6.905863285064697,0.29727632489773637,PBPF,cracker_scene1,40,old
1633,6.910134792327881,0.29727632489773637,PBPF,cracker_scene1,40,old
1634,6.914520025253296,0.2984448282987584,PBPF,cracker_scene1,40,old
1635,6.918562889099121,0.2984448282987584,PBPF,cracker_scene1,40,old
1636,6.922893762588501,0.2982269608199335,PBPF,cracker_scene1,40,old
1637,6.926976442337036,0.2982269608199335,PBPF,cracker_scene1,40,old
1638,6.931273460388184,0.2964989640693654,PBPF,cracker_scene1,40,old
1639,6.935561180114746,0.2977324534662298,PBPF,cracker_scene1,40,old
1640,6.939903974533081,0.2977679051423472,PBPF,cracker_scene1,40,old
1641,6.944109916687012,0.29632158906554906,PBPF,cracker_scene1,40,old
1642,6.948344707489014,0.29632158906554906,PBPF,cracker_scene1,40,old
1643,6.952619791030884,0.2974370763931642,PBPF,cracker_scene1,40,old
1644,6.9570088386535645,0.2974370763931642,PBPF,cracker_scene1,40,old
1645,6.961193799972534,0.29770379274555747,PBPF,cracker_scene1,40,old
1646,6.965511322021484,0.29770379274555747,PBPF,cracker_scene1,40,old
1647,6.969742298126221,0.29713513376045775,PBPF,cracker_scene1,40,old
1648,6.974026918411255,0.29713513376045775,PBPF,cracker_scene1,40,old
1649,6.978267669677734,0.29761183832199833,PBPF,cracker_scene1,40,old
1650,6.9823384284973145,0.29761183832199833,PBPF,cracker_scene1,40,old
1651,6.9867236614227295,0.2977526245744002,PBPF,cracker_scene1,40,old
1652,6.990964889526367,0.2977526245744002,PBPF,cracker_scene1,40,old
1653,6.995314598083496,0.2965163898959835,PBPF,cracker_scene1,40,old
1654,6.999606609344482,0.2965163898959835,PBPF,cracker_scene1,40,old
1655,7.003943681716919,0.2980563987496998,PBPF,cracker_scene1,40,old
1656,7.008148431777954,0.2980563987496998,PBPF,cracker_scene1,40,old
1657,7.012420654296875,0.2976252113754718,PBPF,cracker_scene1,40,old
1658,7.016631603240967,0.2976252113754718,PBPF,cracker_scene1,40,old
1659,7.020932674407959,0.29744863680987876,PBPF,cracker_scene1,40,old
1660,7.025036573410034,0.29744863680987876,PBPF,cracker_scene1,40,old
1661,7.029448509216309,0.2969803417987462,PBPF,cracker_scene1,40,old
1662,7.0338051319122314,0.2969803417987462,PBPF,cracker_scene1,40,old
1663,7.038045406341553,0.29660476568606686,PBPF,cracker_scene1,40,old
1664,7.042036294937134,0.29660476568606686,PBPF,cracker_scene1,40,old
1665,7.04604959487915,0.29660476568606686,PBPF,cracker_scene1,40,old
1666,7.050587892532349,0.2970615178369185,PBPF,cracker_scene1,40,old
1667,7.0547919273376465,0.2971870354261279,PBPF,cracker_scene1,40,old
1668,7.0587499141693115,0.2971870354261279,PBPF,cracker_scene1,40,old
1669,7.06293511390686,0.297265241220817,PBPF,cracker_scene1,40,old
1670,7.067011833190918,0.297265241220817,PBPF,cracker_scene1,40,old
1671,7.071605920791626,0.29775124711002743,PBPF,cracker_scene1,40,old
1672,7.075745344161987,0.29775124711002743,PBPF,cracker_scene1,40,old
1673,7.080181360244751,0.29894337924125836,PBPF,cracker_scene1,40,old
1674,7.084269762039185,0.29894337924125836,PBPF,cracker_scene1,40,old
1675,7.088414669036865,0.2987744550518139,PBPF,cracker_scene1,40,old
1676,7.092513799667358,0.2987744550518139,PBPF,cracker_scene1,40,old
1677,7.096902370452881,0.2983215935844612,PBPF,cracker_scene1,40,old
1678,7.101137399673462,0.2983215935844612,PBPF,cracker_scene1,40,old
1679,7.105562210083008,0.2982531534243682,PBPF,cracker_scene1,40,old
1680,7.1097729206085205,0.2982531534243682,PBPF,cracker_scene1,40,old
1681,7.113923788070679,0.29735381023438023,PBPF,cracker_scene1,40,old
1682,7.118197917938232,0.29735381023438023,PBPF,cracker_scene1,40,old
1683,7.122517347335815,0.29770046839331776,PBPF,cracker_scene1,40,old
1684,7.1268470287323,0.29770046839331776,PBPF,cracker_scene1,40,old
1685,7.130967378616333,0.29770046839331776,PBPF,cracker_scene1,40,old
1686,7.13532018661499,0.2977032238718653,PBPF,cracker_scene1,40,old
1687,7.139477014541626,0.2977032238718653,PBPF,cracker_scene1,40,old
1688,7.143934488296509,0.2972901299597863,PBPF,cracker_scene1,40,old
1689,7.148103475570679,0.2972901299597863,PBPF,cracker_scene1,40,old
1690,7.1523613929748535,0.2976053628751174,PBPF,cracker_scene1,40,old
1691,7.156651973724365,0.2976053628751174,PBPF,cracker_scene1,40,old
1692,7.16081690788269,0.2973573647885397,PBPF,cracker_scene1,40,old
1693,7.165078639984131,0.2973573647885397,PBPF,cracker_scene1,40,old
1694,7.169369697570801,0.2981520224918288,PBPF,cracker_scene1,40,old
1695,7.173646450042725,0.2981520224918288,PBPF,cracker_scene1,40,old
1696,7.177992105484009,0.29728327347154515,PBPF,cracker_scene1,40,old
1697,7.182196378707886,0.2973395410757602,PBPF,cracker_scene1,40,old
1698,7.186422109603882,0.29782605143005547,PBPF,cracker_scene1,40,old
1699,7.1906819343566895,0.29782605143005547,PBPF,cracker_scene1,40,old
1700,7.1950154304504395,0.2982991088722038,PBPF,cracker_scene1,40,old
1701,7.199227809906006,0.2982991088722038,PBPF,cracker_scene1,40,old
1702,7.203505992889404,0.2983611141897464,PBPF,cracker_scene1,40,old
1703,7.208020448684692,0.2982365685880888,PBPF,cracker_scene1,40,old
1704,7.212663650512695,0.2969550994726288,PBPF,cracker_scene1,40,old
1705,7.216742515563965,0.2969550994726288,PBPF,cracker_scene1,40,old
1706,7.220972537994385,0.2972581187198125,PBPF,cracker_scene1,40,old
1707,7.224964618682861,0.2972581187198125,PBPF,cracker_scene1,40,old
1708,7.229017734527588,0.29712427578808126,PBPF,cracker_scene1,40,old
1709,7.232976913452148,0.29712427578808126,PBPF,cracker_scene1,40,old
1710,7.237327575683594,0.29689800820564577,PBPF,cracker_scene1,40,old
1711,7.241596460342407,0.29689800820564577,PBPF,cracker_scene1,40,old
1712,7.246164560317993,0.29647488016989904,PBPF,cracker_scene1,40,old
1713,7.250174283981323,0.29647488016989904,PBPF,cracker_scene1,40,old
1714,7.254570007324219,0.2973494797826644,PBPF,cracker_scene1,40,old
1715,7.258702039718628,0.2973494797826644,PBPF,cracker_scene1,40,old
1716,7.263206243515015,0.29753597731653686,PBPF,cracker_scene1,40,old
1717,7.2674500942230225,0.29753597731653686,PBPF,cracker_scene1,40,old
1718,7.271613121032715,0.2967718087924469,PBPF,cracker_scene1,40,old
1719,7.275664329528809,0.2967718087924469,PBPF,cracker_scene1,40,old
1720,7.279822587966919,0.2967432374604759,PBPF,cracker_scene1,40,old
1721,7.283835172653198,0.2967432374604759,PBPF,cracker_scene1,40,old
1722,7.287883281707764,0.2967432374604759,PBPF,cracker_scene1,40,old
1723,7.291908264160156,0.29600741440470674,PBPF,cracker_scene1,40,old
1724,7.296464443206787,0.2957580599957914,PBPF,cracker_scene1,40,old
1725,7.30063009262085,0.2957580599957914,PBPF,cracker_scene1,40,old
1726,7.304996728897095,0.29682178592992503,PBPF,cracker_scene1,40,old
1727,7.30908989906311,0.29682178592992503,PBPF,cracker_scene1,40,old
1728,7.313491106033325,0.2961383933061689,PBPF,cracker_scene1,40,old
1729,7.3176820278167725,0.2961383933061689,PBPF,cracker_scene1,40,old
1730,7.322022199630737,0.2966804878318576,PBPF,cracker_scene1,40,old
1731,7.326108694076538,0.2966804878318576,PBPF,cracker_scene1,40,old
1732,7.330542087554932,0.2967770347981286,PBPF,cracker_scene1,40,old
1733,7.334796905517578,0.2967770347981286,PBPF,cracker_scene1,40,old
1734,7.339128255844116,0.29666727444288105,PBPF,cracker_scene1,40,old
1735,7.3432395458221436,0.29666727444288105,PBPF,cracker_scene1,40,old
1736,7.347685098648071,0.29576874997913005,PBPF,cracker_scene1,40,old
1737,7.351851463317871,0.29576874997913005,PBPF,cracker_scene1,40,old
1738,7.356255292892456,0.29694455967083955,PBPF,cracker_scene1,40,old
1739,7.360366582870483,0.2969354405837264,PBPF,cracker_scene1,40,old
1740,7.364689111709595,0.2968168904756364,PBPF,cracker_scene1,40,old
1741,7.36901593208313,0.29568900810138665,PBPF,cracker_scene1,40,old
1742,7.3735411167144775,0.304448181939347,PBPF,cracker_scene1,40,old
1743,7.377800226211548,0.3054890445831626,PBPF,cracker_scene1,40,old
1744,7.38208794593811,0.3054890445831626,PBPF,cracker_scene1,40,old
1745,7.386327505111694,0.3054725359996988,PBPF,cracker_scene1,40,old
1746,7.390592336654663,0.3054725359996988,PBPF,cracker_scene1,40,old
1747,7.39480996131897,0.30534759753923346,PBPF,cracker_scene1,40,old
1748,7.399097919464111,0.30534759753923346,PBPF,cracker_scene1,40,old
1749,7.403447389602661,0.3052880670948941,PBPF,cracker_scene1,40,old
1750,7.407626152038574,0.3052880670948941,PBPF,cracker_scene1,40,old
1751,7.411862134933472,0.30496425181377074,PBPF,cracker_scene1,40,old
1752,7.415986776351929,0.30496425181377074,PBPF,cracker_scene1,40,old
1753,7.420369386672974,0.3048453976967549,PBPF,cracker_scene1,40,old
1754,7.424692392349243,0.30484405096596046,PBPF,cracker_scene1,40,old
1755,7.429073333740234,0.30475777230632417,PBPF,cracker_scene1,40,old
1756,7.433178186416626,0.30475777230632417,PBPF,cracker_scene1,40,old
1757,7.437427282333374,0.3037794965378122,PBPF,cracker_scene1,40,old
1758,7.4415600299835205,0.3037794965378122,PBPF,cracker_scene1,40,old
1759,7.445959091186523,0.30382866234784967,PBPF,cracker_scene1,40,old
1760,7.450089454650879,0.30382866234784967,PBPF,cracker_scene1,40,old
1761,7.454393625259399,0.3049396213961266,PBPF,cracker_scene1,40,old
1762,7.458530902862549,0.3049396213961266,PBPF,cracker_scene1,40,old
1763,7.462841272354126,0.30499878966570027,PBPF,cracker_scene1,40,old
1764,7.467195987701416,0.30499878966570027,PBPF,cracker_scene1,40,old
1765,7.471324682235718,0.30498680407913525,PBPF,cracker_scene1,40,old
1766,7.475314617156982,0.30498680407913525,PBPF,cracker_scene1,40,old
1767,7.479453086853027,0.30442156845507107,PBPF,cracker_scene1,40,old
1768,7.48343825340271,0.30442156845507107,PBPF,cracker_scene1,40,old
1769,7.487640142440796,0.30498157354785604,PBPF,cracker_scene1,40,old
1770,7.491610527038574,0.30498157354785604,PBPF,cracker_scene1,40,old
1771,7.496177434921265,0.3049707289800425,PBPF,cracker_scene1,40,old
1772,7.500382423400879,0.3049707289800425,PBPF,cracker_scene1,40,old
1773,7.504744529724121,0.3037458486190898,PBPF,cracker_scene1,40,old
1774,7.508898735046387,0.3037458486190898,PBPF,cracker_scene1,40,old
1775,7.51321268081665,0.3049477255703472,PBPF,cracker_scene1,40,old
1776,7.517417669296265,0.3049477255703472,PBPF,cracker_scene1,40,old
1777,7.52182936668396,0.3048584645109855,PBPF,cracker_scene1,40,old
1778,7.5259504318237305,0.3048584645109855,PBPF,cracker_scene1,40,old
1779,7.530247211456299,0.3038239743769724,PBPF,cracker_scene1,40,old
1780,7.534257888793945,0.3038239743769724,PBPF,cracker_scene1,40,old
1781,7.538639307022095,0.3049900457226853,PBPF,cracker_scene1,40,old
1782,7.542773008346558,0.3049900457226853,PBPF,cracker_scene1,40,old
1783,7.547202825546265,0.30502414599375527,PBPF,cracker_scene1,40,old
1784,7.551356792449951,0.3049557985469642,PBPF,cracker_scene1,40,old
1785,7.555660247802734,0.30498794183614564,PBPF,cracker_scene1,40,old
1786,7.559815883636475,0.30498794183614564,PBPF,cracker_scene1,40,old
1787,7.564178943634033,0.3049405117331334,PBPF,cracker_scene1,40,old
1788,7.568343639373779,0.3049405117331334,PBPF,cracker_scene1,40,old
1789,7.572641372680664,0.3037749777396179,PBPF,cracker_scene1,40,old
1790,7.576852798461914,0.3037749777396179,PBPF,cracker_scene1,40,old
1791,7.581193208694458,0.3049670298457663,PBPF,cracker_scene1,40,old
1792,7.585384130477905,0.3049117502908185,PBPF,cracker_scene1,40,old
1793,7.589631080627441,0.30496045343732536,PBPF,cracker_scene1,40,old
1794,7.593785047531128,0.3038492209203367,PBPF,cracker_scene1,40,old
1795,7.598113059997559,0.3038492209203367,PBPF,cracker_scene1,40,old
1796,7.602251768112183,0.3037807443585532,PBPF,cracker_scene1,40,old
1797,7.606597661972046,0.3037807443585532,PBPF,cracker_scene1,40,old
1798,7.610727787017822,0.3038369589496339,PBPF,cracker_scene1,40,old
1799,7.614994764328003,0.3038369589496339,PBPF,cracker_scene1,40,old
1800,7.6192662715911865,0.3049488620723073,PBPF,cracker_scene1,40,old
1801,7.623595237731934,0.3049488620723073,PBPF,cracker_scene1,40,old
1802,7.6280646324157715,0.3049929193922578,PBPF,cracker_scene1,40,old
1803,7.632331132888794,0.3049929193922578,PBPF,cracker_scene1,40,old
1804,7.636594772338867,0.30499263368226526,PBPF,cracker_scene1,40,old
1805,7.640838384628296,0.30499263368226526,PBPF,cracker_scene1,40,old
1806,7.645190954208374,0.3050512137475154,PBPF,cracker_scene1,40,old
1807,7.64955997467041,0.30510512165550363,PBPF,cracker_scene1,40,old
1808,7.653870105743408,0.3043804379445225,PBPF,cracker_scene1,40,old
1809,7.658167362213135,0.3043804379445225,PBPF,cracker_scene1,40,old
1810,7.662559270858765,0.3050438950801544,PBPF,cracker_scene1,40,old
1811,7.666923522949219,0.3050438950801544,PBPF,cracker_scene1,40,old
1812,7.671290159225464,0.3038377555517249,PBPF,cracker_scene1,40,old
1813,7.675295829772949,0.3038377555517249,PBPF,cracker_scene1,40,old
1814,7.6796369552612305,0.30384001800042704,PBPF,cracker_scene1,40,old
1815,7.683607816696167,0.30384001800042704,PBPF,cracker_scene1,40,old
1816,7.687968730926514,0.3049016173263661,PBPF,cracker_scene1,40,old
1817,7.69239616394043,0.3049016173263661,PBPF,cracker_scene1,40,old
1818,7.696932077407837,0.30501028801436014,PBPF,cracker_scene1,40,old
1819,7.701201677322388,0.30501028801436014,PBPF,cracker_scene1,40,old
1820,7.7056028842926025,0.30508041895571747,PBPF,cracker_scene1,40,old
1821,7.709857702255249,0.3050867026384765,PBPF,cracker_scene1,40,old
1822,7.714196443557739,0.30502845464812456,PBPF,cracker_scene1,40,old
1823,7.718273401260376,0.30502845464812456,PBPF,cracker_scene1,40,old
1824,7.722778797149658,0.30498018939069027,PBPF,cracker_scene1,40,old
1825,7.726849555969238,0.30498018939069027,PBPF,cracker_scene1,40,old
1826,7.730875492095947,0.30510565042637516,PBPF,cracker_scene1,40,old
1827,7.735305309295654,0.30437985161806136,PBPF,cracker_scene1,40,old
1828,7.739819288253784,0.3044172231844957,PBPF,cracker_scene1,40,old
1829,7.744058847427368,0.30383414899123107,PBPF,cracker_scene1,40,old
1830,7.748355865478516,0.30383414899123107,PBPF,cracker_scene1,40,old
1831,7.7525646686553955,0.3043678191644492,PBPF,cracker_scene1,40,old
1832,7.756994724273682,0.3043678191644492,PBPF,cracker_scene1,40,old
1833,7.7611963748931885,0.3048867762692842,PBPF,cracker_scene1,40,old
1834,7.76543927192688,0.3048867762692842,PBPF,cracker_scene1,40,old
1835,7.769863843917847,0.3049664322046608,PBPF,cracker_scene1,40,old
1836,7.774116277694702,0.3050434377227944,PBPF,cracker_scene1,40,old
1837,7.778519868850708,0.30504100666583955,PBPF,cracker_scene1,40,old
1838,7.7826642990112305,0.30504100666583955,PBPF,cracker_scene1,40,old
1839,7.7868547439575195,0.30521142496093656,PBPF,cracker_scene1,40,old
1840,7.791049003601074,0.30521142496093656,PBPF,cracker_scene1,40,old
1841,7.795264005661011,0.30563767282364296,PBPF,cracker_scene1,40,old
1842,7.799419641494751,0.30563767282364296,PBPF,cracker_scene1,40,old
1843,7.803574800491333,0.30495908218315115,PBPF,cracker_scene1,40,old
1844,7.807717800140381,0.30495908218315115,PBPF,cracker_scene1,40,old
1845,7.811849117279053,0.30491617315328057,PBPF,cracker_scene1,40,old
1846,7.815971851348877,0.30491617315328057,PBPF,cracker_scene1,40,old
1847,7.820308685302734,0.30557473895609544,PBPF,cracker_scene1,40,old
1848,7.824639558792114,0.30557473895609544,PBPF,cracker_scene1,40,old
1849,7.828970193862915,0.30589125733112255,PBPF,cracker_scene1,40,old
1850,7.833122730255127,0.30589125733112255,PBPF,cracker_scene1,40,old
1851,7.837474822998047,0.30573578708489624,PBPF,cracker_scene1,40,old
1852,7.841546058654785,0.30573578708489624,PBPF,cracker_scene1,40,old
1853,7.845467805862427,0.30573578708489624,PBPF,cracker_scene1,40,old
1854,7.849788427352905,0.30523799496573467,PBPF,cracker_scene1,40,old
1855,7.8539512157440186,0.30523799496573467,PBPF,cracker_scene1,40,old
1856,7.858138084411621,0.3048832404728259,PBPF,cracker_scene1,40,old
1857,7.862444162368774,0.3048832404728259,PBPF,cracker_scene1,40,old
1858,7.866811037063599,0.3050999883347991,PBPF,cracker_scene1,40,old
1859,7.870891809463501,0.3050999883347991,PBPF,cracker_scene1,40,old
1860,7.87496280670166,0.3049921170454164,PBPF,cracker_scene1,40,old
1861,7.879071474075317,0.30476978885586536,PBPF,cracker_scene1,40,old
1862,7.883095026016235,0.30476978885586536,PBPF,cracker_scene1,40,old
1863,7.887206554412842,0.30465094908319834,PBPF,cracker_scene1,40,old
1864,7.891583442687988,0.30465094908319834,PBPF,cracker_scene1,40,old
1865,7.89567494392395,0.3047468338629926,PBPF,cracker_scene1,40,old
1866,7.900031805038452,0.3047877351083219,PBPF,cracker_scene1,40,old
1867,7.904357194900513,0.30469815688218915,PBPF,cracker_scene1,40,old
1868,7.908618927001953,0.30469815688218915,PBPF,cracker_scene1,40,old
1869,7.912845611572266,0.30414712825492973,PBPF,cracker_scene1,40,old
1870,7.917087554931641,0.30414712825492973,PBPF,cracker_scene1,40,old
1871,7.921246767044067,0.3040915244165614,PBPF,cracker_scene1,40,old
1872,7.925527334213257,0.3040915244165614,PBPF,cracker_scene1,40,old
1873,7.929710626602173,0.3028839105706922,PBPF,cracker_scene1,40,old
1874,7.934087514877319,0.3028839105706922,PBPF,cracker_scene1,40,old
1875,7.938243627548218,0.3028839105706922,PBPF,cracker_scene1,40,old
1876,7.94262170791626,0.30400293895385566,PBPF,cracker_scene1,40,old
1877,7.946871280670166,0.3037906255007723,PBPF,cracker_scene1,40,old
1878,7.951008558273315,0.3037906255007723,PBPF,cracker_scene1,40,old
1879,7.955370187759399,0.3037906255007723,PBPF,cracker_scene1,40,old
1880,7.959682464599609,0.304272167986551,PBPF,cracker_scene1,40,old
1881,7.963690757751465,0.304272167986551,PBPF,cracker_scene1,40,old
1882,7.967936754226685,0.304272167986551,PBPF,cracker_scene1,40,old
1883,7.972029447555542,0.30330348594771817,PBPF,cracker_scene1,40,old
1884,7.976203203201294,0.30330348594771817,PBPF,cracker_scene1,40,old
1885,7.980541467666626,0.30271527608692583,PBPF,cracker_scene1,40,old
1886,7.984623908996582,0.30271527608692583,PBPF,cracker_scene1,40,old
1887,7.988674640655518,0.3024490823961248,PBPF,cracker_scene1,40,old
1888,7.992827415466309,0.3024490823961248,PBPF,cracker_scene1,40,old
1889,7.996901750564575,0.3024490823961248,PBPF,cracker_scene1,40,old
1890,8.00122332572937,0.30218181467598804,PBPF,cracker_scene1,40,old
1891,8.005470991134644,0.3033307268445924,PBPF,cracker_scene1,40,old
1892,8.00989317893982,0.3034608968074659,PBPF,cracker_scene1,40,old
1893,8.014389038085938,0.303619348223493,PBPF,cracker_scene1,40,old
1894,8.018975019454956,0.2993870114055752,PBPF,cracker_scene1,40,old
1895,8.023502349853516,0.3000399144647187,PBPF,cracker_scene1,40,old
1896,8.027807474136353,0.30013369765397824,PBPF,cracker_scene1,40,old
1897,8.0320463180542,0.30013369765397824,PBPF,cracker_scene1,40,old
1898,8.036109685897827,0.29885416320108665,PBPF,cracker_scene1,40,old
1899,8.040307998657227,0.29885416320108665,PBPF,cracker_scene1,40,old
1900,8.0445716381073,0.30006650483238073,PBPF,cracker_scene1,40,old
1901,8.048837184906006,0.299849867228687,PBPF,cracker_scene1,40,old
1902,8.053039789199829,0.299586472317162,PBPF,cracker_scene1,40,old
1903,8.057113647460938,0.299586472317162,PBPF,cracker_scene1,40,old
1904,8.06128740310669,0.2981530721732113,PBPF,cracker_scene1,40,old
1905,8.065635681152344,0.2981530721732113,PBPF,cracker_scene1,40,old
1906,8.069801568984985,0.29837937144089155,PBPF,cracker_scene1,40,old
1907,8.07400107383728,0.2990113337019709,PBPF,cracker_scene1,40,old
1908,8.078164100646973,0.29753614447526383,PBPF,cracker_scene1,40,old
1909,8.082353353500366,0.29753614447526383,PBPF,cracker_scene1,40,old
1910,8.086474418640137,0.2973413817710885,PBPF,cracker_scene1,40,old
1911,8.090621709823608,0.2973809459926862,PBPF,cracker_scene1,40,old
1912,8.094857215881348,0.2986227296257061,PBPF,cracker_scene1,40,old
1913,8.099135398864746,0.2986227296257061,PBPF,cracker_scene1,40,old
1914,8.10335397720337,0.29841742542572486,PBPF,cracker_scene1,40,old
1915,8.107243537902832,0.29841742542572486,PBPF,cracker_scene1,40,old
1916,8.11140751838684,0.29862389404539663,PBPF,cracker_scene1,40,old
1917,8.115329265594482,0.29862389404539663,PBPF,cracker_scene1,40,old
1918,8.119423151016235,0.29742617875263205,PBPF,cracker_scene1,40,old
1919,8.1235032081604,0.29697924834138845,PBPF,cracker_scene1,40,old
1920,8.127602338790894,0.29689760243690055,PBPF,cracker_scene1,40,old
1921,8.132225751876831,0.29689760243690055,PBPF,cracker_scene1,40,old
1922,8.136457681655884,0.2970716922810071,PBPF,cracker_scene1,40,old
1923,8.14067530632019,0.2970716922810071,PBPF,cracker_scene1,40,old
1924,8.144843339920044,0.2979594709164992,PBPF,cracker_scene1,40,old
1925,8.149001121520996,0.2979594709164992,PBPF,cracker_scene1,40,old
1926,8.153092622756958,0.29763890421124234,PBPF,cracker_scene1,40,old
1927,8.157300233840942,0.29763890421124234,PBPF,cracker_scene1,40,old
1928,8.161528587341309,0.29615590446176737,PBPF,cracker_scene1,40,old
1929,8.165820837020874,0.29615590446176737,PBPF,cracker_scene1,40,old
1930,8.169792175292969,0.29615590446176737,PBPF,cracker_scene1,40,old
1931,8.174113035202026,0.2967323197755517,PBPF,cracker_scene1,40,old
1932,8.178486108779907,0.2964122507956872,PBPF,cracker_scene1,40,old
1933,8.182964086532593,0.3022055004283104,PBPF,cracker_scene1,40,old
1934,8.187163591384888,0.30379727517703736,PBPF,cracker_scene1,40,old
1935,8.191295385360718,0.30379727517703736,PBPF,cracker_scene1,40,old
1936,8.195539712905884,0.3022203077556485,PBPF,cracker_scene1,40,old
1937,8.199796915054321,0.3022203077556485,PBPF,cracker_scene1,40,old
1938,8.203963994979858,0.3017924905807731,PBPF,cracker_scene1,40,old
1939,8.208012342453003,0.3017924905807731,PBPF,cracker_scene1,40,old
1940,8.212348699569702,0.30125062745523806,PBPF,cracker_scene1,40,old
1941,8.21648621559143,0.30246380461015,PBPF,cracker_scene1,40,old
1942,8.220667123794556,0.3010778002195822,PBPF,cracker_scene1,40,old
1943,8.224767208099365,0.3010778002195822,PBPF,cracker_scene1,40,old
1944,8.229087352752686,0.30227208332718397,PBPF,cracker_scene1,40,old
1945,8.233248710632324,0.30227208332718397,PBPF,cracker_scene1,40,old
1946,8.23745083808899,0.30205138981754304,PBPF,cracker_scene1,40,old
1947,8.241432189941406,0.30205138981754304,PBPF,cracker_scene1,40,old
1948,8.245311498641968,0.30205138981754304,PBPF,cracker_scene1,40,old
1949,8.249534845352173,0.30235173075725796,PBPF,cracker_scene1,40,old
1950,8.2551109790802,0.30114141993662913,PBPF,cracker_scene1,40,old
1951,8.259766101837158,0.30039516001052324,PBPF,cracker_scene1,40,old
1952,8.263945579528809,0.30039516001052324,PBPF,cracker_scene1,40,old
1953,8.268376111984253,0.30039516001052324,PBPF,cracker_scene1,40,old
1954,8.273015022277832,0.30150816290898524,PBPF,cracker_scene1,40,old
1955,8.277213096618652,0.30150816290898524,PBPF,cracker_scene1,40,old
1956,8.28161096572876,0.30130402014536356,PBPF,cracker_scene1,40,old
1957,8.286172866821289,0.30093093132134957,PBPF,cracker_scene1,40,old
1958,8.2903311252594,0.30093093132134957,PBPF,cracker_scene1,40,old
1959,8.294586896896362,0.30093093132134957,PBPF,cracker_scene1,40,old
1960,8.299232482910156,0.30066289045712014,PBPF,cracker_scene1,40,old
1961,8.30380654335022,0.300599569086181,PBPF,cracker_scene1,40,old
1962,8.307972192764282,0.30049278475743674,PBPF,cracker_scene1,40,old
1963,8.312369108200073,0.29982325674676685,PBPF,cracker_scene1,40,old
1964,8.316729307174683,0.29982325674676685,PBPF,cracker_scene1,40,old
1965,8.321077108383179,0.2988524989125174,PBPF,cracker_scene1,40,old
1966,8.325313091278076,0.2988524989125174,PBPF,cracker_scene1,40,old
1967,8.329810857772827,0.29960012873108194,PBPF,cracker_scene1,40,old
1968,8.33443284034729,0.29960012873108194,PBPF,cracker_scene1,40,old
1969,8.339176654815674,0.2994961399535741,PBPF,cracker_scene1,40,old
1970,8.343521118164062,0.3002111525651525,PBPF,cracker_scene1,40,old
1971,8.347819805145264,0.2996526763528893,PBPF,cracker_scene1,40,old
1972,8.352068662643433,0.2996526763528893,PBPF,cracker_scene1,40,old
1973,8.356246948242188,0.30065273011299976,PBPF,cracker_scene1,40,old
1974,8.360578536987305,0.30065273011299976,PBPF,cracker_scene1,40,old
1975,8.365044593811035,0.30055226025025217,PBPF,cracker_scene1,40,old
1976,8.369501113891602,0.30055226025025217,PBPF,cracker_scene1,40,old
1977,8.373730659484863,0.30046230840842547,PBPF,cracker_scene1,40,old
1978,8.378033876419067,0.30046230840842547,PBPF,cracker_scene1,40,old
1979,8.382105588912964,0.30046230840842547,PBPF,cracker_scene1,40,old
1980,8.386680603027344,0.30022350644169116,PBPF,cracker_scene1,40,old
1981,8.3909592628479,0.3001261158668296,PBPF,cracker_scene1,40,old
1982,8.395044326782227,0.3001261158668296,PBPF,cracker_scene1,40,old
1983,8.399489879608154,0.3001276841244991,PBPF,cracker_scene1,40,old
1984,8.404122114181519,0.29882070869380417,PBPF,cracker_scene1,40,old
1985,8.408719539642334,0.299678677251185,PBPF,cracker_scene1,40,old
1986,8.41333818435669,0.2995797270752858,PBPF,cracker_scene1,40,old
1987,8.41761565208435,0.2995797270752858,PBPF,cracker_scene1,40,old
1988,8.422029256820679,0.2982387155651507,PBPF,cracker_scene1,40,old
1989,8.426101684570312,0.2982387155651507,PBPF,cracker_scene1,40,old
1990,8.430430173873901,0.2993864756905076,PBPF,cracker_scene1,40,old
1991,8.434751749038696,0.2993864756905076,PBPF,cracker_scene1,40,old
1992,8.439224004745483,0.2980712131868879,PBPF,cracker_scene1,40,old
1993,8.443443298339844,0.2980712131868879,PBPF,cracker_scene1,40,old
1994,8.447876214981079,0.29903180675211516,PBPF,cracker_scene1,40,old
1995,8.452029943466187,0.29903180675211516,PBPF,cracker_scene1,40,old
1996,8.456570148468018,0.29790264479235606,PBPF,cracker_scene1,40,old
1997,8.460833311080933,0.2975956438449323,PBPF,cracker_scene1,40,old
1998,8.465301752090454,0.2975956438449323,PBPF,cracker_scene1,40,old
1999,8.469598770141602,0.29861451906682035,PBPF,cracker_scene1,40,old
2000,8.474045515060425,0.29861451906682035,PBPF,cracker_scene1,40,old
2001,8.47831654548645,0.29840470769994365,PBPF,cracker_scene1,40,old
2002,8.482534885406494,0.29840470769994365,PBPF,cracker_scene1,40,old
2003,8.486759662628174,0.2982165010716562,PBPF,cracker_scene1,40,old
2004,8.491117000579834,0.2982165010716562,PBPF,cracker_scene1,40,old
2005,8.495513439178467,0.2973612594651964,PBPF,cracker_scene1,40,old
2006,8.499932765960693,0.2973612594651964,PBPF,cracker_scene1,40,old
2007,8.504566192626953,0.2919653537242617,PBPF,cracker_scene1,40,old
2008,8.508759498596191,0.29198727537733404,PBPF,cracker_scene1,40,old
2009,8.513245820999146,0.29158151280387923,PBPF,cracker_scene1,40,old
2010,8.517290830612183,0.29158151280387923,PBPF,cracker_scene1,40,old
2011,8.521722316741943,0.29263025158848155,PBPF,cracker_scene1,40,old
2012,8.525806665420532,0.29263025158848155,PBPF,cracker_scene1,40,old
2013,8.530242681503296,0.29141260815451364,PBPF,cracker_scene1,40,old
2014,8.534743785858154,0.2924440692623076,PBPF,cracker_scene1,40,old
2015,8.53900671005249,0.29261768725098314,PBPF,cracker_scene1,40,old
2016,8.54315996170044,0.29261768725098314,PBPF,cracker_scene1,40,old
2017,8.547312498092651,0.29155913670793066,PBPF,cracker_scene1,40,old
2018,8.55144190788269,0.29155913670793066,PBPF,cracker_scene1,40,old
2019,8.555676221847534,0.2917843158561819,PBPF,cracker_scene1,40,old
2020,8.559776306152344,0.2917843158561819,PBPF,cracker_scene1,40,old
2021,8.56443452835083,0.29136642102104116,PBPF,cracker_scene1,40,old
2022,8.568841457366943,0.29248321169529845,PBPF,cracker_scene1,40,old
2023,8.573288679122925,0.2924721080845849,PBPF,cracker_scene1,40,old
2024,8.577477931976318,0.2923300076297277,PBPF,cracker_scene1,40,old
2025,8.581880569458008,0.2923300076297277,PBPF,cracker_scene1,40,old
2026,8.586111545562744,0.2912651791812131,PBPF,cracker_scene1,40,old
2027,8.590447902679443,0.2912651791812131,PBPF,cracker_scene1,40,old
2028,8.594772338867188,0.29237624502578896,PBPF,cracker_scene1,40,old
2029,8.599117517471313,0.29237624502578896,PBPF,cracker_scene1,40,old
2030,8.603622674942017,0.2917289368592231,PBPF,cracker_scene1,40,old
2031,8.607851505279541,0.2917289368592231,PBPF,cracker_scene1,40,old
2032,8.61227536201477,0.2923208420339778,PBPF,cracker_scene1,40,old
2033,8.616442680358887,0.2923208420339778,PBPF,cracker_scene1,40,old
2034,8.620572090148926,0.29115384659391985,PBPF,cracker_scene1,40,old
2035,8.624874353408813,0.29115384659391985,PBPF,cracker_scene1,40,old
2036,8.629603147506714,0.29203708664672945,PBPF,cracker_scene1,40,old
2037,8.633830785751343,0.29203708664672945,PBPF,cracker_scene1,40,old
2038,8.638273239135742,0.2921068075865989,PBPF,cracker_scene1,40,old
2039,8.642693996429443,0.2921068075865989,PBPF,cracker_scene1,40,old
2040,8.647200584411621,0.2911584072422624,PBPF,cracker_scene1,40,old
2041,8.651315212249756,0.2911584072422624,PBPF,cracker_scene1,40,old
2042,8.6558358669281,0.2909810831615429,PBPF,cracker_scene1,40,old
2043,8.660058736801147,0.2910265166009536,PBPF,cracker_scene1,40,old
2044,8.664700508117676,0.2890472864089695,PBPF,cracker_scene1,40,old
2045,8.669001340866089,0.28993001112048233,PBPF,cracker_scene1,40,old
2046,8.673412084579468,0.28993001112048233,PBPF,cracker_scene1,40,old
2047,8.677734375,0.28986745774508194,PBPF,cracker_scene1,40,old
2048,8.682103395462036,0.28986745774508194,PBPF,cracker_scene1,40,old
2049,8.686600685119629,0.28882420794061314,PBPF,cracker_scene1,40,old
2050,8.690829992294312,0.28882420794061314,PBPF,cracker_scene1,40,old
2051,8.695127248764038,0.29003401053350863,PBPF,cracker_scene1,40,old
2052,8.699286699295044,0.29003401053350863,PBPF,cracker_scene1,40,old
2053,8.703703880310059,0.2897399581699691,PBPF,cracker_scene1,40,old
2054,8.707902669906616,0.2897399581699691,PBPF,cracker_scene1,40,old
2055,8.712367057800293,0.288843608054707,PBPF,cracker_scene1,40,old
2056,8.716389656066895,0.288843608054707,PBPF,cracker_scene1,40,old
2057,8.720743179321289,0.2897877316524573,PBPF,cracker_scene1,40,old
2058,8.725082635879517,0.2897877316524573,PBPF,cracker_scene1,40,old
2059,8.7296781539917,0.288838458019848,PBPF,cracker_scene1,40,old
2060,8.733932733535767,0.288838458019848,PBPF,cracker_scene1,40,old
2061,8.73846697807312,0.28996795190881564,PBPF,cracker_scene1,40,old
2062,8.742605924606323,0.28996795190881564,PBPF,cracker_scene1,40,old
2063,8.747088193893433,0.2892215449414399,PBPF,cracker_scene1,40,old
2064,8.751296758651733,0.2890276043427962,PBPF,cracker_scene1,40,old
2065,8.755752325057983,0.2901311022406263,PBPF,cracker_scene1,40,old
2066,8.759881973266602,0.2901311022406263,PBPF,cracker_scene1,40,old
2067,8.76438570022583,0.2887525884969193,PBPF,cracker_scene1,40,old
2068,8.768805980682373,0.28896288225128863,PBPF,cracker_scene1,40,old
2069,8.772945404052734,0.28896288225128863,PBPF,cracker_scene1,40,old
2070,8.777113914489746,0.2901291187624082,PBPF,cracker_scene1,40,old
2071,8.781284809112549,0.2900261595218421,PBPF,cracker_scene1,40,old
2072,8.785575151443481,0.29036773345144073,PBPF,cracker_scene1,40,old
2073,8.789632081985474,0.29036773345144073,PBPF,cracker_scene1,40,old
2074,8.793826580047607,0.29039346855163917,PBPF,cracker_scene1,40,old
2075,8.798520565032959,0.29039589797055587,PBPF,cracker_scene1,40,old
2076,8.802918434143066,0.29053830930314906,PBPF,cracker_scene1,40,old
2077,8.807250738143921,0.29053830930314906,PBPF,cracker_scene1,40,old
2078,8.811625003814697,0.2909146883095204,PBPF,cracker_scene1,40,old
2079,8.815770149230957,0.2909146883095204,PBPF,cracker_scene1,40,old
2080,8.820041418075562,0.2902969316271502,PBPF,cracker_scene1,40,old
2081,8.824449300765991,0.2884807841407646,PBPF,cracker_scene1,40,old
2082,8.828787803649902,0.2885929841453745,PBPF,cracker_scene1,40,old
2083,8.833027839660645,0.2885929841453745,PBPF,cracker_scene1,40,old
2084,8.837298154830933,0.28820656575175185,PBPF,cracker_scene1,40,old
2085,8.841356039047241,0.28820656575175185,PBPF,cracker_scene1,40,old
2086,8.845704555511475,0.2882979701896966,PBPF,cracker_scene1,40,old
2087,8.849743366241455,0.2882979701896966,PBPF,cracker_scene1,40,old
2088,8.853995323181152,0.2872321522698815,PBPF,cracker_scene1,40,old
2089,8.858255863189697,0.2872627859577559,PBPF,cracker_scene1,40,old
2090,8.86257290840149,0.2883361457200113,PBPF,cracker_scene1,40,old
2091,8.866751432418823,0.2883361457200113,PBPF,cracker_scene1,40,old
2092,8.87110710144043,0.28853297852012627,PBPF,cracker_scene1,40,old
2093,8.875300407409668,0.28853297852012627,PBPF,cracker_scene1,40,old
2094,8.879748582839966,0.28852432378618076,PBPF,cracker_scene1,40,old
2095,8.883818626403809,0.28852432378618076,PBPF,cracker_scene1,40,old
2096,8.888159036636353,0.2888285308284466,PBPF,cracker_scene1,40,old
2097,8.892210721969604,0.2888285308284466,PBPF,cracker_scene1,40,old
2098,8.896541357040405,0.28911047167533965,PBPF,cracker_scene1,40,old
2099,8.900635242462158,0.28911047167533965,PBPF,cracker_scene1,40,old
2100,8.905025959014893,0.2884342664377355,PBPF,cracker_scene1,40,old
2101,8.909332752227783,0.2884342664377355,PBPF,cracker_scene1,40,old
2102,8.913697957992554,0.2886289122848469,PBPF,cracker_scene1,40,old
2103,8.917913675308228,0.2886289122848469,PBPF,cracker_scene1,40,old
2104,8.92251968383789,0.28886289279943167,PBPF,cracker_scene1,40,old
2105,8.926732301712036,0.28886289279943167,PBPF,cracker_scene1,40,old
2106,8.931265115737915,0.28780187704850224,PBPF,cracker_scene1,40,old
2107,8.935490369796753,0.28780187704850224,PBPF,cracker_scene1,40,old
2108,8.94001054763794,0.2876627532224907,PBPF,cracker_scene1,40,old
2109,8.944303035736084,0.28814278387985404,PBPF,cracker_scene1,40,old
2110,8.948690414428711,0.28814278387985404,PBPF,cracker_scene1,40,old
2111,8.953035354614258,0.28793955799623827,PBPF,cracker_scene1,40,old
2112,8.9573073387146,0.28793955799623827,PBPF,cracker_scene1,40,old
2113,8.961532831192017,0.28794360155071796,PBPF,cracker_scene1,40,old
2114,8.965956926345825,0.28794360155071796,PBPF,cracker_scene1,40,old
2115,8.970542430877686,0.28730559586112087,PBPF,cracker_scene1,40,old
2116,8.97464656829834,0.28730559586112087,PBPF,cracker_scene1,40,old
2117,8.97899866104126,0.288000506893139,PBPF,cracker_scene1,40,old
2118,8.983277320861816,0.288000506893139,PBPF,cracker_scene1,40,old
2119,8.987629652023315,0.2869819808175937,PBPF,cracker_scene1,40,old
2120,8.9917631149292,0.2869819808175937,PBPF,cracker_scene1,40,old
2121,8.996253967285156,0.2870184820622098,PBPF,cracker_scene1,40,old
2122,9.000608205795288,0.2870184820622098,PBPF,cracker_scene1,40,old
2123,9.004958629608154,0.28857331006594406,PBPF,cracker_scene1,40,old
2124,9.008979320526123,0.28857331006594406,PBPF,cracker_scene1,40,old
2125,9.01329779624939,0.2876305699380614,PBPF,cracker_scene1,40,old
2126,9.017343997955322,0.2876305699380614,PBPF,cracker_scene1,40,old
2127,9.021603107452393,0.2884922600999203,PBPF,cracker_scene1,40,old
2128,9.025649070739746,0.2884922600999203,PBPF,cracker_scene1,40,old
2129,9.030744552612305,0.2880813478128461,PBPF,cracker_scene1,40,old
2130,9.035115003585815,0.2879782435839213,PBPF,cracker_scene1,40,old
2131,9.039463520050049,0.2879782435839213,PBPF,cracker_scene1,40,old
2132,9.043628454208374,0.2879782435839213,PBPF,cracker_scene1,40,old
2133,9.047900438308716,0.2870512780424216,PBPF,cracker_scene1,40,old
2134,9.05206298828125,0.2870512780424216,PBPF,cracker_scene1,40,old
2135,9.056644678115845,0.28778135049823117,PBPF,cracker_scene1,40,old
2136,9.061015129089355,0.28778135049823117,PBPF,cracker_scene1,40,old
2137,9.065353631973267,0.287170875053186,PBPF,cracker_scene1,40,old
2138,9.069806098937988,0.287170875053186,PBPF,cracker_scene1,40,old
2139,9.074171304702759,0.28672191382516343,PBPF,cracker_scene1,40,old
2140,9.078453779220581,0.28672191382516343,PBPF,cracker_scene1,40,old
2141,9.082571983337402,0.28672191382516343,PBPF,cracker_scene1,40,old
2142,9.08699631690979,0.2878190529253523,PBPF,cracker_scene1,40,old
2143,9.091407060623169,0.28669154698904814,PBPF,cracker_scene1,40,old
2144,9.095557451248169,0.28669154698904814,PBPF,cracker_scene1,40,old
2145,9.09993052482605,0.28779275980260116,PBPF,cracker_scene1,40,old
2146,9.104314088821411,0.28779275980260116,PBPF,cracker_scene1,40,old
2147,9.108620405197144,0.28657607611405417,PBPF,cracker_scene1,40,old
2148,9.112895250320435,0.28657607611405417,PBPF,cracker_scene1,40,old
2149,9.11721420288086,0.2864192742056882,PBPF,cracker_scene1,40,old
2150,9.121516704559326,0.2864192742056882,PBPF,cracker_scene1,40,old
2151,9.12575101852417,0.286944898773311,PBPF,cracker_scene1,40,old
2152,9.130298137664795,0.2869616926148708,PBPF,cracker_scene1,40,old
2153,9.134846925735474,0.2946994436276691,PBPF,cracker_scene1,40,old
2154,9.139221429824829,0.2946994436276691,PBPF,cracker_scene1,40,old
2155,9.143426179885864,0.2949704607359514,PBPF,cracker_scene1,40,old
2156,9.148004293441772,0.2949704607359514,PBPF,cracker_scene1,40,old
2157,9.152319431304932,0.2949827549401169,PBPF,cracker_scene1,40,old
2158,9.156761646270752,0.2946188212465791,PBPF,cracker_scene1,40,old
2159,9.161061763763428,0.2944300790164863,PBPF,cracker_scene1,40,old
2160,9.16560435295105,0.2944300790164863,PBPF,cracker_scene1,40,old
2161,9.170017719268799,0.29455925712607434,PBPF,cracker_scene1,40,old
2162,9.174379825592041,0.29455925712607434,PBPF,cracker_scene1,40,old
2163,9.17856502532959,0.29455925712607434,PBPF,cracker_scene1,40,old
2164,9.18300986289978,0.2945453181368784,PBPF,cracker_scene1,40,old
2165,9.18729305267334,0.2945453181368784,PBPF,cracker_scene1,40,old
2166,9.191707611083984,0.2930014061333228,PBPF,cracker_scene1,40,old
2167,9.196210145950317,0.29412246063003133,PBPF,cracker_scene1,40,old
2168,9.20060420036316,0.29377324937544513,PBPF,cracker_scene1,40,old
2169,9.204758405685425,0.29377324937544513,PBPF,cracker_scene1,40,old
2170,9.209026575088501,0.2939559372442659,PBPF,cracker_scene1,40,old
2171,9.213254928588867,0.29298708060986156,PBPF,cracker_scene1,40,old
2172,9.217975378036499,0.2945403215450044,PBPF,cracker_scene1,40,old
2173,9.222557544708252,0.2943080040040753,PBPF,cracker_scene1,40,old
2174,9.226778030395508,0.2943080040040753,PBPF,cracker_scene1,40,old
2175,9.231257915496826,0.2947919851648205,PBPF,cracker_scene1,40,old
2176,9.235583305358887,0.29515359607059527,PBPF,cracker_scene1,40,old
2177,9.239948034286499,0.29515359607059527,PBPF,cracker_scene1,40,old
2178,9.24421501159668,0.2949025645249507,PBPF,cracker_scene1,40,old
2179,9.248517274856567,0.2949025645249507,PBPF,cracker_scene1,40,old
2180,9.252906322479248,0.2936229374985873,PBPF,cracker_scene1,40,old
2181,9.25715970993042,0.2936229374985873,PBPF,cracker_scene1,40,old
2182,9.261421918869019,0.2940488969306402,PBPF,cracker_scene1,40,old
2183,9.265931129455566,0.2940488969306402,PBPF,cracker_scene1,40,old
2184,9.27035403251648,0.2936041913201118,PBPF,cracker_scene1,40,old
2185,9.2746102809906,0.2936041913201118,PBPF,cracker_scene1,40,old
2186,9.27910828590393,0.2935716486008863,PBPF,cracker_scene1,40,old
2187,9.283178567886353,0.2935716486008863,PBPF,cracker_scene1,40,old
2188,9.28761601448059,0.29294957248913156,PBPF,cracker_scene1,40,old
2189,9.291797161102295,0.29294957248913156,PBPF,cracker_scene1,40,old
2190,9.296413898468018,0.29642040963430105,PBPF,cracker_scene1,40,old
2191,9.300537824630737,0.29642040963430105,PBPF,cracker_scene1,40,old
2192,9.305080652236938,0.29683269644973276,PBPF,cracker_scene1,40,old
2193,9.309277057647705,0.29683269644973276,PBPF,cracker_scene1,40,old
2194,9.313735246658325,0.2969795824167516,PBPF,cracker_scene1,40,old
2195,9.317944049835205,0.29594207853100585,PBPF,cracker_scene1,40,old
2196,9.32234525680542,0.29603608511352153,PBPF,cracker_scene1,40,old
2197,9.326426982879639,0.29603608511352153,PBPF,cracker_scene1,40,old
2198,9.330836057662964,0.2965236402408138,PBPF,cracker_scene1,40,old
2199,9.335130214691162,0.29682137029994227,PBPF,cracker_scene1,40,old
2200,9.339565992355347,0.29682137029994227,PBPF,cracker_scene1,40,old
2201,9.343647241592407,0.29682137029994227,PBPF,cracker_scene1,40,old
2202,9.348027229309082,0.29689553380968636,PBPF,cracker_scene1,40,old
2203,9.35232663154602,0.2965456212394253,PBPF,cracker_scene1,40,old
2204,9.356710433959961,0.2965456212394253,PBPF,cracker_scene1,40,old
2205,9.361063003540039,0.2951644399909057,PBPF,cracker_scene1,40,old
2206,9.365422248840332,0.2951644399909057,PBPF,cracker_scene1,40,old
2207,9.3698251247406,0.29479762571126855,PBPF,cracker_scene1,40,old
2208,9.373948574066162,0.29479762571126855,PBPF,cracker_scene1,40,old
2209,9.378326654434204,0.29529484148871976,PBPF,cracker_scene1,40,old
2210,9.382553815841675,0.29529484148871976,PBPF,cracker_scene1,40,old
2211,9.38682770729065,0.2951127563153566,PBPF,cracker_scene1,40,old
2212,9.391197204589844,0.2951127563153566,PBPF,cracker_scene1,40,old
2213,9.39558458328247,0.29527631153141964,PBPF,cracker_scene1,40,old
2214,9.40021300315857,0.29527631153141964,PBPF,cracker_scene1,40,old
2215,9.404611587524414,0.2966496429172203,PBPF,cracker_scene1,40,old
2216,9.408640384674072,0.2966496429172203,PBPF,cracker_scene1,40,old
2217,9.412922143936157,0.2962428087435578,PBPF,cracker_scene1,40,old
2218,9.416983604431152,0.2962428087435578,PBPF,cracker_scene1,40,old
2219,9.421267747879028,0.29704155107452124,PBPF,cracker_scene1,40,old
2220,9.425658464431763,0.29704155107452124,PBPF,cracker_scene1,40,old
2221,9.430123090744019,0.29660960014445426,PBPF,cracker_scene1,40,old
2222,9.434445142745972,0.29660960014445426,PBPF,cracker_scene1,40,old
2223,9.438883066177368,0.2962800136818613,PBPF,cracker_scene1,40,old
2224,9.443074464797974,0.2962800136818613,PBPF,cracker_scene1,40,old
2225,9.447357416152954,0.2960958354054677,PBPF,cracker_scene1,40,old
2226,9.451470613479614,0.2960958354054677,PBPF,cracker_scene1,40,old
2227,9.456004619598389,0.30034220050675664,PBPF,cracker_scene1,40,old
2228,9.460557222366333,0.30034220050675664,PBPF,cracker_scene1,40,old
2229,9.465020656585693,0.3002217335033359,PBPF,cracker_scene1,40,old
2230,9.469436407089233,0.3002217335033359,PBPF,cracker_scene1,40,old
2231,9.47353482246399,0.3002217335033359,PBPF,cracker_scene1,40,old
2232,9.477955102920532,0.30141568757943027,PBPF,cracker_scene1,40,old
2233,9.482017517089844,0.30141568757943027,PBPF,cracker_scene1,40,old
2234,9.486502885818481,0.30122384757542076,PBPF,cracker_scene1,40,old
2235,9.490946769714355,0.3000491096240001,PBPF,cracker_scene1,40,old
2236,9.494996786117554,0.3000491096240001,PBPF,cracker_scene1,40,old
2237,9.499664306640625,0.30001055744882876,PBPF,cracker_scene1,40,old
2238,9.50385570526123,0.30001055744882876,PBPF,cracker_scene1,40,old
2239,9.508235216140747,0.30064749579456507,PBPF,cracker_scene1,40,old
2240,9.512541770935059,0.30064749579456507,PBPF,cracker_scene1,40,old
2241,9.516869068145752,0.2998288785924226,PBPF,cracker_scene1,40,old
2242,9.521151065826416,0.2998288785924226,PBPF,cracker_scene1,40,old
2243,9.525617837905884,0.3006984875500587,PBPF,cracker_scene1,40,old
2244,9.529950141906738,0.30083809536141715,PBPF,cracker_scene1,40,old
2245,9.534228086471558,0.30083809536141715,PBPF,cracker_scene1,40,old
2246,9.538702964782715,0.2996710696488698,PBPF,cracker_scene1,40,old
2247,9.542896032333374,0.2996710696488698,PBPF,cracker_scene1,40,old
2248,9.54717755317688,0.3008487078373454,PBPF,cracker_scene1,40,old
2249,9.551543235778809,0.3008487078373454,PBPF,cracker_scene1,40,old
2250,9.555787086486816,0.30082800834627754,PBPF,cracker_scene1,40,old
2251,9.560296297073364,0.30132631894325623,PBPF,cracker_scene1,40,old
2252,9.564663171768188,0.3010114726974651,PBPF,cracker_scene1,40,old
2253,9.568946599960327,0.3001443317475667,PBPF,cracker_scene1,40,old
2254,9.573116540908813,0.3001443317475667,PBPF,cracker_scene1,40,old
2255,9.57754397392273,0.3008937136641636,PBPF,cracker_scene1,40,old
2256,9.581737518310547,0.3008937136641636,PBPF,cracker_scene1,40,old
2257,9.586242914199829,0.29987876518877954,PBPF,cracker_scene1,40,old
2258,9.590391159057617,0.29987876518877954,PBPF,cracker_scene1,40,old
2259,9.59489393234253,0.3005923396225869,PBPF,cracker_scene1,40,old
2260,9.5991952419281,0.3005923396225869,PBPF,cracker_scene1,40,old
2261,9.603629112243652,0.29965966091059393,PBPF,cracker_scene1,40,old
2262,9.60797905921936,0.3006262819738019,PBPF,cracker_scene1,40,old
2263,9.612241744995117,0.29982873005236943,PBPF,cracker_scene1,40,old
2264,9.616671562194824,0.3002991576145204,PBPF,cracker_scene1,40,old
2265,9.620834827423096,0.30062704985680533,PBPF,cracker_scene1,40,old
2266,9.624926328659058,0.30061083571729696,PBPF,cracker_scene1,40,old
2267,9.630180835723877,0.30056794461916336,PBPF,cracker_scene1,40,old
2268,9.634739637374878,0.29969647008408895,PBPF,cracker_scene1,40,old
2269,9.639263153076172,0.2995907418191033,PBPF,cracker_scene1,40,old
2270,9.643348693847656,0.2995907418191033,PBPF,cracker_scene1,40,old
2271,9.647737503051758,0.30029057060123154,PBPF,cracker_scene1,40,old
2272,9.65197467803955,0.30020314867362785,PBPF,cracker_scene1,40,old
2273,9.656229019165039,0.2993213571475417,PBPF,cracker_scene1,40,old
2274,9.66029691696167,0.30022849704496224,PBPF,cracker_scene1,40,old
2275,9.66469693183899,0.29999719816689563,PBPF,cracker_scene1,40,old
2276,9.66914987564087,0.2997603090369587,PBPF,cracker_scene1,40,old
2277,9.673450469970703,0.2997603090369587,PBPF,cracker_scene1,40,old
2278,9.677647352218628,0.3001617479125249,PBPF,cracker_scene1,40,old
2279,9.681849718093872,0.3001617479125249,PBPF,cracker_scene1,40,old
2280,9.685891389846802,0.3000552672855932,PBPF,cracker_scene1,40,old
2281,9.690175533294678,0.30020755610265226,PBPF,cracker_scene1,40,old
2282,9.694291830062866,0.3008091056998019,PBPF,cracker_scene1,40,old
2283,9.698611497879028,0.3008091056998019,PBPF,cracker_scene1,40,old
2284,9.70294189453125,0.3010522513498666,PBPF,cracker_scene1,40,old
2285,9.707057476043701,0.3010522513498666,PBPF,cracker_scene1,40,old
2286,9.711248874664307,0.3004205036236147,PBPF,cracker_scene1,40,old
2287,9.715419054031372,0.3004205036236147,PBPF,cracker_scene1,40,old
2288,9.719640254974365,0.30129796103084594,PBPF,cracker_scene1,40,old
2289,9.723926067352295,0.30080258620507383,PBPF,cracker_scene1,40,old
2290,9.728008031845093,0.30029928450788557,PBPF,cracker_scene1,40,old
2291,9.732490301132202,0.30025797129890464,PBPF,cracker_scene1,40,old
2292,9.736661434173584,0.30024975688161426,PBPF,cracker_scene1,40,old
2293,9.741100072860718,0.29997195484348094,PBPF,cracker_scene1,40,old
2294,9.745476961135864,0.2999774656256875,PBPF,cracker_scene1,40,old
2295,9.749650716781616,0.2999774656256875,PBPF,cracker_scene1,40,old
2296,9.753952503204346,0.29902121736324005,PBPF,cracker_scene1,40,old
2297,9.758297204971313,0.29902121736324005,PBPF,cracker_scene1,40,old
2298,9.762619972229004,0.2999108651680116,PBPF,cracker_scene1,40,old
2299,9.766869068145752,0.2999108651680116,PBPF,cracker_scene1,40,old
2300,9.771310329437256,0.30042531473747847,PBPF,cracker_scene1,40,old
2301,9.775705337524414,0.29092034359415525,PBPF,cracker_scene1,40,old
2302,9.780181884765625,0.29056692417688085,PBPF,cracker_scene1,40,old
2303,9.784220457077026,0.29056692417688085,PBPF,cracker_scene1,40,old
2304,9.788588285446167,0.2905044106012384,PBPF,cracker_scene1,40,old
2305,9.792661190032959,0.2905044106012384,PBPF,cracker_scene1,40,old
2306,9.796976089477539,0.28967865151832517,PBPF,cracker_scene1,40,old
2307,9.801358461380005,0.29047408010463355,PBPF,cracker_scene1,40,old
2308,9.805469274520874,0.29054666854714206,PBPF,cracker_scene1,40,old
2309,9.809541702270508,0.29054666854714206,PBPF,cracker_scene1,40,old
2310,9.813680648803711,0.28972134211737344,PBPF,cracker_scene1,40,old
2311,9.817667961120605,0.28972134211737344,PBPF,cracker_scene1,40,old
2312,9.821807384490967,0.29123405392255386,PBPF,cracker_scene1,40,old
2313,9.825818300247192,0.29123405392255386,PBPF,cracker_scene1,40,old
2314,9.830281734466553,0.29060306275989234,PBPF,cracker_scene1,40,old
2315,9.834619760513306,0.2903068864061843,PBPF,cracker_scene1,40,old
2316,9.838927984237671,0.29017348377983576,PBPF,cracker_scene1,40,old
2317,9.843007326126099,0.29017348377983576,PBPF,cracker_scene1,40,old
2318,9.847343444824219,0.29052428906583394,PBPF,cracker_scene1,40,old
2319,9.85161018371582,0.29053864564036397,PBPF,cracker_scene1,40,old
2320,9.856068134307861,0.29072923554742786,PBPF,cracker_scene1,40,old
2321,9.860185861587524,0.2898218432879024,PBPF,cracker_scene1,40,old
2322,9.864506959915161,0.28933083705819745,PBPF,cracker_scene1,40,old
2323,9.868896722793579,0.28933083705819745,PBPF,cracker_scene1,40,old
2324,9.873438119888306,0.28935762313509117,PBPF,cracker_scene1,40,old
2325,9.877674341201782,0.2895015243075875,PBPF,cracker_scene1,40,old
2326,9.881941318511963,0.2903594148162602,PBPF,cracker_scene1,40,old
2327,9.886238813400269,0.2897474453628712,PBPF,cracker_scene1,40,old
2328,9.89038634300232,0.2897474453628712,PBPF,cracker_scene1,40,old
2329,9.894612789154053,0.2894161835687167,PBPF,cracker_scene1,40,old
2330,9.898986101150513,0.2894161835687167,PBPF,cracker_scene1,40,old
2331,9.903438568115234,0.2897582654188093,PBPF,cracker_scene1,40,old
2332,9.907625198364258,0.2897582654188093,PBPF,cracker_scene1,40,old
2333,9.912092685699463,0.2906110350947899,PBPF,cracker_scene1,40,old
2334,9.916240930557251,0.2906110350947899,PBPF,cracker_scene1,40,old
2335,9.920711517333984,0.2905936148184378,PBPF,cracker_scene1,40,old
2336,9.924881219863892,0.2905936148184378,PBPF,cracker_scene1,40,old
2337,9.929260730743408,0.2912370858996437,PBPF,cracker_scene1,40,old
2338,9.933698177337646,0.2912370858996437,PBPF,cracker_scene1,40,old
2339,9.938320398330688,0.2950547283287354,PBPF,cracker_scene1,40,old
2340,9.942381620407104,0.2950547283287354,PBPF,cracker_scene1,40,old
2341,9.946928024291992,0.29472431606240274,PBPF,cracker_scene1,40,old
2342,9.950976848602295,0.29472431606240274,PBPF,cracker_scene1,40,old
2343,9.955524444580078,0.2944374327595222,PBPF,cracker_scene1,40,old
2344,9.959615468978882,0.2944374327595222,PBPF,cracker_scene1,40,old
2345,9.963927745819092,0.29417951269221354,PBPF,cracker_scene1,40,old
2346,9.968188524246216,0.29417951269221354,PBPF,cracker_scene1,40,old
2347,9.972615003585815,0.2934018659603395,PBPF,cracker_scene1,40,old
2348,9.976696491241455,0.2934018659603395,PBPF,cracker_scene1,40,old
2349,9.981058359146118,0.29396916150446245,PBPF,cracker_scene1,40,old
2350,9.985210418701172,0.2939411218877192,PBPF,cracker_scene1,40,old
2351,9.989644050598145,0.29402948394414485,PBPF,cracker_scene1,40,old
2352,9.99380874633789,0.2950869921185925,PBPF,cracker_scene1,40,old
2353,9.998218297958374,0.2950869921185925,PBPF,cracker_scene1,40,old
2354,10.002600908279419,0.29525025515238673,PBPF,cracker_scene1,40,old
2355,10.006769895553589,0.29525025515238673,PBPF,cracker_scene1,40,old
2356,10.011077880859375,0.29578383077390996,PBPF,cracker_scene1,40,old
2357,10.015395879745483,0.29498491716042247,PBPF,cracker_scene1,40,old
2358,10.01967453956604,0.2945493043618396,PBPF,cracker_scene1,40,old
2359,10.02377462387085,0.2945493043618396,PBPF,cracker_scene1,40,old
2360,10.027866125106812,0.29435284317600396,PBPF,cracker_scene1,40,old
2361,10.032272577285767,0.29435284317600396,PBPF,cracker_scene1,40,old
2362,10.03659987449646,0.2942903615340567,PBPF,cracker_scene1,40,old
2363,10.040606021881104,0.2942903615340567,PBPF,cracker_scene1,40,old
2364,10.044533252716064,0.2942903615340567,PBPF,cracker_scene1,40,old
2365,10.048614263534546,0.2942229135895372,PBPF,cracker_scene1,40,old
2366,10.05277419090271,0.294502300173657,PBPF,cracker_scene1,40,old
2367,10.05671763420105,0.294502300173657,PBPF,cracker_scene1,40,old
2368,10.060832977294922,0.29410063766046435,PBPF,cracker_scene1,40,old
2369,10.064801692962646,0.29410063766046435,PBPF,cracker_scene1,40,old
2370,10.069354057312012,0.2978239583696934,PBPF,cracker_scene1,40,old
2371,10.073649168014526,0.2978239583696934,PBPF,cracker_scene1,40,old
2372,10.077851057052612,0.29745293955373425,PBPF,cracker_scene1,40,old
2373,10.08201813697815,0.29745293955373425,PBPF,cracker_scene1,40,old
2374,10.086314678192139,0.29820635267286555,PBPF,cracker_scene1,40,old
2375,10.090567588806152,0.29820635267286555,PBPF,cracker_scene1,40,old
2376,10.094991445541382,0.2980500071554202,PBPF,cracker_scene1,40,old
2377,10.099296569824219,0.2980500071554202,PBPF,cracker_scene1,40,old
2378,10.10370922088623,0.2981667317042147,PBPF,cracker_scene1,40,old
2379,10.10789680480957,0.29822192558913585,PBPF,cracker_scene1,40,old
2380,10.112264394760132,0.2983187934724816,PBPF,cracker_scene1,40,old
2381,10.1162428855896,0.2983187934724816,PBPF,cracker_scene1,40,old
2382,10.120854616165161,0.29741974669242666,PBPF,cracker_scene1,40,old
2383,10.125123739242554,0.29741974669242666,PBPF,cracker_scene1,40,old
2384,10.1294686794281,0.2983141134256533,PBPF,cracker_scene1,40,old
2385,10.134039878845215,0.2983141134256533,PBPF,cracker_scene1,40,old
2386,10.138466119766235,0.2981523851794119,PBPF,cracker_scene1,40,old
2387,10.142688989639282,0.2981523851794119,PBPF,cracker_scene1,40,old
2388,10.14669942855835,0.29765053595152846,PBPF,cracker_scene1,40,old
2389,10.151030778884888,0.29765053595152846,PBPF,cracker_scene1,40,old
2390,10.155425548553467,0.29737155513560953,PBPF,cracker_scene1,40,old
2391,10.15956997871399,0.29737155513560953,PBPF,cracker_scene1,40,old
2392,10.16389274597168,0.29780610311989353,PBPF,cracker_scene1,40,old
2393,10.168002367019653,0.29780610311989353,PBPF,cracker_scene1,40,old
2394,10.172396898269653,0.2980998953333778,PBPF,cracker_scene1,40,old
2395,10.176509380340576,0.2980998953333778,PBPF,cracker_scene1,40,old
2396,10.180918216705322,0.29806358159630975,PBPF,cracker_scene1,40,old
2397,10.185014724731445,0.2979967536122201,PBPF,cracker_scene1,40,old
2398,10.189491987228394,0.29776771069085584,PBPF,cracker_scene1,40,old
2399,10.193554162979126,0.29776771069085584,PBPF,cracker_scene1,40,old
2400,10.197964668273926,0.2975812058208307,PBPF,cracker_scene1,40,old
2401,10.202137470245361,0.2964130543886947,PBPF,cracker_scene1,40,old
2402,10.206456661224365,0.2964130543886947,PBPF,cracker_scene1,40,old
2403,10.210594654083252,0.2973440364114177,PBPF,cracker_scene1,40,old
2404,10.214995622634888,0.29758836547760836,PBPF,cracker_scene1,40,old
2405,10.219080686569214,0.29801331312711987,PBPF,cracker_scene1,40,old
2406,10.223374366760254,0.29801331312711987,PBPF,cracker_scene1,40,old
2407,10.227487087249756,0.29783109050834433,PBPF,cracker_scene1,40,old
2408,10.231567144393921,0.29783109050834433,PBPF,cracker_scene1,40,old
2409,10.236146211624146,0.29834151172751167,PBPF,cracker_scene1,40,old
2410,10.240417718887329,0.29834151172751167,PBPF,cracker_scene1,40,old
2411,10.244612216949463,0.2980191619238255,PBPF,cracker_scene1,40,old
2412,10.248792886734009,0.2980191619238255,PBPF,cracker_scene1,40,old
2413,10.253139734268188,0.29786560612292856,PBPF,cracker_scene1,40,old
2414,10.257551431655884,0.29303447904019375,PBPF,cracker_scene1,40,old
2415,10.261886596679688,0.29305156873356,PBPF,cracker_scene1,40,old
2416,10.266228914260864,0.2929288704729034,PBPF,cracker_scene1,40,old
2417,10.270426034927368,0.2929288704729034,PBPF,cracker_scene1,40,old
2418,10.274496078491211,0.29278591105019913,PBPF,cracker_scene1,40,old
2419,10.278578281402588,0.2929778479669203,PBPF,cracker_scene1,40,old
2420,10.282654762268066,0.2928862052921488,PBPF,cracker_scene1,40,old
2421,10.2868332862854,0.29315475783219913,PBPF,cracker_scene1,40,old
2422,10.290871381759644,0.29302160023375823,PBPF,cracker_scene1,40,old
2423,10.294843196868896,0.29246962120483655,PBPF,cracker_scene1,40,old
2424,10.29940390586853,0.2916322258638484,PBPF,cracker_scene1,40,old
2425,10.304126262664795,0.2918211630448866,PBPF,cracker_scene1,40,old
2426,10.308569431304932,0.2922587860908532,PBPF,cracker_scene1,40,old
2427,10.313133955001831,0.2922587860908532,PBPF,cracker_scene1,40,old
2428,10.317394018173218,0.29190800044421383,PBPF,cracker_scene1,40,old
2429,10.32202434539795,0.29190800044421383,PBPF,cracker_scene1,40,old
2430,10.326450109481812,0.29135092842825383,PBPF,cracker_scene1,40,old
2431,10.330420017242432,0.29135092842825383,PBPF,cracker_scene1,40,old
2432,10.334643125534058,0.29135092842825383,PBPF,cracker_scene1,40,old
2433,10.338900327682495,0.29135092842825383,PBPF,cracker_scene1,40,old
2434,10.34341835975647,0.2912556301711149,PBPF,cracker_scene1,40,old
2435,10.347795486450195,0.29161053968678985,PBPF,cracker_scene1,40,old
2436,10.351921796798706,0.29161053968678985,PBPF,cracker_scene1,40,old
2437,10.356114387512207,0.29109206465402426,PBPF,cracker_scene1,40,old
2438,10.360368490219116,0.29114517474582513,PBPF,cracker_scene1,40,old
2439,10.364723920822144,0.29114517474582513,PBPF,cracker_scene1,40,old
2440,10.368885040283203,0.29132397042067115,PBPF,cracker_scene1,40,old
2441,10.373088359832764,0.29132397042067115,PBPF,cracker_scene1,40,old
2442,10.37758994102478,0.29096148703385794,PBPF,cracker_scene1,40,old
2443,10.381856679916382,0.29096148703385794,PBPF,cracker_scene1,40,old
2444,10.38610553741455,0.29096148703385794,PBPF,cracker_scene1,40,old
2445,10.390511989593506,0.29075570148000374,PBPF,cracker_scene1,40,old
2446,10.396030187606812,0.29075570148000374,PBPF,cracker_scene1,40,old
2447,10.400505304336548,0.29012109274830156,PBPF,cracker_scene1,40,old
2448,10.404672861099243,0.29012109274830156,PBPF,cracker_scene1,40,old
2449,10.4090895652771,0.2902951439870014,PBPF,cracker_scene1,40,old
2450,10.413594722747803,0.2903261943277373,PBPF,cracker_scene1,40,old
2451,10.418071508407593,0.2907223376886776,PBPF,cracker_scene1,40,old
2452,10.422909498214722,0.29017982730574854,PBPF,cracker_scene1,40,old
2453,10.427886247634888,0.29061330874703284,PBPF,cracker_scene1,40,old
2454,10.432193756103516,0.29061330874703284,PBPF,cracker_scene1,40,old
2455,10.43638277053833,0.2901529168619241,PBPF,cracker_scene1,40,old
2456,10.440643310546875,0.2901529168619241,PBPF,cracker_scene1,40,old
2457,10.445051670074463,0.2898081951694884,PBPF,cracker_scene1,40,old
2458,10.449272394180298,0.2898081951694884,PBPF,cracker_scene1,40,old
2459,10.453638315200806,0.28982246192425176,PBPF,cracker_scene1,40,old
2460,10.457821369171143,0.28982246192425176,PBPF,cracker_scene1,40,old
2461,10.4626784324646,0.29018661238321464,PBPF,cracker_scene1,40,old
2462,10.466862440109253,0.29018661238321464,PBPF,cracker_scene1,40,old
2463,10.471508026123047,0.2897998196986471,PBPF,cracker_scene1,40,old
2464,10.47565507888794,0.2897998196986471,PBPF,cracker_scene1,40,old
2465,10.480060338973999,0.29055046694637543,PBPF,cracker_scene1,40,old
2466,10.484097957611084,0.29055046694637543,PBPF,cracker_scene1,40,old
2467,10.488468647003174,0.2907282729230749,PBPF,cracker_scene1,40,old
2468,10.492547512054443,0.2907282729230749,PBPF,cracker_scene1,40,old
2469,10.49691653251648,0.29057917763745955,PBPF,cracker_scene1,40,old
2470,10.50127124786377,0.2900887862731736,PBPF,cracker_scene1,40,old
2471,10.505600214004517,0.2900093449372143,PBPF,cracker_scene1,40,old
2472,10.509681224822998,0.2900093449372143,PBPF,cracker_scene1,40,old
2473,10.513899803161621,0.2892791464864439,PBPF,cracker_scene1,40,old
2474,10.51790738105774,0.2892791464864439,PBPF,cracker_scene1,40,old
2475,10.522048711776733,0.28901805245009093,PBPF,cracker_scene1,40,old
2476,10.526042699813843,0.28901805245009093,PBPF,cracker_scene1,40,old
2477,10.530663967132568,0.289757733164949,PBPF,cracker_scene1,40,old
2478,10.53497838973999,0.289757733164949,PBPF,cracker_scene1,40,old
2479,10.539491415023804,0.28975439427591265,PBPF,cracker_scene1,40,old
2480,10.543662309646606,0.2897967630543494,PBPF,cracker_scene1,40,old
2481,10.548092365264893,0.2901278410251251,PBPF,cracker_scene1,40,old
2482,10.552366256713867,0.28998062521698476,PBPF,cracker_scene1,40,old
2483,10.556629657745361,0.28998062521698476,PBPF,cracker_scene1,40,old
2484,10.560846090316772,0.289409691211409,PBPF,cracker_scene1,40,old
2485,10.565184354782104,0.289409691211409,PBPF,cracker_scene1,40,old
2486,10.569538831710815,0.2891884112355285,PBPF,cracker_scene1,40,old
2487,10.57374882698059,0.2891884112355285,PBPF,cracker_scene1,40,old
2488,10.577876329421997,0.28904988407465204,PBPF,cracker_scene1,40,old
2489,10.582227230072021,0.28904988407465204,PBPF,cracker_scene1,40,old
2490,10.586549043655396,0.28608465250061776,PBPF,cracker_scene1,40,old
2491,10.590537071228027,0.28608465250061776,PBPF,cracker_scene1,40,old
2492,10.594867706298828,0.285943346861921,PBPF,cracker_scene1,40,old
2493,10.599194288253784,0.285943346861921,PBPF,cracker_scene1,40,old
2494,10.603551149368286,0.2861201783073195,PBPF,cracker_scene1,40,old
2495,10.607571840286255,0.2861201783073195,PBPF,cracker_scene1,40,old
2496,10.611839532852173,0.28615909810421325,PBPF,cracker_scene1,40,old
2497,10.616146087646484,0.28615909810421325,PBPF,cracker_scene1,40,old
2498,10.620362520217896,0.2862576479063508,PBPF,cracker_scene1,40,old
2499,10.62454891204834,0.2862576479063508,PBPF,cracker_scene1,40,old
2500,10.628849983215332,0.28631495422003805,PBPF,cracker_scene1,40,old
2501,10.632964611053467,0.28631495422003805,PBPF,cracker_scene1,40,old
2502,10.637269735336304,0.28601942685869464,PBPF,cracker_scene1,40,old
2503,10.641492128372192,0.28601942685869464,PBPF,cracker_scene1,40,old
2504,10.645809412002563,0.2857481097718697,PBPF,cracker_scene1,40,old
2505,10.649951219558716,0.2857481097718697,PBPF,cracker_scene1,40,old
2506,10.654064655303955,0.2848794264655474,PBPF,cracker_scene1,40,old
2507,10.658449172973633,0.2848794264655474,PBPF,cracker_scene1,40,old
2508,10.662781476974487,0.28547573013424365,PBPF,cracker_scene1,40,old
2509,10.66701602935791,0.28547573013424365,PBPF,cracker_scene1,40,old
2510,10.671317100524902,0.2857436403132514,PBPF,cracker_scene1,40,old
2511,10.675543785095215,0.2857436403132514,PBPF,cracker_scene1,40,old
2512,10.679850578308105,0.2855928659090816,PBPF,cracker_scene1,40,old
2513,10.684101819992065,0.2855928659090816,PBPF,cracker_scene1,40,old
2514,10.688244819641113,0.2855928659090816,PBPF,cracker_scene1,40,old
2515,10.692434787750244,0.2858404738627929,PBPF,cracker_scene1,40,old
2516,10.696748733520508,0.2859190935379061,PBPF,cracker_scene1,40,old
2517,10.701133251190186,0.2862193555268133,PBPF,cracker_scene1,40,old
2518,10.705188035964966,0.2862193555268133,PBPF,cracker_scene1,40,old
2519,10.709410429000854,0.286658783246037,PBPF,cracker_scene1,40,old
2520,10.71342396736145,0.286658783246037,PBPF,cracker_scene1,40,old
2521,10.717536449432373,0.2866411291801745,PBPF,cracker_scene1,40,old
2522,10.721629619598389,0.28625508573228853,PBPF,cracker_scene1,40,old
2523,10.725872993469238,0.28494945834788066,PBPF,cracker_scene1,40,old
2524,10.730218172073364,0.28494945834788066,PBPF,cracker_scene1,40,old
2525,10.734720230102539,0.2751250102895195,PBPF,cracker_scene1,40,old
2526,10.739033460617065,0.27532405579441743,PBPF,cracker_scene1,40,old
2527,10.743165493011475,0.27532405579441743,PBPF,cracker_scene1,40,old
2528,10.747500658035278,0.27599953660614585,PBPF,cracker_scene1,40,old
2529,10.751500368118286,0.27599953660614585,PBPF,cracker_scene1,40,old
2530,10.755909204483032,0.27490578740241034,PBPF,cracker_scene1,40,old
2531,10.76003885269165,0.27490578740241034,PBPF,cracker_scene1,40,old
2532,10.764326810836792,0.27480745028340525,PBPF,cracker_scene1,40,old
2533,10.768672466278076,0.27507873058138266,PBPF,cracker_scene1,40,old
2534,10.772937059402466,0.27507873058138266,PBPF,cracker_scene1,40,old
2535,10.77715277671814,0.2755705726243436,PBPF,cracker_scene1,40,old
2536,10.781328916549683,0.27554214433066093,PBPF,cracker_scene1,40,old
2537,10.785656929016113,0.27605849676875316,PBPF,cracker_scene1,40,old
2538,10.789882183074951,0.27606669371227,PBPF,cracker_scene1,40,old
2539,10.794045448303223,0.27608987545410457,PBPF,cracker_scene1,40,old
2540,10.798330307006836,0.27608987545410457,PBPF,cracker_scene1,40,old
2541,10.802408218383789,0.27568606543461005,PBPF,cracker_scene1,40,old
2542,10.806741714477539,0.275717493651527,PBPF,cracker_scene1,40,old
2543,10.811232328414917,0.2753861071603243,PBPF,cracker_scene1,40,old
2544,10.815478086471558,0.2754794915131109,PBPF,cracker_scene1,40,old
2545,10.820017337799072,0.2752255515589832,PBPF,cracker_scene1,40,old
2546,10.824247360229492,0.2752255515589832,PBPF,cracker_scene1,40,old
2547,10.828608751296997,0.27503228334381724,PBPF,cracker_scene1,40,old
2548,10.832820415496826,0.27503228334381724,PBPF,cracker_scene1,40,old
2549,10.837069749832153,0.2754928657818194,PBPF,cracker_scene1,40,old
2550,10.841143131256104,0.2754928657818194,PBPF,cracker_scene1,40,old
2551,10.845507621765137,0.27596936130852434,PBPF,cracker_scene1,40,old
2552,10.849626541137695,0.27596936130852434,PBPF,cracker_scene1,40,old
2553,10.853904724121094,0.2751829056026702,PBPF,cracker_scene1,40,old
2554,10.85810661315918,0.2751829056026702,PBPF,cracker_scene1,40,old
2555,10.862354278564453,0.2749564099361077,PBPF,cracker_scene1,40,old
2556,10.866653680801392,0.2749564099361077,PBPF,cracker_scene1,40,old
2557,10.870997428894043,0.2748678952580974,PBPF,cracker_scene1,40,old
2558,10.875128269195557,0.2748678952580974,PBPF,cracker_scene1,40,old
2559,10.879482746124268,0.2745265481409902,PBPF,cracker_scene1,40,old
2560,10.883681058883667,0.2745265481409902,PBPF,cracker_scene1,40,old
2561,10.887997150421143,0.27459512125721286,PBPF,cracker_scene1,40,old
2562,10.89207911491394,0.27459512125721286,PBPF,cracker_scene1,40,old
2563,10.896705865859985,0.28217896172514845,PBPF,cracker_scene1,40,old
2564,10.900991201400757,0.28217896172514845,PBPF,cracker_scene1,40,old
2565,10.905338287353516,0.2812951663474683,PBPF,cracker_scene1,40,old
2566,10.90944528579712,0.28195763595052803,PBPF,cracker_scene1,40,old
2567,10.913692712783813,0.282680614583505,PBPF,cracker_scene1,40,old
2568,10.917798519134521,0.28194311934159266,PBPF,cracker_scene1,40,old
2569,10.922127485275269,0.28161966524159254,PBPF,cracker_scene1,40,old
2570,10.926345825195312,0.28161966524159254,PBPF,cracker_scene1,40,old
2571,10.9305419921875,0.28223360356447547,PBPF,cracker_scene1,40,old
2572,10.934944868087769,0.28191715867389355,PBPF,cracker_scene1,40,old
2573,10.938981056213379,0.28191715867389355,PBPF,cracker_scene1,40,old
2574,10.943169832229614,0.28108579503015463,PBPF,cracker_scene1,40,old
2575,10.947246074676514,0.28108579503015463,PBPF,cracker_scene1,40,old
2576,10.951377630233765,0.28108579503015463,PBPF,cracker_scene1,40,old
2577,10.955585956573486,0.2818235178397437,PBPF,cracker_scene1,40,old
2578,10.959590673446655,0.2818235178397437,PBPF,cracker_scene1,40,old
2579,10.963633060455322,0.2817135350566593,PBPF,cracker_scene1,40,old
2580,10.967812538146973,0.2817135350566593,PBPF,cracker_scene1,40,old
2581,10.972574472427368,0.28174232986858616,PBPF,cracker_scene1,40,old
2582,10.976656675338745,0.28174232986858616,PBPF,cracker_scene1,40,old
2583,10.981067895889282,0.2822190593320082,PBPF,cracker_scene1,40,old
2584,10.985282182693481,0.28177757198128184,PBPF,cracker_scene1,40,old
2585,10.989551782608032,0.28177757198128184,PBPF,cracker_scene1,40,old
2586,10.993720531463623,0.2817995841047498,PBPF,cracker_scene1,40,old
2587,10.998010873794556,0.2817995841047498,PBPF,cracker_scene1,40,old
2588,11.002352476119995,0.28187870679851823,PBPF,cracker_scene1,40,old
2589,11.006601333618164,0.28187870679851823,PBPF,cracker_scene1,40,old
2590,11.010948181152344,0.2815400772141041,PBPF,cracker_scene1,40,old
2591,11.015373945236206,0.2815400772141041,PBPF,cracker_scene1,40,old
2592,11.019752502441406,0.2806953226302582,PBPF,cracker_scene1,40,old
2593,11.024041175842285,0.2806953226302582,PBPF,cracker_scene1,40,old
2594,11.02859115600586,0.28175904587691925,PBPF,cracker_scene1,40,old
2595,11.032878160476685,0.28175904587691925,PBPF,cracker_scene1,40,old
2596,11.03743863105774,0.28216046376173676,PBPF,cracker_scene1,40,old
2597,11.041639804840088,0.28216046376173676,PBPF,cracker_scene1,40,old
2598,11.046183586120605,0.2817896816956251,PBPF,cracker_scene1,40,old
2599,11.050381183624268,0.2817896816956251,PBPF,cracker_scene1,40,old
2600,11.055385112762451,0.2825400251465838,PBPF,cracker_scene1,40,old
2601,11.059555530548096,0.2825400251465838,PBPF,cracker_scene1,40,old
2602,11.063928365707397,0.2830356908901966,PBPF,cracker_scene1,40,old
2603,11.068214178085327,0.2831012046169495,PBPF,cracker_scene1,40,old
2604,11.072503089904785,0.28286929984108017,PBPF,cracker_scene1,40,old
2605,11.07667088508606,0.28310503641024337,PBPF,cracker_scene1,40,old
2606,11.081013202667236,0.2833196072599301,PBPF,cracker_scene1,40,old
2607,11.08527946472168,0.2831582059320859,PBPF,cracker_scene1,40,old
2608,11.089656829833984,0.2831582059320859,PBPF,cracker_scene1,40,old
2609,11.093975067138672,0.28306340019412324,PBPF,cracker_scene1,40,old
2610,11.098382711410522,0.28309075104574044,PBPF,cracker_scene1,40,old
2611,11.102570533752441,0.2823261819722032,PBPF,cracker_scene1,40,old
2612,11.106924533843994,0.2823261819722032,PBPF,cracker_scene1,40,old
2613,11.11099886894226,0.2831903190682674,PBPF,cracker_scene1,40,old
2614,11.115401983261108,0.2830556328126763,PBPF,cracker_scene1,40,old
2615,11.119425058364868,0.2830556328126763,PBPF,cracker_scene1,40,old
2616,11.123535633087158,0.2820876811184432,PBPF,cracker_scene1,40,old
2617,11.127729177474976,0.2820876811184432,PBPF,cracker_scene1,40,old
2618,11.132347106933594,0.28178708337936836,PBPF,cracker_scene1,40,old
2619,11.136891603469849,0.2820122523556674,PBPF,cracker_scene1,40,old
2620,11.141160726547241,0.2820122523556674,PBPF,cracker_scene1,40,old
2621,11.145611763000488,0.2833052008796168,PBPF,cracker_scene1,40,old
2622,11.149783849716187,0.2833052008796168,PBPF,cracker_scene1,40,old
2623,11.154115438461304,0.28294762300584014,PBPF,cracker_scene1,40,old
2624,11.158424139022827,0.28294762300584014,PBPF,cracker_scene1,40,old
2625,11.162839889526367,0.2822856470139334,PBPF,cracker_scene1,40,old
2626,11.167577028274536,0.2822856470139334,PBPF,cracker_scene1,40,old
2627,11.171879291534424,0.283249886572851,PBPF,cracker_scene1,40,old
2628,11.176042318344116,0.283249886572851,PBPF,cracker_scene1,40,old
2629,11.180319547653198,0.28198890132736515,PBPF,cracker_scene1,40,old
2630,11.184509038925171,0.28233451646105767,PBPF,cracker_scene1,40,old
2631,11.188867568969727,0.2822786266037791,PBPF,cracker_scene1,40,old
2632,11.192899942398071,0.2822786266037791,PBPF,cracker_scene1,40,old
2633,11.197381496429443,0.2822808570381866,PBPF,cracker_scene1,40,old
2634,11.201653718948364,0.2817753129678203,PBPF,cracker_scene1,40,old
2635,11.20586347579956,0.282022249265897,PBPF,cracker_scene1,40,old
2636,11.210386991500854,0.28202276796139863,PBPF,cracker_scene1,40,old
2637,11.214925765991211,0.2822478846191731,PBPF,cracker_scene1,40,old
2638,11.21943974494934,0.2894792694957564,PBPF,cracker_scene1,40,old
2639,11.223484516143799,0.2894792694957564,PBPF,cracker_scene1,40,old
2640,11.227855920791626,0.2901098637605264,PBPF,cracker_scene1,40,old
2641,11.231909275054932,0.2901098637605264,PBPF,cracker_scene1,40,old
2642,11.236211061477661,0.289978477468785,PBPF,cracker_scene1,40,old
2643,11.240381002426147,0.29000543957219005,PBPF,cracker_scene1,40,old
2644,11.244662284851074,0.29000474487858874,PBPF,cracker_scene1,40,old
2645,11.250227451324463,0.29033277638109034,PBPF,cracker_scene1,40,old
2646,11.254716634750366,0.2895083103947389,PBPF,cracker_scene1,40,old
2647,11.2589852809906,0.2895083103947389,PBPF,cracker_scene1,40,old
2648,11.263433456420898,0.2894724636711947,PBPF,cracker_scene1,40,old
2649,11.267618417739868,0.2894724636711947,PBPF,cracker_scene1,40,old
2650,11.272229433059692,0.2900520136679434,PBPF,cracker_scene1,40,old
2651,11.276538133621216,0.2900520136679434,PBPF,cracker_scene1,40,old
2652,11.281020641326904,0.28879282279696117,PBPF,cracker_scene1,40,old
2653,11.285152196884155,0.28868674710822884,PBPF,cracker_scene1,40,old
2654,11.289496183395386,0.28868674710822884,PBPF,cracker_scene1,40,old
2655,11.293729066848755,0.28898239014344007,PBPF,cracker_scene1,40,old
2656,11.29805612564087,0.28898239014344007,PBPF,cracker_scene1,40,old
2657,11.302464723587036,0.28967971035732454,PBPF,cracker_scene1,40,old
2658,11.306883573532104,0.28967971035732454,PBPF,cracker_scene1,40,old
2659,11.311281681060791,0.2892132575059394,PBPF,cracker_scene1,40,old
2660,11.315590143203735,0.2892132575059394,PBPF,cracker_scene1,40,old
2661,11.319864988327026,0.2898412104612449,PBPF,cracker_scene1,40,old
2662,11.323966979980469,0.2898412104612449,PBPF,cracker_scene1,40,old
2663,11.32876992225647,0.2898680575750108,PBPF,cracker_scene1,40,old
2664,11.33303689956665,0.2898680575750108,PBPF,cracker_scene1,40,old
2665,11.337539911270142,0.28898576014153754,PBPF,cracker_scene1,40,old
2666,11.34173035621643,0.28898576014153754,PBPF,cracker_scene1,40,old
2667,11.346280097961426,0.28956689066731744,PBPF,cracker_scene1,40,old
2668,11.350479125976562,0.28956689066731744,PBPF,cracker_scene1,40,old
2669,11.35492491722107,0.28930923749227855,PBPF,cracker_scene1,40,old
2670,11.359197616577148,0.28930923749227855,PBPF,cracker_scene1,40,old
2671,11.36365795135498,0.2894135823300221,PBPF,cracker_scene1,40,old
2672,11.36824369430542,0.2894135823300221,PBPF,cracker_scene1,40,old
2673,11.372636079788208,0.2886089357962449,PBPF,cracker_scene1,40,old
2674,11.37696886062622,0.2886089357962449,PBPF,cracker_scene1,40,old
2675,11.381381750106812,0.28844928596352926,PBPF,cracker_scene1,40,old
2676,11.385820865631104,0.2983724987756888,PBPF,cracker_scene1,40,old
2677,11.389904260635376,0.2983724987756888,PBPF,cracker_scene1,40,old
2678,11.394115447998047,0.2976907006526676,PBPF,cracker_scene1,40,old
2679,11.398682117462158,0.2976907006526676,PBPF,cracker_scene1,40,old
2680,11.403189420700073,0.2972525332709507,PBPF,cracker_scene1,40,old
2681,11.40748929977417,0.2972525332709507,PBPF,cracker_scene1,40,old
2682,11.412050008773804,0.29708610407775193,PBPF,cracker_scene1,40,old
2683,11.416255712509155,0.29708610407775193,PBPF,cracker_scene1,40,old
2684,11.420701265335083,0.29816547464192455,PBPF,cracker_scene1,40,old
2685,11.424772262573242,0.29816547464192455,PBPF,cracker_scene1,40,old
2686,11.429322242736816,0.2978961043100261,PBPF,cracker_scene1,40,old
2687,11.433679580688477,0.2978961043100261,PBPF,cracker_scene1,40,old
2688,11.43813157081604,0.2977277145305965,PBPF,cracker_scene1,40,old
2689,11.442133665084839,0.2977277145305965,PBPF,cracker_scene1,40,old
2690,11.446721315383911,0.29814153107194674,PBPF,cracker_scene1,40,old
2691,11.450673818588257,0.29814153107194674,PBPF,cracker_scene1,40,old
2692,11.454925775527954,0.29803446988479404,PBPF,cracker_scene1,40,old
2693,11.459117889404297,0.29803446988479404,PBPF,cracker_scene1,40,old
2694,11.463886976242065,0.29805539369920847,PBPF,cracker_scene1,40,old
2695,11.468132734298706,0.29805539369920847,PBPF,cracker_scene1,40,old
2696,11.472584009170532,0.2968225735845682,PBPF,cracker_scene1,40,old
2697,11.476848602294922,0.2968225735845682,PBPF,cracker_scene1,40,old
2698,11.481374979019165,0.29740721051024255,PBPF,cracker_scene1,40,old
2699,11.485837697982788,0.29740721051024255,PBPF,cracker_scene1,40,old
2700,11.490220308303833,0.29757350002180155,PBPF,cracker_scene1,40,old
2701,11.494524002075195,0.29757350002180155,PBPF,cracker_scene1,40,old
2702,11.499259948730469,0.29752773680288613,PBPF,cracker_scene1,40,old
2703,11.503649711608887,0.29752773680288613,PBPF,cracker_scene1,40,old
2704,11.508127450942993,0.2980216952046767,PBPF,cracker_scene1,40,old
2705,11.51258897781372,0.2980216952046767,PBPF,cracker_scene1,40,old
2706,11.516925811767578,0.29751600016009094,PBPF,cracker_scene1,40,old
2707,11.521270990371704,0.29751600016009094,PBPF,cracker_scene1,40,old
2708,11.525647401809692,0.29702915474924485,PBPF,cracker_scene1,40,old
2709,11.530009031295776,0.29702915474924485,PBPF,cracker_scene1,40,old
2710,11.534465551376343,0.29702754856657093,PBPF,cracker_scene1,40,old
2711,11.539084672927856,0.3029574496916199,PBPF,cracker_scene1,40,old
2712,11.543547630310059,0.3029574496916199,PBPF,cracker_scene1,40,old
2713,11.547982931137085,0.3038476838454345,PBPF,cracker_scene1,40,old
2714,11.552329778671265,0.3038476838454345,PBPF,cracker_scene1,40,old
2715,11.556710004806519,0.30380539188810785,PBPF,cracker_scene1,40,old
2716,11.561016082763672,0.30380539188810785,PBPF,cracker_scene1,40,old
2717,11.565646886825562,0.3030027427124185,PBPF,cracker_scene1,40,old
2718,11.56977915763855,0.3030027427124185,PBPF,cracker_scene1,40,old
2719,11.574196100234985,0.30340731565420553,PBPF,cracker_scene1,40,old
2720,11.578606367111206,0.3039046394792711,PBPF,cracker_scene1,40,old
2721,11.58272099494934,0.3039046394792711,PBPF,cracker_scene1,40,old
2722,11.587248802185059,0.30386867602862533,PBPF,cracker_scene1,40,old
2723,11.591279745101929,0.30386867602862533,PBPF,cracker_scene1,40,old
2724,11.595877885818481,0.3028939304507232,PBPF,cracker_scene1,40,old
2725,11.600550174713135,0.3028939304507232,PBPF,cracker_scene1,40,old
2726,11.604671239852905,0.3028939304507232,PBPF,cracker_scene1,40,old
2727,11.609015941619873,0.30379395591400216,PBPF,cracker_scene1,40,old
2728,11.613194704055786,0.3039097654802949,PBPF,cracker_scene1,40,old
2729,11.61738634109497,0.3030303997236087,PBPF,cracker_scene1,40,old
2730,11.621946811676025,0.30310066921026546,PBPF,cracker_scene1,40,old
2731,11.62673306465149,0.30371900556015097,PBPF,cracker_scene1,40,old
2732,11.631344556808472,0.3039382815263307,PBPF,cracker_scene1,40,old
2733,11.635996580123901,0.30336671023446216,PBPF,cracker_scene1,40,old
2734,11.64026403427124,0.30336671023446216,PBPF,cracker_scene1,40,old
2735,11.644635200500488,0.30292969577073325,PBPF,cracker_scene1,40,old
2736,11.648993015289307,0.30292969577073325,PBPF,cracker_scene1,40,old
2737,11.653421878814697,0.3037063245359198,PBPF,cracker_scene1,40,old
2738,11.65784478187561,0.3037063245359198,PBPF,cracker_scene1,40,old
2739,11.662212371826172,0.3028420650831817,PBPF,cracker_scene1,40,old
2740,11.666607141494751,0.3028420650831817,PBPF,cracker_scene1,40,old
2741,11.671074151992798,0.30292418963160905,PBPF,cracker_scene1,40,old
2742,11.675340414047241,0.30292418963160905,PBPF,cracker_scene1,40,old
2743,11.679908514022827,0.3035590872159241,PBPF,cracker_scene1,40,old
2744,11.684153079986572,0.3035590872159241,PBPF,cracker_scene1,40,old
2745,11.688857078552246,0.30339545811994983,PBPF,cracker_scene1,40,old
2746,11.692946434020996,0.30339545811994983,PBPF,cracker_scene1,40,old
2747,11.697579383850098,0.21918939691592598,PBPF,cracker_scene1,40,old
2748,11.701940774917603,0.21908730285986078,PBPF,cracker_scene1,40,old
2749,11.70632028579712,0.21908730285986078,PBPF,cracker_scene1,40,old
2750,11.710671424865723,0.2191844139482786,PBPF,cracker_scene1,40,old
2751,11.715243101119995,0.2191844139482786,PBPF,cracker_scene1,40,old
2752,11.71945071220398,0.21912869324181727,PBPF,cracker_scene1,40,old
2753,11.723813533782959,0.21912869324181727,PBPF,cracker_scene1,40,old
2754,11.728257179260254,0.2183170627369977,PBPF,cracker_scene1,40,old
2755,11.732591152191162,0.2183170627369977,PBPF,cracker_scene1,40,old
2756,11.736837148666382,0.21842261898070792,PBPF,cracker_scene1,40,old
2757,11.741221904754639,0.21842261898070792,PBPF,cracker_scene1,40,old
2758,11.745734453201294,0.21832058446197244,PBPF,cracker_scene1,40,old
2759,11.749891757965088,0.21832058446197244,PBPF,cracker_scene1,40,old
2760,11.754576683044434,0.2183080629737244,PBPF,cracker_scene1,40,old
2761,11.758608341217041,0.2183080629737244,PBPF,cracker_scene1,40,old
2762,11.763188123703003,0.21917724724265142,PBPF,cracker_scene1,40,old
2763,11.767339706420898,0.21917724724265142,PBPF,cracker_scene1,40,old
2764,11.771964073181152,0.21917057461950584,PBPF,cracker_scene1,40,old
2765,11.775978803634644,0.21917057461950584,PBPF,cracker_scene1,40,old
2766,11.78095293045044,0.2191192033942304,PBPF,cracker_scene1,40,old
2767,11.785161972045898,0.2191192033942304,PBPF,cracker_scene1,40,old
2768,11.789679288864136,0.2191744479549289,PBPF,cracker_scene1,40,old
2769,11.793920040130615,0.21822978903900658,PBPF,cracker_scene1,40,old
2770,11.7985520362854,0.21822978903900658,PBPF,cracker_scene1,40,old
2771,11.802998065948486,0.21835421528629873,PBPF,cracker_scene1,40,old
2772,11.80732536315918,0.21835421528629873,PBPF,cracker_scene1,40,old
2773,11.811765670776367,0.21829978251533166,PBPF,cracker_scene1,40,old
2774,11.8160400390625,0.21829978251533166,PBPF,cracker_scene1,40,old
2775,11.820422649383545,0.21909287522214083,PBPF,cracker_scene1,40,old
2776,11.824623107910156,0.21909287522214083,PBPF,cracker_scene1,40,old
2777,11.82909893989563,0.21831036316141006,PBPF,cracker_scene1,40,old
2778,11.833372831344604,0.21831036316141006,PBPF,cracker_scene1,40,old
2779,11.837612867355347,0.21906808685701495,PBPF,cracker_scene1,40,old
2780,11.84166955947876,0.21906808685701495,PBPF,cracker_scene1,40,old
2781,11.84574556350708,0.21904347432979598,PBPF,cracker_scene1,40,old
2782,11.850003957748413,0.21905362095318548,PBPF,cracker_scene1,40,old
2783,11.854187250137329,0.21907536687568285,PBPF,cracker_scene1,40,old
2784,11.858375787734985,0.2191055689303214,PBPF,cracker_scene1,40,old
2785,11.86252474784851,0.21909373957501632,PBPF,cracker_scene1,40,old
2786,11.866683721542358,0.21903026762473754,PBPF,cracker_scene1,40,old
2787,11.870898008346558,0.21903026762473754,PBPF,cracker_scene1,40,old
2788,11.875569581985474,0.21908773805756443,PBPF,cracker_scene1,40,old
2789,11.88008189201355,0.21831427938324044,PBPF,cracker_scene1,40,old
2790,11.884365320205688,0.21831427938324044,PBPF,cracker_scene1,40,old
2791,11.888749837875366,0.21904002089014352,PBPF,cracker_scene1,40,old
2792,11.89297866821289,0.21904002089014352,PBPF,cracker_scene1,40,old
2793,11.897276878356934,0.21904410490120974,PBPF,cracker_scene1,40,old
2794,11.901631832122803,0.21904410490120974,PBPF,cracker_scene1,40,old
2795,11.906047582626343,0.21827955898628737,PBPF,cracker_scene1,40,old
2796,11.910442352294922,0.21827955898628737,PBPF,cracker_scene1,40,old
2797,11.914846420288086,0.21911453440387252,PBPF,cracker_scene1,40,old
2798,11.91933798789978,0.21869670299222488,PBPF,cracker_scene1,40,old
2799,11.923463582992554,0.21868094966259122,PBPF,cracker_scene1,40,old
2800,11.927926301956177,0.21868094966259122,PBPF,cracker_scene1,40,old
2801,11.932409048080444,0.21912209681103434,PBPF,cracker_scene1,40,old
2802,11.936556577682495,0.21912209681103434,PBPF,cracker_scene1,40,old
2803,11.94113540649414,0.21912796775417842,PBPF,cracker_scene1,40,old
2804,11.94570255279541,0.21912796775417842,PBPF,cracker_scene1,40,old
2805,11.950053930282593,0.2182175944316853,PBPF,cracker_scene1,40,old
2806,11.954368591308594,0.2182175944316853,PBPF,cracker_scene1,40,old
2807,11.958711862564087,0.21819424680059818,PBPF,cracker_scene1,40,old
2808,11.963107585906982,0.21905013540503404,PBPF,cracker_scene1,40,old
2809,11.967468023300171,0.21915901398409066,PBPF,cracker_scene1,40,old
2810,11.971748113632202,0.21915901398409066,PBPF,cracker_scene1,40,old
2811,11.97611927986145,0.21827405602268524,PBPF,cracker_scene1,40,old
2812,11.980458498001099,0.21827405602268524,PBPF,cracker_scene1,40,old
2813,11.98485255241394,0.2191371949736931,PBPF,cracker_scene1,40,old
2814,11.989264249801636,0.21916187264515052,PBPF,cracker_scene1,40,old
2815,11.993460655212402,0.2191309321861743,PBPF,cracker_scene1,40,old
2816,11.997648239135742,0.2191309321861743,PBPF,cracker_scene1,40,old
2817,12.002081871032715,0.21906519893273124,PBPF,cracker_scene1,40,old
2818,12.006182670593262,0.21906519893273124,PBPF,cracker_scene1,40,old
2819,12.010844945907593,0.21911710155202702,PBPF,cracker_scene1,40,old
2820,12.015373229980469,0.21832043997823547,PBPF,cracker_scene1,40,old
2821,12.019843101501465,0.21826556705210187,PBPF,cracker_scene1,40,old
2822,12.024134635925293,0.21826556705210187,PBPF,cracker_scene1,40,old
2823,12.028570652008057,0.21831859779216245,PBPF,cracker_scene1,40,old
2824,12.033087015151978,0.21831859779216245,PBPF,cracker_scene1,40,old
2825,12.037275314331055,0.2190885744478086,PBPF,cracker_scene1,40,old
2826,12.041343450546265,0.2190885744478086,PBPF,cracker_scene1,40,old
2827,12.04564094543457,0.2183140228829501,PBPF,cracker_scene1,40,old
2828,12.04967737197876,0.2183140228829501,PBPF,cracker_scene1,40,old
2829,12.054014444351196,0.2190738052166079,PBPF,cracker_scene1,40,old
2830,12.058013200759888,0.2190738052166079,PBPF,cracker_scene1,40,old
2831,12.06226110458374,0.2183666824296937,PBPF,cracker_scene1,40,old
2832,12.066323041915894,0.2183666824296937,PBPF,cracker_scene1,40,old
2833,12.071125268936157,0.2186611554016018,PBPF,cracker_scene1,40,old
2834,12.075309038162231,0.2186611554016018,PBPF,cracker_scene1,40,old
2835,12.079891443252563,0.21820058073209658,PBPF,cracker_scene1,40,old
2836,12.083980321884155,0.21820058073209658,PBPF,cracker_scene1,40,old
2837,12.088656902313232,0.21909423198282685,PBPF,cracker_scene1,40,old
2838,12.09300708770752,0.21909423198282685,PBPF,cracker_scene1,40,old
2839,12.097503185272217,0.2183107863549001,PBPF,cracker_scene1,40,old
2840,12.10202693939209,0.21830329601355292,PBPF,cracker_scene1,40,old
2841,12.106481790542603,0.2182745775020427,PBPF,cracker_scene1,40,old
2842,12.11089563369751,0.21830175293753218,PBPF,cracker_scene1,40,old
2843,12.115296840667725,0.21830175293753218,PBPF,cracker_scene1,40,old
2844,12.119604587554932,0.2183296996061177,PBPF,cracker_scene1,40,old
2845,12.123945713043213,0.2183796331192287,PBPF,cracker_scene1,40,old
2846,12.128336668014526,0.21879341590191004,PBPF,cracker_scene1,40,old
2847,12.132686853408813,0.21879341590191004,PBPF,cracker_scene1,40,old
2848,12.137040615081787,0.2189195967810882,PBPF,cracker_scene1,40,old
2849,12.14135479927063,0.2189195967810882,PBPF,cracker_scene1,40,old
2850,12.14589810371399,0.2191201714038904,PBPF,cracker_scene1,40,old
2851,12.150272130966187,0.2191201714038904,PBPF,cracker_scene1,40,old
2852,12.154748916625977,0.21893094855232498,PBPF,cracker_scene1,40,old
2853,12.158888101577759,0.21893094855232498,PBPF,cracker_scene1,40,old
2854,12.16353726387024,0.21981624751237838,PBPF,cracker_scene1,40,old
2855,12.167706966400146,0.21981624751237838,PBPF,cracker_scene1,40,old
2856,12.172395706176758,0.2209330305631081,PBPF,cracker_scene1,40,old
2857,12.176665306091309,0.22093199788008722,PBPF,cracker_scene1,40,old
2858,12.181222438812256,0.22034802034838563,PBPF,cracker_scene1,40,old
2859,12.18549394607544,0.21874538794803033,PBPF,cracker_scene1,40,old
2860,12.189775466918945,0.21874538794803033,PBPF,cracker_scene1,40,old
2861,12.194228172302246,0.2181689665269424,PBPF,cracker_scene1,40,old
2862,12.198633193969727,0.21821575952136474,PBPF,cracker_scene1,40,old
2863,12.202986240386963,0.2191211921206575,PBPF,cracker_scene1,40,old
2864,12.207276105880737,0.2191211921206575,PBPF,cracker_scene1,40,old
2865,12.211652517318726,0.21940839797695588,PBPF,cracker_scene1,40,old
2866,12.215935230255127,0.21940839797695588,PBPF,cracker_scene1,40,old
2867,12.220393657684326,0.21918352645336814,PBPF,cracker_scene1,40,old
2868,12.224596977233887,0.21918352645336814,PBPF,cracker_scene1,40,old
2869,12.229194402694702,0.2190547334525652,PBPF,cracker_scene1,40,old
2870,12.233618021011353,0.2190547334525652,PBPF,cracker_scene1,40,old
2871,12.23795485496521,0.2188255522136977,PBPF,cracker_scene1,40,old
2872,12.24204397201538,0.2188255522136977,PBPF,cracker_scene1,40,old
2873,12.246453523635864,0.21954583150276985,PBPF,cracker_scene1,40,old
2874,12.2505042552948,0.21954583150276985,PBPF,cracker_scene1,40,old
2875,12.254910707473755,0.21855612785320933,PBPF,cracker_scene1,40,old
2876,12.25898790359497,0.21855612785320933,PBPF,cracker_scene1,40,old
2877,12.26371145248413,0.21902255457054487,PBPF,cracker_scene1,40,old
2878,12.268044710159302,0.21932433036164678,PBPF,cracker_scene1,40,old
2879,12.272532224655151,0.21932433036164678,PBPF,cracker_scene1,40,old
2880,12.276839017868042,0.2185831804016205,PBPF,cracker_scene1,40,old
2881,12.281389474868774,0.2185831804016205,PBPF,cracker_scene1,40,old
2882,12.285528182983398,0.21856953988561756,PBPF,cracker_scene1,40,old
2883,12.289959907531738,0.21927147535823455,PBPF,cracker_scene1,40,old
2884,12.294326066970825,0.2186215579990316,PBPF,cracker_scene1,40,old
2885,12.298676013946533,0.2186215579990316,PBPF,cracker_scene1,40,old
2886,12.30320405960083,0.21922951496682774,PBPF,cracker_scene1,40,old
2887,12.307349920272827,0.21922951496682774,PBPF,cracker_scene1,40,old
2888,12.311755418777466,0.21838219944423276,PBPF,cracker_scene1,40,old
2889,12.316043853759766,0.21838219944423276,PBPF,cracker_scene1,40,old
2890,12.320581674575806,0.21853344874514935,PBPF,cracker_scene1,40,old
2891,12.324836254119873,0.21853344874514935,PBPF,cracker_scene1,40,old
2892,12.329252004623413,0.21841969318362153,PBPF,cracker_scene1,40,old
2893,12.333598375320435,0.21841969318362153,PBPF,cracker_scene1,40,old
2894,12.338389873504639,0.21830274531967042,PBPF,cracker_scene1,40,old
2895,12.342557191848755,0.21830274531967042,PBPF,cracker_scene1,40,old
2896,12.346968650817871,0.2187291795989399,PBPF,cracker_scene1,40,old
2897,12.351219892501831,0.21926993523080984,PBPF,cracker_scene1,40,old
2898,12.355599164962769,0.21926993523080984,PBPF,cracker_scene1,40,old
2899,12.359761953353882,0.21926993523080984,PBPF,cracker_scene1,40,old
2900,12.364295244216919,0.21950656165362048,PBPF,cracker_scene1,40,old
2901,12.368623971939087,0.21927485628711896,PBPF,cracker_scene1,40,old
2902,12.37288522720337,0.21927485628711896,PBPF,cracker_scene1,40,old
2903,12.377137422561646,0.21839684040647267,PBPF,cracker_scene1,40,old
2904,12.381493091583252,0.21839684040647267,PBPF,cracker_scene1,40,old
2905,12.385683536529541,0.21839684040647267,PBPF,cracker_scene1,40,old
2906,12.390182733535767,0.2179988018580561,PBPF,cracker_scene1,40,old
2907,12.394705533981323,0.21834846899296156,PBPF,cracker_scene1,40,old
2908,12.398964643478394,0.21834846899296156,PBPF,cracker_scene1,40,old
2909,12.40330171585083,0.2183309055529925,PBPF,cracker_scene1,40,old
2910,12.407517910003662,0.2183309055529925,PBPF,cracker_scene1,40,old
2911,12.411952495574951,0.21839967722400822,PBPF,cracker_scene1,40,old
2912,12.416101455688477,0.21839967722400822,PBPF,cracker_scene1,40,old
2913,12.420435667037964,0.21936616392696173,PBPF,cracker_scene1,40,old
2914,12.424670934677124,0.21936616392696173,PBPF,cracker_scene1,40,old
2915,12.429124355316162,0.21805458277691425,PBPF,cracker_scene1,40,old
2916,12.43352198600769,0.21805458277691425,PBPF,cracker_scene1,40,old
2917,12.438105821609497,0.2182686800545639,PBPF,cracker_scene1,40,old
2918,12.44227123260498,0.2182686800545639,PBPF,cracker_scene1,40,old
2919,12.446727275848389,0.2173004596768866,PBPF,cracker_scene1,40,old
2920,12.450881719589233,0.2173004596768866,PBPF,cracker_scene1,40,old
2921,12.455472230911255,0.21699973347170864,PBPF,cracker_scene1,40,old
2922,12.459622144699097,0.2177030223661358,PBPF,cracker_scene1,40,old
2923,12.464162826538086,0.21863410082450674,PBPF,cracker_scene1,40,old
2924,12.46870756149292,0.21863410082450674,PBPF,cracker_scene1,40,old
2925,12.472981214523315,0.21821072099100558,PBPF,cracker_scene1,40,old
2926,12.477161169052124,0.21788461568948314,PBPF,cracker_scene1,40,old
2927,12.481268644332886,0.21788461568948314,PBPF,cracker_scene1,40,old
2928,12.485550880432129,0.21655056703683861,PBPF,cracker_scene1,40,old
2929,12.489743709564209,0.21655056703683861,PBPF,cracker_scene1,40,old
2930,12.49422812461853,0.2167446918726883,PBPF,cracker_scene1,40,old
2931,12.499328374862671,0.2167446918726883,PBPF,cracker_scene1,40,old
2932,12.505358934402466,0.21625822958914753,PBPF,cracker_scene1,40,old
2933,12.509557247161865,0.21625822958914753,PBPF,cracker_scene1,40,old
2934,12.513940334320068,0.21682011997454545,PBPF,cracker_scene1,40,old
2935,12.517997026443481,0.21682011997454545,PBPF,cracker_scene1,40,old
2936,12.522425651550293,0.2166528864051492,PBPF,cracker_scene1,40,old
2937,12.526609420776367,0.2166528864051492,PBPF,cracker_scene1,40,old
2938,12.530968189239502,0.2157188640054976,PBPF,cracker_scene1,40,old
2939,12.535367965698242,0.21558933326449653,PBPF,cracker_scene1,40,old
2940,12.539616584777832,0.21558933326449653,PBPF,cracker_scene1,40,old
2941,12.543790578842163,0.2161388734610931,PBPF,cracker_scene1,40,old
2942,12.548057317733765,0.2161388734610931,PBPF,cracker_scene1,40,old
2943,12.552132368087769,0.2158018105332225,PBPF,cracker_scene1,40,old
2944,12.556797981262207,0.21612481811621853,PBPF,cracker_scene1,40,old
2945,12.561095952987671,0.2170066220933096,PBPF,cracker_scene1,40,old
2946,12.565427303314209,0.2170066220933096,PBPF,cracker_scene1,40,old
2947,12.569499731063843,0.21695786355792473,PBPF,cracker_scene1,40,old
2948,12.573970079421997,0.21757035729237192,PBPF,cracker_scene1,40,old
2949,12.578514099121094,0.2173484079555908,PBPF,cracker_scene1,40,old
2950,12.582817316055298,0.2173484079555908,PBPF,cracker_scene1,40,old
2951,12.587276458740234,0.21696382628609462,PBPF,cracker_scene1,40,old
2952,12.591584920883179,0.21696382628609462,PBPF,cracker_scene1,40,old
2953,12.596182107925415,0.21637774396542817,PBPF,cracker_scene1,40,old
2954,12.600566148757935,0.21637774396542817,PBPF,cracker_scene1,40,old
2955,12.605197668075562,0.21634340827149193,PBPF,cracker_scene1,40,old
2956,12.609359979629517,0.21634340827149193,PBPF,cracker_scene1,40,old
2957,12.614012718200684,0.21689589013055113,PBPF,cracker_scene1,40,old
2958,12.618188381195068,0.21690053783143942,PBPF,cracker_scene1,40,old
2959,12.622847318649292,0.2178052786233865,PBPF,cracker_scene1,40,old
2960,12.627095937728882,0.2170638384965328,PBPF,cracker_scene1,40,old
2961,12.63158369064331,0.21725726283532604,PBPF,cracker_scene1,40,old
2962,12.636057138442993,0.21789671667539387,PBPF,cracker_scene1,40,old
2963,12.640378475189209,0.21789671667539387,PBPF,cracker_scene1,40,old
2964,12.645388841629028,0.21873760426577946,PBPF,cracker_scene1,40,old
2965,12.65003514289856,0.21873760426577946,PBPF,cracker_scene1,40,old
2966,12.654269695281982,0.21878572006395702,PBPF,cracker_scene1,40,old
2967,12.659932613372803,0.21921369358261536,PBPF,cracker_scene1,40,old
2968,12.665404796600342,0.22487407371839138,PBPF,cracker_scene1,40,old
2969,12.669503450393677,0.22487407371839138,PBPF,cracker_scene1,40,old
2970,12.673946142196655,0.22441645320697728,PBPF,cracker_scene1,40,old
2971,12.678163051605225,0.22441645320697728,PBPF,cracker_scene1,40,old
2972,12.68243145942688,0.2257712413797515,PBPF,cracker_scene1,40,old
2973,12.6865074634552,0.2257712413797515,PBPF,cracker_scene1,40,old
2974,12.690860271453857,0.2264938679894476,PBPF,cracker_scene1,40,old
2975,12.694953441619873,0.2264938679894476,PBPF,cracker_scene1,40,old
2976,12.699697494506836,0.22701733027842327,PBPF,cracker_scene1,40,old
2977,12.704186201095581,0.22701733027842327,PBPF,cracker_scene1,40,old
2978,12.708431959152222,0.2280276335593899,PBPF,cracker_scene1,40,old
2979,12.71249270439148,0.2280276335593899,PBPF,cracker_scene1,40,old
2980,12.716774225234985,0.22809607461693543,PBPF,cracker_scene1,40,old
2981,12.720874786376953,0.22809607461693543,PBPF,cracker_scene1,40,old
2982,12.725658178329468,0.22809607461693543,PBPF,cracker_scene1,40,old
2983,12.729934930801392,0.2276446371107352,PBPF,cracker_scene1,40,old
2984,12.734662771224976,0.2286258493905176,PBPF,cracker_scene1,40,old
2985,12.738948822021484,0.2286258493905176,PBPF,cracker_scene1,40,old
2986,12.743651390075684,0.229697067998657,PBPF,cracker_scene1,40,old
2987,12.747971057891846,0.229697067998657,PBPF,cracker_scene1,40,old
2988,12.752541780471802,0.22936311217680513,PBPF,cracker_scene1,40,old
2989,12.75692081451416,0.22936311217680513,PBPF,cracker_scene1,40,old
2990,12.761101722717285,0.2309963864472049,PBPF,cracker_scene1,40,old
2991,12.765499114990234,0.2309963864472049,PBPF,cracker_scene1,40,old
2992,12.769787549972534,0.2309963864472049,PBPF,cracker_scene1,40,old
2993,12.773905515670776,0.23101027296963625,PBPF,cracker_scene1,40,old
2994,12.77842903137207,0.23052981618238885,PBPF,cracker_scene1,40,old
2995,12.783039093017578,0.23127417519059654,PBPF,cracker_scene1,40,old
2996,12.787428617477417,0.2317881527135791,PBPF,cracker_scene1,40,old
2997,12.791889667510986,0.2317881527135791,PBPF,cracker_scene1,40,old
2998,12.796377182006836,0.23335846632137972,PBPF,cracker_scene1,40,old
2999,12.800799131393433,0.23312360431900364,PBPF,cracker_scene1,40,old
3000,12.805099964141846,0.23372060690202467,PBPF,cracker_scene1,40,old
3001,12.809407472610474,0.23372060690202467,PBPF,cracker_scene1,40,old
3002,12.814081192016602,0.23428401691735234,PBPF,cracker_scene1,40,old
3003,12.818965673446655,0.23711440669738998,PBPF,cracker_scene1,40,old
3004,12.82351803779602,0.23758801352889858,PBPF,cracker_scene1,40,old
3005,12.827977895736694,0.23857183696504428,PBPF,cracker_scene1,40,old
3006,12.832260370254517,0.23857183696504428,PBPF,cracker_scene1,40,old
3007,12.836487531661987,0.23874866674099784,PBPF,cracker_scene1,40,old
3008,12.840672254562378,0.23874866674099784,PBPF,cracker_scene1,40,old
3009,12.844950199127197,0.23984734019011728,PBPF,cracker_scene1,40,old
3010,12.849207162857056,0.23984734019011728,PBPF,cracker_scene1,40,old
3011,12.853507280349731,0.2407299247089846,PBPF,cracker_scene1,40,old
3012,12.857825994491577,0.2407299247089846,PBPF,cracker_scene1,40,old
3013,12.862393617630005,0.2410019742550761,PBPF,cracker_scene1,40,old
3014,12.86668848991394,0.2410019742550761,PBPF,cracker_scene1,40,old
3015,12.87116289138794,0.24227101678750113,PBPF,cracker_scene1,40,old
3016,12.875300168991089,0.24227101678750113,PBPF,cracker_scene1,40,old
3017,12.879389524459839,0.24224895703909552,PBPF,cracker_scene1,40,old
3018,12.883804321289062,0.2425811793668773,PBPF,cracker_scene1,40,old
3019,12.888301610946655,0.24363688918173537,PBPF,cracker_scene1,40,old
3020,12.892349004745483,0.24363688918173537,PBPF,cracker_scene1,40,old
3021,12.89690899848938,0.24435170715810675,PBPF,cracker_scene1,40,old
3022,12.901442766189575,0.244400563486568,PBPF,cracker_scene1,40,old
3023,12.905647277832031,0.24505884491345223,PBPF,cracker_scene1,40,old
3024,12.909812688827515,0.24502058747491667,PBPF,cracker_scene1,40,old
3025,12.914073467254639,0.24596048446989827,PBPF,cracker_scene1,40,old
3026,12.918291330337524,0.24831980087810984,PBPF,cracker_scene1,40,old
3027,12.922457218170166,0.24831980087810984,PBPF,cracker_scene1,40,old
3028,12.926636219024658,0.24832369006280838,PBPF,cracker_scene1,40,old
3029,12.930831670761108,0.24934116208502732,PBPF,cracker_scene1,40,old
3030,12.935773134231567,0.24913597387020553,PBPF,cracker_scene1,40,old
3031,12.940186738967896,0.24913597387020553,PBPF,cracker_scene1,40,old
3032,12.94435453414917,0.2500858864065064,PBPF,cracker_scene1,40,old
3033,12.948739051818848,0.2500858864065064,PBPF,cracker_scene1,40,old
3034,12.953028678894043,0.2514187163908235,PBPF,cracker_scene1,40,old
3035,12.957417726516724,0.2514187163908235,PBPF,cracker_scene1,40,old
3036,12.961844205856323,0.2513972668194724,PBPF,cracker_scene1,40,old
3037,12.96625018119812,0.2513972668194724,PBPF,cracker_scene1,40,old
3038,12.970829486846924,0.2529704982720477,PBPF,cracker_scene1,40,old
3039,12.975069046020508,0.2529704982720477,PBPF,cracker_scene1,40,old
3040,12.979811906814575,0.25361600684542296,PBPF,cracker_scene1,40,old
3041,12.98387861251831,0.25361600684542296,PBPF,cracker_scene1,40,old
3042,12.988267183303833,0.25536783806676855,PBPF,cracker_scene1,40,old
3043,12.992403507232666,0.25536783806676855,PBPF,cracker_scene1,40,old
3044,12.996918439865112,0.25735704387165725,PBPF,cracker_scene1,40,old
3045,13.001304388046265,0.25735704387165725,PBPF,cracker_scene1,40,old
3046,13.005802869796753,0.25849400591010596,PBPF,cracker_scene1,40,old
3047,13.010283708572388,0.25850308186781223,PBPF,cracker_scene1,40,old
3048,13.014761209487915,0.25933514483473985,PBPF,cracker_scene1,40,old
3049,13.019066572189331,0.2600800614492771,PBPF,cracker_scene1,40,old
3050,13.023444414138794,0.2600800614492771,PBPF,cracker_scene1,40,old
3051,13.027800798416138,0.2591475968369865,PBPF,cracker_scene1,40,old
3052,13.03227186203003,0.26089350349070806,PBPF,cracker_scene1,40,old
3053,13.036736726760864,0.26196125347939514,PBPF,cracker_scene1,40,old
3054,13.040920734405518,0.26196125347939514,PBPF,cracker_scene1,40,old
3055,13.045310258865356,0.26283400022796943,PBPF,cracker_scene1,40,old
3056,13.049594163894653,0.26283400022796943,PBPF,cracker_scene1,40,old
3057,13.053730249404907,0.26283400022796943,PBPF,cracker_scene1,40,old
3058,13.058287143707275,0.26373256114411703,PBPF,cracker_scene1,40,old
3059,13.062755584716797,0.26373256114411703,PBPF,cracker_scene1,40,old
3060,13.067172527313232,0.2637169540853668,PBPF,cracker_scene1,40,old
3061,13.071498394012451,0.2637169540853668,PBPF,cracker_scene1,40,old
3062,13.07593560218811,0.265038507157481,PBPF,cracker_scene1,40,old
3063,13.080252408981323,0.265038507157481,PBPF,cracker_scene1,40,old
3064,13.08464789390564,0.2659268600516036,PBPF,cracker_scene1,40,old
3065,13.088987827301025,0.2659268600516036,PBPF,cracker_scene1,40,old
3066,13.093425750732422,0.26769002343417814,PBPF,cracker_scene1,40,old
3067,13.097895383834839,0.26769002343417814,PBPF,cracker_scene1,40,old
3068,13.10245156288147,0.2685743534333742,PBPF,cracker_scene1,40,old
3069,13.10667896270752,0.2685743534333742,PBPF,cracker_scene1,40,old
3070,13.111021995544434,0.2700169828039982,PBPF,cracker_scene1,40,old
3071,13.115163087844849,0.2700169828039982,PBPF,cracker_scene1,40,old
3072,13.119636535644531,0.2719792413980029,PBPF,cracker_scene1,40,old
3073,13.1238374710083,0.2719792413980029,PBPF,cracker_scene1,40,old
3074,13.128233671188354,0.27191567973236896,PBPF,cracker_scene1,40,old
3075,13.13267993927002,0.27295159531975965,PBPF,cracker_scene1,40,old
3076,13.137255430221558,0.27295159531975965,PBPF,cracker_scene1,40,old
3077,13.141868114471436,0.20333762056719973,PBPF,cracker_scene1,40,old
3078,13.146295070648193,0.20333762056719973,PBPF,cracker_scene1,40,old
3079,13.15040111541748,0.20333762056719973,PBPF,cracker_scene1,40,old
3080,13.155001640319824,0.2045856788800835,PBPF,cracker_scene1,40,old
3081,13.159245252609253,0.2054991025015882,PBPF,cracker_scene1,40,old
3082,13.163721323013306,0.2047764496694855,PBPF,cracker_scene1,40,old
3083,13.168458700180054,0.20646686413570414,PBPF,cracker_scene1,40,old
3084,13.172747373580933,0.20646686413570414,PBPF,cracker_scene1,40,old
3085,13.177127122879028,0.20697507504775636,PBPF,cracker_scene1,40,old
3086,13.181390047073364,0.20697507504775636,PBPF,cracker_scene1,40,old
3087,13.185680866241455,0.20897195661950807,PBPF,cracker_scene1,40,old
3088,13.190009355545044,0.20897195661950807,PBPF,cracker_scene1,40,old
3089,13.19413709640503,0.20897195661950807,PBPF,cracker_scene1,40,old
3090,13.19896149635315,0.21023581034433292,PBPF,cracker_scene1,40,old
3091,13.203431367874146,0.21112171901613053,PBPF,cracker_scene1,40,old
3092,13.207664966583252,0.21040594533105406,PBPF,cracker_scene1,40,old
3093,13.212235689163208,0.21040594533105406,PBPF,cracker_scene1,40,old
3094,13.216618537902832,0.2125252844098755,PBPF,cracker_scene1,40,old
3095,13.22109055519104,0.21367773700673443,PBPF,cracker_scene1,40,old
3096,13.226135730743408,0.21455163402555844,PBPF,cracker_scene1,40,old
3097,13.230836868286133,0.2155110998585279,PBPF,cracker_scene1,40,old
3098,13.23566484451294,0.21830052371993425,PBPF,cracker_scene1,40,old
3099,13.240224599838257,0.21830052371993425,PBPF,cracker_scene1,40,old
3100,13.244717597961426,0.2194051456567312,PBPF,cracker_scene1,40,old
3101,13.249073028564453,0.2194051456567312,PBPF,cracker_scene1,40,old
3102,13.253419876098633,0.22106345199632216,PBPF,cracker_scene1,40,old
3103,13.257797241210938,0.22106345199632216,PBPF,cracker_scene1,40,old
3104,13.26219916343689,0.22105228109478858,PBPF,cracker_scene1,40,old
3105,13.26664423942566,0.22105228109478858,PBPF,cracker_scene1,40,old
3106,13.271339893341064,0.22187389925095147,PBPF,cracker_scene1,40,old
3107,13.275318145751953,0.22187389925095147,PBPF,cracker_scene1,40,old
3108,13.279654264450073,0.22368046517951257,PBPF,cracker_scene1,40,old
3109,13.283738374710083,0.22368046517951257,PBPF,cracker_scene1,40,old
3110,13.288072347640991,0.2247368905919931,PBPF,cracker_scene1,40,old
3111,13.292327642440796,0.2247368905919931,PBPF,cracker_scene1,40,old
3112,13.297113180160522,0.22584926091822055,PBPF,cracker_scene1,40,old
3113,13.301663398742676,0.19807260702314444,PBPF,cracker_scene1,40,old
3114,13.306158304214478,0.19904758732598093,PBPF,cracker_scene1,40,old
3115,13.310216188430786,0.19904758732598093,PBPF,cracker_scene1,40,old
3116,13.314807415008545,0.1996454936506984,PBPF,cracker_scene1,40,old
3117,13.319098949432373,0.20021397015313358,PBPF,cracker_scene1,40,old
3118,13.323404312133789,0.20021397015313358,PBPF,cracker_scene1,40,old
3119,13.327714204788208,0.20215076505365914,PBPF,cracker_scene1,40,old
3120,13.331898212432861,0.20215076505365914,PBPF,cracker_scene1,40,old
3121,13.336438655853271,0.20439005002457122,PBPF,cracker_scene1,40,old
3122,13.340411186218262,0.20439005002457122,PBPF,cracker_scene1,40,old
3123,13.344483137130737,0.20552632030095186,PBPF,cracker_scene1,40,old
3124,13.348504304885864,0.20552632030095186,PBPF,cracker_scene1,40,old
3125,13.352590799331665,0.20713387117738336,PBPF,cracker_scene1,40,old
3126,13.356571197509766,0.20713387117738336,PBPF,cracker_scene1,40,old
3127,13.360766410827637,0.20745503673380128,PBPF,cracker_scene1,40,old
3128,13.365325212478638,0.20745503673380128,PBPF,cracker_scene1,40,old
3129,13.369742631912231,0.2091074427642825,PBPF,cracker_scene1,40,old
3130,13.373810529708862,0.2091074427642825,PBPF,cracker_scene1,40,old
3131,13.378127813339233,0.21153837422805832,PBPF,cracker_scene1,40,old
3132,13.382388591766357,0.21153837422805832,PBPF,cracker_scene1,40,old
3133,13.386783599853516,0.21159218757288656,PBPF,cracker_scene1,40,old
3134,13.390936613082886,0.21159218757288656,PBPF,cracker_scene1,40,old
3135,13.395263910293579,0.21266026541975958,PBPF,cracker_scene1,40,old
3136,13.399660587310791,0.21266026541975958,PBPF,cracker_scene1,40,old
3137,13.404077529907227,0.2149755563029201,PBPF,cracker_scene1,40,old
3138,13.408238172531128,0.2149755563029201,PBPF,cracker_scene1,40,old
3139,13.412604570388794,0.2148032842922678,PBPF,cracker_scene1,40,old
3140,13.416711807250977,0.2148032842922678,PBPF,cracker_scene1,40,old
3141,13.421147108078003,0.21659441596371032,PBPF,cracker_scene1,40,old
3142,13.425333261489868,0.21659441596371032,PBPF,cracker_scene1,40,old
3143,13.429816961288452,0.21830302236842147,PBPF,cracker_scene1,40,old
3144,13.433875799179077,0.21830302236842147,PBPF,cracker_scene1,40,old
3145,13.438283681869507,0.2195746080949359,PBPF,cracker_scene1,40,old
3146,13.44235634803772,0.2195746080949359,PBPF,cracker_scene1,40,old
3147,13.446782112121582,0.22025440828012144,PBPF,cracker_scene1,40,old
3148,13.450865507125854,0.22025440828012144,PBPF,cracker_scene1,40,old
3149,13.455431461334229,0.22152445634246476,PBPF,cracker_scene1,40,old
3150,13.459937334060669,0.2087047031040691,PBPF,cracker_scene1,40,old
3151,13.464210271835327,0.2087047031040691,PBPF,cracker_scene1,40,old
3152,13.468371391296387,0.2092172609352647,PBPF,cracker_scene1,40,old
3153,13.472577333450317,0.2092172609352647,PBPF,cracker_scene1,40,old
3154,13.476635217666626,0.21036743565674174,PBPF,cracker_scene1,40,old
3155,13.480839967727661,0.21117725874545337,PBPF,cracker_scene1,40,old
3156,13.484951734542847,0.21114922410130782,PBPF,cracker_scene1,40,old
3157,13.48923659324646,0.21269129205247153,PBPF,cracker_scene1,40,old
3158,13.493513584136963,0.2123926849018395,PBPF,cracker_scene1,40,old
3159,13.497793197631836,0.2123926849018395,PBPF,cracker_scene1,40,old
3160,13.502061605453491,0.2140661584828677,PBPF,cracker_scene1,40,old
3161,13.50631070137024,0.2140661584828677,PBPF,cracker_scene1,40,old
3162,13.510486125946045,0.21445565509965148,PBPF,cracker_scene1,40,old
3163,13.514659881591797,0.21445565509965148,PBPF,cracker_scene1,40,old
3164,13.51882290840149,0.21731741812545252,PBPF,cracker_scene1,40,old
3165,13.522948265075684,0.21731741812545252,PBPF,cracker_scene1,40,old
3166,13.527129411697388,0.21851306409702204,PBPF,cracker_scene1,40,old
3167,13.531745433807373,0.21851306409702204,PBPF,cracker_scene1,40,old
3168,13.536130905151367,0.21831603759658524,PBPF,cracker_scene1,40,old
3169,13.540554761886597,0.21831603759658524,PBPF,cracker_scene1,40,old
3170,13.544947624206543,0.2197127726171628,PBPF,cracker_scene1,40,old
3171,13.549237728118896,0.2197127726171628,PBPF,cracker_scene1,40,old
3172,13.553624153137207,0.22100127822964794,PBPF,cracker_scene1,40,old
3173,13.557842254638672,0.22100127822964794,PBPF,cracker_scene1,40,old
3174,13.56231689453125,0.2230107590662125,PBPF,cracker_scene1,40,old
3175,13.566700458526611,0.2230107590662125,PBPF,cracker_scene1,40,old
3176,13.571213006973267,0.22384933444425834,PBPF,cracker_scene1,40,old
3177,13.57532811164856,0.22384933444425834,PBPF,cracker_scene1,40,old
3178,13.579717874526978,0.2250942683452374,PBPF,cracker_scene1,40,old
3179,13.583759307861328,0.2250942683452374,PBPF,cracker_scene1,40,old
3180,13.588550329208374,0.22411155550316955,PBPF,cracker_scene1,40,old
3181,13.592910766601562,0.22411155550316955,PBPF,cracker_scene1,40,old
3182,13.597380876541138,0.2261708882839325,PBPF,cracker_scene1,40,old
3183,13.601889371871948,0.22928165051855545,PBPF,cracker_scene1,40,old
3184,13.6062912940979,0.22924479614177964,PBPF,cracker_scene1,40,old
3185,13.610884428024292,0.2291599324939134,PBPF,cracker_scene1,40,old
3186,13.615172147750854,0.22918448620645454,PBPF,cracker_scene1,40,old
3187,13.61977219581604,0.226002057040778,PBPF,cracker_scene1,40,old
3188,13.623936176300049,0.226002057040778,PBPF,cracker_scene1,40,old
3189,13.628262519836426,0.22745044038662948,PBPF,cracker_scene1,40,old
3190,13.632519245147705,0.22745044038662948,PBPF,cracker_scene1,40,old
3191,13.637127161026001,0.2288485716684865,PBPF,cracker_scene1,40,old
3192,13.64152479171753,0.2288485716684865,PBPF,cracker_scene1,40,old
3193,13.646167755126953,0.23203755665736217,PBPF,cracker_scene1,40,old
3194,13.6503267288208,0.23203755665736217,PBPF,cracker_scene1,40,old
3195,13.654961347579956,0.23111199753687076,PBPF,cracker_scene1,40,old
3196,13.659329652786255,0.23111199753687076,PBPF,cracker_scene1,40,old
3197,13.66409683227539,0.23413686164810063,PBPF,cracker_scene1,40,old
3198,13.668433904647827,0.2352183315263123,PBPF,cracker_scene1,40,old
3199,13.672937631607056,0.2352183315263123,PBPF,cracker_scene1,40,old
3200,13.67746114730835,0.23653870162760768,PBPF,cracker_scene1,40,old
3201,13.682094097137451,0.23653870162760768,PBPF,cracker_scene1,40,old
3202,13.686419486999512,0.23909486014501025,PBPF,cracker_scene1,40,old
3203,13.690877914428711,0.23909486014501025,PBPF,cracker_scene1,40,old
3204,13.695380926132202,0.23847747364164829,PBPF,cracker_scene1,40,old
3205,13.699753284454346,0.23847747364164829,PBPF,cracker_scene1,40,old
3206,13.704211235046387,0.240168660412105,PBPF,cracker_scene1,40,old
3207,13.708465099334717,0.240168660412105,PBPF,cracker_scene1,40,old
3208,13.713125467300415,0.2434095565967047,PBPF,cracker_scene1,40,old
3209,13.717235326766968,0.2434095565967047,PBPF,cracker_scene1,40,old
3210,13.72182822227478,0.24309902126087193,PBPF,cracker_scene1,40,old
3211,13.725920677185059,0.24309902126087193,PBPF,cracker_scene1,40,old
3212,13.730533838272095,0.2441656327887398,PBPF,cracker_scene1,40,old
3213,13.734719276428223,0.2441656327887398,PBPF,cracker_scene1,40,old
3214,13.739367246627808,0.24565025223796202,PBPF,cracker_scene1,40,old
3215,13.743741035461426,0.2459747689394742,PBPF,cracker_scene1,40,old
3216,13.748074769973755,0.2459747689394742,PBPF,cracker_scene1,40,old
3217,13.75245451927185,0.24785825453897384,PBPF,cracker_scene1,40,old
3218,13.756749629974365,0.24785825453897384,PBPF,cracker_scene1,40,old
3219,13.76101279258728,0.24917474296140416,PBPF,cracker_scene1,40,old
3220,13.76556944847107,0.24917474296140416,PBPF,cracker_scene1,40,old
3221,13.769894361495972,0.2533936550089596,PBPF,cracker_scene1,40,old
3222,13.774258613586426,0.2533936550089596,PBPF,cracker_scene1,40,old
3223,13.778812170028687,0.2544190100829785,PBPF,cracker_scene1,40,old
3224,13.783395528793335,0.2521444216904825,PBPF,cracker_scene1,40,old
3225,13.78908371925354,0.2508867452354087,PBPF,cracker_scene1,40,old
3226,13.79347825050354,0.2508867452354087,PBPF,cracker_scene1,40,old
3227,13.798041343688965,0.2522329492477993,PBPF,cracker_scene1,40,old
3228,13.80262017250061,0.25431022086287225,PBPF,cracker_scene1,40,old
3229,13.806689977645874,0.25431022086287225,PBPF,cracker_scene1,40,old
3230,13.811010837554932,0.2580545035898155,PBPF,cracker_scene1,40,old
3231,13.815098285675049,0.2580545035898155,PBPF,cracker_scene1,40,old
3232,13.819515228271484,0.25824975805219724,PBPF,cracker_scene1,40,old
3233,13.823586463928223,0.25824975805219724,PBPF,cracker_scene1,40,old
3234,13.827778100967407,0.259437945047913,PBPF,cracker_scene1,40,old
3235,13.832589387893677,0.259437945047913,PBPF,cracker_scene1,40,old
3236,13.837051391601562,0.25854944963237675,PBPF,cracker_scene1,40,old
3237,13.841211318969727,0.25854944963237675,PBPF,cracker_scene1,40,old
3238,13.845544815063477,0.2605903474865883,PBPF,cracker_scene1,40,old
3239,13.849892377853394,0.2605903474865883,PBPF,cracker_scene1,40,old
3240,13.853992700576782,0.2618893696172255,PBPF,cracker_scene1,40,old
3241,13.857967376708984,0.2618893696172255,PBPF,cracker_scene1,40,old
3242,13.862406253814697,0.2618893696172255,PBPF,cracker_scene1,40,old
3243,13.866769075393677,0.2631139277713838,PBPF,cracker_scene1,40,old
3244,13.871182680130005,0.2631139277713838,PBPF,cracker_scene1,40,old
3245,13.875462532043457,0.2645150270413787,PBPF,cracker_scene1,40,old
3246,13.879863977432251,0.2645150270413787,PBPF,cracker_scene1,40,old
3247,13.884133100509644,0.2657457086659363,PBPF,cracker_scene1,40,old
3248,13.888512134552002,0.26918313845211844,PBPF,cracker_scene1,40,old
3249,13.892821311950684,0.26918313845211844,PBPF,cracker_scene1,40,old
3250,13.897146224975586,0.26918313845211844,PBPF,cracker_scene1,40,old
3251,13.901447296142578,0.27096943403803275,PBPF,cracker_scene1,40,old
3252,13.90584683418274,0.27096943403803275,PBPF,cracker_scene1,40,old
3253,13.910271167755127,0.26921159095257935,PBPF,cracker_scene1,40,old
3254,13.914778232574463,0.26921159095257935,PBPF,cracker_scene1,40,old
3255,13.919134140014648,0.27067899998823103,PBPF,cracker_scene1,40,old
3256,13.923469305038452,0.27067899998823103,PBPF,cracker_scene1,40,old
3257,13.927923917770386,0.2730740869711701,PBPF,cracker_scene1,40,old
3258,13.93246340751648,0.2730740869711701,PBPF,cracker_scene1,40,old
3259,13.936712741851807,0.2730740869711701,PBPF,cracker_scene1,40,old
3260,13.941382646560669,0.27459088142002036,PBPF,cracker_scene1,40,old
3261,13.945863008499146,0.25508589994895003,PBPF,cracker_scene1,40,old
3262,13.950281381607056,0.25508589994895003,PBPF,cracker_scene1,40,old
3263,13.95459771156311,0.2552525828322416,PBPF,cracker_scene1,40,old
3264,13.958676099777222,0.2552525828322416,PBPF,cracker_scene1,40,old
3265,13.963062047958374,0.25677802423105595,PBPF,cracker_scene1,40,old
3266,13.96734619140625,0.25677802423105595,PBPF,cracker_scene1,40,old
3267,13.971956729888916,0.2585947715684337,PBPF,cracker_scene1,40,old
3268,13.976218223571777,0.2585947715684337,PBPF,cracker_scene1,40,old
3269,13.980543613433838,0.2585947715684337,PBPF,cracker_scene1,40,old
3270,13.985044240951538,0.2597523013853057,PBPF,cracker_scene1,40,old
3271,13.989556550979614,0.2620692314370104,PBPF,cracker_scene1,40,old
3272,13.993988275527954,0.2620692314370104,PBPF,cracker_scene1,40,old
3273,13.99819016456604,0.2620692314370104,PBPF,cracker_scene1,40,old
3274,14.002662181854248,0.2644126918748031,PBPF,cracker_scene1,40,old
3275,14.00672197341919,0.2644126918748031,PBPF,cracker_scene1,40,old
3276,14.010817050933838,0.2644126918748031,PBPF,cracker_scene1,40,old
3277,14.015130281448364,0.26518841814468597,PBPF,cracker_scene1,40,old
3278,14.019376516342163,0.2670371913472268,PBPF,cracker_scene1,40,old
3279,14.024141073226929,0.2671397653684246,PBPF,cracker_scene1,40,old
3280,14.028724193572998,0.2689495985822527,PBPF,cracker_scene1,40,old
3281,14.033453226089478,0.2701996444170983,PBPF,cracker_scene1,40,old
3282,14.037814378738403,0.27198094531678985,PBPF,cracker_scene1,40,old
3283,14.042129278182983,0.27198094531678985,PBPF,cracker_scene1,40,old
3284,14.046519041061401,0.27377771486997504,PBPF,cracker_scene1,40,old
3285,14.050885200500488,0.27377771486997504,PBPF,cracker_scene1,40,old
3286,14.055469989776611,0.27489717423220333,PBPF,cracker_scene1,40,old
3287,14.059618473052979,0.2740739212786164,PBPF,cracker_scene1,40,old
3288,14.064156293869019,0.2756875323519606,PBPF,cracker_scene1,40,old
3289,14.068630695343018,0.27702770545081207,PBPF,cracker_scene1,40,old
3290,14.07314920425415,0.27705534938371273,PBPF,cracker_scene1,40,old
3291,14.077435731887817,0.2789923649722987,PBPF,cracker_scene1,40,old
3292,14.08195185661316,0.2789923649722987,PBPF,cracker_scene1,40,old
3293,14.086355924606323,0.2806175127559739,PBPF,cracker_scene1,40,old
3294,14.090766668319702,0.2806175127559739,PBPF,cracker_scene1,40,old
3295,14.095202922821045,0.28105869569029185,PBPF,cracker_scene1,40,old
3296,14.099561929702759,0.28105869569029185,PBPF,cracker_scene1,40,old
3297,14.104371309280396,0.26690010994894653,PBPF,cracker_scene1,40,old
3298,14.10846209526062,0.26690010994894653,PBPF,cracker_scene1,40,old
3299,14.113031148910522,0.26905673068645425,PBPF,cracker_scene1,40,old
3300,14.117197275161743,0.26905673068645425,PBPF,cracker_scene1,40,old
3301,14.121437549591064,0.27102173326686113,PBPF,cracker_scene1,40,old
3302,14.125690937042236,0.27102173326686113,PBPF,cracker_scene1,40,old
3303,14.130245208740234,0.271375633472965,PBPF,cracker_scene1,40,old
3304,14.134366989135742,0.271375633472965,PBPF,cracker_scene1,40,old
3305,14.138775825500488,0.27345251398380266,PBPF,cracker_scene1,40,old
3306,14.14283537864685,0.27345251398380266,PBPF,cracker_scene1,40,old
3307,14.147237300872803,0.27490659852756816,PBPF,cracker_scene1,40,old
3308,14.151412963867188,0.27490659852756816,PBPF,cracker_scene1,40,old
3309,14.1558198928833,0.2763831688682581,PBPF,cracker_scene1,40,old
3310,14.159957885742188,0.2755208549865799,PBPF,cracker_scene1,40,old
3311,14.164560556411743,0.27692867771871654,PBPF,cracker_scene1,40,old
3312,14.16878604888916,0.27875324252713596,PBPF,cracker_scene1,40,old
3313,14.173108577728271,0.27875324252713596,PBPF,cracker_scene1,40,old
3314,14.177290439605713,0.2802358706108607,PBPF,cracker_scene1,40,old
3315,14.1815767288208,0.2811183026198352,PBPF,cracker_scene1,40,old
3316,14.185884952545166,0.28212106759378347,PBPF,cracker_scene1,40,old
3317,14.190070867538452,0.28212106759378347,PBPF,cracker_scene1,40,old
3318,14.19443130493164,0.28355805877701074,PBPF,cracker_scene1,40,old
3319,14.198791265487671,0.28355805877701074,PBPF,cracker_scene1,40,old
3320,14.203422784805298,0.2843231399657237,PBPF,cracker_scene1,40,old
3321,14.207475900650024,0.2843231399657237,PBPF,cracker_scene1,40,old
3322,14.211586475372314,0.2843231399657237,PBPF,cracker_scene1,40,old
3323,14.215742111206055,0.2843231399657237,PBPF,cracker_scene1,40,old
3324,14.22007703781128,0.2884482252772045,PBPF,cracker_scene1,40,old
3325,14.224129915237427,0.2884482252772045,PBPF,cracker_scene1,40,old
3326,14.228415966033936,0.28915076234061204,PBPF,cracker_scene1,40,old
3327,14.232666015625,0.28915076234061204,PBPF,cracker_scene1,40,old
3328,14.236968278884888,0.29049834584137413,PBPF,cracker_scene1,40,old
3329,14.241605997085571,0.29049834584137413,PBPF,cracker_scene1,40,old
3330,14.24569821357727,0.291354934104631,PBPF,cracker_scene1,40,old
3331,14.250179767608643,0.2928496591430097,PBPF,cracker_scene1,40,old
3332,14.25464415550232,0.2938989303675089,PBPF,cracker_scene1,40,old
3333,14.258699893951416,0.2938989303675089,PBPF,cracker_scene1,40,old
3334,14.26344895362854,0.2914196551091844,PBPF,cracker_scene1,40,old
3335,14.26780366897583,0.2914196551091844,PBPF,cracker_scene1,40,old
3336,14.271925210952759,0.2914196551091844,PBPF,cracker_scene1,40,old
3337,14.276461124420166,0.2929772319663401,PBPF,cracker_scene1,40,old
3338,14.280595302581787,0.2929772319663401,PBPF,cracker_scene1,40,old
3339,14.28519082069397,0.29489151744374614,PBPF,cracker_scene1,40,old
3340,14.28976058959961,0.2948858291022762,PBPF,cracker_scene1,40,old
3341,14.293952703475952,0.2964610075010108,PBPF,cracker_scene1,40,old
3342,14.298312187194824,0.2964610075010108,PBPF,cracker_scene1,40,old
3343,14.302536964416504,0.2964610075010108,PBPF,cracker_scene1,40,old
3344,14.30703616142273,0.29725851668242614,PBPF,cracker_scene1,40,old
3345,14.311386585235596,0.29898968846337154,PBPF,cracker_scene1,40,old
3346,14.315691471099854,0.29898968846337154,PBPF,cracker_scene1,40,old
3347,14.319988012313843,0.2999323120385925,PBPF,cracker_scene1,40,old
3348,14.324278593063354,0.2999323120385925,PBPF,cracker_scene1,40,old
3349,14.328619241714478,0.3009946188516853,PBPF,cracker_scene1,40,old
3350,14.332953453063965,0.3009946188516853,PBPF,cracker_scene1,40,old
3351,14.337246417999268,0.301608237736415,PBPF,cracker_scene1,40,old
3352,14.341609954833984,0.3028326653528559,PBPF,cracker_scene1,40,old
3353,14.345891952514648,0.30219125550480697,PBPF,cracker_scene1,40,old
3354,14.350149154663086,0.3032197029315038,PBPF,cracker_scene1,40,old
3355,14.354464769363403,0.3032197029315038,PBPF,cracker_scene1,40,old
3356,14.358998537063599,0.3055361559810501,PBPF,cracker_scene1,40,old
3357,14.363237857818604,0.3055361559810501,PBPF,cracker_scene1,40,old
3358,14.36751103401184,0.30550872479176505,PBPF,cracker_scene1,40,old
3359,14.371849060058594,0.3072899899326183,PBPF,cracker_scene1,40,old
3360,14.376080751419067,0.3088853839382859,PBPF,cracker_scene1,40,old
3361,14.380526781082153,0.3088853839382859,PBPF,cracker_scene1,40,old
3362,14.38481855392456,0.30991657751397533,PBPF,cracker_scene1,40,old
3363,14.389132261276245,0.30991657751397533,PBPF,cracker_scene1,40,old
3364,14.393497467041016,0.3105669785475258,PBPF,cracker_scene1,40,old
3365,14.397913694381714,0.31091062629206584,PBPF,cracker_scene1,40,old
3366,14.402309656143188,0.31091062629206584,PBPF,cracker_scene1,40,old
3367,14.406489372253418,0.3129977314015545,PBPF,cracker_scene1,40,old
3368,14.410650730133057,0.3129977314015545,PBPF,cracker_scene1,40,old
3369,14.414748430252075,0.3129977314015545,PBPF,cracker_scene1,40,old
3370,14.41897988319397,0.3154340962267987,PBPF,cracker_scene1,40,old
3371,14.423906087875366,0.3098366476931135,PBPF,cracker_scene1,40,old
3372,14.42860221862793,0.3116548498507217,PBPF,cracker_scene1,40,old
3373,14.433095932006836,0.3116548498507217,PBPF,cracker_scene1,40,old
3374,14.437558889389038,0.3133489114756436,PBPF,cracker_scene1,40,old
3375,14.441643238067627,0.3133489114756436,PBPF,cracker_scene1,40,old
3376,14.446129322052002,0.31482891520365747,PBPF,cracker_scene1,40,old
3377,14.450312614440918,0.31482891520365747,PBPF,cracker_scene1,40,old
3378,14.4547860622406,0.31533377675383845,PBPF,cracker_scene1,40,old
3379,14.458966970443726,0.31533377675383845,PBPF,cracker_scene1,40,old
3380,14.463414192199707,0.3171313361094163,PBPF,cracker_scene1,40,old
3381,14.467747926712036,0.3171313361094163,PBPF,cracker_scene1,40,old
3382,14.472062587738037,0.3184623444562545,PBPF,cracker_scene1,40,old
3383,14.476321458816528,0.3184623444562545,PBPF,cracker_scene1,40,old
3384,14.480754137039185,0.3197932234180129,PBPF,cracker_scene1,40,old
3385,14.484938859939575,0.3197932234180129,PBPF,cracker_scene1,40,old
3386,14.48939561843872,0.3215423067243134,PBPF,cracker_scene1,40,old
3387,14.49366021156311,0.3235264086412881,PBPF,cracker_scene1,40,old
3388,14.498111963272095,0.3235264086412881,PBPF,cracker_scene1,40,old
3389,14.502416849136353,0.3247416947907992,PBPF,cracker_scene1,40,old
3390,14.506838321685791,0.3247416947907992,PBPF,cracker_scene1,40,old
3391,14.51114273071289,0.3254074415948446,PBPF,cracker_scene1,40,old
3392,14.51553988456726,0.3254074415948446,PBPF,cracker_scene1,40,old
3393,14.51980972290039,0.32725970051846254,PBPF,cracker_scene1,40,old
3394,14.524186134338379,0.32725970051846254,PBPF,cracker_scene1,40,old
3395,14.528727769851685,0.3286639251517714,PBPF,cracker_scene1,40,old
3396,14.532996892929077,0.3286639251517714,PBPF,cracker_scene1,40,old
3397,14.537447929382324,0.32982282401992463,PBPF,cracker_scene1,40,old
3398,14.541659355163574,0.32982282401992463,PBPF,cracker_scene1,40,old
3399,14.54621958732605,0.33111326757386855,PBPF,cracker_scene1,40,old
3400,14.550366878509521,0.33111326757386855,PBPF,cracker_scene1,40,old
3401,14.55490255355835,0.3327967911650347,PBPF,cracker_scene1,40,old
3402,14.559346914291382,0.3323727304769432,PBPF,cracker_scene1,40,old
3403,14.563856363296509,0.3338213241706562,PBPF,cracker_scene1,40,old
3404,14.568062782287598,0.3338213241706562,PBPF,cracker_scene1,40,old
3405,14.572734117507935,0.3350534504167231,PBPF,cracker_scene1,40,old
3406,14.577292919158936,0.3340741423146927,PBPF,cracker_scene1,40,old
3407,14.581479549407959,0.3340741423146927,PBPF,cracker_scene1,40,old
3408,14.585999965667725,0.33565759087260894,PBPF,cracker_scene1,40,old
3409,14.590276002883911,0.33565759087260894,PBPF,cracker_scene1,40,old
3410,14.5948646068573,0.3376301935271603,PBPF,cracker_scene1,40,old
3411,14.599258661270142,0.3376301935271603,PBPF,cracker_scene1,40,old
3412,14.60370659828186,0.3385458507677084,PBPF,cracker_scene1,40,old
3413,14.607821941375732,0.3385458507677084,PBPF,cracker_scene1,40,old
3414,14.612081527709961,0.3399302486965429,PBPF,cracker_scene1,40,old
3415,14.616180419921875,0.3399302486965429,PBPF,cracker_scene1,40,old
3416,14.620392322540283,0.3415468286408121,PBPF,cracker_scene1,40,old
3417,14.624485492706299,0.3415468286408121,PBPF,cracker_scene1,40,old
3418,14.629098653793335,0.3442085291759003,PBPF,cracker_scene1,40,old
3419,14.633538484573364,0.3442085291759003,PBPF,cracker_scene1,40,old
3420,14.637981414794922,0.3449701236489005,PBPF,cracker_scene1,40,old
3421,14.642123460769653,0.3449701236489005,PBPF,cracker_scene1,40,old
3422,14.64666485786438,0.3465550850397926,PBPF,cracker_scene1,40,old
3423,14.650754690170288,0.3465550850397926,PBPF,cracker_scene1,40,old
3424,14.655256032943726,0.3468791221477092,PBPF,cracker_scene1,40,old
3425,14.659439086914062,0.34686486908596315,PBPF,cracker_scene1,40,old
3426,14.663508176803589,0.34686486908596315,PBPF,cracker_scene1,40,old
3427,14.668181657791138,0.3480177541343719,PBPF,cracker_scene1,40,old
3428,14.672513484954834,0.3499725562394163,PBPF,cracker_scene1,40,old
3429,14.67666506767273,0.34998335539745923,PBPF,cracker_scene1,40,old
3430,14.68095588684082,0.3514810774722678,PBPF,cracker_scene1,40,old
3431,14.685278177261353,0.3514810774722678,PBPF,cracker_scene1,40,old
3432,14.689867734909058,0.3541559742315465,PBPF,cracker_scene1,40,old
3433,14.694089889526367,0.3541559742315465,PBPF,cracker_scene1,40,old
3434,14.698657035827637,0.3541083520827475,PBPF,cracker_scene1,40,old
3435,14.702847480773926,0.3548025631067974,PBPF,cracker_scene1,40,old
3436,14.70862627029419,0.3548025631067974,PBPF,cracker_scene1,40,old
3437,14.714097738265991,0.3568105224455849,PBPF,cracker_scene1,40,old
3438,14.718939781188965,0.3586876613069855,PBPF,cracker_scene1,40,old
3439,14.723357200622559,0.3586876613069855,PBPF,cracker_scene1,40,old
3440,14.727867364883423,0.36057351795312836,PBPF,cracker_scene1,40,old
3441,14.732478380203247,0.36057351795312836,PBPF,cracker_scene1,40,old
3442,14.737110137939453,0.36200499807983144,PBPF,cracker_scene1,40,old
3443,14.741719722747803,0.3632254990519109,PBPF,cracker_scene1,40,old
3444,14.746326446533203,0.3643740341695673,PBPF,cracker_scene1,40,old
3445,14.750557661056519,0.3643740341695673,PBPF,cracker_scene1,40,old
3446,14.755055665969849,0.3656337421288854,PBPF,cracker_scene1,40,old
3447,14.759297609329224,0.3659707589329444,PBPF,cracker_scene1,40,old
3448,14.76386022567749,0.3674056662552329,PBPF,cracker_scene1,40,old
3449,14.768240928649902,0.36925636755887414,PBPF,cracker_scene1,40,old
3450,14.77254605293274,0.36925636755887414,PBPF,cracker_scene1,40,old
3451,14.776926279067993,0.36925636755887414,PBPF,cracker_scene1,40,old
3452,14.781376600265503,0.37110981070883786,PBPF,cracker_scene1,40,old
3453,14.78584361076355,0.3728133993821564,PBPF,cracker_scene1,40,old
3454,14.79008674621582,0.3728133993821564,PBPF,cracker_scene1,40,old
3455,14.794662475585938,0.37425113564425794,PBPF,cracker_scene1,40,old
3456,14.799221515655518,0.37425113564425794,PBPF,cracker_scene1,40,old
3457,14.803630113601685,0.375387215065387,PBPF,cracker_scene1,40,old
3458,14.807883977890015,0.375387215065387,PBPF,cracker_scene1,40,old
3459,14.812397003173828,0.3771886782660897,PBPF,cracker_scene1,40,old
3460,14.816672801971436,0.3771886782660897,PBPF,cracker_scene1,40,old
3461,14.821106672286987,0.37850738188403765,PBPF,cracker_scene1,40,old
3462,14.825368404388428,0.37850738188403765,PBPF,cracker_scene1,40,old
3463,14.829961776733398,0.3796895397026341,PBPF,cracker_scene1,40,old
3464,14.834589958190918,0.3796895397026341,PBPF,cracker_scene1,40,old
3465,14.838904619216919,0.38176941286305605,PBPF,cracker_scene1,40,old
3466,14.8432297706604,0.3832953584381242,PBPF,cracker_scene1,40,old
3467,14.847416400909424,0.3832953584381242,PBPF,cracker_scene1,40,old
3468,14.851721286773682,0.38333318307655084,PBPF,cracker_scene1,40,old
3469,14.855916261672974,0.38443362810246845,PBPF,cracker_scene1,40,old
3470,14.860103607177734,0.3844666061430096,PBPF,cracker_scene1,40,old
3471,14.864985466003418,0.3858826164045844,PBPF,cracker_scene1,40,old
3472,14.869601726531982,0.386624374230841,PBPF,cracker_scene1,40,old
3473,14.873941421508789,0.386624374230841,PBPF,cracker_scene1,40,old
3474,14.878344058990479,0.3875589150671639,PBPF,cracker_scene1,40,old
3475,14.8826265335083,0.3875589150671639,PBPF,cracker_scene1,40,old
3476,14.88708782196045,0.38992764896618703,PBPF,cracker_scene1,40,old
3477,14.891399383544922,0.38992764896618703,PBPF,cracker_scene1,40,old
3478,14.89583683013916,0.3917790480284331,PBPF,cracker_scene1,40,old
3479,14.900749444961548,0.3811467024885364,PBPF,cracker_scene1,40,old
3480,14.90525484085083,0.3819091580517203,PBPF,cracker_scene1,40,old
3481,14.909583568572998,0.38229370386137607,PBPF,cracker_scene1,40,old
3482,14.914023160934448,0.3833359002105135,PBPF,cracker_scene1,40,old
3483,14.918277978897095,0.3828863629337457,PBPF,cracker_scene1,40,old
3484,14.92264986038208,0.38393822690814744,PBPF,cracker_scene1,40,old
3485,14.926943302154541,0.3858838548964362,PBPF,cracker_scene1,40,old
3486,14.931402921676636,0.3858838548964362,PBPF,cracker_scene1,40,old
3487,14.935787439346313,0.3880562698734678,PBPF,cracker_scene1,40,old
3488,14.94004201889038,0.3880562698734678,PBPF,cracker_scene1,40,old
3489,14.944651365280151,0.38886526877258154,PBPF,cracker_scene1,40,old
3490,14.949003219604492,0.38886526877258154,PBPF,cracker_scene1,40,old
3491,14.95346975326538,0.3905027869713393,PBPF,cracker_scene1,40,old
3492,14.95772647857666,0.3905027869713393,PBPF,cracker_scene1,40,old
3493,14.962455987930298,0.39167367026739136,PBPF,cracker_scene1,40,old
3494,14.966760873794556,0.39167367026739136,PBPF,cracker_scene1,40,old
3495,14.971219301223755,0.3943387838114997,PBPF,cracker_scene1,40,old
3496,14.975453853607178,0.3943387838114997,PBPF,cracker_scene1,40,old
3497,14.980153322219849,0.3954980383314299,PBPF,cracker_scene1,40,old
3498,14.984388589859009,0.3954980383314299,PBPF,cracker_scene1,40,old
3499,14.989025831222534,0.39776634922644066,PBPF,cracker_scene1,40,old
3500,14.993242025375366,0.39776634922644066,PBPF,cracker_scene1,40,old
3501,14.997784852981567,0.3999597186707034,PBPF,cracker_scene1,40,old
3502,15.002259492874146,0.4013301245947064,PBPF,cracker_scene1,40,old
3503,15.006702423095703,0.4013301245947064,PBPF,cracker_scene1,40,old
3504,15.01102352142334,0.4033997154415282,PBPF,cracker_scene1,40,old
3505,15.015389680862427,0.4033997154415282,PBPF,cracker_scene1,40,old
3506,15.019837617874146,0.40459713628653216,PBPF,cracker_scene1,40,old
3507,15.024187564849854,0.40459713628653216,PBPF,cracker_scene1,40,old
3508,15.028657674789429,0.40691280773943983,PBPF,cracker_scene1,40,old
3509,15.033116102218628,0.40691280773943983,PBPF,cracker_scene1,40,old
3510,15.03755521774292,0.4085572454405062,PBPF,cracker_scene1,40,old
3511,15.041871547698975,0.4085572454405062,PBPF,cracker_scene1,40,old
3512,15.046296834945679,0.40981345119027573,PBPF,cracker_scene1,40,old
3513,15.05056643486023,0.40981345119027573,PBPF,cracker_scene1,40,old
3514,15.055422306060791,0.41032280399496474,PBPF,cracker_scene1,40,old
3515,15.059653043746948,0.41032280399496474,PBPF,cracker_scene1,40,old
3516,15.064082860946655,0.4132252419366705,PBPF,cracker_scene1,40,old
3517,15.068588495254517,0.4132252419366705,PBPF,cracker_scene1,40,old
3518,15.073023557662964,0.4140854144078487,PBPF,cracker_scene1,40,old
3519,15.077550172805786,0.4140854144078487,PBPF,cracker_scene1,40,old
3520,15.081873655319214,0.4161847606062615,PBPF,cracker_scene1,40,old
3521,15.086236715316772,0.4161847606062615,PBPF,cracker_scene1,40,old
3522,15.090323448181152,0.4161847606062615,PBPF,cracker_scene1,40,old
3523,15.094881296157837,0.4190121821537145,PBPF,cracker_scene1,40,old
3524,15.099466562271118,0.4204465142887086,PBPF,cracker_scene1,40,old
3525,15.104102611541748,0.4204465142887086,PBPF,cracker_scene1,40,old
3526,15.108460903167725,0.4230714266311089,PBPF,cracker_scene1,40,old
3527,15.112721920013428,0.4230714266311089,PBPF,cracker_scene1,40,old
3528,15.11702847480774,0.4261017361632308,PBPF,cracker_scene1,40,old
3529,15.12135100364685,0.4261017361632308,PBPF,cracker_scene1,40,old
3530,15.125613927841187,0.42612474491569824,PBPF,cracker_scene1,40,old
3531,15.129915237426758,0.4280112051017229,PBPF,cracker_scene1,40,old
3532,15.134429454803467,0.4280112051017229,PBPF,cracker_scene1,40,old
3533,15.138662576675415,0.4280112051017229,PBPF,cracker_scene1,40,old
3534,15.143147468566895,0.42941787645814566,PBPF,cracker_scene1,40,old
3535,15.147579431533813,0.4318675070009395,PBPF,cracker_scene1,40,old
3536,15.15186595916748,0.4318675070009395,PBPF,cracker_scene1,40,old
3537,15.15631890296936,0.43393935220400565,PBPF,cracker_scene1,40,old
3538,15.160686492919922,0.43393935220400565,PBPF,cracker_scene1,40,old
3539,15.16507601737976,0.4338826534764879,PBPF,cracker_scene1,40,old
3540,15.169534921646118,0.4362122749033835,PBPF,cracker_scene1,40,old
3541,15.173797845840454,0.4362122749033835,PBPF,cracker_scene1,40,old
3542,15.178404331207275,0.4384920911675695,PBPF,cracker_scene1,40,old
3543,15.182743072509766,0.4397834551829465,PBPF,cracker_scene1,40,old
3544,15.187196731567383,0.4397834551829465,PBPF,cracker_scene1,40,old
3545,15.191481351852417,0.4426593338079325,PBPF,cracker_scene1,40,old
3546,15.195668935775757,0.4426593338079325,PBPF,cracker_scene1,40,old
3547,15.199939250946045,0.4426593338079325,PBPF,cracker_scene1,40,old
3548,15.204594612121582,0.44490455186751277,PBPF,cracker_scene1,40,old
3549,15.20898699760437,0.4467160215817688,PBPF,cracker_scene1,40,old
3550,15.213178157806396,0.4467160215817688,PBPF,cracker_scene1,40,old
3551,15.217772722244263,0.4467160215817688,PBPF,cracker_scene1,40,old
3552,15.22252082824707,0.4464517772450963,PBPF,cracker_scene1,40,old
3553,15.227046728134155,0.448286109716155,PBPF,cracker_scene1,40,old
3554,15.231646299362183,0.4495472248691304,PBPF,cracker_scene1,40,old
3555,15.23618197441101,0.45109732774487554,PBPF,cracker_scene1,40,old
3556,15.240617513656616,0.45109732774487554,PBPF,cracker_scene1,40,old
3557,15.244932174682617,0.45254498837824125,PBPF,cracker_scene1,40,old
3558,15.24923062324524,0.45254498837824125,PBPF,cracker_scene1,40,old
3559,15.253706693649292,0.45489441631334104,PBPF,cracker_scene1,40,old
3560,15.257920265197754,0.45489441631334104,PBPF,cracker_scene1,40,old
3561,15.262413263320923,0.45687778974034676,PBPF,cracker_scene1,40,old
3562,15.26676893234253,0.45687778974034676,PBPF,cracker_scene1,40,old
3563,15.27103877067566,0.4581076681423931,PBPF,cracker_scene1,40,old
3564,15.275131464004517,0.4581076681423931,PBPF,cracker_scene1,40,old
3565,15.279517650604248,0.4588464955458543,PBPF,cracker_scene1,40,old
3566,15.283607006072998,0.4588464955458543,PBPF,cracker_scene1,40,old
3567,15.287911176681519,0.4610258404802227,PBPF,cracker_scene1,40,old
3568,15.291975498199463,0.4610258404802227,PBPF,cracker_scene1,40,old
3569,15.29658031463623,0.4621344341006745,PBPF,cracker_scene1,40,old
3570,15.301176071166992,0.4644357401745607,PBPF,cracker_scene1,40,old
3571,15.305686473846436,0.4644357401745607,PBPF,cracker_scene1,40,old
3572,15.309929370880127,0.4644649036507393,PBPF,cracker_scene1,40,old
3573,15.31447458267212,0.4661064323900922,PBPF,cracker_scene1,40,old
3574,15.318861722946167,0.46784008714862824,PBPF,cracker_scene1,40,old
3575,15.323170900344849,0.46784008714862824,PBPF,cracker_scene1,40,old
3576,15.327473640441895,0.4688255136859103,PBPF,cracker_scene1,40,old
3577,15.331954002380371,0.4688255136859103,PBPF,cracker_scene1,40,old
3578,15.336350202560425,0.4684196915657432,PBPF,cracker_scene1,40,old
3579,15.340997695922852,0.4696343522092064,PBPF,cracker_scene1,40,old
3580,15.345675945281982,0.4714588313625908,PBPF,cracker_scene1,40,old
3581,15.349974393844604,0.4714588313625908,PBPF,cracker_scene1,40,old
3582,15.354637384414673,0.4734569668855972,PBPF,cracker_scene1,40,old
3583,15.358976364135742,0.4734569668855972,PBPF,cracker_scene1,40,old
3584,15.363659381866455,0.4742320800384925,PBPF,cracker_scene1,40,old
3585,15.368184566497803,0.4763792153389976,PBPF,cracker_scene1,40,old
3586,15.3728187084198,0.4763792153389976,PBPF,cracker_scene1,40,old
3587,15.37758755683899,0.4733413883278007,PBPF,cracker_scene1,40,old
3588,15.382276058197021,0.4733413883278007,PBPF,cracker_scene1,40,old
3589,15.386712789535522,0.4748665843669513,PBPF,cracker_scene1,40,old
3590,15.391282796859741,0.4748665843669513,PBPF,cracker_scene1,40,old
3591,15.395958185195923,0.4758092772750248,PBPF,cracker_scene1,40,old
3592,15.400204420089722,0.4758092772750248,PBPF,cracker_scene1,40,old
3593,15.404817819595337,0.4761514605786364,PBPF,cracker_scene1,40,old
3594,15.409257650375366,0.47662628005245633,PBPF,cracker_scene1,40,old
3595,15.413997411727905,0.47741092875612823,PBPF,cracker_scene1,40,old
3596,15.418358325958252,0.47741092875612823,PBPF,cracker_scene1,40,old
3597,15.422820568084717,0.4777158129488412,PBPF,cracker_scene1,40,old
3598,15.427274703979492,0.47713434296118823,PBPF,cracker_scene1,40,old
3599,15.43164324760437,0.4779430828117019,PBPF,cracker_scene1,40,old
3600,15.436002731323242,0.47947685777179216,PBPF,cracker_scene1,40,old
3601,15.44055962562561,0.47947685777179216,PBPF,cracker_scene1,40,old
3602,15.44495964050293,0.47946515757060304,PBPF,cracker_scene1,40,old
3603,15.449529647827148,0.4802568209496047,PBPF,cracker_scene1,40,old
3604,15.454137325286865,0.4810380384631478,PBPF,cracker_scene1,40,old
3605,15.458499670028687,0.4810380384631478,PBPF,cracker_scene1,40,old
3606,15.462602138519287,0.4810380384631478,PBPF,cracker_scene1,40,old
3607,15.467581510543823,0.4816353416158519,PBPF,cracker_scene1,40,old
3608,15.472237825393677,0.4811935055511113,PBPF,cracker_scene1,40,old
3609,15.476919889450073,0.4811935055511113,PBPF,cracker_scene1,40,old
3610,15.481055498123169,0.4811935055511113,PBPF,cracker_scene1,40,old
3611,15.48548436164856,0.4815861158847318,PBPF,cracker_scene1,40,old
3612,15.489740133285522,0.4815861158847318,PBPF,cracker_scene1,40,old
3613,15.494503259658813,0.48205980150573446,PBPF,cracker_scene1,40,old
3614,15.499192476272583,0.48205980150573446,PBPF,cracker_scene1,40,old
3615,15.50375747680664,0.4835593980605626,PBPF,cracker_scene1,40,old
3616,15.50796127319336,0.4835593980605626,PBPF,cracker_scene1,40,old
3617,15.512489318847656,0.4838646612872406,PBPF,cracker_scene1,40,old
3618,15.516766786575317,0.4838646612872406,PBPF,cracker_scene1,40,old
3619,15.521332740783691,0.4839877797690638,PBPF,cracker_scene1,40,old
3620,15.525904893875122,0.4839877797690638,PBPF,cracker_scene1,40,old
3621,15.53031063079834,0.4839877797690638,PBPF,cracker_scene1,40,old
3622,15.535274028778076,0.48340494929719763,PBPF,cracker_scene1,40,old
3623,15.540186643600464,0.476409115701991,PBPF,cracker_scene1,40,old
3624,15.544570922851562,0.476409115701991,PBPF,cracker_scene1,40,old
3625,15.549291133880615,0.4756528375525644,PBPF,cracker_scene1,40,old
3626,15.55365514755249,0.47657139325223874,PBPF,cracker_scene1,40,old
3627,15.557899713516235,0.47657139325223874,PBPF,cracker_scene1,40,old
3628,15.562227725982666,0.47657139325223874,PBPF,cracker_scene1,40,old
3629,15.566527366638184,0.4765676630579405,PBPF,cracker_scene1,40,old
3630,15.570902585983276,0.4765676630579405,PBPF,cracker_scene1,40,old
3631,15.575087070465088,0.4766156556204165,PBPF,cracker_scene1,40,old
3632,15.579586505889893,0.4764049356932116,PBPF,cracker_scene1,40,old
3633,15.583809614181519,0.4761823067350809,PBPF,cracker_scene1,40,old
3634,15.588227033615112,0.4761823067350809,PBPF,cracker_scene1,40,old
3635,15.592607498168945,0.47546978262866224,PBPF,cracker_scene1,40,old
3636,15.596927642822266,0.47546978262866224,PBPF,cracker_scene1,40,old
3637,15.601243257522583,0.476357995087984,PBPF,cracker_scene1,40,old
3638,15.60563039779663,0.476357995087984,PBPF,cracker_scene1,40,old
3639,15.610027551651001,0.4761495158593315,PBPF,cracker_scene1,40,old
3640,15.614408016204834,0.4761495158593315,PBPF,cracker_scene1,40,old
3641,15.619077205657959,0.4760608891695028,PBPF,cracker_scene1,40,old
3642,15.623958110809326,0.4762802031039074,PBPF,cracker_scene1,40,old
3643,15.628136157989502,0.4762802031039074,PBPF,cracker_scene1,40,old
3644,15.633118391036987,0.4754881914190062,PBPF,cracker_scene1,40,old
3645,15.63797378540039,0.4754024486037496,PBPF,cracker_scene1,40,old
3646,15.642348527908325,0.4754024486037496,PBPF,cracker_scene1,40,old
3647,15.646927118301392,0.47574924574882765,PBPF,cracker_scene1,40,old
3648,15.651113033294678,0.47574924574882765,PBPF,cracker_scene1,40,old
3649,15.655555248260498,0.4763149813491583,PBPF,cracker_scene1,40,old
3650,15.65999436378479,0.476381165491903,PBPF,cracker_scene1,40,old
3651,15.66453218460083,0.47632692206570487,PBPF,cracker_scene1,40,old
3652,15.66890287399292,0.47588835165430715,PBPF,cracker_scene1,40,old
3653,15.673317193984985,0.47588835165430715,PBPF,cracker_scene1,40,old
3654,15.677545070648193,0.4754553043184957,PBPF,cracker_scene1,40,old
3655,15.682000875473022,0.4754553043184957,PBPF,cracker_scene1,40,old
3656,15.686344146728516,0.4754981461653629,PBPF,cracker_scene1,40,old
3657,15.69065523147583,0.4754981461653629,PBPF,cracker_scene1,40,old
3658,15.695069313049316,0.4762278598071756,PBPF,cracker_scene1,40,old
3659,15.699525833129883,0.4762278598071756,PBPF,cracker_scene1,40,old
3660,15.703940629959106,0.47523895483731193,PBPF,cracker_scene1,40,old
3661,15.7080397605896,0.47523895483731193,PBPF,cracker_scene1,40,old
3662,15.712432384490967,0.47539327044365826,PBPF,cracker_scene1,40,old
3663,15.716573715209961,0.47539327044365826,PBPF,cracker_scene1,40,old
3664,15.720923662185669,0.47545468409501807,PBPF,cracker_scene1,40,old
3665,15.724966764450073,0.476312783502484,PBPF,cracker_scene1,40,old
3666,15.729331970214844,0.47628504199535376,PBPF,cracker_scene1,40,old
3667,15.733408212661743,0.47628504199535376,PBPF,cracker_scene1,40,old
3668,15.73822808265686,0.47549601706049843,PBPF,cracker_scene1,40,old
3669,15.742615461349487,0.47549601706049843,PBPF,cracker_scene1,40,old
3670,15.74738597869873,0.4762811395216272,PBPF,cracker_scene1,40,old
3671,15.751683235168457,0.47547944116534735,PBPF,cracker_scene1,40,old
3672,15.756111860275269,0.47547944116534735,PBPF,cracker_scene1,40,old
3673,15.76057243347168,0.47624122308257255,PBPF,cracker_scene1,40,old
3674,15.764986991882324,0.47624122308257255,PBPF,cracker_scene1,40,old
3675,15.769507646560669,0.475779090675188,PBPF,cracker_scene1,40,old
3676,15.773834943771362,0.4757813325709053,PBPF,cracker_scene1,40,old
3677,15.778157234191895,0.4754500160004233,PBPF,cracker_scene1,40,old
3678,15.782485246658325,0.4754500160004233,PBPF,cracker_scene1,40,old
3679,15.787083625793457,0.47547113534352203,PBPF,cracker_scene1,40,old
3680,15.791426658630371,0.47547113534352203,PBPF,cracker_scene1,40,old
3681,15.795807600021362,0.4762922167172974,PBPF,cracker_scene1,40,old
3682,15.800119638442993,0.4762922167172974,PBPF,cracker_scene1,40,old
3683,15.804852485656738,0.4762740472690268,PBPF,cracker_scene1,40,old
3684,15.809129476547241,0.4762740472690268,PBPF,cracker_scene1,40,old
3685,15.81365418434143,0.4762782414769206,PBPF,cracker_scene1,40,old
3686,15.817927122116089,0.4762782414769206,PBPF,cracker_scene1,40,old
3687,15.822463750839233,0.4754251613285953,PBPF,cracker_scene1,40,old
3688,15.826626777648926,0.47540234891774635,PBPF,cracker_scene1,40,old
3689,15.831076383590698,0.47540234891774635,PBPF,cracker_scene1,40,old
3690,15.835613250732422,0.47623973910893874,PBPF,cracker_scene1,40,old
3691,15.839963674545288,0.47623973910893874,PBPF,cracker_scene1,40,old
3692,15.84403944015503,0.47623973910893874,PBPF,cracker_scene1,40,old
3693,15.848400831222534,0.4762973853201326,PBPF,cracker_scene1,40,old
3694,15.852780103683472,0.4762733915271561,PBPF,cracker_scene1,40,old
3695,15.857077360153198,0.4762733915271561,PBPF,cracker_scene1,40,old
3696,15.861586093902588,0.4751899866245074,PBPF,cracker_scene1,40,old
3697,15.865940809249878,0.4751899866245074,PBPF,cracker_scene1,40,old
3698,15.870368480682373,0.4750790538584296,PBPF,cracker_scene1,40,old
3699,15.874627113342285,0.4750790538584296,PBPF,cracker_scene1,40,old
3700,15.87911057472229,0.4760860298039316,PBPF,cracker_scene1,40,old
3701,15.883378028869629,0.4760860298039316,PBPF,cracker_scene1,40,old
3702,15.888072729110718,0.4753699960765624,PBPF,cracker_scene1,40,old
3703,15.892372846603394,0.4753699960765624,PBPF,cracker_scene1,40,old
3704,15.896835565567017,0.4762855832181852,PBPF,cracker_scene1,40,old
3705,15.901260614395142,0.47550832043207913,PBPF,cracker_scene1,40,old
3706,15.905518054962158,0.4757600224210727,PBPF,cracker_scene1,40,old
3707,15.909627914428711,0.4757600224210727,PBPF,cracker_scene1,40,old
3708,15.913891553878784,0.47648250614051785,PBPF,cracker_scene1,40,old
3709,15.918046474456787,0.47648250614051785,PBPF,cracker_scene1,40,old
3710,15.922343730926514,0.47652829036339817,PBPF,cracker_scene1,40,old
3711,15.92652440071106,0.47652829036339817,PBPF,cracker_scene1,40,old
3712,15.931205987930298,0.4762385336589379,PBPF,cracker_scene1,40,old
3713,15.935638189315796,0.47624679175301415,PBPF,cracker_scene1,40,old
3714,15.939943790435791,0.47624679175301415,PBPF,cracker_scene1,40,old
3715,15.944463014602661,0.47533844850921964,PBPF,cracker_scene1,40,old
3716,15.948802947998047,0.47533844850921964,PBPF,cracker_scene1,40,old
3717,15.953161478042603,0.47549719491435866,PBPF,cracker_scene1,40,old
3718,15.95745062828064,0.47549719491435866,PBPF,cracker_scene1,40,old
3719,15.961876392364502,0.4769011078929444,PBPF,cracker_scene1,40,old
3720,15.966141700744629,0.4769011078929444,PBPF,cracker_scene1,40,old
3721,15.970673322677612,0.4776355537787454,PBPF,cracker_scene1,40,old
3722,15.974968433380127,0.4776355537787454,PBPF,cracker_scene1,40,old
3723,15.979465246200562,0.47896940658894743,PBPF,cracker_scene1,40,old
3724,15.983646392822266,0.47896940658894743,PBPF,cracker_scene1,40,old
3725,15.988107204437256,0.4800409371134757,PBPF,cracker_scene1,40,old
3726,15.992402791976929,0.4800409371134757,PBPF,cracker_scene1,40,old
3727,15.996819734573364,0.48116215192644335,PBPF,cracker_scene1,40,old
3728,16.00102663040161,0.48116215192644335,PBPF,cracker_scene1,40,old
3729,16.005195379257202,0.48195765256239226,PBPF,cracker_scene1,40,old
3730,16.00927424430847,0.48195765256239226,PBPF,cracker_scene1,40,old
3731,16.01396942138672,0.48263484405090573,PBPF,cracker_scene1,40,old
3732,16.018365621566772,0.4833621734198956,PBPF,cracker_scene1,40,old
3733,16.022916316986084,0.48398784634598513,PBPF,cracker_scene1,40,old
3734,16.027388095855713,0.48354000318607493,PBPF,cracker_scene1,40,old
3735,16.03200888633728,0.48354000318607493,PBPF,cracker_scene1,40,old
3736,16.03639531135559,0.4852419788474604,PBPF,cracker_scene1,40,old
3737,16.040769338607788,0.4852419788474604,PBPF,cracker_scene1,40,old
3738,16.045336484909058,0.4849564009705302,PBPF,cracker_scene1,40,old
3739,16.04962706565857,0.4849564009705302,PBPF,cracker_scene1,40,old
3740,16.05430245399475,0.4865706363042243,PBPF,cracker_scene1,40,old
3741,16.058456420898438,0.4865706363042243,PBPF,cracker_scene1,40,old
3742,16.063132286071777,0.48690583140432975,PBPF,cracker_scene1,40,old
3743,16.067455768585205,0.48690583140432975,PBPF,cracker_scene1,40,old
3744,16.07202386856079,0.4890554805520119,PBPF,cracker_scene1,40,old
3745,16.07627582550049,0.4880595431838111,PBPF,cracker_scene1,40,old
3746,16.08079957962036,0.4891461487352805,PBPF,cracker_scene1,40,old
3747,16.085129976272583,0.48926996172658793,PBPF,cracker_scene1,40,old
3748,16.089619159698486,0.49030258837490964,PBPF,cracker_scene1,40,old
3749,16.09399151802063,0.4914227352718633,PBPF,cracker_scene1,40,old
3750,16.098586320877075,0.4914227352718633,PBPF,cracker_scene1,40,old
3751,16.103121519088745,0.4932240027831155,PBPF,cracker_scene1,40,old
3752,16.10733723640442,0.4932240027831155,PBPF,cracker_scene1,40,old
3753,16.11181640625,0.49394149569471857,PBPF,cracker_scene1,40,old
3754,16.116169691085815,0.49394149569471857,PBPF,cracker_scene1,40,old
3755,16.120842456817627,0.4951478155209226,PBPF,cracker_scene1,40,old
3756,16.125094413757324,0.4951478155209226,PBPF,cracker_scene1,40,old
3757,16.12967348098755,0.4958488812110355,PBPF,cracker_scene1,40,old
3758,16.134172677993774,0.4958488812110355,PBPF,cracker_scene1,40,old
3759,16.138575553894043,0.49817600909024556,PBPF,cracker_scene1,40,old
3760,16.14282751083374,0.49817600909024556,PBPF,cracker_scene1,40,old
3761,16.14717698097229,0.4994094960906196,PBPF,cracker_scene1,40,old
3762,16.151419639587402,0.4999534196832607,PBPF,cracker_scene1,40,old
3763,16.15572500228882,0.4999534196832607,PBPF,cracker_scene1,40,old
3764,16.16007351875305,0.5021500046632458,PBPF,cracker_scene1,40,old
3765,16.16447687149048,0.5021500046632458,PBPF,cracker_scene1,40,old
3766,16.169321060180664,0.5031410605819152,PBPF,cracker_scene1,40,old
3767,16.173787593841553,0.5031410605819152,PBPF,cracker_scene1,40,old
3768,16.17829203605652,0.5044520779218497,PBPF,cracker_scene1,40,old
3769,16.182666778564453,0.5044520779218497,PBPF,cracker_scene1,40,old
3770,16.18725085258484,0.5041404372230447,PBPF,cracker_scene1,40,old
3771,16.19148325920105,0.5041404372230447,PBPF,cracker_scene1,40,old
3772,16.19607710838318,0.504706087766544,PBPF,cracker_scene1,40,old
3773,16.200400829315186,0.504706087766544,PBPF,cracker_scene1,40,old
3774,16.204797506332397,0.5070188432654429,PBPF,cracker_scene1,40,old
3775,16.208855152130127,0.5070188432654429,PBPF,cracker_scene1,40,old
3776,16.21340537071228,0.5074374189097932,PBPF,cracker_scene1,40,old
3777,16.21745252609253,0.5074374189097932,PBPF,cracker_scene1,40,old
3778,16.221877813339233,0.5092217626566005,PBPF,cracker_scene1,40,old
3779,16.22599458694458,0.5092217626566005,PBPF,cracker_scene1,40,old
3780,16.230420351028442,0.5112876383920536,PBPF,cracker_scene1,40,old
3781,16.234784364700317,0.5116075804879243,PBPF,cracker_scene1,40,old
3782,16.239034414291382,0.5138958344090963,PBPF,cracker_scene1,40,old
3783,16.243349075317383,0.5138958344090963,PBPF,cracker_scene1,40,old
3784,16.247655391693115,0.5145160306192216,PBPF,cracker_scene1,40,old
3785,16.251766204833984,0.5145160306192216,PBPF,cracker_scene1,40,old
3786,16.256072521209717,0.5168009670492967,PBPF,cracker_scene1,40,old
3787,16.26015830039978,0.5168009670492967,PBPF,cracker_scene1,40,old
3788,16.26427912712097,0.5184521014429965,PBPF,cracker_scene1,40,old
3789,16.2686710357666,0.5184521014429965,PBPF,cracker_scene1,40,old
3790,16.272993803024292,0.5184655282261009,PBPF,cracker_scene1,40,old
3791,16.27718710899353,0.5196670140071642,PBPF,cracker_scene1,40,old
3792,16.281553030014038,0.5209666796989173,PBPF,cracker_scene1,40,old
3793,16.285701751708984,0.5209997192184213,PBPF,cracker_scene1,40,old
3794,16.290290594100952,0.5217540712306596,PBPF,cracker_scene1,40,old
3795,16.29445719718933,0.5217540712306596,PBPF,cracker_scene1,40,old
3796,16.298865795135498,0.522179811912865,PBPF,cracker_scene1,40,old
3797,16.303160905838013,0.522179811912865,PBPF,cracker_scene1,40,old
3798,16.307291269302368,0.522179811912865,PBPF,cracker_scene1,40,old
3799,16.31144905090332,0.5238071816658131,PBPF,cracker_scene1,40,old
3800,16.31579566001892,0.5238071816658131,PBPF,cracker_scene1,40,old
3801,16.31983995437622,0.5243087277403372,PBPF,cracker_scene1,40,old
3802,16.323976039886475,0.5243087277403372,PBPF,cracker_scene1,40,old
3803,16.328622102737427,0.5254253729716492,PBPF,cracker_scene1,40,old
3804,16.333005666732788,0.5254253729716492,PBPF,cracker_scene1,40,old
3805,16.337259531021118,0.5268546456450558,PBPF,cracker_scene1,40,old
3806,16.34161901473999,0.5268546456450558,PBPF,cracker_scene1,40,old
3807,16.34592342376709,0.5251189139264358,PBPF,cracker_scene1,40,old
3808,16.350160837173462,0.5261763532807873,PBPF,cracker_scene1,40,old
3809,16.354361057281494,0.5261763532807873,PBPF,cracker_scene1,40,old
3810,16.35869026184082,0.5273407000796029,PBPF,cracker_scene1,40,old
3811,16.36291766166687,0.5273407000796029,PBPF,cracker_scene1,40,old
3812,16.36736226081848,0.5282908282238239,PBPF,cracker_scene1,40,old
3813,16.371540307998657,0.5282908282238239,PBPF,cracker_scene1,40,old
3814,16.375932216644287,0.528535512206556,PBPF,cracker_scene1,40,old
3815,16.380016803741455,0.5283342423233215,PBPF,cracker_scene1,40,old
3816,16.384439706802368,0.5290457265230302,PBPF,cracker_scene1,40,old
3817,16.388670921325684,0.5306768189289413,PBPF,cracker_scene1,40,old
3818,16.392906665802002,0.5306768189289413,PBPF,cracker_scene1,40,old
3819,16.397129774093628,0.5318817815622028,PBPF,cracker_scene1,40,old
3820,16.401609659194946,0.5318817815622028,PBPF,cracker_scene1,40,old
3821,16.40594244003296,0.532652206636433,PBPF,cracker_scene1,40,old
3822,16.410018920898438,0.532652206636433,PBPF,cracker_scene1,40,old
3823,16.41444206237793,0.532652206636433,PBPF,cracker_scene1,40,old
3824,16.418879985809326,0.5347813710705314,PBPF,cracker_scene1,40,old
3825,16.423696994781494,0.5378506400740672,PBPF,cracker_scene1,40,old
3826,16.42807912826538,0.5388331292768269,PBPF,cracker_scene1,40,old
3827,16.432652711868286,0.5388331292768269,PBPF,cracker_scene1,40,old
3828,16.437012672424316,0.5393968250404004,PBPF,cracker_scene1,40,old
3829,16.441136837005615,0.5393968250404004,PBPF,cracker_scene1,40,old
3830,16.445514917373657,0.5405878685989132,PBPF,cracker_scene1,40,old
3831,16.44972324371338,0.5405878685989132,PBPF,cracker_scene1,40,old
3832,16.453972578048706,0.5416071544715129,PBPF,cracker_scene1,40,old
3833,16.4582040309906,0.5416071544715129,PBPF,cracker_scene1,40,old
3834,16.462535619735718,0.5428262751581459,PBPF,cracker_scene1,40,old
3835,16.46679925918579,0.5428262751581459,PBPF,cracker_scene1,40,old
3836,16.471158504486084,0.5436838614979855,PBPF,cracker_scene1,40,old
3837,16.475392818450928,0.5436838614979855,PBPF,cracker_scene1,40,old
3838,16.479859113693237,0.5458206178582525,PBPF,cracker_scene1,40,old
3839,16.484013557434082,0.5458206178582525,PBPF,cracker_scene1,40,old
3840,16.488451957702637,0.5463123400972094,PBPF,cracker_scene1,40,old
3841,16.492573261260986,0.5463123400972094,PBPF,cracker_scene1,40,old
3842,16.497305870056152,0.5439089907312482,PBPF,cracker_scene1,40,old
3843,16.501590967178345,0.5440911614377981,PBPF,cracker_scene1,40,old
3844,16.50588297843933,0.5440911614377981,PBPF,cracker_scene1,40,old
3845,16.510241746902466,0.5449980559981924,PBPF,cracker_scene1,40,old
3846,16.514535903930664,0.5449980559981924,PBPF,cracker_scene1,40,old
3847,16.51871371269226,0.5458755669297926,PBPF,cracker_scene1,40,old
3848,16.522982120513916,0.5458755669297926,PBPF,cracker_scene1,40,old
3849,16.527326822280884,0.5475584805422216,PBPF,cracker_scene1,40,old
3850,16.5317120552063,0.5475584805422216,PBPF,cracker_scene1,40,old
3851,16.536117553710938,0.5481343086304369,PBPF,cracker_scene1,40,old
3852,16.540281534194946,0.5481343086304369,PBPF,cracker_scene1,40,old
3853,16.54449701309204,0.5492338207294756,PBPF,cracker_scene1,40,old
3854,16.548768043518066,0.5492338207294756,PBPF,cracker_scene1,40,old
3855,16.55325675010681,0.551401624475921,PBPF,cracker_scene1,40,old
3856,16.557399034500122,0.551401624475921,PBPF,cracker_scene1,40,old
3857,16.56177520751953,0.5524477068150109,PBPF,cracker_scene1,40,old
3858,16.566219806671143,0.5524477068150109,PBPF,cracker_scene1,40,old
3859,16.570431232452393,0.5536282898728793,PBPF,cracker_scene1,40,old
3860,16.5745210647583,0.5536282898728793,PBPF,cracker_scene1,40,old
3861,16.578876972198486,0.5549155576970533,PBPF,cracker_scene1,40,old
3862,16.583038568496704,0.5549155576970533,PBPF,cracker_scene1,40,old
3863,16.58757758140564,0.5556891504925359,PBPF,cracker_scene1,40,old
3864,16.59160089492798,0.5556891504925359,PBPF,cracker_scene1,40,old
3865,16.595972061157227,0.5559901250650761,PBPF,cracker_scene1,40,old
3866,16.600022077560425,0.5559901250650761,PBPF,cracker_scene1,40,old
3867,16.604734897613525,0.5570553433325776,PBPF,cracker_scene1,40,old
3868,16.608768701553345,0.5570553433325776,PBPF,cracker_scene1,40,old
3869,16.613260507583618,0.5569698668345957,PBPF,cracker_scene1,40,old
3870,16.61748695373535,0.5569698668345957,PBPF,cracker_scene1,40,old
3871,16.621852159500122,0.5577233688495307,PBPF,cracker_scene1,40,old
3872,16.625983953475952,0.5577233688495307,PBPF,cracker_scene1,40,old
3873,16.630433559417725,0.5591759429079532,PBPF,cracker_scene1,40,old
3874,16.634747982025146,0.5591759429079532,PBPF,cracker_scene1,40,old
3875,16.639123678207397,0.5593442571176777,PBPF,cracker_scene1,40,old
3876,16.643309593200684,0.5600988155700586,PBPF,cracker_scene1,40,old
3877,16.647735595703125,0.5608144044578225,PBPF,cracker_scene1,40,old
3878,16.651859760284424,0.560916947566783,PBPF,cracker_scene1,40,old
3879,16.656702041625977,0.5573888871989582,PBPF,cracker_scene1,40,old
3880,16.660693407058716,0.5573888871989582,PBPF,cracker_scene1,40,old
3881,16.665279865264893,0.5582045121930365,PBPF,cracker_scene1,40,old
3882,16.669644117355347,0.5582045121930365,PBPF,cracker_scene1,40,old
3883,16.673900842666626,0.5582045121930365,PBPF,cracker_scene1,40,old
3884,16.678638696670532,0.5585515750958321,PBPF,cracker_scene1,40,old
3885,16.683021068572998,0.5600309741237212,PBPF,cracker_scene1,40,old
3886,16.687178373336792,0.5600309741237212,PBPF,cracker_scene1,40,old
3887,16.691506385803223,0.5604520008014211,PBPF,cracker_scene1,40,old
3888,16.69565200805664,0.5604520008014211,PBPF,cracker_scene1,40,old
3889,16.700072765350342,0.559603803335192,PBPF,cracker_scene1,40,old
3890,16.704326629638672,0.5599399319760711,PBPF,cracker_scene1,40,old
3891,16.708669900894165,0.5612439284917657,PBPF,cracker_scene1,40,old
3892,16.71295690536499,0.5612439284917657,PBPF,cracker_scene1,40,old
3893,16.717215299606323,0.561090091999573,PBPF,cracker_scene1,40,old
3894,16.721587657928467,0.561090091999573,PBPF,cracker_scene1,40,old
3895,16.72591805458069,0.561090091999573,PBPF,cracker_scene1,40,old
3896,16.729977130889893,0.561090091999573,PBPF,cracker_scene1,40,old
3897,16.734561443328857,0.5617369726533027,PBPF,cracker_scene1,40,old
3898,16.739118576049805,0.5617369726533027,PBPF,cracker_scene1,40,old
3899,16.74349355697632,0.5634340138852262,PBPF,cracker_scene1,40,old
3900,16.747807502746582,0.5647623957163382,PBPF,cracker_scene1,40,old
3901,16.752082586288452,0.5647623957163382,PBPF,cracker_scene1,40,old
3902,16.756561756134033,0.5647623957163382,PBPF,cracker_scene1,40,old
3903,16.760902881622314,0.5651505511185616,PBPF,cracker_scene1,40,old
3904,16.76522469520569,0.5651505511185616,PBPF,cracker_scene1,40,old
3905,16.769550561904907,0.5666692817635887,PBPF,cracker_scene1,40,old
3906,16.773916959762573,0.5666692817635887,PBPF,cracker_scene1,40,old
3907,16.778509616851807,0.5671590431974154,PBPF,cracker_scene1,40,old
3908,16.78278923034668,0.5671590431974154,PBPF,cracker_scene1,40,old
3909,16.787386655807495,0.5681116717199944,PBPF,cracker_scene1,40,old
3910,16.791634559631348,0.5681116717199944,PBPF,cracker_scene1,40,old
3911,16.795965909957886,0.5694323558266071,PBPF,cracker_scene1,40,old
3912,16.800431728363037,0.5694323558266071,PBPF,cracker_scene1,40,old
3913,16.804698944091797,0.5697172306519148,PBPF,cracker_scene1,40,old
3914,16.808796405792236,0.5697172306519148,PBPF,cracker_scene1,40,old
3915,16.812904834747314,0.5709361349518834,PBPF,cracker_scene1,40,old
3916,16.81705403327942,0.5709361349518834,PBPF,cracker_scene1,40,old
3917,16.821394681930542,0.575666819997914,PBPF,cracker_scene1,40,old
3918,16.8256995677948,0.5765041227034864,PBPF,cracker_scene1,40,old
3919,16.83035445213318,0.5775829299827384,PBPF,cracker_scene1,40,old
3920,16.83488631248474,0.5788889523898018,PBPF,cracker_scene1,40,old
3921,16.839571952819824,0.5798078815768282,PBPF,cracker_scene1,40,old
3922,16.84386944770813,0.5805521572831136,PBPF,cracker_scene1,40,old
3923,16.848286390304565,0.5805521572831136,PBPF,cracker_scene1,40,old
3924,16.852505683898926,0.5810051362488142,PBPF,cracker_scene1,40,old
3925,16.856821060180664,0.5810051362488142,PBPF,cracker_scene1,40,old
3926,16.861045360565186,0.5818854445817987,PBPF,cracker_scene1,40,old
3927,16.865304231643677,0.5818854445817987,PBPF,cracker_scene1,40,old
3928,16.870096921920776,0.5828152255674546,PBPF,cracker_scene1,40,old
3929,16.87434983253479,0.5828152255674546,PBPF,cracker_scene1,40,old
3930,16.8789279460907,0.5836959465745286,PBPF,cracker_scene1,40,old
3931,16.882938623428345,0.5836959465745286,PBPF,cracker_scene1,40,old
3932,16.88742446899414,0.5850633123130624,PBPF,cracker_scene1,40,old
3933,16.89152479171753,0.5850633123130624,PBPF,cracker_scene1,40,old
3934,16.8958797454834,0.5856708254144181,PBPF,cracker_scene1,40,old
3935,16.900321006774902,0.5856708254144181,PBPF,cracker_scene1,40,old
3936,16.904680252075195,0.5864723857244405,PBPF,cracker_scene1,40,old
3937,16.90894055366516,0.5864723857244405,PBPF,cracker_scene1,40,old
3938,16.913325309753418,0.5871237753533887,PBPF,cracker_scene1,40,old
3939,16.917542934417725,0.5871237753533887,PBPF,cracker_scene1,40,old
3940,16.92195963859558,0.5886834154044003,PBPF,cracker_scene1,40,old
3941,16.926156044006348,0.5886834154044003,PBPF,cracker_scene1,40,old
3942,16.9304358959198,0.5896527039341635,PBPF,cracker_scene1,40,old
3943,16.934427976608276,0.5896527039341635,PBPF,cracker_scene1,40,old
3944,16.938912630081177,0.5891778172860667,PBPF,cracker_scene1,40,old
3945,16.943140268325806,0.5891778172860667,PBPF,cracker_scene1,40,old
3946,16.947619676589966,0.5906812764174925,PBPF,cracker_scene1,40,old
3947,16.951830625534058,0.5906538577977454,PBPF,cracker_scene1,40,old
3948,16.95627737045288,0.5906538577977454,PBPF,cracker_scene1,40,old
3949,16.96049952507019,0.5916350177826075,PBPF,cracker_scene1,40,old
3950,16.96475315093994,0.5916350177826075,PBPF,cracker_scene1,40,old
3951,16.96904420852661,0.5917786825827216,PBPF,cracker_scene1,40,old
3952,16.9732346534729,0.5917786825827216,PBPF,cracker_scene1,40,old
3953,16.977830171585083,0.5893130561279297,PBPF,cracker_scene1,40,old
3954,16.981910467147827,0.5893130561279297,PBPF,cracker_scene1,40,old
3955,16.986283779144287,0.5898112900299327,PBPF,cracker_scene1,40,old
3956,16.9905424118042,0.5898112900299327,PBPF,cracker_scene1,40,old
3957,16.99481225013733,0.5906903340241292,PBPF,cracker_scene1,40,old
3958,16.99910807609558,0.5906903340241292,PBPF,cracker_scene1,40,old
3959,17.003493309020996,0.5918510166426998,PBPF,cracker_scene1,40,old
3960,17.007608652114868,0.5918510166426998,PBPF,cracker_scene1,40,old
3961,17.01180100440979,0.59292955552777,PBPF,cracker_scene1,40,old
3962,17.015855073928833,0.59292955552777,PBPF,cracker_scene1,40,old
3963,17.020089387893677,0.5929890532241632,PBPF,cracker_scene1,40,old
3964,17.024088144302368,0.5929890532241632,PBPF,cracker_scene1,40,old
3965,17.02827477455139,0.5937298758681521,PBPF,cracker_scene1,40,old
3966,17.032402276992798,0.5937298758681521,PBPF,cracker_scene1,40,old
3967,17.03725004196167,0.5951249269567213,PBPF,cracker_scene1,40,old
3968,17.041436910629272,0.5951249269567213,PBPF,cracker_scene1,40,old
3969,17.045782566070557,0.5965118577111606,PBPF,cracker_scene1,40,old
3970,17.04998016357422,0.5965118577111606,PBPF,cracker_scene1,40,old
3971,17.054306745529175,0.5966219929199601,PBPF,cracker_scene1,40,old
3972,17.058555364608765,0.5966219929199601,PBPF,cracker_scene1,40,old
3973,17.062998056411743,0.5984307483500471,PBPF,cracker_scene1,40,old
3974,17.067254304885864,0.5984307483500471,PBPF,cracker_scene1,40,old
3975,17.07174038887024,0.5989083261934456,PBPF,cracker_scene1,40,old
3976,17.075867176055908,0.5989083261934456,PBPF,cracker_scene1,40,old
3977,17.080440282821655,0.5996940151709339,PBPF,cracker_scene1,40,old
3978,17.084455251693726,0.5996940151709339,PBPF,cracker_scene1,40,old
3979,17.088742971420288,0.6010570202669905,PBPF,cracker_scene1,40,old
3980,17.093082666397095,0.601554922809516,PBPF,cracker_scene1,40,old
3981,17.097561836242676,0.6030405436017646,PBPF,cracker_scene1,40,old
3982,17.101725816726685,0.603217158911458,PBPF,cracker_scene1,40,old
3983,17.10594129562378,0.603217158911458,PBPF,cracker_scene1,40,old
3984,17.110411167144775,0.6032539768133564,PBPF,cracker_scene1,40,old
3985,17.114725828170776,0.6040940224710338,PBPF,cracker_scene1,40,old
3986,17.118969678878784,0.6047790608212767,PBPF,cracker_scene1,40,old
3987,17.123252868652344,0.6047790608212767,PBPF,cracker_scene1,40,old
3988,17.12758469581604,0.6054106621245096,PBPF,cracker_scene1,40,old
3989,17.13190507888794,0.6054106621245096,PBPF,cracker_scene1,40,old
3990,17.13659119606018,0.5994300385686434,PBPF,cracker_scene1,40,old
3991,17.140780925750732,0.5994300385686434,PBPF,cracker_scene1,40,old
3992,17.14495849609375,0.600819104889452,PBPF,cracker_scene1,40,old
3993,17.149287939071655,0.600819104889452,PBPF,cracker_scene1,40,old
3994,17.1536865234375,0.6015487420507162,PBPF,cracker_scene1,40,old
3995,17.157901287078857,0.6015487420507162,PBPF,cracker_scene1,40,old
3996,17.16218376159668,0.602067716793859,PBPF,cracker_scene1,40,old
3997,17.166932582855225,0.602067716793859,PBPF,cracker_scene1,40,old
3998,17.17140007019043,0.6029772832164423,PBPF,cracker_scene1,40,old
3999,17.175528287887573,0.6029772832164423,PBPF,cracker_scene1,40,old
4000,17.180073738098145,0.6043130493100917,PBPF,cracker_scene1,40,old
4001,17.1840877532959,0.6043130493100917,PBPF,cracker_scene1,40,old
4002,17.188547372817993,0.6045469918895505,PBPF,cracker_scene1,40,old
4003,17.192672967910767,0.6045579494250513,PBPF,cracker_scene1,40,old
4004,17.197171688079834,0.6054415893235576,PBPF,cracker_scene1,40,old
4005,17.201364994049072,0.6053146329577508,PBPF,cracker_scene1,40,old
4006,17.205578565597534,0.6059216268293797,PBPF,cracker_scene1,40,old
4007,17.20992660522461,0.6068517879967167,PBPF,cracker_scene1,40,old
4008,17.214269638061523,0.6075119279002774,PBPF,cracker_scene1,40,old
4009,17.21872067451477,0.6072811920110964,PBPF,cracker_scene1,40,old
4010,17.222940921783447,0.6072811920110964,PBPF,cracker_scene1,40,old
4011,17.2272732257843,0.6079778084093901,PBPF,cracker_scene1,40,old
4012,17.23158025741577,0.6079778084093901,PBPF,cracker_scene1,40,old
4013,17.235920429229736,0.6088713052789957,PBPF,cracker_scene1,40,old
4014,17.24000835418701,0.6088713052789957,PBPF,cracker_scene1,40,old
4015,17.24421501159668,0.6095226687721123,PBPF,cracker_scene1,40,old
4016,17.248294591903687,0.6095226687721123,PBPF,cracker_scene1,40,old
4017,17.25244927406311,0.610132024894246,PBPF,cracker_scene1,40,old
4018,17.256499528884888,0.610132024894246,PBPF,cracker_scene1,40,old
4019,17.260788917541504,0.6109265730604085,PBPF,cracker_scene1,40,old
4020,17.26525092124939,0.6106023505025299,PBPF,cracker_scene1,40,old
4021,17.269747734069824,0.6118654380357357,PBPF,cracker_scene1,40,old
4022,17.2738938331604,0.6118654380357357,PBPF,cracker_scene1,40,old
4023,17.278156995773315,0.6119157203762473,PBPF,cracker_scene1,40,old
4024,17.282541275024414,0.6119157203762473,PBPF,cracker_scene1,40,old
4025,17.2868070602417,0.6128126383534026,PBPF,cracker_scene1,40,old
4026,17.291088581085205,0.6128126383534026,PBPF,cracker_scene1,40,old
4027,17.29565191268921,0.6035977580181069,PBPF,cracker_scene1,40,old
4028,17.299947023391724,0.6035977580181069,PBPF,cracker_scene1,40,old
4029,17.304292917251587,0.6046352677224218,PBPF,cracker_scene1,40,old
4030,17.308485507965088,0.6046352677224218,PBPF,cracker_scene1,40,old
4031,17.312823057174683,0.6055360014502675,PBPF,cracker_scene1,40,old
4032,17.317058086395264,0.6055360014502675,PBPF,cracker_scene1,40,old
4033,17.3215012550354,0.6052952506048476,PBPF,cracker_scene1,40,old
4034,17.325536251068115,0.6052952506048476,PBPF,cracker_scene1,40,old
4035,17.33002758026123,0.6067428010584633,PBPF,cracker_scene1,40,old
4036,17.3342227935791,0.6067428010584633,PBPF,cracker_scene1,40,old
4037,17.338661670684814,0.6075949212914199,PBPF,cracker_scene1,40,old
4038,17.342969179153442,0.6075949212914199,PBPF,cracker_scene1,40,old
4039,17.347243547439575,0.6086360548470465,PBPF,cracker_scene1,40,old
4040,17.351471424102783,0.6086360548470465,PBPF,cracker_scene1,40,old
4041,17.355900526046753,0.6078232330939235,PBPF,cracker_scene1,40,old
4042,17.36015772819519,0.6083111773405033,PBPF,cracker_scene1,40,old
4043,17.36442232131958,0.6083111773405033,PBPF,cracker_scene1,40,old
4044,17.368804216384888,0.6085481118792243,PBPF,cracker_scene1,40,old
4045,17.3730411529541,0.6092818984577143,PBPF,cracker_scene1,40,old
4046,17.37733244895935,0.6107016763762716,PBPF,cracker_scene1,40,old
4047,17.381888389587402,0.6107016763762716,PBPF,cracker_scene1,40,old
4048,17.386338472366333,0.6112673838595062,PBPF,cracker_scene1,40,old
4049,17.390552520751953,0.6112673838595062,PBPF,cracker_scene1,40,old
4050,17.394997358322144,0.6124719403676303,PBPF,cracker_scene1,40,old
4051,17.39912509918213,0.6124719403676303,PBPF,cracker_scene1,40,old
4052,17.40341305732727,0.6124479790808082,PBPF,cracker_scene1,40,old
4053,17.407592058181763,0.6124479790808082,PBPF,cracker_scene1,40,old
4054,17.411963939666748,0.6141044715947939,PBPF,cracker_scene1,40,old
4055,17.416088819503784,0.6141044715947939,PBPF,cracker_scene1,40,old
4056,17.4205482006073,0.6141291099358247,PBPF,cracker_scene1,40,old
4057,17.42464280128479,0.6141291099358247,PBPF,cracker_scene1,40,old
4058,17.429234504699707,0.6146453903838166,PBPF,cracker_scene1,40,old
4059,17.4333553314209,0.6146453903838166,PBPF,cracker_scene1,40,old
4060,17.43782687187195,0.6155622097009954,PBPF,cracker_scene1,40,old
4061,17.441993474960327,0.6155622097009954,PBPF,cracker_scene1,40,old
4062,17.446454286575317,0.6177682178184365,PBPF,cracker_scene1,40,old
4063,17.45067572593689,0.6177682178184365,PBPF,cracker_scene1,40,old
4064,17.455096006393433,0.6180520341085646,PBPF,cracker_scene1,40,old
4065,17.4595308303833,0.6175744104439217,PBPF,cracker_scene1,40,old
4066,17.4636652469635,0.6180255673190151,PBPF,cracker_scene1,40,old
4067,17.468101978302002,0.6180255673190151,PBPF,cracker_scene1,40,old
4068,17.472492218017578,0.6179751530023918,PBPF,cracker_scene1,40,old
4069,17.476683378219604,0.61875728245926,PBPF,cracker_scene1,40,old
4070,17.48094940185547,0.61875728245926,PBPF,cracker_scene1,40,old
4071,17.485142707824707,0.6201473696676834,PBPF,cracker_scene1,40,old
4072,17.489478826522827,0.6201473696676834,PBPF,cracker_scene1,40,old
4073,17.493664741516113,0.6220057611959299,PBPF,cracker_scene1,40,old
4074,17.4980571269989,0.6210115175717336,PBPF,cracker_scene1,40,old
4075,17.502375841140747,0.6219666967919306,PBPF,cracker_scene1,40,old
4076,17.506641149520874,0.6219666967919306,PBPF,cracker_scene1,40,old
4077,17.511007070541382,0.6236781847169176,PBPF,cracker_scene1,40,old
4078,17.515288591384888,0.6236781847169176,PBPF,cracker_scene1,40,old
4079,17.5196533203125,0.623533984591822,PBPF,cracker_scene1,40,old
4080,17.523972988128662,0.623533984591822,PBPF,cracker_scene1,40,old
4081,17.528303384780884,0.6244268190810797,PBPF,cracker_scene1,40,old
4082,17.532794952392578,0.6244268190810797,PBPF,cracker_scene1,40,old
4083,17.53703260421753,0.6247933450069886,PBPF,cracker_scene1,40,old
4084,17.541324615478516,0.6247933450069886,PBPF,cracker_scene1,40,old
4085,17.545357942581177,0.6247933450069886,PBPF,cracker_scene1,40,old
4086,17.549750328063965,0.6261638995988389,PBPF,cracker_scene1,40,old
4087,17.553778648376465,0.6261638995988389,PBPF,cracker_scene1,40,old
4088,17.55805492401123,0.6260150255416286,PBPF,cracker_scene1,40,old
4089,17.562426567077637,0.6260150255416286,PBPF,cracker_scene1,40,old
4090,17.566856861114502,0.6280062338755624,PBPF,cracker_scene1,40,old
4091,17.571050882339478,0.6280062338755624,PBPF,cracker_scene1,40,old
4092,17.57520890235901,0.6280062338755624,PBPF,cracker_scene1,40,old
4093,17.579790592193604,0.6287996699351063,PBPF,cracker_scene1,40,old
4094,17.58403491973877,0.6287460987283288,PBPF,cracker_scene1,40,old
4095,17.5881826877594,0.6287460987283288,PBPF,cracker_scene1,40,old
4096,17.59247350692749,0.6287460987283288,PBPF,cracker_scene1,40,old
4097,17.596796989440918,0.6294039792903015,PBPF,cracker_scene1,40,old
4098,17.601238250732422,0.6294039792903015,PBPF,cracker_scene1,40,old
4099,17.605437994003296,0.6312148913789963,PBPF,cracker_scene1,40,old
4100,17.609638929367065,0.6312148913789963,PBPF,cracker_scene1,40,old
4101,17.613977432250977,0.6312339835055529,PBPF,cracker_scene1,40,old
4102,17.618318796157837,0.6338979220403554,PBPF,cracker_scene1,40,old
4103,17.622679233551025,0.6357417785916694,PBPF,cracker_scene1,40,old
4104,17.62688899040222,0.6357417785916694,PBPF,cracker_scene1,40,old
4105,17.63161301612854,0.6365092700362905,PBPF,cracker_scene1,40,old
4106,17.636014461517334,0.6363806143727502,PBPF,cracker_scene1,40,old
4107,17.640442848205566,0.637096713822448,PBPF,cracker_scene1,40,old
4108,17.644956350326538,0.6387339249793652,PBPF,cracker_scene1,40,old
4109,17.64948010444641,0.6394301398231116,PBPF,cracker_scene1,40,old
4110,17.654131412506104,0.6393129074827889,PBPF,cracker_scene1,40,old
4111,17.658284664154053,0.6393129074827889,PBPF,cracker_scene1,40,old
4112,17.662874937057495,0.6406132852812391,PBPF,cracker_scene1,40,old
4113,17.667266607284546,0.6406132852812391,PBPF,cracker_scene1,40,old
4114,17.67194938659668,0.6418590168468773,PBPF,cracker_scene1,40,old
4115,17.676213264465332,0.6435807370157262,PBPF,cracker_scene1,40,old
4116,17.680657386779785,0.6435807370157262,PBPF,cracker_scene1,40,old
4117,17.684884786605835,0.6431805480243982,PBPF,cracker_scene1,40,old
4118,17.689292669296265,0.6431805480243982,PBPF,cracker_scene1,40,old
4119,17.69362163543701,0.6431523882089762,PBPF,cracker_scene1,40,old
4120,17.698127269744873,0.6442548966371366,PBPF,cracker_scene1,40,old
4121,17.702787399291992,0.6450602186738236,PBPF,cracker_scene1,40,old
4122,17.706987380981445,0.6451603908782094,PBPF,cracker_scene1,40,old
4123,17.711342334747314,0.6448632267553781,PBPF,cracker_scene1,40,old
4124,17.715588569641113,0.6448632267553781,PBPF,cracker_scene1,40,old
4125,17.72001814842224,0.646342484387566,PBPF,cracker_scene1,40,old
4126,17.7247793674469,0.646342484387566,PBPF,cracker_scene1,40,old
4127,17.72969365119934,0.6469214920060079,PBPF,cracker_scene1,40,old
4128,17.734127044677734,0.6469214920060079,PBPF,cracker_scene1,40,old
4129,17.73863649368286,0.647536298084571,PBPF,cracker_scene1,40,old
4130,17.74309515953064,0.647536298084571,PBPF,cracker_scene1,40,old
4131,17.747748613357544,0.6484295898634385,PBPF,cracker_scene1,40,old
4132,17.752143621444702,0.6482788407372643,PBPF,cracker_scene1,40,old
4133,17.756616353988647,0.6482788407372643,PBPF,cracker_scene1,40,old
4134,17.76114249229431,0.6490872277113873,PBPF,cracker_scene1,40,old
4135,17.765689373016357,0.6490155998080667,PBPF,cracker_scene1,40,old
4136,17.770379066467285,0.6496349107494478,PBPF,cracker_scene1,40,old
4137,17.774604320526123,0.6496349107494478,PBPF,cracker_scene1,40,old
4138,17.779155492782593,0.6501194557195777,PBPF,cracker_scene1,40,old
4139,17.783855199813843,0.6429056386039536,PBPF,cracker_scene1,40,old
4140,17.78831458091736,0.6447788759839463,PBPF,cracker_scene1,40,old
4141,17.79256296157837,0.6447469088896565,PBPF,cracker_scene1,40,old
4142,17.797101259231567,0.6457600456066395,PBPF,cracker_scene1,40,old
4143,17.80160665512085,0.6462549186985216,PBPF,cracker_scene1,40,old
4144,17.805956840515137,0.6462549186985216,PBPF,cracker_scene1,40,old
4145,17.810494661331177,0.646279399359103,PBPF,cracker_scene1,40,old
4146,17.815003871917725,0.646279399359103,PBPF,cracker_scene1,40,old
4147,17.8192880153656,0.647562571682359,PBPF,cracker_scene1,40,old
4148,17.823829889297485,0.6482994827788806,PBPF,cracker_scene1,40,old
4149,17.82837152481079,0.6482157072014978,PBPF,cracker_scene1,40,old
4150,17.8326473236084,0.6482157072014978,PBPF,cracker_scene1,40,old
4151,17.837117195129395,0.6488101765804339,PBPF,cracker_scene1,40,old
4152,17.841306447982788,0.6488101765804339,PBPF,cracker_scene1,40,old
4153,17.845457077026367,0.6496774798253249,PBPF,cracker_scene1,40,old
4154,17.8498694896698,0.6508538369846741,PBPF,cracker_scene1,40,old
4155,17.854422092437744,0.6505018164751455,PBPF,cracker_scene1,40,old
4156,17.85860300064087,0.6505018164751455,PBPF,cracker_scene1,40,old
4157,17.863009214401245,0.6505018164751455,PBPF,cracker_scene1,40,old
4158,17.867576599121094,0.6518376055452304,PBPF,cracker_scene1,40,old
4159,17.871962308883667,0.6518426238148205,PBPF,cracker_scene1,40,old
4160,17.876253366470337,0.6518426238148205,PBPF,cracker_scene1,40,old
4161,17.88065004348755,0.6518426238148205,PBPF,cracker_scene1,40,old
4162,17.884915828704834,0.6517810648938651,PBPF,cracker_scene1,40,old
4163,17.88939595222473,0.6524784020010781,PBPF,cracker_scene1,40,old
4164,17.8935763835907,0.6524784020010781,PBPF,cracker_scene1,40,old
4165,17.898327589035034,0.6531841385468136,PBPF,cracker_scene1,40,old
4166,17.902830600738525,0.6531841385468136,PBPF,cracker_scene1,40,old
4167,17.907097578048706,0.6536358267626241,PBPF,cracker_scene1,40,old
4168,17.911503553390503,0.6553483136852956,PBPF,cracker_scene1,40,old
4169,17.915614366531372,0.6553483136852956,PBPF,cracker_scene1,40,old
4170,17.91992497444153,0.6553553715286453,PBPF,cracker_scene1,40,old
4171,17.924179553985596,0.6553553715286453,PBPF,cracker_scene1,40,old
4172,17.928457498550415,0.657222311971176,PBPF,cracker_scene1,40,old
4173,17.933364868164062,0.657222311971176,PBPF,cracker_scene1,40,old
4174,17.937705516815186,0.6563474894460386,PBPF,cracker_scene1,40,old
4175,17.942487239837646,0.6525838806727435,PBPF,cracker_scene1,40,old
4176,17.94678783416748,0.6541613373489632,PBPF,cracker_scene1,40,old
4177,17.951160430908203,0.6541613373489632,PBPF,cracker_scene1,40,old
4178,17.955381870269775,0.6541613373489632,PBPF,cracker_scene1,40,old
4179,17.959816217422485,0.653851076864659,PBPF,cracker_scene1,40,old
4180,17.964173793792725,0.653851076864659,PBPF,cracker_scene1,40,old
4181,17.968613624572754,0.6553335606687458,PBPF,cracker_scene1,40,old
4182,17.972999334335327,0.6553335606687458,PBPF,cracker_scene1,40,old
4183,17.977428913116455,0.6553482104613346,PBPF,cracker_scene1,40,old
4184,17.981823444366455,0.655322023489445,PBPF,cracker_scene1,40,old
4185,17.986140966415405,0.6559393658258408,PBPF,cracker_scene1,40,old
4186,17.990360260009766,0.6559393658258408,PBPF,cracker_scene1,40,old
4187,17.99496030807495,0.6568576022577055,PBPF,cracker_scene1,40,old
4188,17.999471187591553,0.6568576022577055,PBPF,cracker_scene1,40,old
4189,18.003762245178223,0.6568576022577055,PBPF,cracker_scene1,40,old
4190,18.008331298828125,0.6569063284686045,PBPF,cracker_scene1,40,old
4191,18.01267647743225,0.6576916963145676,PBPF,cracker_scene1,40,old
4192,18.016981840133667,0.6576916963145676,PBPF,cracker_scene1,40,old
4193,18.02157187461853,0.6583241864397289,PBPF,cracker_scene1,40,old
4194,18.026249408721924,0.6585922564615965,PBPF,cracker_scene1,40,old
4195,18.03104853630066,0.660576182450515,PBPF,cracker_scene1,40,old
4196,18.035794734954834,0.6611013498173701,PBPF,cracker_scene1,40,old
4197,18.04024648666382,0.6618440142294011,PBPF,cracker_scene1,40,old
4198,18.04469895362854,0.662782992652172,PBPF,cracker_scene1,40,old
4199,18.048954725265503,0.662782992652172,PBPF,cracker_scene1,40,old
4200,18.053524017333984,0.6637878901221246,PBPF,cracker_scene1,40,old
4201,18.05784797668457,0.6637878901221246,PBPF,cracker_scene1,40,old
4202,18.062551498413086,0.6649421731798455,PBPF,cracker_scene1,40,old
4203,18.06696629524231,0.6649421731798455,PBPF,cracker_scene1,40,old
4204,18.071571826934814,0.666640462434752,PBPF,cracker_scene1,40,old
4205,18.075834035873413,0.666640462434752,PBPF,cracker_scene1,40,old
4206,18.080445289611816,0.6666098480894194,PBPF,cracker_scene1,40,old
4207,18.08476185798645,0.6676074951675046,PBPF,cracker_scene1,40,old
4208,18.08928418159485,0.6687130724645174,PBPF,cracker_scene1,40,old
4209,18.093698501586914,0.6689540154273725,PBPF,cracker_scene1,40,old
4210,18.098072290420532,0.6689540154273725,PBPF,cracker_scene1,40,old
4211,18.10271954536438,0.6706442648476436,PBPF,cracker_scene1,40,old
4212,18.106985807418823,0.6706442648476436,PBPF,cracker_scene1,40,old
4213,18.111491680145264,0.6710148982297577,PBPF,cracker_scene1,40,old
4214,18.115678310394287,0.6710148982297577,PBPF,cracker_scene1,40,old
4215,18.11999201774597,0.6719246039700204,PBPF,cracker_scene1,40,old
4216,18.12416100502014,0.6719246039700204,PBPF,cracker_scene1,40,old
4217,18.12887716293335,0.6732476988350564,PBPF,cracker_scene1,40,old
4218,18.133220195770264,0.6732476988350564,PBPF,cracker_scene1,40,old
4219,18.137887239456177,0.6742375073466595,PBPF,cracker_scene1,40,old
4220,18.14211678504944,0.6742375073466595,PBPF,cracker_scene1,40,old
4221,18.146683931350708,0.6752744818900913,PBPF,cracker_scene1,40,old
4222,18.15090799331665,0.675904989378159,PBPF,cracker_scene1,40,old
4223,18.155386686325073,0.676491705933338,PBPF,cracker_scene1,40,old
4224,18.15962266921997,0.6761970397367429,PBPF,cracker_scene1,40,old
4225,18.164096355438232,0.6769871045801024,PBPF,cracker_scene1,40,old
4226,18.168673276901245,0.6775532030248641,PBPF,cracker_scene1,40,old
4227,18.17311429977417,0.6787417137744942,PBPF,cracker_scene1,40,old
4228,18.177666902542114,0.6795188762940283,PBPF,cracker_scene1,40,old
4229,18.182024002075195,0.6795188762940283,PBPF,cracker_scene1,40,old
4230,18.186481952667236,0.6795232096956898,PBPF,cracker_scene1,40,old
4231,18.190741539001465,0.6795232096956898,PBPF,cracker_scene1,40,old
4232,18.1952645778656,0.6805903103756323,PBPF,cracker_scene1,40,old
4233,18.199580430984497,0.6805903103756323,PBPF,cracker_scene1,40,old
4234,18.204214572906494,0.6807004413316369,PBPF,cracker_scene1,40,old
4235,18.208333253860474,0.6807004413316369,PBPF,cracker_scene1,40,old
4236,18.212785720825195,0.6819110509903314,PBPF,cracker_scene1,40,old
4237,18.217299938201904,0.6819110509903314,PBPF,cracker_scene1,40,old
4238,18.22179365158081,0.682702401757223,PBPF,cracker_scene1,40,old
4239,18.22596502304077,0.682702401757223,PBPF,cracker_scene1,40,old
4240,18.23032236099243,0.6839665828269599,PBPF,cracker_scene1,40,old
4241,18.234519720077515,0.6839665828269599,PBPF,cracker_scene1,40,old
4242,18.238813161849976,0.6839665828269599,PBPF,cracker_scene1,40,old
4243,18.24368715286255,0.6852770136381539,PBPF,cracker_scene1,40,old
4244,18.248018264770508,0.6861016140114593,PBPF,cracker_scene1,40,old
4245,18.252297401428223,0.6861016140114593,PBPF,cracker_scene1,40,old
4246,18.25701403617859,0.6765120166246223,PBPF,cracker_scene1,40,old
4247,18.26149320602417,0.6767372391937814,PBPF,cracker_scene1,40,old
4248,18.266069889068604,0.6767372391937814,PBPF,cracker_scene1,40,old
4249,18.270739316940308,0.6770138472597784,PBPF,cracker_scene1,40,old
4250,18.275130033493042,0.6770138472597784,PBPF,cracker_scene1,40,old
4251,18.280036211013794,0.6779037065331854,PBPF,cracker_scene1,40,old
4252,18.284370183944702,0.6779037065331854,PBPF,cracker_scene1,40,old
4253,18.288960218429565,0.6794402293543893,PBPF,cracker_scene1,40,old
4254,18.29349136352539,0.6801591823316739,PBPF,cracker_scene1,40,old
4255,18.297852993011475,0.6801591823316739,PBPF,cracker_scene1,40,old
4256,18.30186367034912,0.6801591823316739,PBPF,cracker_scene1,40,old
4257,18.30600070953369,0.6801591823316739,PBPF,cracker_scene1,40,old
4258,18.311228275299072,0.6813098560008299,PBPF,cracker_scene1,40,old
4259,18.315560579299927,0.6813098560008299,PBPF,cracker_scene1,40,old
4260,18.319839000701904,0.681577118224312,PBPF,cracker_scene1,40,old
4261,18.323972463607788,0.681577118224312,PBPF,cracker_scene1,40,old
4262,18.328206777572632,0.68293620933221,PBPF,cracker_scene1,40,old
4263,18.332212686538696,0.68293620933221,PBPF,cracker_scene1,40,old
4264,18.33626914024353,0.68293620933221,PBPF,cracker_scene1,40,old
4265,18.340688467025757,0.68293620933221,PBPF,cracker_scene1,40,old
4266,18.345438480377197,0.6841855479854964,PBPF,cracker_scene1,40,old
4267,18.34960174560547,0.6841855479854964,PBPF,cracker_scene1,40,old
4268,18.353920698165894,0.6852186785796706,PBPF,cracker_scene1,40,old
4269,18.358015060424805,0.6852186785796706,PBPF,cracker_scene1,40,old
4270,18.362339973449707,0.6862868876562986,PBPF,cracker_scene1,40,old
4271,18.36651110649109,0.6862868876562986,PBPF,cracker_scene1,40,old
4272,18.370811462402344,0.6873500607433893,PBPF,cracker_scene1,40,old
4273,18.37550687789917,0.6873500607433893,PBPF,cracker_scene1,40,old
4274,18.3796706199646,0.6891194710677979,PBPF,cracker_scene1,40,old
4275,18.383886337280273,0.6891194710677979,PBPF,cracker_scene1,40,old
4276,18.38816785812378,0.6902790625319319,PBPF,cracker_scene1,40,old
4277,18.39229130744934,0.6902790625319319,PBPF,cracker_scene1,40,old
4278,18.396636486053467,0.6907918611496182,PBPF,cracker_scene1,40,old
4279,18.401148796081543,0.6907918611496182,PBPF,cracker_scene1,40,old
4280,18.40583038330078,0.6916140773677331,PBPF,cracker_scene1,40,old
4281,18.41029191017151,0.6931421007699639,PBPF,cracker_scene1,40,old
4282,18.41470217704773,0.6778535662936278,PBPF,cracker_scene1,40,old
4283,18.41912031173706,0.6793399195212633,PBPF,cracker_scene1,40,old
4284,18.423656463623047,0.6793399195212633,PBPF,cracker_scene1,40,old
4285,18.427982091903687,0.6804314676215037,PBPF,cracker_scene1,40,old
4286,18.432067155838013,0.6804314676215037,PBPF,cracker_scene1,40,old
4287,18.43635654449463,0.6810787387664075,PBPF,cracker_scene1,40,old
4288,18.440330982208252,0.6810787387664075,PBPF,cracker_scene1,40,old
4289,18.4447820186615,0.6828674428682966,PBPF,cracker_scene1,40,old
4290,18.449082612991333,0.6828674428682966,PBPF,cracker_scene1,40,old
4291,18.45316743850708,0.6828674428682966,PBPF,cracker_scene1,40,old
4292,18.457663774490356,0.6840961919860158,PBPF,cracker_scene1,40,old
4293,18.462533950805664,0.6850581314804058,PBPF,cracker_scene1,40,old
4294,18.467159748077393,0.6850581314804058,PBPF,cracker_scene1,40,old
4295,18.471720457077026,0.6865154265505566,PBPF,cracker_scene1,40,old
4296,18.476322174072266,0.6865154265505566,PBPF,cracker_scene1,40,old
4297,18.48066282272339,0.6872840017976731,PBPF,cracker_scene1,40,old
4298,18.485294342041016,0.6896541729121326,PBPF,cracker_scene1,40,old
4299,18.489734649658203,0.6896541729121326,PBPF,cracker_scene1,40,old
4300,18.494078397750854,0.6895428917144146,PBPF,cracker_scene1,40,old
4301,18.498616933822632,0.6895428917144146,PBPF,cracker_scene1,40,old
4302,18.50312376022339,0.6910799301845252,PBPF,cracker_scene1,40,old
4303,18.50727915763855,0.6910799301845252,PBPF,cracker_scene1,40,old
4304,18.511602640151978,0.6914363115736357,PBPF,cracker_scene1,40,old
4305,18.515805959701538,0.6914363115736357,PBPF,cracker_scene1,40,old
4306,18.520140647888184,0.6930078631668968,PBPF,cracker_scene1,40,old
4307,18.5243878364563,0.6930078631668968,PBPF,cracker_scene1,40,old
4308,18.528734922409058,0.6935307985104453,PBPF,cracker_scene1,40,old
4309,18.533395767211914,0.6935307985104453,PBPF,cracker_scene1,40,old
4310,18.53814148902893,0.695377933668266,PBPF,cracker_scene1,40,old
4311,18.542400121688843,0.695377933668266,PBPF,cracker_scene1,40,old
4312,18.547033071517944,0.6949101348239637,PBPF,cracker_scene1,40,old
4313,18.551325798034668,0.6963833881682548,PBPF,cracker_scene1,40,old
4314,18.555864810943604,0.6963833881682548,PBPF,cracker_scene1,40,old
4315,18.560120344161987,0.6976075274184277,PBPF,cracker_scene1,40,old
4316,18.56478524208069,0.6976075274184277,PBPF,cracker_scene1,40,old
4317,18.569213151931763,0.6984040154128683,PBPF,cracker_scene1,40,old
4318,18.573561191558838,0.6984040154128683,PBPF,cracker_scene1,40,old
4319,18.578336477279663,0.6958994498453128,PBPF,cracker_scene1,40,old
4320,18.58261752128601,0.6958994498453128,PBPF,cracker_scene1,40,old
4321,18.587117910385132,0.6969876121415828,PBPF,cracker_scene1,40,old
4322,18.591346502304077,0.6969876121415828,PBPF,cracker_scene1,40,old
4323,18.595938205718994,0.6969562174728612,PBPF,cracker_scene1,40,old
4324,18.60014581680298,0.6969562174728612,PBPF,cracker_scene1,40,old
4325,18.604821920394897,0.6978803887298923,PBPF,cracker_scene1,40,old
4326,18.609245538711548,0.698312745406998,PBPF,cracker_scene1,40,old
4327,18.613795042037964,0.698312745406998,PBPF,cracker_scene1,40,old
4328,18.618143796920776,0.6985246328829469,PBPF,cracker_scene1,40,old
4329,18.622504711151123,0.6985246328829469,PBPF,cracker_scene1,40,old
4330,18.626935482025146,0.6978480251222088,PBPF,cracker_scene1,40,old
4331,18.631267547607422,0.6978480251222088,PBPF,cracker_scene1,40,old
4332,18.635592222213745,0.6978394413696192,PBPF,cracker_scene1,40,old
4333,18.639909982681274,0.6978394413696192,PBPF,cracker_scene1,40,old
4334,18.644330739974976,0.6982216906587624,PBPF,cracker_scene1,40,old
4335,18.648589849472046,0.6982216906587624,PBPF,cracker_scene1,40,old
4336,18.653053522109985,0.6978890492533418,PBPF,cracker_scene1,40,old
4337,18.657310009002686,0.6978890492533418,PBPF,cracker_scene1,40,old
4338,18.661448001861572,0.6978875799570403,PBPF,cracker_scene1,40,old
4339,18.66585373878479,0.6978875799570403,PBPF,cracker_scene1,40,old
4340,18.670281171798706,0.6978875799570403,PBPF,cracker_scene1,40,old
4341,18.674701929092407,0.6987334108084697,PBPF,cracker_scene1,40,old
4342,18.67923617362976,0.697878623583458,PBPF,cracker_scene1,40,old
4343,18.683513879776,0.697878623583458,PBPF,cracker_scene1,40,old
4344,18.687959671020508,0.6982176404818938,PBPF,cracker_scene1,40,old
4345,18.69222331047058,0.6982176404818938,PBPF,cracker_scene1,40,old
4346,18.69661784172058,0.6982176404818938,PBPF,cracker_scene1,40,old
4347,18.70116949081421,0.6987532453127514,PBPF,cracker_scene1,40,old
4348,18.705524682998657,0.6978995124892862,PBPF,cracker_scene1,40,old
4349,18.70991826057434,0.6978995124892862,PBPF,cracker_scene1,40,old
4350,18.714197158813477,0.6987477424624817,PBPF,cracker_scene1,40,old
4351,18.71871590614319,0.6987477424624817,PBPF,cracker_scene1,40,old
4352,18.722997426986694,0.6982423473287316,PBPF,cracker_scene1,40,old
4353,18.727538108825684,0.6982423473287316,PBPF,cracker_scene1,40,old
4354,18.731868267059326,0.6979181908663383,PBPF,cracker_scene1,40,old
4355,18.736520767211914,0.6982566422439858,PBPF,cracker_scene1,40,old
4356,18.740933179855347,0.6978457419672166,PBPF,cracker_scene1,40,old
4357,18.74536633491516,0.6978457419672166,PBPF,cracker_scene1,40,old
4358,18.749717473983765,0.6977695152546959,PBPF,cracker_scene1,40,old
4359,18.754235982894897,0.6976195593377961,PBPF,cracker_scene1,40,old
4360,18.75840425491333,0.6976195593377961,PBPF,cracker_scene1,40,old
4361,18.76289963722229,0.6988609781066133,PBPF,cracker_scene1,40,old
4362,18.767392873764038,0.7026600892264412,PBPF,cracker_scene1,40,old
4363,18.77186155319214,0.7164111636895161,PBPF,cracker_scene1,40,old
4364,18.776214838027954,0.7164111636895161,PBPF,cracker_scene1,40,old
4365,18.78070330619812,0.7176299850667442,PBPF,cracker_scene1,40,old
4366,18.785005807876587,0.7176299850667442,PBPF,cracker_scene1,40,old
4367,18.789205312728882,0.7176299850667442,PBPF,cracker_scene1,40,old
4368,18.793718814849854,0.7183237772679991,PBPF,cracker_scene1,40,old
4369,18.79795813560486,0.7183237772679991,PBPF,cracker_scene1,40,old
4370,18.8026282787323,0.7196818959267759,PBPF,cracker_scene1,40,old
4371,18.806907892227173,0.7201636327392658,PBPF,cracker_scene1,40,old
4372,18.811208248138428,0.7201636327392658,PBPF,cracker_scene1,40,old
4373,18.8156635761261,0.7215638231479868,PBPF,cracker_scene1,40,old
4374,18.819820880889893,0.7215638231479868,PBPF,cracker_scene1,40,old
4375,18.82440423965454,0.7226731423816704,PBPF,cracker_scene1,40,old
4376,18.829104900360107,0.7241167676010898,PBPF,cracker_scene1,40,old
4377,18.833378076553345,0.7241167676010898,PBPF,cracker_scene1,40,old
4378,18.837962865829468,0.7247907578250894,PBPF,cracker_scene1,40,old
4379,18.842336177825928,0.7261741524029963,PBPF,cracker_scene1,40,old
4380,18.846888065338135,0.7261741524029963,PBPF,cracker_scene1,40,old
4381,18.851072549819946,0.7272756278031318,PBPF,cracker_scene1,40,old
4382,18.855474710464478,0.7272756278031318,PBPF,cracker_scene1,40,old
4383,18.85972785949707,0.7282574345677926,PBPF,cracker_scene1,40,old
4384,18.864073753356934,0.7282574345677926,PBPF,cracker_scene1,40,old
4385,18.868463277816772,0.7286324760441918,PBPF,cracker_scene1,40,old
4386,18.872787475585938,0.7286324760441918,PBPF,cracker_scene1,40,old
4387,18.877179384231567,0.7299159697168864,PBPF,cracker_scene1,40,old
4388,18.88150382041931,0.7299159697168864,PBPF,cracker_scene1,40,old
4389,18.88565969467163,0.7310314677741694,PBPF,cracker_scene1,40,old
4390,18.890127658843994,0.7310314677741694,PBPF,cracker_scene1,40,old
4391,18.894970655441284,0.7318493360552374,PBPF,cracker_scene1,40,old
4392,18.89975619316101,0.7318493360552374,PBPF,cracker_scene1,40,old
4393,18.904475450515747,0.7323224590325319,PBPF,cracker_scene1,40,old
4394,18.908578872680664,0.7323224590325319,PBPF,cracker_scene1,40,old
4395,18.91304111480713,0.7339100451738796,PBPF,cracker_scene1,40,old
4396,18.91731595993042,0.7339100451738796,PBPF,cracker_scene1,40,old
4397,18.921725749969482,0.7348392691620793,PBPF,cracker_scene1,40,old
4398,18.925921201705933,0.7362399581571486,PBPF,cracker_scene1,40,old
4399,18.930217266082764,0.7362399581571486,PBPF,cracker_scene1,40,old
4400,18.934457540512085,0.7362399581571486,PBPF,cracker_scene1,40,old
4401,18.93893527984619,0.7372017600114482,PBPF,cracker_scene1,40,old
4402,18.943175554275513,0.7381538068302449,PBPF,cracker_scene1,40,old
4403,18.94734001159668,0.7381538068302449,PBPF,cracker_scene1,40,old
4404,18.95177936553955,0.7382443120379767,PBPF,cracker_scene1,40,old
4405,18.956191539764404,0.7395655441282463,PBPF,cracker_scene1,40,old
4406,18.96046233177185,0.7404450651284069,PBPF,cracker_scene1,40,old
4407,18.96475076675415,0.7404450651284069,PBPF,cracker_scene1,40,old
4408,18.968963384628296,0.7404450651284069,PBPF,cracker_scene1,40,old
4409,18.973353147506714,0.7410179284841689,PBPF,cracker_scene1,40,old
4410,18.977622985839844,0.7428248207714008,PBPF,cracker_scene1,40,old
4411,18.981672763824463,0.7428248207714008,PBPF,cracker_scene1,40,old
4412,18.985935926437378,0.743804017586708,PBPF,cracker_scene1,40,old
4413,18.990058422088623,0.743804017586708,PBPF,cracker_scene1,40,old
4414,18.994335412979126,0.7454848106013783,PBPF,cracker_scene1,40,old
4415,18.998444080352783,0.7454848106013783,PBPF,cracker_scene1,40,old
4416,19.003278017044067,0.7467794887547674,PBPF,cracker_scene1,40,old
4417,19.00741195678711,0.7467794887547674,PBPF,cracker_scene1,40,old
4418,19.011821269989014,0.7478570596157725,PBPF,cracker_scene1,40,old
4419,19.015997171401978,0.7478570596157725,PBPF,cracker_scene1,40,old
4420,19.02047610282898,0.7494259401711671,PBPF,cracker_scene1,40,old
4421,19.02450919151306,0.7494259401711671,PBPF,cracker_scene1,40,old
4422,19.028818368911743,0.7506406822400846,PBPF,cracker_scene1,40,old
4423,19.033313751220703,0.7501901891422911,PBPF,cracker_scene1,40,old
4424,19.037822008132935,0.7514183881232164,PBPF,cracker_scene1,40,old
4425,19.04190707206726,0.7514183881232164,PBPF,cracker_scene1,40,old
4426,19.04641604423523,0.752343823552243,PBPF,cracker_scene1,40,old
4427,19.050591945648193,0.752343823552243,PBPF,cracker_scene1,40,old
4428,19.05506682395935,0.7539501256782417,PBPF,cracker_scene1,40,old
4429,19.05923891067505,0.7542974374879465,PBPF,cracker_scene1,40,old
4430,19.063711404800415,0.7544632425950013,PBPF,cracker_scene1,40,old
4431,19.06792449951172,0.7544632425950013,PBPF,cracker_scene1,40,old
4432,19.07222318649292,0.7570977416087539,PBPF,cracker_scene1,40,old
4433,19.076459646224976,0.7570977416087539,PBPF,cracker_scene1,40,old
4434,19.08090329170227,0.758215128314518,PBPF,cracker_scene1,40,old
4435,19.085173845291138,0.758215128314518,PBPF,cracker_scene1,40,old
4436,19.089755058288574,0.7593674450048926,PBPF,cracker_scene1,40,old
4437,19.09399390220642,0.7598442209785912,PBPF,cracker_scene1,40,old
4438,19.098381757736206,0.7598442209785912,PBPF,cracker_scene1,40,old
4439,19.102463245391846,0.7598442209785912,PBPF,cracker_scene1,40,old
4440,19.10698962211609,0.7612817755525123,PBPF,cracker_scene1,40,old
4441,19.111138820648193,0.760403056664118,PBPF,cracker_scene1,40,old
4442,19.115451097488403,0.761829689211063,PBPF,cracker_scene1,40,old
4443,19.11996030807495,0.7637441218622865,PBPF,cracker_scene1,40,old
4444,19.124361991882324,0.7637441218622865,PBPF,cracker_scene1,40,old
4445,19.128442525863647,0.7637441218622865,PBPF,cracker_scene1,40,old
4446,19.13292407989502,0.7641570280532042,PBPF,cracker_scene1,40,old
4447,19.137312173843384,0.7653749120914322,PBPF,cracker_scene1,40,old
4448,19.14154553413391,0.7653749120914322,PBPF,cracker_scene1,40,old
4449,19.14584517478943,0.7666277538494572,PBPF,cracker_scene1,40,old
4450,19.15004873275757,0.7666277538494572,PBPF,cracker_scene1,40,old
4451,19.154418230056763,0.7666222253700044,PBPF,cracker_scene1,40,old
4452,19.15865159034729,0.7666222253700044,PBPF,cracker_scene1,40,old
4453,19.1629695892334,0.7675496142670424,PBPF,cracker_scene1,40,old
4454,19.16762137413025,0.7688257808210164,PBPF,cracker_scene1,40,old
4455,19.17197299003601,0.769298818335316,PBPF,cracker_scene1,40,old
4456,19.176332473754883,0.769298818335316,PBPF,cracker_scene1,40,old
4457,19.180717945098877,0.769298818335316,PBPF,cracker_scene1,40,old
4458,19.18510603904724,0.76998654181335,PBPF,cracker_scene1,40,old
4459,19.189513206481934,0.7708197606195775,PBPF,cracker_scene1,40,old
4460,19.193730354309082,0.7708197606195775,PBPF,cracker_scene1,40,old
4461,19.198180198669434,0.7713462732179979,PBPF,cracker_scene1,40,old
4462,19.202659845352173,0.7719117752836127,PBPF,cracker_scene1,40,old
4463,19.20685076713562,0.7719117752836127,PBPF,cracker_scene1,40,old
4464,19.21133303642273,0.7719903866533233,PBPF,cracker_scene1,40,old
4465,19.215482711791992,0.7719903866533233,PBPF,cracker_scene1,40,old
4466,19.22000789642334,0.7683902835070375,PBPF,cracker_scene1,40,old
4467,19.224120378494263,0.7683902835070375,PBPF,cracker_scene1,40,old
4468,19.228973627090454,0.7690764710565423,PBPF,cracker_scene1,40,old
4469,19.233569622039795,0.7692327545892104,PBPF,cracker_scene1,40,old
4470,19.238057136535645,0.7693063424903528,PBPF,cracker_scene1,40,old
4471,19.242241859436035,0.7693063424903528,PBPF,cracker_scene1,40,old
4472,19.246665716171265,0.769820484989939,PBPF,cracker_scene1,40,old
4473,19.250853061676025,0.7702882469538697,PBPF,cracker_scene1,40,old
4474,19.2552273273468,0.7701653057576934,PBPF,cracker_scene1,40,old
4475,19.259419441223145,0.7699894338229099,PBPF,cracker_scene1,40,old
4476,19.263665676116943,0.7699894338229099,PBPF,cracker_scene1,40,old
4477,19.268163204193115,0.7703208044678878,PBPF,cracker_scene1,40,old
4478,19.272546768188477,0.7708929117446894,PBPF,cracker_scene1,40,old
4479,19.276867866516113,0.7707929649743788,PBPF,cracker_scene1,40,old
4480,19.281280755996704,0.7707929649743788,PBPF,cracker_scene1,40,old
4481,19.28567385673523,0.7716982300035369,PBPF,cracker_scene1,40,old
4482,19.290000915527344,0.7716982300035369,PBPF,cracker_scene1,40,old
4483,19.294357299804688,0.7716745290431168,PBPF,cracker_scene1,40,old
4484,19.29860806465149,0.7716745290431168,PBPF,cracker_scene1,40,old
4485,19.302888870239258,0.772748164227882,PBPF,cracker_scene1,40,old
4486,19.307055950164795,0.772748164227882,PBPF,cracker_scene1,40,old
4487,19.311378240585327,0.7730149647029707,PBPF,cracker_scene1,40,old
4488,19.31563448905945,0.7730149647029707,PBPF,cracker_scene1,40,old
4489,19.32009983062744,0.7736047277989391,PBPF,cracker_scene1,40,old
4490,19.32422924041748,0.7736047277989391,PBPF,cracker_scene1,40,old
4491,19.328629732131958,0.7731352816495463,PBPF,cracker_scene1,40,old
4492,19.33279824256897,0.7731352816495463,PBPF,cracker_scene1,40,old
4493,19.337146043777466,0.7743795552312607,PBPF,cracker_scene1,40,old
4494,19.34135365486145,0.7743795552312607,PBPF,cracker_scene1,40,old
4495,19.345569610595703,0.7746783395291494,PBPF,cracker_scene1,40,old
4496,19.349795818328857,0.7746783395291494,PBPF,cracker_scene1,40,old
4497,19.354339838027954,0.7749340639297113,PBPF,cracker_scene1,40,old
4498,19.358458757400513,0.7749340639297113,PBPF,cracker_scene1,40,old
4499,19.362900018692017,0.7752247331941167,PBPF,cracker_scene1,40,old
4500,19.366973400115967,0.7752247331941167,PBPF,cracker_scene1,40,old
4501,19.37145757675171,0.7747905738973495,PBPF,cracker_scene1,40,old
4502,19.375481128692627,0.7747905738973495,PBPF,cracker_scene1,40,old
4503,19.38037633895874,0.77212399762118,PBPF,cracker_scene1,40,old
4504,19.384868383407593,0.77212399762118,PBPF,cracker_scene1,40,old
4505,19.3896484375,0.7731625557910728,PBPF,cracker_scene1,40,old
4506,19.394219636917114,0.7725103982295636,PBPF,cracker_scene1,40,old
4507,19.39899492263794,0.7725103982295636,PBPF,cracker_scene1,40,old
4508,19.40375256538391,0.772761909231698,PBPF,cracker_scene1,40,old
4509,19.40824604034424,0.772761909231698,PBPF,cracker_scene1,40,old
4510,19.41301965713501,0.7727711862523856,PBPF,cracker_scene1,40,old
4511,19.41742515563965,0.7727711862523856,PBPF,cracker_scene1,40,old
4512,19.422224044799805,0.7736686067715262,PBPF,cracker_scene1,40,old
4513,19.426700830459595,0.7727873390583371,PBPF,cracker_scene1,40,old
4514,19.431492805480957,0.7727988090651632,PBPF,cracker_scene1,40,old
4515,19.4362473487854,0.7736251763238178,PBPF,cracker_scene1,40,old
4516,19.44075083732605,0.7736251763238178,PBPF,cracker_scene1,40,old
4517,19.445364952087402,0.773620756673119,PBPF,cracker_scene1,40,old
4518,19.44979953765869,0.773620756673119,PBPF,cracker_scene1,40,old
4519,19.45435333251953,0.7730808262691742,PBPF,cracker_scene1,40,old
4520,19.45876908302307,0.7730808262691742,PBPF,cracker_scene1,40,old
4521,19.46347951889038,0.773393616213756,PBPF,cracker_scene1,40,old
4522,19.46802067756653,0.7723575490376078,PBPF,cracker_scene1,40,old
4523,19.472853660583496,0.7722581499493302,PBPF,cracker_scene1,40,old
4524,19.476975440979004,0.7731097983766881,PBPF,cracker_scene1,40,old
4525,19.48153257369995,0.7731097983766881,PBPF,cracker_scene1,40,old
4526,19.48601770401001,0.7730680745015333,PBPF,cracker_scene1,40,old
4527,19.490525007247925,0.7730680745015333,PBPF,cracker_scene1,40,old
4528,19.494965076446533,0.7740352316827552,PBPF,cracker_scene1,40,old
4529,19.499520540237427,0.7740352316827552,PBPF,cracker_scene1,40,old
4530,19.50413751602173,0.7733611769166284,PBPF,cracker_scene1,40,old
4531,19.508272409439087,0.7733611769166284,PBPF,cracker_scene1,40,old
4532,19.512623071670532,0.7728928559465587,PBPF,cracker_scene1,40,old
4533,19.517009496688843,0.7728928559465587,PBPF,cracker_scene1,40,old
4534,19.521790742874146,0.7735853619778181,PBPF,cracker_scene1,40,old
4535,19.526092052459717,0.7729948582135222,PBPF,cracker_scene1,40,old
4536,19.530744791030884,0.7730514852627488,PBPF,cracker_scene1,40,old
4537,19.535198211669922,0.7728058449839033,PBPF,cracker_scene1,40,old
4538,19.539840698242188,0.7728058449839033,PBPF,cracker_scene1,40,old
4539,19.54419755935669,0.77278263573477,PBPF,cracker_scene1,40,old
4540,19.54869246482849,0.77278263573477,PBPF,cracker_scene1,40,old
4541,19.553239583969116,0.7731896268656531,PBPF,cracker_scene1,40,old
4542,19.557507514953613,0.7731896268656531,PBPF,cracker_scene1,40,old
4543,19.562105894088745,0.7732218938059923,PBPF,cracker_scene1,40,old
4544,19.566278219223022,0.7732218938059923,PBPF,cracker_scene1,40,old
4545,19.570733308792114,0.7727853948440808,PBPF,cracker_scene1,40,old
4546,19.57504415512085,0.7727853948440808,PBPF,cracker_scene1,40,old
4547,19.5796537399292,0.7731740917000796,PBPF,cracker_scene1,40,old
4548,19.583772897720337,0.7731740917000796,PBPF,cracker_scene1,40,old
4549,19.58827042579651,0.7732226159375957,PBPF,cracker_scene1,40,old
4550,19.5928692817688,0.7727462722071126,PBPF,cracker_scene1,40,old
4551,19.597439527511597,0.7727462722071126,PBPF,cracker_scene1,40,old
4552,19.60210347175598,0.7736296884968157,PBPF,cracker_scene1,40,old
4553,19.606454849243164,0.7736296884968157,PBPF,cracker_scene1,40,old
4554,19.611001014709473,0.7741115014851863,PBPF,cracker_scene1,40,old
4555,19.615321397781372,0.7741115014851863,PBPF,cracker_scene1,40,old
4556,19.61995577812195,0.7741216809706986,PBPF,cracker_scene1,40,old
4557,19.62410044670105,0.7741216809706986,PBPF,cracker_scene1,40,old
4558,19.62876534461975,0.7735619923181085,PBPF,cracker_scene1,40,old
4559,19.633217334747314,0.7735619923181085,PBPF,cracker_scene1,40,old
4560,19.637815237045288,0.7727189466899516,PBPF,cracker_scene1,40,old
4561,19.642022132873535,0.7727189466899516,PBPF,cracker_scene1,40,old
4562,19.64662003517151,0.773226311865109,PBPF,cracker_scene1,40,old
4563,19.65091848373413,0.7735986609403165,PBPF,cracker_scene1,40,old
4564,19.655484199523926,0.7735986609403165,PBPF,cracker_scene1,40,old
4565,19.65976905822754,0.7735986609403165,PBPF,cracker_scene1,40,old
4566,19.66434359550476,0.7732778509543552,PBPF,cracker_scene1,40,old
4567,19.66916060447693,0.7731465647638123,PBPF,cracker_scene1,40,old
4568,19.673362493515015,0.7731465647638123,PBPF,cracker_scene1,40,old
4569,19.677888870239258,0.7736487433569703,PBPF,cracker_scene1,40,old
4570,19.682246685028076,0.7736487433569703,PBPF,cracker_scene1,40,old
4571,19.686607599258423,0.7730740117101584,PBPF,cracker_scene1,40,old
4572,19.690847873687744,0.7730740117101584,PBPF,cracker_scene1,40,old
4573,19.695625066757202,0.7728161184171158,PBPF,cracker_scene1,40,old
4574,19.700655221939087,0.7728161184171158,PBPF,cracker_scene1,40,old
4575,19.70560574531555,0.7740599849735537,PBPF,cracker_scene1,40,old
4576,19.710384130477905,0.7736528791410375,PBPF,cracker_scene1,40,old
4577,19.71522283554077,0.7736528791410375,PBPF,cracker_scene1,40,old
4578,19.7200984954834,0.7728169128490459,PBPF,cracker_scene1,40,old
4579,19.72478151321411,0.7728169128490459,PBPF,cracker_scene1,40,old
4580,19.729947805404663,0.7728349515078321,PBPF,cracker_scene1,40,old
4581,19.734724521636963,0.7728349515078321,PBPF,cracker_scene1,40,old
4582,19.739736557006836,0.7736512453051967,PBPF,cracker_scene1,40,old
4583,19.74454379081726,0.7735939401396283,PBPF,cracker_scene1,40,old
4584,19.749178171157837,0.7735939401396283,PBPF,cracker_scene1,40,old
4585,19.75379729270935,0.7737156765164075,PBPF,cracker_scene1,40,old
4586,19.758657217025757,0.7737156765164075,PBPF,cracker_scene1,40,old
4587,19.763630628585815,0.7735611297023883,PBPF,cracker_scene1,40,old
4588,19.76858901977539,0.772811220181544,PBPF,cracker_scene1,40,old
4589,19.773322105407715,0.772811220181544,PBPF,cracker_scene1,40,old
4590,19.7781503200531,0.7732086396671409,PBPF,cracker_scene1,40,old
4591,19.78307056427002,0.7732086396671409,PBPF,cracker_scene1,40,old
4592,19.788012504577637,0.7736395923710546,PBPF,cracker_scene1,40,old
4593,19.792800664901733,0.7736395923710546,PBPF,cracker_scene1,40,old
4594,19.797711610794067,0.773615480474068,PBPF,cracker_scene1,40,old
4595,19.80252742767334,0.7736484177295857,PBPF,cracker_scene1,40,old
4596,19.807279109954834,0.7733554879254765,PBPF,cracker_scene1,40,old
4597,19.81225275993347,0.7728764095058835,PBPF,cracker_scene1,40,old
4598,19.81682848930359,0.7728764095058835,PBPF,cracker_scene1,40,old
4599,19.821796417236328,0.7731570267392813,PBPF,cracker_scene1,40,old
4600,19.826456546783447,0.7728344622191123,PBPF,cracker_scene1,40,old
4601,19.831414699554443,0.7728344622191123,PBPF,cracker_scene1,40,old
4602,19.836332321166992,0.7732606418884123,PBPF,cracker_scene1,40,old
4603,19.84102201461792,0.7732606418884123,PBPF,cracker_scene1,40,old
4604,19.845962047576904,0.7736345077808684,PBPF,cracker_scene1,40,old
4605,19.850475072860718,0.7736345077808684,PBPF,cracker_scene1,40,old
4606,19.85545539855957,0.7735972086646274,PBPF,cracker_scene1,40,old
4607,19.8600115776062,0.7734008232990934,PBPF,cracker_scene1,40,old
4608,19.864830493927002,0.7734008232990934,PBPF,cracker_scene1,40,old
4609,19.869786024093628,0.7735168799445518,PBPF,cracker_scene1,40,old
4610,19.874329566955566,0.7735168799445518,PBPF,cracker_scene1,40,old
4611,19.87909746170044,0.7728065500473216,PBPF,cracker_scene1,40,old
4612,19.883687734603882,0.7728065500473216,PBPF,cracker_scene1,40,old
4613,19.888383865356445,0.7728013582386062,PBPF,cracker_scene1,40,old
4614,19.89327335357666,0.7728054373427531,PBPF,cracker_scene1,40,old
4615,19.89762306213379,0.7728054373427531,PBPF,cracker_scene1,40,old
4616,19.902398586273193,0.7731927170208124,PBPF,cracker_scene1,40,old
4617,19.906700134277344,0.7731927170208124,PBPF,cracker_scene1,40,old
4618,19.91111445426941,0.7727777365811237,PBPF,cracker_scene1,40,old
4619,19.915629625320435,0.7727777365811237,PBPF,cracker_scene1,40,old
4620,19.920021295547485,0.7731631621042618,PBPF,cracker_scene1,40,old
4621,19.924553632736206,0.7731631621042618,PBPF,cracker_scene1,40,old
4622,19.929012060165405,0.772773205375743,PBPF,cracker_scene1,40,old
4623,19.933435916900635,0.772773205375743,PBPF,cracker_scene1,40,old
4624,19.938166856765747,0.7728353758696933,PBPF,cracker_scene1,40,old
4625,19.94296383857727,0.7728353758696933,PBPF,cracker_scene1,40,old
4626,19.947993516921997,0.773078987607887,PBPF,cracker_scene1,40,old
4627,19.9528489112854,0.7736227047778517,PBPF,cracker_scene1,40,old
4628,19.957295417785645,0.7736227047778517,PBPF,cracker_scene1,40,old
4629,19.962011098861694,0.7736227047778517,PBPF,cracker_scene1,40,old
4630,19.967026472091675,0.7727965033817217,PBPF,cracker_scene1,40,old
4631,19.97188377380371,0.772781151042861,PBPF,cracker_scene1,40,old
4632,19.97672176361084,0.773170833815854,PBPF,cracker_scene1,40,old
4633,19.981536388397217,0.773170833815854,PBPF,cracker_scene1,40,old
4634,19.98655128479004,0.77404016735544,PBPF,cracker_scene1,40,old
4635,19.991118669509888,0.77404016735544,PBPF,cracker_scene1,40,old
4636,19.99611783027649,0.7728376045790881,PBPF,cracker_scene1,40,old
4637,20.000898838043213,0.7728376045790881,PBPF,cracker_scene1,40,old
4638,20.005929946899414,0.7731057490854951,PBPF,cracker_scene1,40,old
4639,20.01044511795044,0.7731057490854951,PBPF,cracker_scene1,40,old
4640,20.015490531921387,0.7728185879767135,PBPF,cracker_scene1,40,old
4641,20.020204544067383,0.7728185879767135,PBPF,cracker_scene1,40,old
4642,20.0250563621521,0.773702173406515,PBPF,cracker_scene1,40,old
4643,20.030113697052002,0.773625221628504,PBPF,cracker_scene1,40,old
4644,20.03481888771057,0.773625221628504,PBPF,cracker_scene1,40,old
4645,20.039771556854248,0.7737855380167815,PBPF,cracker_scene1,40,old
4646,20.044660329818726,0.7731597402716224,PBPF,cracker_scene1,40,old
4647,20.049143075942993,0.7731597402716224,PBPF,cracker_scene1,40,old
4648,20.054199934005737,0.772815871543421,PBPF,cracker_scene1,40,old
4649,20.058739185333252,0.772815871543421,PBPF,cracker_scene1,40,old
4650,20.06390929222107,0.7728808696405975,PBPF,cracker_scene1,40,old
4651,20.06904363632202,0.7736741949451398,PBPF,cracker_scene1,40,old
4652,20.073599576950073,0.7736741949451398,PBPF,cracker_scene1,40,old
4653,20.078413009643555,0.7736529641712506,PBPF,cracker_scene1,40,old
4654,20.08295178413391,0.7728016665876929,PBPF,cracker_scene1,40,old
4655,20.087687015533447,0.7736088271667585,PBPF,cracker_scene1,40,old
4656,20.092180728912354,0.7736088271667585,PBPF,cracker_scene1,40,old
4657,20.097580671310425,0.7736592175038046,PBPF,cracker_scene1,40,old
4658,20.102205514907837,0.7734046677004143,PBPF,cracker_scene1,40,old
4659,20.106496334075928,0.7734046677004143,PBPF,cracker_scene1,40,old
4660,20.11093497276306,0.7731870793028603,PBPF,cracker_scene1,40,old
4661,20.115241050720215,0.7731870793028603,PBPF,cracker_scene1,40,old
4662,20.119679927825928,0.7727922015870421,PBPF,cracker_scene1,40,old
4663,20.123908042907715,0.7727922015870421,PBPF,cracker_scene1,40,old
4664,20.128557443618774,0.7736799624850361,PBPF,cracker_scene1,40,old
4665,20.13291883468628,0.7736799624850361,PBPF,cracker_scene1,40,old
4666,20.137582302093506,0.7728234370071441,PBPF,cracker_scene1,40,old
4667,20.14164090156555,0.7728234370071441,PBPF,cracker_scene1,40,old
4668,20.146138668060303,0.7735812123090797,PBPF,cracker_scene1,40,old
4669,20.150478839874268,0.7736077354992625,PBPF,cracker_scene1,40,old
4670,20.155128955841064,0.7736540454136929,PBPF,cracker_scene1,40,old
4671,20.159367084503174,0.7736540454136929,PBPF,cracker_scene1,40,old
4672,20.16368818283081,0.7731178028051966,PBPF,cracker_scene1,40,old
4673,20.16808557510376,0.7729418285700742,PBPF,cracker_scene1,40,old
4674,20.172603368759155,0.7729197620794706,PBPF,cracker_scene1,40,old
4675,20.176982402801514,0.7731792176653594,PBPF,cracker_scene1,40,old
4676,20.181661128997803,0.7731792176653594,PBPF,cracker_scene1,40,old
4677,20.186046361923218,0.7731438135499813,PBPF,cracker_scene1,40,old
4678,20.19026756286621,0.7731438135499813,PBPF,cracker_scene1,40,old
4679,20.19485306739807,0.77313011269543,PBPF,cracker_scene1,40,old
4680,20.19914937019348,0.77313011269543,PBPF,cracker_scene1,40,old
4681,20.203694105148315,0.7736537298792872,PBPF,cracker_scene1,40,old
4682,20.207796335220337,0.7736537298792872,PBPF,cracker_scene1,40,old
4683,20.21256971359253,0.7731524879515348,PBPF,cracker_scene1,40,old
4684,20.21667742729187,0.7731524879515348,PBPF,cracker_scene1,40,old
4685,20.221335649490356,0.773642691846657,PBPF,cracker_scene1,40,old
4686,20.225558280944824,0.773642691846657,PBPF,cracker_scene1,40,old
4687,20.23025417327881,0.7732009148333825,PBPF,cracker_scene1,40,old
4688,20.234678030014038,0.772909612197588,PBPF,cracker_scene1,40,old
4689,20.239059448242188,0.772909612197588,PBPF,cracker_scene1,40,old
4690,20.24355125427246,0.7730774771921594,PBPF,cracker_scene1,40,old
4691,20.247857093811035,0.7730774771921594,PBPF,cracker_scene1,40,old
4692,20.25217580795288,0.7733266778850707,PBPF,cracker_scene1,40,old
4693,20.25658345222473,0.7733266778850707,PBPF,cracker_scene1,40,old
4694,20.260937929153442,0.7736312053928591,PBPF,cracker_scene1,40,old
4695,20.26550817489624,0.7736312053928591,PBPF,cracker_scene1,40,old
4696,20.269712924957275,0.7735915640982824,PBPF,cracker_scene1,40,old
4697,20.274201154708862,0.7727651534624247,PBPF,cracker_scene1,40,old
4698,20.278801679611206,0.7740489252843075,PBPF,cracker_scene1,40,old
4699,20.282960653305054,0.7740489252843075,PBPF,cracker_scene1,40,old
4700,20.28760528564453,0.7731719584583798,PBPF,cracker_scene1,40,old
4701,20.291773557662964,0.7731719584583798,PBPF,cracker_scene1,40,old
4702,20.29637122154236,0.7727482963498353,PBPF,cracker_scene1,40,old
4703,20.300886392593384,0.7727482963498353,PBPF,cracker_scene1,40,old
4704,20.305234670639038,0.7741017029113824,PBPF,cracker_scene1,40,old
4705,20.309324264526367,0.7741017029113824,PBPF,cracker_scene1,40,old
4706,20.313673973083496,0.7731868023439432,PBPF,cracker_scene1,40,old
4707,20.317751169204712,0.7731868023439432,PBPF,cracker_scene1,40,old
4708,20.32222318649292,0.7736040546679934,PBPF,cracker_scene1,40,old
4709,20.326377630233765,0.7736040546679934,PBPF,cracker_scene1,40,old
4710,20.330869436264038,0.7736481223636265,PBPF,cracker_scene1,40,old
4711,20.334994077682495,0.7736481223636265,PBPF,cracker_scene1,40,old
4712,20.339978456497192,0.7736095772344864,PBPF,cracker_scene1,40,old
4713,20.34446358680725,0.7731259287129584,PBPF,cracker_scene1,40,old
4714,20.348809719085693,0.7731259287129584,PBPF,cracker_scene1,40,old
4715,20.35305118560791,0.7730227178850528,PBPF,cracker_scene1,40,old
4716,20.357601404190063,0.7730147077731218,PBPF,cracker_scene1,40,old
4717,20.361674547195435,0.7730147077731218,PBPF,cracker_scene1,40,old
4718,20.36640214920044,0.7740475801608788,PBPF,cracker_scene1,40,old
4719,20.37071394920349,0.7740475801608788,PBPF,cracker_scene1,40,old
4720,20.37518072128296,0.7726544231915407,PBPF,cracker_scene1,40,old
4721,20.3796546459198,0.7730848580686072,PBPF,cracker_scene1,40,old
4722,20.38407850265503,0.7730848580686072,PBPF,cracker_scene1,40,old
4723,20.388458251953125,0.773108730435025,PBPF,cracker_scene1,40,old
4724,20.392884016036987,0.773108730435025,PBPF,cracker_scene1,40,old
4725,20.39738440513611,0.7736740970413605,PBPF,cracker_scene1,40,old
4726,20.401596069335938,0.7736740970413605,PBPF,cracker_scene1,40,old
4727,20.40616250038147,0.7728128138331911,PBPF,cracker_scene1,40,old
4728,20.410599946975708,0.773632399542528,PBPF,cracker_scene1,40,old
4729,20.414999961853027,0.773632399542528,PBPF,cracker_scene1,40,old
4730,20.419543027877808,0.7730166940006944,PBPF,cracker_scene1,40,old
4731,20.423827171325684,0.7730166940006944,PBPF,cracker_scene1,40,old
4732,20.428245544433594,0.7735447314612465,PBPF,cracker_scene1,40,old
4733,20.432588577270508,0.7735447314612465,PBPF,cracker_scene1,40,old
4734,20.43697237968445,0.7730883298938274,PBPF,cracker_scene1,40,old
4735,20.44120216369629,0.7730883298938274,PBPF,cracker_scene1,40,old
4736,20.445703268051147,0.7731178364065547,PBPF,cracker_scene1,40,old
4737,20.44993281364441,0.7731178364065547,PBPF,cracker_scene1,40,old
4738,20.454512119293213,0.7735733260849234,PBPF,cracker_scene1,40,old
4739,20.458725452423096,0.7731347792241996,PBPF,cracker_scene1,40,old
4740,20.463212490081787,0.7726971598128598,PBPF,cracker_scene1,40,old
4741,20.467592477798462,0.7728380671127129,PBPF,cracker_scene1,40,old
4742,20.472092390060425,0.7728380671127129,PBPF,cracker_scene1,40,old
4743,20.476388216018677,0.7725635099900261,PBPF,cracker_scene1,40,old
4744,20.4808247089386,0.7725635099900261,PBPF,cracker_scene1,40,old
4745,20.485302686691284,0.7731300525943574,PBPF,cracker_scene1,40,old
4746,20.48961877822876,0.7731300525943574,PBPF,cracker_scene1,40,old
4747,20.494098663330078,0.7736136014347998,PBPF,cracker_scene1,40,old
4748,20.49850583076477,0.7736136014347998,PBPF,cracker_scene1,40,old
4749,20.503024101257324,0.7735030816622324,PBPF,cracker_scene1,40,old
4750,20.507212162017822,0.7735030816622324,PBPF,cracker_scene1,40,old
4751,20.511676788330078,0.7736159891140328,PBPF,cracker_scene1,40,old
4752,20.515835523605347,0.7736159891140328,PBPF,cracker_scene1,40,old
4753,20.52012300491333,0.7725532955608028,PBPF,cracker_scene1,40,old
4754,20.524454593658447,0.7725532955608028,PBPF,cracker_scene1,40,old
4755,20.52862048149109,0.7734304872351272,PBPF,cracker_scene1,40,old
4756,20.532614946365356,0.7734304872351272,PBPF,cracker_scene1,40,old
4757,20.53675889968872,0.7734304872351272,PBPF,cracker_scene1,40,old
4758,20.54093313217163,0.7734304872351272,PBPF,cracker_scene1,40,old
4759,20.545938968658447,0.7728474874820872,PBPF,cracker_scene1,40,old
4760,20.549972534179688,0.7728474874820872,PBPF,cracker_scene1,40,old
4761,20.554629802703857,0.7727329254134139,PBPF,cracker_scene1,40,old
4762,20.558916330337524,0.7727329254134139,PBPF,cracker_scene1,40,old
4763,20.563528537750244,0.7728024942623914,PBPF,cracker_scene1,40,old
4764,20.56842350959778,0.7735146012897971,PBPF,cracker_scene1,40,old
4765,20.572681188583374,0.7735146012897971,PBPF,cracker_scene1,40,old
4766,20.577305555343628,0.7728265659478986,PBPF,cracker_scene1,40,old
4767,20.58168649673462,0.7728265659478986,PBPF,cracker_scene1,40,old
4768,20.586121082305908,0.7727888500379851,PBPF,cracker_scene1,40,old
4769,20.590476274490356,0.7726971812479704,PBPF,cracker_scene1,40,old
4770,20.594928979873657,0.772784931240154,PBPF,cracker_scene1,40,old
4771,20.599321842193604,0.772784931240154,PBPF,cracker_scene1,40,old
4772,20.603715181350708,0.7733666621700825,PBPF,cracker_scene1,40,old
4773,20.60805654525757,0.7733666621700825,PBPF,cracker_scene1,40,old
4774,20.61242699623108,0.7728046103266761,PBPF,cracker_scene1,40,old
4775,20.616559267044067,0.7728046103266761,PBPF,cracker_scene1,40,old
4776,20.62080478668213,0.7735594034942235,PBPF,cracker_scene1,40,old
4777,20.62488579750061,0.7735594034942235,PBPF,cracker_scene1,40,old
4778,20.62915301322937,0.7735594034942235,PBPF,cracker_scene1,40,old
4779,20.63338303565979,0.7735594034942235,PBPF,cracker_scene1,40,old
4780,20.638456344604492,0.7727856078270587,PBPF,cracker_scene1,40,old
4781,20.643011331558228,0.7727825883906041,PBPF,cracker_scene1,40,old
4782,20.647496938705444,0.7727886838952536,PBPF,cracker_scene1,40,old
4783,20.651795148849487,0.7727700088068765,PBPF,cracker_scene1,40,old
4784,20.65621042251587,0.7727700088068765,PBPF,cracker_scene1,40,old
4785,20.660650491714478,0.7728089620527925,PBPF,cracker_scene1,40,old
4786,20.66502594947815,0.7728089620527925,PBPF,cracker_scene1,40,old
4787,20.669613122940063,0.7727670906588351,PBPF,cracker_scene1,40,old
4788,20.673709869384766,0.7727670906588351,PBPF,cracker_scene1,40,old
4789,20.678259134292603,0.7736385548064515,PBPF,cracker_scene1,40,old
4790,20.68255305290222,0.7736385548064515,PBPF,cracker_scene1,40,old
4791,20.687353372573853,0.7728181268221697,PBPF,cracker_scene1,40,old
4792,20.691447496414185,0.7728181268221697,PBPF,cracker_scene1,40,old
4793,20.696265935897827,0.7736116302824145,PBPF,cracker_scene1,40,old
4794,20.700481176376343,0.7736116302824145,PBPF,cracker_scene1,40,old
4795,20.705068349838257,0.7727895906276991,PBPF,cracker_scene1,40,old
4796,20.709361791610718,0.7731466563365021,PBPF,cracker_scene1,40,old
4797,20.713847398757935,0.773488250112087,PBPF,cracker_scene1,40,old
4798,20.71820878982544,0.7735628908956667,PBPF,cracker_scene1,40,old
4799,20.722658395767212,0.7735628908956667,PBPF,cracker_scene1,40,old
4800,20.72710347175598,0.7735648130006965,PBPF,cracker_scene1,40,old
4801,20.731626510620117,0.7735648130006965,PBPF,cracker_scene1,40,old
4802,20.736268281936646,0.7735438517963029,PBPF,cracker_scene1,40,old
4803,20.740642070770264,0.7735438517963029,PBPF,cracker_scene1,40,old
4804,20.74512004852295,0.7726514058774532,PBPF,cracker_scene1,40,old
4805,20.749406337738037,0.7726514058774532,PBPF,cracker_scene1,40,old
4806,20.75408101081848,0.7735348434015528,PBPF,cracker_scene1,40,old
4807,20.758238792419434,0.7735348434015528,PBPF,cracker_scene1,40,old
4808,20.76274299621582,0.7736090321781086,PBPF,cracker_scene1,40,old
4809,20.76724100112915,0.7736090321781086,PBPF,cracker_scene1,40,old
4810,20.77173686027527,0.7730616250418274,PBPF,cracker_scene1,40,old
4811,20.775997638702393,0.7730616250418274,PBPF,cracker_scene1,40,old
4812,20.780323028564453,0.773616667074152,PBPF,cracker_scene1,40,old
4813,20.78446674346924,0.773616667074152,PBPF,cracker_scene1,40,old
4814,20.788822650909424,0.7727182966886543,PBPF,cracker_scene1,40,old
4815,20.79306650161743,0.7725283541551429,PBPF,cracker_scene1,40,old
4816,20.797356128692627,0.7725283541551429,PBPF,cracker_scene1,40,old
4817,20.801796197891235,0.7727321907851499,PBPF,cracker_scene1,40,old
4818,20.80656671524048,0.7727321907851499,PBPF,cracker_scene1,40,old
4819,20.81099510192871,0.7727353181145684,PBPF,cracker_scene1,40,old
4820,20.81528878211975,0.7727353181145684,PBPF,cracker_scene1,40,old
4821,20.81973123550415,0.7738243113911398,PBPF,cracker_scene1,40,old
4822,20.82407784461975,0.7738243113911398,PBPF,cracker_scene1,40,old
4823,20.82864785194397,0.7734176132288031,PBPF,cracker_scene1,40,old
4824,20.833107948303223,0.7734176132288031,PBPF,cracker_scene1,40,old
4825,20.837759733200073,0.7733491313684739,PBPF,cracker_scene1,40,old
4826,20.841946125030518,0.7733491313684739,PBPF,cracker_scene1,40,old
4827,20.846543312072754,0.7727639675886699,PBPF,cracker_scene1,40,old
4828,20.85071897506714,0.7727814835337208,PBPF,cracker_scene1,40,old
4829,20.855247020721436,0.7724590807142659,PBPF,cracker_scene1,40,old
4830,20.859750747680664,0.7724590807142659,PBPF,cracker_scene1,40,old
4831,20.864200115203857,0.772740847544096,PBPF,cracker_scene1,40,old
4832,20.868680477142334,0.7730584097823554,PBPF,cracker_scene1,40,old
4833,20.873096227645874,0.7730584097823554,PBPF,cracker_scene1,40,old
4834,20.877578735351562,0.7736269577604196,PBPF,cracker_scene1,40,old
4835,20.881890773773193,0.7736269577604196,PBPF,cracker_scene1,40,old
4836,20.886438131332397,0.7727998208154512,PBPF,cracker_scene1,40,old
4837,20.890772819519043,0.7727998208154512,PBPF,cracker_scene1,40,old
4838,20.895342350006104,0.773116990865204,PBPF,cracker_scene1,40,old
4839,20.899601459503174,0.773116990865204,PBPF,cracker_scene1,40,old
4840,20.90422534942627,0.7732328532199713,PBPF,cracker_scene1,40,old
4841,20.90841054916382,0.7732328532199713,PBPF,cracker_scene1,40,old
4842,20.912816762924194,0.7736525744729761,PBPF,cracker_scene1,40,old
4843,20.91715168952942,0.7736933762859222,PBPF,cracker_scene1,40,old
4844,20.921494483947754,0.7737183059858213,PBPF,cracker_scene1,40,old
4845,20.925604820251465,0.7737183059858213,PBPF,cracker_scene1,40,old
4846,20.930406093597412,0.773716750385967,PBPF,cracker_scene1,40,old
4847,20.934730291366577,0.7737106843386101,PBPF,cracker_scene1,40,old
4848,20.939130783081055,0.7737106843386101,PBPF,cracker_scene1,40,old
4849,20.943366527557373,0.7737106843386101,PBPF,cracker_scene1,40,old
4850,20.947909593582153,0.7735979215097721,PBPF,cracker_scene1,40,old
4851,20.95219850540161,0.7734837150756197,PBPF,cracker_scene1,40,old
4852,20.95654559135437,0.7734837150756197,PBPF,cracker_scene1,40,old
4853,20.96106719970703,0.7734971331071758,PBPF,cracker_scene1,40,old
4854,20.965508699417114,0.773732389363599,PBPF,cracker_scene1,40,old
4855,20.970101356506348,0.7725755872890909,PBPF,cracker_scene1,40,old
4856,20.97426438331604,0.7725755872890909,PBPF,cracker_scene1,40,old
4857,20.978710174560547,0.7727924435964884,PBPF,cracker_scene1,40,old
4858,20.982771396636963,0.7727924435964884,PBPF,cracker_scene1,40,old
4859,20.98698115348816,0.7727725194427277,PBPF,cracker_scene1,40,old
4860,20.991267681121826,0.7727725194427277,PBPF,cracker_scene1,40,old
4861,20.995630502700806,0.7731175777944639,PBPF,cracker_scene1,40,old
4862,20.999911069869995,0.7731175777944639,PBPF,cracker_scene1,40,old
4863,21.004244565963745,0.7727944384105729,PBPF,cracker_scene1,40,old
4864,21.008399486541748,0.7727944384105729,PBPF,cracker_scene1,40,old
4865,21.013330221176147,0.7731413774783933,PBPF,cracker_scene1,40,old
4866,21.017516374588013,0.7731413774783933,PBPF,cracker_scene1,40,old
4867,21.02217745780945,0.773211251583044,PBPF,cracker_scene1,40,old
4868,21.026506423950195,0.7728020604660033,PBPF,cracker_scene1,40,old
4869,21.030927181243896,0.7728288302185895,PBPF,cracker_scene1,40,old
4870,21.035027503967285,0.7728288302185895,PBPF,cracker_scene1,40,old
4871,21.039153337478638,0.7728288302185895,PBPF,cracker_scene1,40,old
4872,21.04307460784912,0.7728288302185895,PBPF,cracker_scene1,40,old
4873,21.0470974445343,0.7728288302185895,PBPF,cracker_scene1,40,old
4874,21.05101180076599,0.7728288302185895,PBPF,cracker_scene1,40,old
4875,21.055019855499268,0.7728288302185895,PBPF,cracker_scene1,40,old
4876,21.058915615081787,0.7728288302185895,PBPF,cracker_scene1,40,old
4877,21.062910318374634,0.7728288302185895,PBPF,cracker_scene1,40,old
4878,21.06679630279541,0.7728288302185895,PBPF,cracker_scene1,40,old
4879,21.07076382637024,0.7728288302185895,PBPF,cracker_scene1,40,old
4880,21.07470440864563,0.7728288302185895,PBPF,cracker_scene1,40,old
4881,21.078628540039062,0.7728288302185895,PBPF,cracker_scene1,40,old
4882,21.082581996917725,0.7728288302185895,PBPF,cracker_scene1,40,old
4883,21.08648705482483,0.7728288302185895,PBPF,cracker_scene1,40,old
4884,21.0904541015625,0.7728288302185895,PBPF,cracker_scene1,40,old
4885,21.09439468383789,0.7728288302185895,PBPF,cracker_scene1,40,old
4886,21.098320245742798,0.7728288302185895,PBPF,cracker_scene1,40,old
4887,21.102222204208374,0.7728288302185895,PBPF,cracker_scene1,40,old
4888,21.10611605644226,0.7728288302185895,PBPF,cracker_scene1,40,old
4889,21.1100115776062,0.7728288302185895,PBPF,cracker_scene1,40,old
4890,21.113982439041138,0.7728288302185895,PBPF,cracker_scene1,40,old
4891,21.117857694625854,0.7728288302185895,PBPF,cracker_scene1,40,old
4892,21.12185835838318,0.7728288302185895,PBPF,cracker_scene1,40,old
4893,21.12574052810669,0.7728288302185895,PBPF,cracker_scene1,40,old
4894,21.129871606826782,0.7728288302185895,PBPF,cracker_scene1,40,old
4895,21.13375449180603,0.7728288302185895,PBPF,cracker_scene1,40,old
4896,21.13779902458191,0.7728288302185895,PBPF,cracker_scene1,40,old
4897,21.141695976257324,0.7728288302185895,PBPF,cracker_scene1,40,old
4898,21.14568305015564,0.7728288302185895,PBPF,cracker_scene1,40,old
4899,21.149619579315186,0.7728288302185895,PBPF,cracker_scene1,40,old
4900,21.15358018875122,0.7728288302185895,PBPF,cracker_scene1,40,old
4901,21.157551288604736,0.7728288302185895,PBPF,cracker_scene1,40,old
4902,21.16143035888672,0.7728288302185895,PBPF,cracker_scene1,40,old
4903,21.165371417999268,0.7728288302185895,PBPF,cracker_scene1,40,old
4904,21.169312238693237,0.7728288302185895,PBPF,cracker_scene1,40,old
4905,21.17386269569397,0.7728288302185895,PBPF,cracker_scene1,40,old
4906,21.178771018981934,0.7728288302185895,PBPF,cracker_scene1,40,old
4907,21.18363046646118,0.7728288302185895,PBPF,cracker_scene1,40,old
4908,21.187785148620605,0.7728288302185895,PBPF,cracker_scene1,40,old
4909,21.191930055618286,0.7728288302185895,PBPF,cracker_scene1,40,old
4910,21.196053743362427,0.7728288302185895,PBPF,cracker_scene1,40,old
4911,21.199995756149292,0.7728288302185895,PBPF,cracker_scene1,40,old
4912,21.20420742034912,0.7728288302185895,PBPF,cracker_scene1,40,old
4913,21.208534479141235,0.7728288302185895,PBPF,cracker_scene1,40,old
4914,21.2128746509552,0.7728288302185895,PBPF,cracker_scene1,40,old
4915,21.217162370681763,0.7728288302185895,PBPF,cracker_scene1,40,old
4916,21.221400022506714,0.7728288302185895,PBPF,cracker_scene1,40,old
4917,21.22567367553711,0.7728288302185895,PBPF,cracker_scene1,40,old
4918,21.229907989501953,0.7728288302185895,PBPF,cracker_scene1,40,old
4919,21.234403371810913,0.7728288302185895,PBPF,cracker_scene1,40,old
4920,21.238572120666504,0.7728288302185895,PBPF,cracker_scene1,40,old
4921,21.242849349975586,0.7728288302185895,PBPF,cracker_scene1,40,old
4922,21.24704909324646,0.7728288302185895,PBPF,cracker_scene1,40,old
4923,21.25126886367798,0.7728288302185895,PBPF,cracker_scene1,40,old
4924,21.255290031433105,0.7728288302185895,PBPF,cracker_scene1,40,old
4925,21.259217739105225,0.7728288302185895,PBPF,cracker_scene1,40,old
4926,21.263206720352173,0.7728288302185895,PBPF,cracker_scene1,40,old
4927,21.267090559005737,0.7728288302185895,PBPF,cracker_scene1,40,old
4928,21.27108383178711,0.7728288302185895,PBPF,cracker_scene1,40,old
4929,21.2750186920166,0.7728288302185895,PBPF,cracker_scene1,40,old
4930,21.278959274291992,0.7728288302185895,PBPF,cracker_scene1,40,old
4931,21.28292465209961,0.7728288302185895,PBPF,cracker_scene1,40,old
4932,21.286855220794678,0.7728288302185895,PBPF,cracker_scene1,40,old
4933,21.29091501235962,0.7728288302185895,PBPF,cracker_scene1,40,old
4934,21.294893741607666,0.7728288302185895,PBPF,cracker_scene1,40,old
4935,21.298840761184692,0.7728288302185895,PBPF,cracker_scene1,40,old
4936,21.302761793136597,0.7728288302185895,PBPF,cracker_scene1,40,old
4937,21.306851148605347,0.7728288302185895,PBPF,cracker_scene1,40,old
4938,21.310972690582275,0.7728288302185895,PBPF,cracker_scene1,40,old
4939,21.315001249313354,0.7728288302185895,PBPF,cracker_scene1,40,old
4940,21.31891417503357,0.7728288302185895,PBPF,cracker_scene1,40,old
4941,21.322991609573364,0.7728288302185895,PBPF,cracker_scene1,40,old
4942,21.32707166671753,0.7728288302185895,PBPF,cracker_scene1,40,old
4943,21.331116914749146,0.7728288302185895,PBPF,cracker_scene1,40,old
4944,21.335036516189575,0.7728288302185895,PBPF,cracker_scene1,40,old
4945,21.339102506637573,0.7728288302185895,PBPF,cracker_scene1,40,old
4946,21.34301519393921,0.7728288302185895,PBPF,cracker_scene1,40,old
4947,21.347110986709595,0.7728288302185895,PBPF,cracker_scene1,40,old
4948,21.351067066192627,0.7728288302185895,PBPF,cracker_scene1,40,old
4949,21.355165004730225,0.7728288302185895,PBPF,cracker_scene1,40,old
4950,21.359070539474487,0.7728288302185895,PBPF,cracker_scene1,40,old
4951,21.363088369369507,0.7728288302185895,PBPF,cracker_scene1,40,old
4952,21.36704969406128,0.7728288302185895,PBPF,cracker_scene1,40,old
4953,21.371068000793457,0.7728288302185895,PBPF,cracker_scene1,40,old
4954,21.375031232833862,0.7728288302185895,PBPF,cracker_scene1,40,old
4955,21.379016876220703,0.7728288302185895,PBPF,cracker_scene1,40,old
4956,21.382964849472046,0.7728288302185895,PBPF,cracker_scene1,40,old
4957,21.38692593574524,0.7728288302185895,PBPF,cracker_scene1,40,old
4958,21.390916347503662,0.7728288302185895,PBPF,cracker_scene1,40,old
4959,21.39494276046753,0.7728288302185895,PBPF,cracker_scene1,40,old
4960,21.398908138275146,0.7728288302185895,PBPF,cracker_scene1,40,old
4961,21.40283441543579,0.7728288302185895,PBPF,cracker_scene1,40,old
4962,21.406845092773438,0.7728288302185895,PBPF,cracker_scene1,40,old
4963,21.41084384918213,0.7728288302185895,PBPF,cracker_scene1,40,old
4964,21.415050983428955,0.7728288302185895,PBPF,cracker_scene1,40,old
4965,21.419384479522705,0.7728288302185895,PBPF,cracker_scene1,40,old
4966,21.423640489578247,0.7728288302185895,PBPF,cracker_scene1,40,old
4967,21.42792534828186,0.7728288302185895,PBPF,cracker_scene1,40,old
4968,21.43216109275818,0.7728288302185895,PBPF,cracker_scene1,40,old
4969,21.43614625930786,0.7728288302185895,PBPF,cracker_scene1,40,old
4970,21.440173864364624,0.7728288302185895,PBPF,cracker_scene1,40,old
4971,21.4440975189209,0.7728288302185895,PBPF,cracker_scene1,40,old
4972,21.448180198669434,0.7728288302185895,PBPF,cracker_scene1,40,old
4973,21.452126264572144,0.7728288302185895,PBPF,cracker_scene1,40,old
4974,21.456215143203735,0.7728288302185895,PBPF,cracker_scene1,40,old
4975,21.4601628780365,0.7728288302185895,PBPF,cracker_scene1,40,old
4976,21.464178800582886,0.7728288302185895,PBPF,cracker_scene1,40,old
4977,21.46810269355774,0.7728288302185895,PBPF,cracker_scene1,40,old
4978,21.47210717201233,0.7728288302185895,PBPF,cracker_scene1,40,old
4979,21.476041078567505,0.7728288302185895,PBPF,cracker_scene1,40,old
4980,21.480023622512817,0.7728288302185895,PBPF,cracker_scene1,40,old
4981,21.484023332595825,0.7728288302185895,PBPF,cracker_scene1,40,old
4982,21.48798966407776,0.7728288302185895,PBPF,cracker_scene1,40,old
4983,21.492035150527954,0.7728288302185895,PBPF,cracker_scene1,40,old
4984,21.49601411819458,0.7728288302185895,PBPF,cracker_scene1,40,old
4985,21.499951124191284,0.7728288302185895,PBPF,cracker_scene1,40,old
4986,21.50401496887207,0.7728288302185895,PBPF,cracker_scene1,40,old
4987,21.507955074310303,0.7728288302185895,PBPF,cracker_scene1,40,old
4988,21.512012004852295,0.7728288302185895,PBPF,cracker_scene1,40,old
4989,21.515942335128784,0.7728288302185895,PBPF,cracker_scene1,40,old
4990,21.51990580558777,0.7728288302185895,PBPF,cracker_scene1,40,old
4991,21.523866891860962,0.7728288302185895,PBPF,cracker_scene1,40,old
4992,21.527843952178955,0.7728288302185895,PBPF,cracker_scene1,40,old
4993,21.531874895095825,0.7728288302185895,PBPF,cracker_scene1,40,old
4994,21.53581190109253,0.7728288302185895,PBPF,cracker_scene1,40,old
4995,21.53983473777771,0.7728288302185895,PBPF,cracker_scene1,40,old
4996,21.543743133544922,0.7728288302185895,PBPF,cracker_scene1,40,old
4997,21.54779839515686,0.7728288302185895,PBPF,cracker_scene1,40,old
4998,21.55171298980713,0.7728288302185895,PBPF,cracker_scene1,40,old
4999,21.55573320388794,0.7728288302185895,PBPF,cracker_scene1,40,old
5000,21.55961585044861,0.7728288302185895,PBPF,cracker_scene1,40,old
5001,21.56360960006714,0.7728288302185895,PBPF,cracker_scene1,40,old
5002,21.56754183769226,0.7728288302185895,PBPF,cracker_scene1,40,old
5003,21.571519136428833,0.7728288302185895,PBPF,cracker_scene1,40,old
5004,21.575477600097656,0.7728288302185895,PBPF,cracker_scene1,40,old
5005,21.57942533493042,0.7728288302185895,PBPF,cracker_scene1,40,old
5006,21.58340287208557,0.7728288302185895,PBPF,cracker_scene1,40,old
5007,21.587353467941284,0.7728288302185895,PBPF,cracker_scene1,40,old
5008,21.591326236724854,0.7728288302185895,PBPF,cracker_scene1,40,old
5009,21.595276594161987,0.7728288302185895,PBPF,cracker_scene1,40,old
5010,21.59928321838379,0.7728288302185895,PBPF,cracker_scene1,40,old
5011,21.603226900100708,0.7728288302185895,PBPF,cracker_scene1,40,old
5012,21.607149600982666,0.7728288302185895,PBPF,cracker_scene1,40,old
5013,21.611066102981567,0.7728288302185895,PBPF,cracker_scene1,40,old
5014,21.615051746368408,0.7728288302185895,PBPF,cracker_scene1,40,old
5015,21.618973970413208,0.7728288302185895,PBPF,cracker_scene1,40,old
5016,21.62298011779785,0.7728288302185895,PBPF,cracker_scene1,40,old
5017,21.62692618370056,0.7728288302185895,PBPF,cracker_scene1,40,old
5018,21.63094663619995,0.7728288302185895,PBPF,cracker_scene1,40,old
5019,21.634886741638184,0.7728288302185895,PBPF,cracker_scene1,40,old
5020,21.638892650604248,0.7728288302185895,PBPF,cracker_scene1,40,old
5021,21.642802715301514,0.7728288302185895,PBPF,cracker_scene1,40,old
5022,21.646827936172485,0.7728288302185895,PBPF,cracker_scene1,40,old
5023,21.650753021240234,0.7728288302185895,PBPF,cracker_scene1,40,old
5024,21.654796838760376,0.7728288302185895,PBPF,cracker_scene1,40,old
5025,21.658724308013916,0.7728288302185895,PBPF,cracker_scene1,40,old
5026,21.66271138191223,0.7728288302185895,PBPF,cracker_scene1,40,old
5027,21.66662859916687,0.7728288302185895,PBPF,cracker_scene1,40,old
5028,21.670583963394165,0.7728288302185895,PBPF,cracker_scene1,40,old
5029,21.67453670501709,0.7728288302185895,PBPF,cracker_scene1,40,old
5030,21.678483724594116,0.7728288302185895,PBPF,cracker_scene1,40,old
5031,21.682451009750366,0.7728288302185895,PBPF,cracker_scene1,40,old
5032,21.686436414718628,0.7728288302185895,PBPF,cracker_scene1,40,old
5033,21.69041919708252,0.7728288302185895,PBPF,cracker_scene1,40,old
5034,21.69433856010437,0.7728288302185895,PBPF,cracker_scene1,40,old
5035,21.698294401168823,0.7728288302185895,PBPF,cracker_scene1,40,old
5036,21.702195167541504,0.7728288302185895,PBPF,cracker_scene1,40,old
5037,21.706183195114136,0.7728288302185895,PBPF,cracker_scene1,40,old
5038,21.71012592315674,0.7728288302185895,PBPF,cracker_scene1,40,old
5039,21.714131116867065,0.7728288302185895,PBPF,cracker_scene1,40,old
5040,21.718061208724976,0.7728288302185895,PBPF,cracker_scene1,40,old
5041,21.72209143638611,0.7728288302185895,PBPF,cracker_scene1,40,old
5042,21.725992679595947,0.7728288302185895,PBPF,cracker_scene1,40,old
5043,21.7300546169281,0.7728288302185895,PBPF,cracker_scene1,40,old
5044,21.734066247940063,0.7728288302185895,PBPF,cracker_scene1,40,old
5045,21.738100051879883,0.7728288302185895,PBPF,cracker_scene1,40,old
5046,21.741974115371704,0.7728288302185895,PBPF,cracker_scene1,40,old
5047,21.745980262756348,0.7728288302185895,PBPF,cracker_scene1,40,old
5048,21.749938011169434,0.7728288302185895,PBPF,cracker_scene1,40,old
5049,21.753944635391235,0.7728288302185895,PBPF,cracker_scene1,40,old
5050,21.757916927337646,0.7728288302185895,PBPF,cracker_scene1,40,old
5051,21.761838674545288,0.7728288302185895,PBPF,cracker_scene1,40,old
5052,21.765803813934326,0.7728288302185895,PBPF,cracker_scene1,40,old
5053,21.769713163375854,0.7728288302185895,PBPF,cracker_scene1,40,old
5054,21.77373194694519,0.7728288302185895,PBPF,cracker_scene1,40,old
5055,21.77765202522278,0.7728288302185895,PBPF,cracker_scene1,40,old
5056,21.781628370285034,0.7728288302185895,PBPF,cracker_scene1,40,old
5057,21.78555417060852,0.7728288302185895,PBPF,cracker_scene1,40,old
5058,21.78952121734619,0.7728288302185895,PBPF,cracker_scene1,40,old
5059,21.79345941543579,0.7728288302185895,PBPF,cracker_scene1,40,old
5060,21.79741644859314,0.7728288302185895,PBPF,cracker_scene1,40,old
5061,21.801350355148315,0.7728288302185895,PBPF,cracker_scene1,40,old
5062,21.80535101890564,0.7728288302185895,PBPF,cracker_scene1,40,old
5063,21.80927801132202,0.7728288302185895,PBPF,cracker_scene1,40,old
5064,21.813294410705566,0.7728288302185895,PBPF,cracker_scene1,40,old
5065,21.817219257354736,0.7728288302185895,PBPF,cracker_scene1,40,old
5066,21.82126021385193,0.7728288302185895,PBPF,cracker_scene1,40,old
5067,21.8251793384552,0.7728288302185895,PBPF,cracker_scene1,40,old
5068,21.82925534248352,0.7728288302185895,PBPF,cracker_scene1,40,old
5069,21.83317255973816,0.7728288302185895,PBPF,cracker_scene1,40,old
5070,21.837149143218994,0.7728288302185895,PBPF,cracker_scene1,40,old
5071,21.84121346473694,0.7728288302185895,PBPF,cracker_scene1,40,old
5072,21.84516429901123,0.7728288302185895,PBPF,cracker_scene1,40,old
5073,21.849160194396973,0.7728288302185895,PBPF,cracker_scene1,40,old
5074,21.853084802627563,0.7728288302185895,PBPF,cracker_scene1,40,old
5075,21.85711669921875,0.7728288302185895,PBPF,cracker_scene1,40,old
5076,21.861056089401245,0.7728288302185895,PBPF,cracker_scene1,40,old
5077,21.865078687667847,0.7728288302185895,PBPF,cracker_scene1,40,old
5078,21.868988037109375,0.7728288302185895,PBPF,cracker_scene1,40,old
5079,21.873029232025146,0.7728288302185895,PBPF,cracker_scene1,40,old
5080,21.876996994018555,0.7728288302185895,PBPF,cracker_scene1,40,old
5081,21.880959272384644,0.7728288302185895,PBPF,cracker_scene1,40,old
5082,21.884941339492798,0.7728288302185895,PBPF,cracker_scene1,40,old
5083,21.88889193534851,0.7728288302185895,PBPF,cracker_scene1,40,old
5084,21.892849683761597,0.7728288302185895,PBPF,cracker_scene1,40,old
5085,21.896820306777954,0.7728288302185895,PBPF,cracker_scene1,40,old
5086,21.900724411010742,0.7728288302185895,PBPF,cracker_scene1,40,old
5087,21.90467858314514,0.7728288302185895,PBPF,cracker_scene1,40,old
5088,21.908596754074097,0.7728288302185895,PBPF,cracker_scene1,40,old
5089,21.912597179412842,0.7728288302185895,PBPF,cracker_scene1,40,old
5090,21.91651749610901,0.7728288302185895,PBPF,cracker_scene1,40,old
5091,21.920531511306763,0.7728288302185895,PBPF,cracker_scene1,40,old
5092,21.92450213432312,0.7728288302185895,PBPF,cracker_scene1,40,old
5093,21.92858910560608,0.7728288302185895,PBPF,cracker_scene1,40,old
5094,21.932571411132812,0.7728288302185895,PBPF,cracker_scene1,40,old
5095,21.93653130531311,0.7728288302185895,PBPF,cracker_scene1,40,old
5096,21.940524339675903,0.7728288302185895,PBPF,cracker_scene1,40,old
5097,21.94444751739502,0.7728288302185895,PBPF,cracker_scene1,40,old
5098,21.948490619659424,0.7728288302185895,PBPF,cracker_scene1,40,old
5099,21.952439546585083,0.7728288302185895,PBPF,cracker_scene1,40,old
5100,21.956494569778442,0.7728288302185895,PBPF,cracker_scene1,40,old
5101,21.96043300628662,0.7728288302185895,PBPF,cracker_scene1,40,old
5102,21.964437246322632,0.7728288302185895,PBPF,cracker_scene1,40,old
5103,21.968364477157593,0.7728288302185895,PBPF,cracker_scene1,40,old
5104,21.97236394882202,0.7728288302185895,PBPF,cracker_scene1,40,old
5105,21.976285219192505,0.7728288302185895,PBPF,cracker_scene1,40,old
5106,21.980259656906128,0.7728288302185895,PBPF,cracker_scene1,40,old
5107,21.98423480987549,0.7728288302185895,PBPF,cracker_scene1,40,old
5108,21.98818850517273,0.7728288302185895,PBPF,cracker_scene1,40,old
5109,21.992142915725708,0.7728288302185895,PBPF,cracker_scene1,40,old
5110,21.99611806869507,0.7728288302185895,PBPF,cracker_scene1,40,old
5111,22.00006675720215,0.7728288302185895,PBPF,cracker_scene1,40,old
5112,22.004085540771484,0.7728288302185895,PBPF,cracker_scene1,40,old
5113,22.007991790771484,0.7728288302185895,PBPF,cracker_scene1,40,old
5114,22.012001514434814,0.7728288302185895,PBPF,cracker_scene1,40,old
5115,22.01593780517578,0.7728288302185895,PBPF,cracker_scene1,40,old
5116,22.01986002922058,0.7728288302185895,PBPF,cracker_scene1,40,old
5117,22.023890495300293,0.7728288302185895,PBPF,cracker_scene1,40,old
5118,22.027925729751587,0.7728288302185895,PBPF,cracker_scene1,40,old
5119,22.031938552856445,0.7728288302185895,PBPF,cracker_scene1,40,old
5120,22.035847902297974,0.7728288302185895,PBPF,cracker_scene1,40,old
5121,22.039868116378784,0.7728288302185895,PBPF,cracker_scene1,40,old
5122,22.043789863586426,0.7728288302185895,PBPF,cracker_scene1,40,old
5123,22.0478572845459,0.7728288302185895,PBPF,cracker_scene1,40,old
5124,22.051823139190674,0.7728288302185895,PBPF,cracker_scene1,40,old
5125,22.055884838104248,0.7728288302185895,PBPF,cracker_scene1,40,old
5126,22.05980610847473,0.7728288302185895,PBPF,cracker_scene1,40,old
5127,22.063833475112915,0.7728288302185895,PBPF,cracker_scene1,40,old
5128,22.067734718322754,0.7728288302185895,PBPF,cracker_scene1,40,old
5129,22.07173228263855,0.7728288302185895,PBPF,cracker_scene1,40,old
5130,22.075682163238525,0.7728288302185895,PBPF,cracker_scene1,40,old
5131,22.07964301109314,0.7728288302185895,PBPF,cracker_scene1,40,old
5132,22.083595991134644,0.7728288302185895,PBPF,cracker_scene1,40,old
5133,22.087563514709473,0.7728288302185895,PBPF,cracker_scene1,40,old
5134,22.09153723716736,0.7728288302185895,PBPF,cracker_scene1,40,old
5135,22.095518589019775,0.7728288302185895,PBPF,cracker_scene1,40,old
5136,22.09943413734436,0.7728288302185895,PBPF,cracker_scene1,40,old
5137,22.103363275527954,0.7728288302185895,PBPF,cracker_scene1,40,old
5138,22.107352256774902,0.7728288302185895,PBPF,cracker_scene1,40,old
5139,22.11124277114868,0.7728288302185895,PBPF,cracker_scene1,40,old
5140,22.115207195281982,0.7728288302185895,PBPF,cracker_scene1,40,old
5141,22.119125366210938,0.7728288302185895,PBPF,cracker_scene1,40,old
5142,22.12320303916931,0.7728288302185895,PBPF,cracker_scene1,40,old
5143,22.127153635025024,0.7728288302185895,PBPF,cracker_scene1,40,old
5144,22.131213903427124,0.7728288302185895,PBPF,cracker_scene1,40,old
5145,22.13510298728943,0.7728288302185895,PBPF,cracker_scene1,40,old
5146,22.139139413833618,0.7728288302185895,PBPF,cracker_scene1,40,old
5147,22.143072366714478,0.7728288302185895,PBPF,cracker_scene1,40,old
5148,22.147096157073975,0.7728288302185895,PBPF,cracker_scene1,40,old
5149,22.151001691818237,0.7728288302185895,PBPF,cracker_scene1,40,old
5150,22.155041456222534,0.7728288302185895,PBPF,cracker_scene1,40,old
5151,22.15895962715149,0.7728288302185895,PBPF,cracker_scene1,40,old
5152,22.163026332855225,0.7728288302185895,PBPF,cracker_scene1,40,old
5153,22.16691780090332,0.7728288302185895,PBPF,cracker_scene1,40,old
5154,22.170853853225708,0.7728288302185895,PBPF,cracker_scene1,40,old
5155,22.17481565475464,0.7728288302185895,PBPF,cracker_scene1,40,old
5156,22.17878270149231,0.7728288302185895,PBPF,cracker_scene1,40,old
5157,22.182698249816895,0.7728288302185895,PBPF,cracker_scene1,40,old
5158,22.186940908432007,0.7728288302185895,PBPF,cracker_scene1,40,old
5159,22.1910080909729,0.7728288302185895,PBPF,cracker_scene1,40,old
5160,22.195091724395752,0.7728288302185895,PBPF,cracker_scene1,40,old
5161,22.19898796081543,0.7728288302185895,PBPF,cracker_scene1,40,old
5162,22.202914714813232,0.7728288302185895,PBPF,cracker_scene1,40,old
5163,22.20690608024597,0.7728288302185895,PBPF,cracker_scene1,40,old
5164,22.210824012756348,0.7728288302185895,PBPF,cracker_scene1,40,old
5165,22.214837074279785,0.7728288302185895,PBPF,cracker_scene1,40,old
5166,22.21878147125244,0.7728288302185895,PBPF,cracker_scene1,40,old
5167,22.222820281982422,0.7728288302185895,PBPF,cracker_scene1,40,old
5168,22.226701498031616,0.7728288302185895,PBPF,cracker_scene1,40,old
5169,22.230796337127686,0.7728288302185895,PBPF,cracker_scene1,40,old
5170,22.23490071296692,0.7728288302185895,PBPF,cracker_scene1,40,old
5171,22.238983869552612,0.7728288302185895,PBPF,cracker_scene1,40,old
5172,22.2428982257843,0.7728288302185895,PBPF,cracker_scene1,40,old
5173,22.24694800376892,0.7728288302185895,PBPF,cracker_scene1,40,old
5174,22.250859260559082,0.7728288302185895,PBPF,cracker_scene1,40,old
5175,22.25492548942566,0.7728288302185895,PBPF,cracker_scene1,40,old
5176,22.258915662765503,0.7728288302185895,PBPF,cracker_scene1,40,old
5177,22.262913465499878,0.7728288302185895,PBPF,cracker_scene1,40,old
5178,22.266811847686768,0.7728288302185895,PBPF,cracker_scene1,40,old
5179,22.270760536193848,0.7728288302185895,PBPF,cracker_scene1,40,old
5180,22.274738550186157,0.7728288302185895,PBPF,cracker_scene1,40,old
5181,22.278690814971924,0.7728288302185895,PBPF,cracker_scene1,40,old
5182,22.282628059387207,0.7728288302185895,PBPF,cracker_scene1,40,old
5183,22.286604642868042,0.7728288302185895,PBPF,cracker_scene1,40,old
5184,22.29057741165161,0.7728288302185895,PBPF,cracker_scene1,40,old
5185,22.29452633857727,0.7728288302185895,PBPF,cracker_scene1,40,old
5186,22.298524379730225,0.7728288302185895,PBPF,cracker_scene1,40,old
5187,22.302468299865723,0.7728288302185895,PBPF,cracker_scene1,40,old
5188,22.306455373764038,0.7728288302185895,PBPF,cracker_scene1,40,old
5189,22.310387134552002,0.7728288302185895,PBPF,cracker_scene1,40,old
5190,22.314406394958496,0.7728288302185895,PBPF,cracker_scene1,40,old
5191,22.31831932067871,0.7728288302185895,PBPF,cracker_scene1,40,old
5192,22.32236337661743,0.7728288302185895,PBPF,cracker_scene1,40,old
5193,22.326296091079712,0.7728288302185895,PBPF,cracker_scene1,40,old
5194,22.33036208152771,0.7728288302185895,PBPF,cracker_scene1,40,old
5195,22.334282875061035,0.7728288302185895,PBPF,cracker_scene1,40,old
5196,22.338337659835815,0.7728288302185895,PBPF,cracker_scene1,40,old
5197,22.342276573181152,0.7728288302185895,PBPF,cracker_scene1,40,old
5198,22.34631609916687,0.7728288302185895,PBPF,cracker_scene1,40,old
5199,22.35024666786194,0.7728288302185895,PBPF,cracker_scene1,40,old
5200,22.354288816452026,0.7728288302185895,PBPF,cracker_scene1,40,old
5201,22.358226776123047,0.7728288302185895,PBPF,cracker_scene1,40,old
5202,22.362224102020264,0.7728288302185895,PBPF,cracker_scene1,40,old
5203,22.366204500198364,0.7728288302185895,PBPF,cracker_scene1,40,old
5204,22.370153188705444,0.7728288302185895,PBPF,cracker_scene1,40,old
5205,22.374167680740356,0.7728288302185895,PBPF,cracker_scene1,40,old
5206,22.378140449523926,0.7728288302185895,PBPF,cracker_scene1,40,old
5207,22.382100582122803,0.7728288302185895,PBPF,cracker_scene1,40,old
5208,22.386021852493286,0.7728288302185895,PBPF,cracker_scene1,40,old
5209,22.38998794555664,0.7728288302185895,PBPF,cracker_scene1,40,old
5210,22.393932104110718,0.7728288302185895,PBPF,cracker_scene1,40,old
5211,22.397912740707397,0.7728288302185895,PBPF,cracker_scene1,40,old
5212,22.40186619758606,0.7728288302185895,PBPF,cracker_scene1,40,old
5213,22.40587854385376,0.7728288302185895,PBPF,cracker_scene1,40,old
5214,22.40978455543518,0.7728288302185895,PBPF,cracker_scene1,40,old
5215,22.413851261138916,0.7728288302185895,PBPF,cracker_scene1,40,old
5216,22.417837858200073,0.7728288302185895,PBPF,cracker_scene1,40,old
5217,22.421871662139893,0.7728288302185895,PBPF,cracker_scene1,40,old
5218,22.425785541534424,0.7728288302185895,PBPF,cracker_scene1,40,old
5219,22.429842233657837,0.7728288302185895,PBPF,cracker_scene1,40,old
5220,22.433777332305908,0.7728288302185895,PBPF,cracker_scene1,40,old
5221,22.43779730796814,0.7728288302185895,PBPF,cracker_scene1,40,old
5222,22.44177007675171,0.7728288302185895,PBPF,cracker_scene1,40,old
5223,22.445786952972412,0.7728288302185895,PBPF,cracker_scene1,40,old
5224,22.449711084365845,0.7728288302185895,PBPF,cracker_scene1,40,old
5225,22.4536874294281,0.7728288302185895,PBPF,cracker_scene1,40,old
5226,22.457687377929688,0.7728288302185895,PBPF,cracker_scene1,40,old
5227,22.461626052856445,0.7728288302185895,PBPF,cracker_scene1,40,old
5228,22.465620040893555,0.7728288302185895,PBPF,cracker_scene1,40,old
5229,22.469530820846558,0.7728288302185895,PBPF,cracker_scene1,40,old
5230,22.473557233810425,0.7728288302185895,PBPF,cracker_scene1,40,old
