0,0.00022745132446289062,0.05720488076991203,obse,soup_scene1,50,old
1,0.003047943115234375,0.05715367181138223,obse,soup_scene1,50,old
2,0.008449316024780273,0.05720618884082539,obse,soup_scene1,50,old
3,0.012687921524047852,0.057282615959575275,obse,soup_scene1,50,old
4,0.016968488693237305,0.05727374257157049,obse,soup_scene1,50,old
5,0.02126002311706543,0.057276882801996463,obse,soup_scene1,50,old
6,0.02555394172668457,0.057313449717358765,obse,soup_scene1,50,old
7,0.029606342315673828,0.05729920881087628,obse,soup_scene1,50,old
8,0.03380107879638672,0.05731916489014181,obse,soup_scene1,50,old
9,0.037941932678222656,0.05731916489014181,obse,soup_scene1,50,old
10,0.042182207107543945,0.05731916489014181,obse,soup_scene1,50,old
11,0.04639863967895508,0.057287878562833426,obse,soup_scene1,50,old
12,0.050997257232666016,0.05721623359322867,obse,soup_scene1,50,old
13,0.05509185791015625,0.05722373424217928,obse,soup_scene1,50,old
14,0.05933117866516113,0.057210592145839186,obse,soup_scene1,50,old
15,0.06348967552185059,0.05720556301173321,obse,soup_scene1,50,old
16,0.06781721115112305,0.05720556301173321,obse,soup_scene1,50,old
17,0.07237577438354492,0.057346677329117156,obse,soup_scene1,50,old
18,0.07700014114379883,0.056728249002235887,obse,soup_scene1,50,old
19,0.08143091201782227,0.057131203588829976,obse,soup_scene1,50,old
20,0.08600306510925293,0.05700827628266194,obse,soup_scene1,50,old
21,0.09045124053955078,0.05700042339518401,obse,soup_scene1,50,old
22,0.09465909004211426,0.05700042339518401,obse,soup_scene1,50,old
23,0.09910726547241211,0.05710887819327715,obse,soup_scene1,50,old
24,0.1037900447845459,0.057104871006652805,obse,soup_scene1,50,old
25,0.1083688735961914,0.05713323297850159,obse,soup_scene1,50,old
26,0.11263346672058105,0.05713323297850159,obse,soup_scene1,50,old
27,0.11732029914855957,0.057089727862324434,obse,soup_scene1,50,old
28,0.12167835235595703,0.057089727862324434,obse,soup_scene1,50,old
29,0.12644004821777344,0.05708519065491538,obse,soup_scene1,50,old
30,0.13098859786987305,0.057056092438596835,obse,soup_scene1,50,old
31,0.1351621150970459,0.057056092438596835,obse,soup_scene1,50,old
32,0.13957524299621582,0.05884073363654835,obse,soup_scene1,50,old
33,0.14387750625610352,0.058923116646355043,obse,soup_scene1,50,old
34,0.1481175422668457,0.058923116646355043,obse,soup_scene1,50,old
35,0.15264511108398438,0.058923116646355043,obse,soup_scene1,50,old
36,0.1575758457183838,0.058945889940634405,obse,soup_scene1,50,old
37,0.16199517250061035,0.05895162529820464,obse,soup_scene1,50,old
38,0.16638708114624023,0.05887461341995667,obse,soup_scene1,50,old
39,0.17058491706848145,0.05887461341995667,obse,soup_scene1,50,old
40,0.17497014999389648,0.05893022425590497,obse,soup_scene1,50,old
41,0.17910170555114746,0.05893022425590497,obse,soup_scene1,50,old
42,0.18353700637817383,0.058926757851389774,obse,soup_scene1,50,old
43,0.18790817260742188,0.058926757851389774,obse,soup_scene1,50,old
44,0.1926722526550293,0.05888868852915776,obse,soup_scene1,50,old
45,0.19693470001220703,0.058995013806714784,obse,soup_scene1,50,old
46,0.2011089324951172,0.058995944112108165,obse,soup_scene1,50,old
47,0.20520758628845215,0.058995944112108165,obse,soup_scene1,50,old
48,0.2096114158630371,0.059033360516353404,obse,soup_scene1,50,old
49,0.21383094787597656,0.059033360516353404,obse,soup_scene1,50,old
50,0.21810555458068848,0.059045214126579613,obse,soup_scene1,50,old
51,0.22233986854553223,0.059032169659533285,obse,soup_scene1,50,old
52,0.22673916816711426,0.05903393982348286,obse,soup_scene1,50,old
53,0.23117589950561523,0.05911550110306234,obse,soup_scene1,50,old
54,0.23583006858825684,0.05917578080673672,obse,soup_scene1,50,old
55,0.24025273323059082,0.059144619572542655,obse,soup_scene1,50,old
56,0.2445383071899414,0.059147227968251115,obse,soup_scene1,50,old
57,0.2488417625427246,0.05919102573328542,obse,soup_scene1,50,old
58,0.2529942989349365,0.05919102573328542,obse,soup_scene1,50,old
59,0.25740599632263184,0.05903189889019462,obse,soup_scene1,50,old
60,0.2617955207824707,0.05903189889019462,obse,soup_scene1,50,old
61,0.2663576602935791,0.05927135087785772,obse,soup_scene1,50,old
62,0.27071213722229004,0.05927135087785772,obse,soup_scene1,50,old
63,0.27530741691589355,0.05939898195688895,obse,soup_scene1,50,old
64,0.2795369625091553,0.05939898195688895,obse,soup_scene1,50,old
65,0.28403639793395996,0.059513102088411485,obse,soup_scene1,50,old
66,0.28832530975341797,0.059513102088411485,obse,soup_scene1,50,old
67,0.2926020622253418,0.059513102088411485,obse,soup_scene1,50,old
68,0.29672694206237793,0.059513102088411485,obse,soup_scene1,50,old
69,0.30133724212646484,0.05946242227172291,obse,soup_scene1,50,old
70,0.30548930168151855,0.05946242227172291,obse,soup_scene1,50,old
71,0.30992865562438965,0.0593274114505364,obse,soup_scene1,50,old
72,0.31432557106018066,0.0593274114505364,obse,soup_scene1,50,old
73,0.33227038383483887,0.059480249571513495,obse,soup_scene1,50,old
74,0.3363149166107178,0.059480249571513495,obse,soup_scene1,50,old
75,0.3405587673187256,0.059480249571513495,obse,soup_scene1,50,old
76,0.3445913791656494,0.05945861811178754,obse,soup_scene1,50,old
77,0.34870433807373047,0.05949347688358388,obse,soup_scene1,50,old
78,0.3529386520385742,0.05949347688358388,obse,soup_scene1,50,old
79,0.3572804927825928,0.05911491437683525,obse,soup_scene1,50,old
80,0.36165809631347656,0.059107239927028356,obse,soup_scene1,50,old
81,0.3662848472595215,0.05912703407254248,obse,soup_scene1,50,old
82,0.37055325508117676,0.0589876463172461,obse,soup_scene1,50,old
83,0.3750455379486084,0.05912389103411221,obse,soup_scene1,50,old
84,0.37932538986206055,0.05912389103411221,obse,soup_scene1,50,old
85,0.38385748863220215,0.05896964523168103,obse,soup_scene1,50,old
86,0.3878483772277832,0.05896964523168103,obse,soup_scene1,50,old
87,0.39240097999572754,0.05898020764957224,obse,soup_scene1,50,old
88,0.3966231346130371,0.05932914415544545,obse,soup_scene1,50,old
89,0.4011349678039551,0.059347673726694375,obse,soup_scene1,50,old
90,0.4053657054901123,0.059347673726694375,obse,soup_scene1,50,old
91,0.40989112854003906,0.05935829528182659,obse,soup_scene1,50,old
92,0.414048433303833,0.05935829528182659,obse,soup_scene1,50,old
93,0.41854262351989746,0.05943667471771403,obse,soup_scene1,50,old
94,0.42284679412841797,0.059313974197841124,obse,soup_scene1,50,old
95,0.42740869522094727,0.05931281142143263,obse,soup_scene1,50,old
96,0.43157029151916504,0.059188409758833535,obse,soup_scene1,50,old
97,0.43605613708496094,0.05919221653557384,obse,soup_scene1,50,old
98,0.44030022621154785,0.05916526590525753,obse,soup_scene1,50,old
99,0.4443209171295166,0.059160805086911364,obse,soup_scene1,50,old
100,0.44907355308532715,0.05918585562424651,obse,soup_scene1,50,old
101,0.4534003734588623,0.05918585562424651,obse,soup_scene1,50,old
102,0.4580576419830322,0.059225312621901706,obse,soup_scene1,50,old
103,0.4624004364013672,0.058818617967987326,obse,soup_scene1,50,old
104,0.46706128120422363,0.059442566775068734,obse,soup_scene1,50,old
105,0.47179651260375977,0.059460023330752405,obse,soup_scene1,50,old
106,0.4769120216369629,0.0594589055662276,obse,soup_scene1,50,old
107,0.481273889541626,0.05954514125895213,obse,soup_scene1,50,old
108,0.48570680618286133,0.059536245429207206,obse,soup_scene1,50,old
109,0.49014830589294434,0.05950650409517084,obse,soup_scene1,50,old
110,0.494464635848999,0.059514329100037656,obse,soup_scene1,50,old
111,0.4989774227142334,0.05960898604221395,obse,soup_scene1,50,old
112,0.5034375190734863,0.059615073720376235,obse,soup_scene1,50,old
113,0.5079782009124756,0.05956012842765849,obse,soup_scene1,50,old
114,0.512091875076294,0.05956012842765849,obse,soup_scene1,50,old
115,0.5166521072387695,0.059564354430187726,obse,soup_scene1,50,old
116,0.5209174156188965,0.059564354430187726,obse,soup_scene1,50,old
117,0.5253641605377197,0.05946942510266933,obse,soup_scene1,50,old
118,0.530057430267334,0.06412057017893982,obse,soup_scene1,50,old
119,0.5343925952911377,0.06413809941857956,obse,soup_scene1,50,old
120,0.5383882522583008,0.06435734237140835,obse,soup_scene1,50,old
121,0.5426394939422607,0.06437030238519297,obse,soup_scene1,50,old
122,0.547086238861084,0.06437030238519297,obse,soup_scene1,50,old
123,0.5512726306915283,0.06437030238519297,obse,soup_scene1,50,old
124,0.5558271408081055,0.06437537860632213,obse,soup_scene1,50,old
125,0.5604043006896973,0.06437537860632213,obse,soup_scene1,50,old
126,0.5648360252380371,0.06425695512896767,obse,soup_scene1,50,old
127,0.5690884590148926,0.06425695512896767,obse,soup_scene1,50,old
128,0.5732934474945068,0.06425695512896767,obse,soup_scene1,50,old
129,0.5777521133422852,0.06435335226698241,obse,soup_scene1,50,old
130,0.5821702480316162,0.06435335226698241,obse,soup_scene1,50,old
131,0.5865378379821777,0.06435335226698241,obse,soup_scene1,50,old
132,0.5908346176147461,0.06435335226698241,obse,soup_scene1,50,old
133,0.5958669185638428,0.0643525205103075,obse,soup_scene1,50,old
134,0.600966215133667,0.06735539070296895,obse,soup_scene1,50,old
135,0.6052291393280029,0.06760479492425601,obse,soup_scene1,50,old
136,0.6095941066741943,0.06760479492425601,obse,soup_scene1,50,old
137,0.6139657497406006,0.06760420571196574,obse,soup_scene1,50,old
138,0.6183478832244873,0.06763582710757383,obse,soup_scene1,50,old
139,0.6227617263793945,0.06763582710757383,obse,soup_scene1,50,old
140,0.6274394989013672,0.06763564971214514,obse,soup_scene1,50,old
141,0.6318435668945312,0.06763564971214514,obse,soup_scene1,50,old
142,0.636054277420044,0.06763564971214514,obse,soup_scene1,50,old
143,0.6409876346588135,0.06769938595463272,obse,soup_scene1,50,old
144,0.6451737880706787,0.06769938595463272,obse,soup_scene1,50,old
145,0.6498651504516602,0.06764813876739798,obse,soup_scene1,50,old
146,0.654355525970459,0.0678152331750996,obse,soup_scene1,50,old
147,0.6587028503417969,0.0678152331750996,obse,soup_scene1,50,old
148,0.6630313396453857,0.06780784798722315,obse,soup_scene1,50,old
149,0.6672759056091309,0.06780784798722315,obse,soup_scene1,50,old
150,0.6716282367706299,0.06855582820370663,obse,soup_scene1,50,old
151,0.6759247779846191,0.06855582820370663,obse,soup_scene1,50,old
152,0.6803374290466309,0.06838502648106434,obse,soup_scene1,50,old
153,0.6848359107971191,0.06800530451869603,obse,soup_scene1,50,old
154,0.6894171237945557,0.0682640849440567,obse,soup_scene1,50,old
155,0.6936535835266113,0.0682640849440567,obse,soup_scene1,50,old
156,0.6989209651947021,0.06815725220275806,obse,soup_scene1,50,old
157,0.7033107280731201,0.06818282302835849,obse,soup_scene1,50,old
158,0.707665205001831,0.06818282302835849,obse,soup_scene1,50,old
159,0.7119677066802979,0.06818282302835849,obse,soup_scene1,50,old
160,0.7161881923675537,0.06815128269526237,obse,soup_scene1,50,old
161,0.7210226058959961,0.06794297456921908,obse,soup_scene1,50,old
162,0.7257323265075684,0.06781805875008842,obse,soup_scene1,50,old
163,0.7305312156677246,0.06771519946260424,obse,soup_scene1,50,old
164,0.735175609588623,0.06578778364931492,obse,soup_scene1,50,old
165,0.7394692897796631,0.06578778364931492,obse,soup_scene1,50,old
166,0.7435998916625977,0.06578778364931492,obse,soup_scene1,50,old
167,0.7477753162384033,0.06578778364931492,obse,soup_scene1,50,old
168,0.752204179763794,0.0655038578678089,obse,soup_scene1,50,old
169,0.7566421031951904,0.06552917817248274,obse,soup_scene1,50,old
170,0.7614083290100098,0.06548501670662495,obse,soup_scene1,50,old
171,0.7656996250152588,0.06534171071892819,obse,soup_scene1,50,old
172,0.7698619365692139,0.06534171071892819,obse,soup_scene1,50,old
173,0.7744286060333252,0.0652381932828105,obse,soup_scene1,50,old
174,0.7785961627960205,0.0652381932828105,obse,soup_scene1,50,old
175,0.7827801704406738,0.06531821206093835,obse,soup_scene1,50,old
176,0.7871272563934326,0.06519349180564481,obse,soup_scene1,50,old
177,0.791863203048706,0.06393425682490313,obse,soup_scene1,50,old
178,0.7963669300079346,0.06393425682490313,obse,soup_scene1,50,old
179,0.8010385036468506,0.06370814516485694,obse,soup_scene1,50,old
180,0.8052918910980225,0.0636067262958122,obse,soup_scene1,50,old
181,0.809755802154541,0.06359626436212935,obse,soup_scene1,50,old
182,0.8138539791107178,0.06359626436212935,obse,soup_scene1,50,old
183,0.818230152130127,0.06359626436212935,obse,soup_scene1,50,old
184,0.8224658966064453,0.06350549899278214,obse,soup_scene1,50,old
185,0.8269217014312744,0.06338341237304253,obse,soup_scene1,50,old
186,0.8311662673950195,0.06338341237304253,obse,soup_scene1,50,old
187,0.8353488445281982,0.06338341237304253,obse,soup_scene1,50,old
188,0.839637041091919,0.06325546052896956,obse,soup_scene1,50,old
189,0.8439216613769531,0.06312204057091401,obse,soup_scene1,50,old
190,0.8481752872467041,0.06312204057091401,obse,soup_scene1,50,old
191,0.8526017665863037,0.06296243251595643,obse,soup_scene1,50,old
192,0.8570611476898193,0.06287574591806977,obse,soup_scene1,50,old
193,0.8613600730895996,0.06280244564930643,obse,soup_scene1,50,old
194,0.8659207820892334,0.06280244564930643,obse,soup_scene1,50,old
195,0.8702888488769531,0.0626080446050356,obse,soup_scene1,50,old
196,0.8748769760131836,0.0770359822772307,obse,soup_scene1,50,old
197,0.8790404796600342,0.0770359822772307,obse,soup_scene1,50,old
198,0.8836462497711182,0.0768854692033144,obse,soup_scene1,50,old
199,0.8879013061523438,0.0768854692033144,obse,soup_scene1,50,old
200,0.8924398422241211,0.07683674753809341,obse,soup_scene1,50,old
201,0.8966696262359619,0.07670301673149606,obse,soup_scene1,50,old
202,0.9008893966674805,0.07670301673149606,obse,soup_scene1,50,old
203,0.9052581787109375,0.07672050070826264,obse,soup_scene1,50,old
204,0.9095633029937744,0.07651610414484981,obse,soup_scene1,50,old
205,0.9140312671661377,0.07662914316806989,obse,soup_scene1,50,old
206,0.9182507991790771,0.07652533244896444,obse,soup_scene1,50,old
207,0.922466516494751,0.07652533244896444,obse,soup_scene1,50,old
208,0.9268519878387451,0.07640861157164876,obse,soup_scene1,50,old
209,0.9315345287322998,0.06946886274477865,obse,soup_scene1,50,old
210,0.9356870651245117,0.06946886274477865,obse,soup_scene1,50,old
211,0.9398820400238037,0.06946886274477865,obse,soup_scene1,50,old
212,0.9444694519042969,0.06915013195285628,obse,soup_scene1,50,old
213,0.9489636421203613,0.069182888333234,obse,soup_scene1,50,old
214,0.953192949295044,0.069182888333234,obse,soup_scene1,50,old
215,0.9579596519470215,0.06914234934136428,obse,soup_scene1,50,old
216,0.9624443054199219,0.06903579140738482,obse,soup_scene1,50,old
217,0.9667530059814453,0.06903579140738482,obse,soup_scene1,50,old
218,0.9711687564849854,0.06891250681526716,obse,soup_scene1,50,old
219,0.9753444194793701,0.06891250681526716,obse,soup_scene1,50,old
220,0.9795417785644531,0.06891250681526716,obse,soup_scene1,50,old
221,0.9839367866516113,0.06892731538486914,obse,soup_scene1,50,old
222,0.9882664680480957,0.06892731538486914,obse,soup_scene1,50,old
223,0.9931044578552246,0.0682305267432621,obse,soup_scene1,50,old
224,0.9973397254943848,0.0680756185421462,obse,soup_scene1,50,old
225,1.0016570091247559,0.0680756185421462,obse,soup_scene1,50,old
226,1.0057873725891113,0.0680756185421462,obse,soup_scene1,50,old
227,1.0102977752685547,0.068117709878696,obse,soup_scene1,50,old
228,1.0144927501678467,0.068117709878696,obse,soup_scene1,50,old
229,1.018848180770874,0.068117709878696,obse,soup_scene1,50,old
230,1.0233697891235352,0.06788615271987591,obse,soup_scene1,50,old
231,1.0277373790740967,0.06783105078099509,obse,soup_scene1,50,old
232,1.0321009159088135,0.06783105078099509,obse,soup_scene1,50,old
233,1.036280632019043,0.06783105078099509,obse,soup_scene1,50,old
234,1.0406570434570312,0.06783105078099509,obse,soup_scene1,50,old
235,1.044947624206543,0.06783105078099509,obse,soup_scene1,50,old
236,1.0497064590454102,0.0673825867854277,obse,soup_scene1,50,old
237,1.0540471076965332,0.06745695915370384,obse,soup_scene1,50,old
238,1.0583455562591553,0.06745695915370384,obse,soup_scene1,50,old
239,1.0627717971801758,0.06745695915370384,obse,soup_scene1,50,old
240,1.067107915878296,0.06729465145310612,obse,soup_scene1,50,old
241,1.071380853652954,0.06729465145310612,obse,soup_scene1,50,old
242,1.0756652355194092,0.06729465145310612,obse,soup_scene1,50,old
243,1.0804824829101562,0.058242679792451874,obse,soup_scene1,50,old
244,1.0847926139831543,0.05815272293722685,obse,soup_scene1,50,old
245,1.0893335342407227,0.05815272293722685,obse,soup_scene1,50,old
246,1.094083547592163,0.05798556967419862,obse,soup_scene1,50,old
247,1.0985076427459717,0.057706082089872365,obse,soup_scene1,50,old
248,1.1030852794647217,0.05758647607848358,obse,soup_scene1,50,old
249,1.107694387435913,0.0576813207655725,obse,soup_scene1,50,old
250,1.1122229099273682,0.057529496439962365,obse,soup_scene1,50,old
251,1.1163547039031982,0.057529496439962365,obse,soup_scene1,50,old
252,1.1209912300109863,0.057340236204399014,obse,soup_scene1,50,old
253,1.1257834434509277,0.05706573768992183,obse,soup_scene1,50,old
254,1.13047194480896,0.05708124509182836,obse,soup_scene1,50,old
255,1.1349496841430664,0.04897076220047048,obse,soup_scene1,50,old
256,1.1394243240356445,0.048324797204074836,obse,soup_scene1,50,old
257,1.143824577331543,0.04843266909706555,obse,soup_scene1,50,old
258,1.1481678485870361,0.04843266909706555,obse,soup_scene1,50,old
259,1.1523408889770508,0.04843266909706555,obse,soup_scene1,50,old
260,1.1571414470672607,0.047962657248335545,obse,soup_scene1,50,old
261,1.1612656116485596,0.047962657248335545,obse,soup_scene1,50,old
262,1.165541648864746,0.048017113906691895,obse,soup_scene1,50,old
263,1.16983962059021,0.048017113906691895,obse,soup_scene1,50,old
264,1.1743106842041016,0.047771016828708227,obse,soup_scene1,50,old
265,1.1784284114837646,0.047771016828708227,obse,soup_scene1,50,old
266,1.1827988624572754,0.04764232340635738,obse,soup_scene1,50,old
267,1.1871001720428467,0.04764232340635738,obse,soup_scene1,50,old
268,1.1913831233978271,0.04758399765377343,obse,soup_scene1,50,old
269,1.1959712505340576,0.04695783464954852,obse,soup_scene1,50,old
270,1.2004497051239014,0.04678933240599383,obse,soup_scene1,50,old
271,1.204737663269043,0.04678933240599383,obse,soup_scene1,50,old
272,1.2091352939605713,0.046652026444023685,obse,soup_scene1,50,old
273,1.213331937789917,0.046652026444023685,obse,soup_scene1,50,old
274,1.217787265777588,0.04643854502130431,obse,soup_scene1,50,old
275,1.2219560146331787,0.04643854502130431,obse,soup_scene1,50,old
276,1.2262885570526123,0.04643854502130431,obse,soup_scene1,50,old
277,1.2304623126983643,0.04643854502130431,obse,soup_scene1,50,old
278,1.234771728515625,0.046309659246716,obse,soup_scene1,50,old
279,1.2388615608215332,0.046309659246716,obse,soup_scene1,50,old
280,1.2429873943328857,0.046309659246716,obse,soup_scene1,50,old
281,1.2475378513336182,0.04613863845857205,obse,soup_scene1,50,old
282,1.2520029544830322,0.04613863845857205,obse,soup_scene1,50,old
283,1.2563261985778809,0.0460149107867828,obse,soup_scene1,50,old
284,1.2609457969665527,0.04587761378718215,obse,soup_scene1,50,old
285,1.2652983665466309,0.04587761378718215,obse,soup_scene1,50,old
286,1.2696318626403809,0.04577799921140085,obse,soup_scene1,50,old
287,1.274371862411499,0.045513422889571595,obse,soup_scene1,50,old
288,1.2788245677947998,0.04544760909071064,obse,soup_scene1,50,old
289,1.283339500427246,0.04506345934967355,obse,soup_scene1,50,old
290,1.2874927520751953,0.04506345934967355,obse,soup_scene1,50,old
291,1.291898250579834,0.04506345934967355,obse,soup_scene1,50,old
292,1.2961642742156982,0.04509427981354116,obse,soup_scene1,50,old
293,1.3007581233978271,0.04509427981354116,obse,soup_scene1,50,old
294,1.3054211139678955,0.04491925447844202,obse,soup_scene1,50,old
295,1.309636116027832,0.04491925447844202,obse,soup_scene1,50,old
296,1.3139092922210693,0.04491925447844202,obse,soup_scene1,50,old
297,1.318363904953003,0.04491925447844202,obse,soup_scene1,50,old
298,1.3227131366729736,0.04491925447844202,obse,soup_scene1,50,old
299,1.3272404670715332,0.04472201979752098,obse,soup_scene1,50,old
300,1.3314545154571533,0.04472201979752098,obse,soup_scene1,50,old
301,1.3355913162231445,0.04472201979752098,obse,soup_scene1,50,old
302,1.340071439743042,0.04470547691975047,obse,soup_scene1,50,old
303,1.344198226928711,0.04470547691975047,obse,soup_scene1,50,old
304,1.3489208221435547,0.044574786543137054,obse,soup_scene1,50,old
305,1.3534209728240967,0.04055931299095671,obse,soup_scene1,50,old
306,1.357924222946167,0.040606045261266224,obse,soup_scene1,50,old
307,1.3626770973205566,0.040606045261266224,obse,soup_scene1,50,old
308,1.3673064708709717,0.04037983249890107,obse,soup_scene1,50,old
309,1.3714234828948975,0.04037983249890107,obse,soup_scene1,50,old
310,1.3761160373687744,0.04017557144912429,obse,soup_scene1,50,old
311,1.380338191986084,0.04017557144912429,obse,soup_scene1,50,old
312,1.384660005569458,0.04017557144912429,obse,soup_scene1,50,old
313,1.3889453411102295,0.04017557144912429,obse,soup_scene1,50,old
314,1.3934118747711182,0.04003789128616152,obse,soup_scene1,50,old
315,1.3978614807128906,0.039992523243028544,obse,soup_scene1,50,old
316,1.402092456817627,0.039992523243028544,obse,soup_scene1,50,old
317,1.4068477153778076,0.03988769050404259,obse,soup_scene1,50,old
318,1.4111878871917725,0.044429732643263234,obse,soup_scene1,50,old
319,1.415632963180542,0.0444963569779525,obse,soup_scene1,50,old
320,1.4195961952209473,0.0444963569779525,obse,soup_scene1,50,old
321,1.4239795207977295,0.0444673870161782,obse,soup_scene1,50,old
322,1.4282476902008057,0.04433318734140605,obse,soup_scene1,50,old
323,1.4324650764465332,0.04433318734140605,obse,soup_scene1,50,old
324,1.4368362426757812,0.0442268895977091,obse,soup_scene1,50,old
325,1.4411969184875488,0.04409253050590969,obse,soup_scene1,50,old
326,1.4454786777496338,0.044019304609936284,obse,soup_scene1,50,old
327,1.4496033191680908,0.043901359560637,obse,soup_scene1,50,old
328,1.453861951828003,0.043901359560637,obse,soup_scene1,50,old
329,1.4580259323120117,0.04374735804637119,obse,soup_scene1,50,old
330,1.4620492458343506,0.04374735804637119,obse,soup_scene1,50,old
331,1.465994119644165,0.04374735804637119,obse,soup_scene1,50,old
332,1.470461368560791,0.04359592810026044,obse,soup_scene1,50,old
333,1.474607229232788,0.04357469118483968,obse,soup_scene1,50,old
334,1.4787192344665527,0.04357469118483968,obse,soup_scene1,50,old
335,1.482886552810669,0.04232925262718842,obse,soup_scene1,50,old
336,1.4871656894683838,0.04232220316446874,obse,soup_scene1,50,old
337,1.4914374351501465,0.04212184534395973,obse,soup_scene1,50,old
338,1.4955651760101318,0.04212569208962404,obse,soup_scene1,50,old
339,1.49969482421875,0.04194039838283721,obse,soup_scene1,50,old
340,1.5038237571716309,0.04194039838283721,obse,soup_scene1,50,old
341,1.5080225467681885,0.04178155330486278,obse,soup_scene1,50,old
342,1.5122478008270264,0.04178155330486278,obse,soup_scene1,50,old
343,1.5164737701416016,0.04177457899815522,obse,soup_scene1,50,old
344,1.5205824375152588,0.04177457899815522,obse,soup_scene1,50,old
345,1.5254180431365967,0.04161379987410469,obse,soup_scene1,50,old
346,1.5305814743041992,0.04161379987410469,obse,soup_scene1,50,old
347,1.5346453189849854,0.04156858845170472,obse,soup_scene1,50,old
348,1.538835048675537,0.04156858845170472,obse,soup_scene1,50,old
349,1.5434651374816895,0.046266363949483184,obse,soup_scene1,50,old
350,1.5476415157318115,0.046266363949483184,obse,soup_scene1,50,old
351,1.5519812107086182,0.04608061479718774,obse,soup_scene1,50,old
352,1.5563337802886963,0.04596692108781491,obse,soup_scene1,50,old
353,1.5605037212371826,0.0460162884224448,obse,soup_scene1,50,old
354,1.564645528793335,0.0460531232785486,obse,soup_scene1,50,old
355,1.5685486793518066,0.045939896114131996,obse,soup_scene1,50,old
356,1.5725970268249512,0.04588236707907096,obse,soup_scene1,50,old
357,1.5771205425262451,0.045772900008783146,obse,soup_scene1,50,old
358,1.5811095237731934,0.045772900008783146,obse,soup_scene1,50,old
359,1.5855185985565186,0.04585353426970369,obse,soup_scene1,50,old
360,1.5897152423858643,0.04585353426970369,obse,soup_scene1,50,old
361,1.5942885875701904,0.04572402103909174,obse,soup_scene1,50,old
362,1.5987215042114258,0.04539241441244396,obse,soup_scene1,50,old
363,1.6032044887542725,0.04455165545073208,obse,soup_scene1,50,old
364,1.6074097156524658,0.0445105289357917,obse,soup_scene1,50,old
365,1.611544132232666,0.04441488330781811,obse,soup_scene1,50,old
366,1.6158132553100586,0.044040795783490364,obse,soup_scene1,50,old
367,1.6198673248291016,0.044040795783490364,obse,soup_scene1,50,old
368,1.6242835521697998,0.04389967621595982,obse,soup_scene1,50,old
369,1.6283831596374512,0.04389967621595982,obse,soup_scene1,50,old
370,1.632601022720337,0.04391245065756027,obse,soup_scene1,50,old
371,1.636791706085205,0.04378220750537725,obse,soup_scene1,50,old
372,1.6412763595581055,0.04383976772733998,obse,soup_scene1,50,old
373,1.6453824043273926,0.04383976772733998,obse,soup_scene1,50,old
374,1.6494779586791992,0.043791723757012256,obse,soup_scene1,50,old
375,1.6536431312561035,0.04370297350489103,obse,soup_scene1,50,old
376,1.6579842567443848,0.04375018247719835,obse,soup_scene1,50,old
377,1.6622734069824219,0.043613479101653065,obse,soup_scene1,50,old
378,1.6664199829101562,0.04350308227048702,obse,soup_scene1,50,old
379,1.6706104278564453,0.04350308227048702,obse,soup_scene1,50,old
380,1.6747150421142578,0.04350308227048702,obse,soup_scene1,50,old
381,1.6790282726287842,0.043354527515825234,obse,soup_scene1,50,old
382,1.6837704181671143,0.04325391139556583,obse,soup_scene1,50,old
383,1.6881840229034424,0.05286141070678653,obse,soup_scene1,50,old
384,1.6925547122955322,0.05274971793570349,obse,soup_scene1,50,old
385,1.6969211101531982,0.05274971793570349,obse,soup_scene1,50,old
386,1.7011406421661377,0.0527880227590876,obse,soup_scene1,50,old
387,1.7054977416992188,0.052827984287857885,obse,soup_scene1,50,old
388,1.7096338272094727,0.052827984287857885,obse,soup_scene1,50,old
389,1.7141695022583008,0.052827984287857885,obse,soup_scene1,50,old
390,1.7185149192810059,0.05237298543345302,obse,soup_scene1,50,old
391,1.7228686809539795,0.05236096662712584,obse,soup_scene1,50,old
392,1.7270314693450928,0.05224823909852037,obse,soup_scene1,50,old
393,1.731260061264038,0.05224823909852037,obse,soup_scene1,50,old
394,1.7355678081512451,0.05209888713740666,obse,soup_scene1,50,old
395,1.7396578788757324,0.05209888713740666,obse,soup_scene1,50,old
396,1.7436976432800293,0.05225467964963106,obse,soup_scene1,50,old
397,1.748034954071045,0.05214403532967087,obse,soup_scene1,50,old
398,1.7525951862335205,0.048747158403812094,obse,soup_scene1,50,old
399,1.756976842880249,0.048715356518751106,obse,soup_scene1,50,old
400,1.7612979412078857,0.04859116602289723,obse,soup_scene1,50,old
401,1.7654354572296143,0.04859116602289723,obse,soup_scene1,50,old
402,1.7695529460906982,0.04853221717749557,obse,soup_scene1,50,old
403,1.7738218307495117,0.04853221717749557,obse,soup_scene1,50,old
404,1.7780508995056152,0.04843828387053286,obse,soup_scene1,50,old
405,1.782252550125122,0.04843828387053286,obse,soup_scene1,50,old
406,1.786531925201416,0.048342796013294824,obse,soup_scene1,50,old
407,1.7908556461334229,0.04824498016278231,obse,soup_scene1,50,old
408,1.7950079441070557,0.048230593757730714,obse,soup_scene1,50,old
409,1.7991833686828613,0.048230593757730714,obse,soup_scene1,50,old
410,1.803553581237793,0.04586282184127611,obse,soup_scene1,50,old
411,1.807727336883545,0.04504357486569267,obse,soup_scene1,50,old
412,1.811967372894287,0.045033819075305855,obse,soup_scene1,50,old
413,1.816213607788086,0.044868963652475606,obse,soup_scene1,50,old
414,1.820181131362915,0.044868963652475606,obse,soup_scene1,50,old
415,1.8242645263671875,0.044868963652475606,obse,soup_scene1,50,old
416,1.8285694122314453,0.0448161533820428,obse,soup_scene1,50,old
417,1.8327929973602295,0.0448161533820428,obse,soup_scene1,50,old
418,1.8372561931610107,0.044769771767367725,obse,soup_scene1,50,old
419,1.8416767120361328,0.04464559344645153,obse,soup_scene1,50,old
420,1.8462214469909668,0.04444261126624989,obse,soup_scene1,50,old
421,1.8505067825317383,0.04444261126624989,obse,soup_scene1,50,old
422,1.8546514511108398,0.04437421984199235,obse,soup_scene1,50,old
423,1.858865737915039,0.04437421984199235,obse,soup_scene1,50,old
424,1.8635096549987793,0.04028530253390075,obse,soup_scene1,50,old
425,1.8679301738739014,0.03954847138425434,obse,soup_scene1,50,old
426,1.8721923828125,0.03944966136160514,obse,soup_scene1,50,old
427,1.8765285015106201,0.039371062349363294,obse,soup_scene1,50,old
428,1.8806257247924805,0.039371062349363294,obse,soup_scene1,50,old
429,1.8850257396697998,0.03916808569361199,obse,soup_scene1,50,old
430,1.8897209167480469,0.03911112872069589,obse,soup_scene1,50,old
431,1.8938372135162354,0.03911112872069589,obse,soup_scene1,50,old
432,1.898186206817627,0.03884267961244261,obse,soup_scene1,50,old
433,1.9038653373718262,0.038768013931425364,obse,soup_scene1,50,old
434,1.9099040031433105,0.03866526740082076,obse,soup_scene1,50,old
435,1.9158635139465332,0.03858647121668982,obse,soup_scene1,50,old
436,1.921724557876587,0.038330050595359516,obse,soup_scene1,50,old
437,1.927610158920288,0.03738276611997494,obse,soup_scene1,50,old
438,1.933258056640625,0.03765714127843451,obse,soup_scene1,50,old
439,1.9387733936309814,0.03765714127843451,obse,soup_scene1,50,old
440,1.944385051727295,0.03767287740997934,obse,soup_scene1,50,old
441,1.9500980377197266,0.037374993715026394,obse,soup_scene1,50,old
442,1.955880880355835,0.03744347674860687,obse,soup_scene1,50,old
443,1.9612348079681396,0.037287746296698815,obse,soup_scene1,50,old
444,1.966653823852539,0.03718814975342375,obse,soup_scene1,50,old
445,1.9714293479919434,0.03718814975342375,obse,soup_scene1,50,old
446,1.9754459857940674,0.036981946336194026,obse,soup_scene1,50,old
447,1.9793226718902588,0.036981946336194026,obse,soup_scene1,50,old
448,1.9837827682495117,0.036869833273158494,obse,soup_scene1,50,old
449,1.9879205226898193,0.03694895899911111,obse,soup_scene1,50,old
450,1.9922375679016113,0.036823433513889794,obse,soup_scene1,50,old
451,1.9965367317199707,0.03602646663612657,obse,soup_scene1,50,old
452,2.0008153915405273,0.035723786921493104,obse,soup_scene1,50,old
453,2.004936933517456,0.035723786921493104,obse,soup_scene1,50,old
454,2.009094476699829,0.03564884595965147,obse,soup_scene1,50,old
455,2.014105796813965,0.03564884595965147,obse,soup_scene1,50,old
456,2.0184664726257324,0.03556224583730713,obse,soup_scene1,50,old
457,2.022508144378662,0.03556224583730713,obse,soup_scene1,50,old
458,2.0266144275665283,0.03556224583730713,obse,soup_scene1,50,old
459,2.031052827835083,0.03556224583730713,obse,soup_scene1,50,old
460,2.035426616668701,0.03463839558093729,obse,soup_scene1,50,old
461,2.039771318435669,0.03463839558093729,obse,soup_scene1,50,old
462,2.0440311431884766,0.034485119764646674,obse,soup_scene1,50,old
463,2.0485024452209473,0.03446863509643685,obse,soup_scene1,50,old
464,2.052668333053589,0.03446863509643685,obse,soup_scene1,50,old
465,2.0567874908447266,0.03446863509643685,obse,soup_scene1,50,old
466,2.0614538192749023,0.03460418949711592,obse,soup_scene1,50,old
467,2.0656540393829346,0.03460418949711592,obse,soup_scene1,50,old
468,2.0697693824768066,0.03460418949711592,obse,soup_scene1,50,old
469,2.073922872543335,0.03460418949711592,obse,soup_scene1,50,old
470,2.0783073902130127,0.03456251668399284,obse,soup_scene1,50,old
471,2.082951784133911,0.034318390359518905,obse,soup_scene1,50,old
472,2.0874135494232178,0.03421075273678442,obse,soup_scene1,50,old
473,2.091670274734497,0.03421075273678442,obse,soup_scene1,50,old
474,2.095959424972534,0.03394654882557453,obse,soup_scene1,50,old
475,2.1001839637756348,0.03390045110213073,obse,soup_scene1,50,old
476,2.104142665863037,0.03390045110213073,obse,soup_scene1,50,old
477,2.1084234714508057,0.033535817618230185,obse,soup_scene1,50,old
478,2.1124556064605713,0.033535817618230185,obse,soup_scene1,50,old
479,2.116774082183838,0.033506974456506036,obse,soup_scene1,50,old
480,2.120911121368408,0.033506974456506036,obse,soup_scene1,50,old
481,2.12522554397583,0.033371767861443684,obse,soup_scene1,50,old
482,2.129328966140747,0.033410801653197576,obse,soup_scene1,50,old
483,2.133607864379883,0.03344816110647515,obse,soup_scene1,50,old
484,2.1376585960388184,0.032847740854054785,obse,soup_scene1,50,old
485,2.1417980194091797,0.032815823105744914,obse,soup_scene1,50,old
486,2.145991086959839,0.032683273035028354,obse,soup_scene1,50,old
487,2.150118589401245,0.03268641869768562,obse,soup_scene1,50,old
488,2.154392719268799,0.032685490456308045,obse,soup_scene1,50,old
489,2.1588237285614014,0.03245811347148506,obse,soup_scene1,50,old
490,2.1628003120422363,0.03245811347148506,obse,soup_scene1,50,old
491,2.167999744415283,0.032315091880155425,obse,soup_scene1,50,old
492,2.172004461288452,0.032315091880155425,obse,soup_scene1,50,old
493,2.1764814853668213,0.03226254168652583,obse,soup_scene1,50,old
494,2.1805484294891357,0.03226254168652583,obse,soup_scene1,50,old
495,2.185084819793701,0.032109232418196104,obse,soup_scene1,50,old
496,2.1896440982818604,0.032109232418196104,obse,soup_scene1,50,old
497,2.194228172302246,0.03203763109361311,obse,soup_scene1,50,old
498,2.1988754272460938,0.03303535410372635,obse,soup_scene1,50,old
499,2.203094720840454,0.0328072290641982,obse,soup_scene1,50,old
500,2.20713210105896,0.0328072290641982,obse,soup_scene1,50,old
501,2.2116541862487793,0.032826106172893506,obse,soup_scene1,50,old
502,2.2160897254943848,0.03272660332004193,obse,soup_scene1,50,old
503,2.220430374145508,0.03272660332004193,obse,soup_scene1,50,old
504,2.224560499191284,0.03272660332004193,obse,soup_scene1,50,old
505,2.2290759086608887,0.032643280582674544,obse,soup_scene1,50,old
506,2.233351707458496,0.032643280582674544,obse,soup_scene1,50,old
507,2.2380731105804443,0.032451717162476856,obse,soup_scene1,50,old
508,2.242568254470825,0.032451717162476856,obse,soup_scene1,50,old
509,2.2466838359832764,0.032280738693881386,obse,soup_scene1,50,old
510,2.2508254051208496,0.032280738693881386,obse,soup_scene1,50,old
511,2.2549567222595215,0.032280738693881386,obse,soup_scene1,50,old
512,2.2590887546539307,0.03265738246584419,obse,soup_scene1,50,old
513,2.2631425857543945,0.032526648711097936,obse,soup_scene1,50,old
514,2.267327308654785,0.03296554540049784,obse,soup_scene1,50,old
515,2.271376371383667,0.03296554540049784,obse,soup_scene1,50,old
516,2.2755184173583984,0.032907041432314564,obse,soup_scene1,50,old
517,2.2797458171844482,0.032926664960669844,obse,soup_scene1,50,old
518,2.2840585708618164,0.032947729880573644,obse,soup_scene1,50,old
519,2.288475275039673,0.032794734730007574,obse,soup_scene1,50,old
520,2.292682409286499,0.032794734730007574,obse,soup_scene1,50,old
521,2.296964168548584,0.03270229825016539,obse,soup_scene1,50,old
522,2.301457643508911,0.03212983813919943,obse,soup_scene1,50,old
523,2.3057804107666016,0.0321717839174281,obse,soup_scene1,50,old
524,2.310072183609009,0.032070603351078024,obse,soup_scene1,50,old
525,2.315023899078369,0.03194668407375508,obse,soup_scene1,50,old
526,2.3195903301239014,0.0317799810349447,obse,soup_scene1,50,old
527,2.3241169452667236,0.03164930647687468,obse,soup_scene1,50,old
528,2.328368663787842,0.03164930647687468,obse,soup_scene1,50,old
529,2.3331663608551025,0.033905387706393605,obse,soup_scene1,50,old
530,2.3374381065368652,0.03358358000599323,obse,soup_scene1,50,old
531,2.3417694568634033,0.03356059471687983,obse,soup_scene1,50,old
532,2.3460288047790527,0.03348081226302087,obse,soup_scene1,50,old
533,2.350435972213745,0.033306332753882485,obse,soup_scene1,50,old
534,2.354684829711914,0.033306332753882485,obse,soup_scene1,50,old
535,2.359135150909424,0.03316825465936667,obse,soup_scene1,50,old
536,2.36344575881958,0.03317205412848055,obse,soup_scene1,50,old
537,2.367746591567993,0.03317205412848055,obse,soup_scene1,50,old
538,2.3721086978912354,0.032956889596992923,obse,soup_scene1,50,old
539,2.37638258934021,0.03292972200896479,obse,soup_scene1,50,old
540,2.3808443546295166,0.032995088158665586,obse,soup_scene1,50,old
541,2.385524272918701,0.03284704608395989,obse,soup_scene1,50,old
542,2.389894723892212,0.03280943261855052,obse,soup_scene1,50,old
543,2.394320249557495,0.03280943261855052,obse,soup_scene1,50,old
544,2.398585557937622,0.03267347614414669,obse,soup_scene1,50,old
545,2.4031822681427,0.03249000664025826,obse,soup_scene1,50,old
546,2.4079909324645996,0.031094428016769787,obse,soup_scene1,50,old
547,2.412217855453491,0.031094428016769787,obse,soup_scene1,50,old
548,2.416668176651001,0.031022560645022818,obse,soup_scene1,50,old
549,2.4209280014038086,0.031022560645022818,obse,soup_scene1,50,old
550,2.4252734184265137,0.030904412478385865,obse,soup_scene1,50,old
551,2.429654598236084,0.030904412478385865,obse,soup_scene1,50,old
552,2.433900833129883,0.03077908148068585,obse,soup_scene1,50,old
553,2.4379663467407227,0.03077908148068585,obse,soup_scene1,50,old
554,2.4422855377197266,0.030556827699992913,obse,soup_scene1,50,old
555,2.446272850036621,0.030556827699992913,obse,soup_scene1,50,old
556,2.450587272644043,0.030447953688976973,obse,soup_scene1,50,old
557,2.4548394680023193,0.030428463330841784,obse,soup_scene1,50,old
558,2.4593067169189453,0.03030941169114887,obse,soup_scene1,50,old
559,2.4635539054870605,0.03030941169114887,obse,soup_scene1,50,old
560,2.467980146408081,0.030176566699608602,obse,soup_scene1,50,old
561,2.4719884395599365,0.030176566699608602,obse,soup_scene1,50,old
562,2.4762723445892334,0.029989456486274796,obse,soup_scene1,50,old
563,2.480769157409668,0.030173830154682668,obse,soup_scene1,50,old
564,2.4849207401275635,0.030173830154682668,obse,soup_scene1,50,old
565,2.489267110824585,0.0302533220144342,obse,soup_scene1,50,old
566,2.4937233924865723,0.030046252986620486,obse,soup_scene1,50,old
567,2.497973680496216,0.030046252986620486,obse,soup_scene1,50,old
568,2.5024569034576416,0.029816330572891514,obse,soup_scene1,50,old
569,2.506868600845337,0.029700085384826675,obse,soup_scene1,50,old
570,2.511120080947876,0.029700085384826675,obse,soup_scene1,50,old
571,2.5156760215759277,0.02946899016483449,obse,soup_scene1,50,old
572,2.5199944972991943,0.02946899016483449,obse,soup_scene1,50,old
573,2.5251731872558594,0.029356606167045517,obse,soup_scene1,50,old
574,2.529136896133423,0.029356606167045517,obse,soup_scene1,50,old
575,2.5332376956939697,0.029356606167045517,obse,soup_scene1,50,old
576,2.537637233734131,0.029261138763401483,obse,soup_scene1,50,old
577,2.542781352996826,0.028979659602199923,obse,soup_scene1,50,old
578,2.5473804473876953,0.03197206518341005,obse,soup_scene1,50,old
579,2.5524468421936035,0.03203773719072491,obse,soup_scene1,50,old
580,2.558171033859253,0.03190346929295292,obse,soup_scene1,50,old
581,2.564488172531128,0.03192249370418152,obse,soup_scene1,50,old
582,2.5702900886535645,0.03180819374890801,obse,soup_scene1,50,old
583,2.5745811462402344,0.03179159588662975,obse,soup_scene1,50,old
584,2.5788795948028564,0.03173612872556312,obse,soup_scene1,50,old
585,2.583076238632202,0.03156105256586467,obse,soup_scene1,50,old
586,2.587047815322876,0.03156105256586467,obse,soup_scene1,50,old
587,2.591482400894165,0.03142899321518914,obse,soup_scene1,50,old
588,2.5953457355499268,0.03142899321518914,obse,soup_scene1,50,old
589,2.5994491577148438,0.031442836981875,obse,soup_scene1,50,old
590,2.603790283203125,0.0396064743111571,obse,soup_scene1,50,old
591,2.6080148220062256,0.03955339975166223,obse,soup_scene1,50,old
592,2.6121344566345215,0.0396694735267347,obse,soup_scene1,50,old
593,2.616302967071533,0.03954001071005521,obse,soup_scene1,50,old
594,2.6203696727752686,0.03954001071005521,obse,soup_scene1,50,old
595,2.6247146129608154,0.03944222131369234,obse,soup_scene1,50,old
596,2.629024028778076,0.03944222131369234,obse,soup_scene1,50,old
597,2.633251190185547,0.039477954249997234,obse,soup_scene1,50,old
598,2.6375443935394287,0.03946719868453418,obse,soup_scene1,50,old
599,2.641963481903076,0.03963022556620365,obse,soup_scene1,50,old
600,2.646059274673462,0.03963022556620365,obse,soup_scene1,50,old
601,2.650477647781372,0.039557549585396944,obse,soup_scene1,50,old
602,2.6545374393463135,0.039557549585396944,obse,soup_scene1,50,old
603,2.658801317214966,0.039361369029017226,obse,soup_scene1,50,old
604,2.663271188735962,0.050015516831894036,obse,soup_scene1,50,old
605,2.6674516201019287,0.04996098509293238,obse,soup_scene1,50,old
606,2.671846628189087,0.0512071997506635,obse,soup_scene1,50,old
607,2.676084518432617,0.05093987910491294,obse,soup_scene1,50,old
608,2.68044376373291,0.050935218308535785,obse,soup_scene1,50,old
609,2.6846656799316406,0.05084744645788173,obse,soup_scene1,50,old
610,2.6887426376342773,0.05084744645788173,obse,soup_scene1,50,old
611,2.6930418014526367,0.050896961056991645,obse,soup_scene1,50,old
612,2.697206497192383,0.050896961056991645,obse,soup_scene1,50,old
613,2.7014007568359375,0.05084970985599813,obse,soup_scene1,50,old
614,2.705554485321045,0.05082953431704781,obse,soup_scene1,50,old
615,2.7097418308258057,0.05055344265266953,obse,soup_scene1,50,old
616,2.7141032218933105,0.05055344265266953,obse,soup_scene1,50,old
617,2.718620538711548,0.05049474467956124,obse,soup_scene1,50,old
618,2.7233879566192627,0.050387044627581354,obse,soup_scene1,50,old
619,2.7277989387512207,0.050387044627581354,obse,soup_scene1,50,old
620,2.7322773933410645,0.0503357432605179,obse,soup_scene1,50,old
621,2.7365288734436035,0.06320676596798519,obse,soup_scene1,50,old
622,2.7409510612487793,0.06313179280881187,obse,soup_scene1,50,old
623,2.7450549602508545,0.06375566026701103,obse,soup_scene1,50,old
624,2.749232053756714,0.06383696736260101,obse,soup_scene1,50,old
625,2.7532734870910645,0.06383696736260101,obse,soup_scene1,50,old
626,2.7576639652252197,0.06383676749827222,obse,soup_scene1,50,old
627,2.761549711227417,0.06383676749827222,obse,soup_scene1,50,old
628,2.765519380569458,0.06362038000220448,obse,soup_scene1,50,old
629,2.769441843032837,0.06362038000220448,obse,soup_scene1,50,old
630,2.7734034061431885,0.06360044345434898,obse,soup_scene1,50,old
631,2.777759552001953,0.06360044345434898,obse,soup_scene1,50,old
632,2.7818171977996826,0.06357858707309746,obse,soup_scene1,50,old
633,2.786008358001709,0.06355932775604262,obse,soup_scene1,50,old
634,2.790351152420044,0.06361489667447313,obse,soup_scene1,50,old
635,2.7946410179138184,0.035547957205618604,obse,soup_scene1,50,old
636,2.7988269329071045,0.035507875731284874,obse,soup_scene1,50,old
637,2.8029329776763916,0.03368625851802631,obse,soup_scene1,50,old
638,2.8073248863220215,0.033540827553188816,obse,soup_scene1,50,old
639,2.81181001663208,0.03345937977965266,obse,soup_scene1,50,old
640,2.816432237625122,0.033261837242266334,obse,soup_scene1,50,old
641,2.820880889892578,0.033261837242266334,obse,soup_scene1,50,old
642,2.8254311084747314,0.0332670396504495,obse,soup_scene1,50,old
643,2.829813241958618,0.0332670396504495,obse,soup_scene1,50,old
644,2.8351306915283203,0.03314399982263245,obse,soup_scene1,50,old
645,2.839372396469116,0.033150965483126175,obse,soup_scene1,50,old
646,2.8436431884765625,0.033100740510439965,obse,soup_scene1,50,old
647,2.8478684425354004,0.033168029210085416,obse,soup_scene1,50,old
648,2.8522725105285645,0.033168029210085416,obse,soup_scene1,50,old
649,2.8566837310791016,0.03303223542910842,obse,soup_scene1,50,old
650,2.861176013946533,0.033025126231327764,obse,soup_scene1,50,old
651,2.865450620651245,0.032981228450081064,obse,soup_scene1,50,old
652,2.869628667831421,0.032981228450081064,obse,soup_scene1,50,old
653,2.874140977859497,0.03300063501071025,obse,soup_scene1,50,old
654,2.878249168395996,0.03300063501071025,obse,soup_scene1,50,old
655,2.8826260566711426,0.03292827323389653,obse,soup_scene1,50,old
656,2.8867645263671875,0.03292827323389653,obse,soup_scene1,50,old
657,2.891341209411621,0.03289967955927163,obse,soup_scene1,50,old
658,2.8954646587371826,0.032876238595935976,obse,soup_scene1,50,old
659,2.8998851776123047,0.03287580050882326,obse,soup_scene1,50,old
660,2.9039113521575928,0.03287580050882326,obse,soup_scene1,50,old
661,2.9082038402557373,0.032919838047452965,obse,soup_scene1,50,old
662,2.9124937057495117,0.032919838047452965,obse,soup_scene1,50,old
663,2.916753053665161,0.03286807332228663,obse,soup_scene1,50,old
664,2.921323537826538,0.03286104559371823,obse,soup_scene1,50,old
665,2.925530433654785,0.03282430479060085,obse,soup_scene1,50,old
666,2.9296560287475586,0.03282430479060085,obse,soup_scene1,50,old
667,2.9339563846588135,0.032827254830820427,obse,soup_scene1,50,old
668,2.9380433559417725,0.032827254830820427,obse,soup_scene1,50,old
669,2.942121744155884,0.032708007162956534,obse,soup_scene1,50,old
670,2.94608211517334,0.032708007162956534,obse,soup_scene1,50,old
671,2.9502038955688477,0.032708007162956534,obse,soup_scene1,50,old
672,2.954169988632202,0.032708007162956534,obse,soup_scene1,50,old
673,2.9585468769073486,0.0327438959303978,obse,soup_scene1,50,old
674,2.9628965854644775,0.03270340831625844,obse,soup_scene1,50,old
675,2.9672963619232178,0.03272123064358387,obse,soup_scene1,50,old
676,2.971640110015869,0.03270225133060479,obse,soup_scene1,50,old
677,2.975926399230957,0.03268532647831514,obse,soup_scene1,50,old
678,2.979994773864746,0.03268532647831514,obse,soup_scene1,50,old
679,2.9841182231903076,0.03268532647831514,obse,soup_scene1,50,old
680,2.9899888038635254,0.03262431912115227,obse,soup_scene1,50,old
681,2.995576858520508,0.03263547864256313,obse,soup_scene1,50,old
682,3.0012383460998535,0.03265823533069402,obse,soup_scene1,50,old
683,3.0070016384124756,0.03263604756687196,obse,soup_scene1,50,old
684,3.0124566555023193,0.032635708815495795,obse,soup_scene1,50,old
685,3.0181314945220947,0.03265343312264843,obse,soup_scene1,50,old
686,3.0239531993865967,0.03264889035229232,obse,soup_scene1,50,old
687,3.0293943881988525,0.03264889035229232,obse,soup_scene1,50,old
688,3.035356283187866,0.03267944867576937,obse,soup_scene1,50,old
689,3.040911912918091,0.03272536475351376,obse,soup_scene1,50,old
690,3.0464539527893066,0.03272536475351376,obse,soup_scene1,50,old
691,3.0515596866607666,0.032724914187045206,obse,soup_scene1,50,old
692,3.0557613372802734,0.0327259151459509,obse,soup_scene1,50,old
693,3.0599074363708496,0.0327259151459509,obse,soup_scene1,50,old
694,3.064054250717163,0.032688717152367396,obse,soup_scene1,50,old
695,3.068138837814331,0.032688717152367396,obse,soup_scene1,50,old
696,3.072364091873169,0.032688717152367396,obse,soup_scene1,50,old
697,3.076348066329956,0.032688717152367396,obse,soup_scene1,50,old
698,3.080557107925415,0.03265344099110912,obse,soup_scene1,50,old
699,3.0849924087524414,0.032634737519512805,obse,soup_scene1,50,old
700,3.0893988609313965,0.032640018983062874,obse,soup_scene1,50,old
701,3.0936851501464844,0.03262934238327251,obse,soup_scene1,50,old
702,3.0981245040893555,0.032644992997388635,obse,soup_scene1,50,old
703,3.1026926040649414,0.03269893922885112,obse,soup_scene1,50,old
704,3.1069374084472656,0.03269893922885112,obse,soup_scene1,50,old
705,3.111635684967041,0.03274295187726363,obse,soup_scene1,50,old
706,3.116189479827881,0.03274320599684717,obse,soup_scene1,50,old
707,3.1206483840942383,0.03274980179748431,obse,soup_scene1,50,old
708,3.1250576972961426,0.032743908645862484,obse,soup_scene1,50,old
709,3.1294751167297363,0.032742193247343294,obse,soup_scene1,50,old
710,3.1339380741119385,0.03270366631842446,obse,soup_scene1,50,old
711,3.1382076740264893,0.03270366631842446,obse,soup_scene1,50,old
712,3.1425724029541016,0.03265837017673088,obse,soup_scene1,50,old
713,3.1467463970184326,0.03269150836059767,obse,soup_scene1,50,old
714,3.151012420654297,0.032659011503077366,obse,soup_scene1,50,old
715,3.1551504135131836,0.032659011503077366,obse,soup_scene1,50,old
716,3.159616708755493,0.0326924445472233,obse,soup_scene1,50,old
717,3.1641225814819336,0.03264483051727055,obse,soup_scene1,50,old
718,3.168402910232544,0.032615670552106034,obse,soup_scene1,50,old
719,3.1725621223449707,0.03269088771971195,obse,soup_scene1,50,old
720,3.176809072494507,0.03269088771971195,obse,soup_scene1,50,old
721,3.1809911727905273,0.03265770695510693,obse,soup_scene1,50,old
722,3.185162305831909,0.03265770695510693,obse,soup_scene1,50,old
723,3.189307689666748,0.03265770695510693,obse,soup_scene1,50,old
724,3.193732500076294,0.03261948239179662,obse,soup_scene1,50,old
725,3.1978671550750732,0.032618027627663006,obse,soup_scene1,50,old
726,3.2021541595458984,0.03260191757767958,obse,soup_scene1,50,old
727,3.206580400466919,0.03260462690840129,obse,soup_scene1,50,old
728,3.2108657360076904,0.03271658794062879,obse,soup_scene1,50,old
729,3.215083599090576,0.0326765937103025,obse,soup_scene1,50,old
730,3.2192540168762207,0.0326765937103025,obse,soup_scene1,50,old
731,3.2234952449798584,0.0326765937103025,obse,soup_scene1,50,old
732,3.227933883666992,0.03269217579566169,obse,soup_scene1,50,old
733,3.232360601425171,0.03271238816234798,obse,soup_scene1,50,old
734,3.2365798950195312,0.032694376324636454,obse,soup_scene1,50,old
735,3.240889072418213,0.03270031994582948,obse,soup_scene1,50,old
736,3.2449660301208496,0.03270031994582948,obse,soup_scene1,50,old
737,3.249269723892212,0.03264527696047637,obse,soup_scene1,50,old
738,3.253365993499756,0.03264527696047637,obse,soup_scene1,50,old
739,3.2576348781585693,0.03276409953078951,obse,soup_scene1,50,old
740,3.261850595474243,0.03276409953078951,obse,soup_scene1,50,old
741,3.26625919342041,0.032728303720970284,obse,soup_scene1,50,old
742,3.2705132961273193,0.032728303720970284,obse,soup_scene1,50,old
743,3.2749946117401123,0.032770941530836775,obse,soup_scene1,50,old
744,3.2791521549224854,0.032770941530836775,obse,soup_scene1,50,old
745,3.283596992492676,0.03273506569016767,obse,soup_scene1,50,old
746,3.2877755165100098,0.032689680232020166,obse,soup_scene1,50,old
747,3.292118787765503,0.03264432069975835,obse,soup_scene1,50,old
748,3.296236753463745,0.03264432069975835,obse,soup_scene1,50,old
749,3.300497055053711,0.03268729137188788,obse,soup_scene1,50,old
750,3.3047516345977783,0.03268729137188788,obse,soup_scene1,50,old
751,3.309138536453247,0.032625896665161025,obse,soup_scene1,50,old
752,3.3133256435394287,0.03262936312280095,obse,soup_scene1,50,old
753,3.3175575733184814,0.03262936312280095,obse,soup_scene1,50,old
754,3.3217461109161377,0.03261369782702801,obse,soup_scene1,50,old
755,3.3261561393737793,0.03261525676915804,obse,soup_scene1,50,old
756,3.3301031589508057,0.03261525676915804,obse,soup_scene1,50,old
757,3.334451913833618,0.03267263848296825,obse,soup_scene1,50,old
758,3.338730573654175,0.03262552178156678,obse,soup_scene1,50,old
759,3.3426995277404785,0.03261113673660104,obse,soup_scene1,50,old
760,3.3466408252716064,0.03261113673660104,obse,soup_scene1,50,old
761,3.350908041000366,0.03263649451984874,obse,soup_scene1,50,old
762,3.3549234867095947,0.03263649451984874,obse,soup_scene1,50,old
763,3.359448194503784,0.03260558221582756,obse,soup_scene1,50,old
764,3.363649606704712,0.0326050134447497,obse,soup_scene1,50,old
765,3.3677539825439453,0.0326050134447497,obse,soup_scene1,50,old
766,3.372089385986328,0.03256860453537185,obse,soup_scene1,50,old
767,3.376126289367676,0.03256363828465797,obse,soup_scene1,50,old
768,3.380282163619995,0.03259084142105225,obse,soup_scene1,50,old
769,3.384415864944458,0.03257257113261427,obse,soup_scene1,50,old
770,3.388580560684204,0.03257257113261427,obse,soup_scene1,50,old
771,3.393174648284912,0.03257257113261427,obse,soup_scene1,50,old
772,3.397371768951416,0.03253213844217239,obse,soup_scene1,50,old
773,3.4017446041107178,0.03253213844217239,obse,soup_scene1,50,old
774,3.406139612197876,0.03256521457460043,obse,soup_scene1,50,old
775,3.410331964492798,0.03256521457460043,obse,soup_scene1,50,old
776,3.414501190185547,0.03248346448030642,obse,soup_scene1,50,old
777,3.418654680252075,0.03248346448030642,obse,soup_scene1,50,old
778,3.4228296279907227,0.03248346448030642,obse,soup_scene1,50,old
779,3.4270877838134766,0.03242712416037078,obse,soup_scene1,50,old
780,3.4310615062713623,0.03242712416037078,obse,soup_scene1,50,old
781,3.4352099895477295,0.032454657697919206,obse,soup_scene1,50,old
782,3.4393150806427,0.032454657697919206,obse,soup_scene1,50,old
783,3.4436049461364746,0.03242301475290417,obse,soup_scene1,50,old
784,3.4477336406707764,0.03242301475290417,obse,soup_scene1,50,old
785,3.45192813873291,0.03236382001568662,obse,soup_scene1,50,old
786,3.455953598022461,0.03236382001568662,obse,soup_scene1,50,old
787,3.460282325744629,0.03237964742754412,obse,soup_scene1,50,old
788,3.464409589767456,0.03237964742754412,obse,soup_scene1,50,old
789,3.4684622287750244,0.032352616883682864,obse,soup_scene1,50,old
790,3.47267484664917,0.032352616883682864,obse,soup_scene1,50,old
791,3.476736545562744,0.03234764537227293,obse,soup_scene1,50,old
792,3.4811935424804688,0.03238309123957721,obse,soup_scene1,50,old
793,3.4855947494506836,0.03238309123957721,obse,soup_scene1,50,old
794,3.4899046421051025,0.03228519635121297,obse,soup_scene1,50,old
795,3.4943950176239014,0.03221194042211031,obse,soup_scene1,50,old
796,3.4989566802978516,0.03223010969507926,obse,soup_scene1,50,old
797,3.503246545791626,0.032145324011131286,obse,soup_scene1,50,old
798,3.507680654525757,0.032145324011131286,obse,soup_scene1,50,old
799,3.512291193008423,0.03208634103023167,obse,soup_scene1,50,old
800,3.516843795776367,0.03208895814319714,obse,soup_scene1,50,old
801,3.5213022232055664,0.03201180306108603,obse,soup_scene1,50,old
802,3.525871515274048,0.031915556649043844,obse,soup_scene1,50,old
803,3.530040740966797,0.031915556649043844,obse,soup_scene1,50,old
804,3.534458637237549,0.03186275361953856,obse,soup_scene1,50,old
805,3.5387377738952637,0.03184966503185809,obse,soup_scene1,50,old
806,3.542969226837158,0.031792961199664696,obse,soup_scene1,50,old
807,3.5470499992370605,0.03181442061292753,obse,soup_scene1,50,old
808,3.5512828826904297,0.03176431221466927,obse,soup_scene1,50,old
809,3.555422782897949,0.03175516093075894,obse,soup_scene1,50,old
810,3.5596461296081543,0.0317089110473939,obse,soup_scene1,50,old
811,3.563778877258301,0.03169620747607638,obse,soup_scene1,50,old
812,3.567760944366455,0.0316510708843545,obse,soup_scene1,50,old
813,3.5717787742614746,0.0316510708843545,obse,soup_scene1,50,old
814,3.57592511177063,0.03160893695309432,obse,soup_scene1,50,old
815,3.5800716876983643,0.03160893695309432,obse,soup_scene1,50,old
816,3.5845162868499756,0.03153328256198896,obse,soup_scene1,50,old
817,3.5885744094848633,0.03150895373591448,obse,soup_scene1,50,old
818,3.5929477214813232,0.03142793248058866,obse,soup_scene1,50,old
819,3.597099781036377,0.03131290658847606,obse,soup_scene1,50,old
820,3.6017909049987793,0.03131290658847606,obse,soup_scene1,50,old
821,3.6074836254119873,0.03132174647698362,obse,soup_scene1,50,old
822,3.6116912364959717,0.03132174647698362,obse,soup_scene1,50,old
823,3.6161646842956543,0.0312177630232953,obse,soup_scene1,50,old
824,3.620236873626709,0.0312177630232953,obse,soup_scene1,50,old
825,3.624708890914917,0.031205877471730512,obse,soup_scene1,50,old
826,3.6289451122283936,0.031205877471730512,obse,soup_scene1,50,old
827,3.633331060409546,0.03113490685296754,obse,soup_scene1,50,old
828,3.6373138427734375,0.03113490685296754,obse,soup_scene1,50,old
829,3.6415963172912598,0.031084163679841705,obse,soup_scene1,50,old
830,3.645857810974121,0.031084163679841705,obse,soup_scene1,50,old
831,3.6501500606536865,0.03108966745016226,obse,soup_scene1,50,old
832,3.6542599201202393,0.03108966745016226,obse,soup_scene1,50,old
833,3.659010410308838,0.03093767505050902,obse,soup_scene1,50,old
834,3.664644718170166,0.03093767505050902,obse,soup_scene1,50,old
835,3.670163869857788,0.030931040618295488,obse,soup_scene1,50,old
836,3.675448179244995,0.030844989326316238,obse,soup_scene1,50,old
837,3.679483652114868,0.030844989326316238,obse,soup_scene1,50,old
838,3.6838786602020264,0.030525204678396024,obse,soup_scene1,50,old
839,3.688231945037842,0.03056619620642809,obse,soup_scene1,50,old
840,3.6927788257598877,0.030516469605555957,obse,soup_scene1,50,old
841,3.6969754695892334,0.030515531617312974,obse,soup_scene1,50,old
842,3.7011547088623047,0.030495229955931225,obse,soup_scene1,50,old
843,3.705559015274048,0.03049921787853524,obse,soup_scene1,50,old
844,3.7098467350006104,0.030397222194678324,obse,soup_scene1,50,old
845,3.714158535003662,0.030397222194678324,obse,soup_scene1,50,old
846,3.7185051441192627,0.030347314141681413,obse,soup_scene1,50,old
847,3.722862720489502,0.03027576473209138,obse,soup_scene1,50,old
848,3.727111577987671,0.03027576473209138,obse,soup_scene1,50,old
849,3.731374740600586,0.030200888373966988,obse,soup_scene1,50,old
850,3.735698699951172,0.030200888373966988,obse,soup_scene1,50,old
851,3.7398481369018555,0.030229145819438336,obse,soup_scene1,50,old
852,3.744208335876465,0.030161361438017,obse,soup_scene1,50,old
853,3.7487175464630127,0.03012462895257701,obse,soup_scene1,50,old
854,3.7530863285064697,0.03012462895257701,obse,soup_scene1,50,old
855,3.75750732421875,0.030101890545288966,obse,soup_scene1,50,old
856,3.7614269256591797,0.030101890545288966,obse,soup_scene1,50,old
857,3.7657952308654785,0.03003244188940115,obse,soup_scene1,50,old
858,3.7697412967681885,0.03003244188940115,obse,soup_scene1,50,old
859,3.7741148471832275,0.0300040219375367,obse,soup_scene1,50,old
860,3.778456449508667,0.0300040219375367,obse,soup_scene1,50,old
861,3.782860517501831,0.02995790630871025,obse,soup_scene1,50,old
862,3.7869343757629395,0.02995790630871025,obse,soup_scene1,50,old
863,3.7914068698883057,0.029921917513709092,obse,soup_scene1,50,old
864,3.795560598373413,0.029921917513709092,obse,soup_scene1,50,old
865,3.7997922897338867,0.029876084237859,obse,soup_scene1,50,old
866,3.8039755821228027,0.029876084237859,obse,soup_scene1,50,old
867,3.8084843158721924,0.029790156742236527,obse,soup_scene1,50,old
868,3.812607765197754,0.029790156742236527,obse,soup_scene1,50,old
869,3.817222833633423,0.029822662019498885,obse,soup_scene1,50,old
870,3.8214833736419678,0.029822662019498885,obse,soup_scene1,50,old
871,3.8260252475738525,0.029807715887890596,obse,soup_scene1,50,old
872,3.830090045928955,0.02976958227409934,obse,soup_scene1,50,old
873,3.8347129821777344,0.02972700786438645,obse,soup_scene1,50,old
874,3.8389477729797363,0.029720026495929225,obse,soup_scene1,50,old
875,3.8434736728668213,0.029700854454668673,obse,soup_scene1,50,old
876,3.8480637073516846,0.029709734375607564,obse,soup_scene1,50,old
877,3.8522708415985107,0.029709734375607564,obse,soup_scene1,50,old
878,3.856649160385132,0.02974053733491899,obse,soup_scene1,50,old
879,3.860703468322754,0.02974053733491899,obse,soup_scene1,50,old
880,3.865053415298462,0.029685450969504878,obse,soup_scene1,50,old
881,3.8692243099212646,0.029685450969504878,obse,soup_scene1,50,old
882,3.8734962940216064,0.02960623904159669,obse,soup_scene1,50,old
883,3.877727746963501,0.02960623904159669,obse,soup_scene1,50,old
884,3.8820362091064453,0.029588830664023093,obse,soup_scene1,50,old
885,3.886298179626465,0.029588830664023093,obse,soup_scene1,50,old
886,3.8906869888305664,0.029604319957387167,obse,soup_scene1,50,old
887,3.8947389125823975,0.029604319957387167,obse,soup_scene1,50,old
888,3.8992233276367188,0.029547847495002263,obse,soup_scene1,50,old
889,3.903181314468384,0.029547847495002263,obse,soup_scene1,50,old
890,3.907510280609131,0.029581622182219266,obse,soup_scene1,50,old
891,3.911532163619995,0.029581622182219266,obse,soup_scene1,50,old
892,3.9170658588409424,0.029596741281559636,obse,soup_scene1,50,old
893,3.9225218296051025,0.02965112115603517,obse,soup_scene1,50,old
894,3.9279563426971436,0.029661559002222504,obse,soup_scene1,50,old
895,3.932304859161377,0.029617181487059042,obse,soup_scene1,50,old
896,3.9374663829803467,0.029617181487059042,obse,soup_scene1,50,old
897,3.942605495452881,0.029530037752220937,obse,soup_scene1,50,old
898,3.946784019470215,0.02947501068444109,obse,soup_scene1,50,old
899,3.951322317123413,0.029450759446810925,obse,soup_scene1,50,old
900,3.955979347229004,0.029450759446810925,obse,soup_scene1,50,old
901,3.959942102432251,0.02953460461886782,obse,soup_scene1,50,old
902,3.9640822410583496,0.02953247332917568,obse,soup_scene1,50,old
903,3.968146324157715,0.029552895508845673,obse,soup_scene1,50,old
904,3.9722707271575928,0.02956085820834827,obse,soup_scene1,50,old
905,3.976789712905884,0.029570475715229163,obse,soup_scene1,50,old
906,3.9810216426849365,0.029587930687084246,obse,soup_scene1,50,old
907,3.985501766204834,0.029575286542358442,obse,soup_scene1,50,old
908,3.9898691177368164,0.02956788546225283,obse,soup_scene1,50,old
909,3.9944067001342773,0.02954898188710953,obse,soup_scene1,50,old
910,3.998929738998413,0.029609969431815892,obse,soup_scene1,50,old
911,4.003085613250732,0.029609969431815892,obse,soup_scene1,50,old
912,4.007644414901733,0.029588748617718354,obse,soup_scene1,50,old
913,4.011712312698364,0.029588748617718354,obse,soup_scene1,50,old
914,4.016523599624634,0.02959779638040995,obse,soup_scene1,50,old
915,4.020651817321777,0.02959779638040995,obse,soup_scene1,50,old
916,4.025319337844849,0.029661572545975515,obse,soup_scene1,50,old
917,4.029218673706055,0.029661572545975515,obse,soup_scene1,50,old
918,4.033525705337524,0.02961936072122155,obse,soup_scene1,50,old
919,4.037579298019409,0.02961936072122155,obse,soup_scene1,50,old
920,4.041896343231201,0.02967047961661324,obse,soup_scene1,50,old
921,4.046128273010254,0.02967047961661324,obse,soup_scene1,50,old
922,4.050663471221924,0.029686667166229898,obse,soup_scene1,50,old
923,4.054882049560547,0.029690863679376314,obse,soup_scene1,50,old
924,4.059227466583252,0.029702962746908698,obse,soup_scene1,50,old
925,4.063364267349243,0.029654427993733815,obse,soup_scene1,50,old
926,4.0678651332855225,0.029648796825745654,obse,soup_scene1,50,old
927,4.072050333023071,0.029664616672210355,obse,soup_scene1,50,old
928,4.0764055252075195,0.02968747604673496,obse,soup_scene1,50,old
929,4.0805745124816895,0.029667419954861524,obse,soup_scene1,50,old
930,4.0851030349731445,0.029710763565116052,obse,soup_scene1,50,old
931,4.089311361312866,0.029755687350665222,obse,soup_scene1,50,old
932,4.093696117401123,0.029755687350665222,obse,soup_scene1,50,old
933,4.097938060760498,0.029772613611700482,obse,soup_scene1,50,old
934,4.102092742919922,0.029805756658998907,obse,soup_scene1,50,old
935,4.10637640953064,0.029835432567578618,obse,soup_scene1,50,old
936,4.110860824584961,0.029835432567578618,obse,soup_scene1,50,old
937,4.1152260303497314,0.029854404823249633,obse,soup_scene1,50,old
938,4.119770050048828,0.029854404823249633,obse,soup_scene1,50,old
939,4.124121427536011,0.029828323009357893,obse,soup_scene1,50,old
940,4.128344774246216,0.029828323009357893,obse,soup_scene1,50,old
941,4.132606506347656,0.02985294469029809,obse,soup_scene1,50,old
942,4.136778116226196,0.02985294469029809,obse,soup_scene1,50,old
943,4.141098499298096,0.029905055736580265,obse,soup_scene1,50,old
944,4.145030736923218,0.029905055736580265,obse,soup_scene1,50,old
945,4.149380922317505,0.0299057364523675,obse,soup_scene1,50,old
946,4.153399705886841,0.0299094084107255,obse,soup_scene1,50,old
947,4.157819509506226,0.0299094084107255,obse,soup_scene1,50,old
948,4.16185998916626,0.02990144289489527,obse,soup_scene1,50,old
949,4.166195392608643,0.02990144289489527,obse,soup_scene1,50,old
950,4.1700522899627686,0.02990144289489527,obse,soup_scene1,50,old
951,4.174171686172485,0.029852985162972558,obse,soup_scene1,50,old
952,4.178156137466431,0.029852985162972558,obse,soup_scene1,50,old
953,4.1822285652160645,0.029902274993332117,obse,soup_scene1,50,old
954,4.186546802520752,0.029902274993332117,obse,soup_scene1,50,old
955,4.1908698081970215,0.029902274993332117,obse,soup_scene1,50,old
956,4.195030212402344,0.030029639827367356,obse,soup_scene1,50,old
957,4.199095249176025,0.030029639827367356,obse,soup_scene1,50,old
958,4.203078269958496,0.03000193376535773,obse,soup_scene1,50,old
959,4.207014083862305,0.03000193376535773,obse,soup_scene1,50,old
960,4.211274862289429,0.03006096738033954,obse,soup_scene1,50,old
961,4.215334177017212,0.03007216857548772,obse,soup_scene1,50,old
962,4.21952748298645,0.03007216857548772,obse,soup_scene1,50,old
963,4.223820447921753,0.030104525210304982,obse,soup_scene1,50,old
964,4.2280097007751465,0.030104525210304982,obse,soup_scene1,50,old
965,4.232106447219849,0.030104525210304982,obse,soup_scene1,50,old
966,4.2361533641815186,0.030104525210304982,obse,soup_scene1,50,old
967,4.240233421325684,0.03008358683154103,obse,soup_scene1,50,old
968,4.244429349899292,0.03008358683154103,obse,soup_scene1,50,old
969,4.248559474945068,0.03011949214870146,obse,soup_scene1,50,old
970,4.252650499343872,0.030147429311606137,obse,soup_scene1,50,old
971,4.257020473480225,0.030147429311606137,obse,soup_scene1,50,old
972,4.2611083984375,0.03016594398005573,obse,soup_scene1,50,old
973,4.265025854110718,0.03016594398005573,obse,soup_scene1,50,old
974,4.269313335418701,0.03019493292670009,obse,soup_scene1,50,old
975,4.273379802703857,0.03019493292670009,obse,soup_scene1,50,old
976,4.277605295181274,0.03019493292670009,obse,soup_scene1,50,old
977,4.28197455406189,0.030253114179964593,obse,soup_scene1,50,old
978,4.286728858947754,0.030274316713383147,obse,soup_scene1,50,old
979,4.2914252281188965,0.03037871849007875,obse,soup_scene1,50,old
980,4.296933889389038,0.030359702281127974,obse,soup_scene1,50,old
981,4.301566123962402,0.030418819490694415,obse,soup_scene1,50,old
982,4.3059165477752686,0.03048672133944631,obse,soup_scene1,50,old
983,4.310323476791382,0.030494711609479863,obse,soup_scene1,50,old
984,4.314674377441406,0.030501723428513088,obse,soup_scene1,50,old
985,4.31924033164978,0.03057610304993976,obse,soup_scene1,50,old
986,4.323732376098633,0.030590365240505662,obse,soup_scene1,50,old
987,4.328022241592407,0.030590365240505662,obse,soup_scene1,50,old
988,4.332652807235718,0.030602172417151526,obse,soup_scene1,50,old
989,4.336768388748169,0.030602172417151526,obse,soup_scene1,50,old
990,4.341042995452881,0.030638463732903604,obse,soup_scene1,50,old
991,4.345095872879028,0.030638463732903604,obse,soup_scene1,50,old
992,4.349420547485352,0.030679644036849033,obse,soup_scene1,50,old
993,4.353451490402222,0.030679644036849033,obse,soup_scene1,50,old
994,4.357909917831421,0.030723482336172243,obse,soup_scene1,50,old
995,4.361804485321045,0.030723482336172243,obse,soup_scene1,50,old
996,4.365980386734009,0.03071046259802257,obse,soup_scene1,50,old
997,4.369851589202881,0.03071046259802257,obse,soup_scene1,50,old
998,4.374388933181763,0.03081462798484303,obse,soup_scene1,50,old
999,4.378490924835205,0.03081462798484303,obse,soup_scene1,50,old
1000,4.382778167724609,0.03085229137939724,obse,soup_scene1,50,old
1001,4.387133598327637,0.03085229137939724,obse,soup_scene1,50,old
1002,4.39163613319397,0.030842097106116413,obse,soup_scene1,50,old
1003,4.395715713500977,0.030842097106116413,obse,soup_scene1,50,old
1004,4.400119066238403,0.030912934127544485,obse,soup_scene1,50,old
1005,4.404132843017578,0.030839046898807416,obse,soup_scene1,50,old
1006,4.408477067947388,0.03086118917309884,obse,soup_scene1,50,old
1007,4.412513971328735,0.03086118917309884,obse,soup_scene1,50,old
1008,4.416905403137207,0.03095073665304147,obse,soup_scene1,50,old
1009,4.421004056930542,0.03095073665304147,obse,soup_scene1,50,old
1010,4.425541400909424,0.031007849932031484,obse,soup_scene1,50,old
1011,4.429723262786865,0.031007849932031484,obse,soup_scene1,50,old
1012,4.4339306354522705,0.030794299280754573,obse,soup_scene1,50,old
1013,4.4392924308776855,0.030805767140873755,obse,soup_scene1,50,old
1014,4.443600654602051,0.031102149305122,obse,soup_scene1,50,old
1015,4.447741985321045,0.03078805216228159,obse,soup_scene1,50,old
1016,4.45185112953186,0.03078805216228159,obse,soup_scene1,50,old
1017,4.4561052322387695,0.030839116120570133,obse,soup_scene1,50,old
1018,4.460358619689941,0.030839116120570133,obse,soup_scene1,50,old
1019,4.464497327804565,0.030819053715335745,obse,soup_scene1,50,old
1020,4.46888542175293,0.030819053715335745,obse,soup_scene1,50,old
1021,4.473115921020508,0.030835290908527012,obse,soup_scene1,50,old
1022,4.477290630340576,0.030835290908527012,obse,soup_scene1,50,old
1023,4.481493711471558,0.030827205684077347,obse,soup_scene1,50,old
1024,4.485656976699829,0.030827205684077347,obse,soup_scene1,50,old
1025,4.490346670150757,0.03088867229531935,obse,soup_scene1,50,old
1026,4.494822263717651,0.03088867229531935,obse,soup_scene1,50,old
1027,4.4991371631622314,0.030904212468523325,obse,soup_scene1,50,old
1028,4.5031678676605225,0.030904212468523325,obse,soup_scene1,50,old
1029,4.507472038269043,0.030946375301698973,obse,soup_scene1,50,old
1030,4.511540174484253,0.030946375301698973,obse,soup_scene1,50,old
1031,4.515843868255615,0.03100855332667898,obse,soup_scene1,50,old
1032,4.5200135707855225,0.03100855332667898,obse,soup_scene1,50,old
1033,4.524250507354736,0.031047795966342644,obse,soup_scene1,50,old
1034,4.528513193130493,0.031047795966342644,obse,soup_scene1,50,old
1035,4.532806396484375,0.03100807389960508,obse,soup_scene1,50,old
1036,4.536912441253662,0.03100807389960508,obse,soup_scene1,50,old
1037,4.541072130203247,0.03107892542351644,obse,soup_scene1,50,old
1038,4.5450592041015625,0.03107892542351644,obse,soup_scene1,50,old
1039,4.549220085144043,0.03121773518729688,obse,soup_scene1,50,old
1040,4.553242921829224,0.03121773518729688,obse,soup_scene1,50,old
1041,4.5576019287109375,0.03121773518729688,obse,soup_scene1,50,old
1042,4.56188178062439,0.031180624573919475,obse,soup_scene1,50,old
1043,4.566065073013306,0.031180624573919475,obse,soup_scene1,50,old
1044,4.57023286819458,0.031180624573919475,obse,soup_scene1,50,old
1045,4.574789047241211,0.031209140850202724,obse,soup_scene1,50,old
1046,4.5807414054870605,0.031209140850202724,obse,soup_scene1,50,old
1047,4.5852415561676025,0.03138882181290097,obse,soup_scene1,50,old
1048,4.589723110198975,0.031512311694579534,obse,soup_scene1,50,old
1049,4.593674421310425,0.031512311694579534,obse,soup_scene1,50,old
1050,4.598124742507935,0.0315704870463768,obse,soup_scene1,50,old
1051,4.602224588394165,0.031568849564161255,obse,soup_scene1,50,old
1052,4.60623025894165,0.03159921032035004,obse,soup_scene1,50,old
1053,4.610504388809204,0.03159921032035004,obse,soup_scene1,50,old
1054,4.6148762702941895,0.03153409415340883,obse,soup_scene1,50,old
1055,4.619062662124634,0.03153409415340883,obse,soup_scene1,50,old
1056,4.623465299606323,0.03155250172716823,obse,soup_scene1,50,old
1057,4.628598213195801,0.031608815210292455,obse,soup_scene1,50,old
1058,4.632803916931152,0.031608815210292455,obse,soup_scene1,50,old
1059,4.636948585510254,0.031686309781854466,obse,soup_scene1,50,old
1060,4.641231536865234,0.0317123454083219,obse,soup_scene1,50,old
1061,4.645382404327393,0.0317123454083219,obse,soup_scene1,50,old
1062,4.649428844451904,0.0317123454083219,obse,soup_scene1,50,old
1063,4.654080390930176,0.03177682620979884,obse,soup_scene1,50,old
1064,4.658636808395386,0.03182012102675106,obse,soup_scene1,50,old
1065,4.662798881530762,0.031792726701307235,obse,soup_scene1,50,old
1066,4.667277574539185,0.031826000754687465,obse,soup_scene1,50,old
1067,4.671414613723755,0.031826000754687465,obse,soup_scene1,50,old
1068,4.675419569015503,0.03184057004362485,obse,soup_scene1,50,old
1069,4.679800033569336,0.03193686218975559,obse,soup_scene1,50,old
1070,4.684242248535156,0.03206181059744855,obse,soup_scene1,50,old
1071,4.688762426376343,0.03207832651737437,obse,soup_scene1,50,old
1072,4.693499803543091,0.03222346192951031,obse,soup_scene1,50,old
1073,4.698178291320801,0.03224666361130941,obse,soup_scene1,50,old
1074,4.702772617340088,0.03230943811794346,obse,soup_scene1,50,old
1075,4.707258224487305,0.03221694579473914,obse,soup_scene1,50,old
1076,4.71175742149353,0.032348751540735035,obse,soup_scene1,50,old
1077,4.716439485549927,0.032380827211169326,obse,soup_scene1,50,old
1078,4.721247673034668,0.032510883716129355,obse,soup_scene1,50,old
1079,4.725694894790649,0.03250947691756257,obse,soup_scene1,50,old
1080,4.7302515506744385,0.03251402950317788,obse,soup_scene1,50,old
1081,4.734578847885132,0.03255192746839709,obse,soup_scene1,50,old
1082,4.738896131515503,0.032532548564509114,obse,soup_scene1,50,old
1083,4.743115186691284,0.03258933988765466,obse,soup_scene1,50,old
1084,4.749946355819702,0.03268090987883771,obse,soup_scene1,50,old
1085,4.7559027671813965,0.03264402448190062,obse,soup_scene1,50,old
1086,4.761712074279785,0.032717446183847525,obse,soup_scene1,50,old
1087,4.767401218414307,0.03279046749551469,obse,soup_scene1,50,old
1088,4.772942781448364,0.03279046749551469,obse,soup_scene1,50,old
1089,4.7771430015563965,0.032893634290985456,obse,soup_scene1,50,old
1090,4.781240224838257,0.03290046145154829,obse,soup_scene1,50,old
1091,4.785813570022583,0.03290046145154829,obse,soup_scene1,50,old
1092,4.790250539779663,0.03301264424542091,obse,soup_scene1,50,old
1093,4.794617414474487,0.03301264424542091,obse,soup_scene1,50,old
1094,4.79889178276062,0.033088154825888,obse,soup_scene1,50,old
1095,4.80328106880188,0.033088154825888,obse,soup_scene1,50,old
1096,4.807497024536133,0.03313088609472493,obse,soup_scene1,50,old
1097,4.811838865280151,0.03313088609472493,obse,soup_scene1,50,old
1098,4.8164589405059814,0.03317009172502243,obse,soup_scene1,50,old
1099,4.82096266746521,0.03317009172502243,obse,soup_scene1,50,old
1100,4.825560569763184,0.033175868316476474,obse,soup_scene1,50,old
1101,4.829815864562988,0.033175868316476474,obse,soup_scene1,50,old
1102,4.834277868270874,0.03330544890276208,obse,soup_scene1,50,old
1103,4.838540554046631,0.03328657354300741,obse,soup_scene1,50,old
1104,4.842915296554565,0.03332838914896468,obse,soup_scene1,50,old
1105,4.846953630447388,0.03330183668865034,obse,soup_scene1,50,old
1106,4.851365327835083,0.03334333363186634,obse,soup_scene1,50,old
1107,4.855578899383545,0.03334333363186634,obse,soup_scene1,50,old
1108,4.860045909881592,0.03339581095900073,obse,soup_scene1,50,old
1109,4.8643035888671875,0.033380502546337336,obse,soup_scene1,50,old
1110,4.86862587928772,0.033380502546337336,obse,soup_scene1,50,old
1111,4.872812032699585,0.033492424987113696,obse,soup_scene1,50,old
1112,4.877046585083008,0.033492424987113696,obse,soup_scene1,50,old
1113,4.88123345375061,0.03350530247639704,obse,soup_scene1,50,old
1114,4.885424613952637,0.03350530247639704,obse,soup_scene1,50,old
1115,4.889638900756836,0.03350451018955574,obse,soup_scene1,50,old
1116,4.8941380977630615,0.03355022988380235,obse,soup_scene1,50,old
1117,4.898434638977051,0.0336837895830771,obse,soup_scene1,50,old
1118,4.902698755264282,0.0336837895830771,obse,soup_scene1,50,old
1119,4.907021522521973,0.033746132329896275,obse,soup_scene1,50,old
1120,4.911230802536011,0.033746132329896275,obse,soup_scene1,50,old
1121,4.915335178375244,0.03375825286953052,obse,soup_scene1,50,old
1122,4.919590473175049,0.03375825286953052,obse,soup_scene1,50,old
1123,4.923892021179199,0.03383829782795038,obse,soup_scene1,50,old
1124,4.92803430557251,0.03383829782795038,obse,soup_scene1,50,old
1125,4.932378768920898,0.03383815733977253,obse,soup_scene1,50,old
1126,4.936755418777466,0.03383815733977253,obse,soup_scene1,50,old
1127,4.941233158111572,0.03382748978689988,obse,soup_scene1,50,old
1128,4.945472240447998,0.03382748978689988,obse,soup_scene1,50,old
1129,4.94994592666626,0.03385849906990725,obse,soup_scene1,50,old
1130,4.95395827293396,0.03385849906990725,obse,soup_scene1,50,old
1131,4.958514451980591,0.03396240280865716,obse,soup_scene1,50,old
1132,4.962468385696411,0.03396240280865716,obse,soup_scene1,50,old
1133,4.966512680053711,0.03398263512649777,obse,soup_scene1,50,old
1134,4.970458745956421,0.03398263512649777,obse,soup_scene1,50,old
1135,4.974730730056763,0.03403611499255252,obse,soup_scene1,50,old
1136,4.978825092315674,0.03403611499255252,obse,soup_scene1,50,old
1137,4.9836585521698,0.03403285902611147,obse,soup_scene1,50,old
1138,4.987939834594727,0.03403285902611147,obse,soup_scene1,50,old
1139,4.992542743682861,0.03410918328110805,obse,soup_scene1,50,old
1140,4.9967896938323975,0.03415745421024567,obse,soup_scene1,50,old
1141,5.0012428760528564,0.03415745421024567,obse,soup_scene1,50,old
1142,5.00534725189209,0.03411893528106939,obse,soup_scene1,50,old
1143,5.010957479476929,0.034180879778932596,obse,soup_scene1,50,old
1144,5.0164313316345215,0.03418806972976289,obse,soup_scene1,50,old
1145,5.022271394729614,0.03408106195641781,obse,soup_scene1,50,old
1146,5.027973413467407,0.03408106195641781,obse,soup_scene1,50,old
1147,5.032904863357544,0.03430018629048891,obse,soup_scene1,50,old
1148,5.0368971824646,0.03430018629048891,obse,soup_scene1,50,old
1149,5.04140305519104,0.034244912336469986,obse,soup_scene1,50,old
1150,5.0457916259765625,0.034244912336469986,obse,soup_scene1,50,old
1151,5.050243139266968,0.0342233628834606,obse,soup_scene1,50,old
1152,5.054301977157593,0.0342233628834606,obse,soup_scene1,50,old
1153,5.058687448501587,0.03435787148927172,obse,soup_scene1,50,old
1154,5.062903881072998,0.03435787148927172,obse,soup_scene1,50,old
1155,5.067367315292358,0.03427986684367174,obse,soup_scene1,50,old
1156,5.071826219558716,0.03437202068722675,obse,soup_scene1,50,old
1157,5.076235294342041,0.03439912422338716,obse,soup_scene1,50,old
1158,5.0805957317352295,0.03433740870010626,obse,soup_scene1,50,old
1159,5.085034370422363,0.03437590718438434,obse,soup_scene1,50,old
1160,5.089214086532593,0.03439425442057567,obse,soup_scene1,50,old
1161,5.093782901763916,0.03442585483312953,obse,soup_scene1,50,old
1162,5.098016023635864,0.03447612331515718,obse,soup_scene1,50,old
1163,5.10245418548584,0.03447612331515718,obse,soup_scene1,50,old
1164,5.106750249862671,0.03450379384727409,obse,soup_scene1,50,old
1165,5.110933542251587,0.03450379384727409,obse,soup_scene1,50,old
1166,5.115128040313721,0.03455023725402886,obse,soup_scene1,50,old
1167,5.119334697723389,0.03455023725402886,obse,soup_scene1,50,old
1168,5.123754024505615,0.03455885195963767,obse,soup_scene1,50,old
1169,5.127850294113159,0.03455885195963767,obse,soup_scene1,50,old
1170,5.132214784622192,0.034603976332519056,obse,soup_scene1,50,old
1171,5.136423587799072,0.034603976332519056,obse,soup_scene1,50,old
1172,5.141203165054321,0.03466055737364161,obse,soup_scene1,50,old
1173,5.145209312438965,0.03466055737364161,obse,soup_scene1,50,old
1174,5.149467945098877,0.03469676969898341,obse,soup_scene1,50,old
1175,5.15357232093811,0.03469676969898341,obse,soup_scene1,50,old
1176,5.158094882965088,0.0346534603737826,obse,soup_scene1,50,old
1177,5.1620941162109375,0.0346534603737826,obse,soup_scene1,50,old
1178,5.166378021240234,0.03467327519585214,obse,soup_scene1,50,old
1179,5.170542240142822,0.03472543208083162,obse,soup_scene1,50,old
1180,5.1749107837677,0.03476938872584793,obse,soup_scene1,50,old
1181,5.179084777832031,0.03476938872584793,obse,soup_scene1,50,old
1182,5.183465242385864,0.03482484409965594,obse,soup_scene1,50,old
1183,5.187497138977051,0.03482484409965594,obse,soup_scene1,50,old
1184,5.191976070404053,0.03486755785708374,obse,soup_scene1,50,old
1185,5.1962807178497314,0.034858581655302326,obse,soup_scene1,50,old
1186,5.200650691986084,0.03489964402924993,obse,soup_scene1,50,old
1187,5.204858064651489,0.03495694528798321,obse,soup_scene1,50,old
1188,5.209237575531006,0.03498229015205408,obse,soup_scene1,50,old
1189,5.213462829589844,0.03490447548922495,obse,soup_scene1,50,old
1190,5.2176899909973145,0.034929310415133974,obse,soup_scene1,50,old
1191,5.221956014633179,0.034944180821783015,obse,soup_scene1,50,old
1192,5.2263877391815186,0.03496688735652898,obse,soup_scene1,50,old
1193,5.230534076690674,0.03505346016111682,obse,soup_scene1,50,old
1194,5.234807014465332,0.03505346016111682,obse,soup_scene1,50,old
1195,5.239180564880371,0.03457018653829066,obse,soup_scene1,50,old
1196,5.243638515472412,0.03457018653829066,obse,soup_scene1,50,old
1197,5.24791145324707,0.03463918856515469,obse,soup_scene1,50,old
1198,5.252298355102539,0.03463918856515469,obse,soup_scene1,50,old
1199,5.256637811660767,0.03465330030389694,obse,soup_scene1,50,old
1200,5.260886192321777,0.03465330030389694,obse,soup_scene1,50,old
1201,5.265071868896484,0.03466035882977784,obse,soup_scene1,50,old
1202,5.269566535949707,0.03466035882977784,obse,soup_scene1,50,old
1203,5.274056673049927,0.034757314852821526,obse,soup_scene1,50,old
1204,5.278400897979736,0.034757314852821526,obse,soup_scene1,50,old
1205,5.2828614711761475,0.034688484838323694,obse,soup_scene1,50,old
1206,5.287872076034546,0.034688484838323694,obse,soup_scene1,50,old
1207,5.292117118835449,0.03535071890186375,obse,soup_scene1,50,old
1208,5.2962870597839355,0.03535071890186375,obse,soup_scene1,50,old
1209,5.300508499145508,0.035480112294326974,obse,soup_scene1,50,old
1210,5.304600238800049,0.035480112294326974,obse,soup_scene1,50,old
1211,5.3088555335998535,0.03546046070482723,obse,soup_scene1,50,old
1212,5.312928915023804,0.03546046070482723,obse,soup_scene1,50,old
1213,5.317246198654175,0.03528840134331746,obse,soup_scene1,50,old
1214,5.32155966758728,0.035360968659254685,obse,soup_scene1,50,old
1215,5.326011657714844,0.03538319247574557,obse,soup_scene1,50,old
1216,5.330113649368286,0.03538982709177718,obse,soup_scene1,50,old
1217,5.334463119506836,0.03539390040118491,obse,soup_scene1,50,old
1218,5.338609457015991,0.035258598444268464,obse,soup_scene1,50,old
1219,5.342865467071533,0.03527943453067144,obse,soup_scene1,50,old
1220,5.34697699546814,0.03527943453067144,obse,soup_scene1,50,old
1221,5.351070165634155,0.035511704264555556,obse,soup_scene1,50,old
1222,5.355337142944336,0.035511704264555556,obse,soup_scene1,50,old
1223,5.359734773635864,0.0353996452316366,obse,soup_scene1,50,old
1224,5.363798141479492,0.0354221645460298,obse,soup_scene1,50,old
1225,5.368001699447632,0.0354221645460298,obse,soup_scene1,50,old
1226,5.3722991943359375,0.03544735025327911,obse,soup_scene1,50,old
1227,5.376686334609985,0.035456831762356596,obse,soup_scene1,50,old
1228,5.38114333152771,0.03538805792477299,obse,soup_scene1,50,old
1229,5.385377645492554,0.035390251863553546,obse,soup_scene1,50,old
1230,5.390020132064819,0.035390251863553546,obse,soup_scene1,50,old
1231,5.394081354141235,0.035390251863553546,obse,soup_scene1,50,old
1232,5.398436546325684,0.03539213675439933,obse,soup_scene1,50,old
1233,5.4025328159332275,0.03539213675439933,obse,soup_scene1,50,old
1234,5.406765699386597,0.035440013884641915,obse,soup_scene1,50,old
1235,5.4107444286346436,0.035440013884641915,obse,soup_scene1,50,old
1236,5.41519570350647,0.03538271406492575,obse,soup_scene1,50,old
1237,5.419353723526001,0.035399074399157786,obse,soup_scene1,50,old
1238,5.4235007762908936,0.035399074399157786,obse,soup_scene1,50,old
1239,5.427781105041504,0.03551063482516272,obse,soup_scene1,50,old
1240,5.43180775642395,0.03551063482516272,obse,soup_scene1,50,old
1241,5.435953617095947,0.03537320607534582,obse,soup_scene1,50,old
1242,5.440101385116577,0.03538444506876568,obse,soup_scene1,50,old
1243,5.444628953933716,0.03538444506876568,obse,soup_scene1,50,old
1244,5.44871973991394,0.03544699994401625,obse,soup_scene1,50,old
1245,5.452892303466797,0.03543369415237828,obse,soup_scene1,50,old
1246,5.456995964050293,0.03543369415237828,obse,soup_scene1,50,old
1247,5.461036443710327,0.03545003740656098,obse,soup_scene1,50,old
1248,5.465294361114502,0.035465220705555175,obse,soup_scene1,50,old
1249,5.469397783279419,0.035465220705555175,obse,soup_scene1,50,old
1250,5.4736714363098145,0.03552013661242062,obse,soup_scene1,50,old
1251,5.477652549743652,0.03551090885257217,obse,soup_scene1,50,old
1252,5.481707811355591,0.03551090885257217,obse,soup_scene1,50,old
1253,5.486036539077759,0.035463449044472774,obse,soup_scene1,50,old
1254,5.490561485290527,0.03551418013876479,obse,soup_scene1,50,old
1255,5.494905471801758,0.03543491214380156,obse,soup_scene1,50,old
1256,5.499253511428833,0.03539583826384636,obse,soup_scene1,50,old
1257,5.503663063049316,0.035532802389386955,obse,soup_scene1,50,old
1258,5.5080530643463135,0.03540328210078308,obse,soup_scene1,50,old
1259,5.512382507324219,0.03548849970712854,obse,soup_scene1,50,old
1260,5.5168797969818115,0.03541323371405939,obse,soup_scene1,50,old
1261,5.521601676940918,0.03540140435676032,obse,soup_scene1,50,old
1262,5.526108264923096,0.03548442948370778,obse,soup_scene1,50,old
1263,5.530645132064819,0.03547455386590139,obse,soup_scene1,50,old
1264,5.534937143325806,0.03540162650149906,obse,soup_scene1,50,old
1265,5.539067983627319,0.03540162650149906,obse,soup_scene1,50,old
1266,5.543384313583374,0.035425486878822555,obse,soup_scene1,50,old
1267,5.547611713409424,0.03539227788041536,obse,soup_scene1,50,old
1268,5.551909446716309,0.03539227788041536,obse,soup_scene1,50,old
1269,5.556218385696411,0.03542748288855442,obse,soup_scene1,50,old
1270,5.560144901275635,0.03542748288855442,obse,soup_scene1,50,old
1271,5.564361333847046,0.03544973973299273,obse,soup_scene1,50,old
1272,5.568352699279785,0.03544379880407427,obse,soup_scene1,50,old
1273,5.572550535202026,0.035438673258248156,obse,soup_scene1,50,old
1274,5.576829195022583,0.035438673258248156,obse,soup_scene1,50,old
1275,5.581078767776489,0.03555410892395753,obse,soup_scene1,50,old
1276,5.585504055023193,0.03555410892395753,obse,soup_scene1,50,old
1277,5.589892625808716,0.03540388447911379,obse,soup_scene1,50,old
1278,5.594202995300293,0.03540388447911379,obse,soup_scene1,50,old
1279,5.598680257797241,0.035442692749932884,obse,soup_scene1,50,old
1280,5.602830410003662,0.035442692749932884,obse,soup_scene1,50,old
1281,5.60716700553894,0.03536853776856419,obse,soup_scene1,50,old
1282,5.611632823944092,0.03536853776856419,obse,soup_scene1,50,old
1283,5.616173028945923,0.035397257703390084,obse,soup_scene1,50,old
1284,5.620212078094482,0.035397257703390084,obse,soup_scene1,50,old
1285,5.624611854553223,0.035453578459371304,obse,soup_scene1,50,old
1286,5.6286680698394775,0.035453578459371304,obse,soup_scene1,50,old
1287,5.632896661758423,0.03543435775529344,obse,soup_scene1,50,old
1288,5.636923789978027,0.03543435775529344,obse,soup_scene1,50,old
1289,5.641361951828003,0.03549297799061929,obse,soup_scene1,50,old
1290,5.645496368408203,0.03549297799061929,obse,soup_scene1,50,old
1291,5.6500232219696045,0.035443605797378964,obse,soup_scene1,50,old
1292,5.654300928115845,0.035443605797378964,obse,soup_scene1,50,old
1293,5.660634994506836,0.03548950386609588,obse,soup_scene1,50,old
1294,5.666598320007324,0.03555120920974074,obse,soup_scene1,50,old
1295,5.67153000831604,0.03509286048511901,obse,soup_scene1,50,old
1296,5.676175594329834,0.03509286048511901,obse,soup_scene1,50,old
1297,5.68037748336792,0.03509286048511901,obse,soup_scene1,50,old
1298,5.685194969177246,0.03517773813111942,obse,soup_scene1,50,old
1299,5.689476251602173,0.03526389467497056,obse,soup_scene1,50,old
1300,5.693888425827026,0.03526389467497056,obse,soup_scene1,50,old
1301,5.698066711425781,0.03537479674417396,obse,soup_scene1,50,old
1302,5.70232629776001,0.03537479674417396,obse,soup_scene1,50,old
1303,5.706587314605713,0.03606253599377318,obse,soup_scene1,50,old
1304,5.7108378410339355,0.03606253599377318,obse,soup_scene1,50,old
1305,5.715250253677368,0.03607999530328413,obse,soup_scene1,50,old
1306,5.719510078430176,0.03607999530328413,obse,soup_scene1,50,old
1307,5.723889112472534,0.03618139235219056,obse,soup_scene1,50,old
1308,5.728074312210083,0.03618139235219056,obse,soup_scene1,50,old
1309,5.732623815536499,0.0362561028498065,obse,soup_scene1,50,old
1310,5.7367844581604,0.0362561028498065,obse,soup_scene1,50,old
1311,5.7412426471710205,0.03648050266021974,obse,soup_scene1,50,old
1312,5.745545864105225,0.03648050266021974,obse,soup_scene1,50,old
1313,5.749679803848267,0.036403896160449485,obse,soup_scene1,50,old
1314,5.754018068313599,0.03586537709996476,obse,soup_scene1,50,old
1315,5.7583067417144775,0.03586537709996476,obse,soup_scene1,50,old
1316,5.762429237365723,0.03580785389630516,obse,soup_scene1,50,old
1317,5.766443252563477,0.03590620374634361,obse,soup_scene1,50,old
1318,5.770387172698975,0.03590620374634361,obse,soup_scene1,50,old
1319,5.77498722076416,0.03598309857968124,obse,soup_scene1,50,old
1320,5.779011011123657,0.03606396098733185,obse,soup_scene1,50,old
1321,5.783156633377075,0.036041511644063724,obse,soup_scene1,50,old
1322,5.787802696228027,0.03657762851758496,obse,soup_scene1,50,old
1323,5.792039632797241,0.03657762851758496,obse,soup_scene1,50,old
1324,5.796300649642944,0.036604631340475154,obse,soup_scene1,50,old
1325,5.8003621101379395,0.036604631340475154,obse,soup_scene1,50,old
1326,5.804566144943237,0.036604631340475154,obse,soup_scene1,50,old
1327,5.808645963668823,0.036642565671678784,obse,soup_scene1,50,old
1328,5.812920331954956,0.036260372404309134,obse,soup_scene1,50,old
1329,5.816974878311157,0.036260372404309134,obse,soup_scene1,50,old
1330,5.8213417530059814,0.036336835447306315,obse,soup_scene1,50,old
1331,5.825574159622192,0.036336835447306315,obse,soup_scene1,50,old
1332,5.82982873916626,0.03626515733013576,obse,soup_scene1,50,old
1333,5.833870887756348,0.036340092509885055,obse,soup_scene1,50,old
1334,5.838025331497192,0.036340092509885055,obse,soup_scene1,50,old
1335,5.842097520828247,0.036340092509885055,obse,soup_scene1,50,old
1336,5.846481800079346,0.036935955055027746,obse,soup_scene1,50,old
1337,5.850417137145996,0.036935955055027746,obse,soup_scene1,50,old
1338,5.854812383651733,0.03693958361319074,obse,soup_scene1,50,old
1339,5.859038352966309,0.0370406561783782,obse,soup_scene1,50,old
1340,5.863358974456787,0.03697921385891598,obse,soup_scene1,50,old
1341,5.867717266082764,0.03703632075432793,obse,soup_scene1,50,old
1342,5.87178635597229,0.03703632075432793,obse,soup_scene1,50,old
1343,5.875789642333984,0.03703632075432793,obse,soup_scene1,50,old
1344,5.8800694942474365,0.03709067010087128,obse,soup_scene1,50,old
1345,5.884672164916992,0.0366229574827575,obse,soup_scene1,50,old
1346,5.889063358306885,0.036723566246102846,obse,soup_scene1,50,old
1347,5.8935160636901855,0.036868020488611285,obse,soup_scene1,50,old
1348,5.897936105728149,0.03695027455986399,obse,soup_scene1,50,old
1349,5.902360439300537,0.03712916446341981,obse,soup_scene1,50,old
1350,5.906969308853149,0.03713271143776715,obse,soup_scene1,50,old
1351,5.911353349685669,0.03713271143776715,obse,soup_scene1,50,old
1352,5.916132688522339,0.03729681539820232,obse,soup_scene1,50,old
1353,5.920552968978882,0.03735111485685782,obse,soup_scene1,50,old
1354,5.925570011138916,0.037454919510880515,obse,soup_scene1,50,old
1355,5.930049419403076,0.038027685493077154,obse,soup_scene1,50,old
1356,5.934391975402832,0.03761452357908795,obse,soup_scene1,50,old
1357,5.938918590545654,0.03764316389263603,obse,soup_scene1,50,old
1358,5.943157911300659,0.03769658823538894,obse,soup_scene1,50,old
1359,5.947423696517944,0.03769658823538894,obse,soup_scene1,50,old
1360,5.951662540435791,0.03786212090708309,obse,soup_scene1,50,old
1361,5.956069231033325,0.037863577268779466,obse,soup_scene1,50,old
1362,5.960580825805664,0.03794459090647189,obse,soup_scene1,50,old
1363,5.964892387390137,0.03809264270661868,obse,soup_scene1,50,old
1364,5.969125032424927,0.03809264270661868,obse,soup_scene1,50,old
1365,5.9735400676727295,0.038168242011446474,obse,soup_scene1,50,old
1366,5.97772741317749,0.038168242011446474,obse,soup_scene1,50,old
1367,5.981959581375122,0.038225893098785484,obse,soup_scene1,50,old
1368,5.986172676086426,0.038225893098785484,obse,soup_scene1,50,old
1369,5.990683555603027,0.03826007621476731,obse,soup_scene1,50,old
1370,5.994887590408325,0.03826007621476731,obse,soup_scene1,50,old
1371,5.99936842918396,0.03850101230669374,obse,soup_scene1,50,old
1372,6.003534555435181,0.03850101230669374,obse,soup_scene1,50,old
1373,6.007999658584595,0.03903008179343185,obse,soup_scene1,50,old
1374,6.012245178222656,0.03903008179343185,obse,soup_scene1,50,old
1375,6.016613006591797,0.03900194756396655,obse,soup_scene1,50,old
1376,6.020712852478027,0.03900194756396655,obse,soup_scene1,50,old
1377,6.025296926498413,0.03914248218753181,obse,soup_scene1,50,old
1378,6.0294716358184814,0.03914248218753181,obse,soup_scene1,50,old
1379,6.033791780471802,0.039336514085873485,obse,soup_scene1,50,old
1380,6.0379791259765625,0.039336514085873485,obse,soup_scene1,50,old
1381,6.042345762252808,0.03947956427328005,obse,soup_scene1,50,old
1382,6.046513795852661,0.03947956427328005,obse,soup_scene1,50,old
1383,6.050938129425049,0.039494057170660915,obse,soup_scene1,50,old
1384,6.055071592330933,0.03955572596991398,obse,soup_scene1,50,old
1385,6.059484958648682,0.03975966869143543,obse,soup_scene1,50,old
1386,6.063739061355591,0.03967933046387081,obse,soup_scene1,50,old
1387,6.0681281089782715,0.03919732752408311,obse,soup_scene1,50,old
1388,6.072423696517944,0.039106808102452824,obse,soup_scene1,50,old
1389,6.076735496520996,0.03922398381981903,obse,soup_scene1,50,old
1390,6.080949306488037,0.039402085717423416,obse,soup_scene1,50,old
1391,6.0852720737457275,0.03952390071194513,obse,soup_scene1,50,old
1392,6.0895915031433105,0.03944084744701757,obse,soup_scene1,50,old
1393,6.09405779838562,0.039566892895055876,obse,soup_scene1,50,old
1394,6.098291635513306,0.04022016602535092,obse,soup_scene1,50,old
1395,6.102501153945923,0.04022016602535092,obse,soup_scene1,50,old
1396,6.106757640838623,0.04032092339390709,obse,soup_scene1,50,old
1397,6.110927104949951,0.04032092339390709,obse,soup_scene1,50,old
1398,6.1151628494262695,0.03993111082184866,obse,soup_scene1,50,old
1399,6.119487047195435,0.03993111082184866,obse,soup_scene1,50,old
1400,6.12392783164978,0.040535547626407285,obse,soup_scene1,50,old
1401,6.128216981887817,0.040535547626407285,obse,soup_scene1,50,old
1402,6.1325013637542725,0.040640952385769244,obse,soup_scene1,50,old
1403,6.136685848236084,0.040640952385769244,obse,soup_scene1,50,old
1404,6.141084909439087,0.040624424964489925,obse,soup_scene1,50,old
1405,6.145081996917725,0.040624424964489925,obse,soup_scene1,50,old
1406,6.149509906768799,0.04088728590767676,obse,soup_scene1,50,old
1407,6.153619050979614,0.04088728590767676,obse,soup_scene1,50,old
1408,6.158196687698364,0.04103528157919057,obse,soup_scene1,50,old
1409,6.16246223449707,0.04103528157919057,obse,soup_scene1,50,old
1410,6.166799545288086,0.0411743197988037,obse,soup_scene1,50,old
1411,6.170923948287964,0.0411743197988037,obse,soup_scene1,50,old
1412,6.175272226333618,0.041202369373690234,obse,soup_scene1,50,old
1413,6.179477214813232,0.04112632688951078,obse,soup_scene1,50,old
1414,6.183747053146362,0.041217296012218324,obse,soup_scene1,50,old
1415,6.18802547454834,0.041217296012218324,obse,soup_scene1,50,old
1416,6.19237208366394,0.03989144837405605,obse,soup_scene1,50,old
1417,6.196622610092163,0.03989144837405605,obse,soup_scene1,50,old
1418,6.2011425495147705,0.04144450092419886,obse,soup_scene1,50,old
1419,6.205350637435913,0.0416485586977847,obse,soup_scene1,50,old
1420,6.209622144699097,0.0416485586977847,obse,soup_scene1,50,old
1421,6.213898658752441,0.04175805033917026,obse,soup_scene1,50,old
1422,6.21817946434021,0.04188540337000462,obse,soup_scene1,50,old
1423,6.222494602203369,0.04192079814204816,obse,soup_scene1,50,old
1424,6.226720333099365,0.04192079814204816,obse,soup_scene1,50,old
1425,6.23096489906311,0.042146507761054997,obse,soup_scene1,50,old
1426,6.235069513320923,0.042146507761054997,obse,soup_scene1,50,old
1427,6.239380121231079,0.04219026093760275,obse,soup_scene1,50,old
1428,6.243582010269165,0.04219026093760275,obse,soup_scene1,50,old
1429,6.247981071472168,0.042439864043166894,obse,soup_scene1,50,old
1430,6.252529859542847,0.042439864043166894,obse,soup_scene1,50,old
1431,6.25677227973938,0.04252458185104101,obse,soup_scene1,50,old
1432,6.260915279388428,0.04252458185104101,obse,soup_scene1,50,old
1433,6.265354633331299,0.04266072272096332,obse,soup_scene1,50,old
1434,6.269613265991211,0.04266072272096332,obse,soup_scene1,50,old
1435,6.2738196849823,0.042802902810191376,obse,soup_scene1,50,old
1436,6.277970552444458,0.042802902810191376,obse,soup_scene1,50,old
1437,6.282243251800537,0.04274659919181844,obse,soup_scene1,50,old
1438,6.286304950714111,0.04274659919181844,obse,soup_scene1,50,old
1439,6.290848731994629,0.04300688163911587,obse,soup_scene1,50,old
1440,6.294987678527832,0.04300688163911587,obse,soup_scene1,50,old
1441,6.299345016479492,0.04315655136771321,obse,soup_scene1,50,old
1442,6.303502559661865,0.04315655136771321,obse,soup_scene1,50,old
1443,6.307905912399292,0.04329845654287861,obse,soup_scene1,50,old
1444,6.312009811401367,0.04329845654287861,obse,soup_scene1,50,old
1445,6.316501140594482,0.04341146749667147,obse,soup_scene1,50,old
1446,6.321059703826904,0.04341146749667147,obse,soup_scene1,50,old
1447,6.325538635253906,0.043530356273838215,obse,soup_scene1,50,old
1448,6.330546140670776,0.04364595344162484,obse,soup_scene1,50,old
1449,6.335133075714111,0.04364595344162484,obse,soup_scene1,50,old
1450,6.33940577507019,0.043625160516056236,obse,soup_scene1,50,old
1451,6.343682765960693,0.04379615308430725,obse,soup_scene1,50,old
1452,6.3480401039123535,0.04402225692708946,obse,soup_scene1,50,old
1453,6.352257013320923,0.04402225692708946,obse,soup_scene1,50,old
1454,6.356874942779541,0.044113249532314464,obse,soup_scene1,50,old
1455,6.36094331741333,0.044113249532314464,obse,soup_scene1,50,old
1456,6.365118980407715,0.04480507901149158,obse,soup_scene1,50,old
1457,6.369234323501587,0.04480507901149158,obse,soup_scene1,50,old
1458,6.373444080352783,0.04422974475499486,obse,soup_scene1,50,old
1459,6.377546787261963,0.04422974475499486,obse,soup_scene1,50,old
1460,6.381758451461792,0.044445559809580454,obse,soup_scene1,50,old
1461,6.386326551437378,0.044445559809580454,obse,soup_scene1,50,old
1462,6.3909711837768555,0.04468544896934197,obse,soup_scene1,50,old
1463,6.395429611206055,0.044572616716294707,obse,soup_scene1,50,old
1464,6.400143384933472,0.045434019156689945,obse,soup_scene1,50,old
1465,6.404533386230469,0.045434019156689945,obse,soup_scene1,50,old
1466,6.409225702285767,0.04525383769536285,obse,soup_scene1,50,old
1467,6.413350820541382,0.04455456461253257,obse,soup_scene1,50,old
1468,6.418094873428345,0.044759687406093436,obse,soup_scene1,50,old
1469,6.422813653945923,0.044788222314475996,obse,soup_scene1,50,old
1470,6.427155017852783,0.044982407812113365,obse,soup_scene1,50,old
1471,6.431539535522461,0.04509977543212221,obse,soup_scene1,50,old
1472,6.4357216358184814,0.04509977543212221,obse,soup_scene1,50,old
1473,6.440168380737305,0.04520624964258224,obse,soup_scene1,50,old
1474,6.444272518157959,0.04520624964258224,obse,soup_scene1,50,old
1475,6.448715448379517,0.04543502697284711,obse,soup_scene1,50,old
1476,6.452716112136841,0.04543502697284711,obse,soup_scene1,50,old
1477,6.457127332687378,0.045610466944471295,obse,soup_scene1,50,old
1478,6.461268424987793,0.045610466944471295,obse,soup_scene1,50,old
1479,6.465682744979858,0.04578080754975882,obse,soup_scene1,50,old
1480,6.469982624053955,0.04578080754975882,obse,soup_scene1,50,old
1481,6.474412441253662,0.045981517296041136,obse,soup_scene1,50,old
1482,6.478509187698364,0.045981517296041136,obse,soup_scene1,50,old
1483,6.483137845993042,0.04619640494140052,obse,soup_scene1,50,old
1484,6.487171649932861,0.04619640494140052,obse,soup_scene1,50,old
1485,6.4916980266571045,0.04626259431823537,obse,soup_scene1,50,old
1486,6.4959070682525635,0.046472548665424135,obse,soup_scene1,50,old
1487,6.5004799365997314,0.04656214840685859,obse,soup_scene1,50,old
1488,6.504867315292358,0.04646438167571856,obse,soup_scene1,50,old
1489,6.50956654548645,0.04674615189527404,obse,soup_scene1,50,old
1490,6.5138938426971436,0.04673652981930261,obse,soup_scene1,50,old
1491,6.518443822860718,0.04686914574051917,obse,soup_scene1,50,old
1492,6.522781848907471,0.04701800480042546,obse,soup_scene1,50,old
1493,6.527275562286377,0.04701800480042546,obse,soup_scene1,50,old
1494,6.531670093536377,0.0471931537899572,obse,soup_scene1,50,old
1495,6.536235570907593,0.0471931537899572,obse,soup_scene1,50,old
1496,6.540719747543335,0.04742850078451098,obse,soup_scene1,50,old
1497,6.544864654541016,0.04742850078451098,obse,soup_scene1,50,old
1498,6.5489277839660645,0.04742850078451098,obse,soup_scene1,50,old
1499,6.553125381469727,0.04761064720136839,obse,soup_scene1,50,old
1500,6.557503700256348,0.04761064720136839,obse,soup_scene1,50,old
1501,6.561963081359863,0.04759486033639224,obse,soup_scene1,50,old
1502,6.565972328186035,0.04759486033639224,obse,soup_scene1,50,old
1503,6.570620536804199,0.04780322092796158,obse,soup_scene1,50,old
1504,6.574940204620361,0.04791365668012839,obse,soup_scene1,50,old
1505,6.579749345779419,0.04803805705943999,obse,soup_scene1,50,old
1506,6.584211111068726,0.04793832363881247,obse,soup_scene1,50,old
1507,6.588397026062012,0.04817540977510693,obse,soup_scene1,50,old
1508,6.592743873596191,0.04827492814755735,obse,soup_scene1,50,old
1509,6.596989154815674,0.04848778649474139,obse,soup_scene1,50,old
1510,6.601103067398071,0.04848778649474139,obse,soup_scene1,50,old
1511,6.605408668518066,0.048701081544939406,obse,soup_scene1,50,old
1512,6.609765529632568,0.048701081544939406,obse,soup_scene1,50,old
1513,6.614071607589722,0.04889421075930904,obse,soup_scene1,50,old
1514,6.618175745010376,0.04889421075930904,obse,soup_scene1,50,old
1515,6.622459173202515,0.04888005412356494,obse,soup_scene1,50,old
1516,6.626630783081055,0.04910198368911581,obse,soup_scene1,50,old
1517,6.630728721618652,0.04910198368911581,obse,soup_scene1,50,old
1518,6.6350016593933105,0.04910198368911581,obse,soup_scene1,50,old
1519,6.639458417892456,0.04934231847905963,obse,soup_scene1,50,old
1520,6.643817663192749,0.04934231847905963,obse,soup_scene1,50,old
1521,6.648019075393677,0.049434327258653384,obse,soup_scene1,50,old
1522,6.652342081069946,0.049434327258653384,obse,soup_scene1,50,old
1523,6.656736373901367,0.049434327258653384,obse,soup_scene1,50,old
1524,6.66136360168457,0.04947765670573864,obse,soup_scene1,50,old
1525,6.6657843589782715,0.04970463026408565,obse,soup_scene1,50,old
1526,6.670243501663208,0.04990857415963172,obse,soup_scene1,50,old
1527,6.674354791641235,0.04990857415963172,obse,soup_scene1,50,old
1528,6.6784703731536865,0.04990857415963172,obse,soup_scene1,50,old
1529,6.684102535247803,0.05020721951851288,obse,soup_scene1,50,old
1530,6.690031290054321,0.05049106688712542,obse,soup_scene1,50,old
1531,6.696004152297974,0.050670642112284274,obse,soup_scene1,50,old
1532,6.701858282089233,0.051227415019539875,obse,soup_scene1,50,old
1533,6.707642078399658,0.05132228111344511,obse,soup_scene1,50,old
1534,6.713397026062012,0.05163202977122749,obse,soup_scene1,50,old
1535,6.719208717346191,0.051739334054369444,obse,soup_scene1,50,old
1536,6.7251622676849365,0.052151043360078024,obse,soup_scene1,50,old
1537,6.730985164642334,0.052236590767091674,obse,soup_scene1,50,old
1538,6.736865997314453,0.05245663918474113,obse,soup_scene1,50,old
1539,6.742604970932007,0.052821816843728046,obse,soup_scene1,50,old
1540,6.747786521911621,0.05289226468629266,obse,soup_scene1,50,old
1541,6.752075910568237,0.05289226468629266,obse,soup_scene1,50,old
1542,6.7563862800598145,0.05314001757034975,obse,soup_scene1,50,old
1543,6.7607011795043945,0.05314001757034975,obse,soup_scene1,50,old
1544,6.7650251388549805,0.05338027341010295,obse,soup_scene1,50,old
1545,6.769362688064575,0.05338027341010295,obse,soup_scene1,50,old
1546,6.773756742477417,0.05357276012310788,obse,soup_scene1,50,old
1547,6.777954578399658,0.05357276012310788,obse,soup_scene1,50,old
1548,6.782197713851929,0.05394787499204251,obse,soup_scene1,50,old
1549,6.786414384841919,0.05394787499204251,obse,soup_scene1,50,old
1550,6.790979385375977,0.053786664330032034,obse,soup_scene1,50,old
1551,6.795050621032715,0.053786664330032034,obse,soup_scene1,50,old
1552,6.799299955368042,0.054127477652513765,obse,soup_scene1,50,old
1553,6.803466796875,0.054127477652513765,obse,soup_scene1,50,old
1554,6.80781102180481,0.05431352160723395,obse,soup_scene1,50,old
1555,6.812053918838501,0.05431352160723395,obse,soup_scene1,50,old
1556,6.816592693328857,0.05461958284280259,obse,soup_scene1,50,old
1557,6.820859909057617,0.05461958284280259,obse,soup_scene1,50,old
1558,6.825464248657227,0.05471417449603221,obse,soup_scene1,50,old
1559,6.8296449184417725,0.05471417449603221,obse,soup_scene1,50,old
1560,6.834193229675293,0.055148862045594715,obse,soup_scene1,50,old
1561,6.838498830795288,0.055174441730890186,obse,soup_scene1,50,old
1562,6.842888832092285,0.055174441730890186,obse,soup_scene1,50,old
1563,6.847144603729248,0.05536894786073109,obse,soup_scene1,50,old
1564,6.851566314697266,0.05536894786073109,obse,soup_scene1,50,old
1565,6.8558189868927,0.05555748144710155,obse,soup_scene1,50,old
1566,6.860247373580933,0.055743200465344644,obse,soup_scene1,50,old
1567,6.864592552185059,0.05581353173148451,obse,soup_scene1,50,old
1568,6.868811130523682,0.05581353173148451,obse,soup_scene1,50,old
1569,6.873306751251221,0.05616668436234095,obse,soup_scene1,50,old
1570,6.877395153045654,0.05616668436234095,obse,soup_scene1,50,old
1571,6.881721019744873,0.05627924619540189,obse,soup_scene1,50,old
1572,6.88599419593811,0.05617954686243331,obse,soup_scene1,50,old
1573,6.890357732772827,0.056544036324184456,obse,soup_scene1,50,old
1574,6.894728422164917,0.056544036324184456,obse,soup_scene1,50,old
1575,6.899146795272827,0.05672449975294468,obse,soup_scene1,50,old
1576,6.903193473815918,0.05672449975294468,obse,soup_scene1,50,old
1577,6.907586097717285,0.05681975628447554,obse,soup_scene1,50,old
1578,6.911937236785889,0.05681975628447554,obse,soup_scene1,50,old
1579,6.916411399841309,0.057129376132609135,obse,soup_scene1,50,old
1580,6.920574188232422,0.057129376132609135,obse,soup_scene1,50,old
1581,6.925105333328247,0.056917735359096604,obse,soup_scene1,50,old
1582,6.929316759109497,0.056917735359096604,obse,soup_scene1,50,old
1583,6.933784484863281,0.05732324583787961,obse,soup_scene1,50,old
1584,6.937962055206299,0.05732324583787961,obse,soup_scene1,50,old
1585,6.942570686340332,0.057521292520940466,obse,soup_scene1,50,old
1586,6.946708679199219,0.0576369176367983,obse,soup_scene1,50,old
1587,6.950856685638428,0.0576369176367983,obse,soup_scene1,50,old
1588,6.9554479122161865,0.057730144717841166,obse,soup_scene1,50,old
1589,6.959660291671753,0.057730144717841166,obse,soup_scene1,50,old
1590,6.96393084526062,0.05795863863174902,obse,soup_scene1,50,old
1591,6.9681196212768555,0.05795863863174902,obse,soup_scene1,50,old
1592,6.972454309463501,0.057974747146204986,obse,soup_scene1,50,old
1593,6.976609230041504,0.05813845125130627,obse,soup_scene1,50,old
1594,6.980921030044556,0.05813845125130627,obse,soup_scene1,50,old
1595,6.985128164291382,0.05813292516967808,obse,soup_scene1,50,old
1596,6.989441394805908,0.058291138423726185,obse,soup_scene1,50,old
1597,6.994098663330078,0.05836051782391632,obse,soup_scene1,50,old
1598,6.998327016830444,0.05836051782391632,obse,soup_scene1,50,old
1599,7.002570390701294,0.05851501230776485,obse,soup_scene1,50,old
1600,7.006766319274902,0.05867305815464767,obse,soup_scene1,50,old
1601,7.011080741882324,0.05867305815464767,obse,soup_scene1,50,old
1602,7.015296220779419,0.058641434564254295,obse,soup_scene1,50,old
1603,7.01958441734314,0.058780314221911496,obse,soup_scene1,50,old
1604,7.024020433425903,0.0586799643833233,obse,soup_scene1,50,old
1605,7.028075456619263,0.0586799643833233,obse,soup_scene1,50,old
1606,7.032329797744751,0.0586799643833233,obse,soup_scene1,50,old
1607,7.036681413650513,0.05887456852252496,obse,soup_scene1,50,old
1608,7.040963649749756,0.05887456852252496,obse,soup_scene1,50,old
1609,7.045263290405273,0.05887456852252496,obse,soup_scene1,50,old
1610,7.049868106842041,0.05910725739318412,obse,soup_scene1,50,old
1611,7.054058790206909,0.05910725739318412,obse,soup_scene1,50,old
1612,7.058630466461182,0.05907296121484347,obse,soup_scene1,50,old
1613,7.062862873077393,0.05918164239895591,obse,soup_scene1,50,old
1614,7.066964149475098,0.05918164239895591,obse,soup_scene1,50,old
1615,7.071277856826782,0.059492661245805524,obse,soup_scene1,50,old
1616,7.0753302574157715,0.059492661245805524,obse,soup_scene1,50,old
1617,7.079509496688843,0.059492661245805524,obse,soup_scene1,50,old
1618,7.0839173793792725,0.05943812948925811,obse,soup_scene1,50,old
1619,7.0882408618927,0.059529639228361894,obse,soup_scene1,50,old
1620,7.092658281326294,0.05962836525424077,obse,soup_scene1,50,old
1621,7.096949100494385,0.0597390077463292,obse,soup_scene1,50,old
1622,7.101366758346558,0.059846256689178125,obse,soup_scene1,50,old
1623,7.105729103088379,0.05987038261182299,obse,soup_scene1,50,old
1624,7.110198259353638,0.06015606875438838,obse,soup_scene1,50,old
1625,7.114587068557739,0.06027006776701268,obse,soup_scene1,50,old
1626,7.119036674499512,0.06023844640437513,obse,soup_scene1,50,old
1627,7.12368631362915,0.060428852360424334,obse,soup_scene1,50,old
1628,7.1280763149261475,0.06038535234962324,obse,soup_scene1,50,old
1629,7.132717847824097,0.060418356597898945,obse,soup_scene1,50,old
1630,7.136950969696045,0.060418356597898945,obse,soup_scene1,50,old
1631,7.141450881958008,0.06049198038942997,obse,soup_scene1,50,old
1632,7.1458580493927,0.06049198038942997,obse,soup_scene1,50,old
1633,7.150177478790283,0.0605588829113397,obse,soup_scene1,50,old
1634,7.154462575912476,0.0605588829113397,obse,soup_scene1,50,old
1635,7.158741235733032,0.06061757745554797,obse,soup_scene1,50,old
1636,7.162947654724121,0.06061757745554797,obse,soup_scene1,50,old
1637,7.16726541519165,0.06066029669114882,obse,soup_scene1,50,old
1638,7.171270370483398,0.06066029669114882,obse,soup_scene1,50,old
1639,7.175735712051392,0.06075867376784911,obse,soup_scene1,50,old
1640,7.179983615875244,0.06065399056953051,obse,soup_scene1,50,old
1641,7.184437990188599,0.060672678722061196,obse,soup_scene1,50,old
1642,7.188715696334839,0.06086050805498468,obse,soup_scene1,50,old
1643,7.193124771118164,0.06086050805498468,obse,soup_scene1,50,old
1644,7.197234153747559,0.06086050805498468,obse,soup_scene1,50,old
1645,7.20177435874939,0.06090728130489635,obse,soup_scene1,50,old
1646,7.206295490264893,0.061028150616386424,obse,soup_scene1,50,old
1647,7.210601329803467,0.061028150616386424,obse,soup_scene1,50,old
1648,7.215036630630493,0.060955010071597836,obse,soup_scene1,50,old
1649,7.219229221343994,0.060955010071597836,obse,soup_scene1,50,old
1650,7.22370982170105,0.061110165949861045,obse,soup_scene1,50,old
1651,7.227780103683472,0.061110165949861045,obse,soup_scene1,50,old
1652,7.2321977615356445,0.06112302888462527,obse,soup_scene1,50,old
1653,7.236295223236084,0.06112302888462527,obse,soup_scene1,50,old
1654,7.240644931793213,0.06103057110281517,obse,soup_scene1,50,old
1655,7.2447450160980225,0.06103057110281517,obse,soup_scene1,50,old
1656,7.249258041381836,0.06103122696503631,obse,soup_scene1,50,old
1657,7.2533485889434814,0.06103122696503631,obse,soup_scene1,50,old
1658,7.257828235626221,0.061231640243805834,obse,soup_scene1,50,old
1659,7.261999130249023,0.061231640243805834,obse,soup_scene1,50,old
1660,7.266451120376587,0.061125086786494746,obse,soup_scene1,50,old
1661,7.270577430725098,0.061125086786494746,obse,soup_scene1,50,old
1662,7.275334596633911,0.06108097614634542,obse,soup_scene1,50,old
1663,7.279628753662109,0.06108097614634542,obse,soup_scene1,50,old
1664,7.284425258636475,0.06094014848200847,obse,soup_scene1,50,old
1665,7.28873085975647,0.06108642309577976,obse,soup_scene1,50,old
1666,7.293267250061035,0.06108642309577976,obse,soup_scene1,50,old
1667,7.297494888305664,0.06099668814098392,obse,soup_scene1,50,old
1668,7.301929235458374,0.06099668814098392,obse,soup_scene1,50,old
1669,7.306457757949829,0.06118756609494328,obse,soup_scene1,50,old
1670,7.310684680938721,0.06118756609494328,obse,soup_scene1,50,old
1671,7.315027475357056,0.061069532245839706,obse,soup_scene1,50,old
1672,7.319456577301025,0.061069532245839706,obse,soup_scene1,50,old
1673,7.324070930480957,0.06118072642048493,obse,soup_scene1,50,old
1674,7.328323841094971,0.06118072642048493,obse,soup_scene1,50,old
1675,7.332801580429077,0.06095366795033521,obse,soup_scene1,50,old
1676,7.337085247039795,0.06095366795033521,obse,soup_scene1,50,old
1677,7.341612815856934,0.06107292140194035,obse,soup_scene1,50,old
1678,7.34586763381958,0.061070415055816785,obse,soup_scene1,50,old
1679,7.350469589233398,0.061225777151121034,obse,soup_scene1,50,old
1680,7.3548219203948975,0.061099766160630016,obse,soup_scene1,50,old
1681,7.35925030708313,0.061091479564791155,obse,soup_scene1,50,old
1682,7.363504648208618,0.06105929963711843,obse,soup_scene1,50,old
1683,7.3677895069122314,0.06105929963711843,obse,soup_scene1,50,old
1684,7.372005939483643,0.06105929963711843,obse,soup_scene1,50,old
1685,7.376345872879028,0.06107118131503623,obse,soup_scene1,50,old
1686,7.38068151473999,0.061182595449359445,obse,soup_scene1,50,old
1687,7.385068416595459,0.061182595449359445,obse,soup_scene1,50,old
1688,7.389387130737305,0.061071243662438816,obse,soup_scene1,50,old
1689,7.394002199172974,0.0610717487470643,obse,soup_scene1,50,old
1690,7.398436546325684,0.06107170099910799,obse,soup_scene1,50,old
1691,7.402705192565918,0.06107170099910799,obse,soup_scene1,50,old
1692,7.40696120262146,0.061111977904838896,obse,soup_scene1,50,old
1693,7.411309003829956,0.061111977904838896,obse,soup_scene1,50,old
1694,7.4158782958984375,0.06119493116795993,obse,soup_scene1,50,old
1695,7.42017674446106,0.06119493116795993,obse,soup_scene1,50,old
1696,7.424785614013672,0.061076833064817815,obse,soup_scene1,50,old
1697,7.42887282371521,0.061076833064817815,obse,soup_scene1,50,old
1698,7.433456182479858,0.06122643098667116,obse,soup_scene1,50,old
1699,7.437621831893921,0.06122643098667116,obse,soup_scene1,50,old
1700,7.442197561264038,0.06107709276718332,obse,soup_scene1,50,old
1701,7.446458578109741,0.061211121140915585,obse,soup_scene1,50,old
1702,7.450943231582642,0.06120991280233175,obse,soup_scene1,50,old
1703,7.455510854721069,0.06120991280233175,obse,soup_scene1,50,old
1704,7.459917306900024,0.061098125945255675,obse,soup_scene1,50,old
1705,7.46432900428772,0.06117909823111851,obse,soup_scene1,50,old
1706,7.46862530708313,0.06118404377978219,obse,soup_scene1,50,old
1707,7.473057746887207,0.06117577759385128,obse,soup_scene1,50,old
1708,7.477295160293579,0.06117577759385128,obse,soup_scene1,50,old
1709,7.481706142425537,0.061181650304736844,obse,soup_scene1,50,old
1710,7.486111164093018,0.061181650304736844,obse,soup_scene1,50,old
1711,7.490575313568115,0.061182939500693125,obse,soup_scene1,50,old
1712,7.494811296463013,0.061182939500693125,obse,soup_scene1,50,old
1713,7.499375104904175,0.06106983674592339,obse,soup_scene1,50,old
1714,7.503658056259155,0.06106983674592339,obse,soup_scene1,50,old
1715,7.508254766464233,0.061171821603710326,obse,soup_scene1,50,old
1716,7.512369632720947,0.061171821603710326,obse,soup_scene1,50,old
1717,7.516750335693359,0.06107306398662646,obse,soup_scene1,50,old
1718,7.521065950393677,0.06105579433771428,obse,soup_scene1,50,old
1719,7.525423288345337,0.06106047909272047,obse,soup_scene1,50,old
1720,7.529531955718994,0.06106047909272047,obse,soup_scene1,50,old
1721,7.533905982971191,0.061203886749865447,obse,soup_scene1,50,old
1722,7.538005352020264,0.061203886749865447,obse,soup_scene1,50,old
1723,7.542332410812378,0.061189182224231885,obse,soup_scene1,50,old
1724,7.546663761138916,0.06107943179262512,obse,soup_scene1,50,old
1725,7.5509443283081055,0.06108127788415359,obse,soup_scene1,50,old
1726,7.555343866348267,0.0610769047453367,obse,soup_scene1,50,old
1727,7.559666395187378,0.06107889097163647,obse,soup_scene1,50,old
1728,7.563935279846191,0.06107180151721581,obse,soup_scene1,50,old
1729,7.568186044692993,0.06107180151721581,obse,soup_scene1,50,old
1730,7.572391748428345,0.06108954268121837,obse,soup_scene1,50,old
1731,7.5768821239471436,0.06108954268121837,obse,soup_scene1,50,old
1732,7.581230640411377,0.06107540733382698,obse,soup_scene1,50,old
1733,7.585493564605713,0.06107540733382698,obse,soup_scene1,50,old
1734,7.589871883392334,0.06108954296528866,obse,soup_scene1,50,old
1735,7.594222545623779,0.06108954296528866,obse,soup_scene1,50,old
1736,7.598675727844238,0.061082364339085204,obse,soup_scene1,50,old
1737,7.603009223937988,0.061082364339085204,obse,soup_scene1,50,old
1738,7.607373952865601,0.061103949044184896,obse,soup_scene1,50,old
1739,7.611496448516846,0.061103949044184896,obse,soup_scene1,50,old
1740,7.615845441818237,0.061134605199115025,obse,soup_scene1,50,old
1741,7.620001554489136,0.061134605199115025,obse,soup_scene1,50,old
1742,7.624647378921509,0.06112020826704911,obse,soup_scene1,50,old
1743,7.62876296043396,0.06112020826704911,obse,soup_scene1,50,old
1744,7.632982015609741,0.06117335437006747,obse,soup_scene1,50,old
1745,7.637263059616089,0.06117335437006747,obse,soup_scene1,50,old
1746,7.641636371612549,0.061294868143325694,obse,soup_scene1,50,old
1747,7.645661354064941,0.061294868143325694,obse,soup_scene1,50,old
1748,7.650064945220947,0.06120975239090044,obse,soup_scene1,50,old
1749,7.654266357421875,0.06120975239090044,obse,soup_scene1,50,old
1750,7.659094333648682,0.06124871927315072,obse,soup_scene1,50,old
1751,7.663280725479126,0.06135725157470408,obse,soup_scene1,50,old
1752,7.667823553085327,0.06140102844200764,obse,soup_scene1,50,old
1753,7.672047853469849,0.061464761369280585,obse,soup_scene1,50,old
1754,7.676534175872803,0.061464761369280585,obse,soup_scene1,50,old
1755,7.680761814117432,0.06136876579704808,obse,soup_scene1,50,old
1756,7.685344934463501,0.06142671222966165,obse,soup_scene1,50,old
1757,7.689671277999878,0.0614995934360133,obse,soup_scene1,50,old
1758,7.694144010543823,0.0614995934360133,obse,soup_scene1,50,old
1759,7.698612689971924,0.061564456705415854,obse,soup_scene1,50,old
1760,7.702754974365234,0.061564456705415854,obse,soup_scene1,50,old
1761,7.707180500030518,0.061795194639658955,obse,soup_scene1,50,old
1762,7.711287021636963,0.061795194639658955,obse,soup_scene1,50,old
1763,7.715796232223511,0.061717778866471104,obse,soup_scene1,50,old
1764,7.7199413776397705,0.061717778866471104,obse,soup_scene1,50,old
1765,7.724419355392456,0.06180239453535925,obse,soup_scene1,50,old
1766,7.728635311126709,0.06180239453535925,obse,soup_scene1,50,old
1767,7.732941389083862,0.061984193132787725,obse,soup_scene1,50,old
1768,7.737094163894653,0.061984193132787725,obse,soup_scene1,50,old
1769,7.741432189941406,0.06196242875853731,obse,soup_scene1,50,old
1770,7.745751857757568,0.06196242875853731,obse,soup_scene1,50,old
1771,7.74994969367981,0.061975866746150333,obse,soup_scene1,50,old
1772,7.753962516784668,0.061975866746150333,obse,soup_scene1,50,old
1773,7.758374929428101,0.06207234062141407,obse,soup_scene1,50,old
1774,7.76248836517334,0.06207234062141407,obse,soup_scene1,50,old
1775,7.766898155212402,0.06216871051622984,obse,soup_scene1,50,old
1776,7.77096700668335,0.062230132529662814,obse,soup_scene1,50,old
1777,7.775187730789185,0.062230132529662814,obse,soup_scene1,50,old
1778,7.779310464859009,0.062230132529662814,obse,soup_scene1,50,old
1779,7.783739328384399,0.06235580341043329,obse,soup_scene1,50,old
1780,7.787790060043335,0.06235580341043329,obse,soup_scene1,50,old
1781,7.792371988296509,0.06239318085696191,obse,soup_scene1,50,old
1782,7.796590566635132,0.06239318085696191,obse,soup_scene1,50,old
1783,7.800844430923462,0.0623705990486345,obse,soup_scene1,50,old
1784,7.805055141448975,0.06249695126864831,obse,soup_scene1,50,old
1785,7.8090431690216064,0.06249695126864831,obse,soup_scene1,50,old
1786,7.813327074050903,0.06260965667352664,obse,soup_scene1,50,old
1787,7.8174121379852295,0.06260965667352664,obse,soup_scene1,50,old
1788,7.821641206741333,0.06261663891206161,obse,soup_scene1,50,old
1789,7.8259313106536865,0.06274910430331858,obse,soup_scene1,50,old
1790,7.830090045928955,0.06274910430331858,obse,soup_scene1,50,old
1791,7.834152936935425,0.06274910430331858,obse,soup_scene1,50,old
1792,7.838399887084961,0.06286425707865594,obse,soup_scene1,50,old
1793,7.842607259750366,0.06286425707865594,obse,soup_scene1,50,old
1794,7.846790790557861,0.06311983359840068,obse,soup_scene1,50,old
1795,7.851240634918213,0.06311983359840068,obse,soup_scene1,50,old
1796,7.855490684509277,0.06311983359840068,obse,soup_scene1,50,old
1797,7.859487056732178,0.06311983359840068,obse,soup_scene1,50,old
1798,7.863833427429199,0.06296238650371129,obse,soup_scene1,50,old
1799,7.868018388748169,0.06309901545714537,obse,soup_scene1,50,old
1800,7.872174978256226,0.0634754233447116,obse,soup_scene1,50,old
1801,7.876130104064941,0.0634754233447116,obse,soup_scene1,50,old
1802,7.8801493644714355,0.0634754233447116,obse,soup_scene1,50,old
1803,7.884621620178223,0.06362232828131692,obse,soup_scene1,50,old
1804,7.888882637023926,0.06362232828131692,obse,soup_scene1,50,old
1805,7.8931379318237305,0.06378740655868236,obse,soup_scene1,50,old
1806,7.8975958824157715,0.0638224714351391,obse,soup_scene1,50,old
1807,7.902005910873413,0.0638224714351391,obse,soup_scene1,50,old
1808,7.906485319137573,0.06414918709798569,obse,soup_scene1,50,old
1809,7.910829067230225,0.06414918709798569,obse,soup_scene1,50,old
1810,7.915143728256226,0.06450559394141459,obse,soup_scene1,50,old
1811,7.919576168060303,0.06457719699364918,obse,soup_scene1,50,old
1812,7.924073696136475,0.06477257444311049,obse,soup_scene1,50,old
1813,7.9286417961120605,0.06502640382878083,obse,soup_scene1,50,old
1814,7.933401823043823,0.06537321485381853,obse,soup_scene1,50,old
1815,7.938000679016113,0.06549918567491801,obse,soup_scene1,50,old
1816,7.94259786605835,0.06563012109576254,obse,soup_scene1,50,old
1817,7.947173357009888,0.06559670029907642,obse,soup_scene1,50,old
1818,7.951595306396484,0.06583043109042849,obse,soup_scene1,50,old
1819,7.9563281536102295,0.06607388407817869,obse,soup_scene1,50,old
1820,7.9611592292785645,0.06607388407817869,obse,soup_scene1,50,old
1821,7.965718030929565,0.06627449108429814,obse,soup_scene1,50,old
1822,7.969764232635498,0.06627449108429814,obse,soup_scene1,50,old
1823,7.974087238311768,0.06666741434395942,obse,soup_scene1,50,old
1824,7.9782938957214355,0.06666741434395942,obse,soup_scene1,50,old
1825,7.982666015625,0.06695424221073383,obse,soup_scene1,50,old
1826,7.986847400665283,0.06695424221073383,obse,soup_scene1,50,old
1827,7.991294860839844,0.06694400708360708,obse,soup_scene1,50,old
1828,7.9952757358551025,0.06694400708360708,obse,soup_scene1,50,old
1829,7.999424457550049,0.06722393660670901,obse,soup_scene1,50,old
1830,8.003466129302979,0.06722393660670901,obse,soup_scene1,50,old
1831,8.007575988769531,0.06750532454706915,obse,soup_scene1,50,old
1832,8.011536359786987,0.06750532454706915,obse,soup_scene1,50,old
1833,8.01653790473938,0.06783219022479224,obse,soup_scene1,50,old
1834,8.020646333694458,0.06783219022479224,obse,soup_scene1,50,old
1835,8.025128364562988,0.06798414356567131,obse,soup_scene1,50,old
1836,8.029306411743164,0.06798414356567131,obse,soup_scene1,50,old
1837,8.033608436584473,0.06834670194261748,obse,soup_scene1,50,old
1838,8.037779331207275,0.06829480577022524,obse,soup_scene1,50,old
1839,8.042109966278076,0.06853624325661266,obse,soup_scene1,50,old
1840,8.04617428779602,0.06849341308287848,obse,soup_scene1,50,old
1841,8.050450801849365,0.0687483444347646,obse,soup_scene1,50,old
1842,8.054489850997925,0.0687483444347646,obse,soup_scene1,50,old
1843,8.059016466140747,0.06906888105263934,obse,soup_scene1,50,old
1844,8.06327486038208,0.06906888105263934,obse,soup_scene1,50,old
1845,8.06763219833374,0.0692509087052354,obse,soup_scene1,50,old
1846,8.071712732315063,0.06922386940377738,obse,soup_scene1,50,old
1847,8.075945854187012,0.06958827316378953,obse,soup_scene1,50,old
1848,8.080230474472046,0.0697619543499937,obse,soup_scene1,50,old
1849,8.084540367126465,0.0700326572564606,obse,soup_scene1,50,old
1850,8.08880352973938,0.06971336720195737,obse,soup_scene1,50,old
1851,8.093156337738037,0.0699681437918875,obse,soup_scene1,50,old
1852,8.097368240356445,0.0700850127161906,obse,soup_scene1,50,old
1853,8.101613759994507,0.0702499881757225,obse,soup_scene1,50,old
1854,8.106181621551514,0.07052455199518753,obse,soup_scene1,50,old
1855,8.110386610031128,0.07052455199518753,obse,soup_scene1,50,old
1856,8.114841938018799,0.07066978227777998,obse,soup_scene1,50,old
1857,8.119340181350708,0.07066978227777998,obse,soup_scene1,50,old
1858,8.123899936676025,0.0709934045934201,obse,soup_scene1,50,old
1859,8.128162622451782,0.0709934045934201,obse,soup_scene1,50,old
1860,8.132789134979248,0.07120755452510602,obse,soup_scene1,50,old
1861,8.137237310409546,0.07120755452510602,obse,soup_scene1,50,old
1862,8.141783475875854,0.07162742592180846,obse,soup_scene1,50,old
1863,8.146145820617676,0.07162742592180846,obse,soup_scene1,50,old
1864,8.150410890579224,0.07172985945653708,obse,soup_scene1,50,old
1865,8.154646396636963,0.07172985945653708,obse,soup_scene1,50,old
1866,8.159266948699951,0.07180830729886205,obse,soup_scene1,50,old
1867,8.16361951828003,0.07180830729886205,obse,soup_scene1,50,old
1868,8.168331384658813,0.0718087170431018,obse,soup_scene1,50,old
1869,8.172959804534912,0.0720770861077903,obse,soup_scene1,50,old
1870,8.177433729171753,0.0720770861077903,obse,soup_scene1,50,old
1871,8.181841135025024,0.07232144116277976,obse,soup_scene1,50,old
1872,8.185930013656616,0.07232144116277976,obse,soup_scene1,50,old
1873,8.190480947494507,0.0722587643583148,obse,soup_scene1,50,old
1874,8.195116996765137,0.07257332234380386,obse,soup_scene1,50,old
1875,8.1997549533844,0.07257332234380386,obse,soup_scene1,50,old
1876,8.204038619995117,0.07280962768244419,obse,soup_scene1,50,old
1877,8.208561182022095,0.07280962768244419,obse,soup_scene1,50,old
1878,8.212937355041504,0.07312929405620597,obse,soup_scene1,50,old
1879,8.217398405075073,0.07312929405620597,obse,soup_scene1,50,old
1880,8.222005844116211,0.07327701262659635,obse,soup_scene1,50,old
1881,8.226349115371704,0.07347266507670436,obse,soup_scene1,50,old
1882,8.230792760848999,0.07347266507670436,obse,soup_scene1,50,old
1883,8.235246419906616,0.07361412489802154,obse,soup_scene1,50,old
1884,8.239460468292236,0.0738696721975531,obse,soup_scene1,50,old
1885,8.243593692779541,0.0738696721975531,obse,soup_scene1,50,old
1886,8.247987747192383,0.07415504971574387,obse,soup_scene1,50,old
1887,8.252339601516724,0.07415504971574387,obse,soup_scene1,50,old
1888,8.256748676300049,0.07415504971574387,obse,soup_scene1,50,old
1889,8.261127948760986,0.07449303947533772,obse,soup_scene1,50,old
1890,8.265340805053711,0.07443430959820725,obse,soup_scene1,50,old
1891,8.269707679748535,0.07466030237948618,obse,soup_scene1,50,old
1892,8.27398419380188,0.07466030237948618,obse,soup_scene1,50,old
1893,8.27831745147705,0.07469847940808734,obse,soup_scene1,50,old
1894,8.282538890838623,0.07495778168912531,obse,soup_scene1,50,old
1895,8.287101745605469,0.07516199243806777,obse,soup_scene1,50,old
1896,8.291665315628052,0.07527352366205191,obse,soup_scene1,50,old
1897,8.296067953109741,0.07527352366205191,obse,soup_scene1,50,old
1898,8.300803184509277,0.07568097777495825,obse,soup_scene1,50,old
1899,8.305363178253174,0.07598473246663481,obse,soup_scene1,50,old
1900,8.309943437576294,0.07621116503568309,obse,soup_scene1,50,old
1901,8.3146390914917,0.07647346801953128,obse,soup_scene1,50,old
1902,8.3193941116333,0.07686141812513557,obse,soup_scene1,50,old
1903,8.32392168045044,0.07686141812513557,obse,soup_scene1,50,old
1904,8.328564643859863,0.0771157476010024,obse,soup_scene1,50,old
1905,8.332994222640991,0.0774778881557532,obse,soup_scene1,50,old
1906,8.337508201599121,0.0774778881557532,obse,soup_scene1,50,old
1907,8.342099905014038,0.07752342347995235,obse,soup_scene1,50,old
1908,8.346473217010498,0.07791253730755177,obse,soup_scene1,50,old
1909,8.35103964805603,0.07791253730755177,obse,soup_scene1,50,old
1910,8.355315446853638,0.07791253730755177,obse,soup_scene1,50,old
1911,8.359654188156128,0.07823431155820534,obse,soup_scene1,50,old
1912,8.363862752914429,0.07821311835944363,obse,soup_scene1,50,old
1913,8.368157863616943,0.07841776928151793,obse,soup_scene1,50,old
1914,8.372573137283325,0.0785109193321513,obse,soup_scene1,50,old
1915,8.376866817474365,0.0785109193321513,obse,soup_scene1,50,old
1916,8.381616830825806,0.07871846134565605,obse,soup_scene1,50,old
1917,8.385796070098877,0.07871846134565605,obse,soup_scene1,50,old
1918,8.39028525352478,0.07903295023698163,obse,soup_scene1,50,old
1919,8.39426302909851,0.07903295023698163,obse,soup_scene1,50,old
1920,8.398558139801025,0.07912541843331133,obse,soup_scene1,50,old
1921,8.402552366256714,0.07912541843331133,obse,soup_scene1,50,old
1922,8.407071352005005,0.07942952654464634,obse,soup_scene1,50,old
1923,8.411247253417969,0.07942952654464634,obse,soup_scene1,50,old
1924,8.415687084197998,0.0796279575623242,obse,soup_scene1,50,old
1925,8.41989779472351,0.0796279575623242,obse,soup_scene1,50,old
1926,8.424351215362549,0.07994501514524006,obse,soup_scene1,50,old
1927,8.428544044494629,0.07994501514524006,obse,soup_scene1,50,old
1928,8.432902336120605,0.0800271789613565,obse,soup_scene1,50,old
1929,8.437065839767456,0.0800271789613565,obse,soup_scene1,50,old
1930,8.441514492034912,0.08018397466574449,obse,soup_scene1,50,old
1931,8.445641279220581,0.08018397466574449,obse,soup_scene1,50,old
1932,8.449991703033447,0.08034466862876134,obse,soup_scene1,50,old
1933,8.454138278961182,0.08034466862876134,obse,soup_scene1,50,old
1934,8.458740949630737,0.08072649499122549,obse,soup_scene1,50,old
1935,8.46295690536499,0.08072649499122549,obse,soup_scene1,50,old
1936,8.467397451400757,0.08075834196131443,obse,soup_scene1,50,old
1937,8.471592664718628,0.08075834196131443,obse,soup_scene1,50,old
1938,8.476819276809692,0.08094711779254024,obse,soup_scene1,50,old
1939,8.481397151947021,0.0811099696067279,obse,soup_scene1,50,old
1940,8.485637426376343,0.0811099696067279,obse,soup_scene1,50,old
1941,8.490198612213135,0.08108503506086255,obse,soup_scene1,50,old
1942,8.494736909866333,0.08126891052544553,obse,soup_scene1,50,old
1943,8.499061107635498,0.08146788224040126,obse,soup_scene1,50,old
1944,8.503298997879028,0.08146788224040126,obse,soup_scene1,50,old
1945,8.50758671760559,0.08163602766322127,obse,soup_scene1,50,old
1946,8.511731624603271,0.08163602766322127,obse,soup_scene1,50,old
1947,8.515953302383423,0.08181926112665061,obse,soup_scene1,50,old
1948,8.520128726959229,0.08181926112665061,obse,soup_scene1,50,old
1949,8.524473667144775,0.0819620476065134,obse,soup_scene1,50,old
1950,8.52852749824524,0.0819620476065134,obse,soup_scene1,50,old
1951,8.53277587890625,0.08211698117640415,obse,soup_scene1,50,old
1952,8.536844253540039,0.08211698117640415,obse,soup_scene1,50,old
1953,8.541167259216309,0.0823110902337895,obse,soup_scene1,50,old
1954,8.545368194580078,0.0823110902337895,obse,soup_scene1,50,old
1955,8.549621820449829,0.08248858209608231,obse,soup_scene1,50,old
1956,8.5537269115448,0.08248858209608231,obse,soup_scene1,50,old
1957,8.558173656463623,0.08279319706907178,obse,soup_scene1,50,old
1958,8.562366724014282,0.08279319706907178,obse,soup_scene1,50,old
1959,8.56670093536377,0.08285562797656022,obse,soup_scene1,50,old
1960,8.570881605148315,0.08285562797656022,obse,soup_scene1,50,old
1961,8.575285196304321,0.08305906502477721,obse,soup_scene1,50,old
1962,8.579403162002563,0.08305906502477721,obse,soup_scene1,50,old
1963,8.583702802658081,0.08317290300088982,obse,soup_scene1,50,old
1964,8.587900161743164,0.08317290300088982,obse,soup_scene1,50,old
1965,8.592329025268555,0.08348177543371896,obse,soup_scene1,50,old
1966,8.596397876739502,0.08340352614867795,obse,soup_scene1,50,old
1967,8.600843667984009,0.08356617745329642,obse,soup_scene1,50,old
1968,8.60506796836853,0.08356617745329642,obse,soup_scene1,50,old
1969,8.609658241271973,0.08374643043177062,obse,soup_scene1,50,old
1970,8.613960981369019,0.08396743519316313,obse,soup_scene1,50,old
1971,8.618355751037598,0.08396743519316313,obse,soup_scene1,50,old
1972,8.622889518737793,0.08419444175404016,obse,soup_scene1,50,old
1973,8.627099514007568,0.08419444175404016,obse,soup_scene1,50,old
1974,8.631382465362549,0.08435462746959345,obse,soup_scene1,50,old
1975,8.635584115982056,0.08435462746959345,obse,soup_scene1,50,old
1976,8.639927864074707,0.08468860261293627,obse,soup_scene1,50,old
1977,8.644278764724731,0.08468860261293627,obse,soup_scene1,50,old
1978,8.64857268333435,0.08476474132439582,obse,soup_scene1,50,old
1979,8.653162956237793,0.08476474132439582,obse,soup_scene1,50,old
1980,8.657994270324707,0.0850161710874733,obse,soup_scene1,50,old
1981,8.662328481674194,0.0850161710874733,obse,soup_scene1,50,old
1982,8.666879415512085,0.08510523059264499,obse,soup_scene1,50,old
1983,8.671250820159912,0.08518129033378939,obse,soup_scene1,50,old
1984,8.67570161819458,0.08540470503478274,obse,soup_scene1,50,old
1985,8.67995285987854,0.0852770553312392,obse,soup_scene1,50,old
1986,8.684430360794067,0.0854668751009854,obse,soup_scene1,50,old
1987,8.688725233078003,0.0854736893559996,obse,soup_scene1,50,old
1988,8.693098068237305,0.08567835980581451,obse,soup_scene1,50,old
1989,8.69755244255066,0.08586438835681846,obse,soup_scene1,50,old
1990,8.702023029327393,0.08586438835681846,obse,soup_scene1,50,old
1991,8.706422090530396,0.08608538788493635,obse,soup_scene1,50,old
1992,8.710811138153076,0.08608538788493635,obse,soup_scene1,50,old
1993,8.715194940567017,0.08624142384872263,obse,soup_scene1,50,old
1994,8.719479084014893,0.08624142384872263,obse,soup_scene1,50,old
1995,8.723830699920654,0.08653405354835464,obse,soup_scene1,50,old
1996,8.728108167648315,0.08653405354835464,obse,soup_scene1,50,old
1997,8.732497930526733,0.08673081851875987,obse,soup_scene1,50,old
1998,8.736675500869751,0.08673081851875987,obse,soup_scene1,50,old
1999,8.741122245788574,0.08680795812614213,obse,soup_scene1,50,old
2000,8.745411157608032,0.08680795812614213,obse,soup_scene1,50,old
2001,8.750012397766113,0.08685836115144689,obse,soup_scene1,50,old
2002,8.75411581993103,0.08685836115144689,obse,soup_scene1,50,old
2003,8.7588791847229,0.08737512027463151,obse,soup_scene1,50,old
2004,8.76323127746582,0.08720476896014248,obse,soup_scene1,50,old
2005,8.767652750015259,0.08741129629738403,obse,soup_scene1,50,old
2006,8.771864652633667,0.08743866036467826,obse,soup_scene1,50,old
2007,8.776244163513184,0.0876250409024109,obse,soup_scene1,50,old
2008,8.78079104423523,0.08781196219376575,obse,soup_scene1,50,old
2009,8.78513216972351,0.08781196219376575,obse,soup_scene1,50,old
2010,8.789767026901245,0.0878558148521999,obse,soup_scene1,50,old
2011,8.794100761413574,0.0878558148521999,obse,soup_scene1,50,old
2012,8.798516273498535,0.08825716075386683,obse,soup_scene1,50,old
2013,8.802753925323486,0.08825716075386683,obse,soup_scene1,50,old
2014,8.80720067024231,0.08839631024596781,obse,soup_scene1,50,old
2015,8.811491250991821,0.08839631024596781,obse,soup_scene1,50,old
2016,8.81620478630066,0.0885634045293769,obse,soup_scene1,50,old
2017,8.820645093917847,0.0885634045293769,obse,soup_scene1,50,old
2018,8.825281143188477,0.08869674268916167,obse,soup_scene1,50,old
2019,8.82952094078064,0.08870483369721893,obse,soup_scene1,50,old
2020,8.833997964859009,0.08891434953999856,obse,soup_scene1,50,old
2021,8.838312864303589,0.08878097345503791,obse,soup_scene1,50,old
2022,8.84276270866394,0.08896897352621785,obse,soup_scene1,50,old
2023,8.847031593322754,0.0891431327006834,obse,soup_scene1,50,old
2024,8.851590633392334,0.0893635178989234,obse,soup_scene1,50,old
2025,8.856132745742798,0.0895173309290031,obse,soup_scene1,50,old
2026,8.860450506210327,0.0895173309290031,obse,soup_scene1,50,old
2027,8.86462664604187,0.08951555581761653,obse,soup_scene1,50,old
2028,8.868972301483154,0.08951555581761653,obse,soup_scene1,50,old
2029,8.873509883880615,0.0900137328056979,obse,soup_scene1,50,old
2030,8.87808632850647,0.0900137328056979,obse,soup_scene1,50,old
2031,8.883897304534912,0.09002774257649321,obse,soup_scene1,50,old
2032,8.888964891433716,0.09020374402064625,obse,soup_scene1,50,old
2033,8.89357852935791,0.09020374402064625,obse,soup_scene1,50,old
2034,8.897979021072388,0.09039283392845393,obse,soup_scene1,50,old
2035,8.902301549911499,0.09039283392845393,obse,soup_scene1,50,old
2036,8.906716108322144,0.09060364107101931,obse,soup_scene1,50,old
2037,8.911125898361206,0.09060364107101931,obse,soup_scene1,50,old
2038,8.915671586990356,0.09080543370806249,obse,soup_scene1,50,old
2039,8.919804811477661,0.09080543370806249,obse,soup_scene1,50,old
2040,8.924352884292603,0.09111994187097783,obse,soup_scene1,50,old
2041,8.928719758987427,0.09111994187097783,obse,soup_scene1,50,old
2042,8.933220863342285,0.09116428225963079,obse,soup_scene1,50,old
2043,8.93738579750061,0.09116428225963079,obse,soup_scene1,50,old
2044,8.942038297653198,0.09129832993449973,obse,soup_scene1,50,old
2045,8.946043014526367,0.0914417595676757,obse,soup_scene1,50,old
2046,8.950486183166504,0.09164344109288929,obse,soup_scene1,50,old
2047,8.954750776290894,0.09164344109288929,obse,soup_scene1,50,old
2048,8.958860158920288,0.09149661892903425,obse,soup_scene1,50,old
2049,8.963115215301514,0.09168363176345168,obse,soup_scene1,50,old
2050,8.96754002571106,0.09168363176345168,obse,soup_scene1,50,old
2051,8.97175645828247,0.09174892972366772,obse,soup_scene1,50,old
2052,8.975939750671387,0.09189298742706908,obse,soup_scene1,50,old
2053,8.980039596557617,0.09189596838564915,obse,soup_scene1,50,old
2054,8.984257698059082,0.09205886602498531,obse,soup_scene1,50,old
2055,8.989334344863892,0.09199042310969041,obse,soup_scene1,50,old
2056,8.99344801902771,0.09217445885342955,obse,soup_scene1,50,old
2057,8.997567415237427,0.09217445885342955,obse,soup_scene1,50,old
2058,9.001789808273315,0.09217445885342955,obse,soup_scene1,50,old
2059,9.006017923355103,0.09223713199437292,obse,soup_scene1,50,old
2060,9.010080575942993,0.09223713199437292,obse,soup_scene1,50,old
2061,9.01423454284668,0.09259228667334993,obse,soup_scene1,50,old
2062,9.018227338790894,0.09259228667334993,obse,soup_scene1,50,old
2063,9.022544145584106,0.09259228667334993,obse,soup_scene1,50,old
2064,9.02686595916748,0.09277082113596674,obse,soup_scene1,50,old
2065,9.031011581420898,0.09277082113596674,obse,soup_scene1,50,old
2066,9.03527569770813,0.09277081019578796,obse,soup_scene1,50,old
2067,9.039284467697144,0.09290604240466845,obse,soup_scene1,50,old
2068,9.043519020080566,0.09290604240466845,obse,soup_scene1,50,old
2069,9.047658920288086,0.09314195885963854,obse,soup_scene1,50,old
2070,9.051925659179688,0.09314195885963854,obse,soup_scene1,50,old
2071,9.05602741241455,0.09314195885963854,obse,soup_scene1,50,old
2072,9.060526371002197,0.09335353857485218,obse,soup_scene1,50,old
2073,9.064613819122314,0.09335353857485218,obse,soup_scene1,50,old
2074,9.068881273269653,0.09352136117437755,obse,soup_scene1,50,old
2075,9.072997808456421,0.09369267745934441,obse,soup_scene1,50,old
2076,9.077218055725098,0.09369267745934441,obse,soup_scene1,50,old
2077,9.081214427947998,0.09369267745934441,obse,soup_scene1,50,old
2078,9.085515260696411,0.09381784476162729,obse,soup_scene1,50,old
2079,9.08990216255188,0.0936742289635098,obse,soup_scene1,50,old
2080,9.094677448272705,0.09405709695161177,obse,soup_scene1,50,old
2081,9.099172592163086,0.09425861113569689,obse,soup_scene1,50,old
2082,9.103705167770386,0.09448692102887239,obse,soup_scene1,50,old
2083,9.108168125152588,0.09470374609408576,obse,soup_scene1,50,old
2084,9.112738847732544,0.09486486321624353,obse,soup_scene1,50,old
2085,9.117228984832764,0.09508100791871686,obse,soup_scene1,50,old
2086,9.121620893478394,0.09512522637451144,obse,soup_scene1,50,old
2087,9.126175165176392,0.0953159409462219,obse,soup_scene1,50,old
2088,9.131025314331055,0.09543740160227883,obse,soup_scene1,50,old
2089,9.135319471359253,0.09543740160227883,obse,soup_scene1,50,old
2090,9.139443635940552,0.0958560594844106,obse,soup_scene1,50,old
2091,9.143682956695557,0.0958560594844106,obse,soup_scene1,50,old
2092,9.147893905639648,0.09612265277199963,obse,soup_scene1,50,old
2093,9.152076482772827,0.09612265277199963,obse,soup_scene1,50,old
2094,9.156417846679688,0.09628417361272176,obse,soup_scene1,50,old
2095,9.160533428192139,0.09628417361272176,obse,soup_scene1,50,old
2096,9.164890766143799,0.0964687595776437,obse,soup_scene1,50,old
2097,9.168933391571045,0.0964687595776437,obse,soup_scene1,50,old
2098,9.173188924789429,0.09666293079220085,obse,soup_scene1,50,old
2099,9.177290916442871,0.09666293079220085,obse,soup_scene1,50,old
2100,9.18166732788086,0.09698505141411469,obse,soup_scene1,50,old
2101,9.185752868652344,0.09698505141411469,obse,soup_scene1,50,old
2102,9.190160274505615,0.09715427917861144,obse,soup_scene1,50,old
2103,9.194273948669434,0.09715427917861144,obse,soup_scene1,50,old
2104,9.198747634887695,0.09724778655771953,obse,soup_scene1,50,old
2105,9.20298957824707,0.09724778655771953,obse,soup_scene1,50,old
2106,9.207340478897095,0.09740177711381916,obse,soup_scene1,50,old
2107,9.21135401725769,0.09740177711381916,obse,soup_scene1,50,old
2108,9.215772151947021,0.09774015248153368,obse,soup_scene1,50,old
2109,9.219883680343628,0.09774015248153368,obse,soup_scene1,50,old
2110,9.224592447280884,0.09802715328874684,obse,soup_scene1,50,old
2111,9.228704690933228,0.09802715328874684,obse,soup_scene1,50,old
2112,9.233023881912231,0.09797015924037221,obse,soup_scene1,50,old
2113,9.237114906311035,0.09797015924037221,obse,soup_scene1,50,old
2114,9.241606950759888,0.09832411124108424,obse,soup_scene1,50,old
2115,9.245833396911621,0.09832411124108424,obse,soup_scene1,50,old
2116,9.250226259231567,0.09849605396904225,obse,soup_scene1,50,old
2117,9.254517555236816,0.09849605396904225,obse,soup_scene1,50,old
2118,9.259517908096313,0.09874885243064037,obse,soup_scene1,50,old
2119,9.263966083526611,0.09897045237814273,obse,soup_scene1,50,old
2120,9.268320083618164,0.09897045237814273,obse,soup_scene1,50,old
2121,9.272671937942505,0.0988981001866547,obse,soup_scene1,50,old
2122,9.277028560638428,0.09908722294238988,obse,soup_scene1,50,old
2123,9.281433820724487,0.0993524898695667,obse,soup_scene1,50,old
2124,9.28580355644226,0.0993524898695667,obse,soup_scene1,50,old
2125,9.290349960327148,0.09942703216449084,obse,soup_scene1,50,old
2126,9.294697284698486,0.09942703216449084,obse,soup_scene1,50,old
2127,9.299359560012817,0.09963938578025792,obse,soup_scene1,50,old
2128,9.30361795425415,0.09963938578025792,obse,soup_scene1,50,old
2129,9.308207511901855,0.09969582923605451,obse,soup_scene1,50,old
2130,9.312341213226318,0.09969582923605451,obse,soup_scene1,50,old
2131,9.316835641860962,0.10004786292846556,obse,soup_scene1,50,old
2132,9.321267366409302,0.10004786292846556,obse,soup_scene1,50,old
2133,9.325685024261475,0.1002405162905592,obse,soup_scene1,50,old
2134,9.329967498779297,0.10033246976277299,obse,soup_scene1,50,old
2135,9.334533452987671,0.10033246976277299,obse,soup_scene1,50,old
2136,9.338818550109863,0.10040089281385549,obse,soup_scene1,50,old
2137,9.343276739120483,0.10058486840375358,obse,soup_scene1,50,old
2138,9.347670793533325,0.10067494684051329,obse,soup_scene1,50,old
2139,9.351929903030396,0.10067494684051329,obse,soup_scene1,50,old
2140,9.356413125991821,0.10067494684051329,obse,soup_scene1,50,old
2141,9.360717058181763,0.10094794371640038,obse,soup_scene1,50,old
2142,9.364988803863525,0.10094794371640038,obse,soup_scene1,50,old
2143,9.369140863418579,0.10098061439629645,obse,soup_scene1,50,old
2144,9.373404026031494,0.10114504462286512,obse,soup_scene1,50,old
2145,9.377693891525269,0.10114504462286512,obse,soup_scene1,50,old
2146,9.381993770599365,0.10127589366780262,obse,soup_scene1,50,old
2147,9.38610053062439,0.10127589366780262,obse,soup_scene1,50,old
2148,9.390662431716919,0.1015117735507022,obse,soup_scene1,50,old
2149,9.39483642578125,0.1015117735507022,obse,soup_scene1,50,old
2150,9.399179220199585,0.1014414358607138,obse,soup_scene1,50,old
2151,9.403383016586304,0.1016073701909234,obse,soup_scene1,50,old
2152,9.407673835754395,0.1016073701909234,obse,soup_scene1,50,old
2153,9.412045955657959,0.101608712848081,obse,soup_scene1,50,old
2154,9.41653060913086,0.10181540942216323,obse,soup_scene1,50,old
2155,9.420955657958984,0.10181540942216323,obse,soup_scene1,50,old
2156,9.42551565170288,0.10173397642431958,obse,soup_scene1,50,old
2157,9.42978572845459,0.10194551119614334,obse,soup_scene1,50,old
2158,9.43424916267395,0.10194551119614334,obse,soup_scene1,50,old
2159,9.438770055770874,0.10215564186199265,obse,soup_scene1,50,old
2160,9.442893743515015,0.10215564186199265,obse,soup_scene1,50,old
2161,9.447476863861084,0.10215564186199265,obse,soup_scene1,50,old
2162,9.451572179794312,0.10215564186199265,obse,soup_scene1,50,old
2163,9.4561185836792,0.10224117988815387,obse,soup_scene1,50,old
2164,9.460225105285645,0.10224117988815387,obse,soup_scene1,50,old
2165,9.464602947235107,0.10244695854683229,obse,soup_scene1,50,old
2166,9.468727827072144,0.10244695854683229,obse,soup_scene1,50,old
2167,9.472891807556152,0.10245564445541924,obse,soup_scene1,50,old
2168,9.477105140686035,0.10268700706143273,obse,soup_scene1,50,old
2169,9.4811372756958,0.10268700706143273,obse,soup_scene1,50,old
2170,9.48566484451294,0.10268700706143273,obse,soup_scene1,50,old
2171,9.490563154220581,0.10277693001177769,obse,soup_scene1,50,old
2172,9.495111465454102,0.1030453251697943,obse,soup_scene1,50,old
2173,9.499782800674438,0.10329765627604864,obse,soup_scene1,50,old
2174,9.504418849945068,0.10338667477893956,obse,soup_scene1,50,old
2175,9.5089852809906,0.10359786206058483,obse,soup_scene1,50,old
2176,9.513916015625,0.10381380505145091,obse,soup_scene1,50,old
2177,9.520673274993896,0.10403164277221352,obse,soup_scene1,50,old
2178,9.52551007270813,0.10422781486063994,obse,soup_scene1,50,old
2179,9.530366897583008,0.1045935274788906,obse,soup_scene1,50,old
2180,9.535173654556274,0.10483318854926517,obse,soup_scene1,50,old
2181,9.53983211517334,0.10500576223395064,obse,soup_scene1,50,old
2182,9.54417634010315,0.10500576223395064,obse,soup_scene1,50,old
2183,9.54873776435852,0.10521062749337752,obse,soup_scene1,50,old
2184,9.553003072738647,0.10521062749337752,obse,soup_scene1,50,old
2185,9.557644605636597,0.1053965429651254,obse,soup_scene1,50,old
2186,9.56182336807251,0.1053965429651254,obse,soup_scene1,50,old
2187,9.566330194473267,0.10566933571942735,obse,soup_scene1,50,old
2188,9.570539236068726,0.10566933571942735,obse,soup_scene1,50,old
2189,9.575139999389648,0.10584155496620182,obse,soup_scene1,50,old
2190,9.579493045806885,0.10584155496620182,obse,soup_scene1,50,old
2191,9.584207534790039,0.10607756927349539,obse,soup_scene1,50,old
2192,9.589036464691162,0.1060703671604264,obse,soup_scene1,50,old
2193,9.593400716781616,0.10625457702414622,obse,soup_scene1,50,old
2194,9.597922563552856,0.10645840402505341,obse,soup_scene1,50,old
2195,9.602291584014893,0.10645840402505341,obse,soup_scene1,50,old
2196,9.606801271438599,0.1066697984299907,obse,soup_scene1,50,old
2197,9.611267328262329,0.1066697984299907,obse,soup_scene1,50,old
2198,9.615832090377808,0.10687324652615177,obse,soup_scene1,50,old
2199,9.620131492614746,0.10687324652615177,obse,soup_scene1,50,old
2200,9.624611616134644,0.10705119955930088,obse,soup_scene1,50,old
2201,9.628807306289673,0.10705119955930088,obse,soup_scene1,50,old
2202,9.633324146270752,0.107320725929542,obse,soup_scene1,50,old
2203,9.63765573501587,0.107320725929542,obse,soup_scene1,50,old
2204,9.642117023468018,0.1074166108362277,obse,soup_scene1,50,old
2205,9.646272659301758,0.1074166108362277,obse,soup_scene1,50,old
2206,9.65074896812439,0.10765942747310181,obse,soup_scene1,50,old
2207,9.65508484840393,0.1077002600845858,obse,soup_scene1,50,old
2208,9.659448385238647,0.10787705773026603,obse,soup_scene1,50,old
2209,9.663714170455933,0.1081056412658189,obse,soup_scene1,50,old
2210,9.667803764343262,0.1081056412658189,obse,soup_scene1,50,old
2211,9.672128438949585,0.10806026270634002,obse,soup_scene1,50,old
2212,9.676873683929443,0.10826292204036823,obse,soup_scene1,50,old
2213,9.68131709098816,0.10844056725102615,obse,soup_scene1,50,old
2214,9.68566346168518,0.10844056725102615,obse,soup_scene1,50,old
2215,9.689970254898071,0.10844791980720574,obse,soup_scene1,50,old
2216,9.694370031356812,0.10863525601940065,obse,soup_scene1,50,old
2217,9.69898772239685,0.10883447360364382,obse,soup_scene1,50,old
2218,9.703016519546509,0.10883447360364382,obse,soup_scene1,50,old
2219,9.707630157470703,0.10896936167004699,obse,soup_scene1,50,old
2220,9.711878538131714,0.10896936167004699,obse,soup_scene1,50,old
2221,9.716399908065796,0.10925298746300938,obse,soup_scene1,50,old
2222,9.720650672912598,0.10924672529316094,obse,soup_scene1,50,old
2223,9.72533655166626,0.10943399435509667,obse,soup_scene1,50,old
2224,9.729551315307617,0.10943399435509667,obse,soup_scene1,50,old
2225,9.734219312667847,0.10944902438785867,obse,soup_scene1,50,old
2226,9.73841905593872,0.10962281643630871,obse,soup_scene1,50,old
2227,9.742746829986572,0.109815919386437,obse,soup_scene1,50,old
2228,9.747032880783081,0.10998329390091002,obse,soup_scene1,50,old
2229,9.751400232315063,0.10998329390091002,obse,soup_scene1,50,old
2230,9.755768775939941,0.11021677547908021,obse,soup_scene1,50,old
2231,9.760136365890503,0.11021677547908021,obse,soup_scene1,50,old
2232,9.764596223831177,0.11036548302142674,obse,soup_scene1,50,old
2233,9.76939058303833,0.11036548302142674,obse,soup_scene1,50,old
2234,9.77390432357788,0.11042110513664914,obse,soup_scene1,50,old
2235,9.778409242630005,0.11042110513664914,obse,soup_scene1,50,old
2236,9.782948970794678,0.11055405156496526,obse,soup_scene1,50,old
2237,9.787526607513428,0.11074382133534838,obse,soup_scene1,50,old
2238,9.792222499847412,0.11094727658098578,obse,soup_scene1,50,old
2239,9.796535968780518,0.11084626170497833,obse,soup_scene1,50,old
2240,9.801233053207397,0.11106709376558924,obse,soup_scene1,50,old
2241,9.805645942687988,0.11133980271623498,obse,soup_scene1,50,old
2242,9.809914827346802,0.11133980271623498,obse,soup_scene1,50,old
2243,9.814069271087646,0.11133980271623498,obse,soup_scene1,50,old
2244,9.818541765213013,0.1115004125686181,obse,soup_scene1,50,old
2245,9.822964429855347,0.1116202702482207,obse,soup_scene1,50,old
2246,9.82752799987793,0.1116202702482207,obse,soup_scene1,50,old
2247,9.832001686096191,0.11191629148771287,obse,soup_scene1,50,old
2248,9.836511373519897,0.11191629148771287,obse,soup_scene1,50,old
2249,9.841978549957275,0.11210563721332532,obse,soup_scene1,50,old
2250,9.846349239349365,0.11211121585237285,obse,soup_scene1,50,old
2251,9.8509361743927,0.11229639698033135,obse,soup_scene1,50,old
2252,9.855921268463135,0.11215360226950569,obse,soup_scene1,50,old
2253,9.860942125320435,0.11235079473216951,obse,soup_scene1,50,old
2254,9.865410089492798,0.1126637767828723,obse,soup_scene1,50,old
2255,9.869734287261963,0.1126637767828723,obse,soup_scene1,50,old
2256,9.874207735061646,0.11286862075815353,obse,soup_scene1,50,old
2257,9.878415822982788,0.11286862075815353,obse,soup_scene1,50,old
2258,9.882849216461182,0.1130406525644835,obse,soup_scene1,50,old
2259,9.887165069580078,0.1130406525644835,obse,soup_scene1,50,old
2260,9.891636848449707,0.11326647843136282,obse,soup_scene1,50,old
2261,9.895789861679077,0.11326647843136282,obse,soup_scene1,50,old
2262,9.900205612182617,0.11338809440286703,obse,soup_scene1,50,old
2263,9.90447187423706,0.11338809440286703,obse,soup_scene1,50,old
2264,9.909149408340454,0.1137248046792785,obse,soup_scene1,50,old
2265,9.913450717926025,0.11392662977483423,obse,soup_scene1,50,old
2266,9.917825937271118,0.11392662977483423,obse,soup_scene1,50,old
2267,9.922168016433716,0.11408523092448926,obse,soup_scene1,50,old
2268,9.926578044891357,0.11408523092448926,obse,soup_scene1,50,old
2269,9.930870532989502,0.11388933515681042,obse,soup_scene1,50,old
2270,9.935171842575073,0.11388933515681042,obse,soup_scene1,50,old
2271,9.939849853515625,0.11391292527590612,obse,soup_scene1,50,old
2272,9.94409441947937,0.1140991129769736,obse,soup_scene1,50,old
2273,9.948482990264893,0.11561754148157019,obse,soup_scene1,50,old
2274,9.952678680419922,0.11561754148157019,obse,soup_scene1,50,old
2275,9.957362413406372,0.11584993889810591,obse,soup_scene1,50,old
2276,9.961413145065308,0.11584993889810591,obse,soup_scene1,50,old
2277,9.965923070907593,0.11595602587676405,obse,soup_scene1,50,old
2278,9.970226764678955,0.11595602587676405,obse,soup_scene1,50,old
2279,9.974730491638184,0.11614933494703249,obse,soup_scene1,50,old
2280,9.978982210159302,0.11614933494703249,obse,soup_scene1,50,old
2281,9.983262538909912,0.11643090638068267,obse,soup_scene1,50,old
2282,9.987565517425537,0.11643090638068267,obse,soup_scene1,50,old
2283,9.991946935653687,0.11662411263571777,obse,soup_scene1,50,old
2284,9.996243476867676,0.11685572169965203,obse,soup_scene1,50,old
2285,10.000871896743774,0.11685572169965203,obse,soup_scene1,50,old
2286,10.005160808563232,0.11690935691155244,obse,soup_scene1,50,old
2287,10.009618282318115,0.1171140833043464,obse,soup_scene1,50,old
2288,10.01394534111023,0.11710636567870829,obse,soup_scene1,50,old
2289,10.01837420463562,0.11726869725772669,obse,soup_scene1,50,old
2290,10.02266001701355,0.11743948337074267,obse,soup_scene1,50,old
2291,10.026825666427612,0.11743948337074267,obse,soup_scene1,50,old
2292,10.031261444091797,0.11766981291576493,obse,soup_scene1,50,old
2293,10.035531997680664,0.11766981291576493,obse,soup_scene1,50,old
2294,10.040639638900757,0.11788248916743355,obse,soup_scene1,50,old
2295,10.046185493469238,0.11788248916743355,obse,soup_scene1,50,old
2296,10.05207109451294,0.11808832971986699,obse,soup_scene1,50,old
2297,10.057956218719482,0.11822566877794707,obse,soup_scene1,50,old
2298,10.063733100891113,0.11811253174705096,obse,soup_scene1,50,old
2299,10.069520950317383,0.11831941572632335,obse,soup_scene1,50,old
2300,10.075391292572021,0.1185131883483143,obse,soup_scene1,50,old
2301,10.081147909164429,0.11875095550525179,obse,soup_scene1,50,old
2302,10.086714506149292,0.11875095550525179,obse,soup_scene1,50,old
2303,10.092994451522827,0.118904927862314,obse,soup_scene1,50,old
2304,10.097740173339844,0.11908575233383882,obse,soup_scene1,50,old
2305,10.101974487304688,0.11908575233383882,obse,soup_scene1,50,old
2306,10.10629415512085,0.11926305569342728,obse,soup_scene1,50,old
2307,10.11064624786377,0.11926305569342728,obse,soup_scene1,50,old
2308,10.11501693725586,0.11933545742162663,obse,soup_scene1,50,old
2309,10.119288682937622,0.11954161547820696,obse,soup_scene1,50,old
2310,10.123775959014893,0.11977985875753412,obse,soup_scene1,50,old
2311,10.128079891204834,0.1197778445484869,obse,soup_scene1,50,old
2312,10.132357358932495,0.11991114195240427,obse,soup_scene1,50,old
2313,10.136554956436157,0.11991114195240427,obse,soup_scene1,50,old
2314,10.140961408615112,0.12005288858522886,obse,soup_scene1,50,old
2315,10.145179986953735,0.12005288858522886,obse,soup_scene1,50,old
2316,10.149485349655151,0.1202564860603266,obse,soup_scene1,50,old
2317,10.15360426902771,0.1202564860603266,obse,soup_scene1,50,old
2318,10.158578395843506,0.1202564860603266,obse,soup_scene1,50,old
2319,10.1639986038208,0.12052057505701898,obse,soup_scene1,50,old
2320,10.168373107910156,0.12052057505701898,obse,soup_scene1,50,old
2321,10.17379879951477,0.12058576214863816,obse,soup_scene1,50,old
2322,10.178260087966919,0.12058576214863816,obse,soup_scene1,50,old
2323,10.182560920715332,0.12075652913745445,obse,soup_scene1,50,old
2324,10.186835765838623,0.12075652913745445,obse,soup_scene1,50,old
2325,10.191242694854736,0.12075652913745445,obse,soup_scene1,50,old
2326,10.195547342300415,0.12075652913745445,obse,soup_scene1,50,old
2327,10.200053930282593,0.12099281069809348,obse,soup_scene1,50,old
2328,10.20431637763977,0.12099281069809348,obse,soup_scene1,50,old
2329,10.208789587020874,0.12110666336396299,obse,soup_scene1,50,old
2330,10.213127613067627,0.12110666336396299,obse,soup_scene1,50,old
2331,10.218326807022095,0.12110660133040764,obse,soup_scene1,50,old
2332,10.222636938095093,0.12110660133040764,obse,soup_scene1,50,old
2333,10.227025270462036,0.1210727547934401,obse,soup_scene1,50,old
2334,10.231382608413696,0.12126908994026296,obse,soup_scene1,50,old
2335,10.235548734664917,0.12126908994026296,obse,soup_scene1,50,old
2336,10.23983883857727,0.12126908994026296,obse,soup_scene1,50,old
2337,10.244248628616333,0.12136471216533808,obse,soup_scene1,50,old
2338,10.2492995262146,0.12136471216533808,obse,soup_scene1,50,old
2339,10.25535798072815,0.12133230415097883,obse,soup_scene1,50,old
2340,10.260205030441284,0.12152384102078494,obse,soup_scene1,50,old
2341,10.26448106765747,0.12168071710112599,obse,soup_scene1,50,old
2342,10.26878833770752,0.12168071710112599,obse,soup_scene1,50,old
2343,10.273018836975098,0.12183918602833399,obse,soup_scene1,50,old
2344,10.277308940887451,0.12183918602833399,obse,soup_scene1,50,old
2345,10.281359910964966,0.12183918602833399,obse,soup_scene1,50,old
2346,10.285521268844604,0.12204483545194164,obse,soup_scene1,50,old
2347,10.28993034362793,0.12204483545194164,obse,soup_scene1,50,old
2348,10.294753313064575,0.1221805306209628,obse,soup_scene1,50,old
2349,10.299277305603027,0.12235031878348505,obse,soup_scene1,50,old
2350,10.303553104400635,0.12257174564802759,obse,soup_scene1,50,old
2351,10.3079674243927,0.1227258986979927,obse,soup_scene1,50,old
2352,10.312522888183594,0.12280006840531636,obse,soup_scene1,50,old
2353,10.31685471534729,0.12304262512674272,obse,soup_scene1,50,old
2354,10.32337737083435,0.12317096007495977,obse,soup_scene1,50,old
2355,10.328027248382568,0.12337399819969552,obse,soup_scene1,50,old
2356,10.332764148712158,0.12355785431278388,obse,soup_scene1,50,old
2357,10.337272882461548,0.123746071275783,obse,soup_scene1,50,old
2358,10.341839790344238,0.12395092481200581,obse,soup_scene1,50,old
2359,10.346219062805176,0.12395092481200581,obse,soup_scene1,50,old
2360,10.350672006607056,0.12420403849755231,obse,soup_scene1,50,old
2361,10.355847120285034,0.1244362890364737,obse,soup_scene1,50,old
2362,10.360238313674927,0.1244362890364737,obse,soup_scene1,50,old
2363,10.364521980285645,0.12448785690248923,obse,soup_scene1,50,old
2364,10.368900537490845,0.12448785690248923,obse,soup_scene1,50,old
2365,10.373318195343018,0.12480343292085401,obse,soup_scene1,50,old
2366,10.377585411071777,0.12480343292085401,obse,soup_scene1,50,old
2367,10.381880760192871,0.12499218062399145,obse,soup_scene1,50,old
2368,10.386121273040771,0.12499218062399145,obse,soup_scene1,50,old
2369,10.390520334243774,0.12518201708473875,obse,soup_scene1,50,old
2370,10.394829273223877,0.12518201708473875,obse,soup_scene1,50,old
2371,10.399986505508423,0.12528709670491162,obse,soup_scene1,50,old
2372,10.404600620269775,0.1252957003545514,obse,soup_scene1,50,old
2373,10.409259557723999,0.1255204979346293,obse,soup_scene1,50,old
2374,10.414002180099487,0.12566639870482513,obse,soup_scene1,50,old
2375,10.418641090393066,0.12566639870482513,obse,soup_scene1,50,old
2376,10.423146963119507,0.12587426865428,obse,soup_scene1,50,old
2377,10.427433013916016,0.12587426865428,obse,soup_scene1,50,old
2378,10.431896448135376,0.1260817377708469,obse,soup_scene1,50,old
2379,10.436157464981079,0.1260817377708469,obse,soup_scene1,50,old
2380,10.440580368041992,0.12633586982718237,obse,soup_scene1,50,old
2381,10.444840908050537,0.12633586982718237,obse,soup_scene1,50,old
2382,10.44931149482727,0.12654712323160625,obse,soup_scene1,50,old
2383,10.453485488891602,0.12654712323160625,obse,soup_scene1,50,old
2384,10.458189249038696,0.12660010595159993,obse,soup_scene1,50,old
2385,10.46227765083313,0.12660010595159993,obse,soup_scene1,50,old
2386,10.466428995132446,0.1268665206866307,obse,soup_scene1,50,old
2387,10.470566034317017,0.1268665206866307,obse,soup_scene1,50,old
2388,10.474804401397705,0.12708399477775656,obse,soup_scene1,50,old
2389,10.47887897491455,0.12708399477775656,obse,soup_scene1,50,old
2390,10.483716249465942,0.1271759224919919,obse,soup_scene1,50,old
2391,10.488048553466797,0.1271759224919919,obse,soup_scene1,50,old
2392,10.492692708969116,0.12732478837430067,obse,soup_scene1,50,old
2393,10.497031211853027,0.12738555597647813,obse,soup_scene1,50,old
2394,10.501447677612305,0.1276764563868978,obse,soup_scene1,50,old
2395,10.505741834640503,0.1278478309817184,obse,soup_scene1,50,old
2396,10.510191440582275,0.1278478309817184,obse,soup_scene1,50,old
2397,10.514633178710938,0.12800897820872895,obse,soup_scene1,50,old
2398,10.518985509872437,0.12800897820872895,obse,soup_scene1,50,old
2399,10.523595809936523,0.12826170874705797,obse,soup_scene1,50,old
2400,10.52793025970459,0.12826170874705797,obse,soup_scene1,50,old
2401,10.532470464706421,0.1281899919651616,obse,soup_scene1,50,old
2402,10.536855697631836,0.1283329532485382,obse,soup_scene1,50,old
2403,10.54132342338562,0.1286009586143534,obse,soup_scene1,50,old
2404,10.54564356803894,0.1286009586143534,obse,soup_scene1,50,old
2405,10.550979137420654,0.12878801230792683,obse,soup_scene1,50,old
2406,10.555141925811768,0.12878801230792683,obse,soup_scene1,50,old
2407,10.559401035308838,0.12886264110103307,obse,soup_scene1,50,old
2408,10.563781261444092,0.12908860404644876,obse,soup_scene1,50,old
2409,10.56809663772583,0.12908860404644876,obse,soup_scene1,50,old
2410,10.574268341064453,0.12925069066780806,obse,soup_scene1,50,old
2411,10.579700469970703,0.12925069066780806,obse,soup_scene1,50,old
2412,10.584069013595581,0.12946085968968915,obse,soup_scene1,50,old
2413,10.58828091621399,0.12946085968968915,obse,soup_scene1,50,old
2414,10.59251093864441,0.12946085968968915,obse,soup_scene1,50,old
2415,10.59677791595459,0.12947622168727083,obse,soup_scene1,50,old
2416,10.601109504699707,0.12970443750493266,obse,soup_scene1,50,old
2417,10.605379104614258,0.12971505642322317,obse,soup_scene1,50,old
2418,10.609522581100464,0.129935037579133,obse,soup_scene1,50,old
2419,10.613771915435791,0.129935037579133,obse,soup_scene1,50,old
2420,10.618081331253052,0.1301159718519197,obse,soup_scene1,50,old
2421,10.622315883636475,0.1301159718519197,obse,soup_scene1,50,old
2422,10.62656283378601,0.1301159718519197,obse,soup_scene1,50,old
2423,10.630905866622925,0.13025540113780434,obse,soup_scene1,50,old
2424,10.635115146636963,0.13025540113780434,obse,soup_scene1,50,old
2425,10.63974928855896,0.13025540113780434,obse,soup_scene1,50,old
2426,10.645642518997192,0.13044163183913088,obse,soup_scene1,50,old
2427,10.650042533874512,0.13044163183913088,obse,soup_scene1,50,old
2428,10.654423713684082,0.13044163183913088,obse,soup_scene1,50,old
2429,10.659007787704468,0.13069155007874297,obse,soup_scene1,50,old
2430,10.663334369659424,0.130712949517819,obse,soup_scene1,50,old
2431,10.667501449584961,0.13090945695224193,obse,soup_scene1,50,old
2432,10.671691656112671,0.13090945695224193,obse,soup_scene1,50,old
2433,10.675864219665527,0.1310711032092898,obse,soup_scene1,50,old
2434,10.679969310760498,0.1310711032092898,obse,soup_scene1,50,old
2435,10.684481143951416,0.1310711032092898,obse,soup_scene1,50,old
2436,10.688971042633057,0.1311187803451506,obse,soup_scene1,50,old
2437,10.69355034828186,0.13138995233334305,obse,soup_scene1,50,old
2438,10.698379278182983,0.13154353853265383,obse,soup_scene1,50,old
2439,10.70310091972351,0.13180137773303363,obse,soup_scene1,50,old
2440,10.707464933395386,0.13200871065746642,obse,soup_scene1,50,old
2441,10.712287187576294,0.13225266756607457,obse,soup_scene1,50,old
2442,10.716963768005371,0.13238998895933402,obse,soup_scene1,50,old
2443,10.721522092819214,0.13268730679820018,obse,soup_scene1,50,old
2444,10.72639536857605,0.13293793567998488,obse,soup_scene1,50,old
2445,10.730998039245605,0.13317933627496445,obse,soup_scene1,50,old
2446,10.736674547195435,0.1333448351346773,obse,soup_scene1,50,old
2447,10.742501735687256,0.13385541791630565,obse,soup_scene1,50,old
2448,10.746777534484863,0.1338202455604041,obse,soup_scene1,50,old
2449,10.751501083374023,0.13404461436108972,obse,soup_scene1,50,old
2450,10.755911350250244,0.13432483387873126,obse,soup_scene1,50,old
2451,10.760329008102417,0.13432483387873126,obse,soup_scene1,50,old
2452,10.764695882797241,0.13458161193358456,obse,soup_scene1,50,old
2453,10.769260883331299,0.13458161193358456,obse,soup_scene1,50,old
2454,10.774012565612793,0.13482622356598994,obse,soup_scene1,50,old
2455,10.778211832046509,0.13482622356598994,obse,soup_scene1,50,old
2456,10.782825708389282,0.13507064298828275,obse,soup_scene1,50,old
2457,10.787083625793457,0.13507064298828275,obse,soup_scene1,50,old
2458,10.791941404342651,0.13534178918261147,obse,soup_scene1,50,old
2459,10.79619836807251,0.13527229530231485,obse,soup_scene1,50,old
2460,10.800530672073364,0.1355222865008742,obse,soup_scene1,50,old
2461,10.805061101913452,0.13548631404236225,obse,soup_scene1,50,old
2462,10.809389114379883,0.13571995953018112,obse,soup_scene1,50,old
2463,10.81355595588684,0.1359418974854151,obse,soup_scene1,50,old
2464,10.817777872085571,0.1359418974854151,obse,soup_scene1,50,old
2465,10.822134494781494,0.13596975303648817,obse,soup_scene1,50,old
2466,10.826573133468628,0.13620226320757736,obse,soup_scene1,50,old
2467,10.83104395866394,0.13648417908118674,obse,soup_scene1,50,old
2468,10.835294723510742,0.13648417908118674,obse,soup_scene1,50,old
2469,10.839610815048218,0.13680817807972268,obse,soup_scene1,50,old
2470,10.844149827957153,0.13680817807972268,obse,soup_scene1,50,old
2471,10.84837031364441,0.13712180341098387,obse,soup_scene1,50,old
2472,10.85271167755127,0.13712180341098387,obse,soup_scene1,50,old
2473,10.857381343841553,0.1373041001575765,obse,soup_scene1,50,old
2474,10.861559867858887,0.1373041001575765,obse,soup_scene1,50,old
2475,10.865920305252075,0.13757601419730006,obse,soup_scene1,50,old
2476,10.870136737823486,0.13757601419730006,obse,soup_scene1,50,old
2477,10.874718189239502,0.13782194670479464,obse,soup_scene1,50,old
2478,10.879004716873169,0.13782194670479464,obse,soup_scene1,50,old
2479,10.883994340896606,0.1381277554567547,obse,soup_scene1,50,old
2480,10.888326406478882,0.13815358129280356,obse,soup_scene1,50,old
2481,10.892998933792114,0.1384415366573616,obse,soup_scene1,50,old
2482,10.897221326828003,0.13880427560132044,obse,soup_scene1,50,old
2483,10.901753425598145,0.13880427560132044,obse,soup_scene1,50,old
2484,10.905990362167358,0.13908163725650688,obse,soup_scene1,50,old
2485,10.910441875457764,0.13908163725650688,obse,soup_scene1,50,old
2486,10.91480016708374,0.13932074397884137,obse,soup_scene1,50,old
2487,10.91916036605835,0.13932074397884137,obse,soup_scene1,50,old
2488,10.923728704452515,0.13955545873386654,obse,soup_scene1,50,old
2489,10.927990913391113,0.13955545873386654,obse,soup_scene1,50,old
2490,10.932438611984253,0.13983304987622586,obse,soup_scene1,50,old
2491,10.936580419540405,0.13983304987622586,obse,soup_scene1,50,old
2492,10.941078901290894,0.1401649967903818,obse,soup_scene1,50,old
2493,10.9452383518219,0.1401649967903818,obse,soup_scene1,50,old
2494,10.949576139450073,0.14034978074416504,obse,soup_scene1,50,old
2495,10.9536292552948,0.14034978074416504,obse,soup_scene1,50,old
2496,10.958173513412476,0.1406804226666073,obse,soup_scene1,50,old
2497,10.962352752685547,0.1406804226666073,obse,soup_scene1,50,old
2498,10.966921329498291,0.14098057282843607,obse,soup_scene1,50,old
2499,10.971060276031494,0.14096690007912432,obse,soup_scene1,50,old
2500,10.975375890731812,0.141234773589853,obse,soup_scene1,50,old
2501,10.97953987121582,0.141234773589853,obse,soup_scene1,50,old
2502,10.984026908874512,0.14151574635129097,obse,soup_scene1,50,old
2503,10.988276481628418,0.14148290618528925,obse,soup_scene1,50,old
2504,10.992889642715454,0.14147308684635929,obse,soup_scene1,50,old
2505,10.997150897979736,0.14153604412855453,obse,soup_scene1,50,old
2506,11.001574516296387,0.14210833115097923,obse,soup_scene1,50,old
2507,11.005970478057861,0.14212534669895144,obse,soup_scene1,50,old
2508,11.01112985610962,0.14242552268772565,obse,soup_scene1,50,old
2509,11.015426635742188,0.14268042241939702,obse,soup_scene1,50,old
2510,11.019676446914673,0.14268042241939702,obse,soup_scene1,50,old
2511,11.02418303489685,0.14266702285412672,obse,soup_scene1,50,old
2512,11.02849006652832,0.14298470833131585,obse,soup_scene1,50,old
2513,11.0333092212677,0.14324919244304962,obse,soup_scene1,50,old
2514,11.037465333938599,0.14324919244304962,obse,soup_scene1,50,old
2515,11.042231559753418,0.14355634242869605,obse,soup_scene1,50,old
2516,11.04689908027649,0.14379872511164302,obse,soup_scene1,50,old
2517,11.051355838775635,0.14379872511164302,obse,soup_scene1,50,old
2518,11.055946111679077,0.14411668517590426,obse,soup_scene1,50,old
2519,11.059935569763184,0.14411668517590426,obse,soup_scene1,50,old
2520,11.064176082611084,0.14436495310999461,obse,soup_scene1,50,old
2521,11.068182945251465,0.14436495310999461,obse,soup_scene1,50,old
2522,11.072512149810791,0.14465195708022247,obse,soup_scene1,50,old
2523,11.077181339263916,0.14465195708022247,obse,soup_scene1,50,old
2524,11.081562042236328,0.14493232516818857,obse,soup_scene1,50,old
2525,11.085699796676636,0.14493232516818857,obse,soup_scene1,50,old
2526,11.090383768081665,0.14517485724175835,obse,soup_scene1,50,old
2527,11.09463882446289,0.14517485724175835,obse,soup_scene1,50,old
2528,11.098932027816772,0.14548391833509966,obse,soup_scene1,50,old
2529,11.103164434432983,0.14548391833509966,obse,soup_scene1,50,old
2530,11.107486486434937,0.1457607505291793,obse,soup_scene1,50,old
2531,11.112028121948242,0.1457607505291793,obse,soup_scene1,50,old
2532,11.118124008178711,0.1459927523416107,obse,soup_scene1,50,old
2533,11.122559785842896,0.14606782642586838,obse,soup_scene1,50,old
2534,11.12851333618164,0.14603961265260051,obse,soup_scene1,50,old
2535,11.13318681716919,0.1465083357825251,obse,soup_scene1,50,old
2536,11.137600660324097,0.1465083357825251,obse,soup_scene1,50,old
2537,11.142331838607788,0.14676047218970448,obse,soup_scene1,50,old
2538,11.147071123123169,0.1466855868071903,obse,soup_scene1,50,old
2539,11.152847290039062,0.1466855868071903,obse,soup_scene1,50,old
2540,11.158921480178833,0.146983170611597,obse,soup_scene1,50,old
2541,11.164695501327515,0.1471612933524504,obse,soup_scene1,50,old
2542,11.170487880706787,0.14722414815749926,obse,soup_scene1,50,old
2543,11.176258563995361,0.14752793212160267,obse,soup_scene1,50,old
2544,11.181953430175781,0.14799146474710664,obse,soup_scene1,50,old
2545,11.18662166595459,0.14799146474710664,obse,soup_scene1,50,old
2546,11.191114902496338,0.14799743033596655,obse,soup_scene1,50,old
2547,11.195677757263184,0.14799743033596655,obse,soup_scene1,50,old
2548,11.20017409324646,0.14825029953970612,obse,soup_scene1,50,old
2549,11.206388235092163,0.14881935467080865,obse,soup_scene1,50,old
2550,11.211774110794067,0.14881935467080865,obse,soup_scene1,50,old
2551,11.216266870498657,0.148687607334323,obse,soup_scene1,50,old
2552,11.220457553863525,0.148687607334323,obse,soup_scene1,50,old
2553,11.224914073944092,0.14883700058925778,obse,soup_scene1,50,old
2554,11.22899317741394,0.14883700058925778,obse,soup_scene1,50,old
2555,11.233412504196167,0.14920207577881012,obse,soup_scene1,50,old
2556,11.237539529800415,0.14920207577881012,obse,soup_scene1,50,old
2557,11.2420973777771,0.14978370756688403,obse,soup_scene1,50,old
2558,11.246211528778076,0.14977100422764206,obse,soup_scene1,50,old
2559,11.25074577331543,0.1499783795003815,obse,soup_scene1,50,old
2560,11.255123138427734,0.1498637713223809,obse,soup_scene1,50,old
2561,11.259857177734375,0.14972448064430502,obse,soup_scene1,50,old
2562,11.264262437820435,0.14986582775114018,obse,soup_scene1,50,old
2563,11.268725872039795,0.14986582775114018,obse,soup_scene1,50,old
2564,11.27373480796814,0.15008584566172778,obse,soup_scene1,50,old
2565,11.279423236846924,0.15009333638930303,obse,soup_scene1,50,old
2566,11.283828973770142,0.15029400422543954,obse,soup_scene1,50,old
2567,11.288223505020142,0.15032807610711765,obse,soup_scene1,50,old
2568,11.292781591415405,0.150539065581508,obse,soup_scene1,50,old
2569,11.297149419784546,0.15068252392406978,obse,soup_scene1,50,old
2570,11.301401615142822,0.15068252392406978,obse,soup_scene1,50,old
2571,11.305760622024536,0.1508708818239626,obse,soup_scene1,50,old
2572,11.309985160827637,0.1508708818239626,obse,soup_scene1,50,old
2573,11.314245223999023,0.1510431856275429,obse,soup_scene1,50,old
2574,11.318509578704834,0.1510431856275429,obse,soup_scene1,50,old
2575,11.323196411132812,0.1511899268568512,obse,soup_scene1,50,old
2576,11.327435731887817,0.1511899268568512,obse,soup_scene1,50,old
2577,11.331874132156372,0.1513260546960778,obse,soup_scene1,50,old
2578,11.336192846298218,0.1513260546960778,obse,soup_scene1,50,old
2579,11.340689659118652,0.15154643992154207,obse,soup_scene1,50,old
2580,11.344887495040894,0.15154643992154207,obse,soup_scene1,50,old
2581,11.349331617355347,0.1516723495895511,obse,soup_scene1,50,old
2582,11.35355019569397,0.1516723495895511,obse,soup_scene1,50,old
2583,11.357609272003174,0.1516723495895511,obse,soup_scene1,50,old
2584,11.362076044082642,0.151738567819608,obse,soup_scene1,50,old
2585,11.366457223892212,0.151738567819608,obse,soup_scene1,50,old
2586,11.37137770652771,0.15191574672751476,obse,soup_scene1,50,old
2587,11.375700950622559,0.15191574672751476,obse,soup_scene1,50,old
2588,11.37992811203003,0.15206400853598423,obse,soup_scene1,50,old
2589,11.384168863296509,0.15206400853598423,obse,soup_scene1,50,old
2590,11.388327598571777,0.15206400853598423,obse,soup_scene1,50,old
2591,11.392729997634888,0.15213396351579528,obse,soup_scene1,50,old
2592,11.397001028060913,0.15213396351579528,obse,soup_scene1,50,old
2593,11.401391506195068,0.15223125433768334,obse,soup_scene1,50,old
2594,11.405691146850586,0.15223125433768334,obse,soup_scene1,50,old
2595,11.409687042236328,0.15223125433768334,obse,soup_scene1,50,old
2596,11.414360284805298,0.15226436925265865,obse,soup_scene1,50,old
2597,11.418477296829224,0.15226436925265865,obse,soup_scene1,50,old
2598,11.422826290130615,0.15226436925265865,obse,soup_scene1,50,old
2599,11.426936626434326,0.152311226930353,obse,soup_scene1,50,old
2600,11.431235313415527,0.15241423809057358,obse,soup_scene1,50,old
2601,11.435698747634888,0.15248778694799112,obse,soup_scene1,50,old
2602,11.439967393875122,0.15258700519908128,obse,soup_scene1,50,old
2603,11.444380521774292,0.15257505631711452,obse,soup_scene1,50,old
2604,11.448803663253784,0.15276556664331434,obse,soup_scene1,50,old
2605,11.453048467636108,0.15276556664331434,obse,soup_scene1,50,old
2606,11.457676410675049,0.15277600641742398,obse,soup_scene1,50,old
2607,11.461786270141602,0.15277600641742398,obse,soup_scene1,50,old
2608,11.466487169265747,0.15290957191823976,obse,soup_scene1,50,old
2609,11.470699310302734,0.15290957191823976,obse,soup_scene1,50,old
2610,11.475141763687134,0.15279203775808076,obse,soup_scene1,50,old
2611,11.47937536239624,0.15285785609269764,obse,soup_scene1,50,old
2612,11.483824491500854,0.15289593111916416,obse,soup_scene1,50,old
2613,11.488108158111572,0.15295601900097713,obse,soup_scene1,50,old
2614,11.49264669418335,0.15305808901067908,obse,soup_scene1,50,old
2615,11.498084306716919,0.15306612733570357,obse,soup_scene1,50,old
2616,11.502462148666382,0.1531262941112724,obse,soup_scene1,50,old
2617,11.506981611251831,0.15318732245961053,obse,soup_scene1,50,old
2618,11.512389898300171,0.1532637504314935,obse,soup_scene1,50,old
2619,11.518319368362427,0.15335610108560013,obse,soup_scene1,50,old
2620,11.524582147598267,0.15340126258395037,obse,soup_scene1,50,old
2621,11.5308837890625,0.15348710717325392,obse,soup_scene1,50,old
2622,11.536903619766235,0.15351044561464633,obse,soup_scene1,50,old
2623,11.542795658111572,0.1534890366913579,obse,soup_scene1,50,old
2624,11.548598527908325,0.15348334982090434,obse,soup_scene1,50,old
2625,11.554328203201294,0.15348334982090434,obse,soup_scene1,50,old
2626,11.560173511505127,0.1534918275586031,obse,soup_scene1,50,old
2627,11.566042423248291,0.15357870123710854,obse,soup_scene1,50,old
2628,11.571864604949951,0.15345775320601607,obse,soup_scene1,50,old
2629,11.57676887512207,0.15346695066237154,obse,soup_scene1,50,old
2630,11.581114292144775,0.15350772075753966,obse,soup_scene1,50,old
2631,11.585460186004639,0.15350772075753966,obse,soup_scene1,50,old
2632,11.589903354644775,0.1534835244006857,obse,soup_scene1,50,old
2633,11.594135999679565,0.1534835244006857,obse,soup_scene1,50,old
2634,11.59857702255249,0.1534473474506196,obse,soup_scene1,50,old
2635,11.602860689163208,0.1534473474506196,obse,soup_scene1,50,old
2636,11.607186079025269,0.15352928240701755,obse,soup_scene1,50,old
2637,11.611433982849121,0.15352928240701755,obse,soup_scene1,50,old
2638,11.615940570831299,0.1534271922000442,obse,soup_scene1,50,old
2639,11.62007451057434,0.1534271922000442,obse,soup_scene1,50,old
2640,11.62456464767456,0.15349215777955152,obse,soup_scene1,50,old
2641,11.628721475601196,0.15349215777955152,obse,soup_scene1,50,old
2642,11.633201122283936,0.15348835525231772,obse,soup_scene1,50,old
2643,11.637361526489258,0.15348835525231772,obse,soup_scene1,50,old
2644,11.641688823699951,0.15355346699634442,obse,soup_scene1,50,old
2645,11.646010398864746,0.15355346699634442,obse,soup_scene1,50,old
2646,11.650262355804443,0.15350174627432472,obse,soup_scene1,50,old
2647,11.65462040901184,0.15344038013397443,obse,soup_scene1,50,old
2648,11.659075736999512,0.1534447541982508,obse,soup_scene1,50,old
2649,11.663207530975342,0.15343838927029696,obse,soup_scene1,50,old
2650,11.6679105758667,0.15343893357879873,obse,soup_scene1,50,old
2651,11.67237639427185,0.1534927950061399,obse,soup_scene1,50,old
2652,11.676767826080322,0.1534927950061399,obse,soup_scene1,50,old
2653,11.681097269058228,0.1534962176543722,obse,soup_scene1,50,old
2654,11.685414552688599,0.15348475497683864,obse,soup_scene1,50,old
2655,11.689980268478394,0.15349764622599713,obse,soup_scene1,50,old
2656,11.694419860839844,0.1535012179035003,obse,soup_scene1,50,old
2657,11.698844194412231,0.1535354321120998,obse,soup_scene1,50,old
2658,11.70299744606018,0.1535354321120998,obse,soup_scene1,50,old
2659,11.707488775253296,0.1535126727139385,obse,soup_scene1,50,old
2660,11.711569786071777,0.1535126727139385,obse,soup_scene1,50,old
2661,11.716089248657227,0.15348317142554815,obse,soup_scene1,50,old
2662,11.720057249069214,0.15348317142554815,obse,soup_scene1,50,old
2663,11.72448468208313,0.1534898305451799,obse,soup_scene1,50,old
2664,11.728691339492798,0.1534898305451799,obse,soup_scene1,50,old
2665,11.733501672744751,0.15350989326307496,obse,soup_scene1,50,old
2666,11.738010883331299,0.15347287369728307,obse,soup_scene1,50,old
2667,11.742615222930908,0.1534690960235387,obse,soup_scene1,50,old
2668,11.74703860282898,0.1534742779667329,obse,soup_scene1,50,old
2669,11.751568078994751,0.1534742779667329,obse,soup_scene1,50,old
2670,11.756062984466553,0.15343687675684695,obse,soup_scene1,50,old
2671,11.76013469696045,0.15343687675684695,obse,soup_scene1,50,old
2672,11.764607429504395,0.15343823935508824,obse,soup_scene1,50,old
2673,11.769115686416626,0.15343823935508824,obse,soup_scene1,50,old
2674,11.773807287216187,0.1535270485207051,obse,soup_scene1,50,old
2675,11.778193712234497,0.1535270485207051,obse,soup_scene1,50,old
2676,11.782665014266968,0.15356441075045915,obse,soup_scene1,50,old
2677,11.786978483200073,0.1535456161840915,obse,soup_scene1,50,old
2678,11.791417360305786,0.1535456161840915,obse,soup_scene1,50,old
2679,11.795759916305542,0.15349505692604165,obse,soup_scene1,50,old
2680,11.800349950790405,0.15349505692604165,obse,soup_scene1,50,old
2681,11.804855823516846,0.15349505692604165,obse,soup_scene1,50,old
2682,11.80955696105957,0.1535005254158184,obse,soup_scene1,50,old
2683,11.813959836959839,0.1535005254158184,obse,soup_scene1,50,old
2684,11.817973613739014,0.1535005254158184,obse,soup_scene1,50,old
2685,11.822526931762695,0.15344782963925163,obse,soup_scene1,50,old
2686,11.826972723007202,0.15352616049052936,obse,soup_scene1,50,old
2687,11.831276178359985,0.15351899830757224,obse,soup_scene1,50,old
2688,11.835544347763062,0.15351899830757224,obse,soup_scene1,50,old
2689,11.840151309967041,0.15351899830757224,obse,soup_scene1,50,old
2690,11.84459662437439,0.15350174996010568,obse,soup_scene1,50,old
2691,11.849132776260376,0.15350174996010568,obse,soup_scene1,50,old
2692,11.853320837020874,0.15350174996010568,obse,soup_scene1,50,old
2693,11.858114242553711,0.15353328200833927,obse,soup_scene1,50,old
2694,11.86221981048584,0.15353328200833927,obse,soup_scene1,50,old
2695,11.866635799407959,0.15349711648582523,obse,soup_scene1,50,old
2696,11.87074327468872,0.15349711648582523,obse,soup_scene1,50,old
2697,11.875141620635986,0.15354972224185992,obse,soup_scene1,50,old
2698,11.879358291625977,0.1535545249893217,obse,soup_scene1,50,old
2699,11.883404731750488,0.1535545249893217,obse,soup_scene1,50,old
2700,11.887756824493408,0.1535545249893217,obse,soup_scene1,50,old
2701,11.892208814620972,0.15349894077412457,obse,soup_scene1,50,old
2702,11.89658498764038,0.15349114082921372,obse,soup_scene1,50,old
2703,11.900946855545044,0.1534744501046629,obse,soup_scene1,50,old
2704,11.905300378799438,0.15348113164880697,obse,soup_scene1,50,old
2705,11.909808158874512,0.1534999426551471,obse,soup_scene1,50,old
2706,11.914133548736572,0.1534789171605639,obse,soup_scene1,50,old
2707,11.918680191040039,0.15357105936320337,obse,soup_scene1,50,old
2708,11.923810243606567,0.15351189215384548,obse,soup_scene1,50,old
2709,11.92858362197876,0.15353575326497895,obse,soup_scene1,50,old
2710,11.932983636856079,0.15354572721559515,obse,soup_scene1,50,old
2711,11.937353134155273,0.15363792238570156,obse,soup_scene1,50,old
2712,11.941850900650024,0.15360297405311676,obse,soup_scene1,50,old
2713,11.946340322494507,0.1536458097439466,obse,soup_scene1,50,old
2714,11.950724601745605,0.15373952366602925,obse,soup_scene1,50,old
2715,11.954962253570557,0.15373719811101436,obse,soup_scene1,50,old
2716,11.959477186203003,0.1538129710296543,obse,soup_scene1,50,old
2717,11.96352744102478,0.1538306967038454,obse,soup_scene1,50,old
2718,11.967910289764404,0.1538948900321398,obse,soup_scene1,50,old
2719,11.972106695175171,0.15392712851145707,obse,soup_scene1,50,old
2720,11.976405382156372,0.15392712851145707,obse,soup_scene1,50,old
2721,11.980805158615112,0.1539747581222331,obse,soup_scene1,50,old
2722,11.9849374294281,0.1539747581222331,obse,soup_scene1,50,old
2723,11.989312410354614,0.1540846038944165,obse,soup_scene1,50,old
2724,11.993446588516235,0.1540846038944165,obse,soup_scene1,50,old
2725,11.997775316238403,0.1542261591191063,obse,soup_scene1,50,old
2726,12.002050638198853,0.1542261591191063,obse,soup_scene1,50,old
2727,12.006250143051147,0.15434158171238183,obse,soup_scene1,50,old
2728,12.01052737236023,0.15434158171238183,obse,soup_scene1,50,old
2729,12.014893531799316,0.15445567466181667,obse,soup_scene1,50,old
2730,12.019104957580566,0.15445567466181667,obse,soup_scene1,50,old
2731,12.023460149765015,0.15460728971959142,obse,soup_scene1,50,old
2732,12.02762484550476,0.15460728971959142,obse,soup_scene1,50,old
2733,12.031890630722046,0.15475779456385472,obse,soup_scene1,50,old
2734,12.03606629371643,0.15475779456385472,obse,soup_scene1,50,old
2735,12.04032564163208,0.15489589301690282,obse,soup_scene1,50,old
2736,12.044522047042847,0.15489589301690282,obse,soup_scene1,50,old
2737,12.048922538757324,0.15508071443177204,obse,soup_scene1,50,old
2738,12.05311393737793,0.15508071443177204,obse,soup_scene1,50,old
2739,12.057504415512085,0.15516611567416025,obse,soup_scene1,50,old
2740,12.0616774559021,0.15516611567416025,obse,soup_scene1,50,old
2741,12.066139936447144,0.15543711806339064,obse,soup_scene1,50,old
2742,12.070274353027344,0.15543711806339064,obse,soup_scene1,50,old
2743,12.074635982513428,0.15563956431149176,obse,soup_scene1,50,old
2744,12.078990697860718,0.15563956431149176,obse,soup_scene1,50,old
2745,12.083448886871338,0.15577875848101222,obse,soup_scene1,50,old
2746,12.08782148361206,0.1558575025956144,obse,soup_scene1,50,old
2747,12.093238353729248,0.15606014662134282,obse,soup_scene1,50,old
2748,12.097568988800049,0.1562403062270174,obse,soup_scene1,50,old
2749,12.101750135421753,0.1562403062270174,obse,soup_scene1,50,old
2750,12.10595965385437,0.1563948380710586,obse,soup_scene1,50,old
2751,12.11029839515686,0.1563948380710586,obse,soup_scene1,50,old
2752,12.114714860916138,0.15670951085724114,obse,soup_scene1,50,old
2753,12.118965864181519,0.15670951085724114,obse,soup_scene1,50,old
2754,12.123446226119995,0.15684943672043947,obse,soup_scene1,50,old
2755,12.127769470214844,0.15684943672043947,obse,soup_scene1,50,old
2756,12.13218641281128,0.15718365914954452,obse,soup_scene1,50,old
2757,12.136434555053711,0.15718365914954452,obse,soup_scene1,50,old
2758,12.140925168991089,0.15747436464469913,obse,soup_scene1,50,old
2759,12.145191669464111,0.15747436464469913,obse,soup_scene1,50,old
2760,12.14996075630188,0.15769351194166284,obse,soup_scene1,50,old
2761,12.154157638549805,0.15769351194166284,obse,soup_scene1,50,old
2762,12.158803701400757,0.15812003244699888,obse,soup_scene1,50,old
2763,12.163222551345825,0.15812003244699888,obse,soup_scene1,50,old
2764,12.168027877807617,0.15833266203272692,obse,soup_scene1,50,old
2765,12.172609806060791,0.15828444282000645,obse,soup_scene1,50,old
2766,12.17726445198059,0.15858483497593281,obse,soup_scene1,50,old
2767,12.182219982147217,0.15895826320956097,obse,soup_scene1,50,old
2768,12.186588287353516,0.15895826320956097,obse,soup_scene1,50,old
2769,12.19126009941101,0.15934271628118338,obse,soup_scene1,50,old
2770,12.195363283157349,0.15934271628118338,obse,soup_scene1,50,old
2771,12.199888944625854,0.1595939570171441,obse,soup_scene1,50,old
2772,12.204097032546997,0.15957964981268374,obse,soup_scene1,50,old
2773,12.20856237411499,0.1599374278973007,obse,soup_scene1,50,old
2774,12.21282172203064,0.160028242224048,obse,soup_scene1,50,old
2775,12.21736216545105,0.16033195832738886,obse,soup_scene1,50,old
2776,12.221731662750244,0.16026357369681998,obse,soup_scene1,50,old
2777,12.226102828979492,0.16056958229091145,obse,soup_scene1,50,old
2778,12.230388641357422,0.16060338484214287,obse,soup_scene1,50,old
2779,12.234848260879517,0.16093824708216628,obse,soup_scene1,50,old
2780,12.239184379577637,0.16119765498692076,obse,soup_scene1,50,old
2781,12.24375319480896,0.16119765498692076,obse,soup_scene1,50,old
2782,12.24832820892334,0.16158207673235905,obse,soup_scene1,50,old
2783,12.252594709396362,0.16158207673235905,obse,soup_scene1,50,old
2784,12.257107019424438,0.16196718758574982,obse,soup_scene1,50,old
2785,12.261625289916992,0.16196718758574982,obse,soup_scene1,50,old
2786,12.266296625137329,0.16231583274153372,obse,soup_scene1,50,old
2787,12.270668268203735,0.16231583274153372,obse,soup_scene1,50,old
2788,12.27549123764038,0.16256281449589222,obse,soup_scene1,50,old
2789,12.279855012893677,0.16259500986380476,obse,soup_scene1,50,old
2790,12.28439712524414,0.16298210001143232,obse,soup_scene1,50,old
2791,12.288744688034058,0.16296488720390498,obse,soup_scene1,50,old
2792,12.293059587478638,0.16329682579802762,obse,soup_scene1,50,old
2793,12.297304630279541,0.16362781699670495,obse,soup_scene1,50,old
2794,12.301404237747192,0.16362781699670495,obse,soup_scene1,50,old
2795,12.305717468261719,0.16363495354551666,obse,soup_scene1,50,old
2796,12.309855937957764,0.16393740762341147,obse,soup_scene1,50,old
2797,12.314147710800171,0.16423501195359752,obse,soup_scene1,50,old
2798,12.318850755691528,0.16423501195359752,obse,soup_scene1,50,old
2799,12.32425308227539,0.16453883250700035,obse,soup_scene1,50,old
2800,12.328536033630371,0.16453883250700035,obse,soup_scene1,50,old
2801,12.33332109451294,0.1649287426384941,obse,soup_scene1,50,old
2802,12.337698221206665,0.1649287426384941,obse,soup_scene1,50,old
2803,12.342331886291504,0.16521352533832095,obse,soup_scene1,50,old
2804,12.346677303314209,0.16527457268653523,obse,soup_scene1,50,old
2805,12.351114988327026,0.1655952378943711,obse,soup_scene1,50,old
2806,12.355607986450195,0.16585862766621082,obse,soup_scene1,50,old
2807,12.359920978546143,0.16585862766621082,obse,soup_scene1,50,old
2808,12.364335775375366,0.1661825424101263,obse,soup_scene1,50,old
2809,12.36864185333252,0.1661825424101263,obse,soup_scene1,50,old
2810,12.372965097427368,0.1663990789574159,obse,soup_scene1,50,old
2811,12.377233266830444,0.1663990789574159,obse,soup_scene1,50,old
2812,12.381633520126343,0.16678607517032457,obse,soup_scene1,50,old
2813,12.38595700263977,0.16678607517032457,obse,soup_scene1,50,old
2814,12.390487670898438,0.1670870757474138,obse,soup_scene1,50,old
2815,12.394663572311401,0.1670870757474138,obse,soup_scene1,50,old
2816,12.399176359176636,0.16728127457781955,obse,soup_scene1,50,old
2817,12.403523206710815,0.16728127457781955,obse,soup_scene1,50,old
2818,12.408068418502808,0.1676132691431881,obse,soup_scene1,50,old
2819,12.412371397018433,0.1676132691431881,obse,soup_scene1,50,old
2820,12.416743040084839,0.16781222354157319,obse,soup_scene1,50,old
2821,12.421133995056152,0.16781222354157319,obse,soup_scene1,50,old
2822,12.425690174102783,0.1681280797049022,obse,soup_scene1,50,old
2823,12.430070400238037,0.16840038617786032,obse,soup_scene1,50,old
2824,12.434448003768921,0.16840038617786032,obse,soup_scene1,50,old
2825,12.438856601715088,0.16843431669688597,obse,soup_scene1,50,old
2826,12.443261861801147,0.16877417571188302,obse,soup_scene1,50,old
2827,12.447855949401855,0.16895425454347016,obse,soup_scene1,50,old
2828,12.452270984649658,0.16895425454347016,obse,soup_scene1,50,old
2829,12.45680284500122,0.16929581030294058,obse,soup_scene1,50,old
2830,12.461139678955078,0.16929581030294058,obse,soup_scene1,50,old
2831,12.465518712997437,0.16956656515009474,obse,soup_scene1,50,old
2832,12.469767570495605,0.16956656515009474,obse,soup_scene1,50,old
2833,12.47429633140564,0.16968224864401854,obse,soup_scene1,50,old
2834,12.478323936462402,0.16968224864401854,obse,soup_scene1,50,old
2835,12.482676982879639,0.17035064323537513,obse,soup_scene1,50,old
2836,12.487032651901245,0.17035064323537513,obse,soup_scene1,50,old
2837,12.491872310638428,0.17024867224890816,obse,soup_scene1,50,old
2838,12.496230125427246,0.1702468086218876,obse,soup_scene1,50,old
2839,12.500592947006226,0.17051541671827133,obse,soup_scene1,50,old
2840,12.504767179489136,0.1708420319763014,obse,soup_scene1,50,old
2841,12.508972406387329,0.1708420319763014,obse,soup_scene1,50,old
2842,12.513154745101929,0.17074817509717452,obse,soup_scene1,50,old
2843,12.517501592636108,0.1709820307411105,obse,soup_scene1,50,old
2844,12.521687746047974,0.170992610213388,obse,soup_scene1,50,old
2845,12.526281118392944,0.1712555122846124,obse,soup_scene1,50,old
2846,12.530653476715088,0.17131474037820837,obse,soup_scene1,50,old
2847,12.535025119781494,0.17155801124141473,obse,soup_scene1,50,old
2848,12.539460897445679,0.17170025995944482,obse,soup_scene1,50,old
2849,12.543776750564575,0.17170025995944482,obse,soup_scene1,50,old
2850,12.548261165618896,0.17199142226924505,obse,soup_scene1,50,old
2851,12.552519798278809,0.17199142226924505,obse,soup_scene1,50,old
2852,12.557112216949463,0.17218322234804,obse,soup_scene1,50,old
2853,12.561291456222534,0.17218322234804,obse,soup_scene1,50,old
2854,12.565654516220093,0.17208733583481234,obse,soup_scene1,50,old
2855,12.569907188415527,0.17208733583481234,obse,soup_scene1,50,old
2856,12.574481010437012,0.17242742584863444,obse,soup_scene1,50,old
2857,12.578874349594116,0.17264208725361385,obse,soup_scene1,50,old
2858,12.58324670791626,0.17264208725361385,obse,soup_scene1,50,old
2859,12.587594270706177,0.17276702743768296,obse,soup_scene1,50,old
2860,12.592034816741943,0.17276702743768296,obse,soup_scene1,50,old
2861,12.596421957015991,0.1728379623604189,obse,soup_scene1,50,old
2862,12.601173877716064,0.17306616663505156,obse,soup_scene1,50,old
2863,12.605384588241577,0.17306616663505156,obse,soup_scene1,50,old
2864,12.609869003295898,0.1730615609371481,obse,soup_scene1,50,old
2865,12.614192247390747,0.17327275547523313,obse,soup_scene1,50,old
2866,12.618471622467041,0.17327275547523313,obse,soup_scene1,50,old
2867,12.62309193611145,0.17348276919064554,obse,soup_scene1,50,old
2868,12.627460479736328,0.17348276919064554,obse,soup_scene1,50,old
2869,12.6318838596344,0.1730900863485512,obse,soup_scene1,50,old
2870,12.63620901107788,0.17330707361750428,obse,soup_scene1,50,old
2871,12.640605688095093,0.17330707361750428,obse,soup_scene1,50,old
2872,12.645155668258667,0.17351998218160575,obse,soup_scene1,50,old
2873,12.649506330490112,0.17351998218160575,obse,soup_scene1,50,old
2874,12.653799533843994,0.17351998218160575,obse,soup_scene1,50,old
2875,12.658700942993164,0.17375701138371474,obse,soup_scene1,50,old
2876,12.662836074829102,0.17375701138371474,obse,soup_scene1,50,old
2877,12.667341947555542,0.1739823741556378,obse,soup_scene1,50,old
2878,12.67153811454773,0.1739823741556378,obse,soup_scene1,50,old
2879,12.675875186920166,0.17395935039768126,obse,soup_scene1,50,old
2880,12.680237054824829,0.1741702249271804,obse,soup_scene1,50,old
2881,12.684548377990723,0.1741702249271804,obse,soup_scene1,50,old
2882,12.688769817352295,0.1741702249271804,obse,soup_scene1,50,old
2883,12.693315505981445,0.17444267465849111,obse,soup_scene1,50,old
2884,12.697903633117676,0.17448393365207177,obse,soup_scene1,50,old
2885,12.702612400054932,0.1747084146942673,obse,soup_scene1,50,old
2886,12.707401752471924,0.17493101425926563,obse,soup_scene1,50,old
2887,12.712015628814697,0.17516608509486623,obse,soup_scene1,50,old
2888,12.716540575027466,0.17528802938386365,obse,soup_scene1,50,old
2889,12.72117018699646,0.17548076046116454,obse,soup_scene1,50,old
2890,12.726136445999146,0.17571024730147622,obse,soup_scene1,50,old
2891,12.730982303619385,0.17590834151855075,obse,soup_scene1,50,old
2892,12.735505104064941,0.17619095691908698,obse,soup_scene1,50,old
2893,12.740282773971558,0.176323793217296,obse,soup_scene1,50,old
2894,12.744858026504517,0.176666381199391,obse,soup_scene1,50,old
2895,12.74953842163086,0.17683894127002436,obse,soup_scene1,50,old
2896,12.753820657730103,0.17683894127002436,obse,soup_scene1,50,old
2897,12.758593797683716,0.17714986734879776,obse,soup_scene1,50,old
2898,12.763024091720581,0.17707348650987823,obse,soup_scene1,50,old
2899,12.767536401748657,0.17729671501668207,obse,soup_scene1,50,old
2900,12.77192234992981,0.1772952529869168,obse,soup_scene1,50,old
2901,12.776518821716309,0.17754831726368903,obse,soup_scene1,50,old
2902,12.78091049194336,0.17835028080395068,obse,soup_scene1,50,old
2903,12.78538727760315,0.17835028080395068,obse,soup_scene1,50,old
2904,12.790077447891235,0.17854533534852673,obse,soup_scene1,50,old
2905,12.794469118118286,0.17854533534852673,obse,soup_scene1,50,old
2906,12.799081325531006,0.1788591414756807,obse,soup_scene1,50,old
2907,12.803223609924316,0.1788591414756807,obse,soup_scene1,50,old
2908,12.80796480178833,0.1791147475865235,obse,soup_scene1,50,old
2909,12.812711477279663,0.1790553270409173,obse,soup_scene1,50,old
2910,12.816992044448853,0.17928872362808201,obse,soup_scene1,50,old
2911,12.821194887161255,0.17928872362808201,obse,soup_scene1,50,old
2912,12.825629711151123,0.17949199219281778,obse,soup_scene1,50,old
2913,12.829899311065674,0.17951425143760497,obse,soup_scene1,50,old
2914,12.83432650566101,0.1797234607773079,obse,soup_scene1,50,old
2915,12.838517904281616,0.1797667011845447,obse,soup_scene1,50,old
2916,12.84290599822998,0.1797667011845447,obse,soup_scene1,50,old
2917,12.847162246704102,0.17997810554982344,obse,soup_scene1,50,old
2918,12.851421356201172,0.17997810554982344,obse,soup_scene1,50,old
2919,12.855672359466553,0.17996294083118092,obse,soup_scene1,50,old
2920,12.860052108764648,0.18018491792814037,obse,soup_scene1,50,old
2921,12.864344358444214,0.18055028248288363,obse,soup_scene1,50,old
2922,12.868578433990479,0.18055028248288363,obse,soup_scene1,50,old
2923,12.872963905334473,0.180812576909671,obse,soup_scene1,50,old
2924,12.87764573097229,0.18081543346689688,obse,soup_scene1,50,old
2925,12.882232189178467,0.18096929639697296,obse,soup_scene1,50,old
2926,12.886423826217651,0.18096929639697296,obse,soup_scene1,50,old
2927,12.891011238098145,0.18167623136271607,obse,soup_scene1,50,old
2928,12.895421743392944,0.18167623136271607,obse,soup_scene1,50,old
2929,12.89992618560791,0.18184426084936145,obse,soup_scene1,50,old
2930,12.904357433319092,0.18176545040846853,obse,soup_scene1,50,old
2931,12.908767223358154,0.181970182362855,obse,soup_scene1,50,old
2932,12.913200855255127,0.18196885787733175,obse,soup_scene1,50,old
2933,12.917654991149902,0.1822039716955706,obse,soup_scene1,50,old
2934,12.922239542007446,0.1822119204554012,obse,soup_scene1,50,old
2935,12.926511287689209,0.1824455602300755,obse,soup_scene1,50,old
2936,12.930927038192749,0.18268368101985616,obse,soup_scene1,50,old
2937,12.935076713562012,0.18268368101985616,obse,soup_scene1,50,old
2938,12.939378499984741,0.18292536593076275,obse,soup_scene1,50,old
2939,12.944049835205078,0.18292536593076275,obse,soup_scene1,50,old
2940,12.9485182762146,0.18309490071262285,obse,soup_scene1,50,old
2941,12.952943563461304,0.18309490071262285,obse,soup_scene1,50,old
2942,12.957659006118774,0.18325758656253913,obse,soup_scene1,50,old
2943,12.962177753448486,0.18325758656253913,obse,soup_scene1,50,old
2944,12.966374158859253,0.18325758656253913,obse,soup_scene1,50,old
2945,12.971206188201904,0.18351955640403467,obse,soup_scene1,50,old
2946,12.975457668304443,0.18351955640403467,obse,soup_scene1,50,old
2947,12.979947805404663,0.18364190012696396,obse,soup_scene1,50,old
2948,12.98433232307434,0.18364190012696396,obse,soup_scene1,50,old
2949,12.98853063583374,0.18364190012696396,obse,soup_scene1,50,old
2950,12.993221282958984,0.18389293586230035,obse,soup_scene1,50,old
2951,12.99751353263855,0.18389293586230035,obse,soup_scene1,50,old
2952,13.00193190574646,0.18411826509216775,obse,soup_scene1,50,old
2953,13.006192207336426,0.18411826509216775,obse,soup_scene1,50,old
2954,13.010436296463013,0.1840782062002117,obse,soup_scene1,50,old
2955,13.014814615249634,0.18430802185145156,obse,soup_scene1,50,old
2956,13.018948078155518,0.18430802185145156,obse,soup_scene1,50,old
2957,13.02331280708313,0.18455600145870446,obse,soup_scene1,50,old
2958,13.02747893333435,0.18455600145870446,obse,soup_scene1,50,old
2959,13.032073736190796,0.18452621066328675,obse,soup_scene1,50,old
2960,13.036535263061523,0.1847675570938198,obse,soup_scene1,50,old
2961,13.04086685180664,0.1847675570938198,obse,soup_scene1,50,old
2962,13.04526948928833,0.18494217944527153,obse,soup_scene1,50,old
2963,13.049638271331787,0.18494217944527153,obse,soup_scene1,50,old
2964,13.054171085357666,0.18513211468736324,obse,soup_scene1,50,old
2965,13.058329343795776,0.18513211468736324,obse,soup_scene1,50,old
2966,13.062453985214233,0.18513211468736324,obse,soup_scene1,50,old
2967,13.06721043586731,0.18532715239078262,obse,soup_scene1,50,old
2968,13.071342468261719,0.18532715239078262,obse,soup_scene1,50,old
2969,13.075847148895264,0.18554529020135285,obse,soup_scene1,50,old
2970,13.080183267593384,0.18554529020135285,obse,soup_scene1,50,old
2971,13.08446717262268,0.18554529020135285,obse,soup_scene1,50,old
2972,13.088681697845459,0.18551617849023258,obse,soup_scene1,50,old
2973,13.093023777008057,0.1857501933407872,obse,soup_scene1,50,old
2974,13.09755802154541,0.18597171122260567,obse,soup_scene1,50,old
2975,13.102205753326416,0.1862283959131153,obse,soup_scene1,50,old
2976,13.106643438339233,0.18644282685251506,obse,soup_scene1,50,old
2977,13.11123275756836,0.18675984767460682,obse,soup_scene1,50,old
2978,13.115821123123169,0.1868647491773433,obse,soup_scene1,50,old
2979,13.120289325714111,0.18716360119429395,obse,soup_scene1,50,old
2980,13.125253915786743,0.1873952143184852,obse,soup_scene1,50,old
2981,13.130200624465942,0.18747259404847777,obse,soup_scene1,50,old
2982,13.134746074676514,0.18785194719327045,obse,soup_scene1,50,old
2983,13.139014482498169,0.18807999679598883,obse,soup_scene1,50,old
2984,13.143237829208374,0.18807999679598883,obse,soup_scene1,50,old
2985,13.147413969039917,0.1882895775554928,obse,soup_scene1,50,old
2986,13.151668071746826,0.1882895775554928,obse,soup_scene1,50,old
2987,13.156140327453613,0.18848243759137365,obse,soup_scene1,50,old
2988,13.16031813621521,0.18848243759137365,obse,soup_scene1,50,old
2989,13.164576530456543,0.1887200231242097,obse,soup_scene1,50,old
2990,13.168858528137207,0.1887200231242097,obse,soup_scene1,50,old
2991,13.173242568969727,0.1889901199607724,obse,soup_scene1,50,old
2992,13.177363872528076,0.1889901199607724,obse,soup_scene1,50,old
2993,13.181591033935547,0.18916468937101769,obse,soup_scene1,50,old
2994,13.18582797050476,0.18916468937101769,obse,soup_scene1,50,old
2995,13.190785646438599,0.18941726085693333,obse,soup_scene1,50,old
2996,13.19501805305481,0.18941726085693333,obse,soup_scene1,50,old
2997,13.199593544006348,0.18972029992004016,obse,soup_scene1,50,old
2998,13.205572605133057,0.18965206659172607,obse,soup_scene1,50,old
2999,13.21148419380188,0.18988061460288133,obse,soup_scene1,50,old
3000,13.217430353164673,0.19015372205001965,obse,soup_scene1,50,old
3001,13.223301649093628,0.1903858833691528,obse,soup_scene1,50,old
3002,13.229028224945068,0.1903858833691528,obse,soup_scene1,50,old
3003,13.23501992225647,0.19062214345996228,obse,soup_scene1,50,old
3004,13.240858316421509,0.1909310166289438,obse,soup_scene1,50,old
3005,13.246698141098022,0.19107333605829704,obse,soup_scene1,50,old
3006,13.251872539520264,0.19107333605829704,obse,soup_scene1,50,old
3007,13.256176948547363,0.19138158740825043,obse,soup_scene1,50,old
3008,13.260535478591919,0.19138158740825043,obse,soup_scene1,50,old
3009,13.26482343673706,0.19137465985992555,obse,soup_scene1,50,old
3010,13.269179105758667,0.19160319674598858,obse,soup_scene1,50,old
3011,13.27356505393982,0.19177907908599756,obse,soup_scene1,50,old
3012,13.278132677078247,0.19177907908599756,obse,soup_scene1,50,old
3013,13.28264045715332,0.19205712007092482,obse,soup_scene1,50,old
3014,13.287173748016357,0.19205712007092482,obse,soup_scene1,50,old
3015,13.291610479354858,0.19229799392229746,obse,soup_scene1,50,old
3016,13.295661449432373,0.19229799392229746,obse,soup_scene1,50,old
3017,13.299981594085693,0.19258198248233294,obse,soup_scene1,50,old
3018,13.304163217544556,0.19258198248233294,obse,soup_scene1,50,old
3019,13.308453798294067,0.19278225042357877,obse,soup_scene1,50,old
3020,13.312583208084106,0.19278225042357877,obse,soup_scene1,50,old
3021,13.316877603530884,0.1930305700497641,obse,soup_scene1,50,old
3022,13.320878982543945,0.1930305700497641,obse,soup_scene1,50,old
3023,13.325452327728271,0.19318933696888851,obse,soup_scene1,50,old
3024,13.329487800598145,0.1931666965187612,obse,soup_scene1,50,old
3025,13.333926677703857,0.19339077058271018,obse,soup_scene1,50,old
3026,13.338051319122314,0.1934481658183371,obse,soup_scene1,50,old
3027,13.34231424331665,0.19366723093509136,obse,soup_scene1,50,old
3028,13.346549034118652,0.19354242842754082,obse,soup_scene1,50,old
3029,13.350888967514038,0.19375048833421327,obse,soup_scene1,50,old
3030,13.355447769165039,0.19408842555715222,obse,soup_scene1,50,old
3031,13.359807252883911,0.19408842555715222,obse,soup_scene1,50,old
3032,13.364224433898926,0.19414679805849308,obse,soup_scene1,50,old
3033,13.368651628494263,0.19435272551104657,obse,soup_scene1,50,old
3034,13.37305235862732,0.19447029122992388,obse,soup_scene1,50,old
3035,13.377365827560425,0.19447029122992388,obse,soup_scene1,50,old
3036,13.38186264038086,0.19470661071587905,obse,soup_scene1,50,old
3037,13.38613486289978,0.19470661071587905,obse,soup_scene1,50,old
3038,13.391260623931885,0.19497857261668244,obse,soup_scene1,50,old
3039,13.395456075668335,0.19497857261668244,obse,soup_scene1,50,old
3040,13.39984941482544,0.19525466218592974,obse,soup_scene1,50,old
3041,13.404025077819824,0.19525466218592974,obse,soup_scene1,50,old
3042,13.408493041992188,0.19538902388046597,obse,soup_scene1,50,old
3043,13.41278624534607,0.1953650559618722,obse,soup_scene1,50,old
3044,13.417212009429932,0.1955692228628607,obse,soup_scene1,50,old
3045,13.421497344970703,0.19560975983632056,obse,soup_scene1,50,old
3046,13.425958156585693,0.1958687231690733,obse,soup_scene1,50,old
3047,13.430235624313354,0.19610297372208652,obse,soup_scene1,50,old
3048,13.434560298919678,0.19610297372208652,obse,soup_scene1,50,old
3049,13.43886923789978,0.19629311397199187,obse,soup_scene1,50,old
3050,13.443523645401001,0.19629311397199187,obse,soup_scene1,50,old
3051,13.44829511642456,0.19652169698445968,obse,soup_scene1,50,old
3052,13.452441930770874,0.19652169698445968,obse,soup_scene1,50,old
3053,13.45695185661316,0.19680474365234596,obse,soup_scene1,50,old
3054,13.461296558380127,0.19680474365234596,obse,soup_scene1,50,old
3055,13.465893268585205,0.1969759385376463,obse,soup_scene1,50,old
3056,13.47005009651184,0.1969759385376463,obse,soup_scene1,50,old
3057,13.475019454956055,0.19724453069002712,obse,soup_scene1,50,old
3058,13.479297876358032,0.19724453069002712,obse,soup_scene1,50,old
3059,13.483843564987183,0.19736483593698317,obse,soup_scene1,50,old
3060,13.488080024719238,0.1976335563791636,obse,soup_scene1,50,old
3061,13.49242091178894,0.1976335563791636,obse,soup_scene1,50,old
3062,13.496566772460938,0.19879191541445085,obse,soup_scene1,50,old
3063,13.500954389572144,0.1991090422251061,obse,soup_scene1,50,old
3064,13.505149364471436,0.19908119608803213,obse,soup_scene1,50,old
3065,13.509599924087524,0.19931617067759208,obse,soup_scene1,50,old
3066,13.513893365859985,0.19954039365234613,obse,soup_scene1,50,old
3067,13.5185866355896,0.19954039365234613,obse,soup_scene1,50,old
3068,13.523332595825195,0.19965898217592493,obse,soup_scene1,50,old
3069,13.527608633041382,0.19965898217592493,obse,soup_scene1,50,old
3070,13.532204627990723,0.19991156075890107,obse,soup_scene1,50,old
3071,13.536724328994751,0.19991156075890107,obse,soup_scene1,50,old
3072,13.54153060913086,0.20005106964303385,obse,soup_scene1,50,old
3073,13.545623302459717,0.20005106964303385,obse,soup_scene1,50,old
3074,13.550151109695435,0.20003362147533157,obse,soup_scene1,50,old
3075,13.55497145652771,0.19989037480495075,obse,soup_scene1,50,old
3076,13.559620380401611,0.2001002837516215,obse,soup_scene1,50,old
3077,13.563881874084473,0.2003184408378372,obse,soup_scene1,50,old
3078,13.568452835083008,0.2003184408378372,obse,soup_scene1,50,old
3079,13.572860956192017,0.2005097781152939,obse,soup_scene1,50,old
3080,13.577151775360107,0.2005097781152939,obse,soup_scene1,50,old
3081,13.581560373306274,0.20072229637526626,obse,soup_scene1,50,old
3082,13.5857834815979,0.20072229637526626,obse,soup_scene1,50,old
3083,13.590342044830322,0.20101735699568246,obse,soup_scene1,50,old
3084,13.595178127288818,0.20101735699568246,obse,soup_scene1,50,old
3085,13.599869966506958,0.20113704248319866,obse,soup_scene1,50,old
3086,13.60413908958435,0.201150928129273,obse,soup_scene1,50,old
3087,13.608832836151123,0.20133651710290798,obse,soup_scene1,50,old
3088,13.613404273986816,0.20150415943062272,obse,soup_scene1,50,old
3089,13.617860555648804,0.20150415943062272,obse,soup_scene1,50,old
3090,13.622279167175293,0.20146152082209295,obse,soup_scene1,50,old
3091,13.62660527229309,0.20169471376025785,obse,soup_scene1,50,old
3092,13.630758285522461,0.20192464949390215,obse,soup_scene1,50,old
3093,13.635061979293823,0.20192464949390215,obse,soup_scene1,50,old
3094,13.639389991760254,0.202169293431909,obse,soup_scene1,50,old
3095,13.64356780052185,0.202169293431909,obse,soup_scene1,50,old
3096,13.647937059402466,0.20235352425719955,obse,soup_scene1,50,old
3097,13.652057647705078,0.20235352425719955,obse,soup_scene1,50,old
3098,13.656297445297241,0.20255632211616076,obse,soup_scene1,50,old
3099,13.660470485687256,0.20255632211616076,obse,soup_scene1,50,old
3100,13.664740800857544,0.20278066730796,obse,soup_scene1,50,old
3101,13.669066190719604,0.20278066730796,obse,soup_scene1,50,old
3102,13.673315286636353,0.20297958691822213,obse,soup_scene1,50,old
3103,13.677582025527954,0.20297958691822213,obse,soup_scene1,50,old
3104,13.681864738464355,0.203221205200056,obse,soup_scene1,50,old
3105,13.686116456985474,0.203221205200056,obse,soup_scene1,50,old
3106,13.69045376777649,0.20336981471191845,obse,soup_scene1,50,old
3107,13.6946439743042,0.20336981471191845,obse,soup_scene1,50,old
3108,13.699046850204468,0.20357007954983083,obse,soup_scene1,50,old
3109,13.703283071517944,0.20357007954983083,obse,soup_scene1,50,old
3110,13.707735061645508,0.2037952521109694,obse,soup_scene1,50,old
3111,13.711982727050781,0.2037952521109694,obse,soup_scene1,50,old
3112,13.716606140136719,0.20407588307492128,obse,soup_scene1,50,old
3113,13.72090220451355,0.20407588307492128,obse,soup_scene1,50,old
3114,13.725533485412598,0.2042068531220485,obse,soup_scene1,50,old
3115,13.729716777801514,0.2044090609313339,obse,soup_scene1,50,old
3116,13.73419737815857,0.2044090609313339,obse,soup_scene1,50,old
3117,13.738566398620605,0.20461944006180804,obse,soup_scene1,50,old
3118,13.742880582809448,0.20461944006180804,obse,soup_scene1,50,old
3119,13.747109413146973,0.20493774220175973,obse,soup_scene1,50,old
3120,13.751353740692139,0.20493774220175973,obse,soup_scene1,50,old
3121,13.755827903747559,0.2048367815788558,obse,soup_scene1,50,old
3122,13.760309934616089,0.20511272052285404,obse,soup_scene1,50,old
3123,13.765036821365356,0.20527421004691562,obse,soup_scene1,50,old
3124,13.769376993179321,0.20527421004691562,obse,soup_scene1,50,old
3125,13.773743152618408,0.20527421004691562,obse,soup_scene1,50,old
3126,13.777891397476196,0.20527421004691562,obse,soup_scene1,50,old
3127,13.782539129257202,0.20551751566346058,obse,soup_scene1,50,old
3128,13.786865949630737,0.20574175056775473,obse,soup_scene1,50,old
3129,13.791500329971313,0.20574175056775473,obse,soup_scene1,50,old
3130,13.795660972595215,0.20574175056775473,obse,soup_scene1,50,old
3131,13.800010442733765,0.2059870188576546,obse,soup_scene1,50,old
3132,13.804357290267944,0.2059870188576546,obse,soup_scene1,50,old
3133,13.808500051498413,0.2059870188576546,obse,soup_scene1,50,old
3134,13.812863111495972,0.20624193759913928,obse,soup_scene1,50,old
3135,13.817096710205078,0.20624193759913928,obse,soup_scene1,50,old
3136,13.82126522064209,0.20624193759913928,obse,soup_scene1,50,old
3137,13.825743436813354,0.2064418867743953,obse,soup_scene1,50,old
3138,13.82985782623291,0.2064418867743953,obse,soup_scene1,50,old
3139,13.834085702896118,0.2064313487219096,obse,soup_scene1,50,old
3140,13.838266611099243,0.20665630092064807,obse,soup_scene1,50,old
3141,13.84248971939087,0.20665630092064807,obse,soup_scene1,50,old
3142,13.846740484237671,0.2067075673002821,obse,soup_scene1,50,old
3143,13.851146221160889,0.2068868909282068,obse,soup_scene1,50,old
3144,13.855441808700562,0.2068868909282068,obse,soup_scene1,50,old
3145,13.859718322753906,0.2071666995431432,obse,soup_scene1,50,old
3146,13.863894701004028,0.2071666995431432,obse,soup_scene1,50,old
3147,13.868277072906494,0.20713187847894857,obse,soup_scene1,50,old
3148,13.872865915298462,0.2073737580683241,obse,soup_scene1,50,old
3149,13.877069234848022,0.2073737580683241,obse,soup_scene1,50,old
3150,13.881304025650024,0.2073432089081504,obse,soup_scene1,50,old
3151,13.885550022125244,0.20763154774043355,obse,soup_scene1,50,old
3152,13.889707803726196,0.20763154774043355,obse,soup_scene1,50,old
3153,13.89396357536316,0.20767382625394057,obse,soup_scene1,50,old
3154,13.898338317871094,0.20790565697904798,obse,soup_scene1,50,old
3155,13.902820110321045,0.20805148974870838,obse,soup_scene1,50,old
3156,13.907357215881348,0.20834873450032862,obse,soup_scene1,50,old
3157,13.911762237548828,0.2085123720309134,obse,soup_scene1,50,old
3158,13.916513681411743,0.20888176453857185,obse,soup_scene1,50,old
3159,13.922200441360474,0.20925567566613162,obse,soup_scene1,50,old
3160,13.92760443687439,0.2095470805154983,obse,soup_scene1,50,old
3161,13.933554410934448,0.20973588959981837,obse,soup_scene1,50,old
3162,13.938046216964722,0.20996425616882838,obse,soup_scene1,50,old
3163,13.94249415397644,0.21015587845319814,obse,soup_scene1,50,old
3164,13.947007179260254,0.21047787971456586,obse,soup_scene1,50,old
3165,13.951265573501587,0.21047787971456586,obse,soup_scene1,50,old
3166,13.955679178237915,0.21081239172386002,obse,soup_scene1,50,old
3167,13.960052728652954,0.21081239172386002,obse,soup_scene1,50,old
3168,13.964376211166382,0.2110336597759288,obse,soup_scene1,50,old
3169,13.968658447265625,0.2110336597759288,obse,soup_scene1,50,old
3170,13.973044395446777,0.21119311698967916,obse,soup_scene1,50,old
3171,13.977309226989746,0.21119311698967916,obse,soup_scene1,50,old
3172,13.981610774993896,0.21144325510408493,obse,soup_scene1,50,old
3173,13.985852718353271,0.21144325510408493,obse,soup_scene1,50,old
3174,13.990353345870972,0.2116870880879077,obse,soup_scene1,50,old
3175,13.99443006515503,0.2116870880879077,obse,soup_scene1,50,old
3176,13.998799562454224,0.2118911202429131,obse,soup_scene1,50,old
3177,14.003058910369873,0.2118911202429131,obse,soup_scene1,50,old
3178,14.007420301437378,0.21213674997491258,obse,soup_scene1,50,old
3179,14.01289677619934,0.2122472860285316,obse,soup_scene1,50,old
3180,14.01833701133728,0.21248753407456486,obse,soup_scene1,50,old
3181,14.02304220199585,0.2126396469148507,obse,soup_scene1,50,old
3182,14.02747392654419,0.2126396469148507,obse,soup_scene1,50,old
3183,14.031927585601807,0.21285701085455155,obse,soup_scene1,50,old
3184,14.036322116851807,0.21285701085455155,obse,soup_scene1,50,old
3185,14.040803909301758,0.21311961453582623,obse,soup_scene1,50,old
3186,14.044960975646973,0.21311961453582623,obse,soup_scene1,50,old
3187,14.049626350402832,0.2134312004867542,obse,soup_scene1,50,old
3188,14.054105043411255,0.213331185302722,obse,soup_scene1,50,old
3189,14.0586838722229,0.213554894659624,obse,soup_scene1,50,old
3190,14.062872648239136,0.21369485183246478,obse,soup_scene1,50,old
3191,14.06764268875122,0.21391819326895084,obse,soup_scene1,50,old
3192,14.071990728378296,0.21402879896162474,obse,soup_scene1,50,old
3193,14.076576471328735,0.21402879896162474,obse,soup_scene1,50,old
3194,14.080859899520874,0.21426845980726084,obse,soup_scene1,50,old
3195,14.085230827331543,0.21426845980726084,obse,soup_scene1,50,old
3196,14.089678764343262,0.214559776627799,obse,soup_scene1,50,old
3197,14.094297409057617,0.214559776627799,obse,soup_scene1,50,old
3198,14.099501848220825,0.21478869039418555,obse,soup_scene1,50,old
3199,14.103703498840332,0.2146484184745951,obse,soup_scene1,50,old
3200,14.108221054077148,0.21483858965884578,obse,soup_scene1,50,old
3201,14.112343549728394,0.21483858965884578,obse,soup_scene1,50,old
3202,14.116968631744385,0.21518967261363747,obse,soup_scene1,50,old
3203,14.121250867843628,0.2151551299196121,obse,soup_scene1,50,old
3204,14.125749588012695,0.21538828119388048,obse,soup_scene1,50,old
3205,14.12999415397644,0.2155569565351224,obse,soup_scene1,50,old
3206,14.13445234298706,0.2155569565351224,obse,soup_scene1,50,old
3207,14.13870120048523,0.21565262284914755,obse,soup_scene1,50,old
3208,14.14319372177124,0.21587995791632347,obse,soup_scene1,50,old
3209,14.147545576095581,0.21600897233702954,obse,soup_scene1,50,old
3210,14.151796340942383,0.21600897233702954,obse,soup_scene1,50,old
3211,14.156513690948486,0.21631434874473293,obse,soup_scene1,50,old
3212,14.16131854057312,0.21631434874473293,obse,soup_scene1,50,old
3213,14.165343523025513,0.21631434874473293,obse,soup_scene1,50,old
3214,14.169799566268921,0.21648945551280466,obse,soup_scene1,50,old
3215,14.173871755599976,0.21648945551280466,obse,soup_scene1,50,old
3216,14.178314924240112,0.21645210236622653,obse,soup_scene1,50,old
3217,14.182432413101196,0.2166527946317172,obse,soup_scene1,50,old
3218,14.186761856079102,0.2166527946317172,obse,soup_scene1,50,old
3219,14.191278219223022,0.2168647014628732,obse,soup_scene1,50,old
3220,14.19560980796814,0.2168647014628732,obse,soup_scene1,50,old
3221,14.199745655059814,0.2168647014628732,obse,soup_scene1,50,old
3222,14.204029560089111,0.21714340978396598,obse,soup_scene1,50,old
3223,14.208464622497559,0.21714340978396598,obse,soup_scene1,50,old
3224,14.212797403335571,0.21740995214998513,obse,soup_scene1,50,old
3225,14.217074632644653,0.21740995214998513,obse,soup_scene1,50,old
3226,14.221431016921997,0.21740995214998513,obse,soup_scene1,50,old
3227,14.225839853286743,0.2176053233039535,obse,soup_scene1,50,old
3228,14.230039834976196,0.2176053233039535,obse,soup_scene1,50,old
3229,14.234582901000977,0.21785321149049672,obse,soup_scene1,50,old
3230,14.238862991333008,0.21785321149049672,obse,soup_scene1,50,old
3231,14.243093252182007,0.2178476727611108,obse,soup_scene1,50,old
3232,14.247939348220825,0.21806175092367416,obse,soup_scene1,50,old
3233,14.252199172973633,0.21806175092367416,obse,soup_scene1,50,old
3234,14.256624937057495,0.21828965494307712,obse,soup_scene1,50,old
3235,14.260990858078003,0.21828965494307712,obse,soup_scene1,50,old
3236,14.265030145645142,0.21828965494307712,obse,soup_scene1,50,old
3237,14.269595623016357,0.21871286426404504,obse,soup_scene1,50,old
3238,14.27359914779663,0.21871286426404504,obse,soup_scene1,50,old
3239,14.278037548065186,0.2186942048896983,obse,soup_scene1,50,old
3240,14.282254457473755,0.21891860965096865,obse,soup_scene1,50,old
3241,14.286653995513916,0.21891860965096865,obse,soup_scene1,50,old
3242,14.290961742401123,0.2189249278764384,obse,soup_scene1,50,old
3243,14.295202493667603,0.21919950372774413,obse,soup_scene1,50,old
3244,14.299860954284668,0.21919950372774413,obse,soup_scene1,50,old
3245,14.304525375366211,0.21943615635816238,obse,soup_scene1,50,old
3246,14.309041976928711,0.21965481407157159,obse,soup_scene1,50,old
3247,14.313497543334961,0.21986101815545098,obse,soup_scene1,50,old
3248,14.317963600158691,0.2201201917352513,obse,soup_scene1,50,old
3249,14.32294774055481,0.22035359592484213,obse,soup_scene1,50,old
3250,14.327649593353271,0.22061964774709586,obse,soup_scene1,50,old
3251,14.332313537597656,0.22088989737022602,obse,soup_scene1,50,old
3252,14.336864471435547,0.22111137249770665,obse,soup_scene1,50,old
3253,14.341559410095215,0.22140594763092147,obse,soup_scene1,50,old
3254,14.346231698989868,0.22165279189432446,obse,soup_scene1,50,old
3255,14.350682258605957,0.22185868541139342,obse,soup_scene1,50,old
3256,14.355284452438354,0.22187127250367966,obse,soup_scene1,50,old
3257,14.359772443771362,0.22210643161712323,obse,soup_scene1,50,old
3258,14.364105463027954,0.22234129778329917,obse,soup_scene1,50,old
3259,14.368417501449585,0.22234129778329917,obse,soup_scene1,50,old
3260,14.372703552246094,0.22232418899743306,obse,soup_scene1,50,old
3261,14.377056360244751,0.22254839483289232,obse,soup_scene1,50,old
3262,14.381557703018188,0.22279561690995806,obse,soup_scene1,50,old
3263,14.385741710662842,0.22279561690995806,obse,soup_scene1,50,old
3264,14.390561819076538,0.22310067657534893,obse,soup_scene1,50,old
3265,14.394689321517944,0.22310067657534893,obse,soup_scene1,50,old
3266,14.399441957473755,0.22331414352304793,obse,soup_scene1,50,old
3267,14.403669834136963,0.22331414352304793,obse,soup_scene1,50,old
3268,14.408079147338867,0.2235668087758601,obse,soup_scene1,50,old
3269,14.412539005279541,0.2235668087758601,obse,soup_scene1,50,old
3270,14.41730523109436,0.2238027151330627,obse,soup_scene1,50,old
3271,14.422114372253418,0.22377499898669725,obse,soup_scene1,50,old
3272,14.426412582397461,0.22401137260961076,obse,soup_scene1,50,old
3273,14.430874109268188,0.2240276275708434,obse,soup_scene1,50,old
3274,14.435097217559814,0.22426128490863287,obse,soup_scene1,50,old
3275,14.43950343132019,0.22447529130467977,obse,soup_scene1,50,old
3276,14.443666458129883,0.22447529130467977,obse,soup_scene1,50,old
3277,14.448017835617065,0.22475177694465862,obse,soup_scene1,50,old
3278,14.452284336090088,0.22475177694465862,obse,soup_scene1,50,old
3279,14.456775188446045,0.22509460892638325,obse,soup_scene1,50,old
3280,14.461095333099365,0.22509460892638325,obse,soup_scene1,50,old
3281,14.465593576431274,0.22531277994984653,obse,soup_scene1,50,old
3282,14.469950199127197,0.22531277994984653,obse,soup_scene1,50,old
3283,14.474582433700562,0.22552875854512902,obse,soup_scene1,50,old
3284,14.478735208511353,0.22552875854512902,obse,soup_scene1,50,old
3285,14.483308792114258,0.2257325356503306,obse,soup_scene1,50,old
3286,14.487506866455078,0.2257325356503306,obse,soup_scene1,50,old
3287,14.492091417312622,0.2258571500033534,obse,soup_scene1,50,old
3288,14.496330499649048,0.2258864911723069,obse,soup_scene1,50,old
3289,14.500810861587524,0.22611818281309173,obse,soup_scene1,50,old
3290,14.505033254623413,0.22609016459887768,obse,soup_scene1,50,old
3291,14.509374618530273,0.22632181979872043,obse,soup_scene1,50,old
3292,14.51383900642395,0.22663099421918534,obse,soup_scene1,50,old
3293,14.518275260925293,0.22663099421918534,obse,soup_scene1,50,old
3294,14.52277421951294,0.22683163120998706,obse,soup_scene1,50,old
3295,14.527116537094116,0.22683163120998706,obse,soup_scene1,50,old
3296,14.531812906265259,0.22715301519562078,obse,soup_scene1,50,old
3297,14.536120176315308,0.22715301519562078,obse,soup_scene1,50,old
3298,14.54067063331604,0.22735757881976543,obse,soup_scene1,50,old
3299,14.545182943344116,0.22735757881976543,obse,soup_scene1,50,old
3300,14.54994821548462,0.2274945630938388,obse,soup_scene1,50,old
3301,14.55419135093689,0.22750858988899392,obse,soup_scene1,50,old
3302,14.558950662612915,0.22773819069599419,obse,soup_scene1,50,old
3303,14.563705205917358,0.22782015138053793,obse,soup_scene1,50,old
3304,14.568277359008789,0.2280584763389505,obse,soup_scene1,50,old
3305,14.57268738746643,0.22828765744812143,obse,soup_scene1,50,old
3306,14.577349185943604,0.22828765744812143,obse,soup_scene1,50,old
3307,14.581867694854736,0.22843256607111287,obse,soup_scene1,50,old
3308,14.586434125900269,0.22843256607111287,obse,soup_scene1,50,old
3309,14.591348648071289,0.2287698096283538,obse,soup_scene1,50,old
3310,14.59575891494751,0.2287698096283538,obse,soup_scene1,50,old
3311,14.600403070449829,0.22905193355336928,obse,soup_scene1,50,old
3312,14.604654788970947,0.22905193355336928,obse,soup_scene1,50,old
3313,14.609238862991333,0.22927411734259176,obse,soup_scene1,50,old
3314,14.613831281661987,0.2292699161678116,obse,soup_scene1,50,old
3315,14.61852240562439,0.2295012577262167,obse,soup_scene1,50,old
3316,14.623146772384644,0.22974013150138434,obse,soup_scene1,50,old
3317,14.627546310424805,0.22974013150138434,obse,soup_scene1,50,old
3318,14.632296562194824,0.22998758984373233,obse,soup_scene1,50,old
3319,14.636530637741089,0.22998758984373233,obse,soup_scene1,50,old
3320,14.641081809997559,0.23025196225939612,obse,soup_scene1,50,old
3321,14.645317554473877,0.23025196225939612,obse,soup_scene1,50,old
3322,14.649776458740234,0.23040794071575663,obse,soup_scene1,50,old
3323,14.654253959655762,0.23040794071575663,obse,soup_scene1,50,old
3324,14.658956527709961,0.23064829729124756,obse,soup_scene1,50,old
3325,14.663394927978516,0.23075665064270046,obse,soup_scene1,50,old
3326,14.668143510818481,0.23103311618807254,obse,soup_scene1,50,old
3327,14.672620296478271,0.2312468830768126,obse,soup_scene1,50,old
3328,14.676928758621216,0.2312468830768126,obse,soup_scene1,50,old
3329,14.681288003921509,0.2313292001485968,obse,soup_scene1,50,old
3330,14.685678005218506,0.2313292001485968,obse,soup_scene1,50,old
3331,14.69020414352417,0.23163215489304642,obse,soup_scene1,50,old
3332,14.694461584091187,0.23163215489304642,obse,soup_scene1,50,old
3333,14.698878765106201,0.23196428776163136,obse,soup_scene1,50,old
3334,14.703063011169434,0.23196428776163136,obse,soup_scene1,50,old
3335,14.707366466522217,0.23216683127740703,obse,soup_scene1,50,old
3336,14.71177625656128,0.23216683127740703,obse,soup_scene1,50,old
3337,14.716235399246216,0.2323694449873993,obse,soup_scene1,50,old
3338,14.720892667770386,0.23235848588730695,obse,soup_scene1,50,old
3339,14.725204706192017,0.23262232870644128,obse,soup_scene1,50,old
3340,14.729402303695679,0.2327360174547449,obse,soup_scene1,50,old
3341,14.733760118484497,0.2329809378240544,obse,soup_scene1,50,old
3342,14.737960815429688,0.23286348913034463,obse,soup_scene1,50,old
3343,14.742341756820679,0.23310592044858133,obse,soup_scene1,50,old
3344,14.74651312828064,0.23309354566802803,obse,soup_scene1,50,old
3345,14.750840187072754,0.23336505395474658,obse,soup_scene1,50,old
3346,14.755043506622314,0.23367780248702774,obse,soup_scene1,50,old
3347,14.759425401687622,0.23367780248702774,obse,soup_scene1,50,old
3348,14.763630628585815,0.23364202768346332,obse,soup_scene1,50,old
3349,14.767939567565918,0.23389803566019599,obse,soup_scene1,50,old
3350,14.77211618423462,0.2339356883726335,obse,soup_scene1,50,old
3351,14.776395797729492,0.2342138076208386,obse,soup_scene1,50,old
3352,14.78054666519165,0.23446383015388728,obse,soup_scene1,50,old
3353,14.784881591796875,0.23446383015388728,obse,soup_scene1,50,old
3354,14.789235591888428,0.2347584158605165,obse,soup_scene1,50,old
3355,14.793619155883789,0.2347584158605165,obse,soup_scene1,50,old
3356,14.798003435134888,0.23504900839769804,obse,soup_scene1,50,old
3357,14.802255630493164,0.23504900839769804,obse,soup_scene1,50,old
3358,14.806634664535522,0.23529097595100779,obse,soup_scene1,50,old
3359,14.810893058776855,0.23529097595100779,obse,soup_scene1,50,old
3360,14.81522250175476,0.23570452523246094,obse,soup_scene1,50,old
3361,14.819391012191772,0.23570452523246094,obse,soup_scene1,50,old
3362,14.823844909667969,0.23589718756693862,obse,soup_scene1,50,old
3363,14.828068494796753,0.23589718756693862,obse,soup_scene1,50,old
3364,14.832623720169067,0.23620853999453106,obse,soup_scene1,50,old
3365,14.83675217628479,0.23620853999453106,obse,soup_scene1,50,old
3366,14.841200590133667,0.2364998222118378,obse,soup_scene1,50,old
3367,14.845458745956421,0.2364998222118378,obse,soup_scene1,50,old
3368,14.850106954574585,0.23677533741876122,obse,soup_scene1,50,old
3369,14.854411840438843,0.23687517051860849,obse,soup_scene1,50,old
3370,14.858689069747925,0.23718027733533242,obse,soup_scene1,50,old
3371,14.862847566604614,0.23720918759731205,obse,soup_scene1,50,old
3372,14.867347955703735,0.2374990159228475,obse,soup_scene1,50,old
3373,14.871620178222656,0.23740619334530755,obse,soup_scene1,50,old
3374,14.87605881690979,0.2377602046932597,obse,soup_scene1,50,old
3375,14.88031792640686,0.23805353310024605,obse,soup_scene1,50,old
3376,14.88503360748291,0.23805353310024605,obse,soup_scene1,50,old
3377,14.889268636703491,0.2384558239496998,obse,soup_scene1,50,old
3378,14.89352822303772,0.2384558239496998,obse,soup_scene1,50,old
3379,14.897717952728271,0.23864994149472457,obse,soup_scene1,50,old
3380,14.90202021598816,0.23864994149472457,obse,soup_scene1,50,old
3381,14.906407594680786,0.23905572728293004,obse,soup_scene1,50,old
3382,14.910595655441284,0.23905572728293004,obse,soup_scene1,50,old
3383,14.91496753692627,0.23936369236829672,obse,soup_scene1,50,old
3384,14.91914701461792,0.23936369236829672,obse,soup_scene1,50,old
3385,14.923537492752075,0.23968384853158994,obse,soup_scene1,50,old
3386,14.927648782730103,0.23968384853158994,obse,soup_scene1,50,old
3387,14.932026624679565,0.23998662521177105,obse,soup_scene1,50,old
3388,14.936423301696777,0.23998662521177105,obse,soup_scene1,50,old
3389,14.940957307815552,0.24044782696516576,obse,soup_scene1,50,old
3390,14.945093393325806,0.24044782696516576,obse,soup_scene1,50,old
3391,14.949572563171387,0.24082309644624325,obse,soup_scene1,50,old
3392,14.95368242263794,0.24082309644624325,obse,soup_scene1,50,old
3393,14.959771394729614,0.24109930009273814,obse,soup_scene1,50,old
3394,14.96429181098938,0.24109930009273814,obse,soup_scene1,50,old
3395,14.968993186950684,0.24141481573643933,obse,soup_scene1,50,old
3396,14.973380327224731,0.24141481573643933,obse,soup_scene1,50,old
3397,14.977500200271606,0.24141481573643933,obse,soup_scene1,50,old
3398,14.981860876083374,0.24179000802985415,obse,soup_scene1,50,old
3399,14.986869096755981,0.24179000802985415,obse,soup_scene1,50,old
3400,14.991621494293213,0.24208890456040658,obse,soup_scene1,50,old
3401,14.995923280715942,0.24208890456040658,obse,soup_scene1,50,old
3402,15.000185251235962,0.24208890456040658,obse,soup_scene1,50,old
3403,15.004950761795044,0.24253529572978316,obse,soup_scene1,50,old
3404,15.009333610534668,0.24245949670310896,obse,soup_scene1,50,old
3405,15.013830423355103,0.24284767921121467,obse,soup_scene1,50,old
3406,15.01804804801941,0.24284767921121467,obse,soup_scene1,50,old
3407,15.022531747817993,0.24284371398798482,obse,soup_scene1,50,old
3408,15.026824712753296,0.24317383427820233,obse,soup_scene1,50,old
3409,15.031105756759644,0.24317383427820233,obse,soup_scene1,50,old
3410,15.035702228546143,0.24354099525634218,obse,soup_scene1,50,old
3411,15.040287494659424,0.24354703751219922,obse,soup_scene1,50,old
3412,15.04470157623291,0.24387058843659082,obse,soup_scene1,50,old
3413,15.049045324325562,0.24387058843659082,obse,soup_scene1,50,old
3414,15.05388879776001,0.24419998770683532,obse,soup_scene1,50,old
3415,15.058273553848267,0.24419998770683532,obse,soup_scene1,50,old
3416,15.062386989593506,0.24419998770683532,obse,soup_scene1,50,old
3417,15.066987037658691,0.24451024893950996,obse,soup_scene1,50,old
3418,15.071236610412598,0.24451024893950996,obse,soup_scene1,50,old
3419,15.07560682296753,0.24451024893950996,obse,soup_scene1,50,old
3420,15.079832315444946,0.24487910214915254,obse,soup_scene1,50,old
3421,15.084330320358276,0.24487910214915254,obse,soup_scene1,50,old
3422,15.088564395904541,0.2449003701151056,obse,soup_scene1,50,old
3423,15.09279465675354,0.24523026752554866,obse,soup_scene1,50,old
3424,15.097257852554321,0.24523026752554866,obse,soup_scene1,50,old
3425,15.102229356765747,0.24551574231323214,obse,soup_scene1,50,old
3426,15.10668396949768,0.2459009093564208,obse,soup_scene1,50,old
3427,15.111326932907104,0.24608628165582502,obse,soup_scene1,50,old
3428,15.116119623184204,0.2463519049190077,obse,soup_scene1,50,old
3429,15.120835065841675,0.24664944824823812,obse,soup_scene1,50,old
3430,15.125530481338501,0.24694662863273695,obse,soup_scene1,50,old
3431,15.130374431610107,0.2471753863215345,obse,soup_scene1,50,old
3432,15.135065793991089,0.2474141752594676,obse,soup_scene1,50,old
3433,15.139605283737183,0.2476578736604432,obse,soup_scene1,50,old
3434,15.144038677215576,0.247893485531722,obse,soup_scene1,50,old
3435,15.148404598236084,0.24812543782796215,obse,soup_scene1,50,old
3436,15.152727365493774,0.24812543782796215,obse,soup_scene1,50,old
3437,15.157471418380737,0.24833415021675953,obse,soup_scene1,50,old
3438,15.161796808242798,0.24833415021675953,obse,soup_scene1,50,old
3439,15.166369915008545,0.24859137627616495,obse,soup_scene1,50,old
3440,15.170673370361328,0.24859137627616495,obse,soup_scene1,50,old
3441,15.175229549407959,0.2487497147567798,obse,soup_scene1,50,old
3442,15.179510593414307,0.24871950076039856,obse,soup_scene1,50,old
3443,15.184081077575684,0.24896583132659178,obse,soup_scene1,50,old
3444,15.188538074493408,0.24895561952652906,obse,soup_scene1,50,old
3445,15.1930673122406,0.2491281549796305,obse,soup_scene1,50,old
3446,15.197375774383545,0.24936871219614293,obse,soup_scene1,50,old
3447,15.201717376708984,0.24936871219614293,obse,soup_scene1,50,old
3448,15.20621633529663,0.24961111896884822,obse,soup_scene1,50,old
3449,15.21091604232788,0.24961111896884822,obse,soup_scene1,50,old
3450,15.215452909469604,0.2496989969961725,obse,soup_scene1,50,old
3451,15.219666004180908,0.2496989969961725,obse,soup_scene1,50,old
3452,15.224365472793579,0.24983152017056617,obse,soup_scene1,50,old
3453,15.228511810302734,0.24983152017056617,obse,soup_scene1,50,old
3454,15.233171701431274,0.24998652776788552,obse,soup_scene1,50,old
3455,15.23750376701355,0.24998652776788552,obse,soup_scene1,50,old
3456,15.242013216018677,0.25010713388099404,obse,soup_scene1,50,old
3457,15.246299266815186,0.2501724241919386,obse,soup_scene1,50,old
3458,15.25060772895813,0.2501724241919386,obse,soup_scene1,50,old
3459,15.254909753799438,0.25020682279498135,obse,soup_scene1,50,old
3460,15.259228944778442,0.25032663567925717,obse,soup_scene1,50,old
3461,15.263500928878784,0.25048740545085213,obse,soup_scene1,50,old
3462,15.26788878440857,0.25048740545085213,obse,soup_scene1,50,old
3463,15.272325277328491,0.2505175797113759,obse,soup_scene1,50,old
3464,15.276743173599243,0.2505175797113759,obse,soup_scene1,50,old
3465,15.281163930892944,0.25066637187291707,obse,soup_scene1,50,old
3466,15.285645961761475,0.25066637187291707,obse,soup_scene1,50,old
3467,15.29015827178955,0.2507085017125697,obse,soup_scene1,50,old
3468,15.294405460357666,0.2507085017125697,obse,soup_scene1,50,old
3469,15.298898220062256,0.2507701384084866,obse,soup_scene1,50,old
3470,15.303158521652222,0.2507701384084866,obse,soup_scene1,50,old
3471,15.307750225067139,0.2508453238340901,obse,soup_scene1,50,old
3472,15.31210732460022,0.2509150090996869,obse,soup_scene1,50,old
3473,15.316655158996582,0.25096293326023233,obse,soup_scene1,50,old
3474,15.321124076843262,0.25088210621629786,obse,soup_scene1,50,old
3475,15.325639724731445,0.2509477814649491,obse,soup_scene1,50,old
3476,15.33000659942627,0.2510045406434417,obse,soup_scene1,50,old
3477,15.334385395050049,0.2510045406434417,obse,soup_scene1,50,old
3478,15.338807106018066,0.25113928723850965,obse,soup_scene1,50,old
3479,15.34323763847351,0.25113928723850965,obse,soup_scene1,50,old
3480,15.347714900970459,0.2510849134042304,obse,soup_scene1,50,old
3481,15.352006435394287,0.2510849134042304,obse,soup_scene1,50,old
3482,15.356650829315186,0.2511356132837894,obse,soup_scene1,50,old
3483,15.360984086990356,0.2511356132837894,obse,soup_scene1,50,old
3484,15.365490198135376,0.2511356132837894,obse,soup_scene1,50,old
3485,15.369657754898071,0.25111801492165714,obse,soup_scene1,50,old
3486,15.37410020828247,0.25111801492165714,obse,soup_scene1,50,old
3487,15.378255367279053,0.25111801492165714,obse,soup_scene1,50,old
3488,15.382532835006714,0.2511244631558608,obse,soup_scene1,50,old
3489,15.386722087860107,0.2511244631558608,obse,soup_scene1,50,old
3490,15.391418933868408,0.251162679156395,obse,soup_scene1,50,old
3491,15.395647048950195,0.251162679156395,obse,soup_scene1,50,old
3492,15.399956464767456,0.251162679156395,obse,soup_scene1,50,old
3493,15.404317378997803,0.2512441978970045,obse,soup_scene1,50,old
3494,15.408657312393188,0.251235730112167,obse,soup_scene1,50,old
3495,15.413133382797241,0.25111133800753466,obse,soup_scene1,50,old
3496,15.417456865310669,0.25111133800753466,obse,soup_scene1,50,old
3497,15.421855688095093,0.25111133800753466,obse,soup_scene1,50,old
3498,15.426217555999756,0.25114742721100825,obse,soup_scene1,50,old
3499,15.430323600769043,0.2511600178786905,obse,soup_scene1,50,old
3500,15.434640645980835,0.2511600178786905,obse,soup_scene1,50,old
3501,15.438955783843994,0.2512250810764635,obse,soup_scene1,50,old
3502,15.443326234817505,0.2512250810764635,obse,soup_scene1,50,old
3503,15.447614908218384,0.2512250810764635,obse,soup_scene1,50,old
3504,15.451939582824707,0.2512326376204982,obse,soup_scene1,50,old
3505,15.456299066543579,0.2512326376204982,obse,soup_scene1,50,old
3506,15.460657835006714,0.2512326376204982,obse,soup_scene1,50,old
3507,15.46495771408081,0.25118560382687594,obse,soup_scene1,50,old
3508,15.469257831573486,0.25118560382687594,obse,soup_scene1,50,old
3509,15.473610162734985,0.2511956260258883,obse,soup_scene1,50,old
3510,15.477869987487793,0.2512232107202718,obse,soup_scene1,50,old
3511,15.482322454452515,0.25126364824811137,obse,soup_scene1,50,old
3512,15.486519813537598,0.25123547858963025,obse,soup_scene1,50,old
3513,15.491026639938354,0.25123547858963025,obse,soup_scene1,50,old
3514,15.495223045349121,0.25120988412311274,obse,soup_scene1,50,old
3515,15.49963092803955,0.2512215736050215,obse,soup_scene1,50,old
3516,15.504280805587769,0.25124032946079894,obse,soup_scene1,50,old
3517,15.508929252624512,0.2512281338874992,obse,soup_scene1,50,old
3518,15.513473749160767,0.2511384098787336,obse,soup_scene1,50,old
3519,15.518157482147217,0.2511605555840883,obse,soup_scene1,50,old
3520,15.522793531417847,0.25110365098643805,obse,soup_scene1,50,old
3521,15.527315139770508,0.2512196815752291,obse,soup_scene1,50,old
3522,15.531913995742798,0.25121664661897425,obse,soup_scene1,50,old
3523,15.536412477493286,0.25117618560384547,obse,soup_scene1,50,old
3524,15.5409414768219,0.25122248561265254,obse,soup_scene1,50,old
3525,15.545493841171265,0.2512189905880082,obse,soup_scene1,50,old
3526,15.550036430358887,0.25114844409164583,obse,soup_scene1,50,old
3527,15.554400205612183,0.25114844409164583,obse,soup_scene1,50,old
3528,15.559041976928711,0.25114061328611825,obse,soup_scene1,50,old
3529,15.563301801681519,0.2511627201458652,obse,soup_scene1,50,old
3530,15.567784070968628,0.2511677530888619,obse,soup_scene1,50,old
3531,15.572149276733398,0.251227256753306,obse,soup_scene1,50,old
3532,15.576441287994385,0.251227256753306,obse,soup_scene1,50,old
3533,15.580817699432373,0.2511822509884198,obse,soup_scene1,50,old
3534,15.585273265838623,0.2511822509884198,obse,soup_scene1,50,old
3535,15.589705467224121,0.25115149122625713,obse,soup_scene1,50,old
3536,15.593982458114624,0.25115149122625713,obse,soup_scene1,50,old
3537,15.598540544509888,0.25118127116662825,obse,soup_scene1,50,old
3538,15.602830410003662,0.25118127116662825,obse,soup_scene1,50,old
3539,15.607276439666748,0.25117066230617713,obse,soup_scene1,50,old
3540,15.611591815948486,0.25117066230617713,obse,soup_scene1,50,old
3541,15.616301774978638,0.25113997075817945,obse,soup_scene1,50,old
3542,15.620416402816772,0.25113997075817945,obse,soup_scene1,50,old
3543,15.625082731246948,0.25113723337820987,obse,soup_scene1,50,old
3544,15.629214763641357,0.25113723337820987,obse,soup_scene1,50,old
3545,15.633755207061768,0.25114174557007435,obse,soup_scene1,50,old
3546,15.638008117675781,0.25115821007989503,obse,soup_scene1,50,old
3547,15.642377376556396,0.2511655383046816,obse,soup_scene1,50,old
3548,15.646739721298218,0.2511430376762542,obse,soup_scene1,50,old
3549,15.65114688873291,0.2511430376762542,obse,soup_scene1,50,old
3550,15.655524730682373,0.2511557333873673,obse,soup_scene1,50,old
3551,15.659786462783813,0.2511557333873673,obse,soup_scene1,50,old
3552,15.664083480834961,0.25110904979229515,obse,soup_scene1,50,old
3553,15.668369054794312,0.25110904979229515,obse,soup_scene1,50,old
3554,15.672786712646484,0.2511670637015317,obse,soup_scene1,50,old
3555,15.677047491073608,0.2511670637015317,obse,soup_scene1,50,old
3556,15.68147587776184,0.2511558454828052,obse,soup_scene1,50,old
3557,15.68578290939331,0.2511558454828052,obse,soup_scene1,50,old
3558,15.690305948257446,0.251210936359281,obse,soup_scene1,50,old
3559,15.69435167312622,0.251210936359281,obse,soup_scene1,50,old
3560,15.69885802268982,0.25123269523776953,obse,soup_scene1,50,old
3561,15.70296335220337,0.25123269523776953,obse,soup_scene1,50,old
3562,15.707435846328735,0.2512731397490705,obse,soup_scene1,50,old
3563,15.711723566055298,0.2512731397490705,obse,soup_scene1,50,old
3564,15.716526508331299,0.25134502204176484,obse,soup_scene1,50,old
3565,15.720672130584717,0.25134502204176484,obse,soup_scene1,50,old
3566,15.725186109542847,0.25139169534838657,obse,soup_scene1,50,old
3567,15.729409217834473,0.25140728440590665,obse,soup_scene1,50,old
3568,15.733870029449463,0.2514820206171257,obse,soup_scene1,50,old
3569,15.738269090652466,0.2514825384921384,obse,soup_scene1,50,old
3570,15.742681741714478,0.25157352688382284,obse,soup_scene1,50,old
3571,15.74705982208252,0.2515551168400824,obse,soup_scene1,50,old
3572,15.751416444778442,0.2516746669277693,obse,soup_scene1,50,old
3573,15.756180047988892,0.2517759302349885,obse,soup_scene1,50,old
3574,15.760347604751587,0.2517759302349885,obse,soup_scene1,50,old
3575,15.764857292175293,0.25196728129182017,obse,soup_scene1,50,old
3576,15.76918625831604,0.25196728129182017,obse,soup_scene1,50,old
3577,15.773566722869873,0.2519748019014248,obse,soup_scene1,50,old
3578,15.777842998504639,0.2519748019014248,obse,soup_scene1,50,old
3579,15.782409906387329,0.2521065599663496,obse,soup_scene1,50,old
3580,15.786858320236206,0.2521065599663496,obse,soup_scene1,50,old
3581,15.791652202606201,0.2522125983343132,obse,soup_scene1,50,old
3582,15.796048879623413,0.252246257058548,obse,soup_scene1,50,old
3583,15.800419569015503,0.25237872959208385,obse,soup_scene1,50,old
3584,15.804662466049194,0.252527725984526,obse,soup_scene1,50,old
3585,15.809004545211792,0.252527725984526,obse,soup_scene1,50,old
3586,15.814475774765015,0.2527161805659683,obse,soup_scene1,50,old
3587,15.818753004074097,0.2527161805659683,obse,soup_scene1,50,old
3588,15.825423955917358,0.25289569605103196,obse,soup_scene1,50,old
3589,15.831440448760986,0.25310675101606794,obse,soup_scene1,50,old
3590,15.837141275405884,0.25310675101606794,obse,soup_scene1,50,old
3591,15.841962575912476,0.2532950343594425,obse,soup_scene1,50,old
3592,15.846354961395264,0.2532944914957869,obse,soup_scene1,50,old
3593,15.850754737854004,0.25350235180195796,obse,soup_scene1,50,old
3594,15.855188369750977,0.2536678702432093,obse,soup_scene1,50,old
3595,15.859675168991089,0.2536678702432093,obse,soup_scene1,50,old
3596,15.864047527313232,0.25391739685614695,obse,soup_scene1,50,old
3597,15.868498086929321,0.25391739685614695,obse,soup_scene1,50,old
3598,15.872839212417603,0.2541135105848414,obse,soup_scene1,50,old
3599,15.877103805541992,0.2541135105848414,obse,soup_scene1,50,old
3600,15.881438493728638,0.2543539301402284,obse,soup_scene1,50,old
3601,15.885838031768799,0.2543539301402284,obse,soup_scene1,50,old
3602,15.890435218811035,0.2546190745107508,obse,soup_scene1,50,old
3603,15.894538640975952,0.2546190745107508,obse,soup_scene1,50,old
3604,15.899008989334106,0.25488141937694747,obse,soup_scene1,50,old
3605,15.903270721435547,0.25488141937694747,obse,soup_scene1,50,old
3606,15.907900333404541,0.2551973091740328,obse,soup_scene1,50,old
3607,15.911991596221924,0.2551973091740328,obse,soup_scene1,50,old
3608,15.916581392288208,0.2554310891834275,obse,soup_scene1,50,old
3609,15.92101502418518,0.25548436009094433,obse,soup_scene1,50,old
3610,15.925500631332397,0.2557537416429465,obse,soup_scene1,50,old
3611,15.929954051971436,0.255709390565428,obse,soup_scene1,50,old
3612,15.934491395950317,0.2559763879266356,obse,soup_scene1,50,old
3613,15.938953638076782,0.25612947354690496,obse,soup_scene1,50,old
3614,15.943347930908203,0.25612947354690496,obse,soup_scene1,50,old
3615,15.947812795639038,0.2565051840724273,obse,soup_scene1,50,old
3616,15.952197551727295,0.2565051840724273,obse,soup_scene1,50,old
3617,15.956881999969482,0.2567629515414201,obse,soup_scene1,50,old
3618,15.961311340332031,0.2567629515414201,obse,soup_scene1,50,old
3619,15.965894222259521,0.2569434112676368,obse,soup_scene1,50,old
3620,15.970157861709595,0.2569434112676368,obse,soup_scene1,50,old
3621,15.974756479263306,0.2572378214572544,obse,soup_scene1,50,old
3622,15.978960514068604,0.2572378214572544,obse,soup_scene1,50,old
3623,15.98379135131836,0.25754437513027484,obse,soup_scene1,50,old
3624,15.988289594650269,0.2578680160329165,obse,soup_scene1,50,old
3625,15.992774724960327,0.2578680160329165,obse,soup_scene1,50,old
3626,15.997421979904175,0.25812764132395144,obse,soup_scene1,50,old
3627,16.001808881759644,0.25812764132395144,obse,soup_scene1,50,old
3628,16.006248235702515,0.2584570072712982,obse,soup_scene1,50,old
3629,16.010985374450684,0.2584570072712982,obse,soup_scene1,50,old
3630,16.0153489112854,0.2588368283064227,obse,soup_scene1,50,old
3631,16.019587755203247,0.2588368283064227,obse,soup_scene1,50,old
3632,16.024540901184082,0.259176589411665,obse,soup_scene1,50,old
3633,16.028823614120483,0.2591544058866347,obse,soup_scene1,50,old
3634,16.033265829086304,0.2593959934865343,obse,soup_scene1,50,old
3635,16.03755021095276,0.2593959934865343,obse,soup_scene1,50,old
3636,16.042069673538208,0.25980847966930515,obse,soup_scene1,50,old
3637,16.046462535858154,0.2597716269018727,obse,soup_scene1,50,old
3638,16.050955533981323,0.2600756202049661,obse,soup_scene1,50,old
3639,16.05530071258545,0.26051850348692396,obse,soup_scene1,50,old
3640,16.05971622467041,0.26051850348692396,obse,soup_scene1,50,old
3641,16.064056396484375,0.26079055490143116,obse,soup_scene1,50,old
3642,16.068405628204346,0.26079055490143116,obse,soup_scene1,50,old
3643,16.072942972183228,0.26108268653513556,obse,soup_scene1,50,old
3644,16.07719588279724,0.26108268653513556,obse,soup_scene1,50,old
3645,16.081721782684326,0.2614492195469632,obse,soup_scene1,50,old
3646,16.085867166519165,0.2614492195469632,obse,soup_scene1,50,old
3647,16.090673685073853,0.2618402102498218,obse,soup_scene1,50,old
3648,16.094954013824463,0.2618402102498218,obse,soup_scene1,50,old
3649,16.099695444107056,0.2621161743333331,obse,soup_scene1,50,old
3650,16.10390615463257,0.2621161743333331,obse,soup_scene1,50,old
3651,16.108494758605957,0.2625462557351514,obse,soup_scene1,50,old
3652,16.112797498703003,0.2624736406736317,obse,soup_scene1,50,old
3653,16.11734676361084,0.2627972562632883,obse,soup_scene1,50,old
3654,16.12162733078003,0.2627972562632883,obse,soup_scene1,50,old
3655,16.126225233078003,0.2631093329997131,obse,soup_scene1,50,old
3656,16.13061785697937,0.2634976437431423,obse,soup_scene1,50,old
3657,16.134992122650146,0.2634976437431423,obse,soup_scene1,50,old
3658,16.13945698738098,0.263745132696051,obse,soup_scene1,50,old
3659,16.143717527389526,0.263745132696051,obse,soup_scene1,50,old
3660,16.14810061454773,0.26404447259022434,obse,soup_scene1,50,old
3661,16.15238904953003,0.26404447259022434,obse,soup_scene1,50,old
3662,16.156949043273926,0.2643682048982249,obse,soup_scene1,50,old
3663,16.161306619644165,0.2643682048982249,obse,soup_scene1,50,old
3664,16.165525436401367,0.2643391756043876,obse,soup_scene1,50,old
3665,16.169740915298462,0.2643391756043876,obse,soup_scene1,50,old
3666,16.174543142318726,0.2646206234316875,obse,soup_scene1,50,old
3667,16.178832292556763,0.26466424100056435,obse,soup_scene1,50,old
3668,16.18328094482422,0.2649725451112582,obse,soup_scene1,50,old
3669,16.187770128250122,0.2649725451112582,obse,soup_scene1,50,old
3670,16.19231152534485,0.26523831633001593,obse,soup_scene1,50,old
3671,16.1967294216156,0.26523831633001593,obse,soup_scene1,50,old
3672,16.20123815536499,0.26523831633001593,obse,soup_scene1,50,old
3673,16.20578694343567,0.2654910302404529,obse,soup_scene1,50,old
3674,16.210028648376465,0.2654910302404529,obse,soup_scene1,50,old
3675,16.214498043060303,0.26576901005564074,obse,soup_scene1,50,old
3676,16.21878957748413,0.26576901005564074,obse,soup_scene1,50,old
3677,16.223344564437866,0.266067421492941,obse,soup_scene1,50,old
3678,16.227601528167725,0.266067421492941,obse,soup_scene1,50,old
3679,16.23199224472046,0.266026907091884,obse,soup_scene1,50,old
3680,16.236331939697266,0.26631948326799604,obse,soup_scene1,50,old
3681,16.240662574768066,0.26631948326799604,obse,soup_scene1,50,old
3682,16.244992971420288,0.26661296511252497,obse,soup_scene1,50,old
3683,16.24948740005493,0.26661296511252497,obse,soup_scene1,50,old
3684,16.253796339035034,0.2666366054265477,obse,soup_scene1,50,old
3685,16.258148908615112,0.2668671542811086,obse,soup_scene1,50,old
3686,16.26231622695923,0.2668671542811086,obse,soup_scene1,50,old
3687,16.26652693748474,0.266833816644893,obse,soup_scene1,50,old
3688,16.271041870117188,0.26708452294069374,obse,soup_scene1,50,old
3689,16.275383472442627,0.2672968579706515,obse,soup_scene1,50,old
3690,16.279596090316772,0.2672968579706515,obse,soup_scene1,50,old
3691,16.283982515335083,0.2676060762603631,obse,soup_scene1,50,old
3692,16.28844690322876,0.2676060762603631,obse,soup_scene1,50,old
3693,16.292773246765137,0.2676060762603631,obse,soup_scene1,50,old
3694,16.297462940216064,0.26780698296345434,obse,soup_scene1,50,old
3695,16.30204701423645,0.26817822478736547,obse,soup_scene1,50,old
3696,16.306602239608765,0.268076056172878,obse,soup_scene1,50,old
3697,16.311070919036865,0.26833388057761975,obse,soup_scene1,50,old
3698,16.315505027770996,0.2685678385755746,obse,soup_scene1,50,old
3699,16.320075511932373,0.2687964698159514,obse,soup_scene1,50,old
3700,16.32476496696472,0.26910945654167595,obse,soup_scene1,50,old
3701,16.32927656173706,0.26933843298328813,obse,soup_scene1,50,old
3702,16.33393669128418,0.2694998462587706,obse,soup_scene1,50,old
3703,16.339038133621216,0.2697212913379695,obse,soup_scene1,50,old
3704,16.343732595443726,0.27000860189062176,obse,soup_scene1,50,old
3705,16.34824013710022,0.2702779950645365,obse,soup_scene1,50,old
3706,16.35267686843872,0.2702779950645365,obse,soup_scene1,50,old
3707,16.357513666152954,0.27044812673977137,obse,soup_scene1,50,old
3708,16.361851692199707,0.27044812673977137,obse,soup_scene1,50,old
3709,16.36648392677307,0.27066619140792353,obse,soup_scene1,50,old
3710,16.370702505111694,0.27066619140792353,obse,soup_scene1,50,old
3711,16.375350952148438,0.2708795188193819,obse,soup_scene1,50,old
3712,16.379600286483765,0.2708795188193819,obse,soup_scene1,50,old
3713,16.38425922393799,0.27112839434455416,obse,soup_scene1,50,old
3714,16.388838291168213,0.27139534784280206,obse,soup_scene1,50,old
3715,16.39329504966736,0.27139534784280206,obse,soup_scene1,50,old
3716,16.397801637649536,0.2715712946255375,obse,soup_scene1,50,old
3717,16.402511596679688,0.2715712946255375,obse,soup_scene1,50,old
3718,16.406921863555908,0.2718811644289329,obse,soup_scene1,50,old
3719,16.4111909866333,0.2718811644289329,obse,soup_scene1,50,old
3720,16.41565990447998,0.2720442276306552,obse,soup_scene1,50,old
3721,16.420126914978027,0.2720442276306552,obse,soup_scene1,50,old
3722,16.42479658126831,0.2722525973735578,obse,soup_scene1,50,old
3723,16.429229259490967,0.2722525973735578,obse,soup_scene1,50,old
3724,16.433757543563843,0.27245411456297763,obse,soup_scene1,50,old
3725,16.43795919418335,0.27247606912686456,obse,soup_scene1,50,old
3726,16.442524194717407,0.2726796597621798,obse,soup_scene1,50,old
3727,16.44678282737732,0.2727402941108006,obse,soup_scene1,50,old
3728,16.45142674446106,0.27296665707961126,obse,soup_scene1,50,old
3729,16.45588231086731,0.2731289800368929,obse,soup_scene1,50,old
3730,16.46020483970642,0.2731289800368929,obse,soup_scene1,50,old
3731,16.4647057056427,0.27330874072738903,obse,soup_scene1,50,old
3732,16.469227075576782,0.27330874072738903,obse,soup_scene1,50,old
3733,16.473758697509766,0.27353175105006095,obse,soup_scene1,50,old
3734,16.47821283340454,0.27353175105006095,obse,soup_scene1,50,old
3735,16.483127117156982,0.2737343705348051,obse,soup_scene1,50,old
3736,16.488884925842285,0.27394813696312126,obse,soup_scene1,50,old
3737,16.4946186542511,0.27394813696312126,obse,soup_scene1,50,old
3738,16.49925136566162,0.27418842718582315,obse,soup_scene1,50,old
3739,16.50351047515869,0.27418842718582315,obse,soup_scene1,50,old
3740,16.50806760787964,0.27441641190977933,obse,soup_scene1,50,old
3741,16.512367486953735,0.27438154188042924,obse,soup_scene1,50,old
3742,16.51680088043213,0.27460523477164817,obse,soup_scene1,50,old
3743,16.521204471588135,0.27460118472654893,obse,soup_scene1,50,old
3744,16.525523900985718,0.274820681318643,obse,soup_scene1,50,old
3745,16.52985954284668,0.27504980656700395,obse,soup_scene1,50,old
3746,16.53419303894043,0.27504980656700395,obse,soup_scene1,50,old
3747,16.538506746292114,0.27522529362846715,obse,soup_scene1,50,old
3748,16.54281187057495,0.27522529362846715,obse,soup_scene1,50,old
3749,16.54703378677368,0.27544379474040304,obse,soup_scene1,50,old
3750,16.551429748535156,0.27544379474040304,obse,soup_scene1,50,old
3751,16.555884838104248,0.2754166468125425,obse,soup_scene1,50,old
3752,16.56041407585144,0.2756624314904424,obse,soup_scene1,50,old
3753,16.564724922180176,0.27593678062087906,obse,soup_scene1,50,old
3754,16.568884134292603,0.27593678062087906,obse,soup_scene1,50,old
3755,16.573402166366577,0.2759392147958187,obse,soup_scene1,50,old
3756,16.577632665634155,0.2759392147958187,obse,soup_scene1,50,old
3757,16.58204674720764,0.27618806743588403,obse,soup_scene1,50,old
3758,16.586355447769165,0.2761539329870846,obse,soup_scene1,50,old
3759,16.5908944606781,0.2763564048135587,obse,soup_scene1,50,old
3760,16.595277309417725,0.2763621244603675,obse,soup_scene1,50,old
3761,16.599533081054688,0.27660168194092544,obse,soup_scene1,50,old
3762,16.60401439666748,0.27660168194092544,obse,soup_scene1,50,old
3763,16.608229637145996,0.2768433096430696,obse,soup_scene1,50,old
3764,16.61250591278076,0.2768433096430696,obse,soup_scene1,50,old
3765,16.616924285888672,0.2770525171314447,obse,soup_scene1,50,old
3766,16.621357679367065,0.2770525171314447,obse,soup_scene1,50,old
3767,16.625725984573364,0.2770650492202403,obse,soup_scene1,50,old
3768,16.62990379333496,0.27729873953160683,obse,soup_scene1,50,old
3769,16.63580822944641,0.2773136815854682,obse,soup_scene1,50,old
3770,16.641518592834473,0.27755961665098117,obse,soup_scene1,50,old
3771,16.6476788520813,0.2777830752718788,obse,soup_scene1,50,old
3772,16.653342962265015,0.2777830752718788,obse,soup_scene1,50,old
3773,16.65892195701599,0.2780003574926014,obse,soup_scene1,50,old
3774,16.663193464279175,0.2780003574926014,obse,soup_scene1,50,old
3775,16.667500019073486,0.27805715725164,obse,soup_scene1,50,old
3776,16.671958208084106,0.2782883446940695,obse,soup_scene1,50,old
3777,16.676217794418335,0.2782883446940695,obse,soup_scene1,50,old
3778,16.680570363998413,0.2782507178570741,obse,soup_scene1,50,old
3779,16.68477487564087,0.2784506900166428,obse,soup_scene1,50,old
3780,16.68914771080017,0.2784433396859641,obse,soup_scene1,50,old
3781,16.693382263183594,0.2784433396859641,obse,soup_scene1,50,old
3782,16.69766879081726,0.27866517843079913,obse,soup_scene1,50,old
3783,16.702100038528442,0.2790002468246943,obse,soup_scene1,50,old
3784,16.70665693283081,0.2791713199858324,obse,soup_scene1,50,old
3785,16.71140217781067,0.2791855691071905,obse,soup_scene1,50,old
3786,16.717758655548096,0.27960112766898304,obse,soup_scene1,50,old
3787,16.722506999969482,0.27988787767128553,obse,soup_scene1,50,old
3788,16.726936101913452,0.28013345070750734,obse,soup_scene1,50,old
3789,16.731467723846436,0.28034925951715406,obse,soup_scene1,50,old
3790,16.73619246482849,0.28068484890164136,obse,soup_scene1,50,old
3791,16.740828037261963,0.2807946510596999,obse,soup_scene1,50,old
3792,16.74527883529663,0.2807946510596999,obse,soup_scene1,50,old
3793,16.7507004737854,0.2810284204388213,obse,soup_scene1,50,old
3794,16.755014657974243,0.2810284204388213,obse,soup_scene1,50,old
3795,16.759754419326782,0.2812681831436491,obse,soup_scene1,50,old
3796,16.764110565185547,0.2815014345492726,obse,soup_scene1,50,old
3797,16.76835870742798,0.2815014345492726,obse,soup_scene1,50,old
3798,16.77272343635559,0.28156803542279696,obse,soup_scene1,50,old
3799,16.7770357131958,0.2818211091281204,obse,soup_scene1,50,old
3800,16.781620502471924,0.28197894153775505,obse,soup_scene1,50,old
3801,16.7858669757843,0.28197894153775505,obse,soup_scene1,50,old
3802,16.791511058807373,0.28228789273735755,obse,soup_scene1,50,old
3803,16.7956702709198,0.28228789273735755,obse,soup_scene1,50,old
3804,16.80025815963745,0.28239972425532045,obse,soup_scene1,50,old
3805,16.804606199264526,0.28239972425532045,obse,soup_scene1,50,old
3806,16.809221506118774,0.28266509410599217,obse,soup_scene1,50,old
3807,16.813783884048462,0.28284094597505804,obse,soup_scene1,50,old
3808,16.817994832992554,0.28284094597505804,obse,soup_scene1,50,old
3809,16.82250714302063,0.28303314783122174,obse,soup_scene1,50,old
3810,16.826658487319946,0.28303314783122174,obse,soup_scene1,50,old
3811,16.83102011680603,0.2832931001385429,obse,soup_scene1,50,old
3812,16.835179328918457,0.2832931001385429,obse,soup_scene1,50,old
3813,16.839500427246094,0.28351985373031624,obse,soup_scene1,50,old
3814,16.843763828277588,0.28351985373031624,obse,soup_scene1,50,old
3815,16.84806776046753,0.28371735508148826,obse,soup_scene1,50,old
3816,16.85228943824768,0.28371735508148826,obse,soup_scene1,50,old
3817,16.856724500656128,0.2840054459638424,obse,soup_scene1,50,old
3818,16.860892057418823,0.2840054459638424,obse,soup_scene1,50,old
3819,16.86525011062622,0.284249586561681,obse,soup_scene1,50,old
3820,16.869532823562622,0.284249586561681,obse,soup_scene1,50,old
3821,16.87420153617859,0.2844832333396528,obse,soup_scene1,50,old
3822,16.878320693969727,0.2844832333396528,obse,soup_scene1,50,old
3823,16.88284206390381,0.2846374062427195,obse,soup_scene1,50,old
3824,16.88709807395935,0.2846374062427195,obse,soup_scene1,50,old
3825,16.89159321784973,0.28490347393098414,obse,soup_scene1,50,old
3826,16.895915269851685,0.284926557181193,obse,soup_scene1,50,old
3827,16.900253295898438,0.28518409515326476,obse,soup_scene1,50,old
3828,16.905065536499023,0.2852900176830668,obse,soup_scene1,50,old
3829,16.91075110435486,0.2852900176830668,obse,soup_scene1,50,old
3830,16.916828155517578,0.28554646641159087,obse,soup_scene1,50,old
3831,16.922637939453125,0.2855670759060605,obse,soup_scene1,50,old
3832,16.928353548049927,0.2857739148167864,obse,soup_scene1,50,old
3833,16.934345483779907,0.2859616193115572,obse,soup_scene1,50,old
3834,16.940165996551514,0.2861885626087904,obse,soup_scene1,50,old
3835,16.94599938392639,0.2864670835537705,obse,soup_scene1,50,old
3836,16.951794147491455,0.2864801783580892,obse,soup_scene1,50,old
3837,16.9574556350708,0.2864801783580892,obse,soup_scene1,50,old
3838,16.963632106781006,0.2869450357111427,obse,soup_scene1,50,old
3839,16.968270301818848,0.2869450357111427,obse,soup_scene1,50,old
3840,16.972644567489624,0.28722553357133546,obse,soup_scene1,50,old
3841,16.97696304321289,0.28722553357133546,obse,soup_scene1,50,old
3842,16.98138165473938,0.2874344053429605,obse,soup_scene1,50,old
3843,16.985658645629883,0.2874344053429605,obse,soup_scene1,50,old
3844,16.99032711982727,0.2876566501792325,obse,soup_scene1,50,old
3845,16.994983196258545,0.2876566501792325,obse,soup_scene1,50,old
3846,16.999540090560913,0.28786546109818645,obse,soup_scene1,50,old
3847,17.00426697731018,0.28786546109818645,obse,soup_scene1,50,old
3848,17.008992433547974,0.2881197467654868,obse,soup_scene1,50,old
3849,17.013454914093018,0.2881774978048156,obse,soup_scene1,50,old
3850,17.018029928207397,0.2884125278049007,obse,soup_scene1,50,old
3851,17.022628784179688,0.28831704339364694,obse,soup_scene1,50,old
3852,17.026997327804565,0.2885956212389942,obse,soup_scene1,50,old
3853,17.03143072128296,0.2889270839309434,obse,soup_scene1,50,old
3854,17.035807609558105,0.2889270839309434,obse,soup_scene1,50,old
3855,17.040401458740234,0.28913695920414223,obse,soup_scene1,50,old
3856,17.044869899749756,0.28913695920414223,obse,soup_scene1,50,old
3857,17.049550771713257,0.28930043699087293,obse,soup_scene1,50,old
3858,17.0539231300354,0.28930043699087293,obse,soup_scene1,50,old
3859,17.058648109436035,0.28951089528487095,obse,soup_scene1,50,old
3860,17.062880039215088,0.28951089528487095,obse,soup_scene1,50,old
3861,17.067521810531616,0.28973748671948907,obse,soup_scene1,50,old
3862,17.07210659980774,0.2899357800515828,obse,soup_scene1,50,old
3863,17.076823949813843,0.2899357800515828,obse,soup_scene1,50,old
3864,17.081384658813477,0.2902643247486197,obse,soup_scene1,50,old
3865,17.08580446243286,0.2902643247486197,obse,soup_scene1,50,old
3866,17.090007305145264,0.290185047952904,obse,soup_scene1,50,old
3867,17.09471583366394,0.2904560674402222,obse,soup_scene1,50,old
3868,17.099556922912598,0.29065729326880524,obse,soup_scene1,50,old
3869,17.10378098487854,0.29065729326880524,obse,soup_scene1,50,old
3870,17.10822606086731,0.29090948162039043,obse,soup_scene1,50,old
3871,17.11268973350525,0.2909175580980524,obse,soup_scene1,50,old
3872,17.11808204650879,0.2910984038749215,obse,soup_scene1,50,old
3873,17.12339758872986,0.29136676368388115,obse,soup_scene1,50,old
3874,17.128060579299927,0.29136676368388115,obse,soup_scene1,50,old
3875,17.132842302322388,0.29149842674773313,obse,soup_scene1,50,old
3876,17.137096405029297,0.29149842674773313,obse,soup_scene1,50,old
3877,17.14166259765625,0.2916871357944679,obse,soup_scene1,50,old
3878,17.14603066444397,0.291713938713631,obse,soup_scene1,50,old
3879,17.15071439743042,0.2919228986822515,obse,soup_scene1,50,old
3880,17.15506148338318,0.29188381871314795,obse,soup_scene1,50,old
3881,17.159547567367554,0.2920996418474745,obse,soup_scene1,50,old
3882,17.164125204086304,0.29237072612950804,obse,soup_scene1,50,old
3883,17.16848850250244,0.29237072612950804,obse,soup_scene1,50,old
3884,17.172949075698853,0.2925908902023424,obse,soup_scene1,50,old
3885,17.177199125289917,0.2925908902023424,obse,soup_scene1,50,old
3886,17.18181800842285,0.2927888031400384,obse,soup_scene1,50,old
3887,17.18601107597351,0.2927888031400384,obse,soup_scene1,50,old
3888,17.190831661224365,0.29299538445700885,obse,soup_scene1,50,old
3889,17.196166515350342,0.29299538445700885,obse,soup_scene1,50,old
3890,17.201425552368164,0.2931519763052351,obse,soup_scene1,50,old
3891,17.2058322429657,0.2934026617208427,obse,soup_scene1,50,old
3892,17.210145950317383,0.2934026617208427,obse,soup_scene1,50,old
3893,17.214745044708252,0.2936912331283606,obse,soup_scene1,50,old
3894,17.21907615661621,0.2936912331283606,obse,soup_scene1,50,old
3895,17.22382950782776,0.2937815846391992,obse,soup_scene1,50,old
3896,17.22828459739685,0.2937815846391992,obse,soup_scene1,50,old
3897,17.23376226425171,0.29411019640015124,obse,soup_scene1,50,old
3898,17.238043308258057,0.2941798860914069,obse,soup_scene1,50,old
3899,17.243207216262817,0.29443979843194784,obse,soup_scene1,50,old
3900,17.247658491134644,0.29456378376603654,obse,soup_scene1,50,old
3901,17.252886533737183,0.29456378376603654,obse,soup_scene1,50,old
3902,17.257550716400146,0.2948482697134609,obse,soup_scene1,50,old
3903,17.26175045967102,0.29477750967682886,obse,soup_scene1,50,old
3904,17.26742959022522,0.2949825431054336,obse,soup_scene1,50,old
3905,17.272440910339355,0.2952520635052817,obse,soup_scene1,50,old
3906,17.276926279067993,0.2952520635052817,obse,soup_scene1,50,old
3907,17.281511545181274,0.2955065100806903,obse,soup_scene1,50,old
3908,17.285828351974487,0.2955065100806903,obse,soup_scene1,50,old
3909,17.29053497314453,0.2957411566483459,obse,soup_scene1,50,old
3910,17.294682025909424,0.2957411566483459,obse,soup_scene1,50,old
3911,17.299728393554688,0.29600422690985045,obse,soup_scene1,50,old
3912,17.3041729927063,0.2959871174964452,obse,soup_scene1,50,old
3913,17.30885076522827,0.29617056482371834,obse,soup_scene1,50,old
3914,17.313119888305664,0.29617056482371834,obse,soup_scene1,50,old
3915,17.317832231521606,0.29641005009754506,obse,soup_scene1,50,old
3916,17.32228446006775,0.29663704772678806,obse,soup_scene1,50,old
3917,17.326550483703613,0.29663704772678806,obse,soup_scene1,50,old
3918,17.330831050872803,0.2968847179778024,obse,soup_scene1,50,old
3919,17.33510398864746,0.2968847179778024,obse,soup_scene1,50,old
3920,17.339468002319336,0.29709586918177605,obse,soup_scene1,50,old
3921,17.343693733215332,0.29709586918177605,obse,soup_scene1,50,old
3922,17.348154306411743,0.2974511239296211,obse,soup_scene1,50,old
3923,17.352311611175537,0.2974511239296211,obse,soup_scene1,50,old
3924,17.358728408813477,0.29762309337469783,obse,soup_scene1,50,old
3925,17.363386631011963,0.29783975027825066,obse,soup_scene1,50,old
3926,17.367602348327637,0.29783975027825066,obse,soup_scene1,50,old
3927,17.37193727493286,0.29783975027825066,obse,soup_scene1,50,old
3928,17.376906394958496,0.2980987157306435,obse,soup_scene1,50,old
3929,17.381508111953735,0.2980987157306435,obse,soup_scene1,50,old
3930,17.386564016342163,0.2980961084109777,obse,soup_scene1,50,old
3931,17.391273975372314,0.2983405599686921,obse,soup_scene1,50,old
3932,17.395610809326172,0.2983405599686921,obse,soup_scene1,50,old
3933,17.399961471557617,0.2985033891693114,obse,soup_scene1,50,old
3934,17.40426278114319,0.2985033891693114,obse,soup_scene1,50,old
3935,17.408645391464233,0.2987676762775892,obse,soup_scene1,50,old
3936,17.41300630569458,0.2987676762775892,obse,soup_scene1,50,old
3937,17.417399883270264,0.2987676762775892,obse,soup_scene1,50,old
3938,17.421828985214233,0.2990603344310023,obse,soup_scene1,50,old
3939,17.42612385749817,0.2990603344310023,obse,soup_scene1,50,old
3940,17.4307119846344,0.2990258059451065,obse,soup_scene1,50,old
3941,17.434978723526,0.29925204871822486,obse,soup_scene1,50,old
3942,17.439268589019775,0.29925204871822486,obse,soup_scene1,50,old
3943,17.443458795547485,0.29918924991585444,obse,soup_scene1,50,old
3944,17.44776177406311,0.29941410723302747,obse,soup_scene1,50,old
3945,17.452356815338135,0.29941410723302747,obse,soup_scene1,50,old
3946,17.45649552345276,0.29941410723302747,obse,soup_scene1,50,old
3947,17.46088171005249,0.2996574748462647,obse,soup_scene1,50,old
3948,17.464998483657837,0.2996574748462647,obse,soup_scene1,50,old
3949,17.469780206680298,0.29990497713294145,obse,soup_scene1,50,old
3950,17.473886966705322,0.29990497713294145,obse,soup_scene1,50,old
3951,17.47818636894226,0.29990497713294145,obse,soup_scene1,50,old
3952,17.48239278793335,0.3001400804007264,obse,soup_scene1,50,old
3953,17.486706972122192,0.3001400804007264,obse,soup_scene1,50,old
3954,17.49104380607605,0.30041125535552515,obse,soup_scene1,50,old
3955,17.49519443511963,0.30041125535552515,obse,soup_scene1,50,old
3956,17.499430418014526,0.30041125535552515,obse,soup_scene1,50,old
3957,17.503798723220825,0.3003210609500567,obse,soup_scene1,50,old
3958,17.508406400680542,0.3007527256308057,obse,soup_scene1,50,old
3959,17.512907028198242,0.30095229751404284,obse,soup_scene1,50,old
3960,17.517449378967285,0.30128927526567334,obse,soup_scene1,50,old
3961,17.521969318389893,0.3013729158141172,obse,soup_scene1,50,old
3962,17.52648115158081,0.30165666290469273,obse,soup_scene1,50,old
3963,17.53100872039795,0.3018498135434853,obse,soup_scene1,50,old
3964,17.535602569580078,0.30208694337657344,obse,soup_scene1,50,old
3965,17.540170192718506,0.3023123831050345,obse,soup_scene1,50,old
3966,17.544565677642822,0.3023123831050345,obse,soup_scene1,50,old
3967,17.549174785614014,0.3025793246068058,obse,soup_scene1,50,old
3968,17.55383801460266,0.3027184390448143,obse,soup_scene1,50,old
3969,17.55865502357483,0.30293491629772457,obse,soup_scene1,50,old
3970,17.56286311149597,0.3030444597282922,obse,soup_scene1,50,old
3971,17.56706666946411,0.30326865799855324,obse,soup_scene1,50,old
3972,17.571292400360107,0.30317835222355816,obse,soup_scene1,50,old
3973,17.575491666793823,0.30346391393302435,obse,soup_scene1,50,old
3974,17.579697847366333,0.30346391393302435,obse,soup_scene1,50,old
3975,17.58459448814392,0.3037560617850039,obse,soup_scene1,50,old
3976,17.589146375656128,0.30395206606425196,obse,soup_scene1,50,old
3977,17.593355894088745,0.30395206606425196,obse,soup_scene1,50,old
3978,17.598031997680664,0.30414428603527466,obse,soup_scene1,50,old
3979,17.60231614112854,0.30414428603527466,obse,soup_scene1,50,old
3980,17.606810808181763,0.30442983620408104,obse,soup_scene1,50,old
3981,17.611032247543335,0.30442983620408104,obse,soup_scene1,50,old
3982,17.615965127944946,0.30459439692921814,obse,soup_scene1,50,old
3983,17.620362281799316,0.30459439692921814,obse,soup_scene1,50,old
3984,17.62495732307434,0.30484438487612153,obse,soup_scene1,50,old
3985,17.629147052764893,0.3048634262811142,obse,soup_scene1,50,old
3986,17.633559703826904,0.305141103744824,obse,soup_scene1,50,old
3987,17.63778567314148,0.30508191373830934,obse,soup_scene1,50,old
3988,17.642184019088745,0.3053478480679036,obse,soup_scene1,50,old
3989,17.646400928497314,0.3053486344335962,obse,soup_scene1,50,old
3990,17.650792837142944,0.30557543529692105,obse,soup_scene1,50,old
3991,17.655150890350342,0.30584213671769706,obse,soup_scene1,50,old
3992,17.659504652023315,0.30584213671769706,obse,soup_scene1,50,old
3993,17.663788080215454,0.30601326820525326,obse,soup_scene1,50,old
3994,17.668205976486206,0.30601326820525326,obse,soup_scene1,50,old
3995,17.672428846359253,0.306228231638096,obse,soup_scene1,50,old
3996,17.67670249938965,0.306228231638096,obse,soup_scene1,50,old
3997,17.68104600906372,0.3066358158357121,obse,soup_scene1,50,old
3998,17.68540930747986,0.3066358158357121,obse,soup_scene1,50,old
3999,17.690174102783203,0.3070311094562092,obse,soup_scene1,50,old
4000,17.694358348846436,0.3070311094562092,obse,soup_scene1,50,old
4001,17.699082612991333,0.3071934720928234,obse,soup_scene1,50,old
4002,17.703109741210938,0.3071934720928234,obse,soup_scene1,50,old
4003,17.707719326019287,0.3074388223675586,obse,soup_scene1,50,old
4004,17.711822748184204,0.3074388223675586,obse,soup_scene1,50,old
4005,17.716530084609985,0.30766343547615027,obse,soup_scene1,50,old
4006,17.72074580192566,0.3076709289097604,obse,soup_scene1,50,old
4007,17.7254159450531,0.3078960931466459,obse,soup_scene1,50,old
4008,17.729751586914062,0.30787081773748565,obse,soup_scene1,50,old
4009,17.734199285507202,0.3080996109677995,obse,soup_scene1,50,old
4010,17.738638162612915,0.30810190484496147,obse,soup_scene1,50,old
4011,17.743016004562378,0.3083260616224119,obse,soup_scene1,50,old
4012,17.74758243560791,0.3085615726487731,obse,soup_scene1,50,old
4013,17.7519211769104,0.3085615726487731,obse,soup_scene1,50,old
4014,17.756784915924072,0.30878167682974444,obse,soup_scene1,50,old
4015,17.761634349822998,0.3087851265433159,obse,soup_scene1,50,old
4016,17.766222953796387,0.30903880148656643,obse,soup_scene1,50,old
4017,17.770755529403687,0.30903880148656643,obse,soup_scene1,50,old
4018,17.77522611618042,0.30903880148656643,obse,soup_scene1,50,old
4019,17.779635906219482,0.3092509761917728,obse,soup_scene1,50,old
4020,17.78426504135132,0.3092509761917728,obse,soup_scene1,50,old
4021,17.78917407989502,0.30940912997920794,obse,soup_scene1,50,old
4022,17.793533086776733,0.30940912997920794,obse,soup_scene1,50,old
4023,17.798069953918457,0.30965068660648076,obse,soup_scene1,50,old
4024,17.80232810974121,0.30965068660648076,obse,soup_scene1,50,old
4025,17.806836366653442,0.3096622594975626,obse,soup_scene1,50,old
4026,17.811115264892578,0.3099189832160086,obse,soup_scene1,50,old
4027,17.815330266952515,0.3099189832160086,obse,soup_scene1,50,old
4028,17.819599866867065,0.30990824300406344,obse,soup_scene1,50,old
4029,17.823980808258057,0.3101214001018978,obse,soup_scene1,50,old
4030,17.828307390213013,0.3101214001018978,obse,soup_scene1,50,old
4031,17.832666397094727,0.3103427085971087,obse,soup_scene1,50,old
4032,17.836904764175415,0.3103427085971087,obse,soup_scene1,50,old
4033,17.84146547317505,0.3103427085971087,obse,soup_scene1,50,old
4034,17.845958471298218,0.31061519607866495,obse,soup_scene1,50,old
4035,17.85032868385315,0.31061519607866495,obse,soup_scene1,50,old
4036,17.854712963104248,0.31061519607866495,obse,soup_scene1,50,old
4037,17.859097719192505,0.3107427872929037,obse,soup_scene1,50,old
4038,17.863534927368164,0.3107427872929037,obse,soup_scene1,50,old
4039,17.86810851097107,0.31095953782831715,obse,soup_scene1,50,old
4040,17.872478485107422,0.31095953782831715,obse,soup_scene1,50,old
4041,17.87665820121765,0.31095953782831715,obse,soup_scene1,50,old
4042,17.881351470947266,0.31127107791369035,obse,soup_scene1,50,old
4043,17.885588884353638,0.31127107791369035,obse,soup_scene1,50,old
4044,17.890055418014526,0.3111887326980954,obse,soup_scene1,50,old
4045,17.89440679550171,0.31142836726717554,obse,soup_scene1,50,old
4046,17.898603916168213,0.31142836726717554,obse,soup_scene1,50,old
4047,17.903058767318726,0.31161930948095334,obse,soup_scene1,50,old
4048,17.90764617919922,0.3119003325057324,obse,soup_scene1,50,old
4049,17.912195920944214,0.3120814364272336,obse,soup_scene1,50,old
4050,17.916855335235596,0.3123766386691757,obse,soup_scene1,50,old
4051,17.92153525352478,0.312575342859229,obse,soup_scene1,50,old
4052,17.926400661468506,0.3128283433460521,obse,soup_scene1,50,old
4053,17.93119502067566,0.31272630082446135,obse,soup_scene1,50,old
4054,17.935852766036987,0.31314909025553145,obse,soup_scene1,50,old
4055,17.94029951095581,0.3132410692674894,obse,soup_scene1,50,old
4056,17.945072174072266,0.313482615837327,obse,soup_scene1,50,old
4057,17.949697017669678,0.31368477998090166,obse,soup_scene1,50,old
4058,17.954338788986206,0.3139111781949501,obse,soup_scene1,50,old
4059,17.959245681762695,0.3141164182494602,obse,soup_scene1,50,old
4060,17.963592052459717,0.3143969490685134,obse,soup_scene1,50,old
4061,17.967822790145874,0.3143969490685134,obse,soup_scene1,50,old
4062,17.972139835357666,0.31471101252944905,obse,soup_scene1,50,old
4063,17.976418256759644,0.31471101252944905,obse,soup_scene1,50,old
4064,17.980856895446777,0.31496900577715736,obse,soup_scene1,50,old
4065,17.985151529312134,0.31496900577715736,obse,soup_scene1,50,old
4066,17.989874362945557,0.31515297324674096,obse,soup_scene1,50,old
4067,17.99413013458252,0.31515297324674096,obse,soup_scene1,50,old
4068,17.998656749725342,0.31544102776010835,obse,soup_scene1,50,old
4069,18.0030300617218,0.31544102776010835,obse,soup_scene1,50,old
4070,18.00760507583618,0.3156269289194921,obse,soup_scene1,50,old
4071,18.011877298355103,0.3156269289194921,obse,soup_scene1,50,old
4072,18.01647162437439,0.3158277826475093,obse,soup_scene1,50,old
4073,18.0208261013031,0.3158546004762571,obse,soup_scene1,50,old
4074,18.025314807891846,0.31608138512967915,obse,soup_scene1,50,old
4075,18.02970862388611,0.31609051714374836,obse,soup_scene1,50,old
4076,18.034109354019165,0.3163386836109073,obse,soup_scene1,50,old
4077,18.038361310958862,0.3163499546772226,obse,soup_scene1,50,old
4078,18.042937755584717,0.31657523710413377,obse,soup_scene1,50,old
4079,18.047637224197388,0.3167878261056305,obse,soup_scene1,50,old
4080,18.05202078819275,0.3167878261056305,obse,soup_scene1,50,old
4081,18.05653738975525,0.31700856778779274,obse,soup_scene1,50,old
4082,18.060795783996582,0.31700856778779274,obse,soup_scene1,50,old
4083,18.065437078475952,0.3172618312762891,obse,soup_scene1,50,old
4084,18.069990158081055,0.3172618312762891,obse,soup_scene1,50,old
4085,18.07461142539978,0.31749002396584813,obse,soup_scene1,50,old
4086,18.078853368759155,0.31749002396584813,obse,soup_scene1,50,old
4087,18.083495378494263,0.3177580833131577,obse,soup_scene1,50,old
4088,18.088293313980103,0.31776219482469786,obse,soup_scene1,50,old
4089,18.092691898345947,0.31797503857862125,obse,soup_scene1,50,old
4090,18.09700846672058,0.31795640347405074,obse,soup_scene1,50,old
4091,18.101484060287476,0.3181661563640702,obse,soup_scene1,50,old
4092,18.105955123901367,0.3184135569045241,obse,soup_scene1,50,old
4093,18.11024522781372,0.3184135569045241,obse,soup_scene1,50,old
4094,18.114621877670288,0.31860997745819875,obse,soup_scene1,50,old
4095,18.119173765182495,0.31860997745819875,obse,soup_scene1,50,old
4096,18.123813152313232,0.31884836035165454,obse,soup_scene1,50,old
4097,18.12807011604309,0.31884836035165454,obse,soup_scene1,50,old
4098,18.132704734802246,0.3190701182593044,obse,soup_scene1,50,old
4099,18.136923789978027,0.3190701182593044,obse,soup_scene1,50,old
4100,18.141422271728516,0.3193019732825145,obse,soup_scene1,50,old
4101,18.145554542541504,0.3193019732825145,obse,soup_scene1,50,old
4102,18.149998903274536,0.3195084355771182,obse,soup_scene1,50,old
4103,18.154224395751953,0.3195519792011078,obse,soup_scene1,50,old
4104,18.158727169036865,0.3197610486310967,obse,soup_scene1,50,old
4105,18.16297936439514,0.31982055409496585,obse,soup_scene1,50,old
4106,18.167014837265015,0.32003787412896917,obse,soup_scene1,50,old
4107,18.171348810195923,0.31998027050587735,obse,soup_scene1,50,old
4108,18.17604351043701,0.3202105962418061,obse,soup_scene1,50,old
4109,18.18131375312805,0.32044991545480117,obse,soup_scene1,50,old
4110,18.18576216697693,0.32044991545480117,obse,soup_scene1,50,old
4111,18.190393924713135,0.3206107854310013,obse,soup_scene1,50,old
4112,18.194620609283447,0.3206107854310013,obse,soup_scene1,50,old
4113,18.19924020767212,0.3209230227121163,obse,soup_scene1,50,old
4114,18.203429460525513,0.3209230227121163,obse,soup_scene1,50,old
4115,18.20797300338745,0.3212062854762669,obse,soup_scene1,50,old
4116,18.212210655212402,0.3211194188442749,obse,soup_scene1,50,old
4117,18.216935634613037,0.3213621127173505,obse,soup_scene1,50,old
4118,18.22152018547058,0.3213598701902681,obse,soup_scene1,50,old
4119,18.225955486297607,0.3215825832754035,obse,soup_scene1,50,old
4120,18.23035502433777,0.3218417279744846,obse,soup_scene1,50,old
4121,18.234750986099243,0.3218417279744846,obse,soup_scene1,50,old
4122,18.23921489715576,0.3218231107249512,obse,soup_scene1,50,old
4123,18.244189977645874,0.32206557613197623,obse,soup_scene1,50,old
4124,18.25082755088806,0.3222878776977219,obse,soup_scene1,50,old
4125,18.25554370880127,0.3225327620876582,obse,soup_scene1,50,old
4126,18.25982642173767,0.3225327620876582,obse,soup_scene1,50,old
4127,18.264096975326538,0.32284288915662795,obse,soup_scene1,50,old
4128,18.268370628356934,0.32284288915662795,obse,soup_scene1,50,old
4129,18.27281665802002,0.3230316257609439,obse,soup_scene1,50,old
4130,18.277109622955322,0.3230316257609439,obse,soup_scene1,50,old
4131,18.281413793563843,0.32326206773523647,obse,soup_scene1,50,old
4132,18.28566837310791,0.32326206773523647,obse,soup_scene1,50,old
4133,18.29004454612732,0.3234925394527862,obse,soup_scene1,50,old
4134,18.29426336288452,0.3234925394527862,obse,soup_scene1,50,old
4135,18.298651218414307,0.3237432524116161,obse,soup_scene1,50,old
4136,18.30287218093872,0.3237432524116161,obse,soup_scene1,50,old
4137,18.30724334716797,0.32397439851784443,obse,soup_scene1,50,old
4138,18.31151556968689,0.32397439851784443,obse,soup_scene1,50,old
4139,18.315890073776245,0.3242104794198429,obse,soup_scene1,50,old
4140,18.3210608959198,0.3242249161301048,obse,soup_scene1,50,old
4141,18.32747507095337,0.32447417047282634,obse,soup_scene1,50,old
4142,18.33267307281494,0.3247124396468772,obse,soup_scene1,50,old
4143,18.337078094482422,0.3247124396468772,obse,soup_scene1,50,old
4144,18.341712951660156,0.3250101735823884,obse,soup_scene1,50,old
4145,18.345946311950684,0.3250557627525127,obse,soup_scene1,50,old
4146,18.35044765472412,0.3252872407251771,obse,soup_scene1,50,old
4147,18.354754209518433,0.32518180800122753,obse,soup_scene1,50,old
4148,18.35950207710266,0.32540380502967764,obse,soup_scene1,50,old
4149,18.363815546035767,0.3254136244317347,obse,soup_scene1,50,old
4150,18.3683443069458,0.3256390889328798,obse,soup_scene1,50,old
4151,18.372774362564087,0.32592196535737605,obse,soup_scene1,50,old
4152,18.377057790756226,0.32592196535737605,obse,soup_scene1,50,old
4153,18.381540298461914,0.3261675697690174,obse,soup_scene1,50,old
4154,18.38585901260376,0.3261675697690174,obse,soup_scene1,50,old
4155,18.39124631881714,0.3264796760316509,obse,soup_scene1,50,old
4156,18.39541482925415,0.3264070619637734,obse,soup_scene1,50,old
4157,18.399887084960938,0.32661930717150844,obse,soup_scene1,50,old
4158,18.404302835464478,0.32661930717150844,obse,soup_scene1,50,old
4159,18.409815311431885,0.32688338715643217,obse,soup_scene1,50,old
4160,18.414227724075317,0.32705646914525377,obse,soup_scene1,50,old
4161,18.419130086898804,0.32705646914525377,obse,soup_scene1,50,old
4162,18.423924922943115,0.3272660914750404,obse,soup_scene1,50,old
4163,18.42812180519104,0.3272660914750404,obse,soup_scene1,50,old
4164,18.432798624038696,0.32748971417214445,obse,soup_scene1,50,old
4165,18.436978340148926,0.32748971417214445,obse,soup_scene1,50,old
4166,18.44145441055298,0.32780841800692145,obse,soup_scene1,50,old
4167,18.44578790664673,0.3277184147040897,obse,soup_scene1,50,old
4168,18.45012593269348,0.32791960129303005,obse,soup_scene1,50,old
4169,18.45420265197754,0.32791960129303005,obse,soup_scene1,50,old
4170,18.45871376991272,0.3281286409864498,obse,soup_scene1,50,old
4171,18.462931156158447,0.3281584773228741,obse,soup_scene1,50,old
4172,18.467191219329834,0.3283603091771433,obse,soup_scene1,50,old
4173,18.471660137176514,0.32840051945716114,obse,soup_scene1,50,old
4174,18.47611689567566,0.32859548478330736,obse,soup_scene1,50,old
4175,18.480570793151855,0.3287742944598749,obse,soup_scene1,50,old
4176,18.4848530292511,0.3287742944598749,obse,soup_scene1,50,old
4177,18.489392518997192,0.328967761147407,obse,soup_scene1,50,old
4178,18.49377703666687,0.328967761147407,obse,soup_scene1,50,old
4179,18.498249530792236,0.3291694172950077,obse,soup_scene1,50,old
4180,18.502610445022583,0.3291694172950077,obse,soup_scene1,50,old
4181,18.50714421272278,0.32940876584670453,obse,soup_scene1,50,old
4182,18.511377573013306,0.32940876584670453,obse,soup_scene1,50,old
4183,18.5161349773407,0.3296418596661404,obse,soup_scene1,50,old
4184,18.520509004592896,0.32958761288447735,obse,soup_scene1,50,old
4185,18.525096654891968,0.32981906462331995,obse,soup_scene1,50,old
4186,18.529253482818604,0.3298420034617688,obse,soup_scene1,50,old
4187,18.5339777469635,0.33004625364896156,obse,soup_scene1,50,old
4188,18.53837561607361,0.33027056735772803,obse,soup_scene1,50,old
4189,18.542904376983643,0.33027056735772803,obse,soup_scene1,50,old
4190,18.547256469726562,0.3305405726925569,obse,soup_scene1,50,old
4191,18.551625728607178,0.3305405726925569,obse,soup_scene1,50,old
4192,18.556215047836304,0.33078366778821805,obse,soup_scene1,50,old
4193,18.560580492019653,0.33078366778821805,obse,soup_scene1,50,old
4194,18.56541681289673,0.3309874417942865,obse,soup_scene1,50,old
4195,18.569997549057007,0.3309874417942865,obse,soup_scene1,50,old
4196,18.57425832748413,0.3313103747953259,obse,soup_scene1,50,old
4197,18.578311443328857,0.3313103747953259,obse,soup_scene1,50,old
4198,18.582770586013794,0.3312346973162384,obse,soup_scene1,50,old
4199,18.586881160736084,0.33149804442056635,obse,soup_scene1,50,old
4200,18.59131932258606,0.33149804442056635,obse,soup_scene1,50,old
4201,18.595502376556396,0.33149804442056635,obse,soup_scene1,50,old
4202,18.600226879119873,0.331759806845437,obse,soup_scene1,50,old
4203,18.604625940322876,0.33180246859915513,obse,soup_scene1,50,old
4204,18.608814001083374,0.3320780743713594,obse,soup_scene1,50,old
4205,18.613417625427246,0.33204904793934575,obse,soup_scene1,50,old
4206,18.617475986480713,0.33204904793934575,obse,soup_scene1,50,old
4207,18.622116327285767,0.3323332901956133,obse,soup_scene1,50,old
4208,18.626516342163086,0.33259044584289965,obse,soup_scene1,50,old
4209,18.630967617034912,0.33259044584289965,obse,soup_scene1,50,old
4210,18.635453462600708,0.33283119403859446,obse,soup_scene1,50,old
4211,18.639755249023438,0.33283119403859446,obse,soup_scene1,50,old
4212,18.644330263137817,0.33316774356518625,obse,soup_scene1,50,old
4213,18.6485493183136,0.33316774356518625,obse,soup_scene1,50,old
4214,18.652942895889282,0.33318562670697444,obse,soup_scene1,50,old
4215,18.65723705291748,0.33345015290411734,obse,soup_scene1,50,old
4216,18.661665201187134,0.33345015290411734,obse,soup_scene1,50,old
4217,18.665908813476562,0.3337446760425526,obse,soup_scene1,50,old
4218,18.67064118385315,0.3337446760425526,obse,soup_scene1,50,old
4219,18.675219535827637,0.3340618071446381,obse,soup_scene1,50,old
4220,18.679491758346558,0.3340618071446381,obse,soup_scene1,50,old
4221,18.683754444122314,0.3340618071446381,obse,soup_scene1,50,old
4222,18.68826413154602,0.33437824574305003,obse,soup_scene1,50,old
4223,18.692909717559814,0.33437824574305003,obse,soup_scene1,50,old
4224,18.69732642173767,0.3346998409327022,obse,soup_scene1,50,old
4225,18.701623678207397,0.3346998409327022,obse,soup_scene1,50,old
4226,18.70603036880493,0.3346966164759814,obse,soup_scene1,50,old
4227,18.710861682891846,0.33501715378851044,obse,soup_scene1,50,old
4228,18.715561151504517,0.33530867037011325,obse,soup_scene1,50,old
4229,18.720322608947754,0.33559959370070597,obse,soup_scene1,50,old
4230,18.72519063949585,0.335928606699617,obse,soup_scene1,50,old
4231,18.73037362098694,0.33625003731489483,obse,soup_scene1,50,old
4232,18.735154390335083,0.33658059824982145,obse,soup_scene1,50,old
4233,18.739765644073486,0.33684810599850545,obse,soup_scene1,50,old
4234,18.74436593055725,0.337172468713184,obse,soup_scene1,50,old
4235,18.74883222579956,0.33749911828434476,obse,soup_scene1,50,old
4236,18.753079414367676,0.33749911828434476,obse,soup_scene1,50,old
4237,18.75782799720764,0.3378163317023429,obse,soup_scene1,50,old
4238,18.761948108673096,0.3378163317023429,obse,soup_scene1,50,old
4239,18.766473531723022,0.33814868774502466,obse,soup_scene1,50,old
4240,18.7705717086792,0.33814868774502466,obse,soup_scene1,50,old
4241,18.775068044662476,0.3384746816832023,obse,soup_scene1,50,old
4242,18.779273748397827,0.33848482051443096,obse,soup_scene1,50,old
4243,18.78365445137024,0.3388244274250533,obse,soup_scene1,50,old
4244,18.787940740585327,0.338809463526895,obse,soup_scene1,50,old
4245,18.792571783065796,0.33913376871335177,obse,soup_scene1,50,old
4246,18.797021627426147,0.339130652293493,obse,soup_scene1,50,old
4247,18.801482439041138,0.33944577518050584,obse,soup_scene1,50,old
4248,18.806107759475708,0.3397673334822091,obse,soup_scene1,50,old
4249,18.810368537902832,0.3397673334822091,obse,soup_scene1,50,old
4250,18.81482744216919,0.34010382720049254,obse,soup_scene1,50,old
4251,18.819082975387573,0.34010382720049254,obse,soup_scene1,50,old
4252,18.823795080184937,0.3404736197938429,obse,soup_scene1,50,old
4253,18.827844858169556,0.3404736197938429,obse,soup_scene1,50,old
4254,18.832438230514526,0.34083360855493,obse,soup_scene1,50,old
4255,18.836607456207275,0.34083360855493,obse,soup_scene1,50,old
4256,18.84116220474243,0.34116331247148696,obse,soup_scene1,50,old
4257,18.84549117088318,0.34116331247148696,obse,soup_scene1,50,old
4258,18.850016593933105,0.34139331768614284,obse,soup_scene1,50,old
4259,18.854278087615967,0.3413977045991834,obse,soup_scene1,50,old
4260,18.85884165763855,0.34171491961337697,obse,soup_scene1,50,old
4261,18.86327576637268,0.34210490089359236,obse,soup_scene1,50,old
4262,18.86772394180298,0.34210490089359236,obse,soup_scene1,50,old
4263,18.87228226661682,0.34243614132567796,obse,soup_scene1,50,old
4264,18.876863718032837,0.34243614132567796,obse,soup_scene1,50,old
4265,18.88149905204773,0.34282336803224017,obse,soup_scene1,50,old
4266,18.886045694351196,0.34282336803224017,obse,soup_scene1,50,old
4267,18.89126420021057,0.34301557141031624,obse,soup_scene1,50,old
4268,18.895588159561157,0.34300826682546437,obse,soup_scene1,50,old
4269,18.90002179145813,0.34332400654329215,obse,soup_scene1,50,old
4270,18.904353857040405,0.34332400654329215,obse,soup_scene1,50,old
4271,18.908905506134033,0.34366766355156403,obse,soup_scene1,50,old
4272,18.913377285003662,0.3436500384707844,obse,soup_scene1,50,old
4273,18.917789697647095,0.3439379385153531,obse,soup_scene1,50,old
4274,18.922314643859863,0.3442064509994289,obse,soup_scene1,50,old
4275,18.926623344421387,0.3442064509994289,obse,soup_scene1,50,old
4276,18.931164026260376,0.3445722859260938,obse,soup_scene1,50,old
4277,18.935468196868896,0.3445722859260938,obse,soup_scene1,50,old
4278,18.94007968902588,0.34480903197003027,obse,soup_scene1,50,old
4279,18.94423818588257,0.34480903197003027,obse,soup_scene1,50,old
4280,18.948855876922607,0.3451289003281997,obse,soup_scene1,50,old
4281,18.953020334243774,0.3451289003281997,obse,soup_scene1,50,old
4282,18.95791006088257,0.345385453560325,obse,soup_scene1,50,old
4283,18.96219301223755,0.34543036814329064,obse,soup_scene1,50,old
4284,18.966938018798828,0.3456768692021433,obse,soup_scene1,50,old
4285,18.971075296401978,0.3456768692021433,obse,soup_scene1,50,old
4286,18.975616693496704,0.34572542626599007,obse,soup_scene1,50,old
4287,18.980019569396973,0.34595356385986503,obse,soup_scene1,50,old
4288,18.984617233276367,0.34595356385986503,obse,soup_scene1,50,old
4289,18.98921275138855,0.34620398869344843,obse,soup_scene1,50,old
4290,18.993820905685425,0.34620398869344843,obse,soup_scene1,50,old
4291,18.99805498123169,0.3461186331776089,obse,soup_scene1,50,old
4292,19.002421140670776,0.34634119635393457,obse,soup_scene1,50,old
4293,19.0066819190979,0.34634119635393457,obse,soup_scene1,50,old
4294,19.011094331741333,0.3466231095842423,obse,soup_scene1,50,old
4295,19.015681266784668,0.3466231095842423,obse,soup_scene1,50,old
4296,19.019855499267578,0.3466231095842423,obse,soup_scene1,50,old
4297,19.024638652801514,0.3468890248676606,obse,soup_scene1,50,old
4298,19.028942346572876,0.3468890248676606,obse,soup_scene1,50,old
4299,19.033506155014038,0.3470331323897235,obse,soup_scene1,50,old
4300,19.037724018096924,0.3470331323897235,obse,soup_scene1,50,old
4301,19.042346954345703,0.3472145162004012,obse,soup_scene1,50,old
4302,19.04721975326538,0.3472145162004012,obse,soup_scene1,50,old
4303,19.05152130126953,0.3472145162004012,obse,soup_scene1,50,old
4304,19.05600595474243,0.3474132677498545,obse,soup_scene1,50,old
4305,19.060380220413208,0.3474132677498545,obse,soup_scene1,50,old
4306,19.064626455307007,0.3474132677498545,obse,soup_scene1,50,old
4307,19.06924796104431,0.34756432360549167,obse,soup_scene1,50,old
4308,19.073522806167603,0.34756432360549167,obse,soup_scene1,50,old
4309,19.07768750190735,0.34756432360549167,obse,soup_scene1,50,old
4310,19.082125186920166,0.3477159111698335,obse,soup_scene1,50,old
4311,19.08648157119751,0.3477159111698335,obse,soup_scene1,50,old
4312,19.090774297714233,0.3477512102855479,obse,soup_scene1,50,old
4313,19.095158576965332,0.347898642642363,obse,soup_scene1,50,old
4314,19.099430322647095,0.347898642642363,obse,soup_scene1,50,old
4315,19.10389733314514,0.347898642642363,obse,soup_scene1,50,old
4316,19.108566522598267,0.3480310683262367,obse,soup_scene1,50,old
4317,19.113171100616455,0.348203636510072,obse,soup_scene1,50,old
4318,19.118054628372192,0.3483328338025632,obse,soup_scene1,50,old
4319,19.12274193763733,0.34842642404223745,obse,soup_scene1,50,old
4320,19.1278395652771,0.3485782722622573,obse,soup_scene1,50,old
4321,19.13275718688965,0.34870979887625225,obse,soup_scene1,50,old
4322,19.137536764144897,0.3489092410277727,obse,soup_scene1,50,old
4323,19.142465353012085,0.34906913101368786,obse,soup_scene1,50,old
4324,19.14723300933838,0.3490052553551557,obse,soup_scene1,50,old
4325,19.152037858963013,0.3490752214957655,obse,soup_scene1,50,old
4326,19.157088041305542,0.34920357244747696,obse,soup_scene1,50,old
4327,19.161988019943237,0.349188712560786,obse,soup_scene1,50,old
4328,19.16718363761902,0.3492717290021486,obse,soup_scene1,50,old
4329,19.171441316604614,0.34932143143872463,obse,soup_scene1,50,old
4330,19.175898551940918,0.349375324401034,obse,soup_scene1,50,old
4331,19.180301427841187,0.3494101229566431,obse,soup_scene1,50,old
4332,19.18465805053711,0.3494101229566431,obse,soup_scene1,50,old
4333,19.18920397758484,0.3494345545323897,obse,soup_scene1,50,old
4334,19.19362783432007,0.3494345545323897,obse,soup_scene1,50,old
4335,19.1981463432312,0.3495659042436378,obse,soup_scene1,50,old
4336,19.20249342918396,0.3495659042436378,obse,soup_scene1,50,old
4337,19.207428216934204,0.3494599697705864,obse,soup_scene1,50,old
4338,19.211790084838867,0.3494599697705864,obse,soup_scene1,50,old
4339,19.21640920639038,0.3495162402176815,obse,soup_scene1,50,old
4340,19.220957040786743,0.3495205355838609,obse,soup_scene1,50,old
4341,19.22570037841797,0.349521773045559,obse,soup_scene1,50,old
4342,19.23003602027893,0.3495334260868531,obse,soup_scene1,50,old
4343,19.234549045562744,0.3495334260868531,obse,soup_scene1,50,old
4344,19.238869190216064,0.34950440676453404,obse,soup_scene1,50,old
4345,19.243326663970947,0.34950440676453404,obse,soup_scene1,50,old
4346,19.247784852981567,0.3495350703722139,obse,soup_scene1,50,old
4347,19.252341985702515,0.3495350703722139,obse,soup_scene1,50,old
4348,19.25705885887146,0.34954005782909525,obse,soup_scene1,50,old
4349,19.26127004623413,0.34954005782909525,obse,soup_scene1,50,old
4350,19.26578402519226,0.3496043752678418,obse,soup_scene1,50,old
4351,19.269917011260986,0.3496043752678418,obse,soup_scene1,50,old
4352,19.274553775787354,0.34951564978673205,obse,soup_scene1,50,old
4353,19.278804302215576,0.34951564978673205,obse,soup_scene1,50,old
4354,19.283575534820557,0.3495359588944311,obse,soup_scene1,50,old
4355,19.288166761398315,0.3495086236569067,obse,soup_scene1,50,old
4356,19.292598009109497,0.34951446130807856,obse,soup_scene1,50,old
4357,19.297044038772583,0.3495414182630294,obse,soup_scene1,50,old
4358,19.301477193832397,0.3495414182630294,obse,soup_scene1,50,old
4359,19.306231021881104,0.34960054961546033,obse,soup_scene1,50,old
4360,19.310500860214233,0.34960054961546033,obse,soup_scene1,50,old
4361,19.3149516582489,0.3496275612693451,obse,soup_scene1,50,old
4362,19.319294452667236,0.3496275612693451,obse,soup_scene1,50,old
4363,19.324054479599,0.3494934345210987,obse,soup_scene1,50,old
4364,19.32848286628723,0.3494934345210987,obse,soup_scene1,50,old
4365,19.33297038078308,0.34954207380944324,obse,soup_scene1,50,old
4366,19.33739161491394,0.34954207380944324,obse,soup_scene1,50,old
4367,19.341976404190063,0.34951919730016495,obse,soup_scene1,50,old
4368,19.34654712677002,0.34953122983535945,obse,soup_scene1,50,old
4369,19.35094714164734,0.349517502612161,obse,soup_scene1,50,old
4370,19.355387926101685,0.34951758397155597,obse,soup_scene1,50,old
4371,19.359958171844482,0.3495309205234565,obse,soup_scene1,50,old
4372,19.36448860168457,0.3495069946926878,obse,soup_scene1,50,old
4373,19.368871927261353,0.3495069946926878,obse,soup_scene1,50,old
4374,19.373451471328735,0.3495256378847229,obse,soup_scene1,50,old
4375,19.377753973007202,0.3495256378847229,obse,soup_scene1,50,old
4376,19.382361888885498,0.34953982830521624,obse,soup_scene1,50,old
4377,19.386634826660156,0.34953982830521624,obse,soup_scene1,50,old
4378,19.391526460647583,0.34953418986044293,obse,soup_scene1,50,old
4379,19.395944833755493,0.34953418986044293,obse,soup_scene1,50,old
4380,19.40044617652893,0.3495237096888678,obse,soup_scene1,50,old
4381,19.404942512512207,0.34950690090168035,obse,soup_scene1,50,old
4382,19.40931224822998,0.34951209123347776,obse,soup_scene1,50,old
4383,19.413694858551025,0.3496150089729203,obse,soup_scene1,50,old
4384,19.418184757232666,0.3496150089729203,obse,soup_scene1,50,old
4385,19.42289137840271,0.3495545010005969,obse,soup_scene1,50,old
4386,19.42731237411499,0.3495545010005969,obse,soup_scene1,50,old
4387,19.431751489639282,0.349540706426971,obse,soup_scene1,50,old
4388,19.436031103134155,0.349540706426971,obse,soup_scene1,50,old
4389,19.44054913520813,0.34955783835010623,obse,soup_scene1,50,old
4390,19.444844484329224,0.34955783835010623,obse,soup_scene1,50,old
4391,19.44931960105896,0.3495396941166378,obse,soup_scene1,50,old
4392,19.45351266860962,0.3495396941166378,obse,soup_scene1,50,old
4393,19.458221197128296,0.3495480556865664,obse,soup_scene1,50,old
4394,19.462385892868042,0.3495480556865664,obse,soup_scene1,50,old
4395,19.466805934906006,0.3495153842317264,obse,soup_scene1,50,old
4396,19.47105574607849,0.3495347788602833,obse,soup_scene1,50,old
4397,19.47554111480713,0.3495182324021248,obse,soup_scene1,50,old
4398,19.47982120513916,0.34950444984487095,obse,soup_scene1,50,old
4399,19.484177350997925,0.34950444984487095,obse,soup_scene1,50,old
4400,19.48861336708069,0.3495413083076573,obse,soup_scene1,50,old
4401,19.492957592010498,0.3495413083076573,obse,soup_scene1,50,old
4402,19.497467279434204,0.34953966985810786,obse,soup_scene1,50,old
4403,19.501816034317017,0.34953966985810786,obse,soup_scene1,50,old
4404,19.506283283233643,0.34951780654254466,obse,soup_scene1,50,old
4405,19.51052188873291,0.34951780654254466,obse,soup_scene1,50,old
4406,19.514922380447388,0.34951418711494864,obse,soup_scene1,50,old
4407,19.51911473274231,0.34951418711494864,obse,soup_scene1,50,old
4408,19.523590803146362,0.34952269574837896,obse,soup_scene1,50,old
4409,19.52787208557129,0.34952269574837896,obse,soup_scene1,50,old
4410,19.53226113319397,0.3495157097340243,obse,soup_scene1,50,old
4411,19.536616325378418,0.3495157097340243,obse,soup_scene1,50,old
4412,19.541027784347534,0.3495228171652161,obse,soup_scene1,50,old
4413,19.54530644416809,0.3495228171652161,obse,soup_scene1,50,old
4414,19.549865245819092,0.3495104097454622,obse,soup_scene1,50,old
4415,19.55401849746704,0.3495104097454622,obse,soup_scene1,50,old
4416,19.5585994720459,0.34952927766378555,obse,soup_scene1,50,old
4417,19.56280755996704,0.34951861502270887,obse,soup_scene1,50,old
4418,19.567317008972168,0.34953316044864474,obse,soup_scene1,50,old
4419,19.571534395217896,0.34958043457399335,obse,soup_scene1,50,old
4420,19.575973510742188,0.34956143465338835,obse,soup_scene1,50,old
4421,19.58023977279663,0.34952807379099177,obse,soup_scene1,50,old
4422,19.584558725357056,0.34952807379099177,obse,soup_scene1,50,old
4423,19.589097023010254,0.34952227842916833,obse,soup_scene1,50,old
4424,19.59326171875,0.3495431551958877,obse,soup_scene1,50,old
4425,19.59765911102295,0.3495420936382617,obse,soup_scene1,50,old
4426,19.602063417434692,0.3495420936382617,obse,soup_scene1,50,old
4427,19.606417179107666,0.3495271938886117,obse,soup_scene1,50,old
4428,19.610475063323975,0.3495271938886117,obse,soup_scene1,50,old
4429,19.615474462509155,0.34952705331419626,obse,soup_scene1,50,old
4430,19.619798183441162,0.34952705331419626,obse,soup_scene1,50,old
4431,19.62452459335327,0.34953818265783493,obse,soup_scene1,50,old
4432,19.62897539138794,0.3494990523108597,obse,soup_scene1,50,old
4433,19.633474826812744,0.3495032812988939,obse,soup_scene1,50,old
4434,19.637917041778564,0.34954666239609533,obse,soup_scene1,50,old
4435,19.642338275909424,0.34954666239609533,obse,soup_scene1,50,old
4436,19.646764278411865,0.3496214845255266,obse,soup_scene1,50,old
4437,19.65111804008484,0.3496214845255266,obse,soup_scene1,50,old
4438,19.655571222305298,0.34958253065464046,obse,soup_scene1,50,old
4439,19.660166025161743,0.34958253065464046,obse,soup_scene1,50,old
4440,19.664673566818237,0.3495803712198008,obse,soup_scene1,50,old
4441,19.6690571308136,0.3495803712198008,obse,soup_scene1,50,old
4442,19.673574924468994,0.3495430807472266,obse,soup_scene1,50,old
4443,19.677929878234863,0.3495430807472266,obse,soup_scene1,50,old
4444,19.682485580444336,0.3495162400336898,obse,soup_scene1,50,old
4445,19.686827421188354,0.34963327621046036,obse,soup_scene1,50,old
4446,19.691426038742065,0.34962960931763626,obse,soup_scene1,50,old
4447,19.695785760879517,0.3495178057979095,obse,soup_scene1,50,old
4448,19.70031976699829,0.3495244044223741,obse,soup_scene1,50,old
4449,19.70468282699585,0.3495584142483947,obse,soup_scene1,50,old
4450,19.709134101867676,0.34955442736006337,obse,soup_scene1,50,old
4451,19.713402271270752,0.3495234170382326,obse,soup_scene1,50,old
4452,19.717792987823486,0.3495234170382326,obse,soup_scene1,50,old
4453,19.722333669662476,0.3495430820200041,obse,soup_scene1,50,old
4454,19.72671127319336,0.3495430820200041,obse,soup_scene1,50,old
4455,19.731453895568848,0.3495592320961609,obse,soup_scene1,50,old
4456,19.735674142837524,0.3495592320961609,obse,soup_scene1,50,old
4457,19.740469217300415,0.34951604191339836,obse,soup_scene1,50,old
4458,19.74467968940735,0.34951604191339836,obse,soup_scene1,50,old
4459,19.749534368515015,0.349559175697946,obse,soup_scene1,50,old
4460,19.753727436065674,0.349559175697946,obse,soup_scene1,50,old
4461,19.758546352386475,0.3495226973382266,obse,soup_scene1,50,old
4462,19.762906074523926,0.3495515804450503,obse,soup_scene1,50,old
4463,19.767423629760742,0.34957058559638216,obse,soup_scene1,50,old
4464,19.77152705192566,0.34957058559638216,obse,soup_scene1,50,old
4465,19.775861740112305,0.3495012059780569,obse,soup_scene1,50,old
4466,19.780183792114258,0.3495012059780569,obse,soup_scene1,50,old
4467,19.784485340118408,0.3495410655444689,obse,soup_scene1,50,old
4468,19.788944959640503,0.3495410655444689,obse,soup_scene1,50,old
4469,19.793179273605347,0.3495410655444689,obse,soup_scene1,50,old
4470,19.797624588012695,0.34947617249481294,obse,soup_scene1,50,old
4471,19.80176281929016,0.34947617249481294,obse,soup_scene1,50,old
4472,19.80629563331604,0.34947617249481294,obse,soup_scene1,50,old
4473,19.8106529712677,0.349616258044872,obse,soup_scene1,50,old
4474,19.814981698989868,0.34954831606928305,obse,soup_scene1,50,old
4475,19.81972885131836,0.34954831606928305,obse,soup_scene1,50,old
4476,19.824501991271973,0.3495379476560732,obse,soup_scene1,50,old
4477,19.828882455825806,0.3495379476560732,obse,soup_scene1,50,old
4478,19.833930015563965,0.3495322140795942,obse,soup_scene1,50,old
4479,19.838375329971313,0.3495322140795942,obse,soup_scene1,50,old
4480,19.843105792999268,0.3495322140795942,obse,soup_scene1,50,old
4481,19.847543478012085,0.34951651217064394,obse,soup_scene1,50,old
4482,19.85219931602478,0.34951651217064394,obse,soup_scene1,50,old
4483,19.8568754196167,0.34951229661255895,obse,soup_scene1,50,old
4484,19.86136221885681,0.34950881896788516,obse,soup_scene1,50,old
4485,19.865891456604004,0.34950881896788516,obse,soup_scene1,50,old
4486,19.87037992477417,0.34955158799729125,obse,soup_scene1,50,old
4487,19.874884605407715,0.34955158799729125,obse,soup_scene1,50,old
4488,19.879465579986572,0.3495047037466947,obse,soup_scene1,50,old
4489,19.88391613960266,0.3495047037466947,obse,soup_scene1,50,old
4490,19.888429641723633,0.3494829407060563,obse,soup_scene1,50,old
4491,19.89297342300415,0.3494829407060563,obse,soup_scene1,50,old
4492,19.897441387176514,0.3494829407060563,obse,soup_scene1,50,old
4493,19.902040243148804,0.349531029237728,obse,soup_scene1,50,old
4494,19.907024145126343,0.34951445632442846,obse,soup_scene1,50,old
4495,19.911821365356445,0.349519692649653,obse,soup_scene1,50,old
4496,19.916740894317627,0.3495189918008799,obse,soup_scene1,50,old
4497,19.921770572662354,0.3495061526025046,obse,soup_scene1,50,old
4498,19.926991939544678,0.34951351471558145,obse,soup_scene1,50,old
4499,19.932020664215088,0.3495333761936268,obse,soup_scene1,50,old
4500,19.936509370803833,0.3495333761936268,obse,soup_scene1,50,old
4501,19.941373586654663,0.3496140624415394,obse,soup_scene1,50,old
4502,19.945791244506836,0.3496140624415394,obse,soup_scene1,50,old
4503,19.950578451156616,0.34949528325139606,obse,soup_scene1,50,old
4504,19.9551100730896,0.3494908477022415,obse,soup_scene1,50,old
4505,19.95978355407715,0.3494908477022415,obse,soup_scene1,50,old
4506,19.964211463928223,0.3495067250485679,obse,soup_scene1,50,old
4507,19.968936443328857,0.3495067250485679,obse,soup_scene1,50,old
4508,19.973677396774292,0.3495230163567801,obse,soup_scene1,50,old
4509,19.978041410446167,0.3495230163567801,obse,soup_scene1,50,old
4510,19.98276448249817,0.3495172492265789,obse,soup_scene1,50,old
4511,19.98736333847046,0.3495172492265789,obse,soup_scene1,50,old
4512,19.992239475250244,0.3494674769147273,obse,soup_scene1,50,old
4513,19.99664807319641,0.3495089934443411,obse,soup_scene1,50,old
4514,20.001246690750122,0.34951952550019605,obse,soup_scene1,50,old
4515,20.00572419166565,0.34949758537358283,obse,soup_scene1,50,old
4516,20.01007604598999,0.34949758537358283,obse,soup_scene1,50,old
4517,20.014617681503296,0.3495040140809638,obse,soup_scene1,50,old
4518,20.018920183181763,0.3495040140809638,obse,soup_scene1,50,old
4519,20.023623943328857,0.34944324798583465,obse,soup_scene1,50,old
4520,20.028189420700073,0.34944324798583465,obse,soup_scene1,50,old
4521,20.032816410064697,0.34947800816404323,obse,soup_scene1,50,old
4522,20.037240982055664,0.3495386621859543,obse,soup_scene1,50,old
4523,20.04174304008484,0.34955432004061326,obse,soup_scene1,50,old
4524,20.045997858047485,0.34952140763624795,obse,soup_scene1,50,old
4525,20.050461292266846,0.34951590269340443,obse,soup_scene1,50,old
4526,20.05470323562622,0.34951971187976716,obse,soup_scene1,50,old
4527,20.059305906295776,0.3495276322404043,obse,soup_scene1,50,old
4528,20.063578367233276,0.3495123575249576,obse,soup_scene1,50,old
4529,20.067911386489868,0.3495123575249576,obse,soup_scene1,50,old
4530,20.072367668151855,0.34951854028368756,obse,soup_scene1,50,old
4531,20.076672792434692,0.34951854028368756,obse,soup_scene1,50,old
4532,20.08112645149231,0.3495223544471373,obse,soup_scene1,50,old
4533,20.085527658462524,0.3495223544471373,obse,soup_scene1,50,old
4534,20.090251207351685,0.3495766123179807,obse,soup_scene1,50,old
4535,20.094444036483765,0.3495766123179807,obse,soup_scene1,50,old
4536,20.099002838134766,0.3495083698693688,obse,soup_scene1,50,old
4537,20.103344440460205,0.3495192273621192,obse,soup_scene1,50,old
4538,20.107678413391113,0.34952067159046046,obse,soup_scene1,50,old
4539,20.11189365386963,0.349503978565255,obse,soup_scene1,50,old
4540,20.11620545387268,0.34948408330249026,obse,soup_scene1,50,old
4541,20.120569467544556,0.34948408330249026,obse,soup_scene1,50,old
4542,20.124923706054688,0.34950476394975993,obse,soup_scene1,50,old
4543,20.129395723342896,0.3494954546858021,obse,soup_scene1,50,old
4544,20.13377809524536,0.3494955867014921,obse,soup_scene1,50,old
4545,20.138142585754395,0.34948701439092295,obse,soup_scene1,50,old
4546,20.142502307891846,0.3494829480936129,obse,soup_scene1,50,old
4547,20.146857976913452,0.3495203773731949,obse,soup_scene1,50,old
4548,20.15119433403015,0.3495203773731949,obse,soup_scene1,50,old
4549,20.15570306777954,0.3495189724023263,obse,soup_scene1,50,old
4550,20.160011529922485,0.3495189724023263,obse,soup_scene1,50,old
4551,20.164493083953857,0.3495265636379454,obse,soup_scene1,50,old
4552,20.168797492980957,0.3495265636379454,obse,soup_scene1,50,old
4553,20.172929763793945,0.3495265636379454,obse,soup_scene1,50,old
4554,20.17724347114563,0.34953690278279353,obse,soup_scene1,50,old
4555,20.181625843048096,0.34953042726017275,obse,soup_scene1,50,old
4556,20.185904026031494,0.34952990333122297,obse,soup_scene1,50,old
4557,20.19044589996338,0.3495154434358043,obse,soup_scene1,50,old
4558,20.194746494293213,0.34946072092406066,obse,soup_scene1,50,old
4559,20.199175357818604,0.34945696865359605,obse,soup_scene1,50,old
4560,20.20359992980957,0.3495149515852064,obse,soup_scene1,50,old
4561,20.207915544509888,0.3495149515852064,obse,soup_scene1,50,old
4562,20.212502002716064,0.34952506427379926,obse,soup_scene1,50,old
4563,20.216861963272095,0.34952506427379926,obse,soup_scene1,50,old
4564,20.221391439437866,0.34951301722375727,obse,soup_scene1,50,old
4565,20.225829362869263,0.3494823173700124,obse,soup_scene1,50,old
4566,20.230051040649414,0.3494823173700124,obse,soup_scene1,50,old
4567,20.234460830688477,0.3495608689978755,obse,soup_scene1,50,old
4568,20.23877763748169,0.34955553657264526,obse,soup_scene1,50,old
4569,20.243141174316406,0.349611653503842,obse,soup_scene1,50,old
4570,20.24752974510193,0.349611653503842,obse,soup_scene1,50,old
4571,20.252021312713623,0.34953030124771983,obse,soup_scene1,50,old
4572,20.256625652313232,0.3495131494576751,obse,soup_scene1,50,old
4573,20.26091980934143,0.3495131494576751,obse,soup_scene1,50,old
4574,20.265161752700806,0.34961286695988325,obse,soup_scene1,50,old
4575,20.269343376159668,0.3496283944890406,obse,soup_scene1,50,old
4576,20.273635387420654,0.34951973017919874,obse,soup_scene1,50,old
4577,20.277857065200806,0.34951606730429796,obse,soup_scene1,50,old
4578,20.282187461853027,0.34954076513623067,obse,soup_scene1,50,old
4579,20.28730320930481,0.3495219441729161,obse,soup_scene1,50,old
4580,20.292038202285767,0.34949434003748014,obse,soup_scene1,50,old
4581,20.29659080505371,0.34949434003748014,obse,soup_scene1,50,old
4582,20.30109214782715,0.34954550565076753,obse,soup_scene1,50,old
4583,20.30569314956665,0.3495233364306629,obse,soup_scene1,50,old
4584,20.31064748764038,0.34953765096421846,obse,soup_scene1,50,old
4585,20.315282583236694,0.34954121968191826,obse,soup_scene1,50,old
4586,20.319583892822266,0.34954121968191826,obse,soup_scene1,50,old
4587,20.324342727661133,0.3495350570618541,obse,soup_scene1,50,old
4588,20.328429222106934,0.3495350570618541,obse,soup_scene1,50,old
4589,20.332948446273804,0.34950901066193096,obse,soup_scene1,50,old
4590,20.33711814880371,0.34950901066193096,obse,soup_scene1,50,old
4591,20.341800928115845,0.34959706677420993,obse,soup_scene1,50,old
4592,20.34603190422058,0.34951570804380466,obse,soup_scene1,50,old
4593,20.350518941879272,0.3495042278833843,obse,soup_scene1,50,old
4594,20.35486912727356,0.3495206573643039,obse,soup_scene1,50,old
4595,20.359304428100586,0.34954079720903025,obse,soup_scene1,50,old
4596,20.36376166343689,0.3495505210519078,obse,soup_scene1,50,old
4597,20.368135690689087,0.3495505210519078,obse,soup_scene1,50,old
4598,20.372483730316162,0.3496069370730768,obse,soup_scene1,50,old
4599,20.376954555511475,0.3496069370730768,obse,soup_scene1,50,old
4600,20.38152766227722,0.3495449950115112,obse,soup_scene1,50,old
4601,20.3857421875,0.3495449950115112,obse,soup_scene1,50,old
4602,20.39041233062744,0.3495242372508384,obse,soup_scene1,50,old
4603,20.394561290740967,0.3495242372508384,obse,soup_scene1,50,old
4604,20.399245023727417,0.3495431615330094,obse,soup_scene1,50,old
4605,20.403437614440918,0.3495431615330094,obse,soup_scene1,50,old
4606,20.408096313476562,0.3494900375773041,obse,soup_scene1,50,old
4607,20.412875652313232,0.3496083174239187,obse,soup_scene1,50,old
4608,20.417508840560913,0.34961329419289283,obse,soup_scene1,50,old
4609,20.42233633995056,0.34952376737976076,obse,soup_scene1,50,old
4610,20.426921367645264,0.34952376737976076,obse,soup_scene1,50,old
4611,20.431608200073242,0.3495844810317735,obse,soup_scene1,50,old
4612,20.43620777130127,0.3495844810317735,obse,soup_scene1,50,old
4613,20.44101905822754,0.34951436047266166,obse,soup_scene1,50,old
4614,20.445730924606323,0.34952092038693344,obse,soup_scene1,50,old
4615,20.450493097305298,0.3495324091528172,obse,soup_scene1,50,old
4616,20.455216646194458,0.3495518663428508,obse,soup_scene1,50,old
4617,20.460053205490112,0.3495383815936896,obse,soup_scene1,50,old
4618,20.464691638946533,0.3495029157666875,obse,soup_scene1,50,old
4619,20.469263792037964,0.3495029157666875,obse,soup_scene1,50,old
4620,20.47423553466797,0.3495445258982905,obse,soup_scene1,50,old
4621,20.47883129119873,0.3495428152095155,obse,soup_scene1,50,old
4622,20.483497381210327,0.34954408795921743,obse,soup_scene1,50,old
4623,20.488170385360718,0.3495067366741276,obse,soup_scene1,50,old
4624,20.493016719818115,0.349505261266536,obse,soup_scene1,50,old
4625,20.49769616127014,0.34952809379869815,obse,soup_scene1,50,old
4626,20.502367734909058,0.34952809379869815,obse,soup_scene1,50,old
4627,20.507099628448486,0.349517092898284,obse,soup_scene1,50,old
4628,20.511884689331055,0.34951661651876975,obse,soup_scene1,50,old
4629,20.516561031341553,0.34953194369741636,obse,soup_scene1,50,old
4630,20.521245002746582,0.34952876561312346,obse,soup_scene1,50,old
4631,20.526029586791992,0.34953601711687904,obse,soup_scene1,50,old
4632,20.53081464767456,0.34952868607300586,obse,soup_scene1,50,old
4633,20.535489082336426,0.34952868607300586,obse,soup_scene1,50,old
4634,20.540395498275757,0.3495121141684418,obse,soup_scene1,50,old
4635,20.545380353927612,0.3495121141684418,obse,soup_scene1,50,old
4636,20.55038046836853,0.34952713910581806,obse,soup_scene1,50,old
4637,20.55521512031555,0.3495412681937235,obse,soup_scene1,50,old
4638,20.559948205947876,0.34953321356536954,obse,soup_scene1,50,old
4639,20.564686059951782,0.34950779561992756,obse,soup_scene1,50,old
4640,20.56942391395569,0.34950779561992756,obse,soup_scene1,50,old
4641,20.57452702522278,0.34952759851960746,obse,soup_scene1,50,old
4642,20.579036235809326,0.34952759851960746,obse,soup_scene1,50,old
4643,20.583850860595703,0.34961390593760894,obse,soup_scene1,50,old
4644,20.588569164276123,0.3495232138574077,obse,soup_scene1,50,old
4645,20.593181371688843,0.3495232138574077,obse,soup_scene1,50,old
4646,20.597907066345215,0.34953084672619256,obse,soup_scene1,50,old
4647,20.602447271347046,0.34953084672619256,obse,soup_scene1,50,old
4648,20.60722017288208,0.34950429664788873,obse,soup_scene1,50,old
4649,20.611878633499146,0.34950429664788873,obse,soup_scene1,50,old
4650,20.616856813430786,0.34953680905213086,obse,soup_scene1,50,old
4651,20.621304750442505,0.3495040390948072,obse,soup_scene1,50,old
4652,20.62583565711975,0.3495040390948072,obse,soup_scene1,50,old
4653,20.630271911621094,0.34949993833940285,obse,soup_scene1,50,old
4654,20.634967803955078,0.34949993833940285,obse,soup_scene1,50,old
4655,20.63950777053833,0.3495590039456458,obse,soup_scene1,50,old
4656,20.64405345916748,0.3495590039456458,obse,soup_scene1,50,old
4657,20.648653745651245,0.3496052420935611,obse,soup_scene1,50,old
4658,20.65291142463684,0.3496052420935611,obse,soup_scene1,50,old
4659,20.657983541488647,0.34952865915304565,obse,soup_scene1,50,old
4660,20.66266131401062,0.34953777647428697,obse,soup_scene1,50,old
4661,20.667253255844116,0.34954737507537154,obse,soup_scene1,50,old
4662,20.67210865020752,0.349522288856607,obse,soup_scene1,50,old
4663,20.676566123962402,0.349522288856607,obse,soup_scene1,50,old
4664,20.68130373954773,0.34954603803942275,obse,soup_scene1,50,old
4665,20.685518503189087,0.34954603803942275,obse,soup_scene1,50,old
4666,20.690086126327515,0.3495160118203132,obse,soup_scene1,50,old
4667,20.694207668304443,0.3495160118203132,obse,soup_scene1,50,old
4668,20.6987144947052,0.3495244660450925,obse,soup_scene1,50,old
4669,20.702845573425293,0.3495244660450925,obse,soup_scene1,50,old
4670,20.707343816757202,0.3495521862151039,obse,soup_scene1,50,old
4671,20.71151876449585,0.3495521862151039,obse,soup_scene1,50,old
4672,20.716315031051636,0.34953282456812623,obse,soup_scene1,50,old
4673,20.720478534698486,0.34953282456812623,obse,soup_scene1,50,old
4674,20.724610805511475,0.34953282456812623,obse,soup_scene1,50,old
4675,20.728829383850098,0.34953282456812623,obse,soup_scene1,50,old
4676,20.73318099975586,0.34953282456812623,obse,soup_scene1,50,old
4677,20.737502098083496,0.34953282456812623,obse,soup_scene1,50,old
4678,20.74182891845703,0.34953282456812623,obse,soup_scene1,50,old
4679,20.74610662460327,0.34953282456812623,obse,soup_scene1,50,old
4680,20.7503924369812,0.34953282456812623,obse,soup_scene1,50,old
4681,20.75473666191101,0.34953282456812623,obse,soup_scene1,50,old
4682,20.759007453918457,0.34953282456812623,obse,soup_scene1,50,old
4683,20.763371229171753,0.34953282456812623,obse,soup_scene1,50,old
4684,20.767645120620728,0.34953282456812623,obse,soup_scene1,50,old
4685,20.772024393081665,0.34953282456812623,obse,soup_scene1,50,old
4686,20.776275396347046,0.34953282456812623,obse,soup_scene1,50,old
4687,20.78065013885498,0.34953282456812623,obse,soup_scene1,50,old
4688,20.78492045402527,0.34953282456812623,obse,soup_scene1,50,old
4689,20.789278984069824,0.34953282456812623,obse,soup_scene1,50,old
4690,20.79358196258545,0.34953282456812623,obse,soup_scene1,50,old
4691,20.79796528816223,0.34953282456812623,obse,soup_scene1,50,old
4692,20.802207231521606,0.34953282456812623,obse,soup_scene1,50,old
4693,20.806501150131226,0.34953282456812623,obse,soup_scene1,50,old
4694,20.810851335525513,0.34953282456812623,obse,soup_scene1,50,old
4695,20.81527090072632,0.34953282456812623,obse,soup_scene1,50,old
4696,20.81960415840149,0.34953282456812623,obse,soup_scene1,50,old
4697,20.82390522956848,0.34953282456812623,obse,soup_scene1,50,old
4698,20.82824683189392,0.34953282456812623,obse,soup_scene1,50,old
4699,20.832534551620483,0.34953282456812623,obse,soup_scene1,50,old
4700,20.836824893951416,0.34953282456812623,obse,soup_scene1,50,old
4701,20.84109616279602,0.34953282456812623,obse,soup_scene1,50,old
4702,20.84546995162964,0.34953282456812623,obse,soup_scene1,50,old
4703,20.84974479675293,0.34953282456812623,obse,soup_scene1,50,old
4704,20.85439658164978,0.34953282456812623,obse,soup_scene1,50,old
4705,20.859947204589844,0.34953282456812623,obse,soup_scene1,50,old
4706,20.864755868911743,0.34953282456812623,obse,soup_scene1,50,old
4707,20.868945121765137,0.34953282456812623,obse,soup_scene1,50,old
4708,20.87307381629944,0.34953282456812623,obse,soup_scene1,50,old
4709,20.877167224884033,0.34953282456812623,obse,soup_scene1,50,old
4710,20.881280422210693,0.34953282456812623,obse,soup_scene1,50,old
4711,20.885326862335205,0.34953282456812623,obse,soup_scene1,50,old
4712,20.88943648338318,0.34953282456812623,obse,soup_scene1,50,old
4713,20.893468141555786,0.34953282456812623,obse,soup_scene1,50,old
4714,20.897571563720703,0.34953282456812623,obse,soup_scene1,50,old
4715,20.90157413482666,0.34953282456812623,obse,soup_scene1,50,old
4716,20.905601739883423,0.34953282456812623,obse,soup_scene1,50,old
4717,20.909685134887695,0.34953282456812623,obse,soup_scene1,50,old
4718,20.913756370544434,0.34953282456812623,obse,soup_scene1,50,old
4719,20.917855262756348,0.34953282456812623,obse,soup_scene1,50,old
4720,20.92191767692566,0.34953282456812623,obse,soup_scene1,50,old
4721,20.92602014541626,0.34953282456812623,obse,soup_scene1,50,old
4722,20.93014359474182,0.34953282456812623,obse,soup_scene1,50,old
4723,20.934680223464966,0.34953282456812623,obse,soup_scene1,50,old
4724,20.93906831741333,0.34953282456812623,obse,soup_scene1,50,old
4725,20.943416595458984,0.34953282456812623,obse,soup_scene1,50,old
4726,20.947718858718872,0.34953282456812623,obse,soup_scene1,50,old
4727,20.951998472213745,0.34953282456812623,obse,soup_scene1,50,old
4728,20.956308841705322,0.34953282456812623,obse,soup_scene1,50,old
4729,20.960598468780518,0.34953282456812623,obse,soup_scene1,50,old
4730,20.965052366256714,0.34953282456812623,obse,soup_scene1,50,old
4731,20.96915316581726,0.34953282456812623,obse,soup_scene1,50,old
4732,20.97326374053955,0.34953282456812623,obse,soup_scene1,50,old
4733,20.97730588912964,0.34953282456812623,obse,soup_scene1,50,old
4734,20.981406688690186,0.34953282456812623,obse,soup_scene1,50,old
4735,20.985473155975342,0.34953282456812623,obse,soup_scene1,50,old
4736,20.98957324028015,0.34953282456812623,obse,soup_scene1,50,old
4737,20.99364161491394,0.34953282456812623,obse,soup_scene1,50,old
4738,20.997716665267944,0.34953282456812623,obse,soup_scene1,50,old
4739,21.001742124557495,0.34953282456812623,obse,soup_scene1,50,old
4740,21.00581431388855,0.34953282456812623,obse,soup_scene1,50,old
4741,21.009952306747437,0.34953282456812623,obse,soup_scene1,50,old
4742,21.013997077941895,0.34953282456812623,obse,soup_scene1,50,old
4743,21.01806926727295,0.34953282456812623,obse,soup_scene1,50,old
4744,21.022128343582153,0.34953282456812623,obse,soup_scene1,50,old
4745,21.02666211128235,0.34953282456812623,obse,soup_scene1,50,old
4746,21.03184986114502,0.34953282456812623,obse,soup_scene1,50,old
4747,21.035964965820312,0.34953282456812623,obse,soup_scene1,50,old
4748,21.03999948501587,0.34953282456812623,obse,soup_scene1,50,old
4749,21.044108152389526,0.34953282456812623,obse,soup_scene1,50,old
4750,21.048128128051758,0.34953282456812623,obse,soup_scene1,50,old
4751,21.052238702774048,0.34953282456812623,obse,soup_scene1,50,old
4752,21.056321620941162,0.34953282456812623,obse,soup_scene1,50,old
4753,21.060408115386963,0.34953282456812623,obse,soup_scene1,50,old
4754,21.064462184906006,0.34953282456812623,obse,soup_scene1,50,old
4755,21.068498373031616,0.34953282456812623,obse,soup_scene1,50,old
4756,21.072592973709106,0.34953282456812623,obse,soup_scene1,50,old
4757,21.076626539230347,0.34953282456812623,obse,soup_scene1,50,old
4758,21.080756902694702,0.34953282456812623,obse,soup_scene1,50,old
4759,21.08479404449463,0.34953282456812623,obse,soup_scene1,50,old
4760,21.088894844055176,0.34953282456812623,obse,soup_scene1,50,old
4761,21.092960596084595,0.34953282456812623,obse,soup_scene1,50,old
4762,21.09708070755005,0.34953282456812623,obse,soup_scene1,50,old
4763,21.101125240325928,0.34953282456812623,obse,soup_scene1,50,old
4764,21.10516929626465,0.34953282456812623,obse,soup_scene1,50,old
4765,21.109233379364014,0.34953282456812623,obse,soup_scene1,50,old
4766,21.113250017166138,0.34953282456812623,obse,soup_scene1,50,old
4767,21.117340564727783,0.34953282456812623,obse,soup_scene1,50,old
4768,21.121375799179077,0.34953282456812623,obse,soup_scene1,50,old
4769,21.12549662590027,0.34953282456812623,obse,soup_scene1,50,old
4770,21.129536151885986,0.34953282456812623,obse,soup_scene1,50,old
4771,21.13369655609131,0.34953282456812623,obse,soup_scene1,50,old
4772,21.13795518875122,0.34953282456812623,obse,soup_scene1,50,old
4773,21.142323970794678,0.34953282456812623,obse,soup_scene1,50,old
4774,21.146599054336548,0.34953282456812623,obse,soup_scene1,50,old
4775,21.15083909034729,0.34953282456812623,obse,soup_scene1,50,old
4776,21.15510320663452,0.34953282456812623,obse,soup_scene1,50,old
4777,21.159164667129517,0.34953282456812623,obse,soup_scene1,50,old
4778,21.163294076919556,0.34953282456812623,obse,soup_scene1,50,old
4779,21.167306900024414,0.34953282456812623,obse,soup_scene1,50,old
4780,21.171369075775146,0.34953282456812623,obse,soup_scene1,50,old
4781,21.175394296646118,0.34953282456812623,obse,soup_scene1,50,old
4782,21.1794855594635,0.34953282456812623,obse,soup_scene1,50,old
4783,21.183477878570557,0.34953282456812623,obse,soup_scene1,50,old
4784,21.187543153762817,0.34953282456812623,obse,soup_scene1,50,old
4785,21.191553831100464,0.34953282456812623,obse,soup_scene1,50,old
4786,21.195574045181274,0.34953282456812623,obse,soup_scene1,50,old
4787,21.199676752090454,0.34953282456812623,obse,soup_scene1,50,old
4788,21.203696966171265,0.34953282456812623,obse,soup_scene1,50,old
4789,21.207788944244385,0.34953282456812623,obse,soup_scene1,50,old
4790,21.21183133125305,0.34953282456812623,obse,soup_scene1,50,old
4791,21.215935945510864,0.34953282456812623,obse,soup_scene1,50,old
4792,21.21997880935669,0.34953282456812623,obse,soup_scene1,50,old
4793,21.22409462928772,0.34953282456812623,obse,soup_scene1,50,old
4794,21.22813630104065,0.34953282456812623,obse,soup_scene1,50,old
4795,21.23217487335205,0.34953282456812623,obse,soup_scene1,50,old
4796,21.236233472824097,0.34953282456812623,obse,soup_scene1,50,old
4797,21.240241527557373,0.34953282456812623,obse,soup_scene1,50,old
4798,21.244338512420654,0.34953282456812623,obse,soup_scene1,50,old
4799,21.248342514038086,0.34953282456812623,obse,soup_scene1,50,old
4800,21.252439260482788,0.34953282456812623,obse,soup_scene1,50,old
4801,21.25651216506958,0.34953282456812623,obse,soup_scene1,50,old
4802,21.260541439056396,0.34953282456812623,obse,soup_scene1,50,old
4803,21.264655590057373,0.34953282456812623,obse,soup_scene1,50,old
4804,21.268701314926147,0.34953282456812623,obse,soup_scene1,50,old
4805,21.272783517837524,0.34953282456812623,obse,soup_scene1,50,old
4806,21.276795625686646,0.34953282456812623,obse,soup_scene1,50,old
4807,21.280903577804565,0.34953282456812623,obse,soup_scene1,50,old
4808,21.284908294677734,0.34953282456812623,obse,soup_scene1,50,old
4809,21.289018154144287,0.34953282456812623,obse,soup_scene1,50,old
4810,21.293087005615234,0.34953282456812623,obse,soup_scene1,50,old
4811,21.297136545181274,0.34953282456812623,obse,soup_scene1,50,old
4812,21.30114483833313,0.34953282456812623,obse,soup_scene1,50,old
4813,21.305134296417236,0.34953282456812623,obse,soup_scene1,50,old
4814,21.309205770492554,0.34953282456812623,obse,soup_scene1,50,old
4815,21.313340425491333,0.34953282456812623,obse,soup_scene1,50,old
4816,21.317431688308716,0.34953282456812623,obse,soup_scene1,50,old
4817,21.32143521308899,0.34953282456812623,obse,soup_scene1,50,old
4818,21.32554602622986,0.34953282456812623,obse,soup_scene1,50,old
4819,21.32959008216858,0.34953282456812623,obse,soup_scene1,50,old
4820,21.333725929260254,0.34953282456812623,obse,soup_scene1,50,old
4821,21.337756395339966,0.34953282456812623,obse,soup_scene1,50,old
4822,21.341761827468872,0.34953282456812623,obse,soup_scene1,50,old
4823,21.34583830833435,0.34953282456812623,obse,soup_scene1,50,old
4824,21.349863052368164,0.34953282456812623,obse,soup_scene1,50,old
4825,21.35399293899536,0.34953282456812623,obse,soup_scene1,50,old
4826,21.358052730560303,0.34953282456812623,obse,soup_scene1,50,old
4827,21.362126350402832,0.34953282456812623,obse,soup_scene1,50,old
4828,21.36614727973938,0.34953282456812623,obse,soup_scene1,50,old
4829,21.37023162841797,0.34953282456812623,obse,soup_scene1,50,old
4830,21.374228477478027,0.34953282456812623,obse,soup_scene1,50,old
4831,21.37826919555664,0.34953282456812623,obse,soup_scene1,50,old
4832,21.3823082447052,0.34953282456812623,obse,soup_scene1,50,old
4833,21.386355876922607,0.34953282456812623,obse,soup_scene1,50,old
4834,21.390473127365112,0.34953282456812623,obse,soup_scene1,50,old
4835,21.394484996795654,0.34953282456812623,obse,soup_scene1,50,old
4836,21.398528337478638,0.34953282456812623,obse,soup_scene1,50,old
4837,21.402554750442505,0.34953282456812623,obse,soup_scene1,50,old
4838,21.406609296798706,0.34953282456812623,obse,soup_scene1,50,old
4839,21.410614490509033,0.34953282456812623,obse,soup_scene1,50,old
4840,21.41464066505432,0.34953282456812623,obse,soup_scene1,50,old
4841,21.41873550415039,0.34953282456812623,obse,soup_scene1,50,old
4842,21.422775745391846,0.34953282456812623,obse,soup_scene1,50,old
4843,21.42683243751526,0.34953282456812623,obse,soup_scene1,50,old
4844,21.430904865264893,0.34953282456812623,obse,soup_scene1,50,old
4845,21.43497896194458,0.34953282456812623,obse,soup_scene1,50,old
4846,21.439013242721558,0.34953282456812623,obse,soup_scene1,50,old
4847,21.443079710006714,0.34953282456812623,obse,soup_scene1,50,old
4848,21.447103261947632,0.34953282456812623,obse,soup_scene1,50,old
4849,21.45116376876831,0.34953282456812623,obse,soup_scene1,50,old
4850,21.455255031585693,0.34953282456812623,obse,soup_scene1,50,old
4851,21.45928955078125,0.34953282456812623,obse,soup_scene1,50,old
4852,21.46336531639099,0.34953282456812623,obse,soup_scene1,50,old
4853,21.467422485351562,0.34953282456812623,obse,soup_scene1,50,old
4854,21.47152328491211,0.34953282456812623,obse,soup_scene1,50,old
4855,21.475576877593994,0.34953282456812623,obse,soup_scene1,50,old
4856,21.479700088500977,0.34953282456812623,obse,soup_scene1,50,old
4857,21.48373007774353,0.34953282456812623,obse,soup_scene1,50,old
4858,21.487796545028687,0.34953282456812623,obse,soup_scene1,50,old
4859,21.49189829826355,0.34953282456812623,obse,soup_scene1,50,old
4860,21.495929479599,0.34953282456812623,obse,soup_scene1,50,old
4861,21.500032901763916,0.34953282456812623,obse,soup_scene1,50,old
4862,21.504055500030518,0.34953282456812623,obse,soup_scene1,50,old
4863,21.50813627243042,0.34953282456812623,obse,soup_scene1,50,old
4864,21.512141704559326,0.34953282456812623,obse,soup_scene1,50,old
4865,21.51622462272644,0.34953282456812623,obse,soup_scene1,50,old
4866,21.52028226852417,0.34953282456812623,obse,soup_scene1,50,old
4867,21.5243079662323,0.34953282456812623,obse,soup_scene1,50,old
4868,21.528435945510864,0.34953282456812623,obse,soup_scene1,50,old
4869,21.532470226287842,0.34953282456812623,obse,soup_scene1,50,old
4870,21.536508321762085,0.34953282456812623,obse,soup_scene1,50,old
4871,21.540544033050537,0.34953282456812623,obse,soup_scene1,50,old
4872,21.544620037078857,0.34953282456812623,obse,soup_scene1,50,old
4873,21.548659324645996,0.34953282456812623,obse,soup_scene1,50,old
4874,21.55275249481201,0.34953282456812623,obse,soup_scene1,50,old
4875,21.55682873725891,0.34953282456812623,obse,soup_scene1,50,old
4876,21.560887575149536,0.34953282456812623,obse,soup_scene1,50,old
4877,21.564937353134155,0.34953282456812623,obse,soup_scene1,50,old
4878,21.568960189819336,0.34953282456812623,obse,soup_scene1,50,old
4879,21.57302713394165,0.34953282456812623,obse,soup_scene1,50,old
4880,21.57709288597107,0.34953282456812623,obse,soup_scene1,50,old
4881,21.581233024597168,0.34953282456812623,obse,soup_scene1,50,old
4882,21.585243463516235,0.34953282456812623,obse,soup_scene1,50,old
4883,21.5893075466156,0.34953282456812623,obse,soup_scene1,50,old
4884,21.59333348274231,0.34953282456812623,obse,soup_scene1,50,old
4885,21.59746265411377,0.34953282456812623,obse,soup_scene1,50,old
4886,21.601506233215332,0.34953282456812623,obse,soup_scene1,50,old
4887,21.605533599853516,0.34953282456812623,obse,soup_scene1,50,old
4888,21.609591484069824,0.34953282456812623,obse,soup_scene1,50,old
4889,21.613643407821655,0.34953282456812623,obse,soup_scene1,50,old
4890,21.617758750915527,0.34953282456812623,obse,soup_scene1,50,old
4891,21.621793270111084,0.34953282456812623,obse,soup_scene1,50,old
4892,21.62585735321045,0.34953282456812623,obse,soup_scene1,50,old
4893,21.629894971847534,0.34953282456812623,obse,soup_scene1,50,old
4894,21.634012699127197,0.34953282456812623,obse,soup_scene1,50,old
4895,21.63804793357849,0.34953282456812623,obse,soup_scene1,50,old
4896,21.642040729522705,0.34953282456812623,obse,soup_scene1,50,old
4897,21.646114110946655,0.34953282456812623,obse,soup_scene1,50,old
4898,21.650158405303955,0.34953282456812623,obse,soup_scene1,50,old
4899,21.654245138168335,0.34953282456812623,obse,soup_scene1,50,old
4900,21.65829038619995,0.34953282456812623,obse,soup_scene1,50,old
4901,21.662402153015137,0.34953282456812623,obse,soup_scene1,50,old
4902,21.666439294815063,0.34953282456812623,obse,soup_scene1,50,old
4903,21.67048144340515,0.34953282456812623,obse,soup_scene1,50,old
4904,21.674522399902344,0.34953282456812623,obse,soup_scene1,50,old
4905,21.678574085235596,0.34953282456812623,obse,soup_scene1,50,old
4906,21.682686805725098,0.34953282456812623,obse,soup_scene1,50,old
4907,21.68670344352722,0.34953282456812623,obse,soup_scene1,50,old
4908,21.690794706344604,0.34953282456812623,obse,soup_scene1,50,old
4909,21.694816827774048,0.34953282456812623,obse,soup_scene1,50,old
4910,21.698866367340088,0.34953282456812623,obse,soup_scene1,50,old
4911,21.702882051467896,0.34953282456812623,obse,soup_scene1,50,old
4912,21.706986904144287,0.34953282456812623,obse,soup_scene1,50,old
4913,21.710978984832764,0.34953282456812623,obse,soup_scene1,50,old
4914,21.71499729156494,0.34953282456812623,obse,soup_scene1,50,old
4915,21.71910309791565,0.34953282456812623,obse,soup_scene1,50,old
4916,21.723126888275146,0.34953282456812623,obse,soup_scene1,50,old
4917,21.727195978164673,0.34953282456812623,obse,soup_scene1,50,old
4918,21.731226921081543,0.34953282456812623,obse,soup_scene1,50,old
4919,21.73530340194702,0.34953282456812623,obse,soup_scene1,50,old
4920,21.739338159561157,0.34953282456812623,obse,soup_scene1,50,old
4921,21.743415117263794,0.34953282456812623,obse,soup_scene1,50,old
4922,21.747420072555542,0.34953282456812623,obse,soup_scene1,50,old
4923,21.751415491104126,0.34953282456812623,obse,soup_scene1,50,old
4924,21.755507707595825,0.34953282456812623,obse,soup_scene1,50,old
4925,21.75953435897827,0.34953282456812623,obse,soup_scene1,50,old
4926,21.763633012771606,0.34953282456812623,obse,soup_scene1,50,old
4927,21.767643928527832,0.34953282456812623,obse,soup_scene1,50,old
4928,21.77173113822937,0.34953282456812623,obse,soup_scene1,50,old
4929,21.775765895843506,0.34953282456812623,obse,soup_scene1,50,old
4930,21.77983593940735,0.34953282456812623,obse,soup_scene1,50,old
4931,21.783849477767944,0.34953282456812623,obse,soup_scene1,50,old
4932,21.787835359573364,0.34953282456812623,obse,soup_scene1,50,old
4933,21.791959047317505,0.34953282456812623,obse,soup_scene1,50,old
4934,21.795984745025635,0.34953282456812623,obse,soup_scene1,50,old
4935,21.80007839202881,0.34953282456812623,obse,soup_scene1,50,old
4936,21.804110527038574,0.34953282456812623,obse,soup_scene1,50,old
4937,21.808204174041748,0.34953282456812623,obse,soup_scene1,50,old
4938,21.812376976013184,0.34953282456812623,obse,soup_scene1,50,old
4939,21.816493272781372,0.34953282456812623,obse,soup_scene1,50,old
4940,21.820499181747437,0.34953282456812623,obse,soup_scene1,50,old
4941,21.824610710144043,0.34953282456812623,obse,soup_scene1,50,old
4942,21.828746795654297,0.34953282456812623,obse,soup_scene1,50,old
4943,21.83282208442688,0.34953282456812623,obse,soup_scene1,50,old
4944,21.83685541152954,0.34953282456812623,obse,soup_scene1,50,old
4945,21.84087109565735,0.34953282456812623,obse,soup_scene1,50,old
4946,21.844950914382935,0.34953282456812623,obse,soup_scene1,50,old
4947,21.84904646873474,0.34953282456812623,obse,soup_scene1,50,old
4948,21.85305953025818,0.34953282456812623,obse,soup_scene1,50,old
4949,21.857076168060303,0.34953282456812623,obse,soup_scene1,50,old
4950,21.861185550689697,0.34953282456812623,obse,soup_scene1,50,old
4951,21.8652126789093,0.34953282456812623,obse,soup_scene1,50,old
4952,21.86929726600647,0.34953282456812623,obse,soup_scene1,50,old
4953,21.87329864501953,0.34953282456812623,obse,soup_scene1,50,old
4954,21.877394914627075,0.34953282456812623,obse,soup_scene1,50,old
4955,21.881416082382202,0.34953282456812623,obse,soup_scene1,50,old
4956,21.885474920272827,0.34953282456812623,obse,soup_scene1,50,old
4957,21.889496326446533,0.34953282456812623,obse,soup_scene1,50,old
4958,21.89350724220276,0.34953282456812623,obse,soup_scene1,50,old
4959,21.897580862045288,0.34953282456812623,obse,soup_scene1,50,old
4960,21.90162181854248,0.34953282456812623,obse,soup_scene1,50,old
4961,21.905726671218872,0.34953282456812623,obse,soup_scene1,50,old
4962,21.909717321395874,0.34953282456812623,obse,soup_scene1,50,old
4963,21.913788557052612,0.34953282456812623,obse,soup_scene1,50,old
4964,21.917797803878784,0.34953282456812623,obse,soup_scene1,50,old
4965,21.921857595443726,0.34953282456812623,obse,soup_scene1,50,old
4966,21.925861835479736,0.34953282456812623,obse,soup_scene1,50,old
4967,21.92990756034851,0.34953282456812623,obse,soup_scene1,50,old
4968,21.934016466140747,0.34953282456812623,obse,soup_scene1,50,old
4969,21.938088178634644,0.34953282456812623,obse,soup_scene1,50,old
4970,21.942190408706665,0.34953282456812623,obse,soup_scene1,50,old
4971,21.946176767349243,0.34953282456812623,obse,soup_scene1,50,old
4972,21.950242042541504,0.34953282456812623,obse,soup_scene1,50,old
4973,21.954291343688965,0.34953282456812623,obse,soup_scene1,50,old
4974,21.9584059715271,0.34953282456812623,obse,soup_scene1,50,old
4975,21.962462425231934,0.34953282456812623,obse,soup_scene1,50,old
4976,21.966715812683105,0.34953282456812623,obse,soup_scene1,50,old
4977,21.970752954483032,0.34953282456812623,obse,soup_scene1,50,old
4978,21.974778413772583,0.34953282456812623,obse,soup_scene1,50,old
4979,21.978904962539673,0.34953282456812623,obse,soup_scene1,50,old
4980,21.982911825180054,0.34953282456812623,obse,soup_scene1,50,old
4981,21.98698091506958,0.34953282456812623,obse,soup_scene1,50,old
4982,21.991004705429077,0.34953282456812623,obse,soup_scene1,50,old
4983,21.9951114654541,0.34953282456812623,obse,soup_scene1,50,old
4984,21.999171495437622,0.34953282456812623,obse,soup_scene1,50,old
4985,22.00327706336975,0.34953282456812623,obse,soup_scene1,50,old
4986,22.00731635093689,0.34953282456812623,obse,soup_scene1,50,old
4987,22.01131272315979,0.34953282456812623,obse,soup_scene1,50,old
4988,22.01536750793457,0.34953282456812623,obse,soup_scene1,50,old
4989,22.01941156387329,0.34953282456812623,obse,soup_scene1,50,old
4990,22.023517847061157,0.34953282456812623,obse,soup_scene1,50,old
4991,22.027540683746338,0.34953282456812623,obse,soup_scene1,50,old
4992,22.031627893447876,0.34953282456812623,obse,soup_scene1,50,old
4993,22.03564715385437,0.34953282456812623,obse,soup_scene1,50,old
4994,22.039765119552612,0.34953282456812623,obse,soup_scene1,50,old
4995,22.043762683868408,0.34953282456812623,obse,soup_scene1,50,old
4996,22.047778367996216,0.34953282456812623,obse,soup_scene1,50,old
4997,22.051873207092285,0.34953282456812623,obse,soup_scene1,50,old
4998,22.05593466758728,0.34953282456812623,obse,soup_scene1,50,old
4999,22.060028076171875,0.34953282456812623,obse,soup_scene1,50,old
5000,22.064042568206787,0.34953282456812623,obse,soup_scene1,50,old
5001,22.0680992603302,0.34953282456812623,obse,soup_scene1,50,old
5002,22.072073221206665,0.34953282456812623,obse,soup_scene1,50,old
5003,22.076183319091797,0.34953282456812623,obse,soup_scene1,50,old
5004,22.080242156982422,0.34953282456812623,obse,soup_scene1,50,old
5005,22.084272146224976,0.34953282456812623,obse,soup_scene1,50,old
5006,22.08840274810791,0.34953282456812623,obse,soup_scene1,50,old
5007,22.09243941307068,0.34953282456812623,obse,soup_scene1,50,old
5008,22.096551179885864,0.34953282456812623,obse,soup_scene1,50,old
5009,22.10058832168579,0.34953282456812623,obse,soup_scene1,50,old
5010,22.104703903198242,0.34953282456812623,obse,soup_scene1,50,old
5011,22.10873031616211,0.34953282456812623,obse,soup_scene1,50,old
5012,22.112797737121582,0.34953282456812623,obse,soup_scene1,50,old
5013,22.116802215576172,0.34953282456812623,obse,soup_scene1,50,old
5014,22.120848894119263,0.34953282456812623,obse,soup_scene1,50,old
5015,22.124946117401123,0.34953282456812623,obse,soup_scene1,50,old
5016,22.128979682922363,0.34953282456812623,obse,soup_scene1,50,old
5017,22.13305926322937,0.34953282456812623,obse,soup_scene1,50,old
5018,22.137107372283936,0.34953282456812623,obse,soup_scene1,50,old
5019,22.141178607940674,0.34953282456812623,obse,soup_scene1,50,old
5020,22.14523434638977,0.34953282456812623,obse,soup_scene1,50,old
5021,22.14926838874817,0.34953282456812623,obse,soup_scene1,50,old
5022,22.153318643569946,0.34953282456812623,obse,soup_scene1,50,old
5023,22.15732479095459,0.34953282456812623,obse,soup_scene1,50,old
5024,22.161378383636475,0.34953282456812623,obse,soup_scene1,50,old
5025,22.165420293807983,0.34953282456812623,obse,soup_scene1,50,old
5026,22.169509410858154,0.34953282456812623,obse,soup_scene1,50,old
