0,0.0001735687255859375,0.3268008403242688,obse,soup_scene1,70,old
1,0.002241373062133789,0.3268008403242688,obse,soup_scene1,70,old
2,0.006668567657470703,0.3268008403242688,obse,soup_scene1,70,old
3,0.011154651641845703,0.3268279754023943,obse,soup_scene1,70,old
4,0.015350580215454102,0.3268279754023943,obse,soup_scene1,70,old
5,0.019722461700439453,0.32678188640846095,obse,soup_scene1,70,old
6,0.024109363555908203,0.32257666606471364,obse,soup_scene1,70,old
7,0.028490304946899414,0.32156289695270635,obse,soup_scene1,70,old
8,0.03276467323303223,0.32156289695270635,obse,soup_scene1,70,old
9,0.03721022605895996,0.32148285494410234,obse,soup_scene1,70,old
10,0.04178452491760254,0.3214400997823118,obse,soup_scene1,70,old
11,0.04613780975341797,0.32109127092632367,obse,soup_scene1,70,old
12,0.05046725273132324,0.32109127092632367,obse,soup_scene1,70,old
13,0.054653167724609375,0.32109127092632367,obse,soup_scene1,70,old
14,0.05911421775817871,0.32149750852295533,obse,soup_scene1,70,old
15,0.0635073184967041,0.3213694675105711,obse,soup_scene1,70,old
16,0.0676732063293457,0.3213694675105711,obse,soup_scene1,70,old
17,0.07188057899475098,0.3213694675105711,obse,soup_scene1,70,old
18,0.07640600204467773,0.3213673434518479,obse,soup_scene1,70,old
19,0.08065652847290039,0.3213673434518479,obse,soup_scene1,70,old
20,0.08517193794250488,0.3214053254932366,obse,soup_scene1,70,old
21,0.0895850658416748,0.3214053254932366,obse,soup_scene1,70,old
22,0.09405064582824707,0.3206446999628262,obse,soup_scene1,70,old
23,0.09829902648925781,0.3206446999628262,obse,soup_scene1,70,old
24,0.10291361808776855,0.3205786538689357,obse,soup_scene1,70,old
25,0.10723328590393066,0.32051482216831345,obse,soup_scene1,70,old
26,0.11134886741638184,0.32051482216831345,obse,soup_scene1,70,old
27,0.11562871932983398,0.3200520263680481,obse,soup_scene1,70,old
28,0.12003231048583984,0.3201073943301624,obse,soup_scene1,70,old
29,0.1242218017578125,0.3201073943301624,obse,soup_scene1,70,old
30,0.12894344329833984,0.32051140088498037,obse,soup_scene1,70,old
31,0.1331193447113037,0.32051140088498037,obse,soup_scene1,70,old
32,0.13757586479187012,0.32066194654117663,obse,soup_scene1,70,old
33,0.14204192161560059,0.3207053535234157,obse,soup_scene1,70,old
34,0.1463794708251953,0.3207053535234157,obse,soup_scene1,70,old
35,0.15076327323913574,0.3206725280609257,obse,soup_scene1,70,old
36,0.15545415878295898,0.3203676971110097,obse,soup_scene1,70,old
37,0.16013693809509277,0.32025956778515285,obse,soup_scene1,70,old
38,0.16484856605529785,0.3261191486940401,obse,soup_scene1,70,old
39,0.16937041282653809,0.32599826681957633,obse,soup_scene1,70,old
40,0.1737823486328125,0.3260562126542366,obse,soup_scene1,70,old
41,0.1780259609222412,0.32554162021946903,obse,soup_scene1,70,old
42,0.18332481384277344,0.32563596678779816,obse,soup_scene1,70,old
43,0.18766212463378906,0.3255934669717386,obse,soup_scene1,70,old
44,0.19236493110656738,0.32599759944072315,obse,soup_scene1,70,old
45,0.19654607772827148,0.32599759944072315,obse,soup_scene1,70,old
46,0.20096850395202637,0.32604111379281014,obse,soup_scene1,70,old
47,0.20512890815734863,0.32604111379281014,obse,soup_scene1,70,old
48,0.2095775604248047,0.32604111379281014,obse,soup_scene1,70,old
49,0.21394109725952148,0.32604111379281014,obse,soup_scene1,70,old
50,0.21819281578063965,0.32604111379281014,obse,soup_scene1,70,old
51,0.22275900840759277,0.3260410906896603,obse,soup_scene1,70,old
52,0.22720932960510254,0.3258581587036541,obse,soup_scene1,70,old
53,0.23160076141357422,0.32589436046889775,obse,soup_scene1,70,old
54,0.23625612258911133,0.32577468878259386,obse,soup_scene1,70,old
55,0.2409820556640625,0.31881062496925766,obse,soup_scene1,70,old
56,0.24529743194580078,0.3186767459662041,obse,soup_scene1,70,old
57,0.24967193603515625,0.3186767459662041,obse,soup_scene1,70,old
58,0.25416135787963867,0.31903438187530797,obse,soup_scene1,70,old
59,0.2744474411010742,0.3190882048499004,obse,soup_scene1,70,old
60,0.2790396213531494,0.31929887712591404,obse,soup_scene1,70,old
61,0.2835259437561035,0.31929887712591404,obse,soup_scene1,70,old
62,0.2878146171569824,0.3188736424988992,obse,soup_scene1,70,old
63,0.2919950485229492,0.3188736424988992,obse,soup_scene1,70,old
64,0.2962362766265869,0.3191805294623602,obse,soup_scene1,70,old
65,0.30053281784057617,0.3191805294623602,obse,soup_scene1,70,old
66,0.304887056350708,0.3191009519378672,obse,soup_scene1,70,old
67,0.3097188472747803,0.3084957109438918,obse,soup_scene1,70,old
68,0.3137784004211426,0.3085657401723128,obse,soup_scene1,70,old
69,0.3180122375488281,0.3085657401723128,obse,soup_scene1,70,old
70,0.3221011161804199,0.3085657401723128,obse,soup_scene1,70,old
71,0.32630038261413574,0.3085657401723128,obse,soup_scene1,70,old
72,0.33166003227233887,0.3084680589757591,obse,soup_scene1,70,old
73,0.335979700088501,0.3083724651389861,obse,soup_scene1,70,old
74,0.3403139114379883,0.3086516612711938,obse,soup_scene1,70,old
75,0.34465718269348145,0.3086516612711938,obse,soup_scene1,70,old
76,0.3489804267883301,0.3086516612711938,obse,soup_scene1,70,old
77,0.3532295227050781,0.3086516612711938,obse,soup_scene1,70,old
78,0.35770535469055176,0.3082834885855031,obse,soup_scene1,70,old
79,0.3618900775909424,0.3082834885855031,obse,soup_scene1,70,old
80,0.3668060302734375,0.3068620319896919,obse,soup_scene1,70,old
81,0.3710055351257324,0.3068620319896919,obse,soup_scene1,70,old
82,0.37548398971557617,0.3068620319896919,obse,soup_scene1,70,old
83,0.3797123432159424,0.30666794392416075,obse,soup_scene1,70,old
84,0.38410043716430664,0.3065834601493606,obse,soup_scene1,70,old
85,0.38841700553894043,0.3065834601493606,obse,soup_scene1,70,old
86,0.3930065631866455,0.3068100160839174,obse,soup_scene1,70,old
87,0.39743638038635254,0.3068100160839174,obse,soup_scene1,70,old
88,0.4018666744232178,0.3068074294358239,obse,soup_scene1,70,old
89,0.4060368537902832,0.3068074294358239,obse,soup_scene1,70,old
90,0.41066408157348633,0.3067238782289854,obse,soup_scene1,70,old
91,0.4150094985961914,0.30666543249426853,obse,soup_scene1,70,old
92,0.41977572441101074,0.3117202399949979,obse,soup_scene1,70,old
93,0.4241631031036377,0.3129952851116615,obse,soup_scene1,70,old
94,0.428466796875,0.3129952851116615,obse,soup_scene1,70,old
95,0.4326779842376709,0.3129952851116615,obse,soup_scene1,70,old
96,0.43732285499572754,0.31300587046838735,obse,soup_scene1,70,old
97,0.4417550563812256,0.31360037076607294,obse,soup_scene1,70,old
98,0.44623684883117676,0.31294468147302307,obse,soup_scene1,70,old
99,0.45055651664733887,0.31294102906315574,obse,soup_scene1,70,old
100,0.45505523681640625,0.31286066855806816,obse,soup_scene1,70,old
101,0.4593925476074219,0.31286066855806816,obse,soup_scene1,70,old
102,0.46361517906188965,0.31286066855806816,obse,soup_scene1,70,old
103,0.4681088924407959,0.31315687410540827,obse,soup_scene1,70,old
104,0.47240781784057617,0.31315687410540827,obse,soup_scene1,70,old
105,0.4765970706939697,0.31315687410540827,obse,soup_scene1,70,old
106,0.4809684753417969,0.31289082799285334,obse,soup_scene1,70,old
107,0.48535704612731934,0.3130682970852422,obse,soup_scene1,70,old
108,0.4895496368408203,0.3130682970852422,obse,soup_scene1,70,old
109,0.49413275718688965,0.31295189994455624,obse,soup_scene1,70,old
110,0.4983553886413574,0.31295189994455624,obse,soup_scene1,70,old
111,0.503331184387207,0.3116169481279778,obse,soup_scene1,70,old
112,0.507514476776123,0.3116169481279778,obse,soup_scene1,70,old
113,0.5116899013519287,0.3115151460374461,obse,soup_scene1,70,old
114,0.5159549713134766,0.31165020525419873,obse,soup_scene1,70,old
115,0.5202090740203857,0.31165020525419873,obse,soup_scene1,70,old
116,0.5244979858398438,0.3113958226348341,obse,soup_scene1,70,old
117,0.5285687446594238,0.3113958226348341,obse,soup_scene1,70,old
118,0.5327391624450684,0.3113973390228191,obse,soup_scene1,70,old
119,0.5374746322631836,0.3114174301866468,obse,soup_scene1,70,old
120,0.541907787322998,0.3114174301866468,obse,soup_scene1,70,old
121,0.5460646152496338,0.31134139137284667,obse,soup_scene1,70,old
122,0.5502898693084717,0.31134139137284667,obse,soup_scene1,70,old
123,0.5546460151672363,0.31122810560932823,obse,soup_scene1,70,old
124,0.558943510055542,0.31122810560932823,obse,soup_scene1,70,old
125,0.5631382465362549,0.31122810560932823,obse,soup_scene1,70,old
126,0.567340612411499,0.31122810560932823,obse,soup_scene1,70,old
127,0.5718274116516113,0.3112715077121617,obse,soup_scene1,70,old
128,0.5760998725891113,0.3112715077121617,obse,soup_scene1,70,old
129,0.5802950859069824,0.3112715077121617,obse,soup_scene1,70,old
130,0.584538459777832,0.3112715077121617,obse,soup_scene1,70,old
131,0.5889143943786621,0.3112715077121617,obse,soup_scene1,70,old
132,0.5930521488189697,0.3112159741801106,obse,soup_scene1,70,old
133,0.5980081558227539,0.32546956718901493,obse,soup_scene1,70,old
134,0.6025245189666748,0.3253916345296981,obse,soup_scene1,70,old
135,0.6067144870758057,0.3253916345296981,obse,soup_scene1,70,old
136,0.6113886833190918,0.32527231133796064,obse,soup_scene1,70,old
137,0.6156628131866455,0.32566677396347327,obse,soup_scene1,70,old
138,0.6199667453765869,0.32555830757838033,obse,soup_scene1,70,old
139,0.6242775917053223,0.32555830757838033,obse,soup_scene1,70,old
140,0.6284615993499756,0.32555830757838033,obse,soup_scene1,70,old
141,0.6332342624664307,0.3262372773476878,obse,soup_scene1,70,old
142,0.6375184059143066,0.3262372773476878,obse,soup_scene1,70,old
143,0.6425192356109619,0.3262372773476878,obse,soup_scene1,70,old
144,0.6468181610107422,0.3262372773476878,obse,soup_scene1,70,old
145,0.6511244773864746,0.33093985353327077,obse,soup_scene1,70,old
146,0.6555368900299072,0.3309331215857808,obse,soup_scene1,70,old
147,0.6604788303375244,0.33114602625971506,obse,soup_scene1,70,old
148,0.664656400680542,0.3310721527834003,obse,soup_scene1,70,old
149,0.6690723896026611,0.3312822405616576,obse,soup_scene1,70,old
150,0.673192024230957,0.3312822405616576,obse,soup_scene1,70,old
151,0.6776983737945557,0.3312356827194613,obse,soup_scene1,70,old
152,0.6818032264709473,0.3312356827194613,obse,soup_scene1,70,old
153,0.686110258102417,0.33180946009670886,obse,soup_scene1,70,old
154,0.6901981830596924,0.33185891616594293,obse,soup_scene1,70,old
155,0.694481372833252,0.33173226995866634,obse,soup_scene1,70,old
156,0.6988215446472168,0.33173226995866634,obse,soup_scene1,70,old
157,0.7033991813659668,0.34129663290776024,obse,soup_scene1,70,old
158,0.7077035903930664,0.3418573706389644,obse,soup_scene1,70,old
159,0.7120609283447266,0.34169960526355425,obse,soup_scene1,70,old
160,0.7166454792022705,0.34221080798411124,obse,soup_scene1,70,old
161,0.7207858562469482,0.34221080798411124,obse,soup_scene1,70,old
162,0.7249751091003418,0.34221080798411124,obse,soup_scene1,70,old
163,0.7291898727416992,0.34221080798411124,obse,soup_scene1,70,old
164,0.7336559295654297,0.342204454159601,obse,soup_scene1,70,old
165,0.7382547855377197,0.34221001824117897,obse,soup_scene1,70,old
166,0.742487907409668,0.34221001824117897,obse,soup_scene1,70,old
167,0.7469255924224854,0.34221001824117897,obse,soup_scene1,70,old
168,0.7513492107391357,0.34214532551736815,obse,soup_scene1,70,old
169,0.755434513092041,0.34214532551736815,obse,soup_scene1,70,old
170,0.7600643634796143,0.3473476703566299,obse,soup_scene1,70,old
171,0.7644784450531006,0.34223601615554133,obse,soup_scene1,70,old
172,0.7686846256256104,0.34223601615554133,obse,soup_scene1,70,old
173,0.773240327835083,0.3434188795518521,obse,soup_scene1,70,old
174,0.7777073383331299,0.3439264600480836,obse,soup_scene1,70,old
175,0.7819027900695801,0.3439264600480836,obse,soup_scene1,70,old
176,0.7863483428955078,0.34393726851237794,obse,soup_scene1,70,old
177,0.7911572456359863,0.34393726851237794,obse,soup_scene1,70,old
178,0.7954645156860352,0.3449502007841502,obse,soup_scene1,70,old
179,0.8000068664550781,0.3448318130319212,obse,soup_scene1,70,old
180,0.804210901260376,0.3448318130319212,obse,soup_scene1,70,old
181,0.8086535930633545,0.3478393626981169,obse,soup_scene1,70,old
182,0.8128917217254639,0.3478393626981169,obse,soup_scene1,70,old
183,0.8170216083526611,0.3478393626981169,obse,soup_scene1,70,old
184,0.8212783336639404,0.34788174657829635,obse,soup_scene1,70,old
185,0.825549840927124,0.34788174657829635,obse,soup_scene1,70,old
186,0.8300724029541016,0.34788174657829635,obse,soup_scene1,70,old
187,0.8345789909362793,0.3498945072988675,obse,soup_scene1,70,old
188,0.8388864994049072,0.3498945072988675,obse,soup_scene1,70,old
189,0.8432080745697021,0.3511945573479705,obse,soup_scene1,70,old
190,0.8477787971496582,0.3511945573479705,obse,soup_scene1,70,old
191,0.8522987365722656,0.36277964563459425,obse,soup_scene1,70,old
192,0.8566737174987793,0.3627448942789167,obse,soup_scene1,70,old
193,0.8608763217926025,0.3627448942789167,obse,soup_scene1,70,old
194,0.8653309345245361,0.3647919940548942,obse,soup_scene1,70,old
195,0.869612455368042,0.36475914620931876,obse,soup_scene1,70,old
196,0.8738555908203125,0.36475914620931876,obse,soup_scene1,70,old
197,0.8784875869750977,0.368182102239273,obse,soup_scene1,70,old
198,0.8826007843017578,0.368182102239273,obse,soup_scene1,70,old
199,0.8869767189025879,0.368182102239273,obse,soup_scene1,70,old
200,0.891413688659668,0.36798265341484215,obse,soup_scene1,70,old
201,0.8957741260528564,0.36798265341484215,obse,soup_scene1,70,old
202,0.9000580310821533,0.3485297110450151,obse,soup_scene1,70,old
203,0.9045801162719727,0.34822381970468314,obse,soup_scene1,70,old
204,0.9086768627166748,0.34822381970468314,obse,soup_scene1,70,old
205,0.9134116172790527,0.34594966062338645,obse,soup_scene1,70,old
206,0.917639970779419,0.34594966062338645,obse,soup_scene1,70,old
207,0.9222192764282227,0.34593427909029384,obse,soup_scene1,70,old
208,0.9264185428619385,0.34593427909029384,obse,soup_scene1,70,old
209,0.9307694435119629,0.3468797757434613,obse,soup_scene1,70,old
210,0.9350423812866211,0.3468876111102966,obse,soup_scene1,70,old
211,0.9394652843475342,0.3505731033354524,obse,soup_scene1,70,old
212,0.9437685012817383,0.3505731033354524,obse,soup_scene1,70,old
213,0.9481520652770996,0.35232301159386753,obse,soup_scene1,70,old
214,0.9525072574615479,0.35232301159386753,obse,soup_scene1,70,old
215,0.9578394889831543,0.3578539022638447,obse,soup_scene1,70,old
216,0.9620630741119385,0.3578539022638447,obse,soup_scene1,70,old
217,0.966209888458252,0.3578539022638447,obse,soup_scene1,70,old
218,0.9703671932220459,0.3578539022638447,obse,soup_scene1,70,old
219,0.9745395183563232,0.3578539022638447,obse,soup_scene1,70,old
220,0.9786703586578369,0.3578539022638447,obse,soup_scene1,70,old
221,0.9834961891174316,0.34736292828742094,obse,soup_scene1,70,old
222,0.9877891540527344,0.3474114697545522,obse,soup_scene1,70,old
223,0.9922323226928711,0.3506442700205774,obse,soup_scene1,70,old
224,0.9967041015625,0.3523909698651837,obse,soup_scene1,70,old
225,1.0009689331054688,0.3523909698651837,obse,soup_scene1,70,old
226,1.005403757095337,0.35246758560361835,obse,soup_scene1,70,old
227,1.0096080303192139,0.35382636733141043,obse,soup_scene1,70,old
228,1.0138013362884521,0.35382636733141043,obse,soup_scene1,70,old
229,1.0182535648345947,0.355415488835946,obse,soup_scene1,70,old
230,1.022416353225708,0.355415488835946,obse,soup_scene1,70,old
231,1.0266880989074707,0.35489984718734635,obse,soup_scene1,70,old
232,1.0311055183410645,0.3574085514264533,obse,soup_scene1,70,old
233,1.035865306854248,0.3577661320106999,obse,soup_scene1,70,old
234,1.0398948192596436,0.3263995525434907,obse,soup_scene1,70,old
235,1.044262409210205,0.32702853218284533,obse,soup_scene1,70,old
236,1.0483605861663818,0.32702853218284533,obse,soup_scene1,70,old
237,1.0524890422821045,0.32702853218284533,obse,soup_scene1,70,old
238,1.056736707687378,0.32702853218284533,obse,soup_scene1,70,old
239,1.0610427856445312,0.32702853218284533,obse,soup_scene1,70,old
240,1.0656039714813232,0.3277828511624643,obse,soup_scene1,70,old
241,1.0698649883270264,0.3277828511624643,obse,soup_scene1,70,old
242,1.0743629932403564,0.3310904613143874,obse,soup_scene1,70,old
243,1.078937292098999,0.3317787099151278,obse,soup_scene1,70,old
244,1.0831522941589355,0.3317787099151278,obse,soup_scene1,70,old
245,1.0872998237609863,0.3317787099151278,obse,soup_scene1,70,old
246,1.0918684005737305,0.3329040260688922,obse,soup_scene1,70,old
247,1.0960161685943604,0.3329040260688922,obse,soup_scene1,70,old
248,1.1004526615142822,0.3331411918868877,obse,soup_scene1,70,old
249,1.10477614402771,0.3331450387440031,obse,soup_scene1,70,old
250,1.1092638969421387,0.3331450387440031,obse,soup_scene1,70,old
251,1.1134872436523438,0.34049960136476676,obse,soup_scene1,70,old
252,1.1185595989227295,0.3418738543802467,obse,soup_scene1,70,old
253,1.1226818561553955,0.3418738543802467,obse,soup_scene1,70,old
254,1.1270077228546143,0.3437881388678993,obse,soup_scene1,70,old
255,1.1311311721801758,0.3437881388678993,obse,soup_scene1,70,old
256,1.1353096961975098,0.3437881388678993,obse,soup_scene1,70,old
257,1.1397957801818848,0.3461306798683219,obse,soup_scene1,70,old
258,1.1437997817993164,0.3461306798683219,obse,soup_scene1,70,old
259,1.1481432914733887,0.3463321826366178,obse,soup_scene1,70,old
260,1.1522746086120605,0.3463321826366178,obse,soup_scene1,70,old
261,1.156505823135376,0.3463321826366178,obse,soup_scene1,70,old
262,1.1609480381011963,0.3474378915470531,obse,soup_scene1,70,old
263,1.16524338722229,0.34998183091927815,obse,soup_scene1,70,old
264,1.1693873405456543,0.34998183091927815,obse,soup_scene1,70,old
265,1.173492193222046,0.34998183091927815,obse,soup_scene1,70,old
266,1.1779601573944092,0.35126910317088933,obse,soup_scene1,70,old
267,1.1826224327087402,0.3960474659642193,obse,soup_scene1,70,old
268,1.1902446746826172,0.3975679734438322,obse,soup_scene1,70,old
269,1.194760799407959,0.3975679734438322,obse,soup_scene1,70,old
270,1.1996119022369385,0.3997933017306689,obse,soup_scene1,70,old
271,1.2038946151733398,0.3997933017306689,obse,soup_scene1,70,old
272,1.2086598873138428,0.401129376800083,obse,soup_scene1,70,old
273,1.2128925323486328,0.401129376800083,obse,soup_scene1,70,old
274,1.2174301147460938,0.401129376800083,obse,soup_scene1,70,old
275,1.2218942642211914,0.401129376800083,obse,soup_scene1,70,old
276,1.226534128189087,0.39689793825252,obse,soup_scene1,70,old
277,1.230846643447876,0.39689793825252,obse,soup_scene1,70,old
278,1.235276222229004,0.3959864271723941,obse,soup_scene1,70,old
279,1.239504098892212,0.3959864271723941,obse,soup_scene1,70,old
280,1.2436738014221191,0.3959864271723941,obse,soup_scene1,70,old
281,1.2477965354919434,0.3959864271723941,obse,soup_scene1,70,old
282,1.252265453338623,0.3954881715470704,obse,soup_scene1,70,old
283,1.256892442703247,0.3987026001018064,obse,soup_scene1,70,old
284,1.2611539363861084,0.3987026001018064,obse,soup_scene1,70,old
285,1.2654061317443848,0.3987026001018064,obse,soup_scene1,70,old
286,1.26954984664917,0.3987026001018064,obse,soup_scene1,70,old
287,1.2737507820129395,0.3987026001018064,obse,soup_scene1,70,old
288,1.2779133319854736,0.3987026001018064,obse,soup_scene1,70,old
289,1.2824018001556396,0.39819794204773834,obse,soup_scene1,70,old
290,1.2864863872528076,0.39819794204773834,obse,soup_scene1,70,old
291,1.290534496307373,0.39819794204773834,obse,soup_scene1,70,old
292,1.2952382564544678,0.39866026450995945,obse,soup_scene1,70,old
293,1.299415111541748,0.39861023934689876,obse,soup_scene1,70,old
294,1.3035123348236084,0.39861023934689876,obse,soup_scene1,70,old
295,1.3076176643371582,0.39861023934689876,obse,soup_scene1,70,old
296,1.311922311782837,0.39861023934689876,obse,soup_scene1,70,old
297,1.3161089420318604,0.4006302166294832,obse,soup_scene1,70,old
298,1.3201797008514404,0.4006302166294832,obse,soup_scene1,70,old
299,1.3242170810699463,0.4006302166294832,obse,soup_scene1,70,old
300,1.3284785747528076,0.40115824525059895,obse,soup_scene1,70,old
301,1.3327715396881104,0.3808998273484926,obse,soup_scene1,70,old
302,1.3368360996246338,0.3808998273484926,obse,soup_scene1,70,old
303,1.3409192562103271,0.3808998273484926,obse,soup_scene1,70,old
304,1.3452191352844238,0.382374760114998,obse,soup_scene1,70,old
305,1.3502843379974365,0.382374760114998,obse,soup_scene1,70,old
306,1.3544299602508545,0.3856951687932956,obse,soup_scene1,70,old
307,1.358759880065918,0.38614205998524054,obse,soup_scene1,70,old
308,1.3627960681915283,0.38614205998524054,obse,soup_scene1,70,old
309,1.3668742179870605,0.38614205998524054,obse,soup_scene1,70,old
310,1.3714499473571777,0.39173890125463234,obse,soup_scene1,70,old
311,1.376070261001587,0.39400452832423477,obse,soup_scene1,70,old
312,1.3803470134735107,0.3972854483591908,obse,soup_scene1,70,old
313,1.3850524425506592,0.3972854483591908,obse,soup_scene1,70,old
314,1.389277458190918,0.40053328701704327,obse,soup_scene1,70,old
315,1.3937489986419678,0.4011676036764752,obse,soup_scene1,70,old
316,1.3979713916778564,0.4011676036764752,obse,soup_scene1,70,old
317,1.4021601676940918,0.4011676036764752,obse,soup_scene1,70,old
318,1.4063212871551514,0.40145708047639983,obse,soup_scene1,70,old
319,1.4105877876281738,0.4014104144136705,obse,soup_scene1,70,old
320,1.4147653579711914,0.4014104144136705,obse,soup_scene1,70,old
321,1.4188237190246582,0.4014104144136705,obse,soup_scene1,70,old
322,1.4229092597961426,0.4014104144136705,obse,soup_scene1,70,old
323,1.4271125793457031,0.4014104144136705,obse,soup_scene1,70,old
324,1.4311418533325195,0.4014104144136705,obse,soup_scene1,70,old
325,1.435471534729004,0.4014104144136705,obse,soup_scene1,70,old
326,1.4402446746826172,0.4014104144136705,obse,soup_scene1,70,old
327,1.444342851638794,0.40262577409079,obse,soup_scene1,70,old
328,1.4488916397094727,0.3710980559325368,obse,soup_scene1,70,old
329,1.4530723094940186,0.3710980559325368,obse,soup_scene1,70,old
330,1.457463026046753,0.3719040844615414,obse,soup_scene1,70,old
331,1.4615626335144043,0.3719040844615414,obse,soup_scene1,70,old
332,1.465682029724121,0.3719040844615414,obse,soup_scene1,70,old
333,1.4698474407196045,0.3719040844615414,obse,soup_scene1,70,old
334,1.474024772644043,0.37193530583073914,obse,soup_scene1,70,old
335,1.4782395362854004,0.37193530583073914,obse,soup_scene1,70,old
336,1.4831233024597168,0.3756577531497151,obse,soup_scene1,70,old
337,1.4872972965240479,0.3756577531497151,obse,soup_scene1,70,old
338,1.4914309978485107,0.3756577531497151,obse,soup_scene1,70,old
339,1.496025562286377,0.37726023966182765,obse,soup_scene1,70,old
340,1.5002632141113281,0.37666904365362924,obse,soup_scene1,70,old
341,1.5046272277832031,0.3684631835086915,obse,soup_scene1,70,old
342,1.5089137554168701,0.37156324546856184,obse,soup_scene1,70,old
343,1.5132296085357666,0.37156324546856184,obse,soup_scene1,70,old
344,1.517651081085205,0.3728850765358455,obse,soup_scene1,70,old
345,1.5217781066894531,0.3728850765358455,obse,soup_scene1,70,old
346,1.5259902477264404,0.3728850765358455,obse,soup_scene1,70,old
347,1.5300214290618896,0.3728850765358455,obse,soup_scene1,70,old
348,1.5343997478485107,0.37222045892395184,obse,soup_scene1,70,old
349,1.5385310649871826,0.37222045892395184,obse,soup_scene1,70,old
350,1.54311203956604,0.37501932246235586,obse,soup_scene1,70,old
351,1.547290563583374,0.3751240781533384,obse,soup_scene1,70,old
352,1.5517001152038574,0.3750766968086651,obse,soup_scene1,70,old
353,1.5560016632080078,0.3750766968086651,obse,soup_scene1,70,old
354,1.5604641437530518,0.37918617520171766,obse,soup_scene1,70,old
355,1.5646474361419678,0.37918617520171766,obse,soup_scene1,70,old
356,1.5690886974334717,0.3919975758671715,obse,soup_scene1,70,old
357,1.573185682296753,0.3919975758671715,obse,soup_scene1,70,old
358,1.57737398147583,0.3919975758671715,obse,soup_scene1,70,old
359,1.5818767547607422,0.3930494124530126,obse,soup_scene1,70,old
360,1.5863125324249268,0.39395388291892636,obse,soup_scene1,70,old
361,1.5904896259307861,0.39510219689602877,obse,soup_scene1,70,old
362,1.5948634147644043,0.3950500432394171,obse,soup_scene1,70,old
363,1.599273681640625,0.39585675883716903,obse,soup_scene1,70,old
364,1.6033623218536377,0.39585675883716903,obse,soup_scene1,70,old
365,1.6075067520141602,0.39608911270123603,obse,soup_scene1,70,old
366,1.6117103099822998,0.3974025935203513,obse,soup_scene1,70,old
367,1.616084098815918,0.4006676228464755,obse,soup_scene1,70,old
368,1.6202459335327148,0.4017103316863303,obse,soup_scene1,70,old
369,1.6242916584014893,0.4017103316863303,obse,soup_scene1,70,old
370,1.6282591819763184,0.4017103316863303,obse,soup_scene1,70,old
371,1.6322400569915771,0.4017103316863303,obse,soup_scene1,70,old
372,1.636284589767456,0.4029645204096171,obse,soup_scene1,70,old
373,1.6404435634613037,0.4042065335756872,obse,soup_scene1,70,old
374,1.6448659896850586,0.4121479343773277,obse,soup_scene1,70,old
375,1.6491312980651855,0.4159689209471265,obse,soup_scene1,70,old
376,1.6531791687011719,0.4158225238745153,obse,soup_scene1,70,old
377,1.6574792861938477,0.4165242110911839,obse,soup_scene1,70,old
378,1.6617772579193115,0.4165242110911839,obse,soup_scene1,70,old
379,1.6660301685333252,0.41681679328743954,obse,soup_scene1,70,old
380,1.6701488494873047,0.41681679328743954,obse,soup_scene1,70,old
381,1.6741218566894531,0.41681679328743954,obse,soup_scene1,70,old
382,1.6782686710357666,0.4175178195014153,obse,soup_scene1,70,old
383,1.6823325157165527,0.4175178195014153,obse,soup_scene1,70,old
384,1.6863515377044678,0.4175178195014153,obse,soup_scene1,70,old
385,1.6906709671020508,0.4170483554921146,obse,soup_scene1,70,old
386,1.6946303844451904,0.4170483554921146,obse,soup_scene1,70,old
387,1.6992979049682617,0.4150750887827446,obse,soup_scene1,70,old
388,1.7035579681396484,0.4143467691302601,obse,soup_scene1,70,old
389,1.707705020904541,0.41435517630940644,obse,soup_scene1,70,old
390,1.7117178440093994,0.41435517630940644,obse,soup_scene1,70,old
391,1.7159099578857422,0.41435517630940644,obse,soup_scene1,70,old
392,1.7203965187072754,0.4158322339267429,obse,soup_scene1,70,old
393,1.7245101928710938,0.4158802434915799,obse,soup_scene1,70,old
394,1.7285404205322266,0.4158802434915799,obse,soup_scene1,70,old
395,1.7327613830566406,0.4193072489880558,obse,soup_scene1,70,old
396,1.7369868755340576,0.4193072489880558,obse,soup_scene1,70,old
397,1.7410099506378174,0.4193072489880558,obse,soup_scene1,70,old
398,1.7452821731567383,0.4200035102125292,obse,soup_scene1,70,old
399,1.7495806217193604,0.4197597509894198,obse,soup_scene1,70,old
400,1.7540345191955566,0.4197597509894198,obse,soup_scene1,70,old
401,1.758286476135254,0.41973957473371404,obse,soup_scene1,70,old
402,1.7625370025634766,0.420640670615597,obse,soup_scene1,70,old
403,1.7665870189666748,0.420640670615597,obse,soup_scene1,70,old
404,1.7706458568572998,0.42241294483381997,obse,soup_scene1,70,old
405,1.7748279571533203,0.37246206048848324,obse,soup_scene1,70,old
406,1.7794620990753174,0.3714462656475418,obse,soup_scene1,70,old
407,1.7835261821746826,0.371806443519302,obse,soup_scene1,70,old
408,1.7875139713287354,0.3723448467312481,obse,soup_scene1,70,old
409,1.7915306091308594,0.3723448467312481,obse,soup_scene1,70,old
410,1.7955682277679443,0.3733970029884049,obse,soup_scene1,70,old
411,1.7996826171875,0.3733970029884049,obse,soup_scene1,70,old
412,1.8037385940551758,0.3733970029884049,obse,soup_scene1,70,old
413,1.8082077503204346,0.37323037544310095,obse,soup_scene1,70,old
414,1.8121888637542725,0.37323037544310095,obse,soup_scene1,70,old
415,1.8165230751037598,0.37321952585196916,obse,soup_scene1,70,old
416,1.8209733963012695,0.37505813504176333,obse,soup_scene1,70,old
417,1.825423240661621,0.3507821921039525,obse,soup_scene1,70,old
418,1.8295011520385742,0.3507821921039525,obse,soup_scene1,70,old
419,1.8336894512176514,0.3507381756256327,obse,soup_scene1,70,old
420,1.8377642631530762,0.3507381756256327,obse,soup_scene1,70,old
421,1.8418145179748535,0.3507381756256327,obse,soup_scene1,70,old
422,1.8460464477539062,0.3531732190600356,obse,soup_scene1,70,old
423,1.8501949310302734,0.3531732190600356,obse,soup_scene1,70,old
424,1.8545887470245361,0.35519921070095567,obse,soup_scene1,70,old
425,1.8587746620178223,0.355188267948898,obse,soup_scene1,70,old
426,1.8632681369781494,0.3578525413073601,obse,soup_scene1,70,old
427,1.8673036098480225,0.3578525413073601,obse,soup_scene1,70,old
428,1.8715715408325195,0.3602537620388391,obse,soup_scene1,70,old
429,1.8757731914520264,0.3597197932933613,obse,soup_scene1,70,old
430,1.8802311420440674,0.3609778375329163,obse,soup_scene1,70,old
431,1.8844857215881348,0.36146623252478843,obse,soup_scene1,70,old
432,1.888695240020752,0.36146623252478843,obse,soup_scene1,70,old
433,1.8927245140075684,0.36146623252478843,obse,soup_scene1,70,old
434,1.8974354267120361,0.3622688610105458,obse,soup_scene1,70,old
435,1.9017109870910645,0.3636106181436769,obse,soup_scene1,70,old
436,1.9061107635498047,0.3299908212438313,obse,soup_scene1,70,old
437,1.9103806018829346,0.3299908212438313,obse,soup_scene1,70,old
438,1.914931058883667,0.32997693589351834,obse,soup_scene1,70,old
439,1.9191620349884033,0.3300286342414349,obse,soup_scene1,70,old
440,1.923370599746704,0.3300286342414349,obse,soup_scene1,70,old
441,1.9275574684143066,0.3300286342414349,obse,soup_scene1,70,old
442,1.9326844215393066,0.3317087282570119,obse,soup_scene1,70,old
443,1.9369990825653076,0.3317087282570119,obse,soup_scene1,70,old
444,1.9414098262786865,0.3352263823283667,obse,soup_scene1,70,old
445,1.9453496932983398,0.3352263823283667,obse,soup_scene1,70,old
446,1.9495162963867188,0.3352263823283667,obse,soup_scene1,70,old
447,1.9538991451263428,0.3352263823283667,obse,soup_scene1,70,old
448,1.9585015773773193,0.337211619199784,obse,soup_scene1,70,old
449,1.9626600742340088,0.337211619199784,obse,soup_scene1,70,old
450,1.9670720100402832,0.34725826929337317,obse,soup_scene1,70,old
451,1.971346139907837,0.34763558777951126,obse,soup_scene1,70,old
452,1.975841760635376,0.3496042539133589,obse,soup_scene1,70,old
453,1.980065107345581,0.3496042539133589,obse,soup_scene1,70,old
454,1.9846522808074951,0.3538607325127147,obse,soup_scene1,70,old
455,1.9889936447143555,0.3538607325127147,obse,soup_scene1,70,old
456,1.9932608604431152,0.3551159124247847,obse,soup_scene1,70,old
457,1.9976425170898438,0.3551159124247847,obse,soup_scene1,70,old
458,2.0020852088928223,0.35610909149560477,obse,soup_scene1,70,old
459,2.0063703060150146,0.35610909149560477,obse,soup_scene1,70,old
460,2.010624647140503,0.35610909149560477,obse,soup_scene1,70,old
461,2.0148260593414307,0.35610909149560477,obse,soup_scene1,70,old
462,2.0193824768066406,0.3574412255560602,obse,soup_scene1,70,old
463,2.023717164993286,0.3524416317084067,obse,soup_scene1,70,old
464,2.0279476642608643,0.3524416317084067,obse,soup_scene1,70,old
465,2.032147169113159,0.3524416317084067,obse,soup_scene1,70,old
466,2.036379814147949,0.3524416317084067,obse,soup_scene1,70,old
467,2.040736436843872,0.3524416317084067,obse,soup_scene1,70,old
468,2.045513868331909,0.35201023475438425,obse,soup_scene1,70,old
469,2.049781322479248,0.35201023475438425,obse,soup_scene1,70,old
470,2.0539710521698,0.35201023475438425,obse,soup_scene1,70,old
471,2.0581483840942383,0.35201023475438425,obse,soup_scene1,70,old
472,2.0623762607574463,0.35201023475438425,obse,soup_scene1,70,old
473,2.0679023265838623,0.3557696362905052,obse,soup_scene1,70,old
474,2.0721700191497803,0.3557696362905052,obse,soup_scene1,70,old
475,2.076620101928711,0.35760938952557036,obse,soup_scene1,70,old
476,2.0809519290924072,0.35760938952557036,obse,soup_scene1,70,old
477,2.085449695587158,0.35836965517243513,obse,soup_scene1,70,old
478,2.0896353721618652,0.35836965517243513,obse,soup_scene1,70,old
479,2.093770742416382,0.35836965517243513,obse,soup_scene1,70,old
480,2.098191976547241,0.35919152696841955,obse,soup_scene1,70,old
481,2.1049909591674805,0.26378988460908015,obse,soup_scene1,70,old
482,2.1115143299102783,0.2664078303688625,obse,soup_scene1,70,old
483,2.1157495975494385,0.2654863686497363,obse,soup_scene1,70,old
484,2.1199166774749756,0.2654863686497363,obse,soup_scene1,70,old
485,2.124300718307495,0.26592701037671523,obse,soup_scene1,70,old
486,2.128906488418579,0.26854443177443443,obse,soup_scene1,70,old
487,2.133218765258789,0.26854443177443443,obse,soup_scene1,70,old
488,2.1376142501831055,0.2691728405100881,obse,soup_scene1,70,old
489,2.1417739391326904,0.2691728405100881,obse,soup_scene1,70,old
490,2.1466176509857178,0.27402910517500106,obse,soup_scene1,70,old
491,2.151055335998535,0.2744887883599716,obse,soup_scene1,70,old
492,2.155493974685669,0.2757311622151457,obse,soup_scene1,70,old
493,2.1599373817443848,0.27791485299405827,obse,soup_scene1,70,old
494,2.164165735244751,0.27791485299405827,obse,soup_scene1,70,old
495,2.169107437133789,0.27747326318267723,obse,soup_scene1,70,old
496,2.1736416816711426,0.21606324352287398,obse,soup_scene1,70,old
497,2.1782069206237793,0.21704409970987548,obse,soup_scene1,70,old
498,2.1826086044311523,0.21920975109235297,obse,soup_scene1,70,old
499,2.1870498657226562,0.2205571263678312,obse,soup_scene1,70,old
500,2.191436529159546,0.2214853369180112,obse,soup_scene1,70,old
501,2.1959068775177,0.2214853369180112,obse,soup_scene1,70,old
502,2.200348138809204,0.22221917784557554,obse,soup_scene1,70,old
503,2.2043635845184326,0.22221917784557554,obse,soup_scene1,70,old
504,2.208707571029663,0.2236693207345395,obse,soup_scene1,70,old
505,2.2128853797912598,0.2236693207345395,obse,soup_scene1,70,old
506,2.2171249389648438,0.2262055024281322,obse,soup_scene1,70,old
507,2.2212486267089844,0.2262055024281322,obse,soup_scene1,70,old
508,2.225618600845337,0.2262055024281322,obse,soup_scene1,70,old
509,2.2301089763641357,0.22740581975537744,obse,soup_scene1,70,old
510,2.2346365451812744,0.22442781411934937,obse,soup_scene1,70,old
511,2.2390055656433105,0.22353467132061366,obse,soup_scene1,70,old
512,2.2433719635009766,0.225225654942425,obse,soup_scene1,70,old
513,2.247446060180664,0.225225654942425,obse,soup_scene1,70,old
514,2.251823663711548,0.22836481294278405,obse,soup_scene1,70,old
515,2.2563440799713135,0.22838986356982768,obse,soup_scene1,70,old
516,2.2606606483459473,0.22838986356982768,obse,soup_scene1,70,old
517,2.2650890350341797,0.2297348351422879,obse,soup_scene1,70,old
518,2.269432544708252,0.23066126318006805,obse,soup_scene1,70,old
519,2.2736761569976807,0.23070134201667275,obse,soup_scene1,70,old
520,2.2778432369232178,0.23139145276257225,obse,soup_scene1,70,old
521,2.2819466590881348,0.23139145276257225,obse,soup_scene1,70,old
522,2.2862467765808105,0.23236863160825388,obse,soup_scene1,70,old
523,2.2903850078582764,0.23236863160825388,obse,soup_scene1,70,old
524,2.294564962387085,0.23245445620218455,obse,soup_scene1,70,old
525,2.2990176677703857,0.23378986628868637,obse,soup_scene1,70,old
526,2.303339958190918,0.23613701676255486,obse,soup_scene1,70,old
527,2.307554244995117,0.23613701676255486,obse,soup_scene1,70,old
528,2.3122951984405518,0.23757758415982239,obse,soup_scene1,70,old
529,2.3165388107299805,0.22987725207998191,obse,soup_scene1,70,old
530,2.3207337856292725,0.22987725207998191,obse,soup_scene1,70,old
531,2.3248589038848877,0.23194317654138905,obse,soup_scene1,70,old
532,2.3290131092071533,0.23194317654138905,obse,soup_scene1,70,old
533,2.333197832107544,0.23433194735045804,obse,soup_scene1,70,old
534,2.3374946117401123,0.23433194735045804,obse,soup_scene1,70,old
535,2.3415985107421875,0.23433194735045804,obse,soup_scene1,70,old
536,2.345937728881836,0.23672457411976658,obse,soup_scene1,70,old
537,2.3503408432006836,0.2386714419346694,obse,soup_scene1,70,old
538,2.354633092880249,0.2386714419346694,obse,soup_scene1,70,old
539,2.3588428497314453,0.23912040074227606,obse,soup_scene1,70,old
540,2.3631672859191895,0.23912040074227606,obse,soup_scene1,70,old
541,2.367888927459717,0.2768071962697705,obse,soup_scene1,70,old
542,2.3719170093536377,0.2820485081698685,obse,soup_scene1,70,old
543,2.376161575317383,0.28202753067936304,obse,soup_scene1,70,old
544,2.3804640769958496,0.28359600244695177,obse,soup_scene1,70,old
545,2.384843587875366,0.28695708708916434,obse,soup_scene1,70,old
546,2.389206647872925,0.28695708708916434,obse,soup_scene1,70,old
547,2.3933956623077393,0.28695708708916434,obse,soup_scene1,70,old
548,2.3977811336517334,0.2858475785547435,obse,soup_scene1,70,old
549,2.403571367263794,0.28845206499734555,obse,soup_scene1,70,old
550,2.4099440574645996,0.2892962505026716,obse,soup_scene1,70,old
551,2.4165143966674805,0.2898307955143735,obse,soup_scene1,70,old
552,2.4215638637542725,0.2898307955143735,obse,soup_scene1,70,old
553,2.426295518875122,0.2928974759649432,obse,soup_scene1,70,old
554,2.430530071258545,0.28866553681297635,obse,soup_scene1,70,old
555,2.434584856033325,0.29257088223946404,obse,soup_scene1,70,old
556,2.4385550022125244,0.2913904109535826,obse,soup_scene1,70,old
557,2.4428069591522217,0.2929727737805689,obse,soup_scene1,70,old
558,2.4467756748199463,0.2929727737805689,obse,soup_scene1,70,old
559,2.4511375427246094,0.29311693251482906,obse,soup_scene1,70,old
560,2.455324649810791,0.29311693251482906,obse,soup_scene1,70,old
561,2.4597840309143066,0.29439113734765326,obse,soup_scene1,70,old
562,2.4639952182769775,0.29439113734765326,obse,soup_scene1,70,old
563,2.4682512283325195,0.29439113734765326,obse,soup_scene1,70,old
564,2.4724345207214355,0.29439113734765326,obse,soup_scene1,70,old
565,2.476905107498169,0.29715581582770373,obse,soup_scene1,70,old
566,2.4811434745788574,0.30063265662608,obse,soup_scene1,70,old
567,2.4853262901306152,0.30063265662608,obse,soup_scene1,70,old
568,2.490140676498413,0.3032231413567687,obse,soup_scene1,70,old
569,2.494378089904785,0.3032231413567687,obse,soup_scene1,70,old
570,2.4986119270324707,0.30280918992493383,obse,soup_scene1,70,old
571,2.5027337074279785,0.30280918992493383,obse,soup_scene1,70,old
572,2.5070934295654297,0.3055277781909333,obse,soup_scene1,70,old
573,2.5119166374206543,0.2822506555480926,obse,soup_scene1,70,old
574,2.516146659851074,0.281115211978582,obse,soup_scene1,70,old
575,2.5205295085906982,0.2842074971854114,obse,soup_scene1,70,old
576,2.524834632873535,0.2842074971854114,obse,soup_scene1,70,old
577,2.5292043685913086,0.2842991044957115,obse,soup_scene1,70,old
578,2.53352689743042,0.2842991044957115,obse,soup_scene1,70,old
579,2.537848949432373,0.28553021858395855,obse,soup_scene1,70,old
580,2.542482614517212,0.28864030655110273,obse,soup_scene1,70,old
581,2.5469632148742676,0.2916900770569013,obse,soup_scene1,70,old
582,2.551140308380127,0.2942349804564097,obse,soup_scene1,70,old
583,2.555579662322998,0.2964586276318215,obse,soup_scene1,70,old
584,2.5601091384887695,0.22236152506092122,obse,soup_scene1,70,old
585,2.56428599357605,0.22236152506092122,obse,soup_scene1,70,old
586,2.568739414215088,0.21392614137904964,obse,soup_scene1,70,old
587,2.5733585357666016,0.21364976748495668,obse,soup_scene1,70,old
588,2.578136682510376,0.21620380730743527,obse,soup_scene1,70,old
589,2.5823967456817627,0.2162249045506508,obse,soup_scene1,70,old
590,2.586740732192993,0.22004054758253844,obse,soup_scene1,70,old
591,2.59092378616333,0.21987293076780112,obse,soup_scene1,70,old
592,2.595203161239624,0.22470834263790262,obse,soup_scene1,70,old
593,2.599403142929077,0.22781046197650134,obse,soup_scene1,70,old
594,2.603555202484131,0.22781046197650134,obse,soup_scene1,70,old
595,2.60760235786438,0.22823566752537072,obse,soup_scene1,70,old
596,2.6118433475494385,0.22986489580678882,obse,soup_scene1,70,old
597,2.616344928741455,0.22992722706148516,obse,soup_scene1,70,old
598,2.6207923889160156,0.23191678663619708,obse,soup_scene1,70,old
599,2.6255877017974854,0.22661167406912508,obse,soup_scene1,70,old
600,2.629586935043335,0.22661167406912508,obse,soup_scene1,70,old
601,2.6340103149414062,0.22661167406912508,obse,soup_scene1,70,old
602,2.638291597366333,0.22893975375990738,obse,soup_scene1,70,old
603,2.642784595489502,0.22905910416628394,obse,soup_scene1,70,old
604,2.6470651626586914,0.22905910416628394,obse,soup_scene1,70,old
605,2.651310443878174,0.22905910416628394,obse,soup_scene1,70,old
606,2.655850887298584,0.23394291013522572,obse,soup_scene1,70,old
607,2.660207986831665,0.23625481223172873,obse,soup_scene1,70,old
608,2.664506673812866,0.23625481223172873,obse,soup_scene1,70,old
609,2.668830633163452,0.23838494879482042,obse,soup_scene1,70,old
610,2.673187255859375,0.23838835066477504,obse,soup_scene1,70,old
611,2.6774470806121826,0.24190357661913353,obse,soup_scene1,70,old
612,2.681802749633789,0.2423590590157767,obse,soup_scene1,70,old
613,2.686225414276123,0.24538069639583515,obse,soup_scene1,70,old
614,2.69064998626709,0.24538069639583515,obse,soup_scene1,70,old
615,2.6950509548187256,0.24906967200529664,obse,soup_scene1,70,old
616,2.6991889476776123,0.24901885849627267,obse,soup_scene1,70,old
617,2.7036519050598145,0.2521039721102963,obse,soup_scene1,70,old
618,2.707810401916504,0.2521039721102963,obse,soup_scene1,70,old
619,2.712275743484497,0.2565831238633592,obse,soup_scene1,70,old
620,2.716609239578247,0.2564674778434142,obse,soup_scene1,70,old
621,2.720918655395508,0.2577549447453333,obse,soup_scene1,70,old
622,2.725531578063965,0.2597251576925113,obse,soup_scene1,70,old
623,2.729982852935791,0.2597251576925113,obse,soup_scene1,70,old
624,2.7343597412109375,0.26087367936361416,obse,soup_scene1,70,old
625,2.7383651733398438,0.26087367936361416,obse,soup_scene1,70,old
626,2.7427806854248047,0.26290725887417155,obse,soup_scene1,70,old
627,2.74672269821167,0.26290725887417155,obse,soup_scene1,70,old
628,2.751110792160034,0.26488036968254713,obse,soup_scene1,70,old
629,2.7553608417510986,0.26488036968254713,obse,soup_scene1,70,old
630,2.7600035667419434,0.34221482148876853,obse,soup_scene1,70,old
631,2.76424503326416,0.35100904200668964,obse,soup_scene1,70,old
632,2.768674373626709,0.3512245541477003,obse,soup_scene1,70,old
633,2.772742509841919,0.3512245541477003,obse,soup_scene1,70,old
634,2.7770273685455322,0.352669524345356,obse,soup_scene1,70,old
635,2.781031370162964,0.352669524345356,obse,soup_scene1,70,old
636,2.7853310108184814,0.35394773176456906,obse,soup_scene1,70,old
637,2.78969144821167,0.3539812450396219,obse,soup_scene1,70,old
638,2.7940189838409424,0.3570933770383792,obse,soup_scene1,70,old
639,2.79830265045166,0.35704115375738804,obse,soup_scene1,70,old
640,2.8026123046875,0.35920730228966796,obse,soup_scene1,70,old
641,2.806753158569336,0.356404435257049,obse,soup_scene1,70,old
642,2.8109548091888428,0.356404435257049,obse,soup_scene1,70,old
643,2.8150649070739746,0.356404435257049,obse,soup_scene1,70,old
644,2.8195583820343018,0.35725650616405014,obse,soup_scene1,70,old
645,2.8238587379455566,0.3595474828413795,obse,soup_scene1,70,old
646,2.828171730041504,0.3655173577476874,obse,soup_scene1,70,old
647,2.8325226306915283,0.36726381505803046,obse,soup_scene1,70,old
648,2.8367760181427,0.36726381505803046,obse,soup_scene1,70,old
649,2.840869188308716,0.36723315892478575,obse,soup_scene1,70,old
650,2.845036745071411,0.37069805205304623,obse,soup_scene1,70,old
651,2.849245071411133,0.3834323403770412,obse,soup_scene1,70,old
652,2.853703498840332,0.3834323403770412,obse,soup_scene1,70,old
653,2.8579649925231934,0.38516473955259123,obse,soup_scene1,70,old
654,2.862177610397339,0.38516473955259123,obse,soup_scene1,70,old
655,2.8664655685424805,0.37713012796660816,obse,soup_scene1,70,old
656,2.870626926422119,0.37713012796660816,obse,soup_scene1,70,old
657,2.8756351470947266,0.3778424810894121,obse,soup_scene1,70,old
658,2.879587411880493,0.3778424810894121,obse,soup_scene1,70,old
659,2.883889675140381,0.3895892590871739,obse,soup_scene1,70,old
660,2.8880701065063477,0.3895892590871739,obse,soup_scene1,70,old
661,2.892775535583496,0.46332520646361,obse,soup_scene1,70,old
662,2.8970158100128174,0.4634376602592418,obse,soup_scene1,70,old
663,2.9014499187469482,0.4589969195181336,obse,soup_scene1,70,old
664,2.9055252075195312,0.4589969195181336,obse,soup_scene1,70,old
665,2.909721612930298,0.4464064949324433,obse,soup_scene1,70,old
666,2.9136857986450195,0.4464064949324433,obse,soup_scene1,70,old
667,2.917839288711548,0.4468361928097912,obse,soup_scene1,70,old
668,2.9218780994415283,0.4468361928097912,obse,soup_scene1,70,old
669,2.926086187362671,0.4471719489444184,obse,soup_scene1,70,old
670,2.9300642013549805,0.4471719489444184,obse,soup_scene1,70,old
671,2.9342331886291504,0.44745291287453576,obse,soup_scene1,70,old
672,2.938429355621338,0.44745291287453576,obse,soup_scene1,70,old
673,2.943065643310547,0.44984029051828917,obse,soup_scene1,70,old
674,2.9470810890197754,0.44984029051828917,obse,soup_scene1,70,old
675,2.9513111114501953,0.45009377014804614,obse,soup_scene1,70,old
676,2.955477476119995,0.45009377014804614,obse,soup_scene1,70,old
677,2.9598958492279053,0.5074948859559546,obse,soup_scene1,70,old
678,2.9641897678375244,0.5162185673637822,obse,soup_scene1,70,old
679,2.968479633331299,0.5195779270734552,obse,soup_scene1,70,old
680,2.972647190093994,0.5191380351058291,obse,soup_scene1,70,old
681,2.9768593311309814,0.5191380351058291,obse,soup_scene1,70,old
682,2.9810938835144043,0.5193478432270365,obse,soup_scene1,70,old
683,2.9856350421905518,0.5193866037138756,obse,soup_scene1,70,old
684,2.989633321762085,0.5193866037138756,obse,soup_scene1,70,old
685,2.9940779209136963,0.5193842435364528,obse,soup_scene1,70,old
686,2.9981675148010254,0.5193873053352155,obse,soup_scene1,70,old
687,3.0023560523986816,0.5189958532321968,obse,soup_scene1,70,old
688,3.006592273712158,0.518993494804817,obse,soup_scene1,70,old
689,3.0109477043151855,0.5193200442864572,obse,soup_scene1,70,old
690,3.01517653465271,0.5311078502549051,obse,soup_scene1,70,old
691,3.0194742679595947,0.5311078502549051,obse,soup_scene1,70,old
692,3.0238401889801025,0.5312548855970318,obse,soup_scene1,70,old
693,3.027904510498047,0.519956064835399,obse,soup_scene1,70,old
694,3.032041311264038,0.5188994731871118,obse,soup_scene1,70,old
695,3.0360803604125977,0.5188994731871118,obse,soup_scene1,70,old
696,3.040289878845215,0.5192477208832053,obse,soup_scene1,70,old
697,3.044865131378174,0.5193268751783715,obse,soup_scene1,70,old
698,3.049077033996582,0.5191480882821031,obse,soup_scene1,70,old
699,3.0537424087524414,0.5191115595345229,obse,soup_scene1,70,old
700,3.0579845905303955,0.5196959621893418,obse,soup_scene1,70,old
701,3.0620505809783936,0.5196959621893418,obse,soup_scene1,70,old
702,3.066175937652588,0.5191856363675889,obse,soup_scene1,70,old
703,3.0703024864196777,0.5191856363675889,obse,soup_scene1,70,old
704,3.074537992477417,0.5199988743416568,obse,soup_scene1,70,old
705,3.0788159370422363,0.5199988743416568,obse,soup_scene1,70,old
706,3.0831613540649414,0.5318543309623767,obse,soup_scene1,70,old
707,3.0873985290527344,0.5318543309623767,obse,soup_scene1,70,old
708,3.091719388961792,0.519509597275778,obse,soup_scene1,70,old
709,3.0958988666534424,0.519509597275778,obse,soup_scene1,70,old
710,3.1003081798553467,0.5194061975768874,obse,soup_scene1,70,old
711,3.1044225692749023,0.5194061975768874,obse,soup_scene1,70,old
712,3.108966112136841,0.5192009491575102,obse,soup_scene1,70,old
713,3.1129095554351807,0.5192009491575102,obse,soup_scene1,70,old
714,3.1171889305114746,0.5194130075562443,obse,soup_scene1,70,old
715,3.121333599090576,0.5194130075562443,obse,soup_scene1,70,old
716,3.1257405281066895,0.5192122772053672,obse,soup_scene1,70,old
717,3.1297197341918945,0.5192122772053672,obse,soup_scene1,70,old
718,3.134181499481201,0.5188469209826301,obse,soup_scene1,70,old
719,3.13812255859375,0.5188469209826301,obse,soup_scene1,70,old
720,3.1424789428710938,0.5318162666374819,obse,soup_scene1,70,old
721,3.1464884281158447,0.5318162666374819,obse,soup_scene1,70,old
722,3.1507411003112793,0.5310538463894181,obse,soup_scene1,70,old
723,3.1552939414978027,0.5310538463894181,obse,soup_scene1,70,old
724,3.1597139835357666,0.519435971147312,obse,soup_scene1,70,old
725,3.1638097763061523,0.519435971147312,obse,soup_scene1,70,old
726,3.1681602001190186,0.5198725511841538,obse,soup_scene1,70,old
727,3.172245502471924,0.5198725511841538,obse,soup_scene1,70,old
728,3.1765925884246826,0.5199141208458432,obse,soup_scene1,70,old
729,3.1807572841644287,0.5199141208458432,obse,soup_scene1,70,old
730,3.185063362121582,0.5187401116558562,obse,soup_scene1,70,old
731,3.1890604496002197,0.5187401116558562,obse,soup_scene1,70,old
732,3.1932106018066406,0.5319254059429994,obse,soup_scene1,70,old
733,3.197199821472168,0.5319254059429994,obse,soup_scene1,70,old
734,3.201326370239258,0.5318681433694756,obse,soup_scene1,70,old
735,3.2053558826446533,0.5199476127276342,obse,soup_scene1,70,old
736,3.2093656063079834,0.5199476127276342,obse,soup_scene1,70,old
737,3.213484525680542,0.5199113865080797,obse,soup_scene1,70,old
738,3.217628002166748,0.5313621818127459,obse,soup_scene1,70,old
739,3.221806764602661,0.5313621818127459,obse,soup_scene1,70,old
740,3.22584867477417,0.5313621818127459,obse,soup_scene1,70,old
741,3.230128049850464,0.5309871951731857,obse,soup_scene1,70,old
742,3.2341220378875732,0.5307054078967512,obse,soup_scene1,70,old
743,3.238112211227417,0.5307054078967512,obse,soup_scene1,70,old
744,3.242403030395508,0.5309898616280702,obse,soup_scene1,70,old
745,3.2468223571777344,0.5198692717692887,obse,soup_scene1,70,old
746,3.251126766204834,0.5198692717692887,obse,soup_scene1,70,old
747,3.2554738521575928,0.5199889083590746,obse,soup_scene1,70,old
748,3.259641408920288,0.5310001250914329,obse,soup_scene1,70,old
749,3.263780355453491,0.5310001250914329,obse,soup_scene1,70,old
750,3.2679648399353027,0.5309953089440755,obse,soup_scene1,70,old
751,3.2720413208007812,0.5311763847766011,obse,soup_scene1,70,old
752,3.2761597633361816,0.5311431818940999,obse,soup_scene1,70,old
753,3.280224084854126,0.531979924643891,obse,soup_scene1,70,old
754,3.284353494644165,0.531979924643891,obse,soup_scene1,70,old
755,3.288487434387207,0.5189355932587749,obse,soup_scene1,70,old
756,3.2926108837127686,0.5189355932587749,obse,soup_scene1,70,old
757,3.2966480255126953,0.5189922150717904,obse,soup_scene1,70,old
758,3.300785541534424,0.5312239109775554,obse,soup_scene1,70,old
759,3.304884433746338,0.530812162942504,obse,soup_scene1,70,old
760,3.3089406490325928,0.5315605016608185,obse,soup_scene1,70,old
761,3.3132176399230957,0.5319244252959372,obse,soup_scene1,70,old
762,3.3173017501831055,0.5193013443631742,obse,soup_scene1,70,old
763,3.3213233947753906,0.5193013443631742,obse,soup_scene1,70,old
764,3.325342893600464,0.5193013443631742,obse,soup_scene1,70,old
765,3.329648971557617,0.5191795381308596,obse,soup_scene1,70,old
766,3.3338873386383057,0.5191712004992489,obse,soup_scene1,70,old
767,3.3384323120117188,0.5197128638652602,obse,soup_scene1,70,old
768,3.342883825302124,0.5196049527462855,obse,soup_scene1,70,old
769,3.3474249839782715,0.5191604994712543,obse,soup_scene1,70,old
770,3.35202693939209,0.519741256074478,obse,soup_scene1,70,old
771,3.3564350605010986,0.5191847673368869,obse,soup_scene1,70,old
772,3.3608522415161133,0.5309840682922466,obse,soup_scene1,70,old
773,3.36523699760437,0.5309875901138987,obse,soup_scene1,70,old
774,3.3696482181549072,0.5315532844700037,obse,soup_scene1,70,old
775,3.3740286827087402,0.5192387582201012,obse,soup_scene1,70,old
776,3.378225326538086,0.5192387582201012,obse,soup_scene1,70,old
777,3.382516860961914,0.5195737368324286,obse,soup_scene1,70,old
778,3.38675856590271,0.5195737368324286,obse,soup_scene1,70,old
779,3.3909664154052734,0.5198213976660111,obse,soup_scene1,70,old
780,3.3950753211975098,0.5198213976660111,obse,soup_scene1,70,old
781,3.3993008136749268,0.5197637276226962,obse,soup_scene1,70,old
782,3.403812885284424,0.5199815138301291,obse,soup_scene1,70,old
783,3.407996892929077,0.5199592498661477,obse,soup_scene1,70,old
784,3.412156343460083,0.5199592498661477,obse,soup_scene1,70,old
785,3.4166128635406494,0.5202227260167095,obse,soup_scene1,70,old
786,3.4210307598114014,0.5202227260167095,obse,soup_scene1,70,old
787,3.4252853393554688,0.5202227260167095,obse,soup_scene1,70,old
788,3.4293980598449707,0.5207888882032199,obse,soup_scene1,70,old
789,3.433539628982544,0.5334647489642537,obse,soup_scene1,70,old
790,3.437443971633911,0.5334647489642537,obse,soup_scene1,70,old
791,3.4416379928588867,0.5218003220562254,obse,soup_scene1,70,old
792,3.4455723762512207,0.5218003220562254,obse,soup_scene1,70,old
793,3.450096607208252,0.5222057980190213,obse,soup_scene1,70,old
794,3.4543275833129883,0.5222057980190213,obse,soup_scene1,70,old
795,3.458603858947754,0.5230148369599981,obse,soup_scene1,70,old
796,3.462686538696289,0.5230148369599981,obse,soup_scene1,70,old
797,3.4670472145080566,0.5235808240876871,obse,soup_scene1,70,old
798,3.4710569381713867,0.5235808240876871,obse,soup_scene1,70,old
799,3.475336790084839,0.5244988352032939,obse,soup_scene1,70,old
800,3.4794211387634277,0.5244988352032939,obse,soup_scene1,70,old
801,3.483696460723877,0.5248534738340065,obse,soup_scene1,70,old
802,3.4879095554351807,0.5248534738340065,obse,soup_scene1,70,old
803,3.492227554321289,0.5285672905734405,obse,soup_scene1,70,old
804,3.496293306350708,0.5285672905734405,obse,soup_scene1,70,old
805,3.5005600452423096,0.5289844090433816,obse,soup_scene1,70,old
806,3.504624366760254,0.5289844090433816,obse,soup_scene1,70,old
807,3.508946180343628,0.5411368477947676,obse,soup_scene1,70,old
808,3.512998342514038,0.5411368477947676,obse,soup_scene1,70,old
809,3.5174102783203125,0.5416810648001631,obse,soup_scene1,70,old
810,3.5214614868164062,0.5416810648001631,obse,soup_scene1,70,old
811,3.5257484912872314,0.5419172870784665,obse,soup_scene1,70,old
812,3.5298142433166504,0.5419172870784665,obse,soup_scene1,70,old
813,3.534149169921875,0.5416704340892666,obse,soup_scene1,70,old
814,3.538350820541382,0.5416704340892666,obse,soup_scene1,70,old
815,3.542677164077759,0.542560898689386,obse,soup_scene1,70,old
816,3.546783447265625,0.542560898689386,obse,soup_scene1,70,old
817,3.5511393547058105,0.5422530612984966,obse,soup_scene1,70,old
818,3.555262565612793,0.5422530612984966,obse,soup_scene1,70,old
819,3.559522867202759,0.5315831600739727,obse,soup_scene1,70,old
820,3.5634429454803467,0.5315831600739727,obse,soup_scene1,70,old
821,3.5677876472473145,0.5227781876386659,obse,soup_scene1,70,old
822,3.5720126628875732,0.5227781876386659,obse,soup_scene1,70,old
823,3.576233386993408,0.5246878859594333,obse,soup_scene1,70,old
824,3.580402135848999,0.5246878859594333,obse,soup_scene1,70,old
825,3.5847160816192627,0.5284396425460187,obse,soup_scene1,70,old
826,3.5888917446136475,0.5284396425460187,obse,soup_scene1,70,old
827,3.5931942462921143,0.5398798962531252,obse,soup_scene1,70,old
828,3.5971529483795166,0.5398798962531252,obse,soup_scene1,70,old
829,3.601168155670166,0.5398798962531252,obse,soup_scene1,70,old
830,3.6054887771606445,0.5415703071469333,obse,soup_scene1,70,old
831,3.60954213142395,0.5415703071469333,obse,soup_scene1,70,old
832,3.613638162612915,0.5415703071469333,obse,soup_scene1,70,old
833,3.617877721786499,0.5420475663034298,obse,soup_scene1,70,old
834,3.6223695278167725,0.543821570664119,obse,soup_scene1,70,old
835,3.62638258934021,0.5434318491849655,obse,soup_scene1,70,old
836,3.630648374557495,0.5461133016756881,obse,soup_scene1,70,old
837,3.6347804069519043,0.5461133016756881,obse,soup_scene1,70,old
838,3.639064073562622,0.5483279869566323,obse,soup_scene1,70,old
839,3.6432909965515137,0.5483279869566323,obse,soup_scene1,70,old
840,3.647498607635498,0.5505229395673895,obse,soup_scene1,70,old
841,3.65160870552063,0.5505229395673895,obse,soup_scene1,70,old
842,3.6558938026428223,0.5505229395673895,obse,soup_scene1,70,old
843,3.660125494003296,0.5540990989223508,obse,soup_scene1,70,old
844,3.6642003059387207,0.5540990989223508,obse,soup_scene1,70,old
845,3.668315887451172,0.5540990989223508,obse,soup_scene1,70,old
846,3.672322988510132,0.5540235913329974,obse,soup_scene1,70,old
847,3.6766417026519775,0.5635536343173628,obse,soup_scene1,70,old
848,3.6805660724639893,0.5635536343173628,obse,soup_scene1,70,old
849,3.684814691543579,0.563605563096524,obse,soup_scene1,70,old
850,3.689387321472168,0.5660124452590569,obse,soup_scene1,70,old
851,3.6936275959014893,0.5672494085365258,obse,soup_scene1,70,old
852,3.698186159133911,0.5701933120659302,obse,soup_scene1,70,old
853,3.7022197246551514,0.5701933120659302,obse,soup_scene1,70,old
854,3.70620059967041,0.5701933120659302,obse,soup_scene1,70,old
855,3.710332155227661,0.5727929315673181,obse,soup_scene1,70,old
856,3.7143146991729736,0.5727929315673181,obse,soup_scene1,70,old
857,3.718536138534546,0.5768691207442425,obse,soup_scene1,70,old
858,3.7224955558776855,0.5768691207442425,obse,soup_scene1,70,old
859,3.7266054153442383,0.5768691207442425,obse,soup_scene1,70,old
860,3.730839490890503,0.5799113870351515,obse,soup_scene1,70,old
861,3.735226631164551,0.5830178865299009,obse,soup_scene1,70,old
862,3.739506959915161,0.5830049474586882,obse,soup_scene1,70,old
863,3.7438604831695557,0.5860092601109086,obse,soup_scene1,70,old
864,3.748178720474243,0.5902501533856706,obse,soup_scene1,70,old
865,3.7526299953460693,0.594963948083322,obse,soup_scene1,70,old
866,3.7574167251586914,0.5979757713504892,obse,soup_scene1,70,old
867,3.7618956565856934,0.6003568769940985,obse,soup_scene1,70,old
868,3.7664875984191895,0.6000916528599334,obse,soup_scene1,70,old
869,3.7708001136779785,0.6038142331782848,obse,soup_scene1,70,old
870,3.775136947631836,0.6077234961466066,obse,soup_scene1,70,old
871,3.7791662216186523,0.6077234961466066,obse,soup_scene1,70,old
872,3.7834970951080322,0.6111345058829238,obse,soup_scene1,70,old
873,3.78769588470459,0.6111345058829238,obse,soup_scene1,70,old
874,3.7919278144836426,0.6111692034894952,obse,soup_scene1,70,old
875,3.7961814403533936,0.6147129389003424,obse,soup_scene1,70,old
876,3.8003852367401123,0.6191411756313762,obse,soup_scene1,70,old
877,3.804476499557495,0.6191411756313762,obse,soup_scene1,70,old
878,3.8087105751037598,0.6231080883887957,obse,soup_scene1,70,old
879,3.812828779220581,0.6231080883887957,obse,soup_scene1,70,old
880,3.817140817642212,0.6276821544864096,obse,soup_scene1,70,old
881,3.8215620517730713,0.6276821544864096,obse,soup_scene1,70,old
882,3.8260655403137207,0.6313179362693782,obse,soup_scene1,70,old
883,3.830078601837158,0.6313179362693782,obse,soup_scene1,70,old
884,3.834451913833618,0.6346086998543916,obse,soup_scene1,70,old
885,3.8384110927581787,0.6346086998543916,obse,soup_scene1,70,old
886,3.8428566455841064,0.6345997642714767,obse,soup_scene1,70,old
887,3.847259998321533,0.6384144771311798,obse,soup_scene1,70,old
888,3.851792812347412,0.6430570981332095,obse,soup_scene1,70,old
889,3.856355905532837,0.6433496350402377,obse,soup_scene1,70,old
890,3.8610267639160156,0.6468543369733379,obse,soup_scene1,70,old
891,3.8651530742645264,0.6469592326655007,obse,soup_scene1,70,old
892,3.8694846630096436,0.6508902029027845,obse,soup_scene1,70,old
893,3.8735573291778564,0.6503698083513327,obse,soup_scene1,70,old
894,3.877831220626831,0.6534318822110832,obse,soup_scene1,70,old
895,3.882107734680176,0.6538889629749387,obse,soup_scene1,70,old
896,3.886338949203491,0.659420882544513,obse,soup_scene1,70,old
897,3.8906922340393066,0.6635724031997247,obse,soup_scene1,70,old
898,3.894867420196533,0.6635724031997247,obse,soup_scene1,70,old
899,3.8992505073547363,0.667387834825846,obse,soup_scene1,70,old
900,3.903563976287842,0.667387834825846,obse,soup_scene1,70,old
901,3.9079437255859375,0.6718381596379869,obse,soup_scene1,70,old
902,3.912215232849121,0.6718381596379869,obse,soup_scene1,70,old
903,3.916551351547241,0.6754227888478013,obse,soup_scene1,70,old
904,3.920816659927368,0.6754227888478013,obse,soup_scene1,70,old
905,3.9250829219818115,0.6750030107802298,obse,soup_scene1,70,old
906,3.929608106613159,0.6807541360991415,obse,soup_scene1,70,old
907,3.9340882301330566,0.685100043837394,obse,soup_scene1,70,old
908,3.938197374343872,0.685100043837394,obse,soup_scene1,70,old
909,3.9425477981567383,0.6894988256700304,obse,soup_scene1,70,old
910,3.946695566177368,0.6894988256700304,obse,soup_scene1,70,old
911,3.951101303100586,0.6940827069727172,obse,soup_scene1,70,old
912,3.9551990032196045,0.6940827069727172,obse,soup_scene1,70,old
913,3.9596898555755615,0.699063007697219,obse,soup_scene1,70,old
914,3.9637906551361084,0.699063007697219,obse,soup_scene1,70,old
915,3.968130588531494,0.7040519967435123,obse,soup_scene1,70,old
916,3.972177505493164,0.7040519967435123,obse,soup_scene1,70,old
917,3.976526975631714,0.707610537921157,obse,soup_scene1,70,old
918,3.980889081954956,0.7077061601508814,obse,soup_scene1,70,old
919,3.9852373600006104,0.7124835505061772,obse,soup_scene1,70,old
920,3.989403247833252,0.7124835505061772,obse,soup_scene1,70,old
921,3.9937944412231445,0.7181111008587897,obse,soup_scene1,70,old
922,3.997882604598999,0.7181111008587897,obse,soup_scene1,70,old
923,4.002227067947388,0.7234252359139357,obse,soup_scene1,70,old
924,4.006349563598633,0.7234043222766989,obse,soup_scene1,70,old
925,4.0107057094573975,0.7269825205024953,obse,soup_scene1,70,old
926,4.0147318840026855,0.7269825205024953,obse,soup_scene1,70,old
927,4.019134998321533,0.7314569211640276,obse,soup_scene1,70,old
928,4.023731708526611,0.7355735697343277,obse,soup_scene1,70,old
929,4.02850079536438,0.7355391635780217,obse,soup_scene1,70,old
930,4.032745361328125,0.7390778157566893,obse,soup_scene1,70,old
931,4.036909103393555,0.7390778157566893,obse,soup_scene1,70,old
932,4.041264057159424,0.743656368879377,obse,soup_scene1,70,old
933,4.045324802398682,0.743656368879377,obse,soup_scene1,70,old
934,4.049565553665161,0.7477852186474925,obse,soup_scene1,70,old
935,4.05387282371521,0.7477852186474925,obse,soup_scene1,70,old
936,4.0582170486450195,0.7522437987759424,obse,soup_scene1,70,old
937,4.06238865852356,0.7522437987759424,obse,soup_scene1,70,old
938,4.066887855529785,0.7563978604519155,obse,soup_scene1,70,old
939,4.071080684661865,0.7563978604519155,obse,soup_scene1,70,old
940,4.075487852096558,0.7603443484653882,obse,soup_scene1,70,old
941,4.079760313034058,0.7603443484653882,obse,soup_scene1,70,old
942,4.084163665771484,0.7649159854596709,obse,soup_scene1,70,old
943,4.088488578796387,0.7649159854596709,obse,soup_scene1,70,old
944,4.093062877655029,0.7684033976365378,obse,soup_scene1,70,old
945,4.097316026687622,0.7684033976365378,obse,soup_scene1,70,old
946,4.101707458496094,0.772228779880024,obse,soup_scene1,70,old
947,4.105907440185547,0.7721269697303353,obse,soup_scene1,70,old
948,4.11032509803772,0.7753847299288266,obse,soup_scene1,70,old
949,4.114620208740234,0.7753847299288266,obse,soup_scene1,70,old
950,4.119347333908081,0.7787868975619094,obse,soup_scene1,70,old
951,4.123563051223755,0.7783615962326424,obse,soup_scene1,70,old
952,4.128097295761108,0.7824239773339267,obse,soup_scene1,70,old
953,4.132391929626465,0.7876957794331638,obse,soup_scene1,70,old
954,4.136897563934326,0.7876957794331638,obse,soup_scene1,70,old
955,4.1413633823394775,0.7909454808683168,obse,soup_scene1,70,old
956,4.145756483078003,0.7909454808683168,obse,soup_scene1,70,old
957,4.150264263153076,0.794527164450218,obse,soup_scene1,70,old
958,4.1546711921691895,0.794527164450218,obse,soup_scene1,70,old
959,4.159426927566528,0.7969937819037383,obse,soup_scene1,70,old
960,4.163656949996948,0.7973716957876357,obse,soup_scene1,70,old
961,4.1682164669036865,0.8002402502580294,obse,soup_scene1,70,old
962,4.172487735748291,0.8002402502580294,obse,soup_scene1,70,old
963,4.1768693923950195,0.8036317560756806,obse,soup_scene1,70,old
964,4.181086778640747,0.8037780643508409,obse,soup_scene1,70,old
965,4.18572473526001,0.8074679112451594,obse,soup_scene1,70,old
966,4.189980506896973,0.8074890755364891,obse,soup_scene1,70,old
967,4.194193363189697,0.8119251932585405,obse,soup_scene1,70,old
968,4.198473930358887,0.8151045123118057,obse,soup_scene1,70,old
969,4.202787160873413,0.8151045123118057,obse,soup_scene1,70,old
970,4.207133531570435,0.8173402584906807,obse,soup_scene1,70,old
971,4.211550712585449,0.8173402584906807,obse,soup_scene1,70,old
972,4.215758800506592,0.8173142242491217,obse,soup_scene1,70,old
973,4.220247983932495,0.8208234685875614,obse,soup_scene1,70,old
974,4.224721193313599,0.8240187932874365,obse,soup_scene1,70,old
975,4.228861331939697,0.8240187932874365,obse,soup_scene1,70,old
976,4.233276128768921,0.827476941844163,obse,soup_scene1,70,old
977,4.237447500228882,0.827476941844163,obse,soup_scene1,70,old
978,4.2418882846832275,0.8306068689207824,obse,soup_scene1,70,old
979,4.246032953262329,0.8306068689207824,obse,soup_scene1,70,old
980,4.2503697872161865,0.8347656862366332,obse,soup_scene1,70,old
981,4.254709482192993,0.8347656862366332,obse,soup_scene1,70,old
982,4.259187459945679,0.8386373285491279,obse,soup_scene1,70,old
983,4.263168573379517,0.8386373285491279,obse,soup_scene1,70,old
984,4.267571210861206,0.8412651384358916,obse,soup_scene1,70,old
985,4.27173924446106,0.8412651384358916,obse,soup_scene1,70,old
986,4.276023626327515,0.8451267826693537,obse,soup_scene1,70,old
987,4.280309438705444,0.8451267826693537,obse,soup_scene1,70,old
988,4.284661293029785,0.8484670549529951,obse,soup_scene1,70,old
989,4.289165496826172,0.8484670549529951,obse,soup_scene1,70,old
990,4.29340672492981,0.8519109797384818,obse,soup_scene1,70,old
991,4.2976953983306885,0.8519485947382838,obse,soup_scene1,70,old
992,4.302126884460449,0.8557437049495297,obse,soup_scene1,70,old
993,4.306289196014404,0.855219721463382,obse,soup_scene1,70,old
994,4.310693979263306,0.8585258822480781,obse,soup_scene1,70,old
995,4.314868211746216,0.8589919570599986,obse,soup_scene1,70,old
996,4.319195508956909,0.8631315573928445,obse,soup_scene1,70,old
997,4.323509216308594,0.8630506798008226,obse,soup_scene1,70,old
998,4.327863693237305,0.8660220881727333,obse,soup_scene1,70,old
999,4.332356929779053,0.8660925932165429,obse,soup_scene1,70,old
1000,4.336717844009399,0.869403168912803,obse,soup_scene1,70,old
1001,4.341156721115112,0.8715501518213465,obse,soup_scene1,70,old
1002,4.3455328941345215,0.8715501518213465,obse,soup_scene1,70,old
1003,4.350182056427002,0.8732917284545786,obse,soup_scene1,70,old
1004,4.354442358016968,0.8732917284545786,obse,soup_scene1,70,old
1005,4.358778476715088,0.8758248736374775,obse,soup_scene1,70,old
1006,4.362928152084351,0.8758248736374775,obse,soup_scene1,70,old
1007,4.367321729660034,0.8782684355700331,obse,soup_scene1,70,old
1008,4.371517896652222,0.8782684355700331,obse,soup_scene1,70,old
1009,4.375741720199585,0.8804485569605002,obse,soup_scene1,70,old
1010,4.37993049621582,0.8804485569605002,obse,soup_scene1,70,old
1011,4.384475231170654,0.884344850888058,obse,soup_scene1,70,old
1012,4.388683557510376,0.884344850888058,obse,soup_scene1,70,old
1013,4.393160104751587,0.8882130837346524,obse,soup_scene1,70,old
1014,4.397209644317627,0.8882130837346524,obse,soup_scene1,70,old
1015,4.401531219482422,0.8876427331892175,obse,soup_scene1,70,old
1016,4.405889511108398,0.8913486179638603,obse,soup_scene1,70,old
1017,4.410043478012085,0.8913486179638603,obse,soup_scene1,70,old
1018,4.41423225402832,0.8944412091483757,obse,soup_scene1,70,old
1019,4.418399333953857,0.8944412091483757,obse,soup_scene1,70,old
1020,4.422992944717407,0.8943611429606146,obse,soup_scene1,70,old
1021,4.427114486694336,0.8984493566650358,obse,soup_scene1,70,old
1022,4.431332111358643,0.8984493566650358,obse,soup_scene1,70,old
1023,4.43549108505249,0.8984493566650358,obse,soup_scene1,70,old
1024,4.439901351928711,0.9011048588244566,obse,soup_scene1,70,old
1025,4.444019317626953,0.9011048588244566,obse,soup_scene1,70,old
1026,4.448219537734985,0.9009497100040457,obse,soup_scene1,70,old
1027,4.452487945556641,0.9009497100040457,obse,soup_scene1,70,old
1028,4.457005500793457,0.9032793659421756,obse,soup_scene1,70,old
1029,4.461159944534302,0.9030483133588095,obse,soup_scene1,70,old
1030,4.465412139892578,0.9057155036882302,obse,soup_scene1,70,old
1031,4.4697105884552,0.9057155036882302,obse,soup_scene1,70,old
1032,4.4741530418396,0.9081506917552516,obse,soup_scene1,70,old
1033,4.478217840194702,0.9081506917552516,obse,soup_scene1,70,old
1034,4.482478380203247,0.911323950595557,obse,soup_scene1,70,old
1035,4.486776351928711,0.911323950595557,obse,soup_scene1,70,old
1036,4.4910523891448975,0.911323950595557,obse,soup_scene1,70,old
1037,4.495486736297607,0.9132521272145294,obse,soup_scene1,70,old
1038,4.4997406005859375,0.9132521272145294,obse,soup_scene1,70,old
1039,4.504011154174805,0.913784648972982,obse,soup_scene1,70,old
1040,4.508630752563477,0.9161098653386569,obse,soup_scene1,70,old
1041,4.512860298156738,0.9149782578566982,obse,soup_scene1,70,old
1042,4.51696252822876,0.9172518145581451,obse,soup_scene1,70,old
1043,4.521324157714844,0.9172518145581451,obse,soup_scene1,70,old
1044,4.525363445281982,0.9170193588440843,obse,soup_scene1,70,old
1045,4.529589891433716,0.9194528876962462,obse,soup_scene1,70,old
1046,4.5340588092803955,0.9199571096626943,obse,soup_scene1,70,old
1047,4.538572549819946,0.9214478809252308,obse,soup_scene1,70,old
1048,4.543251991271973,0.9265855247932887,obse,soup_scene1,70,old
1049,4.547682285308838,0.926410022854752,obse,soup_scene1,70,old
1050,4.552198886871338,0.9301709345486365,obse,soup_scene1,70,old
1051,4.556599378585815,0.9299730715014367,obse,soup_scene1,70,old
1052,4.56107497215271,0.9316697153541346,obse,soup_scene1,70,old
1053,4.565650939941406,0.9353881622903041,obse,soup_scene1,70,old
1054,4.570239067077637,0.9395522067100612,obse,soup_scene1,70,old
1055,4.574724197387695,0.9388398949481832,obse,soup_scene1,70,old
1056,4.579024314880371,0.9410329891421714,obse,soup_scene1,70,old
1057,4.583545207977295,0.9437833367720008,obse,soup_scene1,70,old
1058,4.587820768356323,0.9437833367720008,obse,soup_scene1,70,old
1059,4.5920844078063965,0.9471881466927996,obse,soup_scene1,70,old
1060,4.596261262893677,0.9471881466927996,obse,soup_scene1,70,old
1061,4.60065221786499,0.9498365532789962,obse,soup_scene1,70,old
1062,4.604881286621094,0.9498365532789962,obse,soup_scene1,70,old
1063,4.6093199253082275,0.9533899761839275,obse,soup_scene1,70,old
1064,4.613594055175781,0.9533899761839275,obse,soup_scene1,70,old
1065,4.618123531341553,0.9568995901081703,obse,soup_scene1,70,old
1066,4.622575283050537,0.9568995901081703,obse,soup_scene1,70,old
1067,4.626973390579224,0.9647033716231468,obse,soup_scene1,70,old
1068,4.631165027618408,0.9610094174032783,obse,soup_scene1,70,old
1069,4.635625600814819,0.9643096323006682,obse,soup_scene1,70,old
1070,4.640014410018921,0.9650910210866174,obse,soup_scene1,70,old
1071,4.644416093826294,0.968277406019127,obse,soup_scene1,70,old
1072,4.648592710494995,0.9714882590117743,obse,soup_scene1,70,old
1073,4.6531195640563965,0.9714882590117743,obse,soup_scene1,70,old
1074,4.6576831340789795,0.9769747677334181,obse,soup_scene1,70,old
1075,4.662176132202148,0.9769747677334181,obse,soup_scene1,70,old
1076,4.666455030441284,0.9794270610532957,obse,soup_scene1,70,old
1077,4.670656442642212,0.9794270610532957,obse,soup_scene1,70,old
1078,4.675104141235352,0.982651392646243,obse,soup_scene1,70,old
1079,4.679196119308472,0.982651392646243,obse,soup_scene1,70,old
1080,4.683508396148682,0.9862189989618576,obse,soup_scene1,70,old
1081,4.6878697872161865,0.9862189989618576,obse,soup_scene1,70,old
1082,4.692315101623535,0.9898499690466077,obse,soup_scene1,70,old
1083,4.696370363235474,0.9898499690466077,obse,soup_scene1,70,old
1084,4.700670957565308,0.9935987915919043,obse,soup_scene1,70,old
1085,4.704889297485352,0.9935987915919043,obse,soup_scene1,70,old
1086,4.709293365478516,0.9959195634189905,obse,soup_scene1,70,old
1087,4.713402509689331,0.9959195634189905,obse,soup_scene1,70,old
1088,4.717848539352417,0.9998058823514024,obse,soup_scene1,70,old
1089,4.722107648849487,0.9998058823514024,obse,soup_scene1,70,old
1090,4.726526498794556,1.0019378408237307,obse,soup_scene1,70,old
1091,4.730648040771484,1.0018675038842222,obse,soup_scene1,70,old
1092,4.735185861587524,1.0050812892503844,obse,soup_scene1,70,old
1093,4.739177465438843,1.0050812892503844,obse,soup_scene1,70,old
1094,4.743712902069092,1.0079153331923674,obse,soup_scene1,70,old
1095,4.74792742729187,1.008438078100004,obse,soup_scene1,70,old
1096,4.752397537231445,1.0106832897356612,obse,soup_scene1,70,old
1097,4.7566916942596436,1.0101429859753905,obse,soup_scene1,70,old
1098,4.7609498500823975,1.0132790384618575,obse,soup_scene1,70,old
1099,4.765475511550903,1.0182471769711736,obse,soup_scene1,70,old
1100,4.769699335098267,1.0182471769711736,obse,soup_scene1,70,old
1101,4.774062395095825,1.018184575254896,obse,soup_scene1,70,old
1102,4.7785093784332275,1.0206087095722396,obse,soup_scene1,70,old
1103,4.782772779464722,1.0218199268544872,obse,soup_scene1,70,old
1104,4.78714656829834,1.0218199268544872,obse,soup_scene1,70,old
1105,4.791327714920044,1.0249165875408812,obse,soup_scene1,70,old
1106,4.795645236968994,1.0249165875408812,obse,soup_scene1,70,old
1107,4.799622535705566,1.0249165875408812,obse,soup_scene1,70,old
1108,4.803919792175293,1.026272729761794,obse,soup_scene1,70,old
1109,4.808010816574097,1.026272729761794,obse,soup_scene1,70,old
1110,4.812991619110107,1.0265708452276154,obse,soup_scene1,70,old
1111,4.81734299659729,1.0294452949428963,obse,soup_scene1,70,old
1112,4.821676015853882,1.0291224911677956,obse,soup_scene1,70,old
1113,4.825901031494141,1.031699039224981,obse,soup_scene1,70,old
1114,4.830076694488525,1.031699039224981,obse,soup_scene1,70,old
1115,4.834174394607544,1.0318541461338924,obse,soup_scene1,70,old
1116,4.838255882263184,1.0340649405080597,obse,soup_scene1,70,old
1117,4.842422723770142,1.034010793052468,obse,soup_scene1,70,old
1118,4.8464391231536865,1.0386999885274277,obse,soup_scene1,70,old
1119,4.850530624389648,1.0386999885274277,obse,soup_scene1,70,old
1120,4.855009078979492,1.0414191871916891,obse,soup_scene1,70,old
1121,4.859147310256958,1.0414191871916891,obse,soup_scene1,70,old
1122,4.863217830657959,1.0414191871916891,obse,soup_scene1,70,old
1123,4.867419242858887,1.0442686524666946,obse,soup_scene1,70,old
1124,4.871463298797607,1.0442686524666946,obse,soup_scene1,70,old
1125,4.875677585601807,1.0443023767570447,obse,soup_scene1,70,old
1126,4.879733085632324,1.0443023767570447,obse,soup_scene1,70,old
1127,4.883962154388428,1.0475506973393314,obse,soup_scene1,70,old
1128,4.888182878494263,1.0475328630155487,obse,soup_scene1,70,old
1129,4.892503976821899,1.0505592246479225,obse,soup_scene1,70,old
1130,4.896717309951782,1.0529825423200856,obse,soup_scene1,70,old
1131,4.900886535644531,1.0529825423200856,obse,soup_scene1,70,old
1132,4.905091047286987,1.0529114897852336,obse,soup_scene1,70,old
1133,4.9095776081085205,1.0556795990212595,obse,soup_scene1,70,old
1134,4.913772344589233,1.0557073507475199,obse,soup_scene1,70,old
1135,4.9178571701049805,1.0579436645828568,obse,soup_scene1,70,old
1136,4.922093391418457,1.0579436645828568,obse,soup_scene1,70,old
1137,4.926267623901367,1.057998088563237,obse,soup_scene1,70,old
1138,4.930404186248779,1.057998088563237,obse,soup_scene1,70,old
1139,4.9345862865448,1.060309660117272,obse,soup_scene1,70,old
1140,4.939038991928101,1.0621581645380387,obse,soup_scene1,70,old
1141,4.943366765975952,1.0650768232987633,obse,soup_scene1,70,old
1142,4.9477643966674805,1.0681348925227094,obse,soup_scene1,70,old
1143,4.9520649909973145,1.0695576224002423,obse,soup_scene1,70,old
1144,4.956435680389404,1.0703753372544673,obse,soup_scene1,70,old
1145,4.96117091178894,1.0742244648320611,obse,soup_scene1,70,old
1146,4.965657472610474,1.0759379614615088,obse,soup_scene1,70,old
1147,4.970051288604736,1.081272584449011,obse,soup_scene1,70,old
1148,4.974536418914795,1.083185927106674,obse,soup_scene1,70,old
1149,4.978740930557251,1.083185927106674,obse,soup_scene1,70,old
1150,4.983139514923096,1.0861277375676925,obse,soup_scene1,70,old
1151,4.987642765045166,1.0861277375676925,obse,soup_scene1,70,old
1152,4.991886377334595,1.0877577989730087,obse,soup_scene1,70,old
1153,4.995908737182617,1.0877577989730087,obse,soup_scene1,70,old
1154,5.000109672546387,1.0835868072247845,obse,soup_scene1,70,old
1155,5.004248142242432,1.0835868072247845,obse,soup_scene1,70,old
1156,5.008420944213867,1.0864375812702498,obse,soup_scene1,70,old
1157,5.0125086307525635,1.0864375812702498,obse,soup_scene1,70,old
1158,5.016700744628906,1.088068221578732,obse,soup_scene1,70,old
1159,5.021095514297485,1.088068221578732,obse,soup_scene1,70,old
1160,5.025521755218506,1.0896412090313525,obse,soup_scene1,70,old
1161,5.029424667358398,1.0896412090313525,obse,soup_scene1,70,old
1162,5.033742189407349,1.092136316905537,obse,soup_scene1,70,old
1163,5.037664890289307,1.092136316905537,obse,soup_scene1,70,old
1164,5.0421977043151855,1.0937133230013951,obse,soup_scene1,70,old
1165,5.046380043029785,1.0937133230013951,obse,soup_scene1,70,old
1166,5.050806760787964,1.0953689540897211,obse,soup_scene1,70,old
1167,5.055033445358276,1.0953689540897211,obse,soup_scene1,70,old
1168,5.05937123298645,1.097156787517174,obse,soup_scene1,70,old
1169,5.0634682178497314,1.097156787517174,obse,soup_scene1,70,old
1170,5.067953109741211,1.0981231943436491,obse,soup_scene1,70,old
1171,5.071986436843872,1.0981231943436491,obse,soup_scene1,70,old
1172,5.076324462890625,1.099796266026927,obse,soup_scene1,70,old
1173,5.080410718917847,1.099796266026927,obse,soup_scene1,70,old
1174,5.084827899932861,1.101005345128604,obse,soup_scene1,70,old
1175,5.089051723480225,1.1009810310083847,obse,soup_scene1,70,old
1176,5.093344211578369,1.102349533452479,obse,soup_scene1,70,old
1177,5.097486972808838,1.1023648023964485,obse,soup_scene1,70,old
1178,5.101640701293945,1.1036555442113185,obse,soup_scene1,70,old
1179,5.105633497238159,1.1036555442113185,obse,soup_scene1,70,old
1180,5.1099183559417725,1.1056052066388615,obse,soup_scene1,70,old
1181,5.114006996154785,1.1056052066388615,obse,soup_scene1,70,old
1182,5.118296146392822,1.1069672322963784,obse,soup_scene1,70,old
1183,5.122408390045166,1.1069672322963784,obse,soup_scene1,70,old
1184,5.126767158508301,1.1077736304493602,obse,soup_scene1,70,old
1185,5.130834102630615,1.1077496578624277,obse,soup_scene1,70,old
1186,5.135185241699219,1.1088627405785862,obse,soup_scene1,70,old
1187,5.139170169830322,1.1085192511646544,obse,soup_scene1,70,old
1188,5.1438679695129395,1.1100320111800817,obse,soup_scene1,70,old
1189,5.148099899291992,1.110380452401725,obse,soup_scene1,70,old
1190,5.152319669723511,1.1117283324899987,obse,soup_scene1,70,old
1191,5.156404972076416,1.1116914719036424,obse,soup_scene1,70,old
1192,5.160528182983398,1.1128966416842734,obse,soup_scene1,70,old
1193,5.164639949798584,1.112551053513185,obse,soup_scene1,70,old
1194,5.168875217437744,1.1145087570907322,obse,soup_scene1,70,old
1195,5.1728997230529785,1.1145087570907322,obse,soup_scene1,70,old
1196,5.177193641662598,1.1166503357671709,obse,soup_scene1,70,old
1197,5.181425094604492,1.1166253283634355,obse,soup_scene1,70,old
1198,5.185750961303711,1.1186250656032795,obse,soup_scene1,70,old
1199,5.189882755279541,1.1186250656032795,obse,soup_scene1,70,old
1200,5.194201231002808,1.119879878021736,obse,soup_scene1,70,old
1201,5.198318004608154,1.1227018943855693,obse,soup_scene1,70,old
1202,5.2025206089019775,1.1227018943855693,obse,soup_scene1,70,old
1203,5.2067272663116455,1.1226066174300247,obse,soup_scene1,70,old
1204,5.210927724838257,1.124223535502227,obse,soup_scene1,70,old
1205,5.215129375457764,1.126123745044617,obse,soup_scene1,70,old
1206,5.219317674636841,1.126123745044617,obse,soup_scene1,70,old
1207,5.223650217056274,1.126622719133805,obse,soup_scene1,70,old
1208,5.227633476257324,1.126622719133805,obse,soup_scene1,70,old
1209,5.231678247451782,1.1266383559741122,obse,soup_scene1,70,old
1210,5.235758543014526,1.12788402107279,obse,soup_scene1,70,old
1211,5.239819526672363,1.12788402107279,obse,soup_scene1,70,old
1212,5.2440550327301025,1.129643181645453,obse,soup_scene1,70,old
1213,5.248374700546265,1.1295553694449536,obse,soup_scene1,70,old
1214,5.2529613971710205,1.130253580017232,obse,soup_scene1,70,old
1215,5.2573347091674805,1.1312885374434416,obse,soup_scene1,70,old
1216,5.261569023132324,1.1312885374434416,obse,soup_scene1,70,old
1217,5.265851020812988,1.1317825043910374,obse,soup_scene1,70,old
1218,5.270116806030273,1.1317825043910374,obse,soup_scene1,70,old
1219,5.2743940353393555,1.1314018152962375,obse,soup_scene1,70,old
1220,5.2785608768463135,1.1321743867952516,obse,soup_scene1,70,old
1221,5.282836437225342,1.1343212264520526,obse,soup_scene1,70,old
1222,5.287276744842529,1.1343212264520526,obse,soup_scene1,70,old
1223,5.291529417037964,1.13517533995107,obse,soup_scene1,70,old
1224,5.2959160804748535,1.13517533995107,obse,soup_scene1,70,old
1225,5.300302267074585,1.1361909741774758,obse,soup_scene1,70,old
1226,5.304806470870972,1.1361909741774758,obse,soup_scene1,70,old
1227,5.3092358112335205,1.136799613575451,obse,soup_scene1,70,old
1228,5.313309907913208,1.136799613575451,obse,soup_scene1,70,old
1229,5.317612886428833,1.1375644721214169,obse,soup_scene1,70,old
1230,5.321703195571899,1.1375644721214169,obse,soup_scene1,70,old
1231,5.3260698318481445,1.1384586148971338,obse,soup_scene1,70,old
1232,5.3301286697387695,1.1384586148971338,obse,soup_scene1,70,old
1233,5.334406852722168,1.1391075455960165,obse,soup_scene1,70,old
1234,5.338351488113403,1.1391075455960165,obse,soup_scene1,70,old
1235,5.3426361083984375,1.1397125510079507,obse,soup_scene1,70,old
1236,5.346982002258301,1.1397125510079507,obse,soup_scene1,70,old
1237,5.353622198104858,1.1404504064827068,obse,soup_scene1,70,old
1238,5.359318494796753,1.1406066400116905,obse,soup_scene1,70,old
1239,5.363325357437134,1.1406066400116905,obse,soup_scene1,70,old
1240,5.367778301239014,1.1414940006722525,obse,soup_scene1,70,old
1241,5.371768236160278,1.1414940006722525,obse,soup_scene1,70,old
1242,5.377133846282959,1.1409245602446865,obse,soup_scene1,70,old
1243,5.383671045303345,1.1413822970914087,obse,soup_scene1,70,old
1244,5.38814640045166,1.1413822970914087,obse,soup_scene1,70,old
1245,5.392468452453613,1.1420219278101693,obse,soup_scene1,70,old
1246,5.396658897399902,1.1420219278101693,obse,soup_scene1,70,old
1247,5.401026725769043,1.1417004031662594,obse,soup_scene1,70,old
1248,5.404966592788696,1.1417004031662594,obse,soup_scene1,70,old
1249,5.409282684326172,1.141843734801942,obse,soup_scene1,70,old
1250,5.4134557247161865,1.141843734801942,obse,soup_scene1,70,old
1251,5.417778015136719,1.142469226413634,obse,soup_scene1,70,old
1252,5.422141075134277,1.142469226413634,obse,soup_scene1,70,old
1253,5.426345348358154,1.1420786371143585,obse,soup_scene1,70,old
1254,5.430320501327515,1.1420786371143585,obse,soup_scene1,70,old
1255,5.434435606002808,1.141801922819858,obse,soup_scene1,70,old
1256,5.438416957855225,1.141801922819858,obse,soup_scene1,70,old
1257,5.442460775375366,1.1415698340988691,obse,soup_scene1,70,old
1258,5.44636607170105,1.1415698340988691,obse,soup_scene1,70,old
1259,5.450878381729126,1.1415133916303688,obse,soup_scene1,70,old
1260,5.455185651779175,1.1416053297932436,obse,soup_scene1,70,old
1261,5.459681987762451,1.1421454336958161,obse,soup_scene1,70,old
1262,5.464104413986206,1.1421454336958161,obse,soup_scene1,70,old
1263,5.468577146530151,1.1420936337023677,obse,soup_scene1,70,old
1264,5.472577333450317,1.142105943462566,obse,soup_scene1,70,old
1265,5.476806640625,1.141808772479551,obse,soup_scene1,70,old
1266,5.480727910995483,1.141808772479551,obse,soup_scene1,70,old
1267,5.484978914260864,1.1416670537155507,obse,soup_scene1,70,old
1268,5.489221811294556,1.1416670537155507,obse,soup_scene1,70,old
1269,5.493433475494385,1.1409920461380758,obse,soup_scene1,70,old
1270,5.497399568557739,1.1409920461380758,obse,soup_scene1,70,old
1271,5.50166130065918,1.1411798297938547,obse,soup_scene1,70,old
1272,5.5057971477508545,1.1411798297938547,obse,soup_scene1,70,old
1273,5.510107517242432,1.1410161618237618,obse,soup_scene1,70,old
1274,5.514074325561523,1.1410161618237618,obse,soup_scene1,70,old
1275,5.5184972286224365,1.1406214293053838,obse,soup_scene1,70,old
1276,5.522490978240967,1.1406214293053838,obse,soup_scene1,70,old
1277,5.526849746704102,1.153596844773168,obse,soup_scene1,70,old
1278,5.531080722808838,1.153596844773168,obse,soup_scene1,70,old
1279,5.535422325134277,1.1549029064816128,obse,soup_scene1,70,old
1280,5.539680480957031,1.1548661408994658,obse,soup_scene1,70,old
1281,5.5440497398376465,1.1527937186763777,obse,soup_scene1,70,old
1282,5.548346996307373,1.1537152817583087,obse,soup_scene1,70,old
1283,5.552685260772705,1.1537152817583087,obse,soup_scene1,70,old
1284,5.55702018737793,1.1547708366468759,obse,soup_scene1,70,old
1285,5.56139063835144,1.1547708366468759,obse,soup_scene1,70,old
1286,5.565511465072632,1.1546735796780847,obse,soup_scene1,70,old
1287,5.569844007492065,1.153043265696103,obse,soup_scene1,70,old
1288,5.57418417930603,1.1535280996402555,obse,soup_scene1,70,old
1289,5.5784912109375,1.1535280996402555,obse,soup_scene1,70,old
1290,5.582709074020386,1.1533694605254923,obse,soup_scene1,70,old
1291,5.587055444717407,1.1533694605254923,obse,soup_scene1,70,old
1292,5.59147310256958,1.1535831787249662,obse,soup_scene1,70,old
1293,5.595823287963867,1.1535831787249662,obse,soup_scene1,70,old
1294,5.599984645843506,1.1536342106276558,obse,soup_scene1,70,old
1295,5.6040003299713135,1.151852778282854,obse,soup_scene1,70,old
1296,5.608272314071655,1.151852778282854,obse,soup_scene1,70,old
1297,5.6124587059021,1.151852778282854,obse,soup_scene1,70,old
1298,5.616925239562988,1.1522765209756336,obse,soup_scene1,70,old
1299,5.621528387069702,1.1520045763695326,obse,soup_scene1,70,old
1300,5.626256465911865,1.1520717154395725,obse,soup_scene1,70,old
1301,5.630392789840698,1.1520717154395725,obse,soup_scene1,70,old
1302,5.634322166442871,1.1525116080182678,obse,soup_scene1,70,old
1303,5.638553857803345,1.1536147831783898,obse,soup_scene1,70,old
1304,5.642441511154175,1.1536147831783898,obse,soup_scene1,70,old
1305,5.647050380706787,1.1529591120600307,obse,soup_scene1,70,old
1306,5.6510329246521,1.1529591120600307,obse,soup_scene1,70,old
1307,5.655397891998291,1.1533828116613742,obse,soup_scene1,70,old
1308,5.6599743366241455,1.1533828116613742,obse,soup_scene1,70,old
1309,5.6642560958862305,1.1529716259051415,obse,soup_scene1,70,old
1310,5.668409585952759,1.1533014229250156,obse,soup_scene1,70,old
1311,5.672645092010498,1.1533014229250156,obse,soup_scene1,70,old
1312,5.676936626434326,1.1533014229250156,obse,soup_scene1,70,old
1313,5.681160926818848,1.1529932100267943,obse,soup_scene1,70,old
1314,5.685343980789185,1.1529932100267943,obse,soup_scene1,70,old
1315,5.68964958190918,1.1533580740784426,obse,soup_scene1,70,old
1316,5.693932294845581,1.1530223989919413,obse,soup_scene1,70,old
1317,5.698202848434448,1.1530223989919413,obse,soup_scene1,70,old
1318,5.70234227180481,1.1551336626201365,obse,soup_scene1,70,old
1319,5.70647668838501,1.1551336626201365,obse,soup_scene1,70,old
1320,5.710813522338867,1.1576655357528878,obse,soup_scene1,70,old
1321,5.714857339859009,1.1576655357528878,obse,soup_scene1,70,old
1322,5.719078540802002,1.1576655357528878,obse,soup_scene1,70,old
1323,5.7232666015625,1.1572822896557158,obse,soup_scene1,70,old
1324,5.727432012557983,1.15899200261734,obse,soup_scene1,70,old
1325,5.731459856033325,1.15899200261734,obse,soup_scene1,70,old
1326,5.735856294631958,1.15899200261734,obse,soup_scene1,70,old
1327,5.740229845046997,1.16201969301689,obse,soup_scene1,70,old
1328,5.74462103843689,1.164968240279846,obse,soup_scene1,70,old
1329,5.749013900756836,1.1683686206084487,obse,soup_scene1,70,old
1330,5.753536939620972,1.168720546073615,obse,soup_scene1,70,old
1331,5.758040904998779,1.1722556394232908,obse,soup_scene1,70,old
1332,5.762673854827881,1.1765483602138735,obse,soup_scene1,70,old
1333,5.767175197601318,1.179356234377205,obse,soup_scene1,70,old
1334,5.7716381549835205,1.183962154414336,obse,soup_scene1,70,old
1335,5.776058673858643,1.187270018959427,obse,soup_scene1,70,old
1336,5.78094220161438,1.1903918785133853,obse,soup_scene1,70,old
1337,5.7857959270477295,1.195819754921745,obse,soup_scene1,70,old
1338,5.790468454360962,1.1957808367882399,obse,soup_scene1,70,old
1339,5.79471230506897,1.1973705770641945,obse,soup_scene1,70,old
1340,5.798896074295044,1.198666022004569,obse,soup_scene1,70,old
1341,5.803109645843506,1.198666022004569,obse,soup_scene1,70,old
1342,5.807347536087036,1.1977387685382617,obse,soup_scene1,70,old
1343,5.8114495277404785,1.1977387685382617,obse,soup_scene1,70,old
1344,5.815515995025635,1.184752063495703,obse,soup_scene1,70,old
1345,5.819908618927002,1.184752063495703,obse,soup_scene1,70,old
1346,5.8243255615234375,1.1853286156611305,obse,soup_scene1,70,old
1347,5.82830548286438,1.1853286156611305,obse,soup_scene1,70,old
1348,5.832457542419434,1.185143615474399,obse,soup_scene1,70,old
1349,5.836522579193115,1.185143615474399,obse,soup_scene1,70,old
1350,5.840709686279297,1.1846072685742874,obse,soup_scene1,70,old
1351,5.845122814178467,1.1846898199425115,obse,soup_scene1,70,old
1352,5.849447965621948,1.1847263328496258,obse,soup_scene1,70,old
1353,5.853709936141968,1.1847263328496258,obse,soup_scene1,70,old
1354,5.8580145835876465,1.1849316495274738,obse,soup_scene1,70,old
1355,5.862172842025757,1.1849316495274738,obse,soup_scene1,70,old
1356,5.8664391040802,1.1853527606144132,obse,soup_scene1,70,old
1357,5.870592355728149,1.1853527606144132,obse,soup_scene1,70,old
1358,5.874736070632935,1.186221469164887,obse,soup_scene1,70,old
1359,5.8789191246032715,1.186221469164887,obse,soup_scene1,70,old
1360,5.883191108703613,1.1875438715428563,obse,soup_scene1,70,old
1361,5.887488603591919,1.1875438715428563,obse,soup_scene1,70,old
1362,5.8919007778167725,1.1881402045558906,obse,soup_scene1,70,old
1363,5.896089315414429,1.1881402045558906,obse,soup_scene1,70,old
1364,5.900446891784668,1.1893089805866477,obse,soup_scene1,70,old
1365,5.90450119972229,1.1893089805866477,obse,soup_scene1,70,old
1366,5.908801078796387,1.1902284540992663,obse,soup_scene1,70,old
1367,5.913014888763428,1.1902284540992663,obse,soup_scene1,70,old
1368,5.917328357696533,1.1907271541755498,obse,soup_scene1,70,old
1369,5.921547889709473,1.1907271541755498,obse,soup_scene1,70,old
1370,5.92579984664917,1.1907886101861445,obse,soup_scene1,70,old
1371,5.9300537109375,1.1907886101861445,obse,soup_scene1,70,old
1372,5.93445897102356,1.1908359674984106,obse,soup_scene1,70,old
1373,5.938568592071533,1.1908359674984106,obse,soup_scene1,70,old
1374,5.94299578666687,1.1914378572013273,obse,soup_scene1,70,old
1375,5.947343111038208,1.1914378572013273,obse,soup_scene1,70,old
1376,5.951621770858765,1.1909104626425586,obse,soup_scene1,70,old
1377,5.9557201862335205,1.1909104626425586,obse,soup_scene1,70,old
1378,5.960038423538208,1.1908036680357692,obse,soup_scene1,70,old
1379,5.964193105697632,1.190369309043133,obse,soup_scene1,70,old
1380,5.968651533126831,1.1910885917920573,obse,soup_scene1,70,old
1381,5.9725751876831055,1.1910885917920573,obse,soup_scene1,70,old
1382,5.976925373077393,1.1924604102730634,obse,soup_scene1,70,old
1383,5.981141805648804,1.192416002064327,obse,soup_scene1,70,old
1384,5.985420227050781,1.1918036735429822,obse,soup_scene1,70,old
1385,5.989601373672485,1.1919043239453055,obse,soup_scene1,70,old
1386,5.993977069854736,1.1929559096967892,obse,soup_scene1,70,old
1387,5.998153209686279,1.1929559096967892,obse,soup_scene1,70,old
1388,6.0023674964904785,1.1928505641785005,obse,soup_scene1,70,old
1389,6.006574630737305,1.1928505641785005,obse,soup_scene1,70,old
1390,6.010888338088989,1.1923966041843514,obse,soup_scene1,70,old
1391,6.015024423599243,1.192566656439463,obse,soup_scene1,70,old
1392,6.019291639328003,1.192566656439463,obse,soup_scene1,70,old
1393,6.0235278606414795,1.192977807901914,obse,soup_scene1,70,old
1394,6.0277440547943115,1.1938086267435264,obse,soup_scene1,70,old
1395,6.032182931900024,1.1938086267435264,obse,soup_scene1,70,old
1396,6.036266803741455,1.1934018189675084,obse,soup_scene1,70,old
1397,6.040527582168579,1.1937979766532498,obse,soup_scene1,70,old
1398,6.0445544719696045,1.1937979766532498,obse,soup_scene1,70,old
1399,6.048962354660034,1.1950492021152948,obse,soup_scene1,70,old
1400,6.053433656692505,1.1950492021152948,obse,soup_scene1,70,old
1401,6.057615041732788,1.193821751362569,obse,soup_scene1,70,old
1402,6.06175971031189,1.193821751362569,obse,soup_scene1,70,old
1403,6.066012859344482,1.193821751362569,obse,soup_scene1,70,old
1404,6.070317506790161,1.1940551701761093,obse,soup_scene1,70,old
1405,6.0744593143463135,1.1940551701761093,obse,soup_scene1,70,old
1406,6.078618049621582,1.1940551701761093,obse,soup_scene1,70,old
1407,6.0828657150268555,1.1936526170491701,obse,soup_scene1,70,old
1408,6.087422609329224,1.1936526170491701,obse,soup_scene1,70,old
1409,6.09149169921875,1.1936526170491701,obse,soup_scene1,70,old
1410,6.095803499221802,1.1940406273569528,obse,soup_scene1,70,old
1411,6.0999436378479,1.1940406273569528,obse,soup_scene1,70,old
1412,6.104382514953613,1.1943450094459895,obse,soup_scene1,70,old
1413,6.109044790267944,1.193999490051674,obse,soup_scene1,70,old
1414,6.113221883773804,1.1936315730204718,obse,soup_scene1,70,old
1415,6.1175055503845215,1.1936315730204718,obse,soup_scene1,70,old
1416,6.121760129928589,1.1951950334143762,obse,soup_scene1,70,old
1417,6.125935792922974,1.1951950334143762,obse,soup_scene1,70,old
1418,6.130107402801514,1.1951950334143762,obse,soup_scene1,70,old
1419,6.134509563446045,1.1948026136886378,obse,soup_scene1,70,old
1420,6.138889789581299,1.1948959662312162,obse,soup_scene1,70,old
1421,6.143664121627808,1.1945161598380964,obse,soup_scene1,70,old
1422,6.147972106933594,1.1950581525350679,obse,soup_scene1,70,old
1423,6.152367830276489,1.1952773020794274,obse,soup_scene1,70,old
1424,6.156934022903442,1.1965517399351224,obse,soup_scene1,70,old
1425,6.161541938781738,1.2252331420417886,obse,soup_scene1,70,old
1426,6.165785551071167,1.2253172928267908,obse,soup_scene1,70,old
1427,6.170172214508057,1.2180269233438468,obse,soup_scene1,70,old
1428,6.17467188835144,1.2163603391702142,obse,soup_scene1,70,old
1429,6.179001808166504,1.2192072897138442,obse,soup_scene1,70,old
1430,6.183408260345459,1.1957591016296494,obse,soup_scene1,70,old
1431,6.187759876251221,1.1957591016296494,obse,soup_scene1,70,old
1432,6.192145109176636,1.1958991216343364,obse,soup_scene1,70,old
1433,6.196143388748169,1.1958991216343364,obse,soup_scene1,70,old
1434,6.200518369674683,1.1959530524009625,obse,soup_scene1,70,old
1435,6.204572916030884,1.1959530524009625,obse,soup_scene1,70,old
1436,6.209057331085205,1.1950729207253372,obse,soup_scene1,70,old
1437,6.2135162353515625,1.1950729207253372,obse,soup_scene1,70,old
1438,6.217979669570923,1.1953368381431524,obse,soup_scene1,70,old
1439,6.222483396530151,1.1953368381431524,obse,soup_scene1,70,old
1440,6.226637363433838,1.1956649106661053,obse,soup_scene1,70,old
1441,6.230719089508057,1.1956649106661053,obse,soup_scene1,70,old
1442,6.235004425048828,1.1965753220534656,obse,soup_scene1,70,old
1443,6.23907995223999,1.1965753220534656,obse,soup_scene1,70,old
1444,6.24375319480896,1.1965338995394932,obse,soup_scene1,70,old
1445,6.247767925262451,1.1965338995394932,obse,soup_scene1,70,old
1446,6.252233028411865,1.1973743553482081,obse,soup_scene1,70,old
1447,6.256539344787598,1.1971986015960983,obse,soup_scene1,70,old
1448,6.260867595672607,1.1966271374681818,obse,soup_scene1,70,old
1449,6.265024423599243,1.1971338881728895,obse,soup_scene1,70,old
1450,6.269403696060181,1.1961531619477004,obse,soup_scene1,70,old
1451,6.2740797996521,1.1956224108440276,obse,soup_scene1,70,old
1452,6.278289794921875,1.1956224108440276,obse,soup_scene1,70,old
1453,6.282584190368652,1.1960866975651223,obse,soup_scene1,70,old
1454,6.286906480789185,1.1960866975651223,obse,soup_scene1,70,old
1455,6.291240692138672,1.1966668605042337,obse,soup_scene1,70,old
1456,6.295340299606323,1.1966668605042337,obse,soup_scene1,70,old
1457,6.299615859985352,1.1972302978234128,obse,soup_scene1,70,old
1458,6.303833961486816,1.1972302978234128,obse,soup_scene1,70,old
1459,6.308382272720337,1.1983035494404617,obse,soup_scene1,70,old
1460,6.312708377838135,1.1983035494404617,obse,soup_scene1,70,old
1461,6.3170998096466064,1.1977922961085081,obse,soup_scene1,70,old
1462,6.321428060531616,1.1977922961085081,obse,soup_scene1,70,old
1463,6.3258185386657715,1.1963406654279678,obse,soup_scene1,70,old
1464,6.329918146133423,1.1963406654279678,obse,soup_scene1,70,old
1465,6.334278345108032,1.1961955842140621,obse,soup_scene1,70,old
1466,6.338553190231323,1.1961955842140621,obse,soup_scene1,70,old
1467,6.343019962310791,1.19564684915924,obse,soup_scene1,70,old
1468,6.347199201583862,1.19564684915924,obse,soup_scene1,70,old
1469,6.351725816726685,1.1956658909396263,obse,soup_scene1,70,old
1470,6.356037378311157,1.1961299005745236,obse,soup_scene1,70,old
1471,6.360427618026733,1.1964827972653753,obse,soup_scene1,70,old
1472,6.364599943161011,1.196372311127216,obse,soup_scene1,70,old
1473,6.3689374923706055,1.197253219999258,obse,soup_scene1,70,old
1474,6.373251676559448,1.1967484356024447,obse,soup_scene1,70,old
1475,6.377535104751587,1.1958685105623224,obse,soup_scene1,70,old
1476,6.3819005489349365,1.1994026631808303,obse,soup_scene1,70,old
1477,6.386191129684448,1.1994026631808303,obse,soup_scene1,70,old
1478,6.390451669692993,1.2001921544209324,obse,soup_scene1,70,old
1479,6.394672393798828,1.2001921544209324,obse,soup_scene1,70,old
1480,6.398878812789917,1.1991130115099782,obse,soup_scene1,70,old
1481,6.403170585632324,1.1991130115099782,obse,soup_scene1,70,old
1482,6.40753436088562,1.1986956136949367,obse,soup_scene1,70,old
1483,6.411875247955322,1.1977101861002808,obse,soup_scene1,70,old
1484,6.416173696517944,1.1960923627061837,obse,soup_scene1,70,old
1485,6.420631170272827,1.1960923627061837,obse,soup_scene1,70,old
1486,6.425014019012451,1.1966323934430518,obse,soup_scene1,70,old
1487,6.429084300994873,1.1966323934430518,obse,soup_scene1,70,old
1488,6.43351674079895,1.1961226520732435,obse,soup_scene1,70,old
1489,6.437554121017456,1.1961226520732435,obse,soup_scene1,70,old
1490,6.4420857429504395,1.1972633600572806,obse,soup_scene1,70,old
1491,6.446082592010498,1.1972633600572806,obse,soup_scene1,70,old
1492,6.4506330490112305,1.1976581978973284,obse,soup_scene1,70,old
1493,6.454894304275513,1.1976581978973284,obse,soup_scene1,70,old
1494,6.459564924240112,1.198627459963403,obse,soup_scene1,70,old
1495,6.463682651519775,1.198627459963403,obse,soup_scene1,70,old
1496,6.46814227104187,1.200976699147681,obse,soup_scene1,70,old
1497,6.47230339050293,1.200987978274759,obse,soup_scene1,70,old
1498,6.476591110229492,1.1999050148512633,obse,soup_scene1,70,old
1499,6.480771541595459,1.1999760285905368,obse,soup_scene1,70,old
1500,6.485016584396362,1.1982543495982734,obse,soup_scene1,70,old
1501,6.489328622817993,1.1981560102935596,obse,soup_scene1,70,old
1502,6.493733882904053,1.196774203358965,obse,soup_scene1,70,old
1503,6.497880935668945,1.1964283503985254,obse,soup_scene1,70,old
1504,6.5022077560424805,1.1961654030150037,obse,soup_scene1,70,old
1505,6.5063652992248535,1.196169890729865,obse,soup_scene1,70,old
1506,6.510645866394043,1.1974855129348665,obse,soup_scene1,70,old
1507,6.514837026596069,1.1978840031171083,obse,soup_scene1,70,old
1508,6.519437789916992,1.198357070224224,obse,soup_scene1,70,old
1509,6.523864269256592,1.1978120901410072,obse,soup_scene1,70,old
1510,6.5279459953308105,1.1978120901410072,obse,soup_scene1,70,old
1511,6.532211065292358,1.1970467353386016,obse,soup_scene1,70,old
1512,6.536471128463745,1.1970467353386016,obse,soup_scene1,70,old
1513,6.5410027503967285,1.19794491022235,obse,soup_scene1,70,old
1514,6.545674085617065,1.19794491022235,obse,soup_scene1,70,old
1515,6.549968481063843,1.1988639518500088,obse,soup_scene1,70,old
1516,6.55422306060791,1.1988639518500088,obse,soup_scene1,70,old
1517,6.558519601821899,1.1989893480894434,obse,soup_scene1,70,old
1518,6.562726736068726,1.1989893480894434,obse,soup_scene1,70,old
1519,6.567033767700195,1.1965671887843796,obse,soup_scene1,70,old
1520,6.571160554885864,1.1965671887843796,obse,soup_scene1,70,old
1521,6.575780630111694,1.196225242877725,obse,soup_scene1,70,old
1522,6.5823023319244385,1.1969452807653314,obse,soup_scene1,70,old
1523,6.587576150894165,1.1969452807653314,obse,soup_scene1,70,old
1524,6.591811656951904,1.1985553029299947,obse,soup_scene1,70,old
1525,6.595858812332153,1.1985553029299947,obse,soup_scene1,70,old
1526,6.6000494956970215,1.200427585086892,obse,soup_scene1,70,old
1527,6.604153871536255,1.200427585086892,obse,soup_scene1,70,old
1528,6.608415603637695,1.1980406706317004,obse,soup_scene1,70,old
1529,6.613657474517822,1.1980406706317004,obse,soup_scene1,70,old
1530,6.619590520858765,1.1976144637146433,obse,soup_scene1,70,old
1531,6.6240739822387695,1.1972445958949423,obse,soup_scene1,70,old
1532,6.628123998641968,1.1963298391628343,obse,soup_scene1,70,old
1533,6.632335186004639,1.1974959296950465,obse,soup_scene1,70,old
1534,6.636284351348877,1.1974959296950465,obse,soup_scene1,70,old
1535,6.640417814254761,1.1977167487801446,obse,soup_scene1,70,old
1536,6.64560866355896,1.1977167487801446,obse,soup_scene1,70,old
1537,6.650144100189209,1.1975282091035004,obse,soup_scene1,70,old
1538,6.655507564544678,1.1975282091035004,obse,soup_scene1,70,old
1539,6.659982919692993,1.1981309108478186,obse,soup_scene1,70,old
1540,6.664194345474243,1.1981309108478186,obse,soup_scene1,70,old
1541,6.668656826019287,1.1977694812680069,obse,soup_scene1,70,old
1542,6.672841548919678,1.1978120779586603,obse,soup_scene1,70,old
1543,6.677366256713867,1.1991555296646683,obse,soup_scene1,70,old
1544,6.681520938873291,1.1987746079587482,obse,soup_scene1,70,old
1545,6.685937404632568,1.1978181615303682,obse,soup_scene1,70,old
1546,6.690199851989746,1.1964499316818447,obse,soup_scene1,70,old
1547,6.694477796554565,1.1964499316818447,obse,soup_scene1,70,old
1548,6.698699951171875,1.1966504541307097,obse,soup_scene1,70,old
1549,6.702953577041626,1.1966504541307097,obse,soup_scene1,70,old
1550,6.707138776779175,1.1961998022509572,obse,soup_scene1,70,old
1551,6.7113683223724365,1.1983863499013325,obse,soup_scene1,70,old
1552,6.715619325637817,1.2000159333777631,obse,soup_scene1,70,old
1553,6.7199554443359375,1.2000159333777631,obse,soup_scene1,70,old
1554,6.724200487136841,1.1991502164825039,obse,soup_scene1,70,old
1555,6.728503942489624,1.1991502164825039,obse,soup_scene1,70,old
1556,6.732788801193237,1.1978723051293916,obse,soup_scene1,70,old
1557,6.736871719360352,1.1978723051293916,obse,soup_scene1,70,old
1558,6.741177797317505,1.196999807558242,obse,soup_scene1,70,old
1559,6.745336055755615,1.196999807558242,obse,soup_scene1,70,old
1560,6.749892950057983,1.197995531303149,obse,soup_scene1,70,old
1561,6.754128694534302,1.197995531303149,obse,soup_scene1,70,old
1562,6.758408546447754,1.1985032821304873,obse,soup_scene1,70,old
1563,6.762550115585327,1.1985032821304873,obse,soup_scene1,70,old
1564,6.766870975494385,1.1974139029771071,obse,soup_scene1,70,old
1565,6.770910978317261,1.1974139029771071,obse,soup_scene1,70,old
1566,6.775711297988892,1.196822288692055,obse,soup_scene1,70,old
1567,6.77979040145874,1.196822288692055,obse,soup_scene1,70,old
1568,6.784278869628906,1.1969048566468627,obse,soup_scene1,70,old
1569,6.788280010223389,1.1969048566468627,obse,soup_scene1,70,old
1570,6.792716979980469,1.1981149767020012,obse,soup_scene1,70,old
1571,6.796790838241577,1.1981149767020012,obse,soup_scene1,70,old
1572,6.801017999649048,1.197269904444022,obse,soup_scene1,70,old
1573,6.80517315864563,1.197269904444022,obse,soup_scene1,70,old
1574,6.809253454208374,1.1968015560731873,obse,soup_scene1,70,old
1575,6.8134543895721436,1.1956138962025327,obse,soup_scene1,70,old
1576,6.817762613296509,1.1956138962025327,obse,soup_scene1,70,old
1577,6.822226285934448,1.1964178889366184,obse,soup_scene1,70,old
1578,6.826402187347412,1.1960156256157046,obse,soup_scene1,70,old
1579,6.830566167831421,1.1960156256157046,obse,soup_scene1,70,old
1580,6.834724426269531,1.195992967631121,obse,soup_scene1,70,old
1581,6.838945627212524,1.1971877869151788,obse,soup_scene1,70,old
1582,6.8432395458221436,1.1971563432974324,obse,soup_scene1,70,old
1583,6.8475377559661865,1.1989279053034836,obse,soup_scene1,70,old
1584,6.851771116256714,1.1989279053034836,obse,soup_scene1,70,old
1585,6.855952739715576,1.1989279053034836,obse,soup_scene1,70,old
1586,6.860400438308716,1.1992581514169705,obse,soup_scene1,70,old
1587,6.864570617675781,1.1992581514169705,obse,soup_scene1,70,old
1588,6.868847846984863,1.1985693895193192,obse,soup_scene1,70,old
1589,6.872908592224121,1.198477572318684,obse,soup_scene1,70,old
1590,6.8771140575408936,1.1967008170098359,obse,soup_scene1,70,old
1591,6.881175518035889,1.1967008170098359,obse,soup_scene1,70,old
1592,6.885445833206177,1.1961001073258246,obse,soup_scene1,70,old
1593,6.889707565307617,1.1961001073258246,obse,soup_scene1,70,old
1594,6.893843173980713,1.1961001073258246,obse,soup_scene1,70,old
1595,6.897974014282227,1.1965133912197068,obse,soup_scene1,70,old
1596,6.902524948120117,1.1976782193900863,obse,soup_scene1,70,old
1597,6.906673192977905,1.1976782193900863,obse,soup_scene1,70,old
1598,6.910927057266235,1.1984674038642256,obse,soup_scene1,70,old
1599,6.915225982666016,1.1984674038642256,obse,soup_scene1,70,old
1600,6.919671297073364,1.198623281243437,obse,soup_scene1,70,old
1601,6.924133777618408,1.198623281243437,obse,soup_scene1,70,old
1602,6.928267240524292,1.197682865710716,obse,soup_scene1,70,old
1603,6.932337284088135,1.197682865710716,obse,soup_scene1,70,old
1604,6.936698913574219,1.197682865710716,obse,soup_scene1,70,old
1605,6.940899610519409,1.1980861227852864,obse,soup_scene1,70,old
1606,6.945405006408691,1.1980898487321,obse,soup_scene1,70,old
1607,6.949878454208374,1.198978783779243,obse,soup_scene1,70,old
1608,6.954486846923828,1.1980877916938002,obse,soup_scene1,70,old
1609,6.958914518356323,1.1980860351389608,obse,soup_scene1,70,old
1610,6.963393926620483,1.1970374293091484,obse,soup_scene1,70,old
1611,6.967749357223511,1.1969326543030554,obse,soup_scene1,70,old
1612,6.9722394943237305,1.198873900729651,obse,soup_scene1,70,old
1613,6.976815223693848,1.1982756922289328,obse,soup_scene1,70,old
1614,6.9810097217559814,1.1986477380648144,obse,soup_scene1,70,old
1615,6.9854700565338135,1.1994767945735298,obse,soup_scene1,70,old
1616,6.989776611328125,1.198107519387402,obse,soup_scene1,70,old
1617,6.9939844608306885,1.198107519387402,obse,soup_scene1,70,old
1618,6.998212575912476,1.1971066409010196,obse,soup_scene1,70,old
1619,7.002350807189941,1.1971066409010196,obse,soup_scene1,70,old
1620,7.006511449813843,1.196778062882141,obse,soup_scene1,70,old
1621,7.0107951164245605,1.1966646223278858,obse,soup_scene1,70,old
1622,7.015566825866699,1.1957062943078642,obse,soup_scene1,70,old
1623,7.02118182182312,1.1957062943078642,obse,soup_scene1,70,old
1624,7.025552988052368,1.1979198345285733,obse,soup_scene1,70,old
1625,7.029484272003174,1.1979198345285733,obse,soup_scene1,70,old
1626,7.0337677001953125,1.1977001542354777,obse,soup_scene1,70,old
1627,7.037678480148315,1.1977001542354777,obse,soup_scene1,70,old
1628,7.042130708694458,1.1988260933935033,obse,soup_scene1,70,old
1629,7.046264410018921,1.1988260933935033,obse,soup_scene1,70,old
1630,7.05051589012146,1.1992607178384969,obse,soup_scene1,70,old
1631,7.054812669754028,1.1992607178384969,obse,soup_scene1,70,old
1632,7.059171438217163,1.1978897310775556,obse,soup_scene1,70,old
1633,7.063302516937256,1.1978897310775556,obse,soup_scene1,70,old
1634,7.067715167999268,1.1976999205359622,obse,soup_scene1,70,old
1635,7.072021484375,1.1976999205359622,obse,soup_scene1,70,old
1636,7.076265573501587,1.198189165774102,obse,soup_scene1,70,old
1637,7.080541133880615,1.198189165774102,obse,soup_scene1,70,old
1638,7.084867000579834,1.1992074806226667,obse,soup_scene1,70,old
1639,7.089085578918457,1.1992074806226667,obse,soup_scene1,70,old
1640,7.093465566635132,1.1997674792710544,obse,soup_scene1,70,old
1641,7.0975141525268555,1.1997674792710544,obse,soup_scene1,70,old
1642,7.1018548011779785,1.2006208871743858,obse,soup_scene1,70,old
1643,7.105853796005249,1.2006208871743858,obse,soup_scene1,70,old
1644,7.110177040100098,1.2006707375566064,obse,soup_scene1,70,old
1645,7.114332437515259,1.2002919954581335,obse,soup_scene1,70,old
1646,7.118685960769653,1.1997324313933653,obse,soup_scene1,70,old
1647,7.1229729652404785,1.1997382467923552,obse,soup_scene1,70,old
1648,7.12734842300415,1.1994883719915315,obse,soup_scene1,70,old
1649,7.131473779678345,1.197819103629032,obse,soup_scene1,70,old
1650,7.135852336883545,1.197819103629032,obse,soup_scene1,70,old
1651,7.140023469924927,1.1972043149510627,obse,soup_scene1,70,old
1652,7.144366979598999,1.1971857356966613,obse,soup_scene1,70,old
1653,7.148579835891724,1.1973688315277593,obse,soup_scene1,70,old
1654,7.152886390686035,1.1973688315277593,obse,soup_scene1,70,old
1655,7.157284736633301,1.1969870559215274,obse,soup_scene1,70,old
1656,7.161440134048462,1.1969870559215274,obse,soup_scene1,70,old
1657,7.165797233581543,1.1975512130072221,obse,soup_scene1,70,old
1658,7.169982194900513,1.1975512130072221,obse,soup_scene1,70,old
1659,7.174290895462036,1.1978411975157994,obse,soup_scene1,70,old
1660,7.178555488586426,1.1978411975157994,obse,soup_scene1,70,old
1661,7.182876110076904,1.198264166204739,obse,soup_scene1,70,old
1662,7.187115430831909,1.198264166204739,obse,soup_scene1,70,old
1663,7.191643953323364,1.1984629088367218,obse,soup_scene1,70,old
1664,7.195868492126465,1.1984629088367218,obse,soup_scene1,70,old
1665,7.200513601303101,1.1989303468835562,obse,soup_scene1,70,old
1666,7.204538106918335,1.1989303468835562,obse,soup_scene1,70,old
1667,7.208584547042847,1.1989303468835562,obse,soup_scene1,70,old
1668,7.212778091430664,1.199715083966059,obse,soup_scene1,70,old
1669,7.216998338699341,1.199715083966059,obse,soup_scene1,70,old
1670,7.221320629119873,1.199715083966059,obse,soup_scene1,70,old
1671,7.225527048110962,1.1997220767205867,obse,soup_scene1,70,old
1672,7.229432582855225,1.1997220767205867,obse,soup_scene1,70,old
1673,7.233570098876953,1.1996890428034777,obse,soup_scene1,70,old
1674,7.237979888916016,1.1997878109984936,obse,soup_scene1,70,old
1675,7.241905450820923,1.1997878109984936,obse,soup_scene1,70,old
1676,7.246061563491821,1.2003370953445573,obse,soup_scene1,70,old
1677,7.25028133392334,1.2003370953445573,obse,soup_scene1,70,old
1678,7.254427194595337,1.2003370953445573,obse,soup_scene1,70,old
1679,7.258808135986328,1.2004158818828399,obse,soup_scene1,70,old
1680,7.262920379638672,1.2004158818828399,obse,soup_scene1,70,old
1681,7.266981840133667,1.2004158818828399,obse,soup_scene1,70,old
1682,7.271192312240601,1.2007693518594384,obse,soup_scene1,70,old
1683,7.275261402130127,1.2007693518594384,obse,soup_scene1,70,old
1684,7.279381036758423,1.2003275627178496,obse,soup_scene1,70,old
1685,7.283381223678589,1.2006096077712511,obse,soup_scene1,70,old
1686,7.2878098487854,1.2006096077712511,obse,soup_scene1,70,old
1687,7.292053461074829,1.2006096077712511,obse,soup_scene1,70,old
1688,7.296359539031982,1.2007181166381973,obse,soup_scene1,70,old
1689,7.3005290031433105,1.2007181166381973,obse,soup_scene1,70,old
1690,7.304722309112549,1.201408759590768,obse,soup_scene1,70,old
1691,7.308862686157227,1.201408759590768,obse,soup_scene1,70,old
1692,7.312906980514526,1.201408759590768,obse,soup_scene1,70,old
1693,7.317230701446533,1.201286679913522,obse,soup_scene1,70,old
1694,7.321444988250732,1.201286679913522,obse,soup_scene1,70,old
1695,7.325517416000366,1.201286679913522,obse,soup_scene1,70,old
1696,7.329917907714844,1.2007919383023904,obse,soup_scene1,70,old
1697,7.334032773971558,1.2007919383023904,obse,soup_scene1,70,old
1698,7.338186979293823,1.2007919383023904,obse,soup_scene1,70,old
1699,7.342604398727417,1.2010689472016272,obse,soup_scene1,70,old
1700,7.347023963928223,1.2008346217060617,obse,soup_scene1,70,old
1701,7.351407527923584,1.2009249634237595,obse,soup_scene1,70,old
1702,7.356064081192017,1.2009299693929212,obse,soup_scene1,70,old
1703,7.360539674758911,1.2013262123397255,obse,soup_scene1,70,old
1704,7.3648200035095215,1.2009965617501979,obse,soup_scene1,70,old
1705,7.369177579879761,1.2014313164436565,obse,soup_scene1,70,old
1706,7.373342990875244,1.2014313164436565,obse,soup_scene1,70,old
1707,7.3776819705963135,1.2015125605694374,obse,soup_scene1,70,old
1708,7.382180452346802,1.2009691680938113,obse,soup_scene1,70,old
1709,7.3866190910339355,1.2009684917964958,obse,soup_scene1,70,old
1710,7.391032457351685,1.2009358998022448,obse,soup_scene1,70,old
1711,7.395339012145996,1.2013090134195556,obse,soup_scene1,70,old
1712,7.399635553359985,1.2009240744125442,obse,soup_scene1,70,old
1713,7.403748035430908,1.2009240744125442,obse,soup_scene1,70,old
1714,7.407951831817627,1.2009546259372863,obse,soup_scene1,70,old
1715,7.411992788314819,1.2009546259372863,obse,soup_scene1,70,old
1716,7.416120767593384,1.2013777014522038,obse,soup_scene1,70,old
1717,7.420596361160278,1.2013777014522038,obse,soup_scene1,70,old
1718,7.425305128097534,1.2013943257702953,obse,soup_scene1,70,old
1719,7.429337024688721,1.2013943257702953,obse,soup_scene1,70,old
1720,7.43376898765564,1.2012203974093656,obse,soup_scene1,70,old
1721,7.437747001647949,1.2012203974093656,obse,soup_scene1,70,old
1722,7.442082405090332,1.2008674956383352,obse,soup_scene1,70,old
1723,7.446059226989746,1.2008674956383352,obse,soup_scene1,70,old
1724,7.450366497039795,1.201177801181894,obse,soup_scene1,70,old
1725,7.45575475692749,1.201177801181894,obse,soup_scene1,70,old
1726,7.461344480514526,1.201383163408866,obse,soup_scene1,70,old
1727,7.4670634269714355,1.2012501344526938,obse,soup_scene1,70,old
1728,7.472507953643799,1.2012501344526938,obse,soup_scene1,70,old
1729,7.478219032287598,1.2011431643369943,obse,soup_scene1,70,old
1730,7.483850955963135,1.2013538398417312,obse,soup_scene1,70,old
1731,7.488681793212891,1.2013538398417312,obse,soup_scene1,70,old
1732,7.4930198192596436,1.201005870424172,obse,soup_scene1,70,old
1733,7.497120141983032,1.201005870424172,obse,soup_scene1,70,old
1734,7.501493692398071,1.2014853700669608,obse,soup_scene1,70,old
1735,7.505650758743286,1.2015175149860715,obse,soup_scene1,70,old
1736,7.50991153717041,1.201355020564461,obse,soup_scene1,70,old
1737,7.513864755630493,1.201355020564461,obse,soup_scene1,70,old
1738,7.518246173858643,1.201464337148093,obse,soup_scene1,70,old
1739,7.522350072860718,1.2010008099849552,obse,soup_scene1,70,old
1740,7.526612043380737,1.2009817510454015,obse,soup_scene1,70,old
1741,7.530740737915039,1.2009817510454015,obse,soup_scene1,70,old
1742,7.535021066665649,1.2015145768006372,obse,soup_scene1,70,old
1743,7.539100646972656,1.2015145768006372,obse,soup_scene1,70,old
1744,7.543518304824829,1.201373465213945,obse,soup_scene1,70,old
1745,7.548097610473633,1.2013021861339332,obse,soup_scene1,70,old
1746,7.552285671234131,1.2013225432314312,obse,soup_scene1,70,old
1747,7.556305408477783,1.2013160932061195,obse,soup_scene1,70,old
1748,7.560532808303833,1.2012407226583233,obse,soup_scene1,70,old
1749,7.5646679401397705,1.2012982602050508,obse,soup_scene1,70,old
1750,7.568903207778931,1.201454844915541,obse,soup_scene1,70,old
1751,7.572897911071777,1.2013899522666893,obse,soup_scene1,70,old
1752,7.5772411823272705,1.2012765143914845,obse,soup_scene1,70,old
1753,7.58149790763855,1.2008876967078068,obse,soup_scene1,70,old
1754,7.585888385772705,1.200968346471664,obse,soup_scene1,70,old
1755,7.5900185108184814,1.2014459724634343,obse,soup_scene1,70,old
1756,7.5941150188446045,1.2014459724634343,obse,soup_scene1,70,old
1757,7.598305702209473,1.201462699763202,obse,soup_scene1,70,old
1758,7.602408170700073,1.201504204485401,obse,soup_scene1,70,old
1759,7.60640811920166,1.201504204485401,obse,soup_scene1,70,old
1760,7.610676527023315,1.2010551625984598,obse,soup_scene1,70,old
1761,7.614746809005737,1.2015328901015045,obse,soup_scene1,70,old
1762,7.618980884552002,1.201198673613431,obse,soup_scene1,70,old
1763,7.623229026794434,1.201130373441198,obse,soup_scene1,70,old
1764,7.62719988822937,1.201404263914218,obse,soup_scene1,70,old
1765,7.631345272064209,1.2010479067504827,obse,soup_scene1,70,old
1766,7.635414361953735,1.2011439513546736,obse,soup_scene1,70,old
1767,7.639451026916504,1.2011439513546736,obse,soup_scene1,70,old
1768,7.64384651184082,1.2014790653747989,obse,soup_scene1,70,old
1769,7.648028612136841,1.2014100507628327,obse,soup_scene1,70,old
1770,7.652233600616455,1.2015350318383289,obse,soup_scene1,70,old
1771,7.65641975402832,1.2015350318383289,obse,soup_scene1,70,old
1772,7.660675764083862,1.2016394263019148,obse,soup_scene1,70,old
1773,7.664670467376709,1.2016374319384022,obse,soup_scene1,70,old
1774,7.668955326080322,1.2016136398085326,obse,soup_scene1,70,old
1775,7.673058986663818,1.2008638317210045,obse,soup_scene1,70,old
1776,7.677191734313965,1.2008638317210045,obse,soup_scene1,70,old
1777,7.681250095367432,1.2009612132782854,obse,soup_scene1,70,old
1778,7.685471296310425,1.2010055441156318,obse,soup_scene1,70,old
1779,7.689723491668701,1.2010228955096323,obse,soup_scene1,70,old
1780,7.6939404010772705,1.2008618908514415,obse,soup_scene1,70,old
1781,7.698007345199585,1.2008618908514415,obse,soup_scene1,70,old
1782,7.702377796173096,1.2005269289877982,obse,soup_scene1,70,old
1783,7.706404685974121,1.2006116787925694,obse,soup_scene1,70,old
1784,7.710624694824219,1.2000999019122391,obse,soup_scene1,70,old
1785,7.7146477699279785,1.1996932656770305,obse,soup_scene1,70,old
1786,7.718851327896118,1.1996901146197836,obse,soup_scene1,70,old
1787,7.723020553588867,1.200072782739472,obse,soup_scene1,70,old
1788,7.72724175453186,1.1999911930795941,obse,soup_scene1,70,old
1789,7.731505393981934,1.1996469045095293,obse,soup_scene1,70,old
1790,7.735750913619995,1.1991069125355982,obse,soup_scene1,70,old
1791,7.7397847175598145,1.19946281613612,obse,soup_scene1,70,old
1792,7.744060516357422,1.1996274991950533,obse,soup_scene1,70,old
1793,7.748262882232666,1.1996663501157723,obse,soup_scene1,70,old
1794,7.75250506401062,1.1995426497991573,obse,soup_scene1,70,old
1795,7.756602764129639,1.2004221931896393,obse,soup_scene1,70,old
1796,7.760798692703247,1.2004221931896393,obse,soup_scene1,70,old
1797,7.764984846115112,1.200458362947713,obse,soup_scene1,70,old
1798,7.769261837005615,1.2002376435376427,obse,soup_scene1,70,old
1799,7.773288726806641,1.199745064570821,obse,soup_scene1,70,old
1800,7.777530908584595,1.2001210757359762,obse,soup_scene1,70,old
1801,7.7818872928619385,1.2003026775554764,obse,soup_scene1,70,old
1802,7.7860472202301025,1.2003026775554764,obse,soup_scene1,70,old
1803,7.790281534194946,1.2003171531954888,obse,soup_scene1,70,old
1804,7.794465780258179,1.2003171531954888,obse,soup_scene1,70,old
1805,7.79866099357605,1.2026465062804816,obse,soup_scene1,70,old
1806,7.802802801132202,1.2026465062804816,obse,soup_scene1,70,old
1807,7.806833505630493,1.2026465062804816,obse,soup_scene1,70,old
1808,7.811168193817139,1.202714558534039,obse,soup_scene1,70,old
1809,7.8152525424957275,1.2022915472916418,obse,soup_scene1,70,old
1810,7.819511413574219,1.2022915472916418,obse,soup_scene1,70,old
1811,7.8239922523498535,1.2026474931681963,obse,soup_scene1,70,old
1812,7.828150033950806,1.2026474931681963,obse,soup_scene1,70,old
1813,7.832470417022705,1.20331588605493,obse,soup_scene1,70,old
1814,7.836627960205078,1.20331588605493,obse,soup_scene1,70,old
1815,7.840810060501099,1.2043589857165033,obse,soup_scene1,70,old
1816,7.844947338104248,1.2043589857165033,obse,soup_scene1,70,old
1817,7.849245309829712,1.2058146440963964,obse,soup_scene1,70,old
1818,7.853504657745361,1.2058146440963964,obse,soup_scene1,70,old
1819,7.857743501663208,1.2066105143258001,obse,soup_scene1,70,old
1820,7.861882448196411,1.2066105143258001,obse,soup_scene1,70,old
1821,7.866035461425781,1.2061881732236202,obse,soup_scene1,70,old
1822,7.870208978652954,1.2061881732236202,obse,soup_scene1,70,old
1823,7.874400615692139,1.2059215209361127,obse,soup_scene1,70,old
1824,7.87846827507019,1.2059215209361127,obse,soup_scene1,70,old
1825,7.882629632949829,1.2054253125617957,obse,soup_scene1,70,old
1826,7.886896133422852,1.2054253125617957,obse,soup_scene1,70,old
1827,7.891058444976807,1.2060590135078033,obse,soup_scene1,70,old
1828,7.895104169845581,1.2060590135078033,obse,soup_scene1,70,old
1829,7.899386882781982,1.2058767841402724,obse,soup_scene1,70,old
1830,7.903745412826538,1.2058767841402724,obse,soup_scene1,70,old
1831,7.908144950866699,1.2080476190480365,obse,soup_scene1,70,old
1832,7.91228461265564,1.2080476190480365,obse,soup_scene1,70,old
1833,7.916431188583374,1.2079984588986223,obse,soup_scene1,70,old
1834,7.920680522918701,1.2079984588986223,obse,soup_scene1,70,old
1835,7.925190448760986,1.208866147856037,obse,soup_scene1,70,old
1836,7.929346084594727,1.208866147856037,obse,soup_scene1,70,old
1837,7.933560132980347,1.2092069186453451,obse,soup_scene1,70,old
1838,7.9377758502960205,1.2092069186453451,obse,soup_scene1,70,old
1839,7.942212104797363,1.2091544531544525,obse,soup_scene1,70,old
1840,7.946188688278198,1.2091544531544525,obse,soup_scene1,70,old
1841,7.950932741165161,1.2089033406697403,obse,soup_scene1,70,old
1842,7.955229997634888,1.2089033406697403,obse,soup_scene1,70,old
1843,7.9595160484313965,1.2088220379424803,obse,soup_scene1,70,old
1844,7.9637603759765625,1.20874735663311,obse,soup_scene1,70,old
1845,7.968061685562134,1.2099116547107844,obse,soup_scene1,70,old
1846,7.972466230392456,1.2095265718626138,obse,soup_scene1,70,old
1847,7.976866006851196,1.2105644251147574,obse,soup_scene1,70,old
1848,7.981139421463013,1.2109573175765282,obse,soup_scene1,70,old
1849,7.985657215118408,1.2115623197219703,obse,soup_scene1,70,old
1850,7.989955902099609,1.2110583979382608,obse,soup_scene1,70,old
1851,7.994257211685181,1.2110583979382608,obse,soup_scene1,70,old
1852,7.998446226119995,1.2110583979382608,obse,soup_scene1,70,old
1853,8.002907276153564,1.2125941716039284,obse,soup_scene1,70,old
1854,8.00700306892395,1.2125941716039284,obse,soup_scene1,70,old
1855,8.011406183242798,1.2135070230740492,obse,soup_scene1,70,old
1856,8.015666961669922,1.2135070230740492,obse,soup_scene1,70,old
1857,8.020028352737427,1.2135070230740492,obse,soup_scene1,70,old
1858,8.024729490280151,1.2120308430227817,obse,soup_scene1,70,old
1859,8.02888035774231,1.2120308430227817,obse,soup_scene1,70,old
1860,8.033068418502808,1.2114438152083118,obse,soup_scene1,70,old
1861,8.037033557891846,1.2114438152083118,obse,soup_scene1,70,old
1862,8.041138648986816,1.2114438152083118,obse,soup_scene1,70,old
1863,8.04523515701294,1.2129136655047936,obse,soup_scene1,70,old
1864,8.049557447433472,1.2129136655047936,obse,soup_scene1,70,old
1865,8.053915977478027,1.2128678802948665,obse,soup_scene1,70,old
1866,8.058128356933594,1.2132929169084266,obse,soup_scene1,70,old
1867,8.062321424484253,1.2132929169084266,obse,soup_scene1,70,old
1868,8.066744804382324,1.2139141404076648,obse,soup_scene1,70,old
1869,8.07081389427185,1.2139141404076648,obse,soup_scene1,70,old
1870,8.075185775756836,1.2139380337606358,obse,soup_scene1,70,old
1871,8.079369068145752,1.2139380337606358,obse,soup_scene1,70,old
1872,8.083324670791626,1.2139380337606358,obse,soup_scene1,70,old
1873,8.087634801864624,1.215834067396883,obse,soup_scene1,70,old
1874,8.091728210449219,1.215834067396883,obse,soup_scene1,70,old
1875,8.095781087875366,1.215834067396883,obse,soup_scene1,70,old
1876,8.100100994110107,1.214530449718032,obse,soup_scene1,70,old
1877,8.10411286354065,1.214530449718032,obse,soup_scene1,70,old
1878,8.10849118232727,1.2149321241634616,obse,soup_scene1,70,old
1879,8.112877607345581,1.215089030383477,obse,soup_scene1,70,old
1880,8.117013454437256,1.215089030383477,obse,soup_scene1,70,old
1881,8.121388673782349,1.2157829389183181,obse,soup_scene1,70,old
1882,8.125585794448853,1.2157829389183181,obse,soup_scene1,70,old
1883,8.129664659500122,1.2157829389183181,obse,soup_scene1,70,old
1884,8.133951663970947,1.2157604115426583,obse,soup_scene1,70,old
1885,8.13829755783081,1.2161154639236347,obse,soup_scene1,70,old
1886,8.142891883850098,1.2156876616490337,obse,soup_scene1,70,old
1887,8.1471586227417,1.215299788083437,obse,soup_scene1,70,old
1888,8.151556491851807,1.2149790728334462,obse,soup_scene1,70,old
1889,8.155993223190308,1.2156774021287076,obse,soup_scene1,70,old
1890,8.160463333129883,1.2172233330549393,obse,soup_scene1,70,old
1891,8.164956331253052,1.2180344280811888,obse,soup_scene1,70,old
1892,8.169427633285522,1.2178509825223602,obse,soup_scene1,70,old
1893,8.173882246017456,1.2158351153125508,obse,soup_scene1,70,old
1894,8.178331851959229,1.2186077663166397,obse,soup_scene1,70,old
1895,8.18266773223877,1.219365163924167,obse,soup_scene1,70,old
1896,8.187133312225342,1.219365163924167,obse,soup_scene1,70,old
1897,8.191834688186646,1.221517104185722,obse,soup_scene1,70,old
1898,8.195960998535156,1.221517104185722,obse,soup_scene1,70,old
1899,8.200329303741455,1.2208284322975536,obse,soup_scene1,70,old
1900,8.204414129257202,1.2208284322975536,obse,soup_scene1,70,old
1901,8.208676099777222,1.220331357515193,obse,soup_scene1,70,old
1902,8.212770223617554,1.220331357515193,obse,soup_scene1,70,old
1903,8.217013120651245,1.221005548148465,obse,soup_scene1,70,old
1904,8.221376657485962,1.221005548148465,obse,soup_scene1,70,old
1905,8.225762605667114,1.2214490278597487,obse,soup_scene1,70,old
1906,8.22999119758606,1.2214490278597487,obse,soup_scene1,70,old
1907,8.234396934509277,1.2229816324485678,obse,soup_scene1,70,old
1908,8.238709211349487,1.225522860341006,obse,soup_scene1,70,old
1909,8.243155002593994,1.2260547264023474,obse,soup_scene1,70,old
1910,8.247254371643066,1.2260547264023474,obse,soup_scene1,70,old
1911,8.251784324645996,1.224986719710365,obse,soup_scene1,70,old
1912,8.256168365478516,1.2251287269170752,obse,soup_scene1,70,old
1913,8.260491847991943,1.22575374315557,obse,soup_scene1,70,old
1914,8.264602899551392,1.2260956714172777,obse,soup_scene1,70,old
1915,8.268847703933716,1.2273521021337672,obse,soup_scene1,70,old
1916,8.273046493530273,1.227218511965773,obse,soup_scene1,70,old
1917,8.277450323104858,1.2291628036737503,obse,soup_scene1,70,old
1918,8.281686782836914,1.2293394554351875,obse,soup_scene1,70,old
1919,8.286073684692383,1.2284684851428804,obse,soup_scene1,70,old
1920,8.290274143218994,1.2284337935248153,obse,soup_scene1,70,old
1921,8.294677734375,1.2266967473153503,obse,soup_scene1,70,old
1922,8.298958778381348,1.2270748079637706,obse,soup_scene1,70,old
1923,8.303182125091553,1.2270748079637706,obse,soup_scene1,70,old
1924,8.307406425476074,1.2287340365720172,obse,soup_scene1,70,old
1925,8.31170916557312,1.2287340365720172,obse,soup_scene1,70,old
1926,8.315648317337036,1.2287340365720172,obse,soup_scene1,70,old
1927,8.320088863372803,1.2299372656283032,obse,soup_scene1,70,old
1928,8.324493646621704,1.2304007486976223,obse,soup_scene1,70,old
1929,8.328746557235718,1.2304007486976223,obse,soup_scene1,70,old
1930,8.333070993423462,1.2293108155901702,obse,soup_scene1,70,old
1931,8.337124109268188,1.2293108155901702,obse,soup_scene1,70,old
1932,8.341516017913818,1.2293833168744739,obse,soup_scene1,70,old
1933,8.345718145370483,1.2293833168744739,obse,soup_scene1,70,old
1934,8.350186824798584,1.2298703430151008,obse,soup_scene1,70,old
1935,8.354749917984009,1.2298703430151008,obse,soup_scene1,70,old
1936,8.359176874160767,1.2316867762612052,obse,soup_scene1,70,old
1937,8.363355159759521,1.2316867762612052,obse,soup_scene1,70,old
1938,8.368048667907715,1.2328368975374615,obse,soup_scene1,70,old
1939,8.372160196304321,1.2328368975374615,obse,soup_scene1,70,old
1940,8.376544713973999,1.2321237268225318,obse,soup_scene1,70,old
1941,8.380866289138794,1.2321237268225318,obse,soup_scene1,70,old
1942,8.385218858718872,1.2314644136351953,obse,soup_scene1,70,old
1943,8.389533758163452,1.2314049783469891,obse,soup_scene1,70,old
1944,8.393793821334839,1.231356145040389,obse,soup_scene1,70,old
1945,8.397935628890991,1.231356145040389,obse,soup_scene1,70,old
1946,8.402490854263306,1.2309707372177097,obse,soup_scene1,70,old
1947,8.406384706497192,1.2309707372177097,obse,soup_scene1,70,old
1948,8.410626411437988,1.2312967726554516,obse,soup_scene1,70,old
1949,8.414938688278198,1.2312967726554516,obse,soup_scene1,70,old
1950,8.41927433013916,1.2314240087453554,obse,soup_scene1,70,old
1951,8.423586368560791,1.2322572047478981,obse,soup_scene1,70,old
1952,8.427727460861206,1.2322572047478981,obse,soup_scene1,70,old
1953,8.431934833526611,1.2319048686167324,obse,soup_scene1,70,old
1954,8.436078786849976,1.2311751274844351,obse,soup_scene1,70,old
1955,8.440090656280518,1.2311751274844351,obse,soup_scene1,70,old
1956,8.444347143173218,1.2320818614353444,obse,soup_scene1,70,old
1957,8.448618173599243,1.2320818614353444,obse,soup_scene1,70,old
1958,8.453004837036133,1.2320818614353444,obse,soup_scene1,70,old
1959,8.457337141036987,1.2327021564700837,obse,soup_scene1,70,old
1960,8.461498022079468,1.2327021564700837,obse,soup_scene1,70,old
1961,8.46558928489685,1.2327021564700837,obse,soup_scene1,70,old
1962,8.469711542129517,1.2345007791962928,obse,soup_scene1,70,old
1963,8.473893880844116,1.2345007791962928,obse,soup_scene1,70,old
1964,8.47819209098816,1.2348346677364006,obse,soup_scene1,70,old
1965,8.482377052307129,1.2359706134822281,obse,soup_scene1,70,old
1966,8.486798763275146,1.2359706134822281,obse,soup_scene1,70,old
1967,8.491246223449707,1.2359497507690274,obse,soup_scene1,70,old
1968,8.495597839355469,1.2352003735257144,obse,soup_scene1,70,old
1969,8.49982762336731,1.2352003735257144,obse,soup_scene1,70,old
1970,8.504108667373657,1.2348925696335524,obse,soup_scene1,70,old
1971,8.508849859237671,1.234226068347272,obse,soup_scene1,70,old
1972,8.513055324554443,1.2330035452418648,obse,soup_scene1,70,old
1973,8.517360925674438,1.2330035452418648,obse,soup_scene1,70,old
1974,8.521575689315796,1.2330035452418648,obse,soup_scene1,70,old
1975,8.525739192962646,1.233334414579799,obse,soup_scene1,70,old
1976,8.529984474182129,1.2335725586131576,obse,soup_scene1,70,old
1977,8.53486442565918,1.2335725586131576,obse,soup_scene1,70,old
1978,8.539257526397705,1.23512118867426,obse,soup_scene1,70,old
1979,8.543925285339355,1.23708435235443,obse,soup_scene1,70,old
1980,8.548455953598022,1.2374093242120778,obse,soup_scene1,70,old
1981,8.553003787994385,1.2372756457402112,obse,soup_scene1,70,old
1982,8.557586908340454,1.2371491590366146,obse,soup_scene1,70,old
1983,8.56240963935852,1.2350972063654682,obse,soup_scene1,70,old
1984,8.566924571990967,1.23429667431408,obse,soup_scene1,70,old
1985,8.571462154388428,1.2347135407599974,obse,soup_scene1,70,old
1986,8.576171398162842,1.2373805974071754,obse,soup_scene1,70,old
1987,8.58069396018982,1.2371392618999648,obse,soup_scene1,70,old
1988,8.585411787033081,1.2369458237884492,obse,soup_scene1,70,old
1989,8.589783668518066,1.2379944324630676,obse,soup_scene1,70,old
1990,8.594333171844482,1.2386887007236254,obse,soup_scene1,70,old
1991,8.598592281341553,1.239027122311944,obse,soup_scene1,70,old
1992,8.603065490722656,1.239027122311944,obse,soup_scene1,70,old
1993,8.60748839378357,1.2379355189151018,obse,soup_scene1,70,old
1994,8.611863374710083,1.2379355189151018,obse,soup_scene1,70,old
1995,8.616327047348022,1.237758216965115,obse,soup_scene1,70,old
1996,8.620857000350952,1.237758216965115,obse,soup_scene1,70,old
1997,8.625584840774536,1.2384656411164738,obse,soup_scene1,70,old
1998,8.629810094833374,1.2384656411164738,obse,soup_scene1,70,old
1999,8.634428262710571,1.238325883356491,obse,soup_scene1,70,old
2000,8.638554573059082,1.238325883356491,obse,soup_scene1,70,old
2001,8.643029928207397,1.2397265912175315,obse,soup_scene1,70,old
2002,8.647188425064087,1.2397265912175315,obse,soup_scene1,70,old
2003,8.65168046951294,1.2399038067832095,obse,soup_scene1,70,old
2004,8.656078577041626,1.2402401225243906,obse,soup_scene1,70,old
2005,8.66051459312439,1.2392306023177213,obse,soup_scene1,70,old
2006,8.665288209915161,1.2392674281809812,obse,soup_scene1,70,old
2007,8.66963243484497,1.2380925485305185,obse,soup_scene1,70,old
2008,8.673969268798828,1.2384336294258387,obse,soup_scene1,70,old
2009,8.67817735671997,1.2384336294258387,obse,soup_scene1,70,old
2010,8.682590007781982,1.2394579024463923,obse,soup_scene1,70,old
2011,8.687046527862549,1.2394579024463923,obse,soup_scene1,70,old
2012,8.6915283203125,1.2397009765418403,obse,soup_scene1,70,old
2013,8.695980072021484,1.2397009765418403,obse,soup_scene1,70,old
2014,8.700428485870361,1.2392641039113519,obse,soup_scene1,70,old
2015,8.70452880859375,1.2392641039113519,obse,soup_scene1,70,old
2016,8.708906173706055,1.2374025923632912,obse,soup_scene1,70,old
2017,8.71298336982727,1.2374025923632912,obse,soup_scene1,70,old
2018,8.717423677444458,1.2378963882208518,obse,soup_scene1,70,old
2019,8.72210144996643,1.2385389107918885,obse,soup_scene1,70,old
2020,8.72691822052002,1.238117108378835,obse,soup_scene1,70,old
2021,8.731302976608276,1.2385830120213013,obse,soup_scene1,70,old
2022,8.736006498336792,1.2406977427496084,obse,soup_scene1,70,old
2023,8.74039363861084,1.2403125724904707,obse,soup_scene1,70,old
2024,8.744992733001709,1.24087284605772,obse,soup_scene1,70,old
2025,8.749467134475708,1.2416342609368112,obse,soup_scene1,70,old
2026,8.753949165344238,1.2416342609368112,obse,soup_scene1,70,old
2027,8.758413553237915,1.2420039318001443,obse,soup_scene1,70,old
2028,8.762753009796143,1.2420039318001443,obse,soup_scene1,70,old
2029,8.767248630523682,1.24216493534286,obse,soup_scene1,70,old
2030,8.772101163864136,1.24216493534286,obse,soup_scene1,70,old
2031,8.776612043380737,1.2410001872060712,obse,soup_scene1,70,old
2032,8.780826568603516,1.240654960047243,obse,soup_scene1,70,old
2033,8.785250902175903,1.238753357702553,obse,soup_scene1,70,old
2034,8.789581537246704,1.2386979845772677,obse,soup_scene1,70,old
2035,8.794075727462769,1.2380495445963262,obse,soup_scene1,70,old
2036,8.798485040664673,1.2394476121430498,obse,soup_scene1,70,old
2037,8.802733898162842,1.2394476121430498,obse,soup_scene1,70,old
2038,8.8070068359375,1.2402337734317668,obse,soup_scene1,70,old
2039,8.811381578445435,1.2402337734317668,obse,soup_scene1,70,old
2040,8.815804243087769,1.2404368275252358,obse,soup_scene1,70,old
2041,8.820135354995728,1.2404368275252358,obse,soup_scene1,70,old
2042,8.825142860412598,1.24085921567635,obse,soup_scene1,70,old
2043,8.829065084457397,1.24085921567635,obse,soup_scene1,70,old
2044,8.833201169967651,1.2404750923863737,obse,soup_scene1,70,old
2045,8.837169170379639,1.2404750923863737,obse,soup_scene1,70,old
2046,8.841445922851562,1.240934781427245,obse,soup_scene1,70,old
2047,8.845497608184814,1.240934781427245,obse,soup_scene1,70,old
2048,8.850099802017212,1.2421187892372065,obse,soup_scene1,70,old
2049,8.85439157485962,1.2421187892372065,obse,soup_scene1,70,old
2050,8.85893201828003,1.2420976499658052,obse,soup_scene1,70,old
2051,8.86314582824707,1.2420976499658052,obse,soup_scene1,70,old
2052,8.86763858795166,1.240623899252625,obse,soup_scene1,70,old
2053,8.871722221374512,1.240623899252625,obse,soup_scene1,70,old
2054,8.876209497451782,1.240979891919997,obse,soup_scene1,70,old
2055,8.880254745483398,1.240979891919997,obse,soup_scene1,70,old
2056,8.884609937667847,1.2411551567178758,obse,soup_scene1,70,old
2057,8.888777732849121,1.2411551567178758,obse,soup_scene1,70,old
2058,8.893198728561401,1.2421315789733895,obse,soup_scene1,70,old
2059,8.897416114807129,1.2415863730365606,obse,soup_scene1,70,old
2060,8.901689291000366,1.2417647692301883,obse,soup_scene1,70,old
2061,8.905914545059204,1.2422518164393146,obse,soup_scene1,70,old
2062,8.910311698913574,1.242843172607321,obse,soup_scene1,70,old
2063,8.914586305618286,1.2426015971230098,obse,soup_scene1,70,old
2064,8.919033288955688,1.2425700768165469,obse,soup_scene1,70,old
2065,8.923242568969727,1.2424041199890907,obse,soup_scene1,70,old
2066,8.927709579467773,1.2421554797687089,obse,soup_scene1,70,old
2067,8.9321768283844,1.242496589746098,obse,soup_scene1,70,old
2068,8.93650221824646,1.2432769393683676,obse,soup_scene1,70,old
2069,8.940832376480103,1.2422770480183933,obse,soup_scene1,70,old
2070,8.945051908493042,1.2422770480183933,obse,soup_scene1,70,old
2071,8.949466228485107,1.2421798530220667,obse,soup_scene1,70,old
2072,8.95381784439087,1.2421798530220667,obse,soup_scene1,70,old
2073,8.958265781402588,1.2428512854901745,obse,soup_scene1,70,old
2074,8.962465763092041,1.2428512854901745,obse,soup_scene1,70,old
2075,8.966988801956177,1.2425671081513958,obse,soup_scene1,70,old
2076,8.971086263656616,1.2425671081513958,obse,soup_scene1,70,old
2077,8.975629329681396,1.2438248325028993,obse,soup_scene1,70,old
2078,8.980156183242798,1.2438248325028993,obse,soup_scene1,70,old
2079,8.985081434249878,1.2441441222394403,obse,soup_scene1,70,old
2080,8.988999605178833,1.2441441222394403,obse,soup_scene1,70,old
2081,8.99351167678833,1.2453708163637058,obse,soup_scene1,70,old
2082,8.997833490371704,1.245073411241069,obse,soup_scene1,70,old
2083,9.002195119857788,1.245759109938592,obse,soup_scene1,70,old
2084,9.006484508514404,1.2457219290945152,obse,soup_scene1,70,old
2085,9.010812997817993,1.245874024895565,obse,soup_scene1,70,old
2086,9.015116691589355,1.2456526143621833,obse,soup_scene1,70,old
2087,9.019767761230469,1.2459490220023075,obse,soup_scene1,70,old
2088,9.024127960205078,1.245741365590643,obse,soup_scene1,70,old
2089,9.02811050415039,1.245741365590643,obse,soup_scene1,70,old
2090,9.03218412399292,1.246968373838027,obse,soup_scene1,70,old
2091,9.036187648773193,1.246968373838027,obse,soup_scene1,70,old
2092,9.040339469909668,1.246937734623035,obse,soup_scene1,70,old
2093,9.04440450668335,1.2460238631023282,obse,soup_scene1,70,old
2094,9.048813819885254,1.246827814465491,obse,soup_scene1,70,old
2095,9.053020238876343,1.246827814465491,obse,soup_scene1,70,old
2096,9.05749225616455,1.2467507459463985,obse,soup_scene1,70,old
2097,9.061639785766602,1.2467507459463985,obse,soup_scene1,70,old
2098,9.066509246826172,1.2486274988287394,obse,soup_scene1,70,old
2099,9.072061538696289,1.2486274988287394,obse,soup_scene1,70,old
2100,9.077810287475586,1.2474486672888605,obse,soup_scene1,70,old
2101,9.083361148834229,1.2469279294963425,obse,soup_scene1,70,old
2102,9.089030265808105,1.2469279294963425,obse,soup_scene1,70,old
2103,9.09473967552185,1.245729717580366,obse,soup_scene1,70,old
2104,9.099762916564941,1.245378512435372,obse,soup_scene1,70,old
2105,9.10395359992981,1.245378512435372,obse,soup_scene1,70,old
2106,9.108425617218018,1.2456402194378726,obse,soup_scene1,70,old
2107,9.11250615119934,1.2456402194378726,obse,soup_scene1,70,old
2108,9.116869449615479,1.2453958067280562,obse,soup_scene1,70,old
2109,9.12113881111145,1.2453958067280562,obse,soup_scene1,70,old
2110,9.125722408294678,1.2461156816239707,obse,soup_scene1,70,old
2111,9.129995346069336,1.2461156816239707,obse,soup_scene1,70,old
2112,9.134380340576172,1.2477160465687087,obse,soup_scene1,70,old
2113,9.138643741607666,1.2477160465687087,obse,soup_scene1,70,old
2114,9.1430025100708,1.248440356531905,obse,soup_scene1,70,old
2115,9.147727727890015,1.248440356531905,obse,soup_scene1,70,old
2116,9.15233325958252,1.2485313733741368,obse,soup_scene1,70,old
2117,9.156570672988892,1.248934877652636,obse,soup_scene1,70,old
2118,9.16103982925415,1.2483912932611774,obse,soup_scene1,70,old
2119,9.165343523025513,1.2480367743107685,obse,soup_scene1,70,old
2120,9.169673681259155,1.2480367743107685,obse,soup_scene1,70,old
2121,9.174025058746338,1.2482867629272074,obse,soup_scene1,70,old
2122,9.178664445877075,1.2482867629272074,obse,soup_scene1,70,old
2123,9.183033227920532,1.24719854823806,obse,soup_scene1,70,old
2124,9.187215566635132,1.24719854823806,obse,soup_scene1,70,old
2125,9.191807270050049,1.24645550491416,obse,soup_scene1,70,old
2126,9.195985794067383,1.24645550491416,obse,soup_scene1,70,old
2127,9.200353622436523,1.2458599129681875,obse,soup_scene1,70,old
2128,9.204765796661377,1.2458599129681875,obse,soup_scene1,70,old
2129,9.208858966827393,1.2453258943120935,obse,soup_scene1,70,old
2130,9.212987661361694,1.2458119452472871,obse,soup_scene1,70,old
2131,9.217209577560425,1.2458119452472871,obse,soup_scene1,70,old
2132,9.22163462638855,1.2458119452472871,obse,soup_scene1,70,old
2133,9.225942850112915,1.245022595569274,obse,soup_scene1,70,old
2134,9.230350732803345,1.245022595569274,obse,soup_scene1,70,old
2135,9.234622716903687,1.245475260286802,obse,soup_scene1,70,old
2136,9.2389075756073,1.246338974562276,obse,soup_scene1,70,old
2137,9.24317479133606,1.246338974562276,obse,soup_scene1,70,old
2138,9.24742579460144,1.2469235624558808,obse,soup_scene1,70,old
2139,9.2516508102417,1.2469235624558808,obse,soup_scene1,70,old
2140,9.255989789962769,1.2469235624558808,obse,soup_scene1,70,old
2141,9.260207891464233,1.2482320067074912,obse,soup_scene1,70,old
2142,9.264547348022461,1.2482320067074912,obse,soup_scene1,70,old
2143,9.268988609313965,1.2481348462313067,obse,soup_scene1,70,old
2144,9.273193836212158,1.2481348462313067,obse,soup_scene1,70,old
2145,9.277413845062256,1.2451839610514617,obse,soup_scene1,70,old
2146,9.281569957733154,1.2451839610514617,obse,soup_scene1,70,old
2147,9.285862684249878,1.2451839610514617,obse,soup_scene1,70,old
2148,9.290263891220093,1.243789168575233,obse,soup_scene1,70,old
2149,9.294610977172852,1.243789168575233,obse,soup_scene1,70,old
2150,9.298876285552979,1.2449664891160914,obse,soup_scene1,70,old
2151,9.303356647491455,1.2449664891160914,obse,soup_scene1,70,old
2152,9.307914018630981,1.2449757199765923,obse,soup_scene1,70,old
2153,9.31210970878601,1.246097186784282,obse,soup_scene1,70,old
2154,9.316222429275513,1.246097186784282,obse,soup_scene1,70,old
2155,9.320614337921143,1.2468788951960317,obse,soup_scene1,70,old
2156,9.32480764389038,1.2468788951960317,obse,soup_scene1,70,old
2157,9.329254627227783,1.2470985145449804,obse,soup_scene1,70,old
2158,9.33386516571045,1.2470985145449804,obse,soup_scene1,70,old
2159,9.337880611419678,1.2473075472865456,obse,soup_scene1,70,old
2160,9.342116117477417,1.247463388825454,obse,soup_scene1,70,old
2161,9.346340894699097,1.247427291888044,obse,soup_scene1,70,old
2162,9.351090431213379,1.247108583087534,obse,soup_scene1,70,old
2163,9.355644702911377,1.2473602783654891,obse,soup_scene1,70,old
2164,9.360119581222534,1.2471578530025533,obse,soup_scene1,70,old
2165,9.364765644073486,1.2445674879153434,obse,soup_scene1,70,old
2166,9.369256019592285,1.2448583676076708,obse,soup_scene1,70,old
2167,9.373709678649902,1.2445521421623849,obse,soup_scene1,70,old
2168,9.378286123275757,1.247023714906361,obse,soup_scene1,70,old
2169,9.382725715637207,1.246902855512104,obse,soup_scene1,70,old
2170,9.387287139892578,1.2454772984380431,obse,soup_scene1,70,old
2171,9.391556024551392,1.245325369210436,obse,soup_scene1,70,old
2172,9.39573884010315,1.245325369210436,obse,soup_scene1,70,old
2173,9.400205373764038,1.2455046107392698,obse,soup_scene1,70,old
2174,9.404446601867676,1.2455046107392698,obse,soup_scene1,70,old
2175,9.40881085395813,1.2472053985766627,obse,soup_scene1,70,old
2176,9.412862777709961,1.2472053985766627,obse,soup_scene1,70,old
2177,9.417349576950073,1.2478436671231985,obse,soup_scene1,70,old
2178,9.421862602233887,1.2478436671231985,obse,soup_scene1,70,old
2179,9.425975561141968,1.2480677080446252,obse,soup_scene1,70,old
2180,9.43006181716919,1.2480677080446252,obse,soup_scene1,70,old
2181,9.434357166290283,1.2477797205461882,obse,soup_scene1,70,old
2182,9.438434600830078,1.2477797205461882,obse,soup_scene1,70,old
2183,9.442889213562012,1.246499230991859,obse,soup_scene1,70,old
2184,9.447209596633911,1.246499230991859,obse,soup_scene1,70,old
2185,9.451573848724365,1.2463926454009202,obse,soup_scene1,70,old
2186,9.45576810836792,1.2463926454009202,obse,soup_scene1,70,old
2187,9.460201501846313,1.2462528408564126,obse,soup_scene1,70,old
2188,9.46484661102295,1.245812045848315,obse,soup_scene1,70,old
2189,9.469724893569946,1.2449616115968443,obse,soup_scene1,70,old
2190,9.474100351333618,1.2451670002529889,obse,soup_scene1,70,old
2191,9.4782075881958,1.2451670002529889,obse,soup_scene1,70,old
2192,9.482451677322388,1.2471611206365734,obse,soup_scene1,70,old
2193,9.486914157867432,1.2471611206365734,obse,soup_scene1,70,old
2194,9.491331338882446,1.247924289147106,obse,soup_scene1,70,old
2195,9.495605945587158,1.247924289147106,obse,soup_scene1,70,old
2196,9.500167608261108,1.245044179688247,obse,soup_scene1,70,old
2197,9.504366159439087,1.245044179688247,obse,soup_scene1,70,old
2198,9.5088369846344,1.2448916345452745,obse,soup_scene1,70,old
2199,9.512836217880249,1.2448916345452745,obse,soup_scene1,70,old
2200,9.517254829406738,1.2444134556321351,obse,soup_scene1,70,old
2201,9.521376132965088,1.2444134556321351,obse,soup_scene1,70,old
2202,9.525700807571411,1.2445798172521523,obse,soup_scene1,70,old
2203,9.529971599578857,1.2445798172521523,obse,soup_scene1,70,old
2204,9.534834146499634,1.2448870015283742,obse,soup_scene1,70,old
2205,9.540193796157837,1.2462789952731104,obse,soup_scene1,70,old
2206,9.54454493522644,1.2462789952731104,obse,soup_scene1,70,old
2207,9.54885482788086,1.2474888171582939,obse,soup_scene1,70,old
2208,9.553101778030396,1.2474888171582939,obse,soup_scene1,70,old
2209,9.55756425857544,1.246035949117633,obse,soup_scene1,70,old
2210,9.561927795410156,1.246035949117633,obse,soup_scene1,70,old
2211,9.56646728515625,1.2462629377973027,obse,soup_scene1,70,old
2212,9.570915699005127,1.2462629377973027,obse,soup_scene1,70,old
2213,9.575413942337036,1.243965386089074,obse,soup_scene1,70,old
2214,9.57967233657837,1.243965386089074,obse,soup_scene1,70,old
2215,9.583919286727905,1.2442062689101294,obse,soup_scene1,70,old
2216,9.58814787864685,1.2442062689101294,obse,soup_scene1,70,old
2217,9.592604160308838,1.2448467135476895,obse,soup_scene1,70,old
2218,9.596813440322876,1.2448467135476895,obse,soup_scene1,70,old
2219,9.601120710372925,1.2460490145384937,obse,soup_scene1,70,old
2220,9.605279922485352,1.2460490145384937,obse,soup_scene1,70,old
2221,9.609441757202148,1.2460490145384937,obse,soup_scene1,70,old
2222,9.613523483276367,1.2462060590131832,obse,soup_scene1,70,old
2223,9.617894649505615,1.244734401204277,obse,soup_scene1,70,old
2224,9.62225604057312,1.2442362082152432,obse,soup_scene1,70,old
2225,9.62675404548645,1.2430729694859344,obse,soup_scene1,70,old
2226,9.631449937820435,1.2430729694859344,obse,soup_scene1,70,old
2227,9.635762691497803,1.2436892952403358,obse,soup_scene1,70,old
2228,9.639933824539185,1.243461606812224,obse,soup_scene1,70,old
2229,9.644243001937866,1.2440191916227332,obse,soup_scene1,70,old
2230,9.64845085144043,1.244361567962817,obse,soup_scene1,70,old
2231,9.652896165847778,1.2441913552788353,obse,soup_scene1,70,old
2232,9.657189846038818,1.2441913552788353,obse,soup_scene1,70,old
2233,9.661527872085571,1.2427114118000382,obse,soup_scene1,70,old
2234,9.665810108184814,1.2427114118000382,obse,soup_scene1,70,old
2235,9.670126914978027,1.2429373670498027,obse,soup_scene1,70,old
2236,9.674592018127441,1.2426979231750293,obse,soup_scene1,70,old
2237,9.678831577301025,1.2418242847361614,obse,soup_scene1,70,old
2238,9.683096885681152,1.2418242847361614,obse,soup_scene1,70,old
2239,9.68738579750061,1.2418242847361614,obse,soup_scene1,70,old
2240,9.69176173210144,1.2423523497424176,obse,soup_scene1,70,old
2241,9.696046113967896,1.2423523497424176,obse,soup_scene1,70,old
2242,9.700277328491211,1.2424879508063555,obse,soup_scene1,70,old
2243,9.7042977809906,1.2424879508063555,obse,soup_scene1,70,old
2244,9.708674430847168,1.2420924481305606,obse,soup_scene1,70,old
2245,9.712893962860107,1.2440968242833899,obse,soup_scene1,70,old
2246,9.717265844345093,1.2440968242833899,obse,soup_scene1,70,old
2247,9.721680879592896,1.2438390852173324,obse,soup_scene1,70,old
2248,9.725932836532593,1.2438390852173324,obse,soup_scene1,70,old
2249,9.730290174484253,1.2437774046988064,obse,soup_scene1,70,old
2250,9.734604358673096,1.2453366699872606,obse,soup_scene1,70,old
2251,9.738707780838013,1.2453366699872606,obse,soup_scene1,70,old
2252,9.742862462997437,1.2453366699872606,obse,soup_scene1,70,old
2253,9.747499227523804,1.2449406798973939,obse,soup_scene1,70,old
2254,9.752072811126709,1.2429249444742927,obse,soup_scene1,70,old
2255,9.75652027130127,1.241310290250433,obse,soup_scene1,70,old
2256,9.760971069335938,1.241310290250433,obse,soup_scene1,70,old
2257,9.76548433303833,1.2408059385839243,obse,soup_scene1,70,old
2258,9.769865989685059,1.2406167673018906,obse,soup_scene1,70,old
2259,9.774800300598145,1.2426270011678715,obse,soup_scene1,70,old
2260,9.77938723564148,1.2426270011678715,obse,soup_scene1,70,old
2261,9.784348487854004,1.2420545555799911,obse,soup_scene1,70,old
2262,9.788917541503906,1.2414802495842476,obse,soup_scene1,70,old
2263,9.793201684951782,1.2424575877134612,obse,soup_scene1,70,old
2264,9.797354698181152,1.2424575877134612,obse,soup_scene1,70,old
2265,9.801740169525146,1.2422622272920023,obse,soup_scene1,70,old
2266,9.805730819702148,1.2422622272920023,obse,soup_scene1,70,old
2267,9.81013560295105,1.241885654218697,obse,soup_scene1,70,old
2268,9.814161777496338,1.241885654218697,obse,soup_scene1,70,old
2269,9.818702936172485,1.2423715984508779,obse,soup_scene1,70,old
2270,9.823694944381714,1.243041164069404,obse,soup_scene1,70,old
2271,9.82832932472229,1.243041164069404,obse,soup_scene1,70,old
2272,9.832687616348267,1.24286118380665,obse,soup_scene1,70,old
2273,9.837159395217896,1.24286118380665,obse,soup_scene1,70,old
2274,9.841782569885254,1.241924109468471,obse,soup_scene1,70,old
2275,9.846106767654419,1.241924109468471,obse,soup_scene1,70,old
2276,9.850532293319702,1.2421218091652029,obse,soup_scene1,70,old
2277,9.85467529296875,1.2421218091652029,obse,soup_scene1,70,old
2278,9.859166145324707,1.2418413347403077,obse,soup_scene1,70,old
2279,9.863168716430664,1.2418413347403077,obse,soup_scene1,70,old
2280,9.867532014846802,1.242116323561246,obse,soup_scene1,70,old
2281,9.871748447418213,1.242116323561246,obse,soup_scene1,70,old
2282,9.876060485839844,1.241267591547961,obse,soup_scene1,70,old
2283,9.880112648010254,1.241267591547961,obse,soup_scene1,70,old
2284,9.884542465209961,1.2410950958460387,obse,soup_scene1,70,old
2285,9.888768911361694,1.2410950958460387,obse,soup_scene1,70,old
2286,9.893065214157104,1.2414417171166774,obse,soup_scene1,70,old
2287,9.897168636322021,1.2414417171166774,obse,soup_scene1,70,old
2288,9.901582956314087,1.239938908751896,obse,soup_scene1,70,old
2289,9.90565824508667,1.239938908751896,obse,soup_scene1,70,old
2290,9.910043001174927,1.2386644634468258,obse,soup_scene1,70,old
2291,9.9140465259552,1.2386644634468258,obse,soup_scene1,70,old
2292,9.918375015258789,1.2391087844993351,obse,soup_scene1,70,old
2293,9.922544240951538,1.2395139739448404,obse,soup_scene1,70,old
2294,9.926865577697754,1.2394146165469928,obse,soup_scene1,70,old
2295,9.931020259857178,1.2390653563921208,obse,soup_scene1,70,old
2296,9.935479164123535,1.2399784957577498,obse,soup_scene1,70,old
2297,9.939598321914673,1.2399208921825218,obse,soup_scene1,70,old
2298,9.943917036056519,1.2400101897503362,obse,soup_scene1,70,old
2299,9.948423624038696,1.2400888971276798,obse,soup_scene1,70,old
2300,9.952765226364136,1.240430452711572,obse,soup_scene1,70,old
2301,9.956983804702759,1.2384248864076999,obse,soup_scene1,70,old
2302,9.961177825927734,1.2384248864076999,obse,soup_scene1,70,old
2303,9.96547269821167,1.237510619034052,obse,soup_scene1,70,old
2304,9.969749927520752,1.2376066000247428,obse,soup_scene1,70,old
2305,9.97404146194458,1.2376768896410644,obse,soup_scene1,70,old
2306,9.978210687637329,1.2376768896410644,obse,soup_scene1,70,old
2307,9.982548236846924,1.2417408171542796,obse,soup_scene1,70,old
2308,9.986729383468628,1.2417408171542796,obse,soup_scene1,70,old
2309,9.99116039276123,1.2415580645733917,obse,soup_scene1,70,old
2310,9.995269298553467,1.2415580645733917,obse,soup_scene1,70,old
2311,9.999576330184937,1.2420427171178363,obse,soup_scene1,70,old
2312,10.003798246383667,1.2425429773468297,obse,soup_scene1,70,old
2313,10.008047819137573,1.2418698203973026,obse,soup_scene1,70,old
2314,10.01225996017456,1.2418698203973026,obse,soup_scene1,70,old
2315,10.016500473022461,1.2412791129813872,obse,soup_scene1,70,old
2316,10.020951986312866,1.2412791129813872,obse,soup_scene1,70,old
2317,10.02517580986023,1.2408023159631676,obse,soup_scene1,70,old
2318,10.029172658920288,1.2408023159631676,obse,soup_scene1,70,old
2319,10.033379077911377,1.2399830087945207,obse,soup_scene1,70,old
2320,10.037313222885132,1.2399830087945207,obse,soup_scene1,70,old
2321,10.04176664352417,1.2381472752308735,obse,soup_scene1,70,old
2322,10.045917510986328,1.2381472752308735,obse,soup_scene1,70,old
2323,10.05020785331726,1.2383129443159808,obse,soup_scene1,70,old
2324,10.054433822631836,1.2383129443159808,obse,soup_scene1,70,old
2325,10.05869197845459,1.2382554634557568,obse,soup_scene1,70,old
2326,10.062944650650024,1.2382554634557568,obse,soup_scene1,70,old
2327,10.067326784133911,1.2384119009735188,obse,soup_scene1,70,old
2328,10.071581840515137,1.2384119009735188,obse,soup_scene1,70,old
2329,10.075919151306152,1.237252359070897,obse,soup_scene1,70,old
2330,10.080090284347534,1.237252359070897,obse,soup_scene1,70,old
2331,10.084455728530884,1.2383711031827958,obse,soup_scene1,70,old
2332,10.088728904724121,1.2383711031827958,obse,soup_scene1,70,old
2333,10.093135118484497,1.2386752550130282,obse,soup_scene1,70,old
2334,10.09725832939148,1.2386941579171087,obse,soup_scene1,70,old
2335,10.101608037948608,1.2393765965792714,obse,soup_scene1,70,old
2336,10.105765104293823,1.2393765965792714,obse,soup_scene1,70,old
2337,10.110780000686646,1.2395814158319325,obse,soup_scene1,70,old
2338,10.115424871444702,1.2399818303451078,obse,soup_scene1,70,old
2339,10.11973762512207,1.2399818303451078,obse,soup_scene1,70,old
2340,10.124215364456177,1.2379039016624946,obse,soup_scene1,70,old
2341,10.12862253189087,1.2379039016624946,obse,soup_scene1,70,old
2342,10.133105993270874,1.2372770629816443,obse,soup_scene1,70,old
2343,10.137260675430298,1.2372770629816443,obse,soup_scene1,70,old
2344,10.141705989837646,1.2375942465063914,obse,soup_scene1,70,old
2345,10.14587116241455,1.2375942465063914,obse,soup_scene1,70,old
2346,10.15043568611145,1.2374010797864639,obse,soup_scene1,70,old
2347,10.154782056808472,1.2374010797864639,obse,soup_scene1,70,old
2348,10.15925145149231,1.2384171121294352,obse,soup_scene1,70,old
2349,10.163447380065918,1.2384171121294352,obse,soup_scene1,70,old
2350,10.168018102645874,1.2377746131492031,obse,soup_scene1,70,old
2351,10.17226266860962,1.2377746131492031,obse,soup_scene1,70,old
2352,10.176725625991821,1.2375920824703301,obse,soup_scene1,70,old
2353,10.180999994277954,1.2374308496711752,obse,soup_scene1,70,old
2354,10.185706615447998,1.236200643239687,obse,soup_scene1,70,old
2355,10.189983606338501,1.2363172682256656,obse,soup_scene1,70,old
2356,10.194563865661621,1.23589321963065,obse,soup_scene1,70,old
2357,10.198919773101807,1.2352075376351312,obse,soup_scene1,70,old
2358,10.203296422958374,1.2352075376351312,obse,soup_scene1,70,old
2359,10.207696199417114,1.2338682255639901,obse,soup_scene1,70,old
2360,10.212067604064941,1.2338682255639901,obse,soup_scene1,70,old
2361,10.216668367385864,1.2341497772123597,obse,soup_scene1,70,old
2362,10.221263885498047,1.2341497772123597,obse,soup_scene1,70,old
2363,10.225474119186401,1.2349878448218945,obse,soup_scene1,70,old
2364,10.229483366012573,1.2349878448218945,obse,soup_scene1,70,old
2365,10.233778238296509,1.234347588741854,obse,soup_scene1,70,old
2366,10.23778772354126,1.234347588741854,obse,soup_scene1,70,old
2367,10.242429733276367,1.2341317510100251,obse,soup_scene1,70,old
2368,10.24667477607727,1.2341317510100251,obse,soup_scene1,70,old
2369,10.25141191482544,1.233784912839183,obse,soup_scene1,70,old
2370,10.256005048751831,1.2336366115127002,obse,soup_scene1,70,old
2371,10.26031756401062,1.2330563992694494,obse,soup_scene1,70,old
2372,10.264537572860718,1.2332812236967616,obse,soup_scene1,70,old
2373,10.268758535385132,1.2332812236967616,obse,soup_scene1,70,old
2374,10.27318263053894,1.2334176404372372,obse,soup_scene1,70,old
2375,10.27799654006958,1.2333373300819204,obse,soup_scene1,70,old
2376,10.282274961471558,1.2332266872432156,obse,soup_scene1,70,old
2377,10.286988258361816,1.2332266872432156,obse,soup_scene1,70,old
2378,10.291603326797485,1.233821817449936,obse,soup_scene1,70,old
2379,10.295993089675903,1.233821817449936,obse,soup_scene1,70,old
2380,10.300534963607788,1.23203751254315,obse,soup_scene1,70,old
2381,10.304952621459961,1.23203751254315,obse,soup_scene1,70,old
2382,10.309613704681396,1.2316799613658007,obse,soup_scene1,70,old
2383,10.314114570617676,1.2316320891604846,obse,soup_scene1,70,old
2384,10.31871223449707,1.231285284861295,obse,soup_scene1,70,old
2385,10.32279372215271,1.231285284861295,obse,soup_scene1,70,old
2386,10.32747197151184,1.2310105406952494,obse,soup_scene1,70,old
2387,10.331852912902832,1.2312125902232962,obse,soup_scene1,70,old
2388,10.336286783218384,1.2312125902232962,obse,soup_scene1,70,old
2389,10.340469598770142,1.230465041424547,obse,soup_scene1,70,old
2390,10.345055103302002,1.2305463960342005,obse,soup_scene1,70,old
2391,10.34949803352356,1.2300742941417664,obse,soup_scene1,70,old
2392,10.35405158996582,1.2300742941417664,obse,soup_scene1,70,old
2393,10.358423233032227,1.2283950348188841,obse,soup_scene1,70,old
2394,10.362641096115112,1.2283950348188841,obse,soup_scene1,70,old
2395,10.367085695266724,1.2284778453546241,obse,soup_scene1,70,old
2396,10.371085166931152,1.2284778453546241,obse,soup_scene1,70,old
2397,10.375648736953735,1.2296563809777459,obse,soup_scene1,70,old
2398,10.380131959915161,1.2296563809777459,obse,soup_scene1,70,old
2399,10.384605169296265,1.22925135317785,obse,soup_scene1,70,old
2400,10.388805389404297,1.22925135317785,obse,soup_scene1,70,old
2401,10.393142700195312,1.2285644458683642,obse,soup_scene1,70,old
2402,10.397273063659668,1.2285644458683642,obse,soup_scene1,70,old
2403,10.401594400405884,1.2282069575338548,obse,soup_scene1,70,old
2404,10.405702829360962,1.2280966423115287,obse,soup_scene1,70,old
2405,10.409818649291992,1.2297173038336344,obse,soup_scene1,70,old
2406,10.414011716842651,1.2297173038336344,obse,soup_scene1,70,old
2407,10.418189525604248,1.2295603746231454,obse,soup_scene1,70,old
2408,10.422919988632202,1.2295603746231454,obse,soup_scene1,70,old
2409,10.427470922470093,1.2294586255336877,obse,soup_scene1,70,old
2410,10.431485652923584,1.2294586255336877,obse,soup_scene1,70,old
2411,10.435953378677368,1.2293200946174658,obse,soup_scene1,70,old
2412,10.439958810806274,1.2293200946174658,obse,soup_scene1,70,old
2413,10.444347620010376,1.2274206529576568,obse,soup_scene1,70,old
2414,10.448382377624512,1.2274206529576568,obse,soup_scene1,70,old
2415,10.452694654464722,1.2272640211350756,obse,soup_scene1,70,old
2416,10.456944465637207,1.2272640211350756,obse,soup_scene1,70,old
2417,10.461331129074097,1.2268822513857802,obse,soup_scene1,70,old
2418,10.465617895126343,1.2269457597303954,obse,soup_scene1,70,old
2419,10.469705820083618,1.2269457597303954,obse,soup_scene1,70,old
2420,10.473743438720703,1.2272178032849863,obse,soup_scene1,70,old
2421,10.480775356292725,1.2264473859057234,obse,soup_scene1,70,old
2422,10.485533952713013,1.2257069699037098,obse,soup_scene1,70,old
2423,10.491324186325073,1.2257069699037098,obse,soup_scene1,70,old
2424,10.496032953262329,1.2255939475217097,obse,soup_scene1,70,old
2425,10.500609874725342,1.2255939475217097,obse,soup_scene1,70,old
2426,10.505244016647339,1.2251992475954872,obse,soup_scene1,70,old
2427,10.509734630584717,1.2251992475954872,obse,soup_scene1,70,old
2428,10.5141122341156,1.2251992475954872,obse,soup_scene1,70,old
2429,10.518624067306519,1.22489891078945,obse,soup_scene1,70,old
2430,10.522963047027588,1.22489891078945,obse,soup_scene1,70,old
2431,10.527097940444946,1.22489891078945,obse,soup_scene1,70,old
2432,10.531875133514404,1.224901370903149,obse,soup_scene1,70,old
2433,10.53679084777832,1.2236350890158625,obse,soup_scene1,70,old
2434,10.540926694869995,1.2236350890158625,obse,soup_scene1,70,old
2435,10.545376300811768,1.2236350890158625,obse,soup_scene1,70,old
2436,10.549774169921875,1.2229670634446066,obse,soup_scene1,70,old
2437,10.55446457862854,1.2227671756569127,obse,soup_scene1,70,old
2438,10.559079885482788,1.2232747775932873,obse,soup_scene1,70,old
2439,10.5636625289917,1.223169172600137,obse,soup_scene1,70,old
2440,10.568191289901733,1.2233315995186824,obse,soup_scene1,70,old
2441,10.572554588317871,1.2232039108776818,obse,soup_scene1,70,old
2442,10.577283143997192,1.223107207586183,obse,soup_scene1,70,old
2443,10.581941604614258,1.2233594049033143,obse,soup_scene1,70,old
2444,10.586751461029053,1.2228165974068002,obse,soup_scene1,70,old
2445,10.591650485992432,1.2228165974068002,obse,soup_scene1,70,old
2446,10.596477746963501,1.219615612543151,obse,soup_scene1,70,old
2447,10.600979089736938,1.2193962865059105,obse,soup_scene1,70,old
2448,10.605273485183716,1.2193962865059105,obse,soup_scene1,70,old
2449,10.609800815582275,1.2197049106540774,obse,soup_scene1,70,old
2450,10.614089727401733,1.2196704172841137,obse,soup_scene1,70,old
2451,10.61857795715332,1.2190012496472438,obse,soup_scene1,70,old
2452,10.623080253601074,1.2189557672266664,obse,soup_scene1,70,old
2453,10.627371311187744,1.2188345575925488,obse,soup_scene1,70,old
2454,10.63171124458313,1.2188454091025505,obse,soup_scene1,70,old
2455,10.635919332504272,1.2169588143682193,obse,soup_scene1,70,old
2456,10.640307664871216,1.2169053715295137,obse,soup_scene1,70,old
2457,10.644940614700317,1.2181286131810174,obse,soup_scene1,70,old
2458,10.64951777458191,1.2180125770141974,obse,soup_scene1,70,old
2459,10.653874158859253,1.2180125770141974,obse,soup_scene1,70,old
2460,10.658464908599854,1.2180340982017825,obse,soup_scene1,70,old
2461,10.662774801254272,1.2180340982017825,obse,soup_scene1,70,old
2462,10.667351245880127,1.216708138444701,obse,soup_scene1,70,old
2463,10.671615600585938,1.216708138444701,obse,soup_scene1,70,old
2464,10.676133871078491,1.2165597513179995,obse,soup_scene1,70,old
2465,10.680505275726318,1.2164648476868036,obse,soup_scene1,70,old
2466,10.68512749671936,1.2163667072736217,obse,soup_scene1,70,old
2467,10.689680814743042,1.2177308318941258,obse,soup_scene1,70,old
2468,10.694164276123047,1.2177308318941258,obse,soup_scene1,70,old
2469,10.698509454727173,1.2177308318941258,obse,soup_scene1,70,old
2470,10.702939987182617,1.216571608383556,obse,soup_scene1,70,old
2471,10.707398891448975,1.2159575813302133,obse,soup_scene1,70,old
2472,10.711899995803833,1.2159575813302133,obse,soup_scene1,70,old
2473,10.716479301452637,1.2154109995821356,obse,soup_scene1,70,old
2474,10.720920085906982,1.2154109995821356,obse,soup_scene1,70,old
2475,10.725460052490234,1.2153450374812327,obse,soup_scene1,70,old
2476,10.729732990264893,1.2153450374812327,obse,soup_scene1,70,old
2477,10.73434591293335,1.2140947177441759,obse,soup_scene1,70,old
2478,10.73865270614624,1.2140947177441759,obse,soup_scene1,70,old
2479,10.74321174621582,1.2130136172807653,obse,soup_scene1,70,old
2480,10.747809410095215,1.2130311511602963,obse,soup_scene1,70,old
2481,10.752389907836914,1.2131973589598073,obse,soup_scene1,70,old
2482,10.756692171096802,1.2143706010184507,obse,soup_scene1,70,old
2483,10.76108717918396,1.2143706010184507,obse,soup_scene1,70,old
2484,10.76552414894104,1.2135157755321238,obse,soup_scene1,70,old
2485,10.769889831542969,1.2135157755321238,obse,soup_scene1,70,old
2486,10.77429485321045,1.2130687133414428,obse,soup_scene1,70,old
2487,10.778796911239624,1.2130687133414428,obse,soup_scene1,70,old
2488,10.783356189727783,1.2117191788922446,obse,soup_scene1,70,old
2489,10.787722110748291,1.2117191788922446,obse,soup_scene1,70,old
2490,10.792346239089966,1.2119574781918911,obse,soup_scene1,70,old
2491,10.796671628952026,1.2119574781918911,obse,soup_scene1,70,old
2492,10.801244974136353,1.2129159458621708,obse,soup_scene1,70,old
2493,10.80552077293396,1.2128458256743944,obse,soup_scene1,70,old
2494,10.809702396392822,1.2123727241144517,obse,soup_scene1,70,old
2495,10.813857316970825,1.2123727241144517,obse,soup_scene1,70,old
2496,10.818246364593506,1.2125095108306954,obse,soup_scene1,70,old
2497,10.822850227355957,1.211607967170561,obse,soup_scene1,70,old
2498,10.826919794082642,1.211607967170561,obse,soup_scene1,70,old
2499,10.830984830856323,1.211607967170561,obse,soup_scene1,70,old
2500,10.835299253463745,1.2111632155027066,obse,soup_scene1,70,old
2501,10.839388370513916,1.2111632155027066,obse,soup_scene1,70,old
2502,10.843756198883057,1.2114523535046517,obse,soup_scene1,70,old
2503,10.847940683364868,1.2114523535046517,obse,soup_scene1,70,old
2504,10.85271668434143,1.209815718687478,obse,soup_scene1,70,old
2505,10.857089281082153,1.2098269324848,obse,soup_scene1,70,old
2506,10.861536502838135,1.2095964129119636,obse,soup_scene1,70,old
2507,10.865899085998535,1.209981733458178,obse,soup_scene1,70,old
2508,10.870196342468262,1.209981733458178,obse,soup_scene1,70,old
2509,10.87430214881897,1.209981733458178,obse,soup_scene1,70,old
2510,10.878622770309448,1.2095355855222139,obse,soup_scene1,70,old
2511,10.882979393005371,1.2095355855222139,obse,soup_scene1,70,old
2512,10.887348413467407,1.2095355855222139,obse,soup_scene1,70,old
2513,10.89181113243103,1.209691262943367,obse,soup_scene1,70,old
2514,10.896101951599121,1.210053080578876,obse,soup_scene1,70,old
2515,10.900519847869873,1.2083387718151262,obse,soup_scene1,70,old
2516,10.905120611190796,1.2083387718151262,obse,soup_scene1,70,old
2517,10.909274816513062,1.2083387718151262,obse,soup_scene1,70,old
2518,10.913589477539062,1.206908793750982,obse,soup_scene1,70,old
2519,10.917989492416382,1.2068834078636894,obse,soup_scene1,70,old
2520,10.922315835952759,1.2071304198762554,obse,soup_scene1,70,old
2521,10.926619052886963,1.2071304198762554,obse,soup_scene1,70,old
2522,10.93105411529541,1.2071304198762554,obse,soup_scene1,70,old
2523,10.935712814331055,1.206935565414022,obse,soup_scene1,70,old
2524,10.939904689788818,1.206935565414022,obse,soup_scene1,70,old
2525,10.944438457489014,1.2077335520108008,obse,soup_scene1,70,old
2526,10.948960781097412,1.2060440807290964,obse,soup_scene1,70,old
2527,10.953736066818237,1.2055917746338103,obse,soup_scene1,70,old
2528,10.95839262008667,1.2084059213261007,obse,soup_scene1,70,old
2529,10.962992668151855,1.2084059213261007,obse,soup_scene1,70,old
2530,10.967724084854126,1.2073934446959287,obse,soup_scene1,70,old
2531,10.972223281860352,1.2073934446959287,obse,soup_scene1,70,old
2532,10.977061748504639,1.2067859440899875,obse,soup_scene1,70,old
2533,10.981716394424438,1.2070426664806475,obse,soup_scene1,70,old
2534,10.986443042755127,1.2067879786848905,obse,soup_scene1,70,old
2535,10.991041660308838,1.2072298170703768,obse,soup_scene1,70,old
2536,10.995423555374146,1.2072298170703768,obse,soup_scene1,70,old
2537,11.00007963180542,1.2060324025927758,obse,soup_scene1,70,old
2538,11.004308462142944,1.2060324025927758,obse,soup_scene1,70,old
2539,11.008818626403809,1.206967204862948,obse,soup_scene1,70,old
2540,11.01298975944519,1.206967204862948,obse,soup_scene1,70,old
2541,11.017666578292847,1.2072241624282418,obse,soup_scene1,70,old
2542,11.02227783203125,1.2072241624282418,obse,soup_scene1,70,old
2543,11.026745080947876,1.2073325127401957,obse,soup_scene1,70,old
2544,11.03093433380127,1.2072985978874649,obse,soup_scene1,70,old
2545,11.035150527954102,1.208021493585766,obse,soup_scene1,70,old
2546,11.039454936981201,1.2083528659900984,obse,soup_scene1,70,old
2547,11.044228315353394,1.2063540532983124,obse,soup_scene1,70,old
2548,11.048780918121338,1.2080083948090043,obse,soup_scene1,70,old
2549,11.053382158279419,1.2080083948090043,obse,soup_scene1,70,old
2550,11.05787706375122,1.208301575055157,obse,soup_scene1,70,old
2551,11.06215500831604,1.208301575055157,obse,soup_scene1,70,old
2552,11.066757917404175,1.208255696397585,obse,soup_scene1,70,old
2553,11.07139801979065,1.208255696397585,obse,soup_scene1,70,old
2554,11.075981616973877,1.2077208911497512,obse,soup_scene1,70,old
2555,11.080090761184692,1.2077208911497512,obse,soup_scene1,70,old
2556,11.084664583206177,1.206735951401586,obse,soup_scene1,70,old
2557,11.089134693145752,1.2066730477058476,obse,soup_scene1,70,old
2558,11.093579292297363,1.2083576374292164,obse,soup_scene1,70,old
2559,11.098016738891602,1.2075833593940655,obse,soup_scene1,70,old
2560,11.102417230606079,1.2075833593940655,obse,soup_scene1,70,old
2561,11.106841087341309,1.2088680714812257,obse,soup_scene1,70,old
2562,11.11122727394104,1.208896618327513,obse,soup_scene1,70,old
2563,11.11561632156372,1.2086184888766398,obse,soup_scene1,70,old
2564,11.120071411132812,1.2086184888766398,obse,soup_scene1,70,old
2565,11.124581098556519,1.207725650630143,obse,soup_scene1,70,old
2566,11.128857612609863,1.207725650630143,obse,soup_scene1,70,old
2567,11.133411884307861,1.208225456951148,obse,soup_scene1,70,old
2568,11.137699604034424,1.208225456951148,obse,soup_scene1,70,old
2569,11.142289876937866,1.2084925886280007,obse,soup_scene1,70,old
2570,11.146594762802124,1.2084925886280007,obse,soup_scene1,70,old
2571,11.151212215423584,1.2086236063549307,obse,soup_scene1,70,old
2572,11.15569543838501,1.2086236063549307,obse,soup_scene1,70,old
2573,11.160185098648071,1.2089646561629968,obse,soup_scene1,70,old
2574,11.164533376693726,1.2089164047199086,obse,soup_scene1,70,old
2575,11.168839931488037,1.20800255359243,obse,soup_scene1,70,old
2576,11.17313289642334,1.20800255359243,obse,soup_scene1,70,old
2577,11.177806854248047,1.2094410821545563,obse,soup_scene1,70,old
2578,11.182178258895874,1.2104057336613199,obse,soup_scene1,70,old
2579,11.186518907546997,1.2104057336613199,obse,soup_scene1,70,old
2580,11.19093918800354,1.2093526515705622,obse,soup_scene1,70,old
2581,11.195270538330078,1.2093526515705622,obse,soup_scene1,70,old
2582,11.199872016906738,1.2091321037878209,obse,soup_scene1,70,old
2583,11.204096794128418,1.2091321037878209,obse,soup_scene1,70,old
2584,11.208658933639526,1.209611237173555,obse,soup_scene1,70,old
2585,11.212804794311523,1.209611237173555,obse,soup_scene1,70,old
2586,11.217509984970093,1.209486272335174,obse,soup_scene1,70,old
2587,11.221859216690063,1.209486272335174,obse,soup_scene1,70,old
2588,11.226304531097412,1.2100534635627582,obse,soup_scene1,70,old
2589,11.230783700942993,1.2100893398390677,obse,soup_scene1,70,old
2590,11.234883785247803,1.2092046583397835,obse,soup_scene1,70,old
2591,11.23902702331543,1.2088990422262706,obse,soup_scene1,70,old
2592,11.243532657623291,1.2082161502047517,obse,soup_scene1,70,old
2593,11.247761487960815,1.208443866113021,obse,soup_scene1,70,old
2594,11.252183675765991,1.2090101791233427,obse,soup_scene1,70,old
2595,11.25666069984436,1.2085974457643538,obse,soup_scene1,70,old
2596,11.260901689529419,1.2085974457643538,obse,soup_scene1,70,old
2597,11.265204906463623,1.2090515809387923,obse,soup_scene1,70,old
2598,11.269646883010864,1.2090515809387923,obse,soup_scene1,70,old
2599,11.273926019668579,1.2087758815859897,obse,soup_scene1,70,old
2600,11.278316259384155,1.2087758815859897,obse,soup_scene1,70,old
2601,11.282703161239624,1.2087328152869845,obse,soup_scene1,70,old
2602,11.287369012832642,1.2087328152869845,obse,soup_scene1,70,old
2603,11.291945695877075,1.2091498450186675,obse,soup_scene1,70,old
2604,11.296276569366455,1.2091498450186675,obse,soup_scene1,70,old
2605,11.300786018371582,1.2101141881221427,obse,soup_scene1,70,old
2606,11.305355787277222,1.2101408618534337,obse,soup_scene1,70,old
2607,11.309841394424438,1.2097897542256988,obse,soup_scene1,70,old
2608,11.314028978347778,1.2097897542256988,obse,soup_scene1,70,old
2609,11.31871485710144,1.20780085024284,obse,soup_scene1,70,old
2610,11.323034763336182,1.2078255644454705,obse,soup_scene1,70,old
2611,11.327417850494385,1.2087466455659561,obse,soup_scene1,70,old
2612,11.331738471984863,1.2094842113441346,obse,soup_scene1,70,old
2613,11.336283206939697,1.2094842113441346,obse,soup_scene1,70,old
2614,11.340712785720825,1.2103700705645546,obse,soup_scene1,70,old
2615,11.345060586929321,1.2103700705645546,obse,soup_scene1,70,old
2616,11.349522829055786,1.2104111759542924,obse,soup_scene1,70,old
2617,11.353881120681763,1.2104111759542924,obse,soup_scene1,70,old
2618,11.358293056488037,1.2095051786027957,obse,soup_scene1,70,old
2619,11.36255955696106,1.2095051786027957,obse,soup_scene1,70,old
2620,11.367223978042603,1.2096755014835114,obse,soup_scene1,70,old
2621,11.371318817138672,1.2096755014835114,obse,soup_scene1,70,old
2622,11.376027345657349,1.209377441553496,obse,soup_scene1,70,old
2623,11.380297422409058,1.209377441553496,obse,soup_scene1,70,old
2624,11.38482666015625,1.2085262806936836,obse,soup_scene1,70,old
2625,11.389457702636719,1.2085469284791035,obse,soup_scene1,70,old
2626,11.394086122512817,1.2096621005241104,obse,soup_scene1,70,old
2627,11.398332357406616,1.2096939012906418,obse,soup_scene1,70,old
2628,11.402694463729858,1.2107320787330231,obse,soup_scene1,70,old
2629,11.407034158706665,1.211041769674948,obse,soup_scene1,70,old
2630,11.411335468292236,1.211041769674948,obse,soup_scene1,70,old
2631,11.415558099746704,1.2109902912854675,obse,soup_scene1,70,old
2632,11.420024633407593,1.2109902912854675,obse,soup_scene1,70,old
2633,11.424425840377808,1.2110877741188069,obse,soup_scene1,70,old
2634,11.428745985031128,1.2110877741188069,obse,soup_scene1,70,old
2635,11.433061838150024,1.2112619718884008,obse,soup_scene1,70,old
2636,11.437480211257935,1.2112619718884008,obse,soup_scene1,70,old
2637,11.441994190216064,1.2110428915492375,obse,soup_scene1,70,old
2638,11.446170568466187,1.2110428915492375,obse,soup_scene1,70,old
2639,11.45070219039917,1.2110509801285594,obse,soup_scene1,70,old
2640,11.455151081085205,1.2110509801285594,obse,soup_scene1,70,old
2641,11.459699630737305,1.2101512772468812,obse,soup_scene1,70,old
2642,11.463948726654053,1.2102405999433996,obse,soup_scene1,70,old
2643,11.468338251113892,1.2102405999433996,obse,soup_scene1,70,old
2644,11.472658157348633,1.2104157257009387,obse,soup_scene1,70,old
2645,11.477086305618286,1.2104157257009387,obse,soup_scene1,70,old
2646,11.481372594833374,1.2105710225752064,obse,soup_scene1,70,old
2647,11.485905885696411,1.2105710225752064,obse,soup_scene1,70,old
2648,11.490350246429443,1.2104245465299321,obse,soup_scene1,70,old
2649,11.494729280471802,1.2104245465299321,obse,soup_scene1,70,old
2650,11.499107122421265,1.210398239413856,obse,soup_scene1,70,old
2651,11.503473281860352,1.210398239413856,obse,soup_scene1,70,old
2652,11.507866144180298,1.2099052543446003,obse,soup_scene1,70,old
2653,11.512157678604126,1.2099052543446003,obse,soup_scene1,70,old
2654,11.516481161117554,1.2095797882024169,obse,soup_scene1,70,old
2655,11.520906925201416,1.2095797882024169,obse,soup_scene1,70,old
2656,11.525590896606445,1.2105771677642305,obse,soup_scene1,70,old
2657,11.529815673828125,1.2105771677642305,obse,soup_scene1,70,old
2658,11.534347534179688,1.2105155086468111,obse,soup_scene1,70,old
2659,11.538628339767456,1.2103099029853905,obse,soup_scene1,70,old
2660,11.54305362701416,1.2104113293285759,obse,soup_scene1,70,old
2661,11.547473669052124,1.2108352628385322,obse,soup_scene1,70,old
2662,11.552303314208984,1.2109125633247635,obse,soup_scene1,70,old
2663,11.556709051132202,1.2106370952204124,obse,soup_scene1,70,old
2664,11.56103777885437,1.2108107847512517,obse,soup_scene1,70,old
2665,11.565333604812622,1.2109532491205812,obse,soup_scene1,70,old
2666,11.569688558578491,1.2109532491205812,obse,soup_scene1,70,old
2667,11.574167490005493,1.210833270055541,obse,soup_scene1,70,old
2668,11.57854700088501,1.210833270055541,obse,soup_scene1,70,old
2669,11.583219051361084,1.2111038940987975,obse,soup_scene1,70,old
2670,11.587507963180542,1.2111038940987975,obse,soup_scene1,70,old
2671,11.591902256011963,1.21078801259051,obse,soup_scene1,70,old
2672,11.595925569534302,1.21078801259051,obse,soup_scene1,70,old
2673,11.600375652313232,1.2111054871049267,obse,soup_scene1,70,old
2674,11.604464530944824,1.2111054871049267,obse,soup_scene1,70,old
2675,11.608858823776245,1.2110548177414344,obse,soup_scene1,70,old
2676,11.612845182418823,1.2110548177414344,obse,soup_scene1,70,old
2677,11.616991519927979,1.2110548177414344,obse,soup_scene1,70,old
2678,11.621463060379028,1.2112030201431925,obse,soup_scene1,70,old
2679,11.625688076019287,1.2111960797780894,obse,soup_scene1,70,old
2680,11.629842758178711,1.210991561433909,obse,soup_scene1,70,old
2681,11.633864879608154,1.210991561433909,obse,soup_scene1,70,old
2682,11.638022184371948,1.210725192091398,obse,soup_scene1,70,old
2683,11.642192363739014,1.2108594409855444,obse,soup_scene1,70,old
2684,11.64614987373352,1.2108594409855444,obse,soup_scene1,70,old
2685,11.650586605072021,1.2108594409855444,obse,soup_scene1,70,old
2686,11.654912948608398,1.2108049652114308,obse,soup_scene1,70,old
2687,11.659289121627808,1.2108049652114308,obse,soup_scene1,70,old
2688,11.663298606872559,1.2108049652114308,obse,soup_scene1,70,old
2689,11.667622089385986,1.2108662083309591,obse,soup_scene1,70,old
2690,11.67172384262085,1.2108662083309591,obse,soup_scene1,70,old
2691,11.675966024398804,1.2110844073386868,obse,soup_scene1,70,old
2692,11.680257797241211,1.2110766562958228,obse,soup_scene1,70,old
2693,11.684382677078247,1.2110766562958228,obse,soup_scene1,70,old
2694,11.688868284225464,1.211080494142523,obse,soup_scene1,70,old
2695,11.692996740341187,1.2110915340968167,obse,soup_scene1,70,old
2696,11.69717812538147,1.2110915340968167,obse,soup_scene1,70,old
2697,11.701302766799927,1.211090095030902,obse,soup_scene1,70,old
2698,11.705471754074097,1.211090095030902,obse,soup_scene1,70,old
2699,11.70976448059082,1.210829596137681,obse,soup_scene1,70,old
2700,11.714000701904297,1.2108117404209853,obse,soup_scene1,70,old
2701,11.718271493911743,1.2108449344710008,obse,soup_scene1,70,old
2702,11.722422122955322,1.2109426812388506,obse,soup_scene1,70,old
2703,11.726638555526733,1.2109426812388506,obse,soup_scene1,70,old
2704,11.730872631072998,1.2114295189637967,obse,soup_scene1,70,old
2705,11.73505187034607,1.2114295189637967,obse,soup_scene1,70,old
2706,11.73919153213501,1.2114295189637967,obse,soup_scene1,70,old
2707,11.743724346160889,1.2114295189637967,obse,soup_scene1,70,old
2708,11.748473405838013,1.2111336148947436,obse,soup_scene1,70,old
2709,11.753283023834229,1.2109824935533695,obse,soup_scene1,70,old
2710,11.7579665184021,1.2111706825688824,obse,soup_scene1,70,old
2711,11.76278829574585,1.2108052436914065,obse,soup_scene1,70,old
2712,11.767007112503052,1.2108052436914065,obse,soup_scene1,70,old
2713,11.77143406867981,1.2108996969086525,obse,soup_scene1,70,old
2714,11.77610158920288,1.211235868300464,obse,soup_scene1,70,old
2715,11.780847072601318,1.2107021526386539,obse,soup_scene1,70,old
2716,11.785557985305786,1.2108997449573429,obse,soup_scene1,70,old
2717,11.79007863998413,1.2110847428765912,obse,soup_scene1,70,old
2718,11.794551134109497,1.2110913477027532,obse,soup_scene1,70,old
2719,11.79904580116272,1.2113318410815508,obse,soup_scene1,70,old
2720,11.803751707077026,1.2111088678555746,obse,soup_scene1,70,old
2721,11.808341979980469,1.211044240716093,obse,soup_scene1,70,old
2722,11.81270432472229,1.211044240716093,obse,soup_scene1,70,old
2723,11.817196130752563,1.2108697172083986,obse,soup_scene1,70,old
2724,11.821707487106323,1.2108697172083986,obse,soup_scene1,70,old
2725,11.825981616973877,1.2108986232711645,obse,soup_scene1,70,old
2726,11.830168962478638,1.2108986232711645,obse,soup_scene1,70,old
2727,11.834363222122192,1.210677327721294,obse,soup_scene1,70,old
2728,11.838531017303467,1.210677327721294,obse,soup_scene1,70,old
2729,11.843101024627686,1.2110366202771246,obse,soup_scene1,70,old
2730,11.847264766693115,1.2110366202771246,obse,soup_scene1,70,old
2731,11.85185694694519,1.211014809472854,obse,soup_scene1,70,old
2732,11.85604739189148,1.211014809472854,obse,soup_scene1,70,old
2733,11.860461950302124,1.2108988066511568,obse,soup_scene1,70,old
2734,11.864640235900879,1.2111735689432752,obse,soup_scene1,70,old
2735,11.869073152542114,1.2110598047553038,obse,soup_scene1,70,old
2736,11.87341570854187,1.2109670492703337,obse,soup_scene1,70,old
2737,11.877692699432373,1.2109670492703337,obse,soup_scene1,70,old
2738,11.882207155227661,1.2107337983521331,obse,soup_scene1,70,old
2739,11.886679887771606,1.2107337983521331,obse,soup_scene1,70,old
2740,11.891180038452148,1.2109314535186304,obse,soup_scene1,70,old
2741,11.895331859588623,1.2109314535186304,obse,soup_scene1,70,old
2742,11.899918556213379,1.2111621987917585,obse,soup_scene1,70,old
2743,11.904174566268921,1.2111621987917585,obse,soup_scene1,70,old
2744,11.908735275268555,1.211486069199115,obse,soup_scene1,70,old
2745,11.912894248962402,1.211486069199115,obse,soup_scene1,70,old
2746,11.917420148849487,1.2109101969713363,obse,soup_scene1,70,old
2747,11.921735048294067,1.2109101969713363,obse,soup_scene1,70,old
2748,11.926094055175781,1.2114652222946387,obse,soup_scene1,70,old
2749,11.93054723739624,1.211165479855463,obse,soup_scene1,70,old
2750,11.934909582138062,1.2112331554088824,obse,soup_scene1,70,old
2751,11.93914270401001,1.2112842331467784,obse,soup_scene1,70,old
2752,11.943644762039185,1.2109404638478274,obse,soup_scene1,70,old
2753,11.94806718826294,1.2111561331849336,obse,soup_scene1,70,old
2754,11.952451467514038,1.2111561331849336,obse,soup_scene1,70,old
2755,11.956958293914795,1.2110948249025872,obse,soup_scene1,70,old
2756,11.96141242980957,1.2110968308430599,obse,soup_scene1,70,old
2757,11.965673208236694,1.2117099893746963,obse,soup_scene1,70,old
2758,11.970048189163208,1.2117099893746963,obse,soup_scene1,70,old
2759,11.97449254989624,1.211816573627698,obse,soup_scene1,70,old
2760,11.978851318359375,1.211816573627698,obse,soup_scene1,70,old
2761,11.98335886001587,1.2119114108573634,obse,soup_scene1,70,old
2762,11.987611532211304,1.2119114108573634,obse,soup_scene1,70,old
2763,11.992198705673218,1.2121492223166968,obse,soup_scene1,70,old
2764,11.996564149856567,1.2121492223166968,obse,soup_scene1,70,old
2765,12.00126600265503,1.2113063524622265,obse,soup_scene1,70,old
2766,12.005746364593506,1.2113381355532444,obse,soup_scene1,70,old
2767,12.01043438911438,1.2116236920496346,obse,soup_scene1,70,old
2768,12.014747619628906,1.2116236920496346,obse,soup_scene1,70,old
2769,12.019100427627563,1.2116236920496346,obse,soup_scene1,70,old
2770,12.023525714874268,1.2115836632992967,obse,soup_scene1,70,old
2771,12.027632236480713,1.2115836632992967,obse,soup_scene1,70,old
2772,12.031918048858643,1.2118113955931418,obse,soup_scene1,70,old
2773,12.03595781326294,1.2118113955931418,obse,soup_scene1,70,old
2774,12.040049076080322,1.2118113955931418,obse,soup_scene1,70,old
2775,12.044377326965332,1.2115894547445918,obse,soup_scene1,70,old
2776,12.048785209655762,1.2115894547445918,obse,soup_scene1,70,old
2777,12.053497552871704,1.2115894547445918,obse,soup_scene1,70,old
2778,12.058090686798096,1.2111532822420954,obse,soup_scene1,70,old
2779,12.062572002410889,1.2111532822420954,obse,soup_scene1,70,old
2780,12.067087411880493,1.2109255479859202,obse,soup_scene1,70,old
2781,12.071462869644165,1.2109255479859202,obse,soup_scene1,70,old
2782,12.075906991958618,1.2115040572449494,obse,soup_scene1,70,old
2783,12.080278396606445,1.2115040572449494,obse,soup_scene1,70,old
2784,12.0849130153656,1.2115040572449494,obse,soup_scene1,70,old
2785,12.089165925979614,1.2115040572449494,obse,soup_scene1,70,old
2786,12.09377646446228,1.2104710956703306,obse,soup_scene1,70,old
2787,12.0979642868042,1.2104710956703306,obse,soup_scene1,70,old
2788,12.10225772857666,1.2106046507997987,obse,soup_scene1,70,old
2789,12.106491327285767,1.2115033647722135,obse,soup_scene1,70,old
2790,12.110939979553223,1.2115033647722135,obse,soup_scene1,70,old
2791,12.115417718887329,1.2119436595187458,obse,soup_scene1,70,old
2792,12.120115995407104,1.2119436595187458,obse,soup_scene1,70,old
2793,12.124780893325806,1.2125857944581675,obse,soup_scene1,70,old
2794,12.12946081161499,1.2125857944581675,obse,soup_scene1,70,old
2795,12.133784770965576,1.2125432503179732,obse,soup_scene1,70,old
2796,12.138151168823242,1.212800909698082,obse,soup_scene1,70,old
2797,12.142910718917847,1.212800909698082,obse,soup_scene1,70,old
2798,12.147745609283447,1.212876298443923,obse,soup_scene1,70,old
2799,12.15245509147644,1.214326971602595,obse,soup_scene1,70,old
2800,12.157399654388428,1.215583739658633,obse,soup_scene1,70,old
2801,12.162201166152954,1.2157656375164896,obse,soup_scene1,70,old
2802,12.166670322418213,1.2163199470819794,obse,soup_scene1,70,old
2803,12.171243667602539,1.2161422149227414,obse,soup_scene1,70,old
2804,12.175976037979126,1.215881139087467,obse,soup_scene1,70,old
2805,12.1806321144104,1.2174589630878383,obse,soup_scene1,70,old
2806,12.185090780258179,1.2174233202459837,obse,soup_scene1,70,old
2807,12.190085649490356,1.2172192992243382,obse,soup_scene1,70,old
2808,12.194870471954346,1.2179121138608364,obse,soup_scene1,70,old
2809,12.199294567108154,1.2178548621645089,obse,soup_scene1,70,old
2810,12.203572034835815,1.2178548621645089,obse,soup_scene1,70,old
2811,12.207846879959106,1.2200487093127295,obse,soup_scene1,70,old
2812,12.212051391601562,1.2200487093127295,obse,soup_scene1,70,old
2813,12.216491222381592,1.2189229291613592,obse,soup_scene1,70,old
2814,12.22130560874939,1.2189229291613592,obse,soup_scene1,70,old
2815,12.225611686706543,1.21885894546986,obse,soup_scene1,70,old
2816,12.229642152786255,1.21885894546986,obse,soup_scene1,70,old
2817,12.233868837356567,1.2192637737977767,obse,soup_scene1,70,old
2818,12.238041639328003,1.2192637737977767,obse,soup_scene1,70,old
2819,12.242775440216064,1.2206962782921784,obse,soup_scene1,70,old
2820,12.246814489364624,1.2206962782921784,obse,soup_scene1,70,old
2821,12.251363754272461,1.21997041074922,obse,soup_scene1,70,old
2822,12.255882740020752,1.2199873079823393,obse,soup_scene1,70,old
2823,12.260055780410767,1.2197297120328268,obse,soup_scene1,70,old
2824,12.264439344406128,1.220027423812209,obse,soup_scene1,70,old
2825,12.268810510635376,1.2202747827889902,obse,soup_scene1,70,old
2826,12.27317190170288,1.219955955165513,obse,soup_scene1,70,old
2827,12.277533531188965,1.2203024479111833,obse,soup_scene1,70,old
2828,12.281999349594116,1.222192936656823,obse,soup_scene1,70,old
2829,12.286547183990479,1.222192936656823,obse,soup_scene1,70,old
2830,12.291077852249146,1.221891425468526,obse,soup_scene1,70,old
2831,12.295374393463135,1.221891425468526,obse,soup_scene1,70,old
2832,12.299849271774292,1.2220372266548432,obse,soup_scene1,70,old
2833,12.30411672592163,1.2220372266548432,obse,soup_scene1,70,old
2834,12.308645963668823,1.2219224160277702,obse,soup_scene1,70,old
2835,12.312890768051147,1.2219224160277702,obse,soup_scene1,70,old
2836,12.317438125610352,1.2230723418323282,obse,soup_scene1,70,old
2837,12.321783542633057,1.2230723418323282,obse,soup_scene1,70,old
2838,12.326387643814087,1.2226937675705898,obse,soup_scene1,70,old
2839,12.330695152282715,1.2227005934185657,obse,soup_scene1,70,old
2840,12.335774898529053,1.2228019012375209,obse,soup_scene1,70,old
2841,12.340137004852295,1.2237804242048222,obse,soup_scene1,70,old
2842,12.344407796859741,1.2237804242048222,obse,soup_scene1,70,old
2843,12.3488028049469,1.2260312644909788,obse,soup_scene1,70,old
2844,12.353257894515991,1.2260312644909788,obse,soup_scene1,70,old
2845,12.35750412940979,1.226061976002989,obse,soup_scene1,70,old
2846,12.3618905544281,1.226061976002989,obse,soup_scene1,70,old
2847,12.36629867553711,1.224857688205571,obse,soup_scene1,70,old
2848,12.370553016662598,1.224857688205571,obse,soup_scene1,70,old
2849,12.375321626663208,1.2251736180808965,obse,soup_scene1,70,old
2850,12.379512071609497,1.2251736180808965,obse,soup_scene1,70,old
2851,12.384357690811157,1.2275991938014919,obse,soup_scene1,70,old
2852,12.388751983642578,1.2276161833342432,obse,soup_scene1,70,old
2853,12.393341302871704,1.2280259126382704,obse,soup_scene1,70,old
2854,12.397626638412476,1.227970672543336,obse,soup_scene1,70,old
2855,12.40215802192688,1.226748256515912,obse,soup_scene1,70,old
2856,12.40642786026001,1.2266983010873422,obse,soup_scene1,70,old
2857,12.410922527313232,1.2242423140193368,obse,soup_scene1,70,old
2858,12.415334939956665,1.2252984774142404,obse,soup_scene1,70,old
2859,12.419941186904907,1.2252984774142404,obse,soup_scene1,70,old
2860,12.4243803024292,1.2272102527104556,obse,soup_scene1,70,old
2861,12.428484201431274,1.2272102527104556,obse,soup_scene1,70,old
2862,12.432940483093262,1.2283369284162036,obse,soup_scene1,70,old
2863,12.437103748321533,1.2283369284162036,obse,soup_scene1,70,old
2864,12.441669702529907,1.2279287230435398,obse,soup_scene1,70,old
2865,12.446130275726318,1.2279287230435398,obse,soup_scene1,70,old
2866,12.450728178024292,1.2272598778936386,obse,soup_scene1,70,old
2867,12.455399513244629,1.2274832775430307,obse,soup_scene1,70,old
2868,12.459856986999512,1.2273984427096587,obse,soup_scene1,70,old
2869,12.4642915725708,1.22850308587194,obse,soup_scene1,70,old
2870,12.468663692474365,1.22850308587194,obse,soup_scene1,70,old
2871,12.473116874694824,1.2285114609278003,obse,soup_scene1,70,old
2872,12.4774329662323,1.2285114609278003,obse,soup_scene1,70,old
2873,12.481884717941284,1.228084176641221,obse,soup_scene1,70,old
2874,12.486505508422852,1.228084176641221,obse,soup_scene1,70,old
2875,12.490952491760254,1.2269275822342933,obse,soup_scene1,70,old
2876,12.495388507843018,1.2269275822342933,obse,soup_scene1,70,old
2877,12.500055313110352,1.2271423223334976,obse,soup_scene1,70,old
2878,12.50473141670227,1.2271423223334976,obse,soup_scene1,70,old
2879,12.509296655654907,1.2281309590015197,obse,soup_scene1,70,old
2880,12.513561964035034,1.2281309590015197,obse,soup_scene1,70,old
2881,12.51816701889038,1.2283293545552478,obse,soup_scene1,70,old
2882,12.522463321685791,1.228349873729655,obse,soup_scene1,70,old
2883,12.526984214782715,1.2279747998780912,obse,soup_scene1,70,old
2884,12.531431674957275,1.2271734985511693,obse,soup_scene1,70,old
2885,12.535888910293579,1.2271734985511693,obse,soup_scene1,70,old
2886,12.540311336517334,1.2275554056803344,obse,soup_scene1,70,old
2887,12.544689893722534,1.2275554056803344,obse,soup_scene1,70,old
2888,12.549176454544067,1.2280109585989412,obse,soup_scene1,70,old
2889,12.553622722625732,1.2280109585989412,obse,soup_scene1,70,old
2890,12.558281183242798,1.2297037096819898,obse,soup_scene1,70,old
2891,12.562546253204346,1.2297037096819898,obse,soup_scene1,70,old
2892,12.566955327987671,1.2301561121777302,obse,soup_scene1,70,old
2893,12.571276903152466,1.2301561121777302,obse,soup_scene1,70,old
2894,12.575870037078857,1.2302407485283644,obse,soup_scene1,70,old
2895,12.58009934425354,1.2302407485283644,obse,soup_scene1,70,old
2896,12.584885358810425,1.2300052735871196,obse,soup_scene1,70,old
2897,12.589177131652832,1.2303911224350415,obse,soup_scene1,70,old
2898,12.593568086624146,1.2277335754139556,obse,soup_scene1,70,old
2899,12.598002195358276,1.2284365269966961,obse,soup_scene1,70,old
2900,12.602410554885864,1.2284365269966961,obse,soup_scene1,70,old
2901,12.606732606887817,1.229643051095912,obse,soup_scene1,70,old
2902,12.611117839813232,1.229643051095912,obse,soup_scene1,70,old
2903,12.615519523620605,1.2308471444767206,obse,soup_scene1,70,old
2904,12.620036840438843,1.2308471444767206,obse,soup_scene1,70,old
2905,12.624453067779541,1.2312263245953148,obse,soup_scene1,70,old
2906,12.62855339050293,1.2312263245953148,obse,soup_scene1,70,old
2907,12.633045673370361,1.2309715852057617,obse,soup_scene1,70,old
2908,12.637144327163696,1.2309715852057617,obse,soup_scene1,70,old
2909,12.641562461853027,1.2287757503656362,obse,soup_scene1,70,old
2910,12.645950078964233,1.2287757503656362,obse,soup_scene1,70,old
2911,12.650606632232666,1.229680476218142,obse,soup_scene1,70,old
2912,12.655094146728516,1.229680476218142,obse,soup_scene1,70,old
2913,12.659529209136963,1.231306640785465,obse,soup_scene1,70,old
2914,12.664292812347412,1.2310953773398912,obse,soup_scene1,70,old
2915,12.668594598770142,1.2310953773398912,obse,soup_scene1,70,old
2916,12.672950029373169,1.2317538834486568,obse,soup_scene1,70,old
2917,12.677362442016602,1.2317538834486568,obse,soup_scene1,70,old
2918,12.681626081466675,1.2314814284593627,obse,soup_scene1,70,old
2919,12.686212062835693,1.2322231571126472,obse,soup_scene1,70,old
2920,12.690591812133789,1.2338164255921085,obse,soup_scene1,70,old
2921,12.6949143409729,1.2338164255921085,obse,soup_scene1,70,old
2922,12.699337244033813,1.233714030765835,obse,soup_scene1,70,old
2923,12.703607559204102,1.233714030765835,obse,soup_scene1,70,old
2924,12.70807147026062,1.2345071713257638,obse,soup_scene1,70,old
2925,12.71225881576538,1.2345071713257638,obse,soup_scene1,70,old
2926,12.716732740402222,1.2344728771244464,obse,soup_scene1,70,old
2927,12.720945119857788,1.2344728771244464,obse,soup_scene1,70,old
2928,12.725446701049805,1.235195712684761,obse,soup_scene1,70,old
2929,12.729813814163208,1.2355376053266707,obse,soup_scene1,70,old
2930,12.734377384185791,1.2359103738249797,obse,soup_scene1,70,old
2931,12.738821744918823,1.2355748942046434,obse,soup_scene1,70,old
2932,12.743246078491211,1.2359195631108522,obse,soup_scene1,70,old
2933,12.7476167678833,1.2362234142452484,obse,soup_scene1,70,old
2934,12.752006769180298,1.2364644139987893,obse,soup_scene1,70,old
2935,12.756394386291504,1.2353191106428127,obse,soup_scene1,70,old
2936,12.760953664779663,1.2353191106428127,obse,soup_scene1,70,old
2937,12.76552700996399,1.2369544325859951,obse,soup_scene1,70,old
2938,12.769886493682861,1.2369544325859951,obse,soup_scene1,70,old
2939,12.774455308914185,1.237512445717622,obse,soup_scene1,70,old
2940,12.778920412063599,1.237512445717622,obse,soup_scene1,70,old
2941,12.783085346221924,1.237512445717622,obse,soup_scene1,70,old
2942,12.78770112991333,1.2386104159152238,obse,soup_scene1,70,old
2943,12.792334794998169,1.2379946065134528,obse,soup_scene1,70,old
2944,12.797114849090576,1.2379946065134528,obse,soup_scene1,70,old
2945,12.801592588424683,1.2373677462858113,obse,soup_scene1,70,old
2946,12.80607557296753,1.2373495036206164,obse,soup_scene1,70,old
2947,12.810631513595581,1.2362621818292368,obse,soup_scene1,70,old
2948,12.814891338348389,1.2362621818292368,obse,soup_scene1,70,old
2949,12.819574356079102,1.2378838782735115,obse,soup_scene1,70,old
2950,12.824045181274414,1.2378838782735115,obse,soup_scene1,70,old
2951,12.828369617462158,1.238209287431392,obse,soup_scene1,70,old
2952,12.832452774047852,1.238209287431392,obse,soup_scene1,70,old
2953,12.836603879928589,1.238209287431392,obse,soup_scene1,70,old
2954,12.840925693511963,1.2395167015243453,obse,soup_scene1,70,old
2955,12.845531463623047,1.2395167015243453,obse,soup_scene1,70,old
2956,12.849589586257935,1.2395167015243453,obse,soup_scene1,70,old
2957,12.854554891586304,1.239288432714331,obse,soup_scene1,70,old
2958,12.858794450759888,1.239288432714331,obse,soup_scene1,70,old
2959,12.863056898117065,1.2392772048481944,obse,soup_scene1,70,old
2960,12.867279291152954,1.2392772048481944,obse,soup_scene1,70,old
2961,12.871676683425903,1.239493634013608,obse,soup_scene1,70,old
2962,12.876180648803711,1.2392305275434368,obse,soup_scene1,70,old
2963,12.880417346954346,1.2392305275434368,obse,soup_scene1,70,old
2964,12.884848356246948,1.2395480259221061,obse,soup_scene1,70,old
2965,12.889225721359253,1.2395480259221061,obse,soup_scene1,70,old
2966,12.893465280532837,1.2395480259221061,obse,soup_scene1,70,old
2967,12.897830963134766,1.2387160629430058,obse,soup_scene1,70,old
2968,12.90208625793457,1.2387160629430058,obse,soup_scene1,70,old
2969,12.906362056732178,1.2387160629430058,obse,soup_scene1,70,old
2970,12.9107825756073,1.238708723755373,obse,soup_scene1,70,old
2971,12.915066957473755,1.2387519391026558,obse,soup_scene1,70,old
2972,12.919169664382935,1.2387519391026558,obse,soup_scene1,70,old
2973,12.923779964447021,1.2395560356902156,obse,soup_scene1,70,old
2974,12.928359985351562,1.2404685679261074,obse,soup_scene1,70,old
2975,12.932570695877075,1.2404685679261074,obse,soup_scene1,70,old
2976,12.937220096588135,1.2401870096502394,obse,soup_scene1,70,old
2977,12.94144058227539,1.2403971468301034,obse,soup_scene1,70,old
2978,12.945795774459839,1.2403971468301034,obse,soup_scene1,70,old
2979,12.950448989868164,1.24094076088014,obse,soup_scene1,70,old
2980,12.955255508422852,1.2415423293151562,obse,soup_scene1,70,old
2981,12.9599449634552,1.242256402293582,obse,soup_scene1,70,old
2982,12.964620590209961,1.241822891218347,obse,soup_scene1,70,old
2983,12.969400644302368,1.2414778791576013,obse,soup_scene1,70,old
2984,12.974210023880005,1.2411706222912082,obse,soup_scene1,70,old
2985,12.97899603843689,1.2423850062559232,obse,soup_scene1,70,old
2986,12.983779191970825,1.2425015845494258,obse,soup_scene1,70,old
2987,12.98828387260437,1.2427227914990506,obse,soup_scene1,70,old
2988,12.992791414260864,1.243386760256032,obse,soup_scene1,70,old
2989,12.99703598022461,1.2433665693649014,obse,soup_scene1,70,old
2990,13.001342535018921,1.2435762218026094,obse,soup_scene1,70,old
2991,13.005671262741089,1.2435762218026094,obse,soup_scene1,70,old
2992,13.010071992874146,1.2444151451630467,obse,soup_scene1,70,old
2993,13.014301776885986,1.2443093170013273,obse,soup_scene1,70,old
2994,13.018806219100952,1.2432693024006924,obse,soup_scene1,70,old
2995,13.02321171760559,1.2435398828596933,obse,soup_scene1,70,old
2996,13.027381420135498,1.2444811307049997,obse,soup_scene1,70,old
2997,13.03163480758667,1.2441233397527667,obse,soup_scene1,70,old
2998,13.035743474960327,1.2441233397527667,obse,soup_scene1,70,old
2999,13.040039777755737,1.2445699888755102,obse,soup_scene1,70,old
3000,13.04421854019165,1.2445699888755102,obse,soup_scene1,70,old
3001,13.048447847366333,1.245189998938243,obse,soup_scene1,70,old
3002,13.05298399925232,1.245189998938243,obse,soup_scene1,70,old
3003,13.057435512542725,1.2457421199238117,obse,soup_scene1,70,old
3004,13.061676025390625,1.2457421199238117,obse,soup_scene1,70,old
3005,13.066215515136719,1.246471023346172,obse,soup_scene1,70,old
3006,13.070441961288452,1.246471023346172,obse,soup_scene1,70,old
3007,13.074926137924194,1.2463816095798865,obse,soup_scene1,70,old
3008,13.079175233840942,1.2463816095798865,obse,soup_scene1,70,old
3009,13.083850860595703,1.245818329397032,obse,soup_scene1,70,old
3010,13.088372230529785,1.245818329397032,obse,soup_scene1,70,old
3011,13.092976570129395,1.245426410203495,obse,soup_scene1,70,old
3012,13.09742021560669,1.245426410203495,obse,soup_scene1,70,old
3013,13.101807832717896,1.245908374633453,obse,soup_scene1,70,old
3014,13.106136560440063,1.2465770694264915,obse,soup_scene1,70,old
3015,13.110437631607056,1.2465282427958035,obse,soup_scene1,70,old
3016,13.114650964736938,1.246310385728031,obse,soup_scene1,70,old
3017,13.11907434463501,1.246358821960875,obse,soup_scene1,70,old
3018,13.123370170593262,1.247908316638527,obse,soup_scene1,70,old
3019,13.128086805343628,1.247908316638527,obse,soup_scene1,70,old
3020,13.132517337799072,1.2466428496113686,obse,soup_scene1,70,old
3021,13.137223243713379,1.2466428496113686,obse,soup_scene1,70,old
3022,13.141851425170898,1.2470416632235164,obse,soup_scene1,70,old
3023,13.1464364528656,1.2470416632235164,obse,soup_scene1,70,old
3024,13.151248455047607,1.2475433406971412,obse,soup_scene1,70,old
3025,13.155526399612427,1.2473979512160531,obse,soup_scene1,70,old
3026,13.160157918930054,1.2472821947176984,obse,soup_scene1,70,old
3027,13.16465139389038,1.246379028633462,obse,soup_scene1,70,old
3028,13.169387102127075,1.246379028633462,obse,soup_scene1,70,old
3029,13.173776149749756,1.2478700055899845,obse,soup_scene1,70,old
3030,13.178244352340698,1.2478700055899845,obse,soup_scene1,70,old
3031,13.182574033737183,1.2464285735332368,obse,soup_scene1,70,old
3032,13.187057495117188,1.2464285735332368,obse,soup_scene1,70,old
3033,13.19140911102295,1.2464047299134995,obse,soup_scene1,70,old
3034,13.195622205734253,1.2464047299134995,obse,soup_scene1,70,old
3035,13.199986457824707,1.2447866273265373,obse,soup_scene1,70,old
3036,13.20411729812622,1.2447866273265373,obse,soup_scene1,70,old
3037,13.208635091781616,1.2449045050489214,obse,soup_scene1,70,old
3038,13.212745666503906,1.2449045050489214,obse,soup_scene1,70,old
3039,13.216886520385742,1.2450374197368241,obse,soup_scene1,70,old
3040,13.221248388290405,1.2450374197368241,obse,soup_scene1,70,old
3041,13.225325107574463,1.2450374197368241,obse,soup_scene1,70,old
3042,13.22953987121582,1.2453734553064204,obse,soup_scene1,70,old
3043,13.233599662780762,1.2458991235320913,obse,soup_scene1,70,old
3044,13.237871170043945,1.2456240592238974,obse,soup_scene1,70,old
3045,13.241990327835083,1.2436200372312634,obse,soup_scene1,70,old
3046,13.246261358261108,1.2436200372312634,obse,soup_scene1,70,old
3047,13.250417232513428,1.2437218284201088,obse,soup_scene1,70,old
3048,13.254743576049805,1.2445587621575134,obse,soup_scene1,70,old
3049,13.25902247428894,1.2445587621575134,obse,soup_scene1,70,old
3050,13.263067960739136,1.2445587621575134,obse,soup_scene1,70,old
3051,13.267563343048096,1.244846905030489,obse,soup_scene1,70,old
3052,13.271662473678589,1.2448966374313504,obse,soup_scene1,70,old
3053,13.276129961013794,1.2450973065253323,obse,soup_scene1,70,old
3054,13.280470371246338,1.2448664671717058,obse,soup_scene1,70,old
3055,13.284629583358765,1.2448664671717058,obse,soup_scene1,70,old
3056,13.289117097854614,1.244249061147939,obse,soup_scene1,70,old
3057,13.293381452560425,1.244249061147939,obse,soup_scene1,70,old
3058,13.29778003692627,1.244249061147939,obse,soup_scene1,70,old
3059,13.301778554916382,1.244249061147939,obse,soup_scene1,70,old
3060,13.306619882583618,1.2442105616029089,obse,soup_scene1,70,old
3061,13.31084156036377,1.2442105616029089,obse,soup_scene1,70,old
3062,13.31516432762146,1.2442097598836714,obse,soup_scene1,70,old
3063,13.319480419158936,1.2438691551230692,obse,soup_scene1,70,old
3064,13.323748350143433,1.2435628098234068,obse,soup_scene1,70,old
3065,13.32796573638916,1.2428197351084547,obse,soup_scene1,70,old
3066,13.332140684127808,1.2428197351084547,obse,soup_scene1,70,old
3067,13.336493492126465,1.2437256359061086,obse,soup_scene1,70,old
3068,13.34062647819519,1.2437256359061086,obse,soup_scene1,70,old
3069,13.344799757003784,1.2437256359061086,obse,soup_scene1,70,old
3070,13.349202156066895,1.2441185479563168,obse,soup_scene1,70,old
3071,13.35368824005127,1.243982670841356,obse,soup_scene1,70,old
3072,13.358330488204956,1.2425364456413523,obse,soup_scene1,70,old
3073,13.362851619720459,1.2421965776639563,obse,soup_scene1,70,old
3074,13.367379426956177,1.2420100515917472,obse,soup_scene1,70,old
3075,13.371822118759155,1.241808821316402,obse,soup_scene1,70,old
3076,13.376449346542358,1.2424643487777085,obse,soup_scene1,70,old
3077,13.380998373031616,1.2422989433840104,obse,soup_scene1,70,old
3078,13.385306119918823,1.2426326035991506,obse,soup_scene1,70,old
3079,13.390111207962036,1.24197499034617,obse,soup_scene1,70,old
3080,13.39456057548523,1.243258426068939,obse,soup_scene1,70,old
3081,13.398922204971313,1.243579387244379,obse,soup_scene1,70,old
3082,13.40322208404541,1.243579387244379,obse,soup_scene1,70,old
3083,13.407529830932617,1.2440926745340832,obse,soup_scene1,70,old
3084,13.411738872528076,1.2440926745340832,obse,soup_scene1,70,old
3085,13.416218042373657,1.2441109576393004,obse,soup_scene1,70,old
3086,13.420665264129639,1.2441109576393004,obse,soup_scene1,70,old
3087,13.42492127418518,1.2458583700851564,obse,soup_scene1,70,old
3088,13.42904782295227,1.2458583700851564,obse,soup_scene1,70,old
3089,13.433316230773926,1.244172279419494,obse,soup_scene1,70,old
3090,13.43741750717163,1.244172279419494,obse,soup_scene1,70,old
3091,13.441689014434814,1.243482014212995,obse,soup_scene1,70,old
3092,13.44608759880066,1.243482014212995,obse,soup_scene1,70,old
3093,13.450575590133667,1.2442687043494043,obse,soup_scene1,70,old
3094,13.45503854751587,1.2442687043494043,obse,soup_scene1,70,old
3095,13.459521293640137,1.2444997954920076,obse,soup_scene1,70,old
3096,13.463651180267334,1.2444997954920076,obse,soup_scene1,70,old
3097,13.468398094177246,1.2451462600529337,obse,soup_scene1,70,old
3098,13.472585916519165,1.2451854751092564,obse,soup_scene1,70,old
3099,13.476906061172485,1.2463039985701245,obse,soup_scene1,70,old
3100,13.48105525970459,1.2463234927947537,obse,soup_scene1,70,old
3101,13.485406160354614,1.2473694329841465,obse,soup_scene1,70,old
3102,13.489817142486572,1.2473448823839928,obse,soup_scene1,70,old
3103,13.49416995048523,1.2461618593149733,obse,soup_scene1,70,old
3104,13.498520135879517,1.2464296386400617,obse,soup_scene1,70,old
3105,13.502777814865112,1.2464296386400617,obse,soup_scene1,70,old
3106,13.507165431976318,1.2469089359781336,obse,soup_scene1,70,old
3107,13.511427640914917,1.2469089359781336,obse,soup_scene1,70,old
3108,13.515697240829468,1.2473702819830008,obse,soup_scene1,70,old
3109,13.519874572753906,1.2473702819830008,obse,soup_scene1,70,old
3110,13.524456262588501,1.2489409756235847,obse,soup_scene1,70,old
3111,13.528656721115112,1.2489409756235847,obse,soup_scene1,70,old
3112,13.533119678497314,1.2518934307620242,obse,soup_scene1,70,old
3113,13.537311315536499,1.2518934307620242,obse,soup_scene1,70,old
3114,13.54175853729248,1.2496427629538922,obse,soup_scene1,70,old
3115,13.5458402633667,1.2496427629538922,obse,soup_scene1,70,old
3116,13.55034327507019,1.2491111947806521,obse,soup_scene1,70,old
3117,13.554561138153076,1.2491111947806521,obse,soup_scene1,70,old
3118,13.558992862701416,1.2490642322744478,obse,soup_scene1,70,old
3119,13.563091278076172,1.2490642322744478,obse,soup_scene1,70,old
3120,13.567641258239746,1.2487299552828357,obse,soup_scene1,70,old
3121,13.57185959815979,1.2485768008904234,obse,soup_scene1,70,old
3122,13.576231479644775,1.250268092104264,obse,soup_scene1,70,old
3123,13.58056354522705,1.2498220744205,obse,soup_scene1,70,old
3124,13.585078954696655,1.2495251311332047,obse,soup_scene1,70,old
3125,13.589497089385986,1.2478278726965795,obse,soup_scene1,70,old
3126,13.593760967254639,1.2478278726965795,obse,soup_scene1,70,old
3127,13.598047018051147,1.247335168445628,obse,soup_scene1,70,old
3128,13.60242223739624,1.2475406303842904,obse,soup_scene1,70,old
3129,13.606622457504272,1.248015944859907,obse,soup_scene1,70,old
3130,13.610893487930298,1.248015944859907,obse,soup_scene1,70,old
3131,13.615312576293945,1.247846669633524,obse,soup_scene1,70,old
3132,13.619800806045532,1.247846669633524,obse,soup_scene1,70,old
3133,13.62411880493164,1.2488252679163552,obse,soup_scene1,70,old
3134,13.628604173660278,1.2488252679163552,obse,soup_scene1,70,old
3135,13.63289189338684,1.2485934734783743,obse,soup_scene1,70,old
3136,13.63688588142395,1.2485934734783743,obse,soup_scene1,70,old
3137,13.641111850738525,1.2471963160604083,obse,soup_scene1,70,old
3138,13.645375490188599,1.2471963160604083,obse,soup_scene1,70,old
3139,13.649961233139038,1.2467700551518688,obse,soup_scene1,70,old
3140,13.65423059463501,1.2467700551518688,obse,soup_scene1,70,old
3141,13.658729553222656,1.2471427173164409,obse,soup_scene1,70,old
3142,13.66281247138977,1.2471427173164409,obse,soup_scene1,70,old
3143,13.667170763015747,1.2470342945233792,obse,soup_scene1,70,old
3144,13.671334266662598,1.2470342945233792,obse,soup_scene1,70,old
3145,13.675744771957397,1.2486478751913699,obse,soup_scene1,70,old
3146,13.67998743057251,1.2488687957407716,obse,soup_scene1,70,old
3147,13.684353113174438,1.248981925911511,obse,soup_scene1,70,old
3148,13.688725233078003,1.248981925911511,obse,soup_scene1,70,old
3149,13.693246841430664,1.246201346080104,obse,soup_scene1,70,old
3150,13.697467565536499,1.2461817192184546,obse,soup_scene1,70,old
3151,13.701905965805054,1.2456637413446112,obse,soup_scene1,70,old
3152,13.70614218711853,1.2458672847585097,obse,soup_scene1,70,old
3153,13.710559606552124,1.2461777327519439,obse,soup_scene1,70,old
3154,13.714761018753052,1.2468785969808716,obse,soup_scene1,70,old
3155,13.719127178192139,1.2468785969808716,obse,soup_scene1,70,old
3156,13.723438024520874,1.2485124572172053,obse,soup_scene1,70,old
3157,13.72775673866272,1.2485124572172053,obse,soup_scene1,70,old
3158,13.73215937614441,1.24954092370183,obse,soup_scene1,70,old
3159,13.736359119415283,1.24954092370183,obse,soup_scene1,70,old
3160,13.740838289260864,1.2485139724612284,obse,soup_scene1,70,old
3161,13.744974374771118,1.2485139724612284,obse,soup_scene1,70,old
3162,13.749329805374146,1.2471777566083366,obse,soup_scene1,70,old
3163,13.753616571426392,1.2471777566083366,obse,soup_scene1,70,old
3164,13.758096933364868,1.2477040667999832,obse,soup_scene1,70,old
3165,13.762342691421509,1.2477040667999832,obse,soup_scene1,70,old
3166,13.766706466674805,1.2480275312287579,obse,soup_scene1,70,old
3167,13.77101469039917,1.2480275312287579,obse,soup_scene1,70,old
3168,13.77549958229065,1.2487071570916717,obse,soup_scene1,70,old
3169,13.779644966125488,1.2487071570916717,obse,soup_scene1,70,old
3170,13.784215211868286,1.249512162224285,obse,soup_scene1,70,old
3171,13.788512706756592,1.249512162224285,obse,soup_scene1,70,old
3172,13.793408393859863,1.2498657281230063,obse,soup_scene1,70,old
3173,13.797557353973389,1.2501350488636624,obse,soup_scene1,70,old
3174,13.801891326904297,1.2478997378185614,obse,soup_scene1,70,old
3175,13.806089639663696,1.2477123644398314,obse,soup_scene1,70,old
3176,13.810831069946289,1.2472378157457649,obse,soup_scene1,70,old
3177,13.815146446228027,1.247431152732852,obse,soup_scene1,70,old
3178,13.819485425949097,1.247431152732852,obse,soup_scene1,70,old
3179,13.823926448822021,1.248673776792938,obse,soup_scene1,70,old
3180,13.828063726425171,1.248673776792938,obse,soup_scene1,70,old
3181,13.832365036010742,1.246335667244983,obse,soup_scene1,70,old
3182,13.836474895477295,1.246335667244983,obse,soup_scene1,70,old
3183,13.841097593307495,1.2494199468768763,obse,soup_scene1,70,old
3184,13.845352411270142,1.2494199468768763,obse,soup_scene1,70,old
3185,13.849993228912354,1.2479312781276704,obse,soup_scene1,70,old
3186,13.854462146759033,1.2479312781276704,obse,soup_scene1,70,old
3187,13.859067440032959,1.2477864173310107,obse,soup_scene1,70,old
3188,13.86324691772461,1.2475497669830413,obse,soup_scene1,70,old
3189,13.867546796798706,1.2479029777093322,obse,soup_scene1,70,old
3190,13.871770858764648,1.2476049704082752,obse,soup_scene1,70,old
3191,13.876261949539185,1.248578943636537,obse,soup_scene1,70,old
3192,13.880465984344482,1.248578943636537,obse,soup_scene1,70,old
3193,13.884980916976929,1.2499143245684865,obse,soup_scene1,70,old
3194,13.889460563659668,1.2497390097952257,obse,soup_scene1,70,old
3195,13.893940925598145,1.2489546779039227,obse,soup_scene1,70,old
3196,13.898538589477539,1.2470763866688515,obse,soup_scene1,70,old
3197,13.903000831604004,1.2470763866688515,obse,soup_scene1,70,old
3198,13.907410621643066,1.2473646803491505,obse,soup_scene1,70,old
3199,13.91166090965271,1.2473646803491505,obse,soup_scene1,70,old
3200,13.916149854660034,1.247611826588915,obse,soup_scene1,70,old
3201,13.920528888702393,1.247611826588915,obse,soup_scene1,70,old
3202,13.925066947937012,1.247538751495156,obse,soup_scene1,70,old
3203,13.929427146911621,1.247538751495156,obse,soup_scene1,70,old
3204,13.934225797653198,1.2487378804869274,obse,soup_scene1,70,old
3205,13.93833875656128,1.2487361798136012,obse,soup_scene1,70,old
3206,13.942886352539062,1.2481501734392724,obse,soup_scene1,70,old
3207,13.947001218795776,1.2481501734392724,obse,soup_scene1,70,old
3208,13.95199966430664,1.2465534584101576,obse,soup_scene1,70,old
3209,13.956231355667114,1.2464822992134372,obse,soup_scene1,70,old
3210,13.960721492767334,1.2424809429958505,obse,soup_scene1,70,old
3211,13.965032815933228,1.2431053359653979,obse,soup_scene1,70,old
3212,13.969558238983154,1.2431053359653979,obse,soup_scene1,70,old
3213,13.973934173583984,1.2455569237785058,obse,soup_scene1,70,old
3214,13.978464126586914,1.2455569237785058,obse,soup_scene1,70,old
3215,13.982933282852173,1.2469597537190604,obse,soup_scene1,70,old
3216,13.987476348876953,1.2469597537190604,obse,soup_scene1,70,old
3217,13.992163181304932,1.2473955937042935,obse,soup_scene1,70,old
3218,13.996369361877441,1.2473955937042935,obse,soup_scene1,70,old
3219,14.001099348068237,1.2457827104680044,obse,soup_scene1,70,old
3220,14.005405187606812,1.2454601450878153,obse,soup_scene1,70,old
3221,14.01001524925232,1.2447359800439806,obse,soup_scene1,70,old
3222,14.014105558395386,1.2447359800439806,obse,soup_scene1,70,old
3223,14.018431425094604,1.244586394745914,obse,soup_scene1,70,old
3224,14.02300238609314,1.244586394745914,obse,soup_scene1,70,old
3225,14.027285099029541,1.2445513254326341,obse,soup_scene1,70,old
3226,14.031595706939697,1.246025253197816,obse,soup_scene1,70,old
3227,14.035906076431274,1.246025253197816,obse,soup_scene1,70,old
3228,14.040360927581787,1.2455232373318144,obse,soup_scene1,70,old
3229,14.044694900512695,1.2455232373318144,obse,soup_scene1,70,old
3230,14.049006223678589,1.2455158832650455,obse,soup_scene1,70,old
3231,14.053577423095703,1.244615849620898,obse,soup_scene1,70,old
3232,14.057816505432129,1.244553498397512,obse,soup_scene1,70,old
3233,14.062260150909424,1.2410186607845664,obse,soup_scene1,70,old
3234,14.066604375839233,1.2410186607845664,obse,soup_scene1,70,old
3235,14.070987224578857,1.2410057877669016,obse,soup_scene1,70,old
3236,14.07536768913269,1.2410057877669016,obse,soup_scene1,70,old
3237,14.079528331756592,1.2407869784035845,obse,soup_scene1,70,old
3238,14.08378291130066,1.2410375915878051,obse,soup_scene1,70,old
3239,14.088125467300415,1.2410375915878051,obse,soup_scene1,70,old
3240,14.092567682266235,1.2413579260316994,obse,soup_scene1,70,old
3241,14.096832513809204,1.2424586887223927,obse,soup_scene1,70,old
3242,14.101065158843994,1.2424586887223927,obse,soup_scene1,70,old
3243,14.105379343032837,1.2429411195035152,obse,soup_scene1,70,old
3244,14.109627723693848,1.2429411195035152,obse,soup_scene1,70,old
3245,14.114481687545776,1.2418281698092897,obse,soup_scene1,70,old
3246,14.118633031845093,1.2418281698092897,obse,soup_scene1,70,old
3247,14.12303113937378,1.2396095812100867,obse,soup_scene1,70,old
3248,14.127205848693848,1.2396095812100867,obse,soup_scene1,70,old
3249,14.131496667861938,1.2399042314065274,obse,soup_scene1,70,old
3250,14.135964632034302,1.2399355804255476,obse,soup_scene1,70,old
3251,14.140155792236328,1.2399355804255476,obse,soup_scene1,70,old
3252,14.14418077468872,1.2399355804255476,obse,soup_scene1,70,old
3253,14.148526668548584,1.2397468527586513,obse,soup_scene1,70,old
3254,14.153012752532959,1.2399542967270127,obse,soup_scene1,70,old
3255,14.157384872436523,1.2399534611611587,obse,soup_scene1,70,old
3256,14.16197943687439,1.240900901120058,obse,soup_scene1,70,old
3257,14.166595458984375,1.2421868613469582,obse,soup_scene1,70,old
3258,14.17118525505066,1.2394730029998229,obse,soup_scene1,70,old
3259,14.175700426101685,1.2394428448458927,obse,soup_scene1,70,old
3260,14.18048906326294,1.2391427174503638,obse,soup_scene1,70,old
3261,14.184922456741333,1.2396940606319475,obse,soup_scene1,70,old
3262,14.189685106277466,1.2397373103429576,obse,soup_scene1,70,old
3263,14.194397449493408,1.240366630884432,obse,soup_scene1,70,old
3264,14.198628187179565,1.2390447896910257,obse,soup_scene1,70,old
3265,14.203043937683105,1.2390447896910257,obse,soup_scene1,70,old
3266,14.207366228103638,1.2376555356633936,obse,soup_scene1,70,old
3267,14.211671352386475,1.2376555356633936,obse,soup_scene1,70,old
3268,14.216125011444092,1.2377336004262265,obse,soup_scene1,70,old
3269,14.220673561096191,1.2377336004262265,obse,soup_scene1,70,old
3270,14.224965333938599,1.2379025131386248,obse,soup_scene1,70,old
3271,14.229076623916626,1.2379025131386248,obse,soup_scene1,70,old
3272,14.233534812927246,1.238229681545918,obse,soup_scene1,70,old
3273,14.237586736679077,1.238229681545918,obse,soup_scene1,70,old
3274,14.24255895614624,1.2389465909414814,obse,soup_scene1,70,old
3275,14.24675178527832,1.2389465909414814,obse,soup_scene1,70,old
3276,14.251193284988403,1.2391659173811684,obse,soup_scene1,70,old
3277,14.25559377670288,1.2391659173811684,obse,soup_scene1,70,old
3278,14.260228633880615,1.2372686941111024,obse,soup_scene1,70,old
3279,14.264610052108765,1.2370478910394962,obse,soup_scene1,70,old
3280,14.26896071434021,1.2370478910394962,obse,soup_scene1,70,old
3281,14.273303985595703,1.2367311835580248,obse,soup_scene1,70,old
3282,14.27757716178894,1.2367311835580248,obse,soup_scene1,70,old
3283,14.281917572021484,1.2365202302015152,obse,soup_scene1,70,old
3284,14.286344766616821,1.2365202302015152,obse,soup_scene1,70,old
3285,14.290922164916992,1.2381634050682857,obse,soup_scene1,70,old
3286,14.29525089263916,1.2381634050682857,obse,soup_scene1,70,old
3287,14.299881935119629,1.2366614892348524,obse,soup_scene1,70,old
3288,14.303977012634277,1.2366614892348524,obse,soup_scene1,70,old
3289,14.308422088623047,1.2336978788425172,obse,soup_scene1,70,old
3290,14.312551259994507,1.2336978788425172,obse,soup_scene1,70,old
3291,14.317150354385376,1.2335487734694288,obse,soup_scene1,70,old
3292,14.321505069732666,1.2335487734694288,obse,soup_scene1,70,old
3293,14.326004266738892,1.2336345653657304,obse,soup_scene1,70,old
3294,14.33015489578247,1.2336345653657304,obse,soup_scene1,70,old
3295,14.33493447303772,1.2346784498783947,obse,soup_scene1,70,old
3296,14.339186668395996,1.2346784498783947,obse,soup_scene1,70,old
3297,14.34371042251587,1.2354242402791875,obse,soup_scene1,70,old
3298,14.34795331954956,1.2338016066475743,obse,soup_scene1,70,old
3299,14.35249400138855,1.2338016066475743,obse,soup_scene1,70,old
3300,14.356780052185059,1.2330936415332585,obse,soup_scene1,70,old
3301,14.361162424087524,1.2330936415332585,obse,soup_scene1,70,old
3302,14.365509986877441,1.2338521929447899,obse,soup_scene1,70,old
3303,14.369792938232422,1.2338521929447899,obse,soup_scene1,70,old
3304,14.374232292175293,1.233824805771317,obse,soup_scene1,70,old
3305,14.37844705581665,1.233824805771317,obse,soup_scene1,70,old
3306,14.382961750030518,1.2342266912138595,obse,soup_scene1,70,old
3307,14.387230157852173,1.2342266912138595,obse,soup_scene1,70,old
3308,14.391626358032227,1.235088637979849,obse,soup_scene1,70,old
3309,14.395879983901978,1.235088637979849,obse,soup_scene1,70,old
3310,14.400377988815308,1.2344957950472475,obse,soup_scene1,70,old
3311,14.40465784072876,1.2344957950472475,obse,soup_scene1,70,old
3312,14.408998250961304,1.2336451288064427,obse,soup_scene1,70,old
3313,14.413154363632202,1.2336451288064427,obse,soup_scene1,70,old
3314,14.417141199111938,1.2336451288064427,obse,soup_scene1,70,old
3315,14.421790599822998,1.2344595154895976,obse,soup_scene1,70,old
3316,14.426197290420532,1.2344595154895976,obse,soup_scene1,70,old
3317,14.430380821228027,1.234436970088266,obse,soup_scene1,70,old
3318,14.434566736221313,1.2336771573925946,obse,soup_scene1,70,old
3319,14.438661813735962,1.2336771573925946,obse,soup_scene1,70,old
3320,14.443145513534546,1.2336771573925946,obse,soup_scene1,70,old
3321,14.447722673416138,1.2333411793737437,obse,soup_scene1,70,old
3322,14.45193076133728,1.2333411793737437,obse,soup_scene1,70,old
3323,14.456319093704224,1.2333411793737437,obse,soup_scene1,70,old
3324,14.46060037612915,1.2346802473622032,obse,soup_scene1,70,old
3325,14.46475076675415,1.2346802473622032,obse,soup_scene1,70,old
3326,14.469049215316772,1.2346195740446337,obse,soup_scene1,70,old
3327,14.473438739776611,1.2322160721173396,obse,soup_scene1,70,old
3328,14.477636814117432,1.2322160721173396,obse,soup_scene1,70,old
3329,14.481865644454956,1.232313945791198,obse,soup_scene1,70,old
3330,14.486273527145386,1.231850590243226,obse,soup_scene1,70,old
3331,14.490664958953857,1.2317468380480263,obse,soup_scene1,70,old
3332,14.494874477386475,1.2318806386648793,obse,soup_scene1,70,old
3333,14.499066591262817,1.2318806386648793,obse,soup_scene1,70,old
3334,14.503196239471436,1.2318806386648793,obse,soup_scene1,70,old
3335,14.507529497146606,1.2318527721031984,obse,soup_scene1,70,old
3336,14.51176142692566,1.231903785216611,obse,soup_scene1,70,old
3337,14.516242504119873,1.23256321961955,obse,soup_scene1,70,old
3338,14.520586729049683,1.2329261889200376,obse,soup_scene1,70,old
3339,14.524812459945679,1.2329261889200376,obse,soup_scene1,70,old
3340,14.529045581817627,1.2329261889200376,obse,soup_scene1,70,old
3341,14.53343677520752,1.2321026203963261,obse,soup_scene1,70,old
3342,14.537704706192017,1.2321026203963261,obse,soup_scene1,70,old
3343,14.541989088058472,1.2317730513793868,obse,soup_scene1,70,old
3344,14.546105861663818,1.2324564263644262,obse,soup_scene1,70,old
3345,14.550429582595825,1.2324564263644262,obse,soup_scene1,70,old
3346,14.5551278591156,1.2321158400726007,obse,soup_scene1,70,old
3347,14.559668779373169,1.2315189431633424,obse,soup_scene1,70,old
3348,14.564316749572754,1.2312352003590548,obse,soup_scene1,70,old
3349,14.568776369094849,1.2324887761648435,obse,soup_scene1,70,old
3350,14.573349952697754,1.2319249187977432,obse,soup_scene1,70,old
3351,14.578000783920288,1.2294527503058703,obse,soup_scene1,70,old
3352,14.5827796459198,1.2287731157801471,obse,soup_scene1,70,old
3353,14.587431192398071,1.228959139045287,obse,soup_scene1,70,old
3354,14.59187936782837,1.2299689938619132,obse,soup_scene1,70,old
3355,14.596363067626953,1.229992709392834,obse,soup_scene1,70,old
3356,14.600910186767578,1.2287546200643984,obse,soup_scene1,70,old
3357,14.605167388916016,1.2290542970851555,obse,soup_scene1,70,old
3358,14.609459161758423,1.227672852594919,obse,soup_scene1,70,old
3359,14.613611698150635,1.227672852594919,obse,soup_scene1,70,old
3360,14.618240356445312,1.226682292639154,obse,soup_scene1,70,old
3361,14.62286901473999,1.2263361082388557,obse,soup_scene1,70,old
3362,14.627257108688354,1.2266339269891833,obse,soup_scene1,70,old
3363,14.631499528884888,1.2266562081172865,obse,soup_scene1,70,old
3364,14.63609004020691,1.2262688857237416,obse,soup_scene1,70,old
3365,14.640604257583618,1.227479971250327,obse,soup_scene1,70,old
3366,14.645107746124268,1.227479971250327,obse,soup_scene1,70,old
3367,14.649744749069214,1.2268343351900077,obse,soup_scene1,70,old
3368,14.654158353805542,1.2268343351900077,obse,soup_scene1,70,old
3369,14.658625364303589,1.225719572050239,obse,soup_scene1,70,old
3370,14.662857294082642,1.225719572050239,obse,soup_scene1,70,old
3371,14.667422533035278,1.2247288698296321,obse,soup_scene1,70,old
3372,14.671715021133423,1.2247288698296321,obse,soup_scene1,70,old
3373,14.676273584365845,1.2244203068528812,obse,soup_scene1,70,old
3374,14.680479526519775,1.224388314898892,obse,soup_scene1,70,old
3375,14.684939622879028,1.2238393987366971,obse,soup_scene1,70,old
3376,14.689447402954102,1.2235405642379147,obse,soup_scene1,70,old
3377,14.693933010101318,1.2244690335765571,obse,soup_scene1,70,old
3378,14.698309659957886,1.2228785633139152,obse,soup_scene1,70,old
3379,14.702637195587158,1.2228785633139152,obse,soup_scene1,70,old
3380,14.707056045532227,1.222010207856693,obse,soup_scene1,70,old
3381,14.71136999130249,1.222010207856693,obse,soup_scene1,70,old
3382,14.71587347984314,1.22173630036132,obse,soup_scene1,70,old
3383,14.720193862915039,1.22173630036132,obse,soup_scene1,70,old
3384,14.72455096244812,1.2210867892372532,obse,soup_scene1,70,old
3385,14.728777408599854,1.2210867892372532,obse,soup_scene1,70,old
3386,14.733176708221436,1.2215730754711966,obse,soup_scene1,70,old
3387,14.737330913543701,1.2215730754711966,obse,soup_scene1,70,old
3388,14.7416090965271,1.2213036917833144,obse,soup_scene1,70,old
3389,14.746203660964966,1.2213036917833144,obse,soup_scene1,70,old
3390,14.750526666641235,1.2204150008202213,obse,soup_scene1,70,old
3391,14.754730463027954,1.2204150008202213,obse,soup_scene1,70,old
3392,14.759069681167603,1.2196349324129918,obse,soup_scene1,70,old
3393,14.763197898864746,1.2196349324129918,obse,soup_scene1,70,old
3394,14.767703533172607,1.2201656475035079,obse,soup_scene1,70,old
3395,14.771876573562622,1.2201656475035079,obse,soup_scene1,70,old
3396,14.776401996612549,1.2199968351964916,obse,soup_scene1,70,old
3397,14.781004905700684,1.2196450882081233,obse,soup_scene1,70,old
3398,14.785488843917847,1.2194137840325883,obse,soup_scene1,70,old
3399,14.79000997543335,1.2188351478271948,obse,soup_scene1,70,old
3400,14.794530868530273,1.2188351478271948,obse,soup_scene1,70,old
3401,14.79897928237915,1.2168565095613098,obse,soup_scene1,70,old
3402,14.80316948890686,1.2168565095613098,obse,soup_scene1,70,old
3403,14.807559490203857,1.2174832596232301,obse,soup_scene1,70,old
3404,14.811779499053955,1.2174832596232301,obse,soup_scene1,70,old
3405,14.816333532333374,1.2167445688997178,obse,soup_scene1,70,old
3406,14.820819854736328,1.2167445688997178,obse,soup_scene1,70,old
3407,14.825161695480347,1.2173568836850794,obse,soup_scene1,70,old
3408,14.829249382019043,1.2173568836850794,obse,soup_scene1,70,old
3409,14.83364486694336,1.2167781470716348,obse,soup_scene1,70,old
3410,14.837674617767334,1.2167781470716348,obse,soup_scene1,70,old
3411,14.84221625328064,1.2165875909711863,obse,soup_scene1,70,old
3412,14.846559047698975,1.2166576005193597,obse,soup_scene1,70,old
3413,14.851038455963135,1.2169215714992099,obse,soup_scene1,70,old
3414,14.855354309082031,1.216937146074727,obse,soup_scene1,70,old
3415,14.859733581542969,1.2170388289001015,obse,soup_scene1,70,old
3416,14.86405062675476,1.217018546972404,obse,soup_scene1,70,old
3417,14.868506669998169,1.2169512748574087,obse,soup_scene1,70,old
3418,14.872692108154297,1.2169672573714156,obse,soup_scene1,70,old
3419,14.877212047576904,1.2177301232177793,obse,soup_scene1,70,old
3420,14.881505250930786,1.2178072766265513,obse,soup_scene1,70,old
3421,14.88605260848999,1.2178072766265513,obse,soup_scene1,70,old
3422,14.89044976234436,1.2182398210664578,obse,soup_scene1,70,old
3423,14.894748449325562,1.2182398210664578,obse,soup_scene1,70,old
3424,14.899095058441162,1.217984935157616,obse,soup_scene1,70,old
3425,14.903363466262817,1.217984935157616,obse,soup_scene1,70,old
3426,14.908010005950928,1.2185123498674708,obse,soup_scene1,70,old
3427,14.912169456481934,1.2185123498674708,obse,soup_scene1,70,old
3428,14.916449785232544,1.2169749625568307,obse,soup_scene1,70,old
3429,14.920631408691406,1.2169749625568307,obse,soup_scene1,70,old
3430,14.925198316574097,1.2166279972168779,obse,soup_scene1,70,old
3431,14.92917013168335,1.2166279972168779,obse,soup_scene1,70,old
3432,14.93369722366333,1.217350202018541,obse,soup_scene1,70,old
3433,14.937811851501465,1.217350202018541,obse,soup_scene1,70,old
3434,14.94223165512085,1.218093027801217,obse,soup_scene1,70,old
3435,14.94654393196106,1.218093027801217,obse,soup_scene1,70,old
3436,14.951052904129028,1.217388307787758,obse,soup_scene1,70,old
3437,14.95537805557251,1.217311055499965,obse,soup_scene1,70,old
3438,14.959793329238892,1.2178002959911725,obse,soup_scene1,70,old
3439,14.963909387588501,1.2178002959911725,obse,soup_scene1,70,old
3440,14.968630075454712,1.217695359785184,obse,soup_scene1,70,old
3441,14.972883462905884,1.2174023441756585,obse,soup_scene1,70,old
3442,14.977306842803955,1.2174023441756585,obse,soup_scene1,70,old
3443,14.981897592544556,1.217009787596124,obse,soup_scene1,70,old
3444,14.986258745193481,1.217009787596124,obse,soup_scene1,70,old
3445,14.990436315536499,1.2169274894533424,obse,soup_scene1,70,old
3446,14.994927167892456,1.2173595096083774,obse,soup_scene1,70,old
3447,14.999245882034302,1.2183241921927082,obse,soup_scene1,70,old
3448,15.003516674041748,1.2183241921927082,obse,soup_scene1,70,old
3449,15.007979154586792,1.2179917913853868,obse,soup_scene1,70,old
3450,15.012180805206299,1.2179917913853868,obse,soup_scene1,70,old
3451,15.016623973846436,1.2177699090935235,obse,soup_scene1,70,old
3452,15.02100133895874,1.2177699090935235,obse,soup_scene1,70,old
3453,15.025250434875488,1.217001928257521,obse,soup_scene1,70,old
3454,15.029389381408691,1.217001928257521,obse,soup_scene1,70,old
3455,15.03360652923584,1.2179507649396566,obse,soup_scene1,70,old
3456,15.037731170654297,1.2179507649396566,obse,soup_scene1,70,old
3457,15.042230606079102,1.2196552437630408,obse,soup_scene1,70,old
3458,15.046416997909546,1.2196552437630408,obse,soup_scene1,70,old
3459,15.050913333892822,1.2193823669706432,obse,soup_scene1,70,old
3460,15.055237054824829,1.2193823669706432,obse,soup_scene1,70,old
3461,15.059700727462769,1.2166641765888684,obse,soup_scene1,70,old
3462,15.063866138458252,1.2166641765888684,obse,soup_scene1,70,old
3463,15.068674802780151,1.2168209748253467,obse,soup_scene1,70,old
3464,15.073100566864014,1.217742293249228,obse,soup_scene1,70,old
3465,15.077432632446289,1.217742293249228,obse,soup_scene1,70,old
3466,15.081731081008911,1.2191060024532219,obse,soup_scene1,70,old
3467,15.086214780807495,1.2191060024532219,obse,soup_scene1,70,old
3468,15.090636491775513,1.217851290731803,obse,soup_scene1,70,old
3469,15.094894647598267,1.217851290731803,obse,soup_scene1,70,old
3470,15.099399089813232,1.2178044509019073,obse,soup_scene1,70,old
3471,15.103715419769287,1.2178044509019073,obse,soup_scene1,70,old
3472,15.10831069946289,1.2193910477316152,obse,soup_scene1,70,old
3473,15.112528562545776,1.2193910477316152,obse,soup_scene1,70,old
3474,15.117178678512573,1.2189179237838268,obse,soup_scene1,70,old
3475,15.121340274810791,1.2189179237838268,obse,soup_scene1,70,old
3476,15.1256685256958,1.2171994259328802,obse,soup_scene1,70,old
3477,15.13008975982666,1.2171315572626333,obse,soup_scene1,70,old
3478,15.134639501571655,1.2164927357094537,obse,soup_scene1,70,old
3479,15.138883829116821,1.2162476846026624,obse,soup_scene1,70,old
3480,15.143267393112183,1.2177213172816996,obse,soup_scene1,70,old
3481,15.147607803344727,1.2170689550581741,obse,soup_scene1,70,old
3482,15.15214467048645,1.2170689550581741,obse,soup_scene1,70,old
3483,15.1566002368927,1.2173716367470426,obse,soup_scene1,70,old
3484,15.160865306854248,1.2173716367470426,obse,soup_scene1,70,old
3485,15.16516900062561,1.2191260893639704,obse,soup_scene1,70,old
3486,15.1695237159729,1.2191260893639704,obse,soup_scene1,70,old
3487,15.17398190498352,1.2182572597827586,obse,soup_scene1,70,old
3488,15.17828106880188,1.2182572597827586,obse,soup_scene1,70,old
3489,15.1828031539917,1.217472184480619,obse,soup_scene1,70,old
3490,15.187097072601318,1.217472184480619,obse,soup_scene1,70,old
3491,15.191684007644653,1.217129764012295,obse,soup_scene1,70,old
3492,15.195746898651123,1.217129764012295,obse,soup_scene1,70,old
3493,15.200249671936035,1.2167114474274776,obse,soup_scene1,70,old
3494,15.20439600944519,1.2167114474274776,obse,soup_scene1,70,old
3495,15.208996057510376,1.2173806141770345,obse,soup_scene1,70,old
3496,15.213095903396606,1.2173806141770345,obse,soup_scene1,70,old
3497,15.217489242553711,1.2173408988222187,obse,soup_scene1,70,old
3498,15.221828937530518,1.219931279577014,obse,soup_scene1,70,old
3499,15.225978374481201,1.219931279577014,obse,soup_scene1,70,old
3500,15.230557441711426,1.2199763242790247,obse,soup_scene1,70,old
3501,15.234710931777954,1.2179519938922836,obse,soup_scene1,70,old
3502,15.238837480545044,1.2179519938922836,obse,soup_scene1,70,old
3503,15.242987155914307,1.2179115993520264,obse,soup_scene1,70,old
3504,15.247702360153198,1.2169857478978565,obse,soup_scene1,70,old
3505,15.251978158950806,1.2169944557717964,obse,soup_scene1,70,old
3506,15.256275653839111,1.2173978120046411,obse,soup_scene1,70,old
3507,15.26067304611206,1.217382392972162,obse,soup_scene1,70,old
3508,15.264926195144653,1.2177967430797354,obse,soup_scene1,70,old
3509,15.269274234771729,1.2177967430797354,obse,soup_scene1,70,old
3510,15.273610591888428,1.2177149444762858,obse,soup_scene1,70,old
3511,15.277885675430298,1.2177149444762858,obse,soup_scene1,70,old
3512,15.282312631607056,1.219600222712733,obse,soup_scene1,70,old
3513,15.286627769470215,1.219600222712733,obse,soup_scene1,70,old
3514,15.291059494018555,1.2199692083811537,obse,soup_scene1,70,old
3515,15.295228481292725,1.2193295241498041,obse,soup_scene1,70,old
3516,15.299590587615967,1.2193295241498041,obse,soup_scene1,70,old
3517,15.303776025772095,1.2190293468844633,obse,soup_scene1,70,old
3518,15.308224201202393,1.2205793326400862,obse,soup_scene1,70,old
3519,15.312499523162842,1.2205860498788932,obse,soup_scene1,70,old
3520,15.316916227340698,1.2215823565914667,obse,soup_scene1,70,old
3521,15.321247816085815,1.2215823565914667,obse,soup_scene1,70,old
3522,15.325491189956665,1.2214628866261779,obse,soup_scene1,70,old
3523,15.329904079437256,1.2214628866261779,obse,soup_scene1,70,old
3524,15.334141731262207,1.220804756888382,obse,soup_scene1,70,old
3525,15.338489294052124,1.220804756888382,obse,soup_scene1,70,old
3526,15.34263801574707,1.220804756888382,obse,soup_scene1,70,old
3527,15.346904516220093,1.2207906497759784,obse,soup_scene1,70,old
3528,15.351263523101807,1.2173174781691907,obse,soup_scene1,70,old
3529,15.355877876281738,1.216491205685028,obse,soup_scene1,70,old
3530,15.360559940338135,1.2165849689902382,obse,soup_scene1,70,old
3531,15.365086078643799,1.2164796987512525,obse,soup_scene1,70,old
3532,15.369700193405151,1.2165177249294132,obse,soup_scene1,70,old
3533,15.374301433563232,1.2169943198499356,obse,soup_scene1,70,old
3534,15.378927946090698,1.2165483208789385,obse,soup_scene1,70,old
3535,15.383603572845459,1.2168335047440275,obse,soup_scene1,70,old
3536,15.388766050338745,1.2167254020170681,obse,soup_scene1,70,old
3537,15.39314341545105,1.2169665548950412,obse,soup_scene1,70,old
3538,15.397299528121948,1.2169665548950412,obse,soup_scene1,70,old
3539,15.40169906616211,1.2172095658380413,obse,soup_scene1,70,old
3540,15.40586519241333,1.217160647153167,obse,soup_scene1,70,old
3541,15.410217046737671,1.2170075467416797,obse,soup_scene1,70,old
3542,15.414377450942993,1.2169579488623075,obse,soup_scene1,70,old
3543,15.418792486190796,1.2169579488623075,obse,soup_scene1,70,old
3544,15.423125743865967,1.2170491028959751,obse,soup_scene1,70,old
3545,15.427460193634033,1.2170491028959751,obse,soup_scene1,70,old
3546,15.431695699691772,1.2173018218120792,obse,soup_scene1,70,old
3547,15.435972213745117,1.2173018218120792,obse,soup_scene1,70,old
3548,15.440316677093506,1.2170548687485818,obse,soup_scene1,70,old
3549,15.444576263427734,1.2170548687485818,obse,soup_scene1,70,old
3550,15.448816299438477,1.2172122269673478,obse,soup_scene1,70,old
3551,15.453236103057861,1.2172122269673478,obse,soup_scene1,70,old
3552,15.457633256912231,1.216916634255467,obse,soup_scene1,70,old
3553,15.46190357208252,1.216916634255467,obse,soup_scene1,70,old
3554,15.46611213684082,1.217292427670541,obse,soup_scene1,70,old
3555,15.470466136932373,1.217292427670541,obse,soup_scene1,70,old
3556,15.47495436668396,1.217273413521361,obse,soup_scene1,70,old
3557,15.479170560836792,1.217273413521361,obse,soup_scene1,70,old
3558,15.483670473098755,1.2168867679494346,obse,soup_scene1,70,old
3559,15.488178491592407,1.2172022722683957,obse,soup_scene1,70,old
3560,15.492666721343994,1.2173807808206172,obse,soup_scene1,70,old
3561,15.496869325637817,1.2173807808206172,obse,soup_scene1,70,old
3562,15.501479864120483,1.216826941433346,obse,soup_scene1,70,old
3563,15.505623817443848,1.2170672283461286,obse,soup_scene1,70,old
3564,15.5099618434906,1.2170672283461286,obse,soup_scene1,70,old
3565,15.514027118682861,1.217414570497176,obse,soup_scene1,70,old
3566,15.518439292907715,1.2170838214056223,obse,soup_scene1,70,old
3567,15.52279281616211,1.2170941593274254,obse,soup_scene1,70,old
3568,15.527049779891968,1.2172999186888982,obse,soup_scene1,70,old
3569,15.531322717666626,1.2169462615691005,obse,soup_scene1,70,old
3570,15.535566091537476,1.21665856369693,obse,soup_scene1,70,old
3571,15.539860010147095,1.217250884922991,obse,soup_scene1,70,old
3572,15.544148683547974,1.217250884922991,obse,soup_scene1,70,old
3573,15.548438549041748,1.2174667562000419,obse,soup_scene1,70,old
3574,15.552902221679688,1.2174667562000419,obse,soup_scene1,70,old
3575,15.557196617126465,1.216826556906501,obse,soup_scene1,70,old
3576,15.561575174331665,1.216826556906501,obse,soup_scene1,70,old
3577,15.565906524658203,1.217116071502953,obse,soup_scene1,70,old
3578,15.570231914520264,1.217116071502953,obse,soup_scene1,70,old
3579,15.574613332748413,1.217038218360992,obse,soup_scene1,70,old
3580,15.578881025314331,1.217038218360992,obse,soup_scene1,70,old
3581,15.583257675170898,1.2174411786531365,obse,soup_scene1,70,old
3582,15.587477445602417,1.2174411786531365,obse,soup_scene1,70,old
3583,15.591820240020752,1.2171737578357473,obse,soup_scene1,70,old
3584,15.595870971679688,1.2171737578357473,obse,soup_scene1,70,old
3585,15.600241899490356,1.2169951848502238,obse,soup_scene1,70,old
3586,15.604334115982056,1.2169951848502238,obse,soup_scene1,70,old
3587,15.608694553375244,1.2168018298214747,obse,soup_scene1,70,old
3588,15.612783908843994,1.2168018298214747,obse,soup_scene1,70,old
3589,15.617164850234985,1.2169152249012465,obse,soup_scene1,70,old
3590,15.621546983718872,1.2169152249012465,obse,soup_scene1,70,old
3591,15.62582516670227,1.2166939324236292,obse,soup_scene1,70,old
3592,15.630353927612305,1.2171160321589103,obse,soup_scene1,70,old
3593,15.634602308273315,1.2171160321589103,obse,soup_scene1,70,old
3594,15.63883900642395,1.2171160321589103,obse,soup_scene1,70,old
3595,15.642991304397583,1.2172223020238881,obse,soup_scene1,70,old
3596,15.647171258926392,1.2172223020238881,obse,soup_scene1,70,old
3597,15.651488542556763,1.2171209463187609,obse,soup_scene1,70,old
3598,15.655733346939087,1.2167304840038002,obse,soup_scene1,70,old
3599,15.659939050674438,1.2167304840038002,obse,soup_scene1,70,old
3600,15.664106369018555,1.21712482254399,obse,soup_scene1,70,old
3601,15.668370962142944,1.2174033041780485,obse,soup_scene1,70,old
3602,15.672499418258667,1.2174033041780485,obse,soup_scene1,70,old
3603,15.677085638046265,1.21690956299159,obse,soup_scene1,70,old
3604,15.681249141693115,1.21690956299159,obse,soup_scene1,70,old
3605,15.685485363006592,1.21690956299159,obse,soup_scene1,70,old
3606,15.69001817703247,1.2169102950416737,obse,soup_scene1,70,old
3607,15.694453477859497,1.2173786813263339,obse,soup_scene1,70,old
3608,15.698627471923828,1.2173786813263339,obse,soup_scene1,70,old
3609,15.70277738571167,1.2173786813263339,obse,soup_scene1,70,old
3610,15.706911087036133,1.2171289041295905,obse,soup_scene1,70,old
3611,15.711212635040283,1.2172140701169092,obse,soup_scene1,70,old
3612,15.715330362319946,1.2172140701169092,obse,soup_scene1,70,old
3613,15.71957516670227,1.2171284064250822,obse,soup_scene1,70,old
3614,15.723934412002563,1.217216700672748,obse,soup_scene1,70,old
3615,15.728419542312622,1.2170468081390424,obse,soup_scene1,70,old
3616,15.732848405838013,1.2170468081390424,obse,soup_scene1,70,old
3617,15.737156867980957,1.2173607747996114,obse,soup_scene1,70,old
3618,15.741463899612427,1.2173607747996114,obse,soup_scene1,70,old
3619,15.745692014694214,1.2173607747996114,obse,soup_scene1,70,old
3620,15.749989032745361,1.2176831090733706,obse,soup_scene1,70,old
3621,15.754354000091553,1.2176831090733706,obse,soup_scene1,70,old
3622,15.758658170700073,1.2178586353916314,obse,soup_scene1,70,old
3623,15.763136386871338,1.217793728223276,obse,soup_scene1,70,old
3624,15.767551183700562,1.2186280289287401,obse,soup_scene1,70,old
3625,15.772015571594238,1.219942082210823,obse,soup_scene1,70,old
3626,15.776424646377563,1.221187668072597,obse,soup_scene1,70,old
3627,15.780993461608887,1.2203033906487195,obse,soup_scene1,70,old
3628,15.785426616668701,1.2208692440154232,obse,soup_scene1,70,old
3629,15.78974175453186,1.2221102678447946,obse,soup_scene1,70,old
3630,15.794167518615723,1.2223336389558561,obse,soup_scene1,70,old
3631,15.798567533493042,1.2220022822259804,obse,soup_scene1,70,old
3632,15.802857160568237,1.2220022822259804,obse,soup_scene1,70,old
3633,15.807057857513428,1.219409563637206,obse,soup_scene1,70,old
3634,15.811327695846558,1.219409563637206,obse,soup_scene1,70,old
3635,15.815592288970947,1.2194221988905183,obse,soup_scene1,70,old
3636,15.820096969604492,1.2194221988905183,obse,soup_scene1,70,old
3637,15.82424783706665,1.2196742306304602,obse,soup_scene1,70,old
3638,15.828305006027222,1.2196742306304602,obse,soup_scene1,70,old
3639,15.83257269859314,1.2190090671689315,obse,soup_scene1,70,old
3640,15.836623191833496,1.2190090671689315,obse,soup_scene1,70,old
3641,15.840887784957886,1.2190419854712335,obse,soup_scene1,70,old
3642,15.845216989517212,1.2190419854712335,obse,soup_scene1,70,old
3643,15.849902868270874,1.2185915326813983,obse,soup_scene1,70,old
3644,15.854178190231323,1.2185915326813983,obse,soup_scene1,70,old
3645,15.858663558959961,1.2209839477201452,obse,soup_scene1,70,old
3646,15.862973690032959,1.2209839477201452,obse,soup_scene1,70,old
3647,15.867391347885132,1.2239909984505586,obse,soup_scene1,70,old
3648,15.871551513671875,1.2239909984505586,obse,soup_scene1,70,old
3649,15.875834465026855,1.22531420002723,obse,soup_scene1,70,old
3650,15.879988193511963,1.2252209998685815,obse,soup_scene1,70,old
3651,15.884372472763062,1.222269580745466,obse,soup_scene1,70,old
3652,15.888695240020752,1.222269580745466,obse,soup_scene1,70,old
3653,15.893111228942871,1.22238723299576,obse,soup_scene1,70,old
3654,15.897230863571167,1.22238723299576,obse,soup_scene1,70,old
3655,15.901779651641846,1.2194879113405448,obse,soup_scene1,70,old
3656,15.90609860420227,1.2198133899117927,obse,soup_scene1,70,old
3657,15.910505294799805,1.2218817793767451,obse,soup_scene1,70,old
3658,15.915106058120728,1.2245366352219729,obse,soup_scene1,70,old
3659,15.919656038284302,1.2245366352219729,obse,soup_scene1,70,old
3660,15.9239821434021,1.2286348128695772,obse,soup_scene1,70,old
3661,15.928157329559326,1.2286348128695772,obse,soup_scene1,70,old
3662,15.932544469833374,1.229558754872798,obse,soup_scene1,70,old
3663,15.936769247055054,1.229558754872798,obse,soup_scene1,70,old
3664,15.941274166107178,1.227804137614552,obse,soup_scene1,70,old
3665,15.945451498031616,1.227804137614552,obse,soup_scene1,70,old
3666,15.949798822402954,1.2284197092215408,obse,soup_scene1,70,old
3667,15.954031944274902,1.2284197092215408,obse,soup_scene1,70,old
3668,15.958406925201416,1.2249780466974436,obse,soup_scene1,70,old
3669,15.962830066680908,1.2249780466974436,obse,soup_scene1,70,old
3670,15.96731972694397,1.2266821310642104,obse,soup_scene1,70,old
3671,15.971506834030151,1.2266821310642104,obse,soup_scene1,70,old
3672,15.976139068603516,1.2287834657227101,obse,soup_scene1,70,old
3673,15.980743885040283,1.2264590202842574,obse,soup_scene1,70,old
3674,15.985249757766724,1.2264590202842574,obse,soup_scene1,70,old
3675,15.989591121673584,1.2280455115613413,obse,soup_scene1,70,old
3676,15.994056463241577,1.2280455115613413,obse,soup_scene1,70,old
3677,15.998527765274048,1.229951133280964,obse,soup_scene1,70,old
3678,16.002976894378662,1.229951133280964,obse,soup_scene1,70,old
3679,16.00731611251831,1.2280723672036509,obse,soup_scene1,70,old
3680,16.011844158172607,1.2280723672036509,obse,soup_scene1,70,old
3681,16.016263008117676,1.233016472411572,obse,soup_scene1,70,old
3682,16.020780086517334,1.233016472411572,obse,soup_scene1,70,old
3683,16.025209426879883,1.230159043781199,obse,soup_scene1,70,old
3684,16.029338121414185,1.230159043781199,obse,soup_scene1,70,old
3685,16.03410577774048,1.2264851957178287,obse,soup_scene1,70,old
3686,16.03827738761902,1.2264851957178287,obse,soup_scene1,70,old
3687,16.042943954467773,1.2308918954095556,obse,soup_scene1,70,old
3688,16.04720401763916,1.2308918954095556,obse,soup_scene1,70,old
3689,16.051808834075928,1.233172971956485,obse,soup_scene1,70,old
3690,16.0563063621521,1.22961761652311,obse,soup_scene1,70,old
3691,16.060731410980225,1.22961761652311,obse,soup_scene1,70,old
3692,16.065122365951538,1.230304144647088,obse,soup_scene1,70,old
3693,16.069611072540283,1.230304144647088,obse,soup_scene1,70,old
3694,16.074121236801147,1.227559569815546,obse,soup_scene1,70,old
3695,16.078402757644653,1.227559569815546,obse,soup_scene1,70,old
3696,16.08300757408142,1.228437575519032,obse,soup_scene1,70,old
3697,16.087432622909546,1.228437575519032,obse,soup_scene1,70,old
3698,16.09204077720642,1.2333564978063885,obse,soup_scene1,70,old
3699,16.09627079963684,1.2333564978063885,obse,soup_scene1,70,old
3700,16.101051092147827,1.2351168521768063,obse,soup_scene1,70,old
3701,16.10527801513672,1.2351271938439579,obse,soup_scene1,70,old
3702,16.109785795211792,1.2278901046368444,obse,soup_scene1,70,old
3703,16.114272117614746,1.2278420416964495,obse,soup_scene1,70,old
3704,16.11876106262207,1.2322683206097793,obse,soup_scene1,70,old
3705,16.123201370239258,1.2318770892855053,obse,soup_scene1,70,old
3706,16.127560138702393,1.2318770892855053,obse,soup_scene1,70,old
3707,16.131991624832153,1.2322363547088968,obse,soup_scene1,70,old
3708,16.136594772338867,1.2322363547088968,obse,soup_scene1,70,old
3709,16.141083002090454,1.232779199731447,obse,soup_scene1,70,old
3710,16.145516395568848,1.232779199731447,obse,soup_scene1,70,old
3711,16.15006971359253,1.2297991055687703,obse,soup_scene1,70,old
3712,16.1544349193573,1.2297991055687703,obse,soup_scene1,70,old
3713,16.159011363983154,1.2351650607559264,obse,soup_scene1,70,old
3714,16.163325309753418,1.235164510382323,obse,soup_scene1,70,old
3715,16.167909383773804,1.234046500904019,obse,soup_scene1,70,old
3716,16.17223882675171,1.234046500904019,obse,soup_scene1,70,old
3717,16.177014350891113,1.234580625129942,obse,soup_scene1,70,old
3718,16.181683778762817,1.232263241508377,obse,soup_scene1,70,old
3719,16.186147212982178,1.232263241508377,obse,soup_scene1,70,old
3720,16.190670013427734,1.2387052021225107,obse,soup_scene1,70,old
3721,16.19502854347229,1.2387052021225107,obse,soup_scene1,70,old
3722,16.199491500854492,1.2355775455834133,obse,soup_scene1,70,old
3723,16.203852891921997,1.2355775455834133,obse,soup_scene1,70,old
3724,16.20837950706482,1.239841021682862,obse,soup_scene1,70,old
3725,16.2126145362854,1.239841021682862,obse,soup_scene1,70,old
3726,16.21739888191223,1.2371109848273778,obse,soup_scene1,70,old
3727,16.221965074539185,1.2372401976629541,obse,soup_scene1,70,old
3728,16.226215600967407,1.2326130899246568,obse,soup_scene1,70,old
3729,16.230512619018555,1.2324846901002502,obse,soup_scene1,70,old
3730,16.234800577163696,1.2329849820008905,obse,soup_scene1,70,old
3731,16.239067316055298,1.2330856977180429,obse,soup_scene1,70,old
3732,16.243349313735962,1.2333319629851804,obse,soup_scene1,70,old
3733,16.247568130493164,1.2333319629851804,obse,soup_scene1,70,old
3734,16.252493381500244,1.2343416458484116,obse,soup_scene1,70,old
3735,16.25690245628357,1.2362168952501063,obse,soup_scene1,70,old
3736,16.261290073394775,1.2362168952501063,obse,soup_scene1,70,old
3737,16.26572299003601,1.2358517113036318,obse,soup_scene1,70,old
3738,16.270039558410645,1.2358517113036318,obse,soup_scene1,70,old
3739,16.27450466156006,1.2344375098868634,obse,soup_scene1,70,old
3740,16.27883219718933,1.2344375098868634,obse,soup_scene1,70,old
3741,16.28342914581299,1.2357621554055058,obse,soup_scene1,70,old
3742,16.28775453567505,1.2357621554055058,obse,soup_scene1,70,old
3743,16.292307138442993,1.2374566092231671,obse,soup_scene1,70,old
3744,16.296746492385864,1.2374566092231671,obse,soup_scene1,70,old
3745,16.301307201385498,1.2378623878101749,obse,soup_scene1,70,old
3746,16.305814027786255,1.2375435849631715,obse,soup_scene1,70,old
3747,16.31023120880127,1.2375435849631715,obse,soup_scene1,70,old
3748,16.314604997634888,1.2380649426319723,obse,soup_scene1,70,old
3749,16.319010257720947,1.2380649426319723,obse,soup_scene1,70,old
3750,16.323490381240845,1.2345399900902776,obse,soup_scene1,70,old
3751,16.327819347381592,1.2345399900902776,obse,soup_scene1,70,old
3752,16.332289934158325,1.2379816641972934,obse,soup_scene1,70,old
3753,16.337026596069336,1.2379816641972934,obse,soup_scene1,70,old
3754,16.341971158981323,1.2351345273141896,obse,soup_scene1,70,old
3755,16.346277713775635,1.2351345273141896,obse,soup_scene1,70,old
3756,16.35076594352722,1.2344512785907138,obse,soup_scene1,70,old
3757,16.355218648910522,1.23454143896506,obse,soup_scene1,70,old
3758,16.359673261642456,1.236558352500598,obse,soup_scene1,70,old
3759,16.364093542099,1.236839787905222,obse,soup_scene1,70,old
3760,16.368517637252808,1.2375595006360496,obse,soup_scene1,70,old
3761,16.372953414916992,1.2373414184474552,obse,soup_scene1,70,old
3762,16.377463579177856,1.2335325424660593,obse,soup_scene1,70,old
3763,16.38213539123535,1.2354878432025231,obse,soup_scene1,70,old
3764,16.38655114173889,1.2354878432025231,obse,soup_scene1,70,old
3765,16.391139268875122,1.2347366040451604,obse,soup_scene1,70,old
3766,16.39545226097107,1.2347366040451604,obse,soup_scene1,70,old
3767,16.4001407623291,1.2400724490887403,obse,soup_scene1,70,old
3768,16.404436111450195,1.2400724490887403,obse,soup_scene1,70,old
3769,16.409157514572144,1.2371665252220883,obse,soup_scene1,70,old
3770,16.413512706756592,1.2369036036778662,obse,soup_scene1,70,old
3771,16.418201208114624,1.234335158933627,obse,soup_scene1,70,old
3772,16.42269015312195,1.234335158933627,obse,soup_scene1,70,old
3773,16.427041053771973,1.234386010156367,obse,soup_scene1,70,old
3774,16.431272268295288,1.234386010156367,obse,soup_scene1,70,old
3775,16.435579776763916,1.234386010156367,obse,soup_scene1,70,old
3776,16.440136432647705,1.2335237515538457,obse,soup_scene1,70,old
3777,16.44438147544861,1.2335237515538457,obse,soup_scene1,70,old
3778,16.44882082939148,1.2335237515538457,obse,soup_scene1,70,old
3779,16.453567504882812,1.2331078674847988,obse,soup_scene1,70,old
3780,16.457899570465088,1.2331078674847988,obse,soup_scene1,70,old
3781,16.46268582344055,1.2334936189692693,obse,soup_scene1,70,old
3782,16.467121362686157,1.232614187746893,obse,soup_scene1,70,old
3783,16.471654415130615,1.232614187746893,obse,soup_scene1,70,old
3784,16.476162910461426,1.233675443591046,obse,soup_scene1,70,old
3785,16.480597257614136,1.233675443591046,obse,soup_scene1,70,old
3786,16.48523259162903,1.233675443591046,obse,soup_scene1,70,old
3787,16.489712238311768,1.2330611483794698,obse,soup_scene1,70,old
3788,16.493958950042725,1.2330611483794698,obse,soup_scene1,70,old
3789,16.4985511302948,1.2330611483794698,obse,soup_scene1,70,old
3790,16.503268718719482,1.2333967079762547,obse,soup_scene1,70,old
3791,16.507814407348633,1.233394926551824,obse,soup_scene1,70,old
3792,16.512168645858765,1.23342335256784,obse,soup_scene1,70,old
3793,16.516543865203857,1.230963113340648,obse,soup_scene1,70,old
3794,16.520754098892212,1.230963113340648,obse,soup_scene1,70,old
3795,16.525536060333252,1.232578830185896,obse,soup_scene1,70,old
3796,16.530078411102295,1.232606430196005,obse,soup_scene1,70,old
3797,16.534547328948975,1.2334374560328674,obse,soup_scene1,70,old
3798,16.5388925075531,1.2334374560328674,obse,soup_scene1,70,old
3799,16.543395519256592,1.2331241807052558,obse,soup_scene1,70,old
3800,16.547812938690186,1.2331241807052558,obse,soup_scene1,70,old
3801,16.55256700515747,1.2344657001829151,obse,soup_scene1,70,old
3802,16.55722951889038,1.235853836849511,obse,soup_scene1,70,old
3803,16.56199550628662,1.2369315151753553,obse,soup_scene1,70,old
3804,16.56673002243042,1.2381091674526767,obse,soup_scene1,70,old
3805,16.571512460708618,1.2367187084935252,obse,soup_scene1,70,old
3806,16.576255083084106,1.237320737496106,obse,soup_scene1,70,old
3807,16.581225872039795,1.2367299342609186,obse,soup_scene1,70,old
3808,16.585886001586914,1.2361669314314045,obse,soup_scene1,70,old
3809,16.590571403503418,1.2375028425973675,obse,soup_scene1,70,old
3810,16.595349311828613,1.2400791801421935,obse,soup_scene1,70,old
3811,16.600059270858765,1.240985898478244,obse,soup_scene1,70,old
3812,16.604695558547974,1.240889106569273,obse,soup_scene1,70,old
3813,16.6094388961792,1.2378525133070688,obse,soup_scene1,70,old
3814,16.613790035247803,1.2378338198650567,obse,soup_scene1,70,old
3815,16.618454694747925,1.239279573989437,obse,soup_scene1,70,old
3816,16.6230525970459,1.2399133971349325,obse,soup_scene1,70,old
3817,16.62729835510254,1.2399133971349325,obse,soup_scene1,70,old
3818,16.63171410560608,1.240738759711417,obse,soup_scene1,70,old
3819,16.635886907577515,1.240738759711417,obse,soup_scene1,70,old
3820,16.64046001434326,1.2409761751111639,obse,soup_scene1,70,old
3821,16.644798755645752,1.2409761751111639,obse,soup_scene1,70,old
3822,16.6492862701416,1.242465794080308,obse,soup_scene1,70,old
3823,16.65373659133911,1.242465794080308,obse,soup_scene1,70,old
3824,16.658227682113647,1.2406548833565427,obse,soup_scene1,70,old
3825,16.6628315448761,1.2406548833565427,obse,soup_scene1,70,old
3826,16.667339086532593,1.239837153502078,obse,soup_scene1,70,old
3827,16.67153549194336,1.239837153502078,obse,soup_scene1,70,old
3828,16.676082134246826,1.2397149889996342,obse,soup_scene1,70,old
3829,16.680333614349365,1.239707954877743,obse,soup_scene1,70,old
3830,16.684796810150146,1.240506587771289,obse,soup_scene1,70,old
3831,16.689293146133423,1.2400451889253985,obse,soup_scene1,70,old
3832,16.69368076324463,1.2400451889253985,obse,soup_scene1,70,old
3833,16.698131799697876,1.240726537303257,obse,soup_scene1,70,old
3834,16.702494859695435,1.240726537303257,obse,soup_scene1,70,old
3835,16.706883907318115,1.2377871073475373,obse,soup_scene1,70,old
3836,16.71127486228943,1.2377871073475373,obse,soup_scene1,70,old
3837,16.71584391593933,1.2415463877602015,obse,soup_scene1,70,old
3838,16.720274925231934,1.2415463877602015,obse,soup_scene1,70,old
3839,16.72494149208069,1.2394354937606233,obse,soup_scene1,70,old
3840,16.729129314422607,1.2394354937606233,obse,soup_scene1,70,old
3841,16.733825206756592,1.240031491110266,obse,soup_scene1,70,old
3842,16.738309860229492,1.2403422140221851,obse,soup_scene1,70,old
3843,16.742833614349365,1.2407781858995008,obse,soup_scene1,70,old
3844,16.747180223464966,1.240535762492007,obse,soup_scene1,70,old
3845,16.75186848640442,1.2414262934787634,obse,soup_scene1,70,old
3846,16.756409883499146,1.2452497485804457,obse,soup_scene1,70,old
3847,16.760811805725098,1.2452497485804457,obse,soup_scene1,70,old
3848,16.76541781425476,1.2421903849254379,obse,soup_scene1,70,old
3849,16.769735097885132,1.2421903849254379,obse,soup_scene1,70,old
3850,16.77442479133606,1.2421165472699371,obse,soup_scene1,70,old
3851,16.778685569763184,1.2421165472699371,obse,soup_scene1,70,old
3852,16.78349781036377,1.2420060662860597,obse,soup_scene1,70,old
3853,16.78785490989685,1.2420060662860597,obse,soup_scene1,70,old
3854,16.79251718521118,1.239912227295373,obse,soup_scene1,70,old
3855,16.796891927719116,1.2406521491591829,obse,soup_scene1,70,old
3856,16.80136466026306,1.2406521491591829,obse,soup_scene1,70,old
3857,16.80581831932068,1.2406277251382418,obse,soup_scene1,70,old
3858,16.81027388572693,1.2398988063517944,obse,soup_scene1,70,old
3859,16.814857721328735,1.237797505585067,obse,soup_scene1,70,old
3860,16.819658279418945,1.237797505585067,obse,soup_scene1,70,old
3861,16.824265003204346,1.2378554537827908,obse,soup_scene1,70,old
3862,16.82861089706421,1.2385545365283537,obse,soup_scene1,70,old
3863,16.8327853679657,1.2385545365283537,obse,soup_scene1,70,old
3864,16.837117433547974,1.2385545365283537,obse,soup_scene1,70,old
3865,16.841469526290894,1.2390140387731705,obse,soup_scene1,70,old
3866,16.845727920532227,1.2390140387731705,obse,soup_scene1,70,old
3867,16.849910497665405,1.2389939663908813,obse,soup_scene1,70,old
3868,16.85490608215332,1.2405306697017122,obse,soup_scene1,70,old
3869,16.859490156173706,1.241680919682145,obse,soup_scene1,70,old
3870,16.863705158233643,1.241680919682145,obse,soup_scene1,70,old
3871,16.868465423583984,1.2428594204242653,obse,soup_scene1,70,old
3872,16.872782468795776,1.2428594204242653,obse,soup_scene1,70,old
3873,16.877286911010742,1.2428412640428854,obse,soup_scene1,70,old
3874,16.88178563117981,1.2441990318052882,obse,soup_scene1,70,old
3875,16.886261463165283,1.2441990318052882,obse,soup_scene1,70,old
3876,16.89076280593872,1.2405442073871746,obse,soup_scene1,70,old
3877,16.895177841186523,1.2405442073871746,obse,soup_scene1,70,old
3878,16.899688005447388,1.2411080052333656,obse,soup_scene1,70,old
3879,16.904064893722534,1.239192924589813,obse,soup_scene1,70,old
3880,16.90837049484253,1.2387403502546874,obse,soup_scene1,70,old
3881,16.912667989730835,1.2387403502546874,obse,soup_scene1,70,old
3882,16.917309284210205,1.244266769406076,obse,soup_scene1,70,old
3883,16.92166781425476,1.244266769406076,obse,soup_scene1,70,old
3884,16.926348209381104,1.2452075951336692,obse,soup_scene1,70,old
3885,16.930626153945923,1.2452075951336692,obse,soup_scene1,70,old
3886,16.93550181388855,1.246611823027168,obse,soup_scene1,70,old
3887,16.939806938171387,1.246603945247006,obse,soup_scene1,70,old
3888,16.94438123703003,1.2473628802222105,obse,soup_scene1,70,old
3889,16.948682069778442,1.2473024096593466,obse,soup_scene1,70,old
3890,16.95331597328186,1.2390345469281265,obse,soup_scene1,70,old
3891,16.9580295085907,1.237431990806782,obse,soup_scene1,70,old
3892,16.962610244750977,1.238813645723397,obse,soup_scene1,70,old
3893,16.96812129020691,1.2379047847253926,obse,soup_scene1,70,old
3894,16.974019289016724,1.2435932639962053,obse,soup_scene1,70,old
3895,16.980021476745605,1.244535780505076,obse,soup_scene1,70,old
3896,16.986353635787964,1.2413604255632842,obse,soup_scene1,70,old
3897,16.991878509521484,1.240880789510321,obse,soup_scene1,70,old
3898,16.996136903762817,1.240880789510321,obse,soup_scene1,70,old
3899,17.000876903533936,1.2377202055222372,obse,soup_scene1,70,old
3900,17.00507664680481,1.2377202055222372,obse,soup_scene1,70,old
3901,17.009581804275513,1.2378253636306018,obse,soup_scene1,70,old
3902,17.013893127441406,1.2378682807535246,obse,soup_scene1,70,old
3903,17.018799543380737,1.2378960990506822,obse,soup_scene1,70,old
3904,17.023292541503906,1.2432099869252973,obse,soup_scene1,70,old
3905,17.027515172958374,1.2432099869252973,obse,soup_scene1,70,old
3906,17.031917333602905,1.2434877181304167,obse,soup_scene1,70,old
3907,17.03611135482788,1.2434877181304167,obse,soup_scene1,70,old
3908,17.040550470352173,1.2411214889981375,obse,soup_scene1,70,old
3909,17.04494047164917,1.2411214889981375,obse,soup_scene1,70,old
3910,17.049678802490234,1.2387763471196405,obse,soup_scene1,70,old
3911,17.053999662399292,1.2387763471196405,obse,soup_scene1,70,old
3912,17.058595180511475,1.2394131871434941,obse,soup_scene1,70,old
3913,17.062851190567017,1.2394131871434941,obse,soup_scene1,70,old
3914,17.067408084869385,1.2364960578232864,obse,soup_scene1,70,old
3915,17.071589946746826,1.2366350862194389,obse,soup_scene1,70,old
3916,17.07611083984375,1.2372064873421613,obse,soup_scene1,70,old
3917,17.080251455307007,1.2372064873421613,obse,soup_scene1,70,old
3918,17.08474040031433,1.2315520441275891,obse,soup_scene1,70,old
3919,17.08923649787903,1.2322730390469894,obse,soup_scene1,70,old
3920,17.09366273880005,1.2322730390469894,obse,soup_scene1,70,old
3921,17.098041772842407,1.2322848549620933,obse,soup_scene1,70,old
3922,17.102769374847412,1.2340009679997346,obse,soup_scene1,70,old
3923,17.10730242729187,1.2410185023139098,obse,soup_scene1,70,old
3924,17.111552953720093,1.2410185023139098,obse,soup_scene1,70,old
3925,17.116111993789673,1.2425793232081674,obse,soup_scene1,70,old
3926,17.120499849319458,1.2425793232081674,obse,soup_scene1,70,old
3927,17.124905824661255,1.2428404405248314,obse,soup_scene1,70,old
3928,17.12923240661621,1.2428404405248314,obse,soup_scene1,70,old
3929,17.13377356529236,1.2434191563805947,obse,soup_scene1,70,old
3930,17.13846206665039,1.2434590111057406,obse,soup_scene1,70,old
3931,17.143079042434692,1.2401390276773816,obse,soup_scene1,70,old
3932,17.147762298583984,1.2402184252611461,obse,soup_scene1,70,old
3933,17.152578353881836,1.2405554787960336,obse,soup_scene1,70,old
3934,17.15710425376892,1.2374913280920308,obse,soup_scene1,70,old
3935,17.16128659248352,1.2374913280920308,obse,soup_scene1,70,old
3936,17.165712118148804,1.238665328814523,obse,soup_scene1,70,old
3937,17.17005753517151,1.238665328814523,obse,soup_scene1,70,old
3938,17.174535989761353,1.242998662912394,obse,soup_scene1,70,old
3939,17.17885136604309,1.242998662912394,obse,soup_scene1,70,old
3940,17.183340072631836,1.2442933184253286,obse,soup_scene1,70,old
3941,17.187732219696045,1.2442933184253286,obse,soup_scene1,70,old
3942,17.192529439926147,1.2453460883478684,obse,soup_scene1,70,old
3943,17.19698476791382,1.2453299430438225,obse,soup_scene1,70,old
3944,17.201342821121216,1.238693535936598,obse,soup_scene1,70,old
3945,17.20576000213623,1.2425759485588552,obse,soup_scene1,70,old
3946,17.21021866798401,1.2425759485588552,obse,soup_scene1,70,old
3947,17.214423894882202,1.2436445120374695,obse,soup_scene1,70,old
3948,17.218998908996582,1.2436445120374695,obse,soup_scene1,70,old
3949,17.223471879959106,1.2444253972228365,obse,soup_scene1,70,old
3950,17.227860927581787,1.2444253972228365,obse,soup_scene1,70,old
3951,17.23209524154663,1.24436801968415,obse,soup_scene1,70,old
3952,17.23615598678589,1.24436801968415,obse,soup_scene1,70,old
3953,17.24049139022827,1.244983110578892,obse,soup_scene1,70,old
3954,17.245210647583008,1.244983110578892,obse,soup_scene1,70,old
3955,17.249751329421997,1.248300867982921,obse,soup_scene1,70,old
3956,17.254092931747437,1.248300867982921,obse,soup_scene1,70,old
3957,17.258824110031128,1.2465388287405703,obse,soup_scene1,70,old
3958,17.263025760650635,1.2465388287405703,obse,soup_scene1,70,old
3959,17.267610549926758,1.2443442356728724,obse,soup_scene1,70,old
3960,17.271852016448975,1.2442205989046127,obse,soup_scene1,70,old
3961,17.276280879974365,1.2438476283730049,obse,soup_scene1,70,old
3962,17.280598402023315,1.2407235136885058,obse,soup_scene1,70,old
3963,17.28500771522522,1.2407235136885058,obse,soup_scene1,70,old
3964,17.289449214935303,1.2407372286748422,obse,soup_scene1,70,old
3965,17.29413676261902,1.2435365706094705,obse,soup_scene1,70,old
3966,17.29859232902527,1.2425501682672486,obse,soup_scene1,70,old
3967,17.3029146194458,1.2425501682672486,obse,soup_scene1,70,old
3968,17.307818174362183,1.2428818193751154,obse,soup_scene1,70,old
3969,17.312506198883057,1.2428818193751154,obse,soup_scene1,70,old
3970,17.317370176315308,1.241671931495276,obse,soup_scene1,70,old
3971,17.321993589401245,1.241671931495276,obse,soup_scene1,70,old
3972,17.32679057121277,1.2414573963281108,obse,soup_scene1,70,old
3973,17.331422328948975,1.2424126689976314,obse,soup_scene1,70,old
3974,17.336580276489258,1.2424126689976314,obse,soup_scene1,70,old
3975,17.341715335845947,1.2423627443023764,obse,soup_scene1,70,old
3976,17.346181631088257,1.2423627443023764,obse,soup_scene1,70,old
3977,17.35119104385376,1.2429101035231602,obse,soup_scene1,70,old
3978,17.35566806793213,1.241469937854244,obse,soup_scene1,70,old
3979,17.360432386398315,1.241469937854244,obse,soup_scene1,70,old
3980,17.364976406097412,1.2405702749198122,obse,soup_scene1,70,old
3981,17.36974263191223,1.2405702749198122,obse,soup_scene1,70,old
3982,17.374351024627686,1.2406967420428172,obse,soup_scene1,70,old
3983,17.37894916534424,1.2406967420428172,obse,soup_scene1,70,old
3984,17.383711099624634,1.2410287670563493,obse,soup_scene1,70,old
3985,17.388335466384888,1.2410287670563493,obse,soup_scene1,70,old
3986,17.3932363986969,1.2415366098557146,obse,soup_scene1,70,old
3987,17.397828340530396,1.2415185149205645,obse,soup_scene1,70,old
3988,17.40244483947754,1.243251512258467,obse,soup_scene1,70,old
3989,17.4073007106781,1.2431818671776016,obse,soup_scene1,70,old
3990,17.41186261177063,1.2431818671776016,obse,soup_scene1,70,old
3991,17.416614770889282,1.236651171209719,obse,soup_scene1,70,old
3992,17.421656131744385,1.236651171209719,obse,soup_scene1,70,old
3993,17.426304578781128,1.2368005191267946,obse,soup_scene1,70,old
3994,17.430805683135986,1.2365046566844908,obse,soup_scene1,70,old
3995,17.435269355773926,1.2374551698269125,obse,soup_scene1,70,old
3996,17.4402596950531,1.2382334867118279,obse,soup_scene1,70,old
3997,17.444890022277832,1.2382334867118279,obse,soup_scene1,70,old
3998,17.4497127532959,1.239190270153694,obse,soup_scene1,70,old
3999,17.4543616771698,1.239190270153694,obse,soup_scene1,70,old
4000,17.45934247970581,1.2392758180188377,obse,soup_scene1,70,old
4001,17.46378517150879,1.2395943458442658,obse,soup_scene1,70,old
4002,17.468523502349854,1.2371843339155981,obse,soup_scene1,70,old
4003,17.473562955856323,1.2370397030397458,obse,soup_scene1,70,old
4004,17.477768182754517,1.2370397030397458,obse,soup_scene1,70,old
4005,17.48211407661438,1.2376082962967272,obse,soup_scene1,70,old
4006,17.486433744430542,1.2376082962967272,obse,soup_scene1,70,old
4007,17.490925073623657,1.2365022990663732,obse,soup_scene1,70,old
4008,17.49509859085083,1.2365022990663732,obse,soup_scene1,70,old
4009,17.49959444999695,1.2378514914269567,obse,soup_scene1,70,old
4010,17.50384831428528,1.2378514914269567,obse,soup_scene1,70,old
4011,17.508472442626953,1.2384396229100025,obse,soup_scene1,70,old
4012,17.512595891952515,1.2384396229100025,obse,soup_scene1,70,old
4013,17.51722264289856,1.2392669381500196,obse,soup_scene1,70,old
4014,17.521463632583618,1.2392669381500196,obse,soup_scene1,70,old
4015,17.52596116065979,1.2361905322002273,obse,soup_scene1,70,old
4016,17.530208826065063,1.2362137003864335,obse,soup_scene1,70,old
4017,17.53487992286682,1.2345594418567947,obse,soup_scene1,70,old
4018,17.539167881011963,1.2342994014339599,obse,soup_scene1,70,old
4019,17.54358410835266,1.2342994014339599,obse,soup_scene1,70,old
4020,17.54783844947815,1.2340300118545406,obse,soup_scene1,70,old
4021,17.552210569381714,1.234840015328008,obse,soup_scene1,70,old
4022,17.556469202041626,1.2350805343387978,obse,soup_scene1,70,old
4023,17.561010122299194,1.2351778759826193,obse,soup_scene1,70,old
4024,17.56551194190979,1.2365358031751026,obse,soup_scene1,70,old
4025,17.56983470916748,1.2365358031751026,obse,soup_scene1,70,old
4026,17.57424283027649,1.2368368512720092,obse,soup_scene1,70,old
4027,17.5785174369812,1.2368368512720092,obse,soup_scene1,70,old
4028,17.583031177520752,1.2334798867054149,obse,soup_scene1,70,old
4029,17.58722758293152,1.2334798867054149,obse,soup_scene1,70,old
4030,17.591651439666748,1.2344165380782366,obse,soup_scene1,70,old
4031,17.59589457511902,1.2344165380782366,obse,soup_scene1,70,old
4032,17.600521087646484,1.2366945141898558,obse,soup_scene1,70,old
4033,17.604873418807983,1.2366209248029187,obse,soup_scene1,70,old
4034,17.60941243171692,1.237163293240878,obse,soup_scene1,70,old
4035,17.61367154121399,1.237163293240878,obse,soup_scene1,70,old
4036,17.61814260482788,1.2380991490593145,obse,soup_scene1,70,old
4037,17.622480392456055,1.2380991490593145,obse,soup_scene1,70,old
4038,17.62693476676941,1.23478258382681,obse,soup_scene1,70,old
4039,17.63165807723999,1.23478258382681,obse,soup_scene1,70,old
4040,17.636099338531494,1.2351218385087601,obse,soup_scene1,70,old
4041,17.640485048294067,1.2342534738433366,obse,soup_scene1,70,old
4042,17.644850254058838,1.2342534738433366,obse,soup_scene1,70,old
4043,17.649415731430054,1.2346916923505964,obse,soup_scene1,70,old
4044,17.654576063156128,1.2346916923505964,obse,soup_scene1,70,old
4045,17.659407138824463,1.2353970185654983,obse,soup_scene1,70,old
4046,17.664299249649048,1.2353970185654983,obse,soup_scene1,70,old
4047,17.66890811920166,1.2336964363149774,obse,soup_scene1,70,old
4048,17.67350149154663,1.2336964363149774,obse,soup_scene1,70,old
4049,17.67810821533203,1.2336879458935102,obse,soup_scene1,70,old
4050,17.682772874832153,1.2354766864198081,obse,soup_scene1,70,old
4051,17.687604427337646,1.2354766864198081,obse,soup_scene1,70,old
4052,17.69210982322693,1.2354766864198081,obse,soup_scene1,70,old
4053,17.696611642837524,1.2337465621693868,obse,soup_scene1,70,old
4054,17.70128107070923,1.2337465621693868,obse,soup_scene1,70,old
4055,17.705902576446533,1.2337485011854248,obse,soup_scene1,70,old
4056,17.71081829071045,1.2317540463652255,obse,soup_scene1,70,old
4057,17.71517300605774,1.2317540463652255,obse,soup_scene1,70,old
4058,17.7200825214386,1.2328447594210044,obse,soup_scene1,70,old
4059,17.72451686859131,1.2328447594210044,obse,soup_scene1,70,old
4060,17.72915244102478,1.2337584352345454,obse,soup_scene1,70,old
4061,17.734052896499634,1.2337584352345454,obse,soup_scene1,70,old
4062,17.73873281478882,1.2337584352345454,obse,soup_scene1,70,old
4063,17.743677139282227,1.2331060624762111,obse,soup_scene1,70,old
4064,17.74809432029724,1.2331060624762111,obse,soup_scene1,70,old
4065,17.753005743026733,1.2340348316213967,obse,soup_scene1,70,old
4066,17.7579824924469,1.2323512674838166,obse,soup_scene1,70,old
4067,17.76272487640381,1.2325048398513756,obse,soup_scene1,70,old
4068,17.767653942108154,1.2324400399134279,obse,soup_scene1,70,old
4069,17.77268123626709,1.2315083912508262,obse,soup_scene1,70,old
4070,17.77755904197693,1.232213434840926,obse,soup_scene1,70,old
4071,17.78231978416443,1.2332462866407117,obse,soup_scene1,70,old
4072,17.78711724281311,1.2349888630217067,obse,soup_scene1,70,old
4073,17.792402267456055,1.2299197065768663,obse,soup_scene1,70,old
4074,17.796854734420776,1.2294995752769702,obse,soup_scene1,70,old
4075,17.801419734954834,1.2309876991496334,obse,soup_scene1,70,old
4076,17.80560326576233,1.2310540906142429,obse,soup_scene1,70,old
4077,17.810047149658203,1.2317901467841,obse,soup_scene1,70,old
4078,17.81430459022522,1.23183606786583,obse,soup_scene1,70,old
4079,17.81868577003479,1.2302672836507753,obse,soup_scene1,70,old
4080,17.823110580444336,1.2291845925033937,obse,soup_scene1,70,old
4081,17.82729458808899,1.2291845925033937,obse,soup_scene1,70,old
4082,17.831772327423096,1.2311884346558915,obse,soup_scene1,70,old
4083,17.836050748825073,1.2311884346558915,obse,soup_scene1,70,old
4084,17.84064817428589,1.2304131255112019,obse,soup_scene1,70,old
4085,17.844876289367676,1.2304131255112019,obse,soup_scene1,70,old
4086,17.849844455718994,1.2305991309282431,obse,soup_scene1,70,old
4087,17.854951858520508,1.2325362299795752,obse,soup_scene1,70,old
4088,17.859909296035767,1.2327904170985535,obse,soup_scene1,70,old
4089,17.86463761329651,1.2314663380420103,obse,soup_scene1,70,old
4090,17.869642734527588,1.2314663380420103,obse,soup_scene1,70,old
4091,17.87441635131836,1.235373457174579,obse,soup_scene1,70,old
4092,17.879212141036987,1.235373457174579,obse,soup_scene1,70,old
4093,17.884126663208008,1.2331333636795387,obse,soup_scene1,70,old
4094,17.888822555541992,1.2331609420588618,obse,soup_scene1,70,old
4095,17.893913745880127,1.2305156329218758,obse,soup_scene1,70,old
4096,17.899079084396362,1.2294192966788557,obse,soup_scene1,70,old
4097,17.903916835784912,1.2294192966788557,obse,soup_scene1,70,old
4098,17.908879041671753,1.2294139705398566,obse,soup_scene1,70,old
4099,17.913492918014526,1.229737565607569,obse,soup_scene1,70,old
4100,17.91847586631775,1.2306919818210058,obse,soup_scene1,70,old
4101,17.92330265045166,1.2309762067757555,obse,soup_scene1,70,old
4102,17.928170204162598,1.2309762067757555,obse,soup_scene1,70,old
4103,17.933162689208984,1.2312959903693605,obse,soup_scene1,70,old
4104,17.938095808029175,1.2312959903693605,obse,soup_scene1,70,old
4105,17.942962169647217,1.2336417355778382,obse,soup_scene1,70,old
4106,17.947553873062134,1.2339589750982878,obse,soup_scene1,70,old
4107,17.952392578125,1.2281008233195727,obse,soup_scene1,70,old
4108,17.95706558227539,1.2292325583807315,obse,soup_scene1,70,old
4109,17.961764812469482,1.2292325583807315,obse,soup_scene1,70,old
4110,17.96657395362854,1.2310343699312678,obse,soup_scene1,70,old
4111,17.971354961395264,1.2310343699312678,obse,soup_scene1,70,old
4112,17.976320505142212,1.2319587533320269,obse,soup_scene1,70,old
4113,17.9810209274292,1.231554692110799,obse,soup_scene1,70,old
4114,17.985869646072388,1.231453113561384,obse,soup_scene1,70,old
4115,17.990700244903564,1.231104662753181,obse,soup_scene1,70,old
4116,17.995245695114136,1.231104662753181,obse,soup_scene1,70,old
4117,18.000003576278687,1.227505389193378,obse,soup_scene1,70,old
4118,18.004666090011597,1.227505389193378,obse,soup_scene1,70,old
4119,18.009533405303955,1.2260028045978653,obse,soup_scene1,70,old
4120,18.014266967773438,1.2262383491518165,obse,soup_scene1,70,old
4121,18.019228219985962,1.2262383491518165,obse,soup_scene1,70,old
4122,18.023822784423828,1.2261352825930905,obse,soup_scene1,70,old
4123,18.028390645980835,1.2250448626756345,obse,soup_scene1,70,old
4124,18.032930374145508,1.2250448626756345,obse,soup_scene1,70,old
4125,18.037580728530884,1.2257457046731253,obse,soup_scene1,70,old
4126,18.042145013809204,1.2257457046731253,obse,soup_scene1,70,old
4127,18.046708345413208,1.226028469648021,obse,soup_scene1,70,old
4128,18.051221132278442,1.2251922753172748,obse,soup_scene1,70,old
4129,18.056082248687744,1.2248871954829745,obse,soup_scene1,70,old
4130,18.060915231704712,1.2231857879697283,obse,soup_scene1,70,old
4131,18.06551718711853,1.223503621887666,obse,soup_scene1,70,old
4132,18.070218324661255,1.2231278731055049,obse,soup_scene1,70,old
4133,18.075075387954712,1.2230796689535814,obse,soup_scene1,70,old
4134,18.079579830169678,1.2230796689535814,obse,soup_scene1,70,old
4135,18.084385871887207,1.2224803772219461,obse,soup_scene1,70,old
4136,18.08910036087036,1.2220774338070859,obse,soup_scene1,70,old
4137,18.093798637390137,1.2220774338070859,obse,soup_scene1,70,old
4138,18.098613500595093,1.221788505860512,obse,soup_scene1,70,old
4139,18.103375673294067,1.2238444022542194,obse,soup_scene1,70,old
4140,18.10768485069275,1.2238444022542194,obse,soup_scene1,70,old
4141,18.11217737197876,1.2239166509503354,obse,soup_scene1,70,old
4142,18.116601705551147,1.2239166509503354,obse,soup_scene1,70,old
4143,18.121086597442627,1.2229854689463435,obse,soup_scene1,70,old
4144,18.12524700164795,1.2229854689463435,obse,soup_scene1,70,old
4145,18.129905223846436,1.223574940805124,obse,soup_scene1,70,old
4146,18.134178161621094,1.223574940805124,obse,soup_scene1,70,old
4147,18.13838791847229,1.223574940805124,obse,soup_scene1,70,old
4148,18.14297604560852,1.225387344301636,obse,soup_scene1,70,old
4149,18.147286891937256,1.225387344301636,obse,soup_scene1,70,old
4150,18.15180802345276,1.225387344301636,obse,soup_scene1,70,old
4151,18.156293630599976,1.2260453847507384,obse,soup_scene1,70,old
4152,18.161047220230103,1.225472432891769,obse,soup_scene1,70,old
4153,18.16552758216858,1.225472432891769,obse,soup_scene1,70,old
4154,18.170149326324463,1.2251225229896736,obse,soup_scene1,70,old
4155,18.174872636795044,1.2246667390950923,obse,soup_scene1,70,old
4156,18.179479837417603,1.2220065707100038,obse,soup_scene1,70,old
4157,18.184412479400635,1.2229887088810965,obse,soup_scene1,70,old
4158,18.188824892044067,1.2237842134400152,obse,soup_scene1,70,old
4159,18.193726778030396,1.2243885937930563,obse,soup_scene1,70,old
4160,18.198347568511963,1.2244371544546981,obse,soup_scene1,70,old
4161,18.203137397766113,1.2256730185120925,obse,soup_scene1,70,old
4162,18.207563400268555,1.222572363717572,obse,soup_scene1,70,old
4163,18.211979389190674,1.222572363717572,obse,soup_scene1,70,old
4164,18.21649146080017,1.2217245536045949,obse,soup_scene1,70,old
4165,18.221070766448975,1.2217245536045949,obse,soup_scene1,70,old
4166,18.225375413894653,1.2232762721451855,obse,soup_scene1,70,old
4167,18.229549169540405,1.2232762721451855,obse,soup_scene1,70,old
4168,18.234004259109497,1.2248268003420875,obse,soup_scene1,70,old
4169,18.23839807510376,1.2251454822034007,obse,soup_scene1,70,old
4170,18.24300241470337,1.2261044053196006,obse,soup_scene1,70,old
4171,18.24734926223755,1.2258327604057389,obse,soup_scene1,70,old
4172,18.252016305923462,1.226534058856742,obse,soup_scene1,70,old
4173,18.256603956222534,1.2268552875299625,obse,soup_scene1,70,old
4174,18.261394023895264,1.2247838739760841,obse,soup_scene1,70,old
4175,18.26575994491577,1.2225245383058556,obse,soup_scene1,70,old
4176,18.270060777664185,1.2225245383058556,obse,soup_scene1,70,old
4177,18.274638652801514,1.2248166325104848,obse,soup_scene1,70,old
4178,18.278858423233032,1.2248166325104848,obse,soup_scene1,70,old
4179,18.283453941345215,1.2223988656751712,obse,soup_scene1,70,old
4180,18.287736415863037,1.2223988656751712,obse,soup_scene1,70,old
4181,18.292333126068115,1.2210162052522877,obse,soup_scene1,70,old
4182,18.296929836273193,1.2210162052522877,obse,soup_scene1,70,old
4183,18.30153775215149,1.2236507736428017,obse,soup_scene1,70,old
4184,18.305861473083496,1.2236790665455244,obse,soup_scene1,70,old
4185,18.310336589813232,1.221859678722399,obse,soup_scene1,70,old
4186,18.314849376678467,1.2227919120145365,obse,soup_scene1,70,old
4187,18.319405794143677,1.2227245766169696,obse,soup_scene1,70,old
4188,18.32392716407776,1.223225555415871,obse,soup_scene1,70,old
4189,18.328312635421753,1.223225555415871,obse,soup_scene1,70,old
4190,18.332874298095703,1.2238577756606555,obse,soup_scene1,70,old
4191,18.337157726287842,1.2238577756606555,obse,soup_scene1,70,old
4192,18.34167766571045,1.2232530995272013,obse,soup_scene1,70,old
4193,18.34618616104126,1.2232530995272013,obse,soup_scene1,70,old
4194,18.35075306892395,1.2219775295663735,obse,soup_scene1,70,old
4195,18.35502552986145,1.2222793825617109,obse,soup_scene1,70,old
4196,18.359636068344116,1.2198873032614233,obse,soup_scene1,70,old
4197,18.363940238952637,1.2198873032614233,obse,soup_scene1,70,old
4198,18.368460178375244,1.2218561990664059,obse,soup_scene1,70,old
4199,18.372925996780396,1.2221537960819697,obse,soup_scene1,70,old
4200,18.37738847732544,1.2233966467302548,obse,soup_scene1,70,old
4201,18.381937742233276,1.2239955956187392,obse,soup_scene1,70,old
4202,18.3862624168396,1.2239955956187392,obse,soup_scene1,70,old
4203,18.390909433364868,1.2257206012320176,obse,soup_scene1,70,old
4204,18.395387172698975,1.2257206012320176,obse,soup_scene1,70,old
4205,18.399934768676758,1.2264192329359611,obse,soup_scene1,70,old
4206,18.404195070266724,1.2264192329359611,obse,soup_scene1,70,old
4207,18.408658504486084,1.2241527421454343,obse,soup_scene1,70,old
4208,18.413519620895386,1.22395000460124,obse,soup_scene1,70,old
4209,18.41832184791565,1.2243729841447146,obse,soup_scene1,70,old
4210,18.423266410827637,1.2229167556484817,obse,soup_scene1,70,old
4211,18.42740273475647,1.2229167556484817,obse,soup_scene1,70,old
4212,18.431793451309204,1.2242479466082414,obse,soup_scene1,70,old
4213,18.436012506484985,1.2242479466082414,obse,soup_scene1,70,old
4214,18.44027805328369,1.225365901506931,obse,soup_scene1,70,old
4215,18.44472885131836,1.225365901506931,obse,soup_scene1,70,old
4216,18.449320316314697,1.2241203690500586,obse,soup_scene1,70,old
4217,18.4537250995636,1.2241203690500586,obse,soup_scene1,70,old
4218,18.458352088928223,1.2257149609059284,obse,soup_scene1,70,old
4219,18.462573766708374,1.2257149609059284,obse,soup_scene1,70,old
4220,18.467498540878296,1.222442642497998,obse,soup_scene1,70,old
4221,18.471935749053955,1.2228456417207003,obse,soup_scene1,70,old
4222,18.47663903236389,1.2233168337326674,obse,soup_scene1,70,old
4223,18.481295585632324,1.2233672128247086,obse,soup_scene1,70,old
4224,18.486090898513794,1.2233672128247086,obse,soup_scene1,70,old
4225,18.490824460983276,1.2219571516654597,obse,soup_scene1,70,old
4226,18.495476722717285,1.2219571516654597,obse,soup_scene1,70,old
4227,18.50022053718567,1.222479794529255,obse,soup_scene1,70,old
4228,18.504481315612793,1.222479794529255,obse,soup_scene1,70,old
4229,18.509048461914062,1.2242436778085826,obse,soup_scene1,70,old
4230,18.51340913772583,1.224572433126268,obse,soup_scene1,70,old
4231,18.518292665481567,1.2271278828938554,obse,soup_scene1,70,old
4232,18.52308750152588,1.2258970371588191,obse,soup_scene1,70,old
4233,18.527666807174683,1.2258970371588191,obse,soup_scene1,70,old
4234,18.5322527885437,1.224029771138166,obse,soup_scene1,70,old
4235,18.53716206550598,1.224029771138166,obse,soup_scene1,70,old
4236,18.542037963867188,1.225213745287051,obse,soup_scene1,70,old
4237,18.546496629714966,1.2248488148362873,obse,soup_scene1,70,old
4238,18.55120611190796,1.2259698909791146,obse,soup_scene1,70,old
4239,18.555546283721924,1.2262932477547015,obse,soup_scene1,70,old
4240,18.560418128967285,1.2268289308550522,obse,soup_scene1,70,old
4241,18.56524348258972,1.2243304557727575,obse,soup_scene1,70,old
4242,18.5697820186615,1.2243304557727575,obse,soup_scene1,70,old
4243,18.574398517608643,1.227310950405622,obse,soup_scene1,70,old
4244,18.578678131103516,1.227310950405622,obse,soup_scene1,70,old
4245,18.583448886871338,1.2242631687222096,obse,soup_scene1,70,old
4246,18.58834481239319,1.2242982865143024,obse,soup_scene1,70,old
4247,18.59313201904297,1.2263169438726302,obse,soup_scene1,70,old
4248,18.597423553466797,1.2263165782932002,obse,soup_scene1,70,old
4249,18.602157592773438,1.2269305057220703,obse,soup_scene1,70,old
4250,18.606870412826538,1.227345973763053,obse,soup_scene1,70,old
4251,18.611438274383545,1.227345973763053,obse,soup_scene1,70,old
4252,18.61609959602356,1.2267666465451366,obse,soup_scene1,70,old
4253,18.620914936065674,1.2267666465451366,obse,soup_scene1,70,old
4254,18.62551522254944,1.2223233889263623,obse,soup_scene1,70,old
4255,18.62977433204651,1.2223935398949792,obse,soup_scene1,70,old
4256,18.63425850868225,1.2219083042987058,obse,soup_scene1,70,old
4257,18.638611793518066,1.2218783760712653,obse,soup_scene1,70,old
4258,18.643258333206177,1.2229871736200628,obse,soup_scene1,70,old
4259,18.647716522216797,1.2263177327159611,obse,soup_scene1,70,old
4260,18.652561902999878,1.2263177327159611,obse,soup_scene1,70,old
4261,18.657798290252686,1.2271873689083679,obse,soup_scene1,70,old
4262,18.66223645210266,1.2271873689083679,obse,soup_scene1,70,old
4263,18.667103052139282,1.2243767618475407,obse,soup_scene1,70,old
4264,18.671432495117188,1.2243767618475407,obse,soup_scene1,70,old
4265,18.676334381103516,1.22536087089272,obse,soup_scene1,70,old
4266,18.680914402008057,1.2253858514688947,obse,soup_scene1,70,old
4267,18.685823440551758,1.2259667418206721,obse,soup_scene1,70,old
4268,18.690555334091187,1.2248703671162797,obse,soup_scene1,70,old
4269,18.69519305229187,1.2248703671162797,obse,soup_scene1,70,old
4270,18.69995141029358,1.2249761934536825,obse,soup_scene1,70,old
4271,18.704349279403687,1.2249761934536825,obse,soup_scene1,70,old
4272,18.709242582321167,1.2264406228231386,obse,soup_scene1,70,old
4273,18.713835954666138,1.2263893064702966,obse,soup_scene1,70,old
4274,18.718459129333496,1.2266905926246703,obse,soup_scene1,70,old
4275,18.723064661026,1.2268934504763365,obse,soup_scene1,70,old
4276,18.7276771068573,1.2268934504763365,obse,soup_scene1,70,old
4277,18.732195615768433,1.227418501913975,obse,soup_scene1,70,old
4278,18.73714280128479,1.227418501913975,obse,soup_scene1,70,old
4279,18.741904735565186,1.225102121691724,obse,soup_scene1,70,old
4280,18.746719121932983,1.2250640060447289,obse,soup_scene1,70,old
4281,18.75118136405945,1.2199950087288651,obse,soup_scene1,70,old
4282,18.75576424598694,1.2199331899211716,obse,soup_scene1,70,old
4283,18.760265588760376,1.2246278865541793,obse,soup_scene1,70,old
4284,18.76486372947693,1.2228107126532934,obse,soup_scene1,70,old
4285,18.769458770751953,1.2228107126532934,obse,soup_scene1,70,old
4286,18.774016857147217,1.2228418840349276,obse,soup_scene1,70,old
4287,18.778721570968628,1.227151105130305,obse,soup_scene1,70,old
4288,18.783454418182373,1.2285878648066504,obse,soup_scene1,70,old
4289,18.788151025772095,1.2285878648066504,obse,soup_scene1,70,old
4290,18.792993783950806,1.2243353207482035,obse,soup_scene1,70,old
4291,18.797369480133057,1.2243235808753707,obse,soup_scene1,70,old
4292,18.802154541015625,1.2223648989582783,obse,soup_scene1,70,old
4293,18.80680012702942,1.2234442235739595,obse,soup_scene1,70,old
4294,18.81137776374817,1.2234442235739595,obse,soup_scene1,70,old
4295,18.81612753868103,1.2291926697352296,obse,soup_scene1,70,old
4296,18.822242736816406,1.2291926697352296,obse,soup_scene1,70,old
4297,18.82700753211975,1.228498224538814,obse,soup_scene1,70,old
4298,18.831215143203735,1.228498224538814,obse,soup_scene1,70,old
4299,18.835372924804688,1.228498224538814,obse,soup_scene1,70,old
4300,18.839608192443848,1.228498224538814,obse,soup_scene1,70,old
4301,18.843899965286255,1.228960769084911,obse,soup_scene1,70,old
4302,18.848078727722168,1.228960769084911,obse,soup_scene1,70,old
4303,18.85254144668579,1.2284711489259301,obse,soup_scene1,70,old
4304,18.857240676879883,1.2284711489259301,obse,soup_scene1,70,old
4305,18.861626386642456,1.2284397014125308,obse,soup_scene1,70,old
4306,18.865931034088135,1.2281474986217369,obse,soup_scene1,70,old
4307,18.87029457092285,1.2281841550860868,obse,soup_scene1,70,old
4308,18.874632120132446,1.223407069193548,obse,soup_scene1,70,old
4309,18.878976583480835,1.223407069193548,obse,soup_scene1,70,old
4310,18.88345980644226,1.224069620294978,obse,soup_scene1,70,old
4311,18.887871980667114,1.224069620294978,obse,soup_scene1,70,old
4312,18.892287254333496,1.2222313383578425,obse,soup_scene1,70,old
4313,18.896676063537598,1.2222313383578425,obse,soup_scene1,70,old
4314,18.90095329284668,1.222298398800198,obse,soup_scene1,70,old
4315,18.905330419540405,1.2238648106652583,obse,soup_scene1,70,old
4316,18.909920692443848,1.2238648106652583,obse,soup_scene1,70,old
4317,18.914265871047974,1.228080171262279,obse,soup_scene1,70,old
4318,18.918687343597412,1.228080171262279,obse,soup_scene1,70,old
4319,18.922986268997192,1.2280588424846606,obse,soup_scene1,70,old
4320,18.927461862564087,1.2216795840587145,obse,soup_scene1,70,old
4321,18.93173575401306,1.2216795840587145,obse,soup_scene1,70,old
4322,18.936087608337402,1.2245487005686981,obse,soup_scene1,70,old
4323,18.940335750579834,1.2245487005686981,obse,soup_scene1,70,old
4324,18.94478678703308,1.2245221307355674,obse,soup_scene1,70,old
4325,18.948981761932373,1.225506024545265,obse,soup_scene1,70,old
4326,18.953272342681885,1.225506024545265,obse,soup_scene1,70,old
4327,18.957929849624634,1.2248695342041542,obse,soup_scene1,70,old
4328,18.96243381500244,1.2246511852945092,obse,soup_scene1,70,old
4329,18.96720290184021,1.22787185503248,obse,soup_scene1,70,old
4330,18.971800088882446,1.2274445897242774,obse,soup_scene1,70,old
4331,18.976582288742065,1.224699857566693,obse,soup_scene1,70,old
4332,18.980942726135254,1.2247456122990112,obse,soup_scene1,70,old
4333,18.98549175262451,1.2290363805457332,obse,soup_scene1,70,old
4334,18.98962688446045,1.2290363805457332,obse,soup_scene1,70,old
4335,18.993830919265747,1.2290363805457332,obse,soup_scene1,70,old
4336,18.998653411865234,1.2252425902039725,obse,soup_scene1,70,old
4337,19.003312826156616,1.2271293671029855,obse,soup_scene1,70,old
4338,19.007797479629517,1.2282992161983828,obse,soup_scene1,70,old
4339,19.012054920196533,1.2282992161983828,obse,soup_scene1,70,old
4340,19.016663789749146,1.2240918216953773,obse,soup_scene1,70,old
4341,19.02098846435547,1.2240918216953773,obse,soup_scene1,70,old
4342,19.025263786315918,1.2229508889371796,obse,soup_scene1,70,old
4343,19.029531240463257,1.2229508889371796,obse,soup_scene1,70,old
4344,19.033753395080566,1.2223812278549437,obse,soup_scene1,70,old
4345,19.0380117893219,1.2223572920437893,obse,soup_scene1,70,old
4346,19.042649030685425,1.2261002188748151,obse,soup_scene1,70,old
4347,19.046996355056763,1.2261002188748151,obse,soup_scene1,70,old
4348,19.05147910118103,1.2266233506037925,obse,soup_scene1,70,old
4349,19.055866718292236,1.223718474717183,obse,soup_scene1,70,old
4350,19.060359239578247,1.223718474717183,obse,soup_scene1,70,old
4351,19.06501293182373,1.2244192674725534,obse,soup_scene1,70,old
4352,19.069735765457153,1.2244192674725534,obse,soup_scene1,70,old
4353,19.07413625717163,1.2221126242288234,obse,soup_scene1,70,old
4354,19.078404426574707,1.2221126242288234,obse,soup_scene1,70,old
4355,19.082826852798462,1.2216743277063409,obse,soup_scene1,70,old
4356,19.087215662002563,1.2216743277063409,obse,soup_scene1,70,old
4357,19.091806411743164,1.221093915792491,obse,soup_scene1,70,old
4358,19.09625005722046,1.221093915792491,obse,soup_scene1,70,old
4359,19.10106110572815,1.2208519736294936,obse,soup_scene1,70,old
4360,19.105433225631714,1.2211996306542763,obse,soup_scene1,70,old
4361,19.110151529312134,1.2204190370166943,obse,soup_scene1,70,old
4362,19.114569902420044,1.2222084625982503,obse,soup_scene1,70,old
4363,19.11912703514099,1.2222084625982503,obse,soup_scene1,70,old
4364,19.123709678649902,1.22352730912639,obse,soup_scene1,70,old
4365,19.12823176383972,1.22352730912639,obse,soup_scene1,70,old
4366,19.132976770401,1.2268178920944752,obse,soup_scene1,70,old
4367,19.137247800827026,1.2268178920944752,obse,soup_scene1,70,old
4368,19.14194941520691,1.2266687536162477,obse,soup_scene1,70,old
4369,19.14617395401001,1.2266687536162477,obse,soup_scene1,70,old
4370,19.150872230529785,1.2273483628126327,obse,soup_scene1,70,old
4371,19.155356645584106,1.2276011591135538,obse,soup_scene1,70,old
4372,19.1598858833313,1.2276011591135538,obse,soup_scene1,70,old
4373,19.164292335510254,1.2280117220361426,obse,soup_scene1,70,old
4374,19.168752908706665,1.2280117220361426,obse,soup_scene1,70,old
4375,19.173189640045166,1.224832060223074,obse,soup_scene1,70,old
4376,19.177619457244873,1.224832060223074,obse,soup_scene1,70,old
4377,19.182135105133057,1.2249186516890511,obse,soup_scene1,70,old
4378,19.186537981033325,1.2249186516890511,obse,soup_scene1,70,old
4379,19.191213846206665,1.224856912465867,obse,soup_scene1,70,old
4380,19.19547963142395,1.224856912465867,obse,soup_scene1,70,old
4381,19.200092792510986,1.2248226766822359,obse,soup_scene1,70,old
4382,19.204230785369873,1.2248226766822359,obse,soup_scene1,70,old
4383,19.20902943611145,1.2251664235162016,obse,soup_scene1,70,old
4384,19.213379859924316,1.2248781589427262,obse,soup_scene1,70,old
4385,19.217912197113037,1.2250994214305968,obse,soup_scene1,70,old
4386,19.22246241569519,1.2254066118970308,obse,soup_scene1,70,old
4387,19.22705912590027,1.2252020099899783,obse,soup_scene1,70,old
4388,19.23118233680725,1.2252020099899783,obse,soup_scene1,70,old
4389,19.235344886779785,1.2252020099899783,obse,soup_scene1,70,old
4390,19.239662170410156,1.2248836447431457,obse,soup_scene1,70,old
4391,19.243951320648193,1.2252857282528369,obse,soup_scene1,70,old
4392,19.248128652572632,1.2252857282528369,obse,soup_scene1,70,old
4393,19.252798795700073,1.224983887433122,obse,soup_scene1,70,old
4394,19.257239818572998,1.224983887433122,obse,soup_scene1,70,old
4395,19.261537790298462,1.225379776849617,obse,soup_scene1,70,old
4396,19.266077756881714,1.2253498329656816,obse,soup_scene1,70,old
4397,19.2704496383667,1.2250079606411821,obse,soup_scene1,70,old
4398,19.274620532989502,1.2250079606411821,obse,soup_scene1,70,old
4399,19.279186964035034,1.2250079606411821,obse,soup_scene1,70,old
4400,19.283445835113525,1.2250628808810098,obse,soup_scene1,70,old
4401,19.28777551651001,1.2250628808810098,obse,soup_scene1,70,old
4402,19.292063236236572,1.2250723476323333,obse,soup_scene1,70,old
4403,19.296290636062622,1.2250723476323333,obse,soup_scene1,70,old
4404,19.300631284713745,1.2250723476323333,obse,soup_scene1,70,old
4405,19.304782390594482,1.2250723476323333,obse,soup_scene1,70,old
4406,19.30912971496582,1.225094622956956,obse,soup_scene1,70,old
4407,19.313377857208252,1.225094622956956,obse,soup_scene1,70,old
4408,19.317609786987305,1.225094622956956,obse,soup_scene1,70,old
4409,19.321948051452637,1.2245546189498935,obse,soup_scene1,70,old
4410,19.326250553131104,1.2245546189498935,obse,soup_scene1,70,old
4411,19.330580711364746,1.2250170795702384,obse,soup_scene1,70,old
4412,19.334938049316406,1.2250170795702384,obse,soup_scene1,70,old
4413,19.339189767837524,1.2250170795702384,obse,soup_scene1,70,old
4414,19.343379497528076,1.2249321858022573,obse,soup_scene1,70,old
4415,19.34778666496277,1.2249321858022573,obse,soup_scene1,70,old
4416,19.35203790664673,1.2252709981791332,obse,soup_scene1,70,old
4417,19.35633087158203,1.2253928533073672,obse,soup_scene1,70,old
4418,19.361198902130127,1.224875824352885,obse,soup_scene1,70,old
4419,19.366235494613647,1.2249437987419836,obse,soup_scene1,70,old
4420,19.370830535888672,1.2249165867659288,obse,soup_scene1,70,old
4421,19.375481605529785,1.2250180155481236,obse,soup_scene1,70,old
4422,19.380128145217896,1.224932265558508,obse,soup_scene1,70,old
4423,19.38493800163269,1.2251777227582343,obse,soup_scene1,70,old
4424,19.389634370803833,1.2249429560463352,obse,soup_scene1,70,old
4425,19.394439220428467,1.2253475801785234,obse,soup_scene1,70,old
4426,19.39911985397339,1.225138828336456,obse,soup_scene1,70,old
4427,19.40370774269104,1.2251800413168088,obse,soup_scene1,70,old
4428,19.408395290374756,1.2248010565047731,obse,soup_scene1,70,old
4429,19.412668704986572,1.2248010565047731,obse,soup_scene1,70,old
4430,19.417301416397095,1.2249657943790906,obse,soup_scene1,70,old
4431,19.421957969665527,1.2249904987605136,obse,soup_scene1,70,old
4432,19.42625641822815,1.2248093176751946,obse,soup_scene1,70,old
4433,19.43069624900818,1.2248228404701784,obse,soup_scene1,70,old
4434,19.43497371673584,1.2248228404701784,obse,soup_scene1,70,old
4435,19.439343690872192,1.2248750183004706,obse,soup_scene1,70,old
4436,19.4440815448761,1.2248865620528728,obse,soup_scene1,70,old
4437,19.44855546951294,1.2247504820943016,obse,soup_scene1,70,old
4438,19.453205347061157,1.2247504820943016,obse,soup_scene1,70,old
4439,19.457735538482666,1.2246442090952487,obse,soup_scene1,70,old
4440,19.462040662765503,1.2246442090952487,obse,soup_scene1,70,old
4441,19.46674084663391,1.224627970166692,obse,soup_scene1,70,old
4442,19.47100019454956,1.224627970166692,obse,soup_scene1,70,old
4443,19.475658416748047,1.2247332699260338,obse,soup_scene1,70,old
4444,19.48003339767456,1.2247332699260338,obse,soup_scene1,70,old
4445,19.484726905822754,1.2249441509066266,obse,soup_scene1,70,old
4446,19.489367485046387,1.2248986201271097,obse,soup_scene1,70,old
4447,19.49379873275757,1.2248986201271097,obse,soup_scene1,70,old
4448,19.49840211868286,1.2251957454162952,obse,soup_scene1,70,old
4449,19.50288438796997,1.2251957454162952,obse,soup_scene1,70,old
4450,19.50748920440674,1.2251771737040733,obse,soup_scene1,70,old
4451,19.511794567108154,1.2251771737040733,obse,soup_scene1,70,old
4452,19.51660656929016,1.2249788583612404,obse,soup_scene1,70,old
4453,19.520888328552246,1.2249788583612404,obse,soup_scene1,70,old
4454,19.52553653717041,1.2251106196387804,obse,soup_scene1,70,old
4455,19.52994179725647,1.2252666976840105,obse,soup_scene1,70,old
4456,19.534648418426514,1.2252430316169627,obse,soup_scene1,70,old
4457,19.539021253585815,1.2249952327564337,obse,soup_scene1,70,old
4458,19.54360318183899,1.2252333619635887,obse,soup_scene1,70,old
4459,19.548343420028687,1.2252542691631103,obse,soup_scene1,70,old
4460,19.552819967269897,1.2252542691631103,obse,soup_scene1,70,old
4461,19.55750346183777,1.2251922232307675,obse,soup_scene1,70,old
4462,19.561856031417847,1.2251922232307675,obse,soup_scene1,70,old
4463,19.566627025604248,1.2251743045643597,obse,soup_scene1,70,old
4464,19.57120990753174,1.224947616789642,obse,soup_scene1,70,old
4465,19.57581615447998,1.2249906524392997,obse,soup_scene1,70,old
4466,19.580196619033813,1.2249906524392997,obse,soup_scene1,70,old
4467,19.585047721862793,1.2250266280787205,obse,soup_scene1,70,old
4468,19.589712858200073,1.224922154563279,obse,soup_scene1,70,old
4469,19.594100952148438,1.224922154563279,obse,soup_scene1,70,old
4470,19.598674297332764,1.2252494526598452,obse,soup_scene1,70,old
4471,19.6030535697937,1.2252494526598452,obse,soup_scene1,70,old
4472,19.60765504837036,1.225306284639972,obse,soup_scene1,70,old
4473,19.611881256103516,1.225306284639972,obse,soup_scene1,70,old
4474,19.61647391319275,1.2252531964173443,obse,soup_scene1,70,old
4475,19.621026039123535,1.2252531964173443,obse,soup_scene1,70,old
4476,19.625428676605225,1.2255216441130505,obse,soup_scene1,70,old
4477,19.629813194274902,1.2251867923695998,obse,soup_scene1,70,old
4478,19.634178161621094,1.225189695990889,obse,soup_scene1,70,old
4479,19.638567447662354,1.225189695990889,obse,soup_scene1,70,old
4480,19.64318299293518,1.2252312836691828,obse,soup_scene1,70,old
4481,19.64756488800049,1.225212766180445,obse,soup_scene1,70,old
4482,19.652297019958496,1.2253914717775294,obse,soup_scene1,70,old
4483,19.65706706047058,1.2247469545758,obse,soup_scene1,70,old
4484,19.661322593688965,1.2247469545758,obse,soup_scene1,70,old
4485,19.66572856903076,1.2251450159754858,obse,soup_scene1,70,old
4486,19.670103311538696,1.2251450159754858,obse,soup_scene1,70,old
4487,19.67460584640503,1.2249119912725266,obse,soup_scene1,70,old
4488,19.678791522979736,1.2249119912725266,obse,soup_scene1,70,old
4489,19.68316960334778,1.2251703161334344,obse,soup_scene1,70,old
4490,19.687620162963867,1.2251703161334344,obse,soup_scene1,70,old
4491,19.692145347595215,1.22538407989624,obse,soup_scene1,70,old
4492,19.696349620819092,1.22538407989624,obse,soup_scene1,70,old
4493,19.700952529907227,1.225111968381579,obse,soup_scene1,70,old
4494,19.70525813102722,1.2251554281981485,obse,soup_scene1,70,old
4495,19.709759950637817,1.2250922752595503,obse,soup_scene1,70,old
4496,19.714033842086792,1.2251399929682112,obse,soup_scene1,70,old
4497,19.718496322631836,1.225260076605898,obse,soup_scene1,70,old
4498,19.722840785980225,1.225438591464233,obse,soup_scene1,70,old
4499,19.727235794067383,1.225243787472535,obse,soup_scene1,70,old
4500,19.731746673583984,1.2248818866948221,obse,soup_scene1,70,old
4501,19.73633861541748,1.2248818866948221,obse,soup_scene1,70,old
4502,19.74114966392517,1.225066932255557,obse,soup_scene1,70,old
4503,19.74631381034851,1.2249674422858157,obse,soup_scene1,70,old
4504,19.751055479049683,1.225130798165767,obse,soup_scene1,70,old
4505,19.75538158416748,1.2250871339360803,obse,soup_scene1,70,old
4506,19.75991988182068,1.2252434110706534,obse,soup_scene1,70,old
4507,19.764282941818237,1.2254528606365047,obse,soup_scene1,70,old
4508,19.770328998565674,1.2254528606365047,obse,soup_scene1,70,old
4509,19.77618670463562,1.2255782295942892,obse,soup_scene1,70,old
4510,19.781655073165894,1.2254330183704338,obse,soup_scene1,70,old
4511,19.78631281852722,1.2254330183704338,obse,soup_scene1,70,old
4512,19.791396856307983,1.225291758839416,obse,soup_scene1,70,old
4513,19.795846700668335,1.225291758839416,obse,soup_scene1,70,old
4514,19.800560235977173,1.2251640160523873,obse,soup_scene1,70,old
4515,19.804826259613037,1.2251640160523873,obse,soup_scene1,70,old
4516,19.80974507331848,1.225111354014985,obse,soup_scene1,70,old
4517,19.8140971660614,1.2255050961019862,obse,soup_scene1,70,old
4518,19.81851363182068,1.225232127999589,obse,soup_scene1,70,old
4519,19.823073387145996,1.2251295986596227,obse,soup_scene1,70,old
4520,19.827250003814697,1.2251295986596227,obse,soup_scene1,70,old
4521,19.8316068649292,1.2251007776248808,obse,soup_scene1,70,old
4522,19.835761070251465,1.2251007776248808,obse,soup_scene1,70,old
4523,19.84023880958557,1.2253663279491656,obse,soup_scene1,70,old
4524,19.844757556915283,1.2253663279491656,obse,soup_scene1,70,old
4525,19.84931254386902,1.2250415469210831,obse,soup_scene1,70,old
4526,19.853819131851196,1.2250415469210831,obse,soup_scene1,70,old
4527,19.858391761779785,1.2252488899864722,obse,soup_scene1,70,old
4528,19.862833976745605,1.2252488899864722,obse,soup_scene1,70,old
4529,19.86761236190796,1.2250813923796613,obse,soup_scene1,70,old
4530,19.87186622619629,1.2250566655426973,obse,soup_scene1,70,old
4531,19.87633776664734,1.2248796100641517,obse,soup_scene1,70,old
4532,19.880570650100708,1.2248729341041178,obse,soup_scene1,70,old
4533,19.885114669799805,1.2246508611621825,obse,soup_scene1,70,old
4534,19.889559268951416,1.22490211394461,obse,soup_scene1,70,old
4535,19.894054412841797,1.22490211394461,obse,soup_scene1,70,old
4536,19.898608922958374,1.2247953373882015,obse,soup_scene1,70,old
4537,19.90292000770569,1.2247953373882015,obse,soup_scene1,70,old
4538,19.90749478340149,1.2249746860079522,obse,soup_scene1,70,old
4539,19.91179609298706,1.2249746860079522,obse,soup_scene1,70,old
4540,19.916303157806396,1.225128122253322,obse,soup_scene1,70,old
4541,19.920464754104614,1.225128122253322,obse,soup_scene1,70,old
4542,19.924856901168823,1.224929208943758,obse,soup_scene1,70,old
4543,19.9289870262146,1.224929208943758,obse,soup_scene1,70,old
4544,19.93376088142395,1.2249988108437015,obse,soup_scene1,70,old
4545,19.937872171401978,1.2249988108437015,obse,soup_scene1,70,old
4546,19.942770957946777,1.2250732742451949,obse,soup_scene1,70,old
4547,19.947020053863525,1.2250732742451949,obse,soup_scene1,70,old
4548,19.95165729522705,1.2248670215498727,obse,soup_scene1,70,old
4549,19.95605182647705,1.224972026571209,obse,soup_scene1,70,old
4550,19.96045994758606,1.224972026571209,obse,soup_scene1,70,old
4551,19.96491312980652,1.224978688039477,obse,soup_scene1,70,old
4552,19.969358444213867,1.2250125679524824,obse,soup_scene1,70,old
4553,19.973833799362183,1.2249412418636993,obse,soup_scene1,70,old
4554,19.97820734977722,1.2249412418636993,obse,soup_scene1,70,old
4555,19.983007192611694,1.225651943802105,obse,soup_scene1,70,old
4556,19.98730731010437,1.225651943802105,obse,soup_scene1,70,old
4557,19.99189257621765,1.2250308946905184,obse,soup_scene1,70,old
4558,19.99598789215088,1.2250308946905184,obse,soup_scene1,70,old
4559,20.000605821609497,1.2251213451062388,obse,soup_scene1,70,old
4560,20.004690647125244,1.2251213451062388,obse,soup_scene1,70,old
4561,20.00913906097412,1.225349740863694,obse,soup_scene1,70,old
4562,20.013559103012085,1.2253393869687357,obse,soup_scene1,70,old
4563,20.01814341545105,1.2254076030016996,obse,soup_scene1,70,old
4564,20.022685289382935,1.2251214640841854,obse,soup_scene1,70,old
4565,20.02677583694458,1.2251214640841854,obse,soup_scene1,70,old
4566,20.031005382537842,1.2248007262116982,obse,soup_scene1,70,old
4567,20.035088777542114,1.2248007262116982,obse,soup_scene1,70,old
4568,20.039485931396484,1.2255631081296177,obse,soup_scene1,70,old
4569,20.04366660118103,1.2255631081296177,obse,soup_scene1,70,old
4570,20.047946214675903,1.224938483997153,obse,soup_scene1,70,old
4571,20.05277991294861,1.224938483997153,obse,soup_scene1,70,old
4572,20.057127475738525,1.2249801785349919,obse,soup_scene1,70,old
4573,20.06169891357422,1.2250694554924662,obse,soup_scene1,70,old
4574,20.06626033782959,1.2252215196768186,obse,soup_scene1,70,old
4575,20.07079815864563,1.225143843698804,obse,soup_scene1,70,old
4576,20.074995756149292,1.225143843698804,obse,soup_scene1,70,old
4577,20.079569578170776,1.2254278479782525,obse,soup_scene1,70,old
4578,20.08408260345459,1.225172048871124,obse,soup_scene1,70,old
4579,20.088556051254272,1.2250949994234277,obse,soup_scene1,70,old
4580,20.09295630455017,1.2250949994234277,obse,soup_scene1,70,old
4581,20.097357511520386,1.2252443280603955,obse,soup_scene1,70,old
4582,20.101778507232666,1.2252443280603955,obse,soup_scene1,70,old
4583,20.10627007484436,1.2251420845240102,obse,soup_scene1,70,old
4584,20.1106960773468,1.2251420845240102,obse,soup_scene1,70,old
4585,20.114953994750977,1.2251420845240102,obse,soup_scene1,70,old
4586,20.11955976486206,1.2249678002654278,obse,soup_scene1,70,old
4587,20.123924016952515,1.2246270945609379,obse,soup_scene1,70,old
4588,20.128403425216675,1.2252881989783175,obse,soup_scene1,70,old
4589,20.13284730911255,1.225695399471372,obse,soup_scene1,70,old
4590,20.13734745979309,1.2253501855181657,obse,soup_scene1,70,old
4591,20.141833305358887,1.2250906743308259,obse,soup_scene1,70,old
4592,20.146229028701782,1.2250906743308259,obse,soup_scene1,70,old
4593,20.150575399398804,1.2249220541701724,obse,soup_scene1,70,old
4594,20.154998779296875,1.224989315103879,obse,soup_scene1,70,old
4595,20.159924268722534,1.225064839794676,obse,soup_scene1,70,old
4596,20.164637327194214,1.2245108913337128,obse,soup_scene1,70,old
4597,20.169206857681274,1.2252235852573228,obse,soup_scene1,70,old
4598,20.17373037338257,1.2249785372324273,obse,soup_scene1,70,old
4599,20.178078651428223,1.2249785372324273,obse,soup_scene1,70,old
4600,20.182737588882446,1.2252740112185156,obse,soup_scene1,70,old
4601,20.187000513076782,1.2252740112185156,obse,soup_scene1,70,old
4602,20.191548585891724,1.2251973319757556,obse,soup_scene1,70,old
4603,20.195722103118896,1.2251973319757556,obse,soup_scene1,70,old
4604,20.200249195098877,1.224856261515641,obse,soup_scene1,70,old
4605,20.20452356338501,1.224856261515641,obse,soup_scene1,70,old
4606,20.20908284187317,1.225084769420587,obse,soup_scene1,70,old
4607,20.21352458000183,1.2247270507949524,obse,soup_scene1,70,old
4608,20.218096017837524,1.2250045533549467,obse,soup_scene1,70,old
4609,20.222646474838257,1.2250456533887213,obse,soup_scene1,70,old
4610,20.22692584991455,1.2249202339108165,obse,soup_scene1,70,old
4611,20.231363773345947,1.2249201019488931,obse,soup_scene1,70,old
4612,20.235584259033203,1.2249201019488931,obse,soup_scene1,70,old
4613,20.240034103393555,1.2248830870854637,obse,soup_scene1,70,old
4614,20.24425959587097,1.2248830870854637,obse,soup_scene1,70,old
4615,20.24920654296875,1.2249644996415034,obse,soup_scene1,70,old
4616,20.25351071357727,1.2249644996415034,obse,soup_scene1,70,old
4617,20.25804901123047,1.225020004741428,obse,soup_scene1,70,old
4618,20.262314319610596,1.225020004741428,obse,soup_scene1,70,old
4619,20.266929864883423,1.2247373867260394,obse,soup_scene1,70,old
4620,20.27109694480896,1.2247373867260394,obse,soup_scene1,70,old
4621,20.27567768096924,1.2251335139311184,obse,soup_scene1,70,old
4622,20.279924154281616,1.2251406194901768,obse,soup_scene1,70,old
4623,20.284685850143433,1.224954686544419,obse,soup_scene1,70,old
4624,20.289419174194336,1.225110109740368,obse,soup_scene1,70,old
4625,20.29388427734375,1.225110109740368,obse,soup_scene1,70,old
4626,20.298386096954346,1.2250639553268383,obse,soup_scene1,70,old
4627,20.302851915359497,1.2250639553268383,obse,soup_scene1,70,old
4628,20.307496070861816,1.225071036835508,obse,soup_scene1,70,old
4629,20.31159996986389,1.225071036835508,obse,soup_scene1,70,old
4630,20.31633162498474,1.2249405076413082,obse,soup_scene1,70,old
4631,20.32064390182495,1.2249405076413082,obse,soup_scene1,70,old
4632,20.32539677619934,1.2251759756152507,obse,soup_scene1,70,old
4633,20.32966160774231,1.2251759756152507,obse,soup_scene1,70,old
4634,20.334269523620605,1.2252293450398792,obse,soup_scene1,70,old
4635,20.338605165481567,1.2252293450398792,obse,soup_scene1,70,old
4636,20.343167543411255,1.2252131982976666,obse,soup_scene1,70,old
4637,20.347477436065674,1.225164169117124,obse,soup_scene1,70,old
4638,20.35198187828064,1.225124877715765,obse,soup_scene1,70,old
4639,20.356547594070435,1.2249081626222365,obse,soup_scene1,70,old
4640,20.360907793045044,1.2249081626222365,obse,soup_scene1,70,old
4641,20.365480661392212,1.2253406129545652,obse,soup_scene1,70,old
4642,20.369766235351562,1.2253406129545652,obse,soup_scene1,70,old
4643,20.37449336051941,1.2251769088498647,obse,soup_scene1,70,old
4644,20.378703832626343,1.2251769088498647,obse,soup_scene1,70,old
4645,20.3833487033844,1.2249916290221017,obse,soup_scene1,70,old
4646,20.387770414352417,1.2249916290221017,obse,soup_scene1,70,old
4647,20.39244031906128,1.2250595904235617,obse,soup_scene1,70,old
4648,20.396738529205322,1.2250768106544965,obse,soup_scene1,70,old
4649,20.40113854408264,1.2250472298526922,obse,soup_scene1,70,old
4650,20.405451774597168,1.2250973517333514,obse,soup_scene1,70,old
4651,20.4099280834198,1.2251835306655547,obse,soup_scene1,70,old
4652,20.414267778396606,1.2249702480328377,obse,soup_scene1,70,old
4653,20.418899297714233,1.2249702480328377,obse,soup_scene1,70,old
4654,20.423415184020996,1.225459460591533,obse,soup_scene1,70,old
4655,20.42759418487549,1.225459460591533,obse,soup_scene1,70,old
4656,20.431795835494995,1.225459460591533,obse,soup_scene1,70,old
4657,20.43629264831543,1.2254870674847516,obse,soup_scene1,70,old
4658,20.440523147583008,1.2255478821173111,obse,soup_scene1,70,old
4659,20.444905281066895,1.2251984308018864,obse,soup_scene1,70,old
4660,20.44907784461975,1.2248897212398289,obse,soup_scene1,70,old
4661,20.45336389541626,1.2248897212398289,obse,soup_scene1,70,old
4662,20.45825695991516,1.225128336825298,obse,soup_scene1,70,old
4663,20.46258521080017,1.2251066327010818,obse,soup_scene1,70,old
4664,20.467199563980103,1.2248362965359356,obse,soup_scene1,70,old
4665,20.471464157104492,1.2248049775960035,obse,soup_scene1,70,old
4666,20.476048231124878,1.2249360414737431,obse,soup_scene1,70,old
4667,20.48040509223938,1.2249863308516609,obse,soup_scene1,70,old
4668,20.484821557998657,1.224845101623999,obse,soup_scene1,70,old
4669,20.48938012123108,1.224708860674953,obse,soup_scene1,70,old
4670,20.49376153945923,1.22479785216689,obse,soup_scene1,70,old
4671,20.4983127117157,1.2250384410622475,obse,soup_scene1,70,old
4672,20.50280737876892,1.2249085632698475,obse,soup_scene1,70,old
4673,20.507229328155518,1.2249085632698475,obse,soup_scene1,70,old
4674,20.511677503585815,1.225055312123285,obse,soup_scene1,70,old
4675,20.516116619110107,1.225055312123285,obse,soup_scene1,70,old
4676,20.52059030532837,1.2248963713903318,obse,soup_scene1,70,old
4677,20.524995803833008,1.2248752396742404,obse,soup_scene1,70,old
4678,20.529190063476562,1.2250645881134414,obse,soup_scene1,70,old
4679,20.533839464187622,1.2250645881134414,obse,soup_scene1,70,old
4680,20.538249969482422,1.2250458060756424,obse,soup_scene1,70,old
4681,20.54284358024597,1.2251002683811516,obse,soup_scene1,70,old
4682,20.547237634658813,1.2254542996256974,obse,soup_scene1,70,old
4683,20.551639556884766,1.2254542996256974,obse,soup_scene1,70,old
4684,20.55597186088562,1.2250928877416773,obse,soup_scene1,70,old
4685,20.560346126556396,1.2249375276584589,obse,soup_scene1,70,old
4686,20.56518578529358,1.2254102416818933,obse,soup_scene1,70,old
4687,20.569753408432007,1.2247356074237161,obse,soup_scene1,70,old
4688,20.573994874954224,1.2249933576604837,obse,soup_scene1,70,old
4689,20.578097581863403,1.2249933576604837,obse,soup_scene1,70,old
4690,20.58219289779663,1.2249933576604837,obse,soup_scene1,70,old
4691,20.58624267578125,1.2249933576604837,obse,soup_scene1,70,old
4692,20.590249061584473,1.2249933576604837,obse,soup_scene1,70,old
4693,20.5942280292511,1.2249933576604837,obse,soup_scene1,70,old
4694,20.598211765289307,1.2249933576604837,obse,soup_scene1,70,old
4695,20.60218071937561,1.2249933576604837,obse,soup_scene1,70,old
4696,20.606231212615967,1.2249933576604837,obse,soup_scene1,70,old
4697,20.610218286514282,1.2249933576604837,obse,soup_scene1,70,old
4698,20.614331483840942,1.2249933576604837,obse,soup_scene1,70,old
4699,20.618279218673706,1.2249933576604837,obse,soup_scene1,70,old
4700,20.62235140800476,1.2249933576604837,obse,soup_scene1,70,old
4701,20.626392602920532,1.2249933576604837,obse,soup_scene1,70,old
4702,20.630425930023193,1.2249933576604837,obse,soup_scene1,70,old
4703,20.634398460388184,1.2249933576604837,obse,soup_scene1,70,old
4704,20.63842272758484,1.2249933576604837,obse,soup_scene1,70,old
4705,20.642502784729004,1.2249933576604837,obse,soup_scene1,70,old
4706,20.646610260009766,1.2249933576604837,obse,soup_scene1,70,old
4707,20.650782823562622,1.2249933576604837,obse,soup_scene1,70,old
4708,20.6549813747406,1.2249933576604837,obse,soup_scene1,70,old
4709,20.659104824066162,1.2249933576604837,obse,soup_scene1,70,old
4710,20.663055896759033,1.2249933576604837,obse,soup_scene1,70,old
4711,20.667198657989502,1.2249933576604837,obse,soup_scene1,70,old
4712,20.67128849029541,1.2249933576604837,obse,soup_scene1,70,old
4713,20.675535202026367,1.2249933576604837,obse,soup_scene1,70,old
4714,20.6804461479187,1.2249933576604837,obse,soup_scene1,70,old
4715,20.685112714767456,1.2249933576604837,obse,soup_scene1,70,old
4716,20.69004464149475,1.2249933576604837,obse,soup_scene1,70,old
4717,20.694550037384033,1.2249933576604837,obse,soup_scene1,70,old
4718,20.699135541915894,1.2249933576604837,obse,soup_scene1,70,old
4719,20.703234434127808,1.2249933576604837,obse,soup_scene1,70,old
4720,20.707535982131958,1.2249933576604837,obse,soup_scene1,70,old
4721,20.71186661720276,1.2249933576604837,obse,soup_scene1,70,old
4722,20.71626114845276,1.2249933576604837,obse,soup_scene1,70,old
4723,20.720381259918213,1.2249933576604837,obse,soup_scene1,70,old
4724,20.724741458892822,1.2249933576604837,obse,soup_scene1,70,old
4725,20.729135990142822,1.2249933576604837,obse,soup_scene1,70,old
4726,20.733516931533813,1.2249933576604837,obse,soup_scene1,70,old
4727,20.737638473510742,1.2249933576604837,obse,soup_scene1,70,old
4728,20.74189019203186,1.2249933576604837,obse,soup_scene1,70,old
4729,20.746042490005493,1.2249933576604837,obse,soup_scene1,70,old
4730,20.75012230873108,1.2249933576604837,obse,soup_scene1,70,old
4731,20.75424098968506,1.2249933576604837,obse,soup_scene1,70,old
4732,20.758331775665283,1.2249933576604837,obse,soup_scene1,70,old
4733,20.762304544448853,1.2249933576604837,obse,soup_scene1,70,old
4734,20.76641869544983,1.2249933576604837,obse,soup_scene1,70,old
4735,20.770434379577637,1.2249933576604837,obse,soup_scene1,70,old
4736,20.774577617645264,1.2249933576604837,obse,soup_scene1,70,old
4737,20.778538942337036,1.2249933576604837,obse,soup_scene1,70,old
4738,20.78270673751831,1.2249933576604837,obse,soup_scene1,70,old
4739,20.786713361740112,1.2249933576604837,obse,soup_scene1,70,old
4740,20.790884971618652,1.2249933576604837,obse,soup_scene1,70,old
4741,20.794923782348633,1.2249933576604837,obse,soup_scene1,70,old
4742,20.799021244049072,1.2249933576604837,obse,soup_scene1,70,old
4743,20.803096294403076,1.2249933576604837,obse,soup_scene1,70,old
4744,20.80711269378662,1.2249933576604837,obse,soup_scene1,70,old
4745,20.811119318008423,1.2249933576604837,obse,soup_scene1,70,old
4746,20.81514286994934,1.2249933576604837,obse,soup_scene1,70,old
4747,20.81923747062683,1.2249933576604837,obse,soup_scene1,70,old
4748,20.823205709457397,1.2249933576604837,obse,soup_scene1,70,old
4749,20.82722306251526,1.2249933576604837,obse,soup_scene1,70,old
4750,20.831276655197144,1.2249933576604837,obse,soup_scene1,70,old
4751,20.835354804992676,1.2249933576604837,obse,soup_scene1,70,old
4752,20.839435338974,1.2249933576604837,obse,soup_scene1,70,old
4753,20.843470573425293,1.2249933576604837,obse,soup_scene1,70,old
4754,20.847524642944336,1.2249933576604837,obse,soup_scene1,70,old
4755,20.851548671722412,1.2249933576604837,obse,soup_scene1,70,old
4756,20.855745553970337,1.2249933576604837,obse,soup_scene1,70,old
4757,20.85974407196045,1.2249933576604837,obse,soup_scene1,70,old
4758,20.863728523254395,1.2249933576604837,obse,soup_scene1,70,old
4759,20.867801427841187,1.2249933576604837,obse,soup_scene1,70,old
4760,20.871843099594116,1.2249933576604837,obse,soup_scene1,70,old
4761,20.875978469848633,1.2249933576604837,obse,soup_scene1,70,old
4762,20.879969120025635,1.2249933576604837,obse,soup_scene1,70,old
4763,20.884035348892212,1.2249933576604837,obse,soup_scene1,70,old
4764,20.888052940368652,1.2249933576604837,obse,soup_scene1,70,old
4765,20.89219570159912,1.2249933576604837,obse,soup_scene1,70,old
4766,20.89639115333557,1.2249933576604837,obse,soup_scene1,70,old
4767,20.90070104598999,1.2249933576604837,obse,soup_scene1,70,old
4768,20.90503978729248,1.2249933576604837,obse,soup_scene1,70,old
4769,20.909423112869263,1.2249933576604837,obse,soup_scene1,70,old
4770,20.913739919662476,1.2249933576604837,obse,soup_scene1,70,old
4771,20.917734146118164,1.2249933576604837,obse,soup_scene1,70,old
4772,20.921703338623047,1.2249933576604837,obse,soup_scene1,70,old
4773,20.925822257995605,1.2249933576604837,obse,soup_scene1,70,old
4774,20.929768562316895,1.2249933576604837,obse,soup_scene1,70,old
4775,20.93389368057251,1.2249933576604837,obse,soup_scene1,70,old
4776,20.93782949447632,1.2249933576604837,obse,soup_scene1,70,old
4777,20.94198775291443,1.2249933576604837,obse,soup_scene1,70,old
4778,20.945964097976685,1.2249933576604837,obse,soup_scene1,70,old
4779,20.950027227401733,1.2249933576604837,obse,soup_scene1,70,old
4780,20.95399761199951,1.2249933576604837,obse,soup_scene1,70,old
4781,20.958049297332764,1.2249933576604837,obse,soup_scene1,70,old
4782,20.96207618713379,1.2249933576604837,obse,soup_scene1,70,old
4783,20.96621823310852,1.2249933576604837,obse,soup_scene1,70,old
4784,20.970203399658203,1.2249933576604837,obse,soup_scene1,70,old
4785,20.974324941635132,1.2249933576604837,obse,soup_scene1,70,old
4786,20.978535890579224,1.2249933576604837,obse,soup_scene1,70,old
4787,20.98261523246765,1.2249933576604837,obse,soup_scene1,70,old
4788,20.98660707473755,1.2249933576604837,obse,soup_scene1,70,old
4789,20.99059796333313,1.2249933576604837,obse,soup_scene1,70,old
4790,20.994685888290405,1.2249933576604837,obse,soup_scene1,70,old
4791,20.998714923858643,1.2249933576604837,obse,soup_scene1,70,old
4792,21.002658128738403,1.2249933576604837,obse,soup_scene1,70,old
4793,21.006673097610474,1.2249933576604837,obse,soup_scene1,70,old
4794,21.01064682006836,1.2249933576604837,obse,soup_scene1,70,old
4795,21.014770030975342,1.2249933576604837,obse,soup_scene1,70,old
4796,21.018802404403687,1.2249933576604837,obse,soup_scene1,70,old
4797,21.022834062576294,1.2249933576604837,obse,soup_scene1,70,old
4798,21.02685546875,1.2249933576604837,obse,soup_scene1,70,old
4799,21.03092646598816,1.2249933576604837,obse,soup_scene1,70,old
4800,21.03491973876953,1.2249933576604837,obse,soup_scene1,70,old
4801,21.038889169692993,1.2249933576604837,obse,soup_scene1,70,old
4802,21.042885541915894,1.2249933576604837,obse,soup_scene1,70,old
4803,21.04688048362732,1.2249933576604837,obse,soup_scene1,70,old
4804,21.050896406173706,1.2249933576604837,obse,soup_scene1,70,old
4805,21.054879665374756,1.2249933576604837,obse,soup_scene1,70,old
4806,21.058947801589966,1.2249933576604837,obse,soup_scene1,70,old
4807,21.062908172607422,1.2249933576604837,obse,soup_scene1,70,old
4808,21.067160606384277,1.2249933576604837,obse,soup_scene1,70,old
4809,21.071335554122925,1.2249933576604837,obse,soup_scene1,70,old
4810,21.075448274612427,1.2249933576604837,obse,soup_scene1,70,old
4811,21.07940912246704,1.2249933576604837,obse,soup_scene1,70,old
4812,21.083515405654907,1.2249933576604837,obse,soup_scene1,70,old
4813,21.08756446838379,1.2249933576604837,obse,soup_scene1,70,old
4814,21.091624975204468,1.2249933576604837,obse,soup_scene1,70,old
4815,21.095638036727905,1.2249933576604837,obse,soup_scene1,70,old
4816,21.099642515182495,1.2249933576604837,obse,soup_scene1,70,old
4817,21.103699445724487,1.2249933576604837,obse,soup_scene1,70,old
4818,21.107707262039185,1.2249933576604837,obse,soup_scene1,70,old
4819,21.111666202545166,1.2249933576604837,obse,soup_scene1,70,old
4820,21.115675926208496,1.2249933576604837,obse,soup_scene1,70,old
4821,21.1196608543396,1.2249933576604837,obse,soup_scene1,70,old
4822,21.12365460395813,1.2249933576604837,obse,soup_scene1,70,old
4823,21.127683639526367,1.2249933576604837,obse,soup_scene1,70,old
4824,21.131715297698975,1.2249933576604837,obse,soup_scene1,70,old
4825,21.135708332061768,1.2249933576604837,obse,soup_scene1,70,old
4826,21.139842748641968,1.2249933576604837,obse,soup_scene1,70,old
4827,21.14383029937744,1.2249933576604837,obse,soup_scene1,70,old
4828,21.147886276245117,1.2249933576604837,obse,soup_scene1,70,old
4829,21.15184736251831,1.2249933576604837,obse,soup_scene1,70,old
4830,21.155948400497437,1.2249933576604837,obse,soup_scene1,70,old
4831,21.1599383354187,1.2249933576604837,obse,soup_scene1,70,old
4832,21.163962364196777,1.2249933576604837,obse,soup_scene1,70,old
4833,21.167941331863403,1.2249933576604837,obse,soup_scene1,70,old
4834,21.17203187942505,1.2249933576604837,obse,soup_scene1,70,old
4835,21.176079273223877,1.2249933576604837,obse,soup_scene1,70,old
4836,21.180041790008545,1.2249933576604837,obse,soup_scene1,70,old
4837,21.1840922832489,1.2249933576604837,obse,soup_scene1,70,old
4838,21.18805241584778,1.2249933576604837,obse,soup_scene1,70,old
4839,21.19214677810669,1.2249933576604837,obse,soup_scene1,70,old
4840,21.19614291191101,1.2249933576604837,obse,soup_scene1,70,old
4841,21.200153350830078,1.2249933576604837,obse,soup_scene1,70,old
4842,21.2041175365448,1.2249933576604837,obse,soup_scene1,70,old
4843,21.208168745040894,1.2249933576604837,obse,soup_scene1,70,old
4844,21.21216607093811,1.2249933576604837,obse,soup_scene1,70,old
4845,21.21616792678833,1.2249933576604837,obse,soup_scene1,70,old
4846,21.2201189994812,1.2249933576604837,obse,soup_scene1,70,old
4847,21.2241153717041,1.2249933576604837,obse,soup_scene1,70,old
4848,21.22821354866028,1.2249933576604837,obse,soup_scene1,70,old
4849,21.23225212097168,1.2249933576604837,obse,soup_scene1,70,old
4850,21.23622727394104,1.2249933576604837,obse,soup_scene1,70,old
4851,21.24028444290161,1.2249933576604837,obse,soup_scene1,70,old
4852,21.244324684143066,1.2249933576604837,obse,soup_scene1,70,old
4853,21.248384475708008,1.2249933576604837,obse,soup_scene1,70,old
4854,21.25233817100525,1.2249933576604837,obse,soup_scene1,70,old
4855,21.256405353546143,1.2249933576604837,obse,soup_scene1,70,old
4856,21.260426998138428,1.2249933576604837,obse,soup_scene1,70,old
4857,21.264495611190796,1.2249933576604837,obse,soup_scene1,70,old
4858,21.268461227416992,1.2249933576604837,obse,soup_scene1,70,old
4859,21.272574424743652,1.2249933576604837,obse,soup_scene1,70,old
4860,21.27659320831299,1.2249933576604837,obse,soup_scene1,70,old
4861,21.280641078948975,1.2249933576604837,obse,soup_scene1,70,old
4862,21.2846200466156,1.2249933576604837,obse,soup_scene1,70,old
4863,21.288612365722656,1.2249933576604837,obse,soup_scene1,70,old
4864,21.292622327804565,1.2249933576604837,obse,soup_scene1,70,old
4865,21.296699047088623,1.2249933576604837,obse,soup_scene1,70,old
4866,21.30069899559021,1.2249933576604837,obse,soup_scene1,70,old
4867,21.304660320281982,1.2249933576604837,obse,soup_scene1,70,old
4868,21.308661460876465,1.2249933576604837,obse,soup_scene1,70,old
4869,21.31260657310486,1.2249933576604837,obse,soup_scene1,70,old
4870,21.316657781600952,1.2249933576604837,obse,soup_scene1,70,old
4871,21.320636749267578,1.2249933576604837,obse,soup_scene1,70,old
4872,21.32467222213745,1.2249933576604837,obse,soup_scene1,70,old
4873,21.328656911849976,1.2249933576604837,obse,soup_scene1,70,old
4874,21.332762718200684,1.2249933576604837,obse,soup_scene1,70,old
4875,21.336738348007202,1.2249933576604837,obse,soup_scene1,70,old
4876,21.340813398361206,1.2249933576604837,obse,soup_scene1,70,old
4877,21.34478759765625,1.2249933576604837,obse,soup_scene1,70,old
4878,21.348851203918457,1.2249933576604837,obse,soup_scene1,70,old
4879,21.352864503860474,1.2249933576604837,obse,soup_scene1,70,old
4880,21.35691499710083,1.2249933576604837,obse,soup_scene1,70,old
4881,21.360878705978394,1.2249933576604837,obse,soup_scene1,70,old
4882,21.364923238754272,1.2249933576604837,obse,soup_scene1,70,old
4883,21.36889386177063,1.2249933576604837,obse,soup_scene1,70,old
4884,21.372994899749756,1.2249933576604837,obse,soup_scene1,70,old
4885,21.377070665359497,1.2249933576604837,obse,soup_scene1,70,old
4886,21.38115096092224,1.2249933576604837,obse,soup_scene1,70,old
4887,21.38511037826538,1.2249933576604837,obse,soup_scene1,70,old
4888,21.38923168182373,1.2249933576604837,obse,soup_scene1,70,old
4889,21.393189668655396,1.2249933576604837,obse,soup_scene1,70,old
4890,21.397283792495728,1.2249933576604837,obse,soup_scene1,70,old
4891,21.40124773979187,1.2249933576604837,obse,soup_scene1,70,old
4892,21.40528917312622,1.2249933576604837,obse,soup_scene1,70,old
4893,21.409287691116333,1.2249933576604837,obse,soup_scene1,70,old
4894,21.413256645202637,1.2249933576604837,obse,soup_scene1,70,old
4895,21.417234659194946,1.2249933576604837,obse,soup_scene1,70,old
4896,21.421165943145752,1.2249933576604837,obse,soup_scene1,70,old
4897,21.425249814987183,1.2249933576604837,obse,soup_scene1,70,old
4898,21.429207801818848,1.2249933576604837,obse,soup_scene1,70,old
4899,21.43319606781006,1.2249933576604837,obse,soup_scene1,70,old
4900,21.437193393707275,1.2249933576604837,obse,soup_scene1,70,old
4901,21.441359043121338,1.2249933576604837,obse,soup_scene1,70,old
4902,21.445322036743164,1.2249933576604837,obse,soup_scene1,70,old
4903,21.44937515258789,1.2249933576604837,obse,soup_scene1,70,old
4904,21.453319787979126,1.2249933576604837,obse,soup_scene1,70,old
4905,21.457385063171387,1.2249933576604837,obse,soup_scene1,70,old
4906,21.461528539657593,1.2249933576604837,obse,soup_scene1,70,old
4907,21.46556043624878,1.2249933576604837,obse,soup_scene1,70,old
4908,21.469587564468384,1.2249933576604837,obse,soup_scene1,70,old
4909,21.4736385345459,1.2249933576604837,obse,soup_scene1,70,old
4910,21.477766752243042,1.2249933576604837,obse,soup_scene1,70,old
4911,21.48194169998169,1.2249933576604837,obse,soup_scene1,70,old
4912,21.485915184020996,1.2249933576604837,obse,soup_scene1,70,old
4913,21.489962577819824,1.2249933576604837,obse,soup_scene1,70,old
4914,21.493948459625244,1.2249933576604837,obse,soup_scene1,70,old
4915,21.497989892959595,1.2249933576604837,obse,soup_scene1,70,old
4916,21.501944065093994,1.2249933576604837,obse,soup_scene1,70,old
4917,21.505947589874268,1.2249933576604837,obse,soup_scene1,70,old
4918,21.50991725921631,1.2249933576604837,obse,soup_scene1,70,old
4919,21.513963222503662,1.2249933576604837,obse,soup_scene1,70,old
4920,21.51797103881836,1.2249933576604837,obse,soup_scene1,70,old
4921,21.52192449569702,1.2249933576604837,obse,soup_scene1,70,old
4922,21.525970458984375,1.2249933576604837,obse,soup_scene1,70,old
4923,21.529976844787598,1.2249933576604837,obse,soup_scene1,70,old
4924,21.53399133682251,1.2249933576604837,obse,soup_scene1,70,old
4925,21.53799605369568,1.2249933576604837,obse,soup_scene1,70,old
4926,21.542102336883545,1.2249933576604837,obse,soup_scene1,70,old
4927,21.5460684299469,1.2249933576604837,obse,soup_scene1,70,old
4928,21.55012559890747,1.2249933576604837,obse,soup_scene1,70,old
4929,21.554078578948975,1.2249933576604837,obse,soup_scene1,70,old
4930,21.55821704864502,1.2249933576604837,obse,soup_scene1,70,old
4931,21.562187433242798,1.2249933576604837,obse,soup_scene1,70,old
4932,21.566447496414185,1.2249933576604837,obse,soup_scene1,70,old
4933,21.570457458496094,1.2249933576604837,obse,soup_scene1,70,old
4934,21.57455825805664,1.2249933576604837,obse,soup_scene1,70,old
4935,21.578514575958252,1.2249933576604837,obse,soup_scene1,70,old
4936,21.582592964172363,1.2249933576604837,obse,soup_scene1,70,old
4937,21.58661198616028,1.2249933576604837,obse,soup_scene1,70,old
4938,21.590614080429077,1.2249933576604837,obse,soup_scene1,70,old
4939,21.59461498260498,1.2249933576604837,obse,soup_scene1,70,old
4940,21.598673343658447,1.2249933576604837,obse,soup_scene1,70,old
4941,21.602737426757812,1.2249933576604837,obse,soup_scene1,70,old
4942,21.606740951538086,1.2249933576604837,obse,soup_scene1,70,old
4943,21.610684394836426,1.2249933576604837,obse,soup_scene1,70,old
4944,21.614663124084473,1.2249933576604837,obse,soup_scene1,70,old
4945,21.61877942085266,1.2249933576604837,obse,soup_scene1,70,old
4946,21.622885704040527,1.2249933576604837,obse,soup_scene1,70,old
4947,21.626933336257935,1.2249933576604837,obse,soup_scene1,70,old
4948,21.630925178527832,1.2249933576604837,obse,soup_scene1,70,old
4949,21.634878396987915,1.2249933576604837,obse,soup_scene1,70,old
4950,21.639010190963745,1.2249933576604837,obse,soup_scene1,70,old
4951,21.64303231239319,1.2249933576604837,obse,soup_scene1,70,old
4952,21.647000789642334,1.2249933576604837,obse,soup_scene1,70,old
4953,21.651051998138428,1.2249933576604837,obse,soup_scene1,70,old
4954,21.655189514160156,1.2249933576604837,obse,soup_scene1,70,old
4955,21.659326791763306,1.2249933576604837,obse,soup_scene1,70,old
4956,21.663410186767578,1.2249933576604837,obse,soup_scene1,70,old
4957,21.667510747909546,1.2249933576604837,obse,soup_scene1,70,old
4958,21.671630859375,1.2249933576604837,obse,soup_scene1,70,old
4959,21.675727128982544,1.2249933576604837,obse,soup_scene1,70,old
4960,21.679661750793457,1.2249933576604837,obse,soup_scene1,70,old
4961,21.6836576461792,1.2249933576604837,obse,soup_scene1,70,old
4962,21.6876437664032,1.2249933576604837,obse,soup_scene1,70,old
4963,21.69182801246643,1.2249933576604837,obse,soup_scene1,70,old
4964,21.695858478546143,1.2249933576604837,obse,soup_scene1,70,old
4965,21.69987726211548,1.2249933576604837,obse,soup_scene1,70,old
4966,21.70380663871765,1.2249933576604837,obse,soup_scene1,70,old
4967,21.707898139953613,1.2249933576604837,obse,soup_scene1,70,old
4968,21.71185564994812,1.2249933576604837,obse,soup_scene1,70,old
4969,21.71588158607483,1.2249933576604837,obse,soup_scene1,70,old
4970,21.719835996627808,1.2249933576604837,obse,soup_scene1,70,old
4971,21.723872184753418,1.2249933576604837,obse,soup_scene1,70,old
4972,21.728058099746704,1.2249933576604837,obse,soup_scene1,70,old
4973,21.732161283493042,1.2249933576604837,obse,soup_scene1,70,old
4974,21.73616099357605,1.2249933576604837,obse,soup_scene1,70,old
4975,21.740228176116943,1.2249933576604837,obse,soup_scene1,70,old
4976,21.744301795959473,1.2249933576604837,obse,soup_scene1,70,old
4977,21.748348474502563,1.2249933576604837,obse,soup_scene1,70,old
4978,21.75248646736145,1.2249933576604837,obse,soup_scene1,70,old
4979,21.75653076171875,1.2249933576604837,obse,soup_scene1,70,old
4980,21.76057195663452,1.2249933576604837,obse,soup_scene1,70,old
4981,21.76470184326172,1.2249933576604837,obse,soup_scene1,70,old
4982,21.768738508224487,1.2249933576604837,obse,soup_scene1,70,old
4983,21.7728328704834,1.2249933576604837,obse,soup_scene1,70,old
4984,21.776839017868042,1.2249933576604837,obse,soup_scene1,70,old
4985,21.780937910079956,1.2249933576604837,obse,soup_scene1,70,old
4986,21.78496479988098,1.2249933576604837,obse,soup_scene1,70,old
4987,21.788989305496216,1.2249933576604837,obse,soup_scene1,70,old
4988,21.793015718460083,1.2249933576604837,obse,soup_scene1,70,old
4989,21.797093868255615,1.2249933576604837,obse,soup_scene1,70,old
4990,21.80107569694519,1.2249933576604837,obse,soup_scene1,70,old
4991,21.80508327484131,1.2249933576604837,obse,soup_scene1,70,old
4992,21.809098720550537,1.2249933576604837,obse,soup_scene1,70,old
4993,21.81312584877014,1.2249933576604837,obse,soup_scene1,70,old
4994,21.81715989112854,1.2249933576604837,obse,soup_scene1,70,old
4995,21.821120262145996,1.2249933576604837,obse,soup_scene1,70,old
4996,21.82513999938965,1.2249933576604837,obse,soup_scene1,70,old
4997,21.82911515235901,1.2249933576604837,obse,soup_scene1,70,old
4998,21.833336114883423,1.2249933576604837,obse,soup_scene1,70,old
4999,21.837435007095337,1.2249933576604837,obse,soup_scene1,70,old
5000,21.841538667678833,1.2249933576604837,obse,soup_scene1,70,old
5001,21.84552526473999,1.2249933576604837,obse,soup_scene1,70,old
5002,21.84965944290161,1.2249933576604837,obse,soup_scene1,70,old
5003,21.853687286376953,1.2249933576604837,obse,soup_scene1,70,old
5004,21.857768774032593,1.2249933576604837,obse,soup_scene1,70,old
5005,21.86171007156372,1.2249933576604837,obse,soup_scene1,70,old
5006,21.865747690200806,1.2249933576604837,obse,soup_scene1,70,old
5007,21.8698890209198,1.2249933576604837,obse,soup_scene1,70,old
5008,21.87398386001587,1.2249933576604837,obse,soup_scene1,70,old
5009,21.877960205078125,1.2249933576604837,obse,soup_scene1,70,old
5010,21.882018089294434,1.2249933576604837,obse,soup_scene1,70,old
5011,21.886061906814575,1.2249933576604837,obse,soup_scene1,70,old
5012,21.89006733894348,1.2249933576604837,obse,soup_scene1,70,old
5013,21.894087314605713,1.2249933576604837,obse,soup_scene1,70,old
5014,21.898087978363037,1.2249933576604837,obse,soup_scene1,70,old
5015,21.90204381942749,1.2249933576604837,obse,soup_scene1,70,old
5016,21.90614652633667,1.2249933576604837,obse,soup_scene1,70,old
5017,21.91023325920105,1.2249933576604837,obse,soup_scene1,70,old
5018,21.91425132751465,1.2249933576604837,obse,soup_scene1,70,old
5019,21.918192863464355,1.2249933576604837,obse,soup_scene1,70,old
5020,21.92223358154297,1.2249933576604837,obse,soup_scene1,70,old
5021,21.926270484924316,1.2249933576604837,obse,soup_scene1,70,old
5022,21.930259704589844,1.2249933576604837,obse,soup_scene1,70,old
5023,21.934298753738403,1.2249933576604837,obse,soup_scene1,70,old
5024,21.938329458236694,1.2249933576604837,obse,soup_scene1,70,old
5025,21.942390203475952,1.2249933576604837,obse,soup_scene1,70,old
5026,21.946342945098877,1.2249933576604837,obse,soup_scene1,70,old
5027,21.950394868850708,1.2249933576604837,obse,soup_scene1,70,old
5028,21.954402446746826,1.2249933576604837,obse,soup_scene1,70,old
5029,21.95848512649536,1.2249933576604837,obse,soup_scene1,70,old
5030,21.962433338165283,1.2249933576604837,obse,soup_scene1,70,old
5031,21.966479301452637,1.2249933576604837,obse,soup_scene1,70,old
5032,21.97043228149414,1.2249933576604837,obse,soup_scene1,70,old
5033,21.97467827796936,1.2249933576604837,obse,soup_scene1,70,old
5034,21.97877025604248,1.2249933576604837,obse,soup_scene1,70,old
5035,21.982821464538574,1.2249933576604837,obse,soup_scene1,70,old
5036,21.986773014068604,1.2249933576604837,obse,soup_scene1,70,old
5037,21.99077343940735,1.2249933576604837,obse,soup_scene1,70,old
5038,21.994860410690308,1.2249933576604837,obse,soup_scene1,70,old
5039,21.998865365982056,1.2249933576604837,obse,soup_scene1,70,old
5040,22.00283908843994,1.2249933576604837,obse,soup_scene1,70,old
5041,22.006820917129517,1.2249933576604837,obse,soup_scene1,70,old
5042,22.01089096069336,1.2249933576604837,obse,soup_scene1,70,old
5043,22.01499319076538,1.2249933576604837,obse,soup_scene1,70,old
5044,22.01892328262329,1.2249933576604837,obse,soup_scene1,70,old
5045,22.022887706756592,1.2249933576604837,obse,soup_scene1,70,old
5046,22.026935577392578,1.2249933576604837,obse,soup_scene1,70,old
