0,0.0026857852935791016,0.09238968694503141,obse
2,0.032595157623291016,0.0913302866333003,obse
4,0.10816574096679688,0.20155318939357433,obse
6,0.1750040054321289,0.13740291680020408,obse
8,0.2432096004486084,0.030305738686284042,obse
10,0.30718111991882324,0.07605500914624332,obse
12,0.38170480728149414,0.11098824610359916,obse
14,0.4362475872039795,0.004417583676607784,obse
16,0.5164175033569336,0.14067096559437298,obse
18,0.565049409866333,0.09934096369892835,obse
20,0.6305079460144043,0.11148118303015293,obse
22,0.7241487503051758,0.07742076982914002,obse
24,0.7926526069641113,0.11718337819130145,obse
26,0.8644435405731201,0.06318025693191844,obse
28,0.9514815807342529,0.10389779740200812,obse
30,1.0323638916015625,0.05381043584953104,obse
32,1.0994722843170166,0.09288430792055931,obse
34,1.1857657432556152,0.28535778986937194,obse
36,1.2589704990386963,0.26043582870662574,obse
38,1.291999340057373,0.0504345126397468,obse
40,1.3452668190002441,0.07752020285797699,obse
42,1.4790761470794678,0.050966460250565546,obse
44,1.577913761138916,0.12265386002325857,obse
46,1.640754222869873,0.05353689053470353,obse
48,1.747253656387329,0.006743486441884648,obse
50,1.837677240371704,0.09481222960649964,obse
52,1.924476146697998,0.16380697151787396,obse
54,2.011209011077881,0.041535842320860175,obse
56,2.110455274581909,0.000875012270287442,obse
58,2.200648546218872,0.23778310306104458,obse
60,2.3051018714904785,0.05786090596781561,obse
62,2.379352569580078,0.09208696430220119,obse
64,2.4641263484954834,0.07674292061301219,obse
66,2.594911813735962,0.1694155325127634,obse
68,2.6976990699768066,0.20563129604552124,obse
70,2.7845144271850586,0.10595288656703321,obse
72,2.8872106075286865,0.06284279028314295,obse
74,2.9765119552612305,0.04035379114661553,obse
76,3.101205825805664,0.1785724111331213,obse
78,3.1724131107330322,0.0037887921426272664,obse
80,3.2692174911499023,0.04811996571711828,obse
82,3.371225118637085,0.07855775204307448,obse
84,3.464092254638672,0.21810012412965446,obse
86,3.547490358352661,0.07330656878335692,obse
88,3.6434249877929688,0.1091911672857206,obse
90,3.7293524742126465,0.1011891834201946,obse
92,3.8163979053497314,0.07116056488166148,obse
94,3.9053235054016113,0.017534324038638065,obse
96,3.9936106204986572,0.09963018334817336,obse
98,4.075335502624512,0.1102511696002247,obse
100,4.153626441955566,0.01019052329984867,obse
102,4.237625598907471,0.07231454769060411,obse
104,4.322668075561523,0.09798685101563995,obse
106,4.406942129135132,0.03354969415153846,obse
108,4.504886627197266,0.0673151480731839,obse
110,4.560244560241699,0.2293867986035392,obse
112,4.6314685344696045,0.1034046386044547,obse
114,4.701866388320923,0.06278899808844104,obse
116,4.788541078567505,0.055421534673581775,obse
118,4.8663458824157715,0.0658815555377766,obse
120,4.951167821884155,0.05884371775108225,obse
122,5.007331848144531,0.11685640558311099,obse
124,5.046266078948975,0.13459521404564181,obse
126,5.14005708694458,0.005676909892178516,obse
128,5.2231855392456055,0.15348027331207229,obse
130,5.3081817626953125,0.025095036668595198,obse
132,5.3811705112457275,0.058867442906290736,obse
134,5.453620195388794,0.23243293061702236,obse
136,5.518659591674805,0.11733765197059744,obse
138,5.565084218978882,0.05192159547496722,obse
140,5.639650344848633,0.011490151503201278,obse
142,5.686095237731934,0.06856555552401908,obse
144,5.774662256240845,0.07735657757847973,obse
146,5.853410482406616,0.008531290592689868,obse
148,5.9297404289245605,0.08841146175568186,obse
150,6.011039972305298,0.027239121214638024,obse
152,6.090887546539307,0.06493586983557427,obse
154,6.1574766635894775,0.09250533571498673,obse
156,6.239928245544434,0.1406460209042063,obse
158,6.325708866119385,0.11053887991112689,obse
160,6.40537428855896,0.02659136132561269,obse
162,6.4752538204193115,0.06939506762544141,obse
164,6.55637001991272,0.034813668248670285,obse
166,6.626919746398926,0.036663411449039326,obse
168,6.692243814468384,0.07106537394599667,obse
170,6.780536413192749,0.08591928862282688,obse
172,6.860223770141602,0.006375930291220682,obse
174,6.931192636489868,0.15632899934799033,obse
176,7.008607864379883,0.075763888628509,obse
178,7.089595317840576,0.024275351241301507,obse
180,7.160444498062134,0.17102676540719647,obse
182,7.23984694480896,0.23377425035574456,obse
184,7.3004310131073,0.05751675081492386,obse
186,7.358046054840088,0.036881995598024346,obse
188,7.425211191177368,0.1464494210615543,obse
190,7.488904714584351,0.039537648094733355,obse
192,7.562079191207886,0.0720701209094521,obse
194,7.625643730163574,0.14998833975852116,obse
196,7.7026519775390625,0.06416628862499486,obse
198,7.766014099121094,0.03409219834123466,obse
200,7.831214189529419,0.12532158954160472,obse
202,7.906281232833862,0.02135915059287005,obse
204,7.9716267585754395,0.066552046208879,obse
206,8.034291744232178,0.05562088731288315,obse
208,8.107870101928711,0.02828669252789535,obse
210,8.176048755645752,0.08274524212677416,obse
212,8.248880386352539,0.07672697240786894,obse
214,8.307638883590698,0.19632177298780706,obse
216,8.362211227416992,0.2323167238499763,obse
218,8.42262578010559,0.12137708542043522,obse
220,8.480283975601196,0.15458882146925393,obse
222,8.549187421798706,0.13570930068517612,obse
224,8.605379581451416,0.05393764493891342,obse
226,8.663187980651855,0.07088308608961623,obse
228,8.721307516098022,0.029833693889103435,obse
230,8.788052797317505,0.1267607049767798,obse
232,8.843629360198975,0.03550517582336597,obse
234,8.90276050567627,0.021311231484371248,obse
236,8.970596075057983,0.026275518005560015,obse
238,9.025239944458008,0.0939503339742873,obse
240,9.080287456512451,0.01250283417660612,obse
242,9.165586709976196,0.11390833294273055,obse
244,9.24934697151184,0.1325140369905668,obse
246,9.331218004226685,0.15995626599405074,obse
248,9.398937225341797,0.029955160704806593,obse
250,9.472797155380249,0.20745239923147063,obse
252,9.552723407745361,0.062308035000423354,obse
254,9.621580123901367,0.12693033780292182,obse
256,9.702118396759033,0.04015218981777009,obse
258,9.783825159072876,0.23524223824951715,obse
260,9.867873668670654,0.050845830998298765,obse
262,9.96191668510437,0.01382330079359677,obse
264,10.02315902709961,0.0038404775831008078,obse
266,10.069135904312134,0.02424353069412337,obse
268,10.141043663024902,0.053462723802523884,obse
270,10.214351177215576,0.009928293488726097,obse
272,10.282694578170776,0.14309837049540575,obse
274,10.331115245819092,0.25817398889534715,obse
276,10.408238410949707,0.0008718830163610077,obse
278,10.46104884147644,0.08298142252589419,obse
280,10.51743769645691,0.06976317516577273,obse
282,10.551416158676147,0.00878235483331737,obse
284,10.583119630813599,0.032919264840791565,obse
286,10.604399681091309,0.00778593081370982,obse
288,10.630520582199097,0.24232752656886014,obse
290,10.652452230453491,0.21183048574467644,obse
292,10.68888783454895,0.09646148247873364,obse
294,10.72452425956726,0.1416460617592448,obse
296,10.762457609176636,0.10090981853261449,obse
298,10.785648822784424,0.13628518245022986,obse
300,10.821180820465088,0.026671183192383697,obse
302,10.84770393371582,0.07360478130621453,obse
304,10.885417938232422,0.051609204512888175,obse
306,10.912312746047974,0.11325052370758422,obse
308,10.93650507926941,0.1252861128679871,obse
310,10.96218466758728,0.08748428966854717,obse
312,11.002420902252197,0.052679717782783464,obse
314,11.027218580245972,0.014037656636663095,obse
316,11.051515102386475,0.04804156046809718,obse
318,11.085456848144531,0.03683755531999393,obse
320,11.133976221084595,0.006137526955930145,obse
322,11.20287799835205,0.17340747703655776,obse
324,11.262848854064941,0.17880719272615864,obse
326,11.319462537765503,0.025981462943700462,obse
328,11.389270305633545,0.0488667957236656,obse
330,11.442767858505249,0.06663247090325711,obse
332,11.513886213302612,0.022798454929886913,obse
334,11.570566892623901,0.06353747876163687,obse
336,11.62766718864441,0.20525126470317617,obse
338,11.70258378982544,0.03922967189433414,obse
340,11.761637210845947,0.0719505735997096,obse
342,11.83926248550415,0.09137003450409782,obse
344,11.924957990646362,0.05035096431137565,obse
346,11.992477416992188,0.08792172284722304,obse
348,12.04894208908081,0.002975934910599098,obse
350,12.119698762893677,0.008093282409975297,obse
352,12.17490005493164,0.08092757473177176,obse
354,12.250454187393188,0.07035730332246362,obse
356,12.306847333908081,0.1636240657760578,obse
358,12.361818075180054,0.30878087968493423,obse
360,12.419487476348877,0.08905183310721419,obse
362,12.474042654037476,0.012722754193998438,obse
364,12.530395269393921,0.03811139888828633,obse
366,12.585202693939209,0.10594491735085221,obse
368,12.649690866470337,0.03150165747714661,obse
370,12.711666107177734,0.039075811675378797,obse
372,12.768378734588623,0.012170083143102802,obse
374,12.84248661994934,0.17903481270063226,obse
376,12.913743257522583,0.16468646759487499,obse
378,12.999724864959717,0.1425314275758969,obse
380,13.04755425453186,0.05581806645806811,obse
382,13.107090473175049,0.06475105110520116,obse
384,13.186183214187622,0.020049162269431924,obse
386,13.244408130645752,0.16207219977673917,obse
388,13.325119972229004,0.0015944237950303356,obse
390,13.38407278060913,0.015733563924763404,obse
392,13.466843128204346,0.06325637489131242,obse
394,13.532789945602417,0.01748839611100436,obse
396,13.611873388290405,0.07379638944786933,obse
398,13.66981053352356,0.1306955997595144,obse
400,13.734869480133057,0.11567458584124043,obse
402,13.791131258010864,0.1265877135220901,obse
404,13.845959424972534,0.05841717979630878,obse
406,13.873630046844482,0.007940232631203303,obse
408,13.899273872375488,0.003563279753970479,obse
410,13.93357539176941,0.09662980276089986,obse
412,13.972429275512695,0.06685613771790683,obse
414,14.01454758644104,0.07088624709242032,obse
416,14.045504331588745,0.11097180243769715,obse
418,14.06700611114502,0.23389595630625715,obse
420,14.088135480880737,0.17749317897254335,obse
422,14.109066009521484,0.17749317897254335,obse
424,14.148346662521362,0.13814536032620892,obse
426,14.19456934928894,0.10703214348680753,obse
428,14.232284545898438,0.10352448838974068,obse
430,14.267743110656738,0.02970230366517279,obse
432,14.304963827133179,0.05619319486093192,obse
434,14.335765600204468,0.09401916398731784,obse
436,14.362955093383789,0.030118010456877262,obse
438,14.392861366271973,0.06806536368549242,obse
440,14.422620058059692,0.0033962260531429666,obse
442,14.450946807861328,0.06973361706472186,obse
444,14.47987699508667,0.06054229278043787,obse
446,14.55018949508667,0.10979102588289796,obse
448,14.59103512763977,0.003151322953769875,obse
450,14.625126838684082,0.3417355382659156,obse
452,14.663098573684692,0.07774262910693855,obse
454,14.69090485572815,0.09631760407159605,obse
456,14.733999490737915,0.03310336217853233,obse
458,14.774758100509644,0.011427820062617998,obse
460,14.800961017608643,0.09658685616024905,obse
462,14.825928211212158,0.021736102573458423,obse
464,14.898572444915771,0.1096004807803182,obse
466,14.944120645523071,0.036735732121891886,obse
468,14.972925662994385,0.0051354383590061885,obse
470,14.997543573379517,0.050643425150476803,obse
472,15.01943826675415,0.05716207780035159,obse
474,15.115696430206299,0.06326236667654321,obse
476,15.162696123123169,0.026859834735042686,obse
478,15.187779903411865,0.026859834735042686,obse
480,15.216344118118286,0.043599153586713235,obse
482,15.275617599487305,0.07432244125736702,obse
484,15.328649044036865,0.0973861484963082,obse
486,15.356362581253052,0.08125728536734624,obse
488,15.39096999168396,0.03283098074301413,obse
490,15.451299905776978,0.004890490916282592,obse
492,15.49574899673462,0.1344153660513789,obse
494,15.516794443130493,0.12714620001069915,obse
496,15.546005725860596,0.15341952268755568,obse
498,15.571560144424438,0.04172867171067932,obse
500,15.603779554367065,0.06421504963920173,obse
502,15.662289381027222,0.034052265569847306,obse
504,15.72191333770752,0.036258174260435316,obse
506,15.758151292800903,0.01927458744124202,obse
508,15.800675392150879,0.2473134122754226,obse
510,15.867307901382446,0.07037792542748125,obse
512,15.94159483909607,0.0366976302797805,obse
514,16.000629663467407,0.09830557969386518,obse
516,16.051939964294434,0.19714872803673636,obse
518,16.102150201797485,0.052581367084404244,obse
520,16.16233229637146,0.02431161019413757,obse
522,16.22290587425232,0.07402734882035839,obse
524,16.277795791625977,0.16546836960312422,obse
526,16.320032119750977,0.05724034431246181,obse
528,16.34064745903015,0.1045425364890235,obse
530,16.36389136314392,0.04691745981609703,obse
532,16.386659860610962,0.054013558126814444,obse
534,16.435137033462524,0.12501485607217352,obse
536,16.490989208221436,0.03350379033346693,obse
538,16.55269694328308,0.1119807482845769,obse
540,16.604233264923096,0.0999465187825991,obse
542,16.661255598068237,0.020926856497358284,obse
544,16.72132658958435,0.12109884263701674,obse
546,16.774291276931763,0.010700115356051497,obse
548,16.83094882965088,0.04599637826500833,obse
550,16.894177436828613,0.08571315142016105,obse
552,16.94707417488098,0.06235284132551026,obse
554,16.973531246185303,0.05321129872332995,obse
556,17.017157793045044,0.061988478526958254,obse
558,17.075711250305176,0.16254350080375612,obse
560,17.141956090927124,0.0419522882937851,obse
562,17.20868182182312,0.039720692520117604,obse
564,17.263776779174805,0.04676125589227188,obse
566,17.320448398590088,0.10697938118860582,obse
568,17.38877034187317,0.02955178372858968,obse
570,17.45237898826599,0.030056450123560837,obse
572,17.514840841293335,0.00840410105647714,obse
574,17.58085346221924,0.10731223110636452,obse
576,17.638864040374756,0.1425435707098382,obse
578,17.693848371505737,0.023247443949837396,obse
580,17.753589868545532,0.02895226389928272,obse
582,17.816831827163696,0.07183394350305247,obse
584,17.873464822769165,0.059122038979127954,obse
586,17.93253254890442,0.0553303253428274,obse
588,17.993536949157715,0.018381822624782482,obse
590,18.04704451560974,0.04407350516363065,obse
592,18.110657691955566,0.055683500799556356,obse
594,18.171072244644165,0.012390768654928035,obse
596,18.228907346725464,0.07469447911247631,obse
598,18.28385281562805,0.1523375761730653,obse
600,18.33816623687744,0.006228660786186641,obse
602,18.37959122657776,0.012415645673749353,obse
604,18.429879426956177,0.01960341812333924,obse
606,18.495760440826416,0.10885514370045045,obse
608,18.549580574035645,0.23975865195240356,obse
610,18.607955932617188,0.04716609522106941,obse
612,18.66103196144104,0.23847807077292166,obse
614,18.71422028541565,0.14008209648037853,obse
616,18.77859139442444,0.053171907710779134,obse
618,18.833252668380737,0.10623651278386122,obse
620,18.892752408981323,0.1072890323069016,obse
622,18.955812215805054,0.2723138921458624,obse
624,19.01399564743042,0.009800877453583613,obse
626,19.075411081314087,0.050408383889102605,obse
628,19.129490852355957,0.20728231404699907,obse
630,19.15158247947693,0.20728231404699907,obse
632,19.17556643486023,0.03902269199983236,obse
634,19.199044704437256,0.03902269199983236,obse
636,19.225550174713135,0.06620438118806735,obse
638,19.291127681732178,0.07655071156656168,obse
640,19.34906244277954,0.007560968309771265,obse
642,19.401058673858643,0.003967735910671154,obse
644,19.451077938079834,0.07583840453291413,obse
646,19.51740598678589,0.11768574825528859,obse
648,19.564460515975952,0.21166381918330282,obse
650,19.621906280517578,0.2097722946893867,obse
652,19.684340953826904,0.187544308070531,obse
654,19.740684032440186,0.10476971266735145,obse
656,19.799887895584106,0.34596737894857665,obse
658,19.871984720230103,0.031515212047987795,obse
660,19.93370032310486,0.005835819374425112,obse
662,19.994481563568115,0.04636023056253567,obse
664,20.07042145729065,0.03847535365704226,obse
666,20.127379179000854,0.04174711690832723,obse
668,20.17882466316223,0.3231344186180247,obse
670,20.23713707923889,0.0636297941388513,obse
672,20.294793128967285,0.12559711400290802,obse
674,20.340735912322998,0.02910199374118621,obse
676,20.40022611618042,0.04565990455907745,obse
678,20.443192958831787,0.08727687805886597,obse
680,20.502561807632446,0.07503319535168973,obse
682,20.560367584228516,0.003402131239121826,obse
684,20.626253366470337,0.16063799443575105,obse
686,20.68325662612915,0.06616951035544401,obse
688,20.748838186264038,0.1347630711591799,obse
690,20.825996160507202,0.03246628152283051,obse
692,20.876838207244873,0.0033232869487884098,obse
694,20.9421808719635,0.055793924646373345,obse
696,21.015113830566406,0.03227491028702103,obse
698,21.077150344848633,0.11289809156190181,obse
700,21.1414852142334,0.029673209732466836,obse
702,21.18622612953186,0.050343544316016654,obse
704,21.25769281387329,0.014683388539775008,obse
706,21.311895847320557,0.06675580652736163,obse
708,21.368921518325806,0.030977691535840665,obse
710,21.471869945526123,0.06219387003504432,obse
712,21.58042335510254,0.021177110559324395,obse
714,21.66804003715515,0.019050519669741497,obse
716,21.72955012321472,0.0685502090760815,obse
718,21.81611943244934,0.005011434025151544,obse
720,21.900758743286133,0.011272160373215885,obse
722,21.978446006774902,0.0118227198232926,obse
724,22.051027297973633,0.09635619997119953,obse
726,22.08039116859436,0.040553635108582606,obse
728,22.145179271697998,0.16575044495771502,obse
730,22.168821573257446,0.05033572416377645,obse
732,22.214133262634277,0.0645372060697662,obse
734,22.25953483581543,0.11376418574832654,obse
736,22.306476831436157,0.10313686893335422,obse
738,22.360705852508545,0.040887164765394016,obse
740,22.42374897003174,0.00562209800099798,obse
742,22.48051691055298,0.05537541470925086,obse
744,22.539445400238037,0.10378342422329458,obse
746,22.597088098526,0.06825562824124398,obse
748,22.6610586643219,0.0005793293472501443,obse
750,22.701092004776,0.056290613988691646,obse
752,22.75118374824524,0.01847008423642436,obse
754,22.810686588287354,0.03080635477227972,obse
756,22.852829933166504,0.07787076078901986,obse
758,22.912426233291626,0.008306796428345538,obse
760,22.961358547210693,0.07133939956093487,obse
762,23.014086484909058,0.028623772478903235,obse
764,23.040374040603638,0.20153648878405264,obse
766,23.078936338424683,0.005563488134130524,obse
768,23.13624095916748,0.02479337949177827,obse
770,23.155141353607178,0.048237232414485166,obse
772,23.203335762023926,0.07504129397356527,obse
774,23.243569374084473,0.08766449857595314,obse
776,23.31880474090576,0.06826861710094141,obse
778,23.38116765022278,0.06838833855703008,obse
780,23.426112413406372,0.09502353905285742,obse
782,23.474205493927002,0.14193595115219643,obse
784,23.525134801864624,0.05729467462628923,obse
786,23.58173131942749,0.0574622493770707,obse
788,23.615129470825195,0.12698067512290642,obse
790,23.643421411514282,0.12698067512290642,obse
792,23.71143627166748,0.06688758284183421,obse
794,23.748990774154663,0.12996269117514433,obse
796,23.794093370437622,0.006328718978000564,obse
798,23.833240747451782,0.20186578777690914,obse
800,23.882378816604614,0.18094471817986318,obse
802,23.954638242721558,0.1287106154803829,obse
804,24.001470804214478,0.09845751738611837,obse
806,24.034492015838623,0.027476462807860206,obse
808,24.065740823745728,0.09795293713504259,obse
810,24.08979558944702,0.16948125176658585,obse
812,24.112770795822144,0.04018835019534044,obse
814,24.139896631240845,0.05520758223729464,obse
816,24.177460432052612,0.13340722203466376,obse
818,24.20124363899231,0.07788758294687824,obse
820,24.226722955703735,0.13193063928779178,obse
822,24.25122618675232,0.05144869864431927,obse
824,24.276428937911987,0.15403511728849767,obse
826,24.300408840179443,0.018392538279148107,obse
828,24.330182552337646,0.008204308996878885,obse
830,24.355077505111694,0.218192104983009,obse
832,24.382097482681274,0.10919494208447808,obse
834,24.42027759552002,0.05740376158886686,obse
836,24.471182107925415,0.019958098249385887,obse
838,24.51886248588562,0.14320995009245413,obse
840,24.548421144485474,0.00016642467453517178,obse
842,24.60822319984436,0.1804056411894217,obse
844,24.671659231185913,0.03873846212885496,obse
846,24.768125534057617,0.0781733924899161,obse
848,24.828514337539673,0.1391482523716694,obse
850,24.85813617706299,0.11252254780582957,obse
852,24.892566680908203,0.11196545744910463,obse
854,24.926844596862793,0.07038017018976175,obse
856,24.95853352546692,0.21441883003939152,obse
858,24.98606514930725,0.009568245962892548,obse
860,25.07044816017151,0.021018351861197153,obse
862,25.109694957733154,0.18439842456690178,obse
864,25.140308380126953,0.06628952304047245,obse
866,25.174246549606323,0.044876588240062756,obse
868,25.25180745124817,0.06679545362754341,obse
870,25.303585529327393,0.11493121119720554,obse
872,25.337188720703125,0.05228409083036757,obse
874,25.414287090301514,0.1742042983129716,obse
876,25.496314764022827,0.2356395297440959,obse
878,25.54284930229187,0.2241408983430737,obse
880,25.716861248016357,0.15604854973985133,obse
882,25.77917742729187,0.07340893822731312,obse
884,25.866984844207764,0.08054615340309706,obse
886,25.9433376789093,0.0579239287487529,obse
888,26.01954412460327,0.0669378255004141,obse
890,26.084156274795532,0.006299017263526388,obse
892,26.178681135177612,0.18674468152692886,obse
894,26.255357027053833,0.09459803429628416,obse
896,26.318260431289673,0.02990624931024573,obse
898,26.367310285568237,0.058099946014120316,obse
900,26.39403486251831,0.10836247374855831,obse
902,26.422551155090332,0.07349177788018224,obse
904,26.453137397766113,0.06554641293320809,obse
906,26.482253789901733,0.023036673799916085,obse
908,26.52878999710083,0.02277184766144531,obse
910,26.56616997718811,0.06656096413746673,obse
912,26.597999334335327,0.15034849796355765,obse
914,26.657087326049805,0.11570734559382394,obse
916,26.689584970474243,0.0795907945881449,obse
918,26.71507740020752,0.0795907945881449,obse
920,26.770912647247314,0.27382757862219864,obse
922,26.818315267562866,0.27382757862219864,obse
924,26.86573100090027,0.11731836448291436,obse
926,26.92191457748413,0.12240766687579664,obse
928,26.97115731239319,0.13128265094951544,obse
930,27.02536106109619,0.06679935380043571,obse
932,27.075880527496338,0.06393221009600975,obse
934,27.140928745269775,0.09306086938544947,obse
936,27.191301584243774,0.06655503674165626,obse
938,27.244115114212036,0.10710557586638576,obse
940,27.291707515716553,0.0021363230265591293,obse
942,27.392924070358276,0.027976825412983297,obse
944,27.49405312538147,0.06163759574704374,obse
946,27.55240035057068,0.08972199868175373,obse
948,27.58656406402588,0.0752657809351175,obse
950,27.621480464935303,0.06599722314323825,obse
952,27.657076358795166,0.03952640314007497,obse
954,27.6932532787323,0.068807064716715,obse
956,27.76218867301941,0.02362711464971092,obse
958,27.847857236862183,0.14875428403440447,obse
960,27.940328359603882,0.02346569262376076,obse
962,28.01459765434265,0.045473912836098744,obse
964,28.059765577316284,0.03211226897010322,obse
966,28.145532369613647,0.0041427507869614385,obse
968,28.230550289154053,0.09094623145697815,obse
970,28.289185762405396,0.09574035110056943,obse
972,28.34592032432556,0.08575045482696109,obse
974,28.398350477218628,0.11130749407263436,obse
976,28.436288595199585,0.11130749407263436,obse
978,28.498575925827026,0.23297704321107657,obse
980,28.524664163589478,0.23297700749957773,obse
982,28.544697999954224,0.23297700749957773,obse
984,28.593119859695435,0.06410339303382252,obse
986,28.63832187652588,0.07812338292673338,obse
988,28.669218063354492,0.07812338292673338,obse
990,28.716304779052734,0.06359302032337129,obse
992,28.769357204437256,0.03742658087953767,obse
994,28.816949129104614,0.09244664234017086,obse
996,28.867371320724487,0.01916753575517554,obse
998,28.91142177581787,0.09003434157125151,obse
1000,28.974427223205566,0.024590527897086874,obse
1002,29.013858795166016,0.13030939232052094,obse
1004,29.056730270385742,0.07500960695669674,obse
1006,29.091880083084106,0.08523410376622717,obse
1008,29.13969397544861,0.06094318055655953,obse
1010,29.185364484786987,0.005271599701536177,obse
1012,29.238537311553955,0.09667269557150458,obse
1014,29.277449131011963,0.18267611557168884,obse
1016,29.30772876739502,0.13694425641129712,obse
1018,29.34419846534729,0.08114629162629758,obse
1020,29.378215789794922,0.003535826700941236,obse
1022,29.41861391067505,0.040649575102421814,obse
1024,29.457048892974854,0.1299591686389124,obse
1026,29.485145092010498,0.164774379619049,obse
1028,29.517541646957397,0.0046990474037054706,obse
1030,29.54624629020691,0.018711816233706473,obse
1032,29.6066472530365,0.07858231178260076,obse
1034,29.640349626541138,0.037736665306879365,obse
1036,29.66792368888855,0.06053371643139259,obse
1038,29.714126348495483,0.07613876139122305,obse
1040,29.75243067741394,0.08817456954462304,obse
1042,29.79241156578064,0.02575686673726255,obse
1044,29.8264217376709,0.044290171650907074,obse
1046,29.858238220214844,0.016410819801518435,obse
1048,29.898410320281982,0.09977639449622261,obse
1050,29.93348479270935,0.13562690936977945,obse
1052,29.961711168289185,0.13650529939123904,obse
1054,29.99900460243225,0.07106764291297218,obse
1056,30.03444004058838,0.3442280703212611,obse
1058,30.059386491775513,0.3451415149052532,obse
1060,30.092865467071533,0.1580471886395811,obse
1062,30.1204252243042,0.013628945524718116,obse
1064,30.14291477203369,0.03322304459234799,obse
1066,30.168365716934204,0.00902959053693339,obse
1068,30.195462942123413,0.06580224331049536,obse
1070,30.221073627471924,0.11539350243190805,obse
1072,30.24575901031494,0.027301490473395855,obse
1074,30.27309226989746,0.04214706418107776,obse
1076,30.315908432006836,0.07063794563026389,obse
1078,30.350353240966797,0.02277114624017876,obse
1080,30.38077974319458,0.15158451428709352,obse
1082,30.411046266555786,0.026140524970738543,obse
1084,30.4416925907135,0.05463909022327672,obse
1086,30.47518539428711,0.14283253481455563,obse
1088,30.541935920715332,0.04712305923891478,obse
1090,30.594817399978638,0.05927994695611313,obse
1092,30.64161443710327,0.051344602350457805,obse
1094,30.671212196350098,0.005941269255658628,obse
1096,30.703381061553955,0.06436293233115345,obse
1098,30.752588272094727,0.03399721799215283,obse
1100,30.818445205688477,0.024569009245172267,obse
1102,30.875514268875122,0.02605016677196269,obse
1104,30.932751655578613,0.021942342440671714,obse
1106,30.967150449752808,0.06557610213788814,obse
1108,30.992663145065308,0.11557339510287953,obse
1110,31.055060148239136,0.08188220006238252,obse
1112,31.1024649143219,0.1601279925464329,obse
1114,31.14737343788147,0.1497182247830267,obse
1116,31.1808340549469,0.026008471485916486,obse
1118,31.21703004837036,0.07305007001971543,obse
1120,31.25820541381836,0.2048569288286334,obse
1122,31.29307246208191,0.022658117060298875,obse
1124,31.33723211288452,0.04800427674395302,obse
1126,31.39471745491028,0.09224630361593333,obse
1128,31.453258275985718,0.019247605776304827,obse
1130,31.50059175491333,0.07998477832466107,obse
1132,31.53052520751953,0.003976053689554652,obse
1134,31.55626082420349,0.04536711392341359,obse
1136,31.605749130249023,0.21554691960898764,obse
1138,31.642286777496338,0.1645199098957765,obse
1140,31.696110010147095,0.28527437121331545,obse
1142,31.75157928466797,0.03814874821793841,obse
1144,31.795748710632324,0.049208659316456856,obse
1146,31.858364582061768,0.2055677099253343,obse
1148,31.89750361442566,0.2101468697832558,obse
1150,31.946274042129517,0.17164493082982563,obse
1152,31.98834729194641,0.046899796255173765,obse
1154,32.037002086639404,0.121315218935919,obse
1156,32.08612275123596,0.05720575930962559,obse
1158,32.13266205787659,0.07301761544948357,obse
1160,32.18566370010376,0.04312612733045447,obse
1162,32.21568822860718,0.002932382130317118,obse
1164,32.2628059387207,0.10954133654052407,obse
1166,32.29945421218872,0.04623805460716359,obse
1168,32.32588601112366,0.06261748295034898,obse
1170,32.38182473182678,0.03261979128558278,obse
1172,32.41384696960449,0.07148528590579105,obse
1174,32.464967489242554,0.34727154844264674,obse
1176,32.5023353099823,0.10287001203662163,obse
1178,32.52756953239441,0.030667127709016254,obse
1180,32.5620973110199,0.02394424547379136,obse
1182,32.59501791000366,0.11350333269951822,obse
1184,32.62817931175232,0.09916269761357077,obse
1186,32.673728942871094,0.07864049898717564,obse
1188,32.69417905807495,0.07864049898717564,obse
1190,32.72360849380493,0.17918242669280854,obse
1192,32.75281000137329,0.08322571222379496,obse
1194,32.785030364990234,0.08386967937792797,obse
1196,32.81328058242798,0.09677774152006542,obse
1198,32.839744329452515,0.007280462043012465,obse
1200,32.87266945838928,0.07066205193933828,obse
1202,32.90429472923279,0.053239114331563225,obse
1204,32.93977427482605,0.01136922573392059,obse
1206,32.96870398521423,0.075022042799859,obse
1208,33.01073098182678,0.16057184983499503,obse
1210,33.06732130050659,0.00015843438827727236,obse
1212,33.10338497161865,0.104729784510585,obse
1214,33.13078832626343,0.08869958573131073,obse
1216,33.15680265426636,0.06304803613023241,obse
1218,33.176878213882446,0.0398115288547757,obse
1220,33.202569246292114,0.02485477830922084,obse
1222,33.22908663749695,0.028753164146533595,obse
1224,33.263423204422,0.08382408298855253,obse
1226,33.29382514953613,0.034285363992700685,obse
1228,33.32727122306824,0.20725642363877694,obse
1230,33.35722303390503,0.1526891236457389,obse
1232,33.388877153396606,0.13336520159805734,obse
1234,33.41839027404785,0.04409882101191258,obse
1236,33.450703144073486,0.04812029388010038,obse
1238,33.47888231277466,0.040447472603655756,obse
1240,33.51520013809204,0.09388639662047053,obse
1242,33.56788158416748,0.04618584541384614,obse
1244,33.61232280731201,0.029516203246515545,obse
1246,33.66642689704895,0.06627958817316955,obse
1248,33.72565793991089,0.1419513644605033,obse
1250,33.776097774505615,0.1491833372622934,obse
1252,33.843281745910645,0.006193878564335542,obse
1254,33.90130829811096,0.03965262045640411,obse
1256,33.95742154121399,0.062111977398985094,obse
1258,34.03740382194519,0.09800025186403234,obse
1260,34.09851908683777,0.19433951943025518,obse
1262,34.161454916000366,0.015143268411600968,obse
1264,34.22871732711792,0.022921099524171294,obse
1266,34.261592388153076,0.22530267199239756,obse
1268,34.30807638168335,0.12010670208188122,obse
1270,34.33337044715881,0.08451818839386964,obse
1272,34.363868951797485,0.0625259616130627,obse
1274,34.41024088859558,0.12400117995974472,obse
1276,34.46392345428467,0.03317174675259139,obse
1278,34.50905919075012,0.20473247248337703,obse
1280,34.55311465263367,0.05931969440523616,obse
1282,34.58755683898926,0.005099536575682275,obse
1284,34.62031936645508,0.13795932487472448,obse
1286,34.685237884521484,0.05202088182896982,obse
1288,34.75296092033386,0.017082533800980258,obse
1290,34.83263349533081,0.06171754712042816,obse
1292,34.904196977615356,0.038774425381438195,obse
1294,34.96421813964844,0.014961478164490878,obse
1296,35.03567433357239,0.051953793895969706,obse
1298,35.060943365097046,0.005647115432044313,obse
1300,35.084659814834595,0.08302786090017569,obse
1302,35.110859632492065,0.015278891660818982,obse
1304,35.1352972984314,0.05845966723082155,obse
1306,35.15720891952515,0.09762386759716817,obse
1308,35.22344183921814,0.06873354614408046,obse
1310,35.265995502471924,0.08181055137991276,obse
1312,35.28564953804016,0.07286768947148013,obse
1314,35.3087432384491,0.04419732683356368,obse
1316,35.33539128303528,0.17809637245935145,obse
1318,35.353352308273315,0.12034819606120464,obse
1320,35.37696170806885,0.005941843368317991,obse
1322,35.43010234832764,0.16842137042152816,obse
1324,35.49488639831543,0.08526596406073593,obse
1326,35.5162250995636,0.08875986501293887,obse
1328,35.538248777389526,0.019993346296131635,obse
1330,35.558735370635986,0.056597637769857496,obse
1332,35.58507752418518,0.12589098335675433,obse
1334,35.609060525894165,0.01223046285484763,obse
1336,35.68780708312988,0.10399902320876363,obse
1338,35.73270320892334,0.056068566880920406,obse
1340,35.75651431083679,0.01710994711152833,obse
1342,35.79788613319397,0.08793488337098353,obse
1344,35.82234287261963,0.0014150579244327887,obse
1346,35.856152057647705,0.045827712050434136,obse
1348,35.923259973526,0.02655454100019952,obse
1350,35.972718954086304,0.0429704274710671,obse
1352,36.01406979560852,0.040735591501981576,obse
1354,36.044859409332275,0.06196471321657366,obse
1356,36.08340311050415,0.09631440513338448,obse
1358,36.14794564247131,0.14615198863297568,obse
1360,36.19791889190674,0.06926261817779325,obse
1362,36.22232913970947,0.05557163241557462,obse
1364,36.26173233985901,0.051080906885524496,obse
1366,36.292460680007935,0.07384224388078037,obse
1368,36.33660912513733,0.04254237735758583,obse
1370,36.4369695186615,0.04150783472461655,obse
1372,36.51004242897034,0.14751781672099495,obse
1374,36.570876598358154,0.033840471601662786,obse
1376,36.640592098236084,0.04813366039577609,obse
1378,36.69167876243591,0.05140885819497263,obse
1380,36.735766887664795,0.028472076658478264,obse
1382,36.76806378364563,0.11225385837294045,obse
1384,36.85269331932068,0.11533616060529328,obse
1386,36.88458704948425,0.15235145382983478,obse
1388,36.91731381416321,0.0038767419740086064,obse
1390,36.95008087158203,0.07253173192770793,obse
1392,36.98798394203186,0.07946368117045625,obse
1394,37.06794476509094,0.04598246110224042,obse
1396,37.15078258514404,0.07008187112433717,obse
1398,37.24081087112427,0.22823425300497127,obse
1400,37.27054286003113,0.05118117907553809,obse
1402,37.2976233959198,0.1359073810441643,obse
1404,37.32299613952637,0.1376588076407081,obse
1406,37.381269454956055,0.05989506542115331,obse
1408,37.41546320915222,0.2305056997848415,obse
1410,37.4520947933197,0.0037486507285088917,obse
1412,37.49470829963684,0.1582243750456567,obse
1414,37.52779936790466,0.10019864303549342,obse
1416,37.565404176712036,0.13818943459576685,obse
1418,37.591206789016724,0.106863711916273,obse
1420,37.659698724746704,0.1409671438940946,obse
1422,37.69586491584778,0.05263871468434171,obse
1424,37.7248101234436,0.09096666754338488,obse
1426,37.77493691444397,0.05767353609880252,obse
1428,37.82677698135376,0.05767353609880252,obse
1430,37.864806175231934,0.05767353609880252,obse
1432,37.89050579071045,0.05767353609880252,obse
1434,37.978811264038086,0.00909280765359192,obse
1436,38.01990842819214,0.007522299949950699,obse
1438,38.04837775230408,0.0878536670281916,obse
1440,38.0827431678772,0.07618270026644922,obse
1442,38.11483359336853,0.004891386160702108,obse
1444,38.140852212905884,0.04177386244795573,obse
1446,38.18246531486511,0.13327659058693794,obse
1448,38.235305070877075,0.07118452898594753,obse
1450,38.2757523059845,0.08568123702759012,obse
1452,38.322685956954956,0.08329507655123586,obse
1454,38.347923040390015,0.04881396017058008,obse
1456,38.39104080200195,0.12629332135830995,obse
1458,38.440821170806885,0.07306843212673982,obse
1460,38.51556086540222,0.033953006510401555,obse
1462,38.580039978027344,0.05148761532529228,obse
1464,38.652313470840454,0.005403003867703844,obse
1466,38.715110778808594,0.0076356389544142995,obse
1468,38.78243827819824,0.020095880650333534,obse
1470,38.841354846954346,0.03598045082712002,obse
1472,38.91522932052612,0.12527462051279303,obse
1474,38.989665269851685,0.14046545178368564,obse
1476,39.074490547180176,0.1043423925677502,obse
1478,39.15306353569031,0.058830077447794754,obse
1480,39.20564413070679,0.17792436559784813,obse
1482,39.28073859214783,0.18845807536169193,obse
1484,39.36871528625488,0.12068722349893464,obse
1486,39.44427824020386,0.03770610014209208,obse
1488,39.51700162887573,0.03562819469465863,obse
1490,39.55836343765259,0.039304860337365355,obse
1492,39.60951018333435,0.14962353600129777,obse
1494,39.64223051071167,0.1159521284650532,obse
1496,39.68393921852112,0.04378522119790815,obse
1498,39.7322154045105,0.06543448274322321,obse
1500,39.79834008216858,0.06835819264779554,obse
1502,39.86873531341553,0.059431474571281624,obse
1504,39.92603087425232,0.07797430830496295,obse
1506,39.977105140686035,0.016119677370121356,obse
1508,40.03856897354126,0.16046644576991226,obse
1510,40.09044170379639,0.10417909982546915,obse
1512,40.129387617111206,0.03112993267999648,obse
1514,40.17319440841675,0.08048136763780539,obse
1516,40.224196910858154,0.0323863786142765,obse
1518,40.26269054412842,0.05422036577977277,obse
1520,40.29259967803955,0.11178922189258271,obse
1522,40.33039355278015,0.05253743889357317,obse
1524,40.39715361595154,0.13009688027606267,obse
1526,40.446382999420166,0.12497719369181677,obse
1528,40.49170136451721,0.022236865852066363,obse
1530,40.5388400554657,0.11881325368877929,obse
1532,40.57803273200989,0.16144195730277905,obse
1534,40.658878803253174,0.11611807558621715,obse
1536,40.72277593612671,0.1644783042554082,obse
1538,40.761316776275635,0.029675164019889948,obse
1540,40.80316710472107,0.1631245513007946,obse
1542,40.88878083229065,0.03615543494719127,obse
1544,40.93963265419006,0.08330703215632308,obse
1546,40.98427200317383,0.07583020502241958,obse
1548,41.042391777038574,0.08458793037577228,obse
1550,41.12005019187927,0.022080031615559246,obse
1552,41.16203713417053,0.12169222148581828,obse
1554,41.20682692527771,0.013759122679322,obse
1556,41.278400897979736,0.00020898707822570794,obse
1558,41.3395049571991,0.07430337377352499,obse
1560,41.38229489326477,0.12495926073465667,obse
1562,41.42857527732849,0.03994747837140396,obse
1564,41.51087546348572,0.16601454834742665,obse
1566,41.55295372009277,0.046928094160443044,obse
1568,41.61580157279968,0.014425821010081887,obse
1570,41.67582654953003,0.03654340697029729,obse
1572,41.71005344390869,0.03665972045702277,obse
1574,41.74103403091431,0.07684017692000725,obse
1576,41.78697609901428,0.036414475405696006,obse
1578,41.836018323898315,0.0790013122911422,obse
1580,41.901329040527344,0.09611931132551953,obse
1582,41.95604944229126,0.0169826175830387,obse
1584,42.01043152809143,0.012062917314923767,obse
1586,42.05020523071289,0.10705233309513187,obse
1588,42.120386838912964,0.18287137678160123,obse
1590,42.16886639595032,0.013228663373000835,obse
1592,42.26163983345032,0.11171103525053902,obse
1594,42.30572748184204,0.004295387512868481,obse
1596,42.35111331939697,0.009569433512139338,obse
1598,42.39690971374512,0.10270286897625845,obse
1600,42.43763780593872,0.10066276011554655,obse
1602,42.48293352127075,0.017068408060919842,obse
1604,42.56634473800659,0.07584884423760056,obse
1606,42.6090772151947,0.1011745933994665,obse
1608,42.62997794151306,0.1206013295528225,obse
1610,42.66071939468384,0.18393971919711477,obse
1612,42.703545808792114,0.051786979251813074,obse
1614,42.72911882400513,0.06646936981909901,obse
1616,42.75344443321228,0.0008205855628165871,obse
1618,42.77957725524902,0.03642625954515463,obse
1620,42.807011127471924,0.03295742317408512,obse
1622,42.89450693130493,0.11021090880832374,obse
1624,42.947293519973755,0.0679473660699974,obse
1626,43.003662109375,0.026711766073751454,obse
1628,43.04792261123657,0.002663313971615587,obse
1630,43.11548733711243,0.10964832021548522,obse
1632,43.15454077720642,0.16405343239659376,obse
1634,43.17896580696106,0.16772655802412337,obse
1636,43.26571798324585,0.09197101598999916,obse
1638,43.34519100189209,0.011894876696561417,obse
1640,43.420445680618286,0.005173263694145474,obse
1642,43.494235038757324,0.06652856342750921,obse
1644,43.55722761154175,0.15169229766661996,obse
1646,43.64873266220093,0.07364066314309592,obse
1648,43.690913915634155,0.103224660063782,obse
1650,43.73225998878479,0.010118717848822465,obse
1652,43.77665066719055,0.05392655583847343,obse
1654,43.82305073738098,0.06528378456393794,obse
1656,43.85203695297241,0.058237864962102495,obse
1658,43.90121555328369,0.09288703396275981,obse
1660,43.92967891693115,0.06590280985720821,obse
1662,43.97835993766785,0.020325773907927957,obse
1664,44.010082721710205,0.0281815128136319,obse
1666,44.03738474845886,0.023419427992655232,obse
1668,44.07226872444153,0.09811953142599535,obse
1670,44.10897612571716,0.047712953260463487,obse
1672,44.13965392112732,0.023758251857740973,obse
1674,44.17121362686157,0.01629628222498193,obse
1676,44.211477756500244,0.023228923813659028,obse
1678,44.24331712722778,0.10134140313743019,obse
1680,44.28629016876221,0.039805484344866866,obse
1682,44.32191061973572,0.11237312355716106,obse
1684,44.36141896247864,0.16410488854627647,obse
1686,44.39242458343506,0.016450847924928347,obse
1688,44.44878959655762,0.039097446411837586,obse
1690,44.532058238983154,0.018466196861449527,obse
1692,44.59305500984192,0.02692160141111572,obse
1694,44.650834798812866,0.0032714491945472477,obse
1696,44.74333691596985,0.07394485896861341,obse
1698,44.80552315711975,0.11151831873424688,obse
1700,44.86203956604004,0.0570539493715754,obse
1702,44.9032838344574,0.13858269953868266,obse
1704,44.93575644493103,0.08867710641974699,obse
1706,44.9747154712677,0.18259803340940048,obse
1708,45.02760171890259,0.06012957567927795,obse
1710,45.088491439819336,0.004668484551038285,obse
1712,45.14069628715515,0.08551600452180116,obse
1714,45.214848279953,0.028265060181482195,obse
1716,45.274781942367554,0.011128256806157078,obse
1718,45.336649894714355,0.19626806762606297,obse
1720,45.401175022125244,0.0703942878612582,obse
1722,45.46858215332031,0.015076151861224291,obse
1724,45.5484402179718,0.05662815739017826,obse
1726,45.638123512268066,0.01744390524492178,obse
1728,45.69304966926575,0.06567496366889652,obse
1730,45.750431537628174,0.020626380561096523,obse
1732,45.81105279922485,0.06899427527427915,obse
1734,45.874122858047485,0.01263034358436312,obse
1736,45.949604511260986,0.029439152072875438,obse
1738,46.02854323387146,0.020967737234207157,obse
1740,46.079984188079834,0.036395688559149396,obse
1742,46.14839243888855,0.0375315413602878,obse
1744,46.177619218826294,0.04778967655100699,obse
1746,46.20724081993103,0.05193116683580742,obse
1748,46.23033833503723,0.0700927327563205,obse
1750,46.269389629364014,0.029905054422124294,obse
1752,46.2986626625061,0.05095211955043175,obse
1754,46.323599338531494,0.16160390579409972,obse
1756,46.34925866127014,0.08218561535355788,obse
1758,46.404144287109375,0.1325875699844381,obse
1760,46.45712852478027,0.057232708598111,obse
1762,46.48018455505371,0.07619487434963897,obse
1764,46.50837230682373,0.0012839783534699175,obse
1766,46.5383517742157,0.03139850280562734,obse
1768,46.562835693359375,0.11904964164519304,obse
1770,46.588775396347046,0.04804820484455592,obse
1772,46.61279058456421,0.2477138862361048,obse
1774,46.636075019836426,0.05864571096754431,obse
1776,46.660810232162476,0.11854774931398795,obse
1778,46.68711256980896,0.0033178356951537977,obse
1780,46.73606991767883,0.11148756912346375,obse
1782,46.774648904800415,0.1530359039686603,obse
1784,46.79830527305603,0.14922776736849766,obse
1786,46.82189226150513,0.06362867843127708,obse
1788,46.84621262550354,0.03904900784679131,obse
1790,46.88558530807495,0.004801033370329902,obse
