0,0.0006353855133056641,0.18437804951811784,CVPF,cracker_scene4,70,old
1,0.002529621124267578,0.1834702877739775,CVPF,cracker_scene4,70,old
2,0.006226778030395508,0.1834702877739775,CVPF,cracker_scene4,70,old
3,0.009041070938110352,0.1834702877739775,CVPF,cracker_scene4,70,old
4,0.012653112411499023,0.18341399076367715,CVPF,cracker_scene4,70,old
5,0.015493154525756836,0.18341399076367715,CVPF,cracker_scene4,70,old
6,0.01856398582458496,0.1848987408638589,CVPF,cracker_scene4,70,old
7,0.021791458129882812,0.1848987408638589,CVPF,cracker_scene4,70,old
8,0.0247499942779541,0.1848987408638589,CVPF,cracker_scene4,70,old
9,0.027878761291503906,0.18490186194683153,CVPF,cracker_scene4,70,old
10,0.031158447265625,0.18490186194683153,CVPF,cracker_scene4,70,old
11,0.03405117988586426,0.18490186194683153,CVPF,cracker_scene4,70,old
12,0.03761649131774902,0.18451715355554751,CVPF,cracker_scene4,70,old
13,0.040560245513916016,0.18451715355554751,CVPF,cracker_scene4,70,old
14,0.043601274490356445,0.1859362665057934,CVPF,cracker_scene4,70,old
15,0.046616315841674805,0.18599309410687953,CVPF,cracker_scene4,70,old
16,0.0497283935546875,0.18599309410687953,CVPF,cracker_scene4,70,old
17,0.05331230163574219,0.18446412963602798,CVPF,cracker_scene4,70,old
18,0.05619502067565918,0.18446412963602798,CVPF,cracker_scene4,70,old
19,0.05912137031555176,0.18446412963602798,CVPF,cracker_scene4,70,old
20,0.062229156494140625,0.18445233663061328,CVPF,cracker_scene4,70,old
21,0.06540131568908691,0.18445233663061328,CVPF,cracker_scene4,70,old
22,0.06836056709289551,0.18437565821906424,CVPF,cracker_scene4,70,old
23,0.07168197631835938,0.18451092990643822,CVPF,cracker_scene4,70,old
24,0.07473564147949219,0.18348536004438365,CVPF,cracker_scene4,70,old
25,0.07772469520568848,0.18348536004438365,CVPF,cracker_scene4,70,old
26,0.08069086074829102,0.18594744063559193,CVPF,cracker_scene4,70,old
27,0.08374500274658203,0.18594744063559193,CVPF,cracker_scene4,70,old
28,0.0869135856628418,0.18595200783388882,CVPF,cracker_scene4,70,old
29,0.08985495567321777,0.1845000172650401,CVPF,cracker_scene4,70,old
30,0.09279608726501465,0.1845000172650401,CVPF,cracker_scene4,70,old
31,0.0962989330291748,0.18454867128405605,CVPF,cracker_scene4,70,old
32,0.09923744201660156,0.18454867128405605,CVPF,cracker_scene4,70,old
33,0.10273075103759766,0.18360614928957764,CVPF,cracker_scene4,70,old
34,0.10588216781616211,0.18360614928957764,CVPF,cracker_scene4,70,old
35,0.1088263988494873,0.18360614928957764,CVPF,cracker_scene4,70,old
36,0.11206841468811035,0.18306029188416814,CVPF,cracker_scene4,70,old
37,0.11492514610290527,0.18306029188416814,CVPF,cracker_scene4,70,old
38,0.11748242378234863,0.18306029188416814,CVPF,cracker_scene4,70,old
39,0.11971068382263184,0.18306029188416814,CVPF,cracker_scene4,70,old
40,0.1219334602355957,0.1834447039322987,CVPF,cracker_scene4,70,old
41,0.12414979934692383,0.1834447039322987,CVPF,cracker_scene4,70,old
42,0.12646770477294922,0.1845847210964943,CVPF,cracker_scene4,70,old
43,0.1288743019104004,0.18639286423874193,CVPF,cracker_scene4,70,old
44,0.13103485107421875,0.18639286423874193,CVPF,cracker_scene4,70,old
45,0.13325929641723633,0.18639286423874193,CVPF,cracker_scene4,70,old
46,0.13555192947387695,0.18639286423874193,CVPF,cracker_scene4,70,old
47,0.1378021240234375,0.18639286423874193,CVPF,cracker_scene4,70,old
48,0.14019393920898438,0.18609489065687795,CVPF,cracker_scene4,70,old
49,0.14253926277160645,0.18609489065687795,CVPF,cracker_scene4,70,old
50,0.14493489265441895,0.18602244763296386,CVPF,cracker_scene4,70,old
51,0.147352933883667,0.18602244763296386,CVPF,cracker_scene4,70,old
52,0.15072321891784668,0.17269982608525697,CVPF,cracker_scene4,70,old
53,0.15294551849365234,0.1748405498008575,CVPF,cracker_scene4,70,old
54,0.15530633926391602,0.17468630381842856,CVPF,cracker_scene4,70,old
55,0.15741491317749023,0.17468630381842856,CVPF,cracker_scene4,70,old
56,0.15967440605163574,0.17468630381842856,CVPF,cracker_scene4,70,old
57,0.16189789772033691,0.17468630381842856,CVPF,cracker_scene4,70,old
58,0.16411328315734863,0.17468630381842856,CVPF,cracker_scene4,70,old
59,0.16637730598449707,0.17468630381842856,CVPF,cracker_scene4,70,old
60,0.1686551570892334,0.17467919666075346,CVPF,cracker_scene4,70,old
61,0.17090201377868652,0.17467919666075346,CVPF,cracker_scene4,70,old
62,0.17315292358398438,0.17467919666075346,CVPF,cracker_scene4,70,old
63,0.17534303665161133,0.17467919666075346,CVPF,cracker_scene4,70,old
64,0.17752981185913086,0.17467919666075346,CVPF,cracker_scene4,70,old
65,0.17999839782714844,0.17134986542735334,CVPF,cracker_scene4,70,old
66,0.1822037696838379,0.17134986542735334,CVPF,cracker_scene4,70,old
67,0.18439793586730957,0.17134986542735334,CVPF,cracker_scene4,70,old
68,0.18659281730651855,0.17134986542735334,CVPF,cracker_scene4,70,old
69,0.1887376308441162,0.17134986542735334,CVPF,cracker_scene4,70,old
70,0.19090890884399414,0.17134986542735334,CVPF,cracker_scene4,70,old
71,0.1930704116821289,0.17134986542735334,CVPF,cracker_scene4,70,old
72,0.19541072845458984,0.1736406254363315,CVPF,cracker_scene4,70,old
73,0.19800901412963867,0.17458594951250084,CVPF,cracker_scene4,70,old
74,0.20035314559936523,0.17455030795619506,CVPF,cracker_scene4,70,old
75,0.2025609016418457,0.17455030795619506,CVPF,cracker_scene4,70,old
76,0.205064058303833,0.17443268185125976,CVPF,cracker_scene4,70,old
77,0.2072598934173584,0.17443268185125976,CVPF,cracker_scene4,70,old
78,0.2093944549560547,0.17443268185125976,CVPF,cracker_scene4,70,old
79,0.2117936611175537,0.17417119466840345,CVPF,cracker_scene4,70,old
80,0.21399903297424316,0.17417119466840345,CVPF,cracker_scene4,70,old
81,0.21629023551940918,0.1729674638722334,CVPF,cracker_scene4,70,old
82,0.21843481063842773,0.1729674638722334,CVPF,cracker_scene4,70,old
83,0.22069787979125977,0.1729674638722334,CVPF,cracker_scene4,70,old
84,0.2228858470916748,0.17226251268826928,CVPF,cracker_scene4,70,old
85,0.22518372535705566,0.17226251268826928,CVPF,cracker_scene4,70,old
86,0.22763276100158691,0.17226251268826928,CVPF,cracker_scene4,70,old
87,0.2297663688659668,0.17226251268826928,CVPF,cracker_scene4,70,old
88,0.23189234733581543,0.17226251268826928,CVPF,cracker_scene4,70,old
89,0.23404884338378906,0.17226251268826928,CVPF,cracker_scene4,70,old
90,0.23619651794433594,0.17226251268826928,CVPF,cracker_scene4,70,old
91,0.23834443092346191,0.17226251268826928,CVPF,cracker_scene4,70,old
92,0.24052047729492188,0.17226251268826928,CVPF,cracker_scene4,70,old
93,0.24285650253295898,0.17217850411493196,CVPF,cracker_scene4,70,old
94,0.2449941635131836,0.17217850411493196,CVPF,cracker_scene4,70,old
95,0.24714159965515137,0.17217850411493196,CVPF,cracker_scene4,70,old
96,0.24928736686706543,0.17217850411493196,CVPF,cracker_scene4,70,old
97,0.25145673751831055,0.17217850411493196,CVPF,cracker_scene4,70,old
98,0.25420498847961426,0.17091919694392724,CVPF,cracker_scene4,70,old
99,0.25665712356567383,0.17091919694392724,CVPF,cracker_scene4,70,old
100,0.2588646411895752,0.17091919694392724,CVPF,cracker_scene4,70,old
101,0.261094331741333,0.17091919694392724,CVPF,cracker_scene4,70,old
102,0.26331400871276855,0.17091919694392724,CVPF,cracker_scene4,70,old
103,0.2658088207244873,0.17227241734854837,CVPF,cracker_scene4,70,old
104,0.26822805404663086,0.1725337406768199,CVPF,cracker_scene4,70,old
105,0.27045106887817383,0.1722073963838938,CVPF,cracker_scene4,70,old
106,0.27272605895996094,0.17217202355838465,CVPF,cracker_scene4,70,old
107,0.27489209175109863,0.17217202355838465,CVPF,cracker_scene4,70,old
108,0.2770876884460449,0.17217202355838465,CVPF,cracker_scene4,70,old
109,0.2792775630950928,0.17217202355838465,CVPF,cracker_scene4,70,old
110,0.2814493179321289,0.17217202355838465,CVPF,cracker_scene4,70,old
111,0.28470706939697266,0.16386369405624687,CVPF,cracker_scene4,70,old
112,0.28699207305908203,0.16386369405624687,CVPF,cracker_scene4,70,old
113,0.2893376350402832,0.1637457267585157,CVPF,cracker_scene4,70,old
114,0.2914581298828125,0.1637457267585157,CVPF,cracker_scene4,70,old
115,0.29358744621276855,0.1637457267585157,CVPF,cracker_scene4,70,old
116,0.2958242893218994,0.16288227581913303,CVPF,cracker_scene4,70,old
117,0.29805874824523926,0.16288227581913303,CVPF,cracker_scene4,70,old
118,0.3003554344177246,0.16288227581913303,CVPF,cracker_scene4,70,old
119,0.302523136138916,0.1628242580580486,CVPF,cracker_scene4,70,old
120,0.30501675605773926,0.16277408323555026,CVPF,cracker_scene4,70,old
121,0.30713367462158203,0.16277408323555026,CVPF,cracker_scene4,70,old
122,0.30918240547180176,0.16277408323555026,CVPF,cracker_scene4,70,old
123,0.3114016056060791,0.16324530693331843,CVPF,cracker_scene4,70,old
124,0.3136100769042969,0.16324530693331843,CVPF,cracker_scene4,70,old
125,0.3158271312713623,0.16324530693331843,CVPF,cracker_scene4,70,old
126,0.31820011138916016,0.16316189863536879,CVPF,cracker_scene4,70,old
127,0.3204381465911865,0.16316189863536879,CVPF,cracker_scene4,70,old
128,0.3226587772369385,0.16316189863536879,CVPF,cracker_scene4,70,old
129,0.32491445541381836,0.16316189863536879,CVPF,cracker_scene4,70,old
130,0.32711076736450195,0.16316189863536879,CVPF,cracker_scene4,70,old
131,0.32938385009765625,0.16225795521937747,CVPF,cracker_scene4,70,old
132,0.33190464973449707,0.16225795521937747,CVPF,cracker_scene4,70,old
133,0.33405113220214844,0.1653205039356186,CVPF,cracker_scene4,70,old
134,0.33628082275390625,0.16538720422234934,CVPF,cracker_scene4,70,old
135,0.3384277820587158,0.16538720422234934,CVPF,cracker_scene4,70,old
136,0.34070897102355957,0.16530231049917607,CVPF,cracker_scene4,70,old
137,0.3428778648376465,0.16530231049917607,CVPF,cracker_scene4,70,old
138,0.3450908660888672,0.1633320188609356,CVPF,cracker_scene4,70,old
139,0.3475332260131836,0.1633320188609356,CVPF,cracker_scene4,70,old
140,0.3497354984283447,0.1633320188609356,CVPF,cracker_scene4,70,old
141,0.3519001007080078,0.1633320188609356,CVPF,cracker_scene4,70,old
142,0.35402631759643555,0.1633320188609356,CVPF,cracker_scene4,70,old
143,0.3563709259033203,0.16189534081560947,CVPF,cracker_scene4,70,old
144,0.3585033416748047,0.16189534081560947,CVPF,cracker_scene4,70,old
145,0.360614538192749,0.16189534081560947,CVPF,cracker_scene4,70,old
146,0.3629288673400879,0.16189534081560947,CVPF,cracker_scene4,70,old
147,0.36511659622192383,0.163343023180737,CVPF,cracker_scene4,70,old
148,0.3672661781311035,0.163343023180737,CVPF,cracker_scene4,70,old
149,0.36945390701293945,0.16337483835976888,CVPF,cracker_scene4,70,old
150,0.3716013431549072,0.16337483835976888,CVPF,cracker_scene4,70,old
151,0.37380456924438477,0.16490752847578105,CVPF,cracker_scene4,70,old
152,0.3760218620300293,0.16490752847578105,CVPF,cracker_scene4,70,old
153,0.3784472942352295,0.16490752847578105,CVPF,cracker_scene4,70,old
154,0.38059043884277344,0.16490752847578105,CVPF,cracker_scene4,70,old
155,0.38274264335632324,0.16490752847578105,CVPF,cracker_scene4,70,old
156,0.385009765625,0.16525528102048892,CVPF,cracker_scene4,70,old
157,0.3873305320739746,0.16238719375877866,CVPF,cracker_scene4,70,old
158,0.38947486877441406,0.16238719375877866,CVPF,cracker_scene4,70,old
159,0.39159417152404785,0.16238719375877866,CVPF,cracker_scene4,70,old
160,0.39368534088134766,0.16238719375877866,CVPF,cracker_scene4,70,old
161,0.3958256244659424,0.16238719375877866,CVPF,cracker_scene4,70,old
162,0.39807653427124023,0.16238719375877866,CVPF,cracker_scene4,70,old
163,0.400252103805542,0.16369521722686645,CVPF,cracker_scene4,70,old
164,0.4024229049682617,0.16369521722686645,CVPF,cracker_scene4,70,old
165,0.404691219329834,0.16369521722686645,CVPF,cracker_scene4,70,old
166,0.4070563316345215,0.16369521722686645,CVPF,cracker_scene4,70,old
167,0.4091770648956299,0.162053446697635,CVPF,cracker_scene4,70,old
168,0.4112985134124756,0.162053446697635,CVPF,cracker_scene4,70,old
169,0.41339945793151855,0.162053446697635,CVPF,cracker_scene4,70,old
170,0.41561126708984375,0.162053446697635,CVPF,cracker_scene4,70,old
171,0.41786909103393555,0.16312470640863658,CVPF,cracker_scene4,70,old
172,0.42011094093322754,0.16342787032836634,CVPF,cracker_scene4,70,old
173,0.42216062545776367,0.16342787032836634,CVPF,cracker_scene4,70,old
174,0.42427921295166016,0.16342787032836634,CVPF,cracker_scene4,70,old
175,0.42638564109802246,0.16342787032836634,CVPF,cracker_scene4,70,old
176,0.42853808403015137,0.1634954747930875,CVPF,cracker_scene4,70,old
177,0.4307096004486084,0.16310179466862104,CVPF,cracker_scene4,70,old
178,0.43291473388671875,0.16356596893983527,CVPF,cracker_scene4,70,old
179,0.43508362770080566,0.1634834677809665,CVPF,cracker_scene4,70,old
180,0.43735766410827637,0.1634834677809665,CVPF,cracker_scene4,70,old
181,0.4395027160644531,0.16302019476693053,CVPF,cracker_scene4,70,old
182,0.44208407402038574,0.16302019476693053,CVPF,cracker_scene4,70,old
183,0.44419336318969727,0.16302019476693053,CVPF,cracker_scene4,70,old
184,0.4464535713195801,0.16508100684932794,CVPF,cracker_scene4,70,old
185,0.4486668109893799,0.16550276876457504,CVPF,cracker_scene4,70,old
186,0.45082926750183105,0.16550276876457504,CVPF,cracker_scene4,70,old
187,0.45300722122192383,0.16550276876457504,CVPF,cracker_scene4,70,old
188,0.45529890060424805,0.16328886704199005,CVPF,cracker_scene4,70,old
189,0.4574320316314697,0.16328886704199005,CVPF,cracker_scene4,70,old
190,0.4597041606903076,0.16328886704199005,CVPF,cracker_scene4,70,old
191,0.46292805671691895,0.17806914354846382,CVPF,cracker_scene4,70,old
192,0.4650239944458008,0.17806914354846382,CVPF,cracker_scene4,70,old
193,0.4671194553375244,0.17806914354846382,CVPF,cracker_scene4,70,old
194,0.46936655044555664,0.17834481409966227,CVPF,cracker_scene4,70,old
195,0.4718639850616455,0.17834481409966227,CVPF,cracker_scene4,70,old
196,0.473891019821167,0.17718857160532048,CVPF,cracker_scene4,70,old
197,0.4759664535522461,0.17718857160532048,CVPF,cracker_scene4,70,old
198,0.4781334400177002,0.17718857160532048,CVPF,cracker_scene4,70,old
199,0.4804401397705078,0.17844162146885523,CVPF,cracker_scene4,70,old
200,0.4825568199157715,0.17844162146885523,CVPF,cracker_scene4,70,old
201,0.48465538024902344,0.17844162146885523,CVPF,cracker_scene4,70,old
202,0.48688244819641113,0.17849505751349756,CVPF,cracker_scene4,70,old
203,0.48903870582580566,0.17849505751349756,CVPF,cracker_scene4,70,old
204,0.4910893440246582,0.17849505751349756,CVPF,cracker_scene4,70,old
205,0.493166446685791,0.17849505751349756,CVPF,cracker_scene4,70,old
206,0.49544477462768555,0.17798456505831795,CVPF,cracker_scene4,70,old
207,0.4975273609161377,0.17798456505831795,CVPF,cracker_scene4,70,old
208,0.4995858669281006,0.17798456505831795,CVPF,cracker_scene4,70,old
209,0.5016818046569824,0.176974906171147,CVPF,cracker_scene4,70,old
210,0.503882646560669,0.1774348920372051,CVPF,cracker_scene4,70,old
211,0.5063815116882324,0.1774348920372051,CVPF,cracker_scene4,70,old
212,0.5086514949798584,0.1774348920372051,CVPF,cracker_scene4,70,old
213,0.5107746124267578,0.1774348920372051,CVPF,cracker_scene4,70,old
214,0.5129647254943848,0.1773592625907961,CVPF,cracker_scene4,70,old
215,0.5151331424713135,0.17716644662299733,CVPF,cracker_scene4,70,old
216,0.5172610282897949,0.17716644662299733,CVPF,cracker_scene4,70,old
217,0.5195646286010742,0.1774382942620347,CVPF,cracker_scene4,70,old
218,0.5219244956970215,0.1774551547065437,CVPF,cracker_scene4,70,old
219,0.5240721702575684,0.1774551547065437,CVPF,cracker_scene4,70,old
220,0.5263702869415283,0.1774551547065437,CVPF,cracker_scene4,70,old
221,0.5286898612976074,0.17786612082362968,CVPF,cracker_scene4,70,old
222,0.5308322906494141,0.17786612082362968,CVPF,cracker_scene4,70,old
223,0.5328917503356934,0.17786612082362968,CVPF,cracker_scene4,70,old
224,0.5349533557891846,0.17786612082362968,CVPF,cracker_scene4,70,old
225,0.5374734401702881,0.17790710223364817,CVPF,cracker_scene4,70,old
226,0.5396149158477783,0.17790710223364817,CVPF,cracker_scene4,70,old
227,0.5416746139526367,0.17790710223364817,CVPF,cracker_scene4,70,old
228,0.5438194274902344,0.17790710223364817,CVPF,cracker_scene4,70,old
229,0.5461864471435547,0.17790710223364817,CVPF,cracker_scene4,70,old
230,0.5484685897827148,0.17790710223364817,CVPF,cracker_scene4,70,old
231,0.5507011413574219,0.17793928704194845,CVPF,cracker_scene4,70,old
232,0.5528213977813721,0.17793928704194845,CVPF,cracker_scene4,70,old
233,0.5549318790435791,0.17793928704194845,CVPF,cracker_scene4,70,old
234,0.5572435855865479,0.17774909212868026,CVPF,cracker_scene4,70,old
235,0.5593791007995605,0.17774909212868026,CVPF,cracker_scene4,70,old
236,0.5615017414093018,0.17745012151314318,CVPF,cracker_scene4,70,old
237,0.5637471675872803,0.17745012151314318,CVPF,cracker_scene4,70,old
238,0.5658974647521973,0.17745012151314318,CVPF,cracker_scene4,70,old
239,0.56805419921875,0.17745012151314318,CVPF,cracker_scene4,70,old
240,0.5703122615814209,0.17745012151314318,CVPF,cracker_scene4,70,old
241,0.5728476047515869,0.17999157898354565,CVPF,cracker_scene4,70,old
242,0.575061559677124,0.17999157898354565,CVPF,cracker_scene4,70,old
243,0.577380895614624,0.17999157898354565,CVPF,cracker_scene4,70,old
244,0.5795950889587402,0.17999157898354565,CVPF,cracker_scene4,70,old
245,0.5821020603179932,0.17989817239075928,CVPF,cracker_scene4,70,old
246,0.5842111110687256,0.17989817239075928,CVPF,cracker_scene4,70,old
247,0.5862667560577393,0.17989817239075928,CVPF,cracker_scene4,70,old
248,0.5883705615997314,0.17989817239075928,CVPF,cracker_scene4,70,old
249,0.5907797813415527,0.17838979057220125,CVPF,cracker_scene4,70,old
250,0.5929050445556641,0.17838979057220125,CVPF,cracker_scene4,70,old
251,0.5951166152954102,0.17838979057220125,CVPF,cracker_scene4,70,old
252,0.5973432064056396,0.17838979057220125,CVPF,cracker_scene4,70,old
253,0.599602460861206,0.17838979057220125,CVPF,cracker_scene4,70,old
254,0.6020421981811523,0.1783761474414294,CVPF,cracker_scene4,70,old
255,0.6045434474945068,0.1783761474414294,CVPF,cracker_scene4,70,old
256,0.6071107387542725,0.1783761474414294,CVPF,cracker_scene4,70,old
257,0.6092324256896973,0.1783761474414294,CVPF,cracker_scene4,70,old
258,0.6115198135375977,0.1783761474414294,CVPF,cracker_scene4,70,old
259,0.61441969871521,0.19013214762686695,CVPF,cracker_scene4,70,old
260,0.6165852546691895,0.19013214762686695,CVPF,cracker_scene4,70,old
261,0.6188545227050781,0.1897555107611905,CVPF,cracker_scene4,70,old
262,0.621023416519165,0.18983956368861993,CVPF,cracker_scene4,70,old
263,0.6231379508972168,0.18983956368861993,CVPF,cracker_scene4,70,old
264,0.6252479553222656,0.18983956368861993,CVPF,cracker_scene4,70,old
265,0.6274716854095459,0.19057936298843253,CVPF,cracker_scene4,70,old
266,0.6295928955078125,0.19057936298843253,CVPF,cracker_scene4,70,old
267,0.6317389011383057,0.18939244074312944,CVPF,cracker_scene4,70,old
268,0.6339447498321533,0.18939244074312944,CVPF,cracker_scene4,70,old
269,0.6362159252166748,0.18939244074312944,CVPF,cracker_scene4,70,old
270,0.6383492946624756,0.18939244074312944,CVPF,cracker_scene4,70,old
271,0.6408107280731201,0.19006912419330743,CVPF,cracker_scene4,70,old
272,0.6429526805877686,0.19006912419330743,CVPF,cracker_scene4,70,old
273,0.6450700759887695,0.19006912419330743,CVPF,cracker_scene4,70,old
274,0.6472349166870117,0.19006912419330743,CVPF,cracker_scene4,70,old
275,0.6494472026824951,0.1901216675152662,CVPF,cracker_scene4,70,old
276,0.6515986919403076,0.1901216675152662,CVPF,cracker_scene4,70,old
277,0.6539416313171387,0.1901216675152662,CVPF,cracker_scene4,70,old
278,0.656172513961792,0.1901216675152662,CVPF,cracker_scene4,70,old
279,0.6583178043365479,0.1901216675152662,CVPF,cracker_scene4,70,old
280,0.6608223915100098,0.1901216675152662,CVPF,cracker_scene4,70,old
281,0.6629643440246582,0.1901216675152662,CVPF,cracker_scene4,70,old
282,0.6651246547698975,0.1901216675152662,CVPF,cracker_scene4,70,old
283,0.6673414707183838,0.19012880213235384,CVPF,cracker_scene4,70,old
284,0.6694610118865967,0.19012880213235384,CVPF,cracker_scene4,70,old
285,0.6715950965881348,0.19012880213235384,CVPF,cracker_scene4,70,old
286,0.6739885807037354,0.1888506206882883,CVPF,cracker_scene4,70,old
287,0.6761205196380615,0.1888506206882883,CVPF,cracker_scene4,70,old
288,0.6782474517822266,0.1888506206882883,CVPF,cracker_scene4,70,old
289,0.6803345680236816,0.1888506206882883,CVPF,cracker_scene4,70,old
290,0.6824166774749756,0.1888506206882883,CVPF,cracker_scene4,70,old
291,0.6846663951873779,0.18906017867619995,CVPF,cracker_scene4,70,old
292,0.686779260635376,0.18906017867619995,CVPF,cracker_scene4,70,old
293,0.6892638206481934,0.1900196486413189,CVPF,cracker_scene4,70,old
294,0.691373348236084,0.18994132863047508,CVPF,cracker_scene4,70,old
295,0.6934506893157959,0.18994132863047508,CVPF,cracker_scene4,70,old
296,0.6956830024719238,0.19000953948607155,CVPF,cracker_scene4,70,old
297,0.6980235576629639,0.1902515507934704,CVPF,cracker_scene4,70,old
298,0.7003111839294434,0.19016145424642636,CVPF,cracker_scene4,70,old
299,0.7027935981750488,0.1902078428743005,CVPF,cracker_scene4,70,old
300,0.7050216197967529,0.18900228091854787,CVPF,cracker_scene4,70,old
301,0.7072350978851318,0.18900228091854787,CVPF,cracker_scene4,70,old
302,0.7095332145690918,0.18900228091854787,CVPF,cracker_scene4,70,old
303,0.711686372756958,0.18900228091854787,CVPF,cracker_scene4,70,old
304,0.713862419128418,0.18871693070581763,CVPF,cracker_scene4,70,old
305,0.7160236835479736,0.18871693070581763,CVPF,cracker_scene4,70,old
306,0.7181665897369385,0.18871693070581763,CVPF,cracker_scene4,70,old
307,0.7202944755554199,0.18871693070581763,CVPF,cracker_scene4,70,old
308,0.722470760345459,0.18871693070581763,CVPF,cracker_scene4,70,old
309,0.7245974540710449,0.18871693070581763,CVPF,cracker_scene4,70,old
310,0.7273547649383545,0.18871693070581763,CVPF,cracker_scene4,70,old
311,0.7311322689056396,0.19158059166490607,CVPF,cracker_scene4,70,old
312,0.7342915534973145,0.19158059166490607,CVPF,cracker_scene4,70,old
313,0.7375197410583496,0.19158059166490607,CVPF,cracker_scene4,70,old
314,0.7407546043395996,0.19158059166490607,CVPF,cracker_scene4,70,old
315,0.7440040111541748,0.19158059166490607,CVPF,cracker_scene4,70,old
316,0.7472529411315918,0.19158059166490607,CVPF,cracker_scene4,70,old
317,0.7505075931549072,0.19158059166490607,CVPF,cracker_scene4,70,old
318,0.7537550926208496,0.19158059166490607,CVPF,cracker_scene4,70,old
319,0.7572429180145264,0.19018324577297482,CVPF,cracker_scene4,70,old
320,0.7614033222198486,0.19016656529855547,CVPF,cracker_scene4,70,old
321,0.7648186683654785,0.19016656529855547,CVPF,cracker_scene4,70,old
322,0.7680833339691162,0.19016656529855547,CVPF,cracker_scene4,70,old
323,0.7712781429290771,0.19016656529855547,CVPF,cracker_scene4,70,old
324,0.7748246192932129,0.19008744067956074,CVPF,cracker_scene4,70,old
325,0.7771530151367188,0.19008744067956074,CVPF,cracker_scene4,70,old
326,0.7805626392364502,0.18881027556996421,CVPF,cracker_scene4,70,old
327,0.7839066982269287,0.18881027556996421,CVPF,cracker_scene4,70,old
328,0.7871460914611816,0.18881027556996421,CVPF,cracker_scene4,70,old
329,0.7908270359039307,0.18934463928366385,CVPF,cracker_scene4,70,old
330,0.7940788269042969,0.18934463928366385,CVPF,cracker_scene4,70,old
331,0.7973282337188721,0.18934463928366385,CVPF,cracker_scene4,70,old
332,0.8000400066375732,0.19171141310933884,CVPF,cracker_scene4,70,old
333,0.8028252124786377,0.19849359001760644,CVPF,cracker_scene4,70,old
334,0.8049559593200684,0.19661373963673806,CVPF,cracker_scene4,70,old
335,0.8070681095123291,0.196644150266499,CVPF,cracker_scene4,70,old
336,0.8092212677001953,0.196644150266499,CVPF,cracker_scene4,70,old
337,0.8114132881164551,0.19569765895198185,CVPF,cracker_scene4,70,old
338,0.8134667873382568,0.19620586371232943,CVPF,cracker_scene4,70,old
339,0.8154780864715576,0.19620586371232943,CVPF,cracker_scene4,70,old
340,0.8175580501556396,0.19620586371232943,CVPF,cracker_scene4,70,old
341,0.8197402954101562,0.19620586371232943,CVPF,cracker_scene4,70,old
342,0.8218019008636475,0.19702743790215882,CVPF,cracker_scene4,70,old
343,0.8244674205780029,0.19702743790215882,CVPF,cracker_scene4,70,old
344,0.8265330791473389,0.19702743790215882,CVPF,cracker_scene4,70,old
345,0.8287549018859863,0.19702743790215882,CVPF,cracker_scene4,70,old
346,0.8309144973754883,0.19702743790215882,CVPF,cracker_scene4,70,old
347,0.8332831859588623,0.19667157763822476,CVPF,cracker_scene4,70,old
348,0.835507869720459,0.19667157763822476,CVPF,cracker_scene4,70,old
349,0.8375940322875977,0.19667157763822476,CVPF,cracker_scene4,70,old
350,0.839698314666748,0.19667157763822476,CVPF,cracker_scene4,70,old
351,0.8417997360229492,0.19667157763822476,CVPF,cracker_scene4,70,old
352,0.8441267013549805,0.19568413814137203,CVPF,cracker_scene4,70,old
353,0.8462696075439453,0.19568413814137203,CVPF,cracker_scene4,70,old
354,0.8485777378082275,0.19568413814137203,CVPF,cracker_scene4,70,old
355,0.8507647514343262,0.19895730323229738,CVPF,cracker_scene4,70,old
356,0.8528966903686523,0.19895730323229738,CVPF,cracker_scene4,70,old
357,0.8554940223693848,0.19762106248129976,CVPF,cracker_scene4,70,old
358,0.8579714298248291,0.19762106248129976,CVPF,cracker_scene4,70,old
359,0.8601884841918945,0.1980493698888253,CVPF,cracker_scene4,70,old
360,0.8624000549316406,0.1982455954268087,CVPF,cracker_scene4,70,old
361,0.8645474910736084,0.1982455954268087,CVPF,cracker_scene4,70,old
362,0.8667917251586914,0.1982455954268087,CVPF,cracker_scene4,70,old
363,0.8689327239990234,0.1982455954268087,CVPF,cracker_scene4,70,old
364,0.8711256980895996,0.1982455954268087,CVPF,cracker_scene4,70,old
365,0.8732531070709229,0.1982455954268087,CVPF,cracker_scene4,70,old
366,0.8756198883056641,0.1978798878096073,CVPF,cracker_scene4,70,old
367,0.8777792453765869,0.1978798878096073,CVPF,cracker_scene4,70,old
368,0.8801054954528809,0.19834589271065603,CVPF,cracker_scene4,70,old
369,0.882530689239502,0.19697540104486166,CVPF,cracker_scene4,70,old
370,0.8846988677978516,0.19697540104486166,CVPF,cracker_scene4,70,old
371,0.8868715763092041,0.19697540104486166,CVPF,cracker_scene4,70,old
372,0.8890872001647949,0.19652118780034736,CVPF,cracker_scene4,70,old
373,0.8913147449493408,0.19652118780034736,CVPF,cracker_scene4,70,old
374,0.8934845924377441,0.19652118780034736,CVPF,cracker_scene4,70,old
375,0.8956558704376221,0.19652118780034736,CVPF,cracker_scene4,70,old
376,0.8977720737457275,0.19652118780034736,CVPF,cracker_scene4,70,old
377,0.899904727935791,0.19652118780034736,CVPF,cracker_scene4,70,old
378,0.9025554656982422,0.19610730376871208,CVPF,cracker_scene4,70,old
379,0.9050791263580322,0.19635842688991498,CVPF,cracker_scene4,70,old
380,0.907294750213623,0.19635842688991498,CVPF,cracker_scene4,70,old
381,0.9095363616943359,0.19589970941275983,CVPF,cracker_scene4,70,old
382,0.9116950035095215,0.19589970941275983,CVPF,cracker_scene4,70,old
383,0.9138517379760742,0.19589970941275983,CVPF,cracker_scene4,70,old
384,0.9159717559814453,0.19589970941275983,CVPF,cracker_scene4,70,old
385,0.918109655380249,0.19589970941275983,CVPF,cracker_scene4,70,old
386,0.9204084873199463,0.19588770006103245,CVPF,cracker_scene4,70,old
387,0.9225361347198486,0.19588770006103245,CVPF,cracker_scene4,70,old
388,0.9246580600738525,0.19588770006103245,CVPF,cracker_scene4,70,old
389,0.9268004894256592,0.19588770006103245,CVPF,cracker_scene4,70,old
390,0.9292430877685547,0.19588770006103245,CVPF,cracker_scene4,70,old
391,0.9313831329345703,0.19588770006103245,CVPF,cracker_scene4,70,old
392,0.9340512752532959,0.19712127405727856,CVPF,cracker_scene4,70,old
393,0.936326265335083,0.19712127405727856,CVPF,cracker_scene4,70,old
394,0.938453197479248,0.19712127405727856,CVPF,cracker_scene4,70,old
395,0.9413936138153076,0.2142565427768077,CVPF,cracker_scene4,70,old
396,0.9435968399047852,0.21409714275330965,CVPF,cracker_scene4,70,old
397,0.9457170963287354,0.21409714275330965,CVPF,cracker_scene4,70,old
398,0.9479589462280273,0.21439379055338237,CVPF,cracker_scene4,70,old
399,0.9502744674682617,0.21448958921374725,CVPF,cracker_scene4,70,old
400,0.9524447917938232,0.21448958921374725,CVPF,cracker_scene4,70,old
401,0.9548470973968506,0.2141250033927973,CVPF,cracker_scene4,70,old
402,0.9570605754852295,0.2141250033927973,CVPF,cracker_scene4,70,old
403,0.9592406749725342,0.2141250033927973,CVPF,cracker_scene4,70,old
404,0.9613735675811768,0.2141250033927973,CVPF,cracker_scene4,70,old
405,0.963505744934082,0.2141250033927973,CVPF,cracker_scene4,70,old
406,0.9656167030334473,0.2141250033927973,CVPF,cracker_scene4,70,old
407,0.9677567481994629,0.2141250033927973,CVPF,cracker_scene4,70,old
408,0.9699721336364746,0.21587090514645219,CVPF,cracker_scene4,70,old
409,0.9723029136657715,0.21587090514645219,CVPF,cracker_scene4,70,old
410,0.9745466709136963,0.21546111337168575,CVPF,cracker_scene4,70,old
411,0.9767041206359863,0.21546111337168575,CVPF,cracker_scene4,70,old
412,0.9792830944061279,0.21547596735944757,CVPF,cracker_scene4,70,old
413,0.9814250469207764,0.21547596735944757,CVPF,cracker_scene4,70,old
414,0.98356032371521,0.21547596735944757,CVPF,cracker_scene4,70,old
415,0.985680341720581,0.21547596735944757,CVPF,cracker_scene4,70,old
416,0.987847089767456,0.21547596735944757,CVPF,cracker_scene4,70,old
417,0.9904038906097412,0.2156440541381662,CVPF,cracker_scene4,70,old
418,0.9925158023834229,0.2156440541381662,CVPF,cracker_scene4,70,old
419,0.99509596824646,0.2156440541381662,CVPF,cracker_scene4,70,old
420,0.9972696304321289,0.2156440541381662,CVPF,cracker_scene4,70,old
421,0.9995801448822021,0.2156334984889051,CVPF,cracker_scene4,70,old
422,1.00178861618042,0.2156334984889051,CVPF,cracker_scene4,70,old
423,1.0040555000305176,0.21517315717510357,CVPF,cracker_scene4,70,old
424,1.006209135055542,0.21517315717510357,CVPF,cracker_scene4,70,old
425,1.0083718299865723,0.21517315717510357,CVPF,cracker_scene4,70,old
426,1.0105125904083252,0.21517315717510357,CVPF,cracker_scene4,70,old
427,1.0126628875732422,0.21517315717510357,CVPF,cracker_scene4,70,old
428,1.0148282051086426,0.21517315717510357,CVPF,cracker_scene4,70,old
429,1.0171597003936768,0.21633833722538098,CVPF,cracker_scene4,70,old
430,1.0193991661071777,0.21633833722538098,CVPF,cracker_scene4,70,old
431,1.0215363502502441,0.21633833722538098,CVPF,cracker_scene4,70,old
432,1.0238633155822754,0.21625367574713683,CVPF,cracker_scene4,70,old
433,1.0259718894958496,0.21625367574713683,CVPF,cracker_scene4,70,old
434,1.0282988548278809,0.21625367574713683,CVPF,cracker_scene4,70,old
435,1.0304481983184814,0.21593167850046144,CVPF,cracker_scene4,70,old
436,1.0330190658569336,0.21592457334452447,CVPF,cracker_scene4,70,old
437,1.0352063179016113,0.21592457334452447,CVPF,cracker_scene4,70,old
438,1.0377023220062256,0.2160675530026443,CVPF,cracker_scene4,70,old
439,1.0411748886108398,0.21541705206831818,CVPF,cracker_scene4,70,old
440,1.0444309711456299,0.21546624283519167,CVPF,cracker_scene4,70,old
441,1.0478463172912598,0.21546624283519167,CVPF,cracker_scene4,70,old
442,1.0511960983276367,0.21546624283519167,CVPF,cracker_scene4,70,old
443,1.0546588897705078,0.21594734370598867,CVPF,cracker_scene4,70,old
444,1.0582022666931152,0.21594734370598867,CVPF,cracker_scene4,70,old
445,1.061527967453003,0.21600862148702174,CVPF,cracker_scene4,70,old
446,1.0649478435516357,0.21600862148702174,CVPF,cracker_scene4,70,old
447,1.0683326721191406,0.21460178002268035,CVPF,cracker_scene4,70,old
448,1.0717236995697021,0.2144605724786229,CVPF,cracker_scene4,70,old
449,1.074648380279541,0.2144605724786229,CVPF,cracker_scene4,70,old
450,1.0778486728668213,0.2144605724786229,CVPF,cracker_scene4,70,old
451,1.081331491470337,0.21486593626936784,CVPF,cracker_scene4,70,old
452,1.0846138000488281,0.21486593626936784,CVPF,cracker_scene4,70,old
453,1.0878498554229736,0.21604923862299766,CVPF,cracker_scene4,70,old
454,1.0909900665283203,0.21604923862299766,CVPF,cracker_scene4,70,old
455,1.0943379402160645,0.21607161779163467,CVPF,cracker_scene4,70,old
456,1.0967578887939453,0.2159985596905987,CVPF,cracker_scene4,70,old
457,1.0991497039794922,0.2159985596905987,CVPF,cracker_scene4,70,old
458,1.101518154144287,0.2159985596905987,CVPF,cracker_scene4,70,old
459,1.1048147678375244,0.2160580425149031,CVPF,cracker_scene4,70,old
460,1.1070911884307861,0.21132243141945908,CVPF,cracker_scene4,70,old
461,1.1093025207519531,0.2115519821446801,CVPF,cracker_scene4,70,old
462,1.1120526790618896,0.21120370265145788,CVPF,cracker_scene4,70,old
463,1.1143012046813965,0.21120370265145788,CVPF,cracker_scene4,70,old
464,1.1165452003479004,0.21120370265145788,CVPF,cracker_scene4,70,old
465,1.1187632083892822,0.21120370265145788,CVPF,cracker_scene4,70,old
466,1.121070384979248,0.21120370265145788,CVPF,cracker_scene4,70,old
467,1.1233735084533691,0.21120370265145788,CVPF,cracker_scene4,70,old
468,1.1255884170532227,0.21130986930133042,CVPF,cracker_scene4,70,old
469,1.1280410289764404,0.21054745797851754,CVPF,cracker_scene4,70,old
470,1.1303105354309082,0.21010713160409664,CVPF,cracker_scene4,70,old
471,1.1325151920318604,0.21010713160409664,CVPF,cracker_scene4,70,old
472,1.1346468925476074,0.21010713160409664,CVPF,cracker_scene4,70,old
473,1.136833906173706,0.21010713160409664,CVPF,cracker_scene4,70,old
474,1.1392185688018799,0.21053511234036765,CVPF,cracker_scene4,70,old
475,1.1414484977722168,0.21053511234036765,CVPF,cracker_scene4,70,old
476,1.1439776420593262,0.20984498536034937,CVPF,cracker_scene4,70,old
477,1.146193504333496,0.20984498536034937,CVPF,cracker_scene4,70,old
478,1.1484196186065674,0.20984498536034937,CVPF,cracker_scene4,70,old
479,1.1505825519561768,0.20984498536034937,CVPF,cracker_scene4,70,old
480,1.1528189182281494,0.2100974332675999,CVPF,cracker_scene4,70,old
481,1.1550571918487549,0.2100974332675999,CVPF,cracker_scene4,70,old
482,1.157273769378662,0.21032089105330196,CVPF,cracker_scene4,70,old
483,1.1594486236572266,0.21032089105330196,CVPF,cracker_scene4,70,old
484,1.1615829467773438,0.21032089105330196,CVPF,cracker_scene4,70,old
485,1.1638286113739014,0.21075396481667472,CVPF,cracker_scene4,70,old
486,1.1660711765289307,0.21075396481667472,CVPF,cracker_scene4,70,old
487,1.1682231426239014,0.21075396481667472,CVPF,cracker_scene4,70,old
488,1.1709506511688232,0.21131377111182723,CVPF,cracker_scene4,70,old
489,1.1730940341949463,0.21131377111182723,CVPF,cracker_scene4,70,old
490,1.1752278804779053,0.21131377111182723,CVPF,cracker_scene4,70,old
491,1.177382230758667,0.21131377111182723,CVPF,cracker_scene4,70,old
492,1.1799006462097168,0.2108320401820351,CVPF,cracker_scene4,70,old
493,1.182023525238037,0.2108320401820351,CVPF,cracker_scene4,70,old
494,1.1840975284576416,0.2108320401820351,CVPF,cracker_scene4,70,old
495,1.1863422393798828,0.2113541829182813,CVPF,cracker_scene4,70,old
496,1.188619613647461,0.2111605653020314,CVPF,cracker_scene4,70,old
497,1.1908211708068848,0.2111605653020314,CVPF,cracker_scene4,70,old
498,1.1929264068603516,0.2111605653020314,CVPF,cracker_scene4,70,old
499,1.195176362991333,0.2111605653020314,CVPF,cracker_scene4,70,old
500,1.1976172924041748,0.20942789202764023,CVPF,cracker_scene4,70,old
501,1.1998133659362793,0.20942789202764023,CVPF,cracker_scene4,70,old
502,1.2019989490509033,0.20942789202764023,CVPF,cracker_scene4,70,old
503,1.2043476104736328,0.21049312689523308,CVPF,cracker_scene4,70,old
504,1.206590175628662,0.21049312689523308,CVPF,cracker_scene4,70,old
505,1.2088348865509033,0.21049312689523308,CVPF,cracker_scene4,70,old
506,1.2110633850097656,0.21049312689523308,CVPF,cracker_scene4,70,old
507,1.213245153427124,0.21049312689523308,CVPF,cracker_scene4,70,old
508,1.2154877185821533,0.21049312689523308,CVPF,cracker_scene4,70,old
509,1.2176814079284668,0.21049312689523308,CVPF,cracker_scene4,70,old
510,1.219897747039795,0.21049312689523308,CVPF,cracker_scene4,70,old
511,1.2222695350646973,0.21049312689523308,CVPF,cracker_scene4,70,old
512,1.2244915962219238,0.21049312689523308,CVPF,cracker_scene4,70,old
513,1.2266981601715088,0.21049312689523308,CVPF,cracker_scene4,70,old
514,1.2288224697113037,0.21049312689523308,CVPF,cracker_scene4,70,old
515,1.2311029434204102,0.21046386660166838,CVPF,cracker_scene4,70,old
516,1.2332446575164795,0.21046386660166838,CVPF,cracker_scene4,70,old
517,1.2354261875152588,0.21046386660166838,CVPF,cracker_scene4,70,old
518,1.238034963607788,0.21093549070575843,CVPF,cracker_scene4,70,old
519,1.2412877082824707,0.20747037569294108,CVPF,cracker_scene4,70,old
520,1.243553638458252,0.20747583461179345,CVPF,cracker_scene4,70,old
521,1.2459287643432617,0.20747583461179345,CVPF,cracker_scene4,70,old
522,1.2483811378479004,0.20757475052643962,CVPF,cracker_scene4,70,old
523,1.2504582405090332,0.20757475052643962,CVPF,cracker_scene4,70,old
524,1.2527689933776855,0.20757475052643962,CVPF,cracker_scene4,70,old
525,1.255274772644043,0.20621806858278308,CVPF,cracker_scene4,70,old
526,1.2573423385620117,0.20621806858278308,CVPF,cracker_scene4,70,old
527,1.2595694065093994,0.20621806858278308,CVPF,cracker_scene4,70,old
528,1.2619545459747314,0.20621806858278308,CVPF,cracker_scene4,70,old
529,1.264131784439087,0.20621806858278308,CVPF,cracker_scene4,70,old
530,1.266446590423584,0.20616664012006988,CVPF,cracker_scene4,70,old
531,1.268681287765503,0.20616664012006988,CVPF,cracker_scene4,70,old
532,1.2709426879882812,0.20454969691329938,CVPF,cracker_scene4,70,old
533,1.2731094360351562,0.20454969691329938,CVPF,cracker_scene4,70,old
534,1.275496244430542,0.20454969691329938,CVPF,cracker_scene4,70,old
535,1.277642011642456,0.20454969691329938,CVPF,cracker_scene4,70,old
536,1.2798702716827393,0.20454969691329938,CVPF,cracker_scene4,70,old
537,1.282113790512085,0.20454969691329938,CVPF,cracker_scene4,70,old
538,1.2844607830047607,0.20701383026978507,CVPF,cracker_scene4,70,old
539,1.2866437435150146,0.20701383026978507,CVPF,cracker_scene4,70,old
540,1.2889795303344727,0.20602985876437263,CVPF,cracker_scene4,70,old
541,1.2913036346435547,0.20602985876437263,CVPF,cracker_scene4,70,old
542,1.2934319972991943,0.20602985876437263,CVPF,cracker_scene4,70,old
543,1.2955713272094727,0.20602985876437263,CVPF,cracker_scene4,70,old
544,1.2977824211120605,0.2063972806012979,CVPF,cracker_scene4,70,old
545,1.3000507354736328,0.20547900092303029,CVPF,cracker_scene4,70,old
546,1.3024811744689941,0.20551161981375315,CVPF,cracker_scene4,70,old
547,1.3047094345092773,0.20551161981375315,CVPF,cracker_scene4,70,old
548,1.306917428970337,0.20551161981375315,CVPF,cracker_scene4,70,old
549,1.3091685771942139,0.20551161981375315,CVPF,cracker_scene4,70,old
550,1.3113574981689453,0.20551161981375315,CVPF,cracker_scene4,70,old
551,1.3137967586517334,0.20523897034802846,CVPF,cracker_scene4,70,old
552,1.3160061836242676,0.20523897034802846,CVPF,cracker_scene4,70,old
553,1.3181853294372559,0.20523897034802846,CVPF,cracker_scene4,70,old
554,1.3206210136413574,0.20523897034802846,CVPF,cracker_scene4,70,old
555,1.3228809833526611,0.20739406502964824,CVPF,cracker_scene4,70,old
556,1.3250322341918945,0.20739406502964824,CVPF,cracker_scene4,70,old
557,1.3275561332702637,0.20547460039415058,CVPF,cracker_scene4,70,old
558,1.3299078941345215,0.20547460039415058,CVPF,cracker_scene4,70,old
559,1.332303524017334,0.20547460039415058,CVPF,cracker_scene4,70,old
560,1.3344523906707764,0.20547460039415058,CVPF,cracker_scene4,70,old
561,1.3368422985076904,0.20517406216775172,CVPF,cracker_scene4,70,old
562,1.339021921157837,0.20517406216775172,CVPF,cracker_scene4,70,old
563,1.3411478996276855,0.20517406216775172,CVPF,cracker_scene4,70,old
564,1.3436279296875,0.20517626138717526,CVPF,cracker_scene4,70,old
565,1.3456661701202393,0.20517626138717526,CVPF,cracker_scene4,70,old
566,1.3478198051452637,0.20517626138717526,CVPF,cracker_scene4,70,old
567,1.3500604629516602,0.20518993996863158,CVPF,cracker_scene4,70,old
568,1.3522083759307861,0.20518993996863158,CVPF,cracker_scene4,70,old
569,1.354391098022461,0.20518993996863158,CVPF,cracker_scene4,70,old
570,1.3566181659698486,0.20518993996863158,CVPF,cracker_scene4,70,old
571,1.3588039875030518,0.20518993996863158,CVPF,cracker_scene4,70,old
572,1.3622395992279053,0.20560012241868467,CVPF,cracker_scene4,70,old
573,1.3660683631896973,0.20633966567596207,CVPF,cracker_scene4,70,old
574,1.3693511486053467,0.20633966567596207,CVPF,cracker_scene4,70,old
575,1.3727705478668213,0.20633966567596207,CVPF,cracker_scene4,70,old
576,1.3757224082946777,0.20557466950550057,CVPF,cracker_scene4,70,old
577,1.3778064250946045,0.20557466950550057,CVPF,cracker_scene4,70,old
578,1.379974603652954,0.20557466950550057,CVPF,cracker_scene4,70,old
579,1.3821148872375488,0.20557466950550057,CVPF,cracker_scene4,70,old
580,1.3844020366668701,0.20557466950550057,CVPF,cracker_scene4,70,old
581,1.3865962028503418,0.20557466950550057,CVPF,cracker_scene4,70,old
582,1.3887317180633545,0.20557466950550057,CVPF,cracker_scene4,70,old
583,1.3913960456848145,0.20511947003048453,CVPF,cracker_scene4,70,old
584,1.3944921493530273,0.20511947003048453,CVPF,cracker_scene4,70,old
585,1.3973608016967773,0.20511947003048453,CVPF,cracker_scene4,70,old
586,1.4001126289367676,0.20511947003048453,CVPF,cracker_scene4,70,old
587,1.4035778045654297,0.20402272873609512,CVPF,cracker_scene4,70,old
588,1.4073269367218018,0.20519720370466663,CVPF,cracker_scene4,70,old
589,1.410238265991211,0.20519720370466663,CVPF,cracker_scene4,70,old
590,1.4131925106048584,0.20519720370466663,CVPF,cracker_scene4,70,old
591,1.4165818691253662,0.1958712642196342,CVPF,cracker_scene4,70,old
592,1.4195291996002197,0.19583923791432123,CVPF,cracker_scene4,70,old
593,1.4225656986236572,0.19583923791432123,CVPF,cracker_scene4,70,old
594,1.4254207611083984,0.19787160002768928,CVPF,cracker_scene4,70,old
595,1.4281985759735107,0.19784257039633574,CVPF,cracker_scene4,70,old
596,1.431107521057129,0.19784257039633574,CVPF,cracker_scene4,70,old
597,1.4338030815124512,0.19784257039633574,CVPF,cracker_scene4,70,old
598,1.4366204738616943,0.19637358311971087,CVPF,cracker_scene4,70,old
599,1.439620018005371,0.19637358311971087,CVPF,cracker_scene4,70,old
600,1.4426116943359375,0.19591193784745506,CVPF,cracker_scene4,70,old
601,1.4450132846832275,0.19591193784745506,CVPF,cracker_scene4,70,old
602,1.4472556114196777,0.19591193784745506,CVPF,cracker_scene4,70,old
603,1.4495644569396973,0.19591193784745506,CVPF,cracker_scene4,70,old
604,1.451645851135254,0.19591193784745506,CVPF,cracker_scene4,70,old
605,1.4539294242858887,0.19511094386697608,CVPF,cracker_scene4,70,old
606,1.456235408782959,0.19511094386697608,CVPF,cracker_scene4,70,old
607,1.4584376811981201,0.19511094386697608,CVPF,cracker_scene4,70,old
608,1.460660696029663,0.19511094386697608,CVPF,cracker_scene4,70,old
609,1.462869644165039,0.19511094386697608,CVPF,cracker_scene4,70,old
610,1.4651782512664795,0.19511094386697608,CVPF,cracker_scene4,70,old
611,1.4676835536956787,0.19788749160394134,CVPF,cracker_scene4,70,old
612,1.469862699508667,0.19788749160394134,CVPF,cracker_scene4,70,old
613,1.4723231792449951,0.1982455496468623,CVPF,cracker_scene4,70,old
614,1.4746744632720947,0.1982455496468623,CVPF,cracker_scene4,70,old
615,1.4771862030029297,0.1983575765853308,CVPF,cracker_scene4,70,old
616,1.4797563552856445,0.196215055938365,CVPF,cracker_scene4,70,old
617,1.4819419384002686,0.196215055938365,CVPF,cracker_scene4,70,old
618,1.484133005142212,0.197713632444495,CVPF,cracker_scene4,70,old
619,1.4863612651824951,0.197713632444495,CVPF,cracker_scene4,70,old
620,1.4885249137878418,0.19827589897322231,CVPF,cracker_scene4,70,old
621,1.4909451007843018,0.19843217447602177,CVPF,cracker_scene4,70,old
622,1.4933700561523438,0.19843217447602177,CVPF,cracker_scene4,70,old
623,1.4958560466766357,0.19836015739300658,CVPF,cracker_scene4,70,old
624,1.4978609085083008,0.19836015739300658,CVPF,cracker_scene4,70,old
625,1.4999394416809082,0.19836015739300658,CVPF,cracker_scene4,70,old
626,1.502202033996582,0.19786488615487477,CVPF,cracker_scene4,70,old
627,1.5044047832489014,0.19779558313359502,CVPF,cracker_scene4,70,old
628,1.5064935684204102,0.19779558313359502,CVPF,cracker_scene4,70,old
629,1.5085792541503906,0.19779558313359502,CVPF,cracker_scene4,70,old
630,1.510995864868164,0.19625453332545198,CVPF,cracker_scene4,70,old
631,1.5131793022155762,0.19625453332545198,CVPF,cracker_scene4,70,old
632,1.5152561664581299,0.19625453332545198,CVPF,cracker_scene4,70,old
633,1.5173540115356445,0.19625453332545198,CVPF,cracker_scene4,70,old
634,1.5197741985321045,0.19784308920620824,CVPF,cracker_scene4,70,old
635,1.5230588912963867,0.19784308920620824,CVPF,cracker_scene4,70,old
636,1.5263710021972656,0.19784308920620824,CVPF,cracker_scene4,70,old
637,1.5297248363494873,0.19829129409202764,CVPF,cracker_scene4,70,old
638,1.5329885482788086,0.19829129409202764,CVPF,cracker_scene4,70,old
639,1.5362722873687744,0.19709825355158606,CVPF,cracker_scene4,70,old
640,1.5397095680236816,0.1971293740984465,CVPF,cracker_scene4,70,old
641,1.5432713031768799,0.1971293740984465,CVPF,cracker_scene4,70,old
642,1.5466077327728271,0.19587173336633884,CVPF,cracker_scene4,70,old
643,1.549936294555664,0.19587173336633884,CVPF,cracker_scene4,70,old
644,1.5532371997833252,0.19532367477760942,CVPF,cracker_scene4,70,old
645,1.5561096668243408,0.19532367477760942,CVPF,cracker_scene4,70,old
646,1.559232473373413,0.19532367477760942,CVPF,cracker_scene4,70,old
647,1.562713623046875,0.19819313048689086,CVPF,cracker_scene4,70,old
648,1.5659706592559814,0.19819313048689086,CVPF,cracker_scene4,70,old
649,1.5691685676574707,0.19819313048689086,CVPF,cracker_scene4,70,old
650,1.5724329948425293,0.19625076542426084,CVPF,cracker_scene4,70,old
651,1.5759069919586182,0.19625076542426084,CVPF,cracker_scene4,70,old
652,1.5793795585632324,0.1966556634781475,CVPF,cracker_scene4,70,old
653,1.5827291011810303,0.1966556634781475,CVPF,cracker_scene4,70,old
654,1.5859825611114502,0.1966556634781475,CVPF,cracker_scene4,70,old
655,1.5893778800964355,0.1962505337957067,CVPF,cracker_scene4,70,old
656,1.5924708843231201,0.1962505337957067,CVPF,cracker_scene4,70,old
657,1.5957090854644775,0.1920284754202477,CVPF,cracker_scene4,70,old
658,1.5977115631103516,0.1920284754202477,CVPF,cracker_scene4,70,old
659,1.599822759628296,0.1920284754202477,CVPF,cracker_scene4,70,old
660,1.6020729541778564,0.1920284754202477,CVPF,cracker_scene4,70,old
661,1.6042582988739014,0.1920284754202477,CVPF,cracker_scene4,70,old
662,1.6064825057983398,0.19064277734283142,CVPF,cracker_scene4,70,old
663,1.6087689399719238,0.19064277734283142,CVPF,cracker_scene4,70,old
664,1.6108620166778564,0.19064277734283142,CVPF,cracker_scene4,70,old
665,1.6131539344787598,0.18951573981413983,CVPF,cracker_scene4,70,old
666,1.6153287887573242,0.18951573981413983,CVPF,cracker_scene4,70,old
667,1.6174290180206299,0.18951573981413983,CVPF,cracker_scene4,70,old
668,1.6196820735931396,0.19052521298375247,CVPF,cracker_scene4,70,old
669,1.6217398643493652,0.19052521298375247,CVPF,cracker_scene4,70,old
670,1.623894453048706,0.19052521298375247,CVPF,cracker_scene4,70,old
671,1.6260416507720947,0.19052521298375247,CVPF,cracker_scene4,70,old
672,1.6282739639282227,0.18954997629765735,CVPF,cracker_scene4,70,old
673,1.6303353309631348,0.18954997629765735,CVPF,cracker_scene4,70,old
674,1.6324117183685303,0.18954997629765735,CVPF,cracker_scene4,70,old
675,1.6345365047454834,0.18954997629765735,CVPF,cracker_scene4,70,old
676,1.636777400970459,0.1906667494870371,CVPF,cracker_scene4,70,old
677,1.6391139030456543,0.19059107852685564,CVPF,cracker_scene4,70,old
678,1.6411850452423096,0.19059107852685564,CVPF,cracker_scene4,70,old
679,1.643251895904541,0.19059107852685564,CVPF,cracker_scene4,70,old
680,1.6454188823699951,0.19059107852685564,CVPF,cracker_scene4,70,old
681,1.6477248668670654,0.1925239405471828,CVPF,cracker_scene4,70,old
682,1.6496672630310059,0.1925239405471828,CVPF,cracker_scene4,70,old
683,1.651827096939087,0.1925239405471828,CVPF,cracker_scene4,70,old
684,1.6542627811431885,0.19254659390994888,CVPF,cracker_scene4,70,old
685,1.6564443111419678,0.19254659390994888,CVPF,cracker_scene4,70,old
686,1.6585078239440918,0.19268153663763066,CVPF,cracker_scene4,70,old
687,1.6606462001800537,0.19268153663763066,CVPF,cracker_scene4,70,old
688,1.6632204055786133,0.1912273568109466,CVPF,cracker_scene4,70,old
689,1.665299654006958,0.1912273568109466,CVPF,cracker_scene4,70,old
690,1.6672649383544922,0.1912273568109466,CVPF,cracker_scene4,70,old
691,1.6695117950439453,0.18888607090218557,CVPF,cracker_scene4,70,old
692,1.6718621253967285,0.18892968053146486,CVPF,cracker_scene4,70,old
693,1.6738300323486328,0.18892968053146486,CVPF,cracker_scene4,70,old
694,1.6758534908294678,0.18892968053146486,CVPF,cracker_scene4,70,old
695,1.6781036853790283,0.19209546848628634,CVPF,cracker_scene4,70,old
696,1.6802599430084229,0.19209546848628634,CVPF,cracker_scene4,70,old
697,1.6834464073181152,0.19209546848628634,CVPF,cracker_scene4,70,old
698,1.6868791580200195,0.1921513273317279,CVPF,cracker_scene4,70,old
699,1.6900956630706787,0.1921513273317279,CVPF,cracker_scene4,70,old
700,1.6934025287628174,0.1921513273317279,CVPF,cracker_scene4,70,old
701,1.696732759475708,0.19068553242897224,CVPF,cracker_scene4,70,old
702,1.7001898288726807,0.19068553242897224,CVPF,cracker_scene4,70,old
703,1.7035222053527832,0.19264315712455904,CVPF,cracker_scene4,70,old
704,1.706885576248169,0.19264315712455904,CVPF,cracker_scene4,70,old
705,1.7102181911468506,0.19264315712455904,CVPF,cracker_scene4,70,old
706,1.7134058475494385,0.1922487555804837,CVPF,cracker_scene4,70,old
707,1.7163910865783691,0.1922487555804837,CVPF,cracker_scene4,70,old
708,1.7192282676696777,0.19225780604638842,CVPF,cracker_scene4,70,old
709,1.7220959663391113,0.19225780604638842,CVPF,cracker_scene4,70,old
710,1.7250299453735352,0.19225780604638842,CVPF,cracker_scene4,70,old
711,1.7278690338134766,0.19091679883742607,CVPF,cracker_scene4,70,old
712,1.730733871459961,0.19091679883742607,CVPF,cracker_scene4,70,old
713,1.7336788177490234,0.19091679883742607,CVPF,cracker_scene4,70,old
714,1.7372615337371826,0.1754477214361838,CVPF,cracker_scene4,70,old
715,1.740412712097168,0.17710584767113868,CVPF,cracker_scene4,70,old
716,1.7431747913360596,0.17710584767113868,CVPF,cracker_scene4,70,old
717,1.7458765506744385,0.17710584767113868,CVPF,cracker_scene4,70,old
718,1.7486162185668945,0.174936868049409,CVPF,cracker_scene4,70,old
719,1.7514965534210205,0.17436758533693997,CVPF,cracker_scene4,70,old
720,1.7542171478271484,0.17436758533693997,CVPF,cracker_scene4,70,old
721,1.7569148540496826,0.17436758533693997,CVPF,cracker_scene4,70,old
722,1.759643793106079,0.17436758533693997,CVPF,cracker_scene4,70,old
723,1.7623968124389648,0.17436758533693997,CVPF,cracker_scene4,70,old
724,1.7655794620513916,0.17608110065890337,CVPF,cracker_scene4,70,old
725,1.7684226036071777,0.17608110065890337,CVPF,cracker_scene4,70,old
726,1.7713143825531006,0.17608110065890337,CVPF,cracker_scene4,70,old
727,1.7744355201721191,0.17701889830040063,CVPF,cracker_scene4,70,old
728,1.7772598266601562,0.17693987669045708,CVPF,cracker_scene4,70,old
729,1.780181884765625,0.17693987669045708,CVPF,cracker_scene4,70,old
730,1.7831666469573975,0.17693987669045708,CVPF,cracker_scene4,70,old
731,1.7860429286956787,0.17693987669045708,CVPF,cracker_scene4,70,old
732,1.788867473602295,0.17643959910728135,CVPF,cracker_scene4,70,old
733,1.7916748523712158,0.17643959910728135,CVPF,cracker_scene4,70,old
734,1.7946453094482422,0.17643959910728135,CVPF,cracker_scene4,70,old
735,1.7975475788116455,0.17643959910728135,CVPF,cracker_scene4,70,old
736,1.8003225326538086,0.1734989154501987,CVPF,cracker_scene4,70,old
737,1.8032710552215576,0.1736236263445079,CVPF,cracker_scene4,70,old
738,1.8057935237884521,0.1736236263445079,CVPF,cracker_scene4,70,old
739,1.8080918788909912,0.1736236263445079,CVPF,cracker_scene4,70,old
740,1.8101561069488525,0.17444173219293546,CVPF,cracker_scene4,70,old
741,1.8123981952667236,0.17448388575756013,CVPF,cracker_scene4,70,old
742,1.8144495487213135,0.17448388575756013,CVPF,cracker_scene4,70,old
743,1.8165762424468994,0.17448388575756013,CVPF,cracker_scene4,70,old
744,1.8186228275299072,0.17448388575756013,CVPF,cracker_scene4,70,old
745,1.8207542896270752,0.17448388575756013,CVPF,cracker_scene4,70,old
746,1.8228390216827393,0.17448388575756013,CVPF,cracker_scene4,70,old
747,1.8247816562652588,0.17448388575756013,CVPF,cracker_scene4,70,old
748,1.826812744140625,0.17448388575756013,CVPF,cracker_scene4,70,old
749,1.8290252685546875,0.1760297320512807,CVPF,cracker_scene4,70,old
750,1.8312346935272217,0.1760297320512807,CVPF,cracker_scene4,70,old
751,1.8333754539489746,0.1760297320512807,CVPF,cracker_scene4,70,old
752,1.8354263305664062,0.1760297320512807,CVPF,cracker_scene4,70,old
753,1.8375885486602783,0.1760297320512807,CVPF,cracker_scene4,70,old
754,1.839787483215332,0.1738849587430611,CVPF,cracker_scene4,70,old
755,1.8418800830841064,0.1738849587430611,CVPF,cracker_scene4,70,old
756,1.8439350128173828,0.1738849587430611,CVPF,cracker_scene4,70,old
757,1.84627366065979,0.1738849587430611,CVPF,cracker_scene4,70,old
758,1.8485193252563477,0.1738849587430611,CVPF,cracker_scene4,70,old
759,1.8506901264190674,0.17457307176413384,CVPF,cracker_scene4,70,old
760,1.8531196117401123,0.17457307176413384,CVPF,cracker_scene4,70,old
761,1.8554892539978027,0.17457307176413384,CVPF,cracker_scene4,70,old
762,1.8576128482818604,0.17457307176413384,CVPF,cracker_scene4,70,old
763,1.8597040176391602,0.17457307176413384,CVPF,cracker_scene4,70,old
764,1.8617408275604248,0.17457307176413384,CVPF,cracker_scene4,70,old
765,1.863856554031372,0.17485290515360763,CVPF,cracker_scene4,70,old
766,1.865952491760254,0.17485290515360763,CVPF,cracker_scene4,70,old
767,1.8680799007415771,0.17485290515360763,CVPF,cracker_scene4,70,old
768,1.8701651096343994,0.17485290515360763,CVPF,cracker_scene4,70,old
769,1.8726282119750977,0.17494967508325576,CVPF,cracker_scene4,70,old
770,1.874802827835083,0.17494967508325576,CVPF,cracker_scene4,70,old
771,1.8769862651824951,0.17494967508325576,CVPF,cracker_scene4,70,old
772,1.879253625869751,0.1744752645513259,CVPF,cracker_scene4,70,old
773,1.882397174835205,0.1744752645513259,CVPF,cracker_scene4,70,old
774,1.8846590518951416,0.1749626596218991,CVPF,cracker_scene4,70,old
775,1.8871939182281494,0.1723156542873733,CVPF,cracker_scene4,70,old
776,1.8894145488739014,0.1723156542873733,CVPF,cracker_scene4,70,old
777,1.8917860984802246,0.17203985718174655,CVPF,cracker_scene4,70,old
778,1.894080638885498,0.17203985718174655,CVPF,cracker_scene4,70,old
779,1.8964920043945312,0.17233498751991896,CVPF,cracker_scene4,70,old
780,1.8987808227539062,0.17233498751991896,CVPF,cracker_scene4,70,old
781,1.9011173248291016,0.17239312700134085,CVPF,cracker_scene4,70,old
782,1.9034302234649658,0.17239312700134085,CVPF,cracker_scene4,70,old
783,1.9057133197784424,0.1719252440371169,CVPF,cracker_scene4,70,old
784,1.907926321029663,0.17387274256152566,CVPF,cracker_scene4,70,old
785,1.910276174545288,0.17238486160835867,CVPF,cracker_scene4,70,old
786,1.9126465320587158,0.17238486160835867,CVPF,cracker_scene4,70,old
787,1.915090799331665,0.1740043417256246,CVPF,cracker_scene4,70,old
788,1.9172546863555908,0.1740043417256246,CVPF,cracker_scene4,70,old
789,1.919637680053711,0.17482816526073602,CVPF,cracker_scene4,70,old
790,1.921905755996704,0.17504832663639533,CVPF,cracker_scene4,70,old
791,1.9242846965789795,0.1721083542931409,CVPF,cracker_scene4,70,old
792,1.9265804290771484,0.1717854907341495,CVPF,cracker_scene4,70,old
793,1.9289183616638184,0.17282527958151167,CVPF,cracker_scene4,70,old
794,1.9311416149139404,0.17282527958151167,CVPF,cracker_scene4,70,old
795,1.933366060256958,0.17282527958151167,CVPF,cracker_scene4,70,old
796,1.9356417655944824,0.173245249639596,CVPF,cracker_scene4,70,old
797,1.9378612041473389,0.173245249639596,CVPF,cracker_scene4,70,old
798,1.9400513172149658,0.173245249639596,CVPF,cracker_scene4,70,old
799,1.9421212673187256,0.173245249639596,CVPF,cracker_scene4,70,old
800,1.9443309307098389,0.17324629044370654,CVPF,cracker_scene4,70,old
801,1.9466025829315186,0.173223161817081,CVPF,cracker_scene4,70,old
802,1.9487571716308594,0.173223161817081,CVPF,cracker_scene4,70,old
803,1.9507503509521484,0.173223161817081,CVPF,cracker_scene4,70,old
804,1.953037977218628,0.1750627043202205,CVPF,cracker_scene4,70,old
805,1.9552195072174072,0.1750627043202205,CVPF,cracker_scene4,70,old
806,1.9573709964752197,0.1750627043202205,CVPF,cracker_scene4,70,old
807,1.959512710571289,0.1750627043202205,CVPF,cracker_scene4,70,old
808,1.9618115425109863,0.1738189754142818,CVPF,cracker_scene4,70,old
809,1.9639735221862793,0.1738189754142818,CVPF,cracker_scene4,70,old
810,1.965968370437622,0.1738189754142818,CVPF,cracker_scene4,70,old
811,1.9681289196014404,0.17317211429995602,CVPF,cracker_scene4,70,old
812,1.9703853130340576,0.17317865472864336,CVPF,cracker_scene4,70,old
813,1.9727227687835693,0.17317865472864336,CVPF,cracker_scene4,70,old
814,1.9749729633331299,0.17317865472864336,CVPF,cracker_scene4,70,old
815,1.9773621559143066,0.1742774133792882,CVPF,cracker_scene4,70,old
816,1.9796550273895264,0.17429248911862033,CVPF,cracker_scene4,70,old
817,1.9817280769348145,0.17429248911862033,CVPF,cracker_scene4,70,old
818,1.983814001083374,0.17429248911862033,CVPF,cracker_scene4,70,old
819,1.9858801364898682,0.17466817032352497,CVPF,cracker_scene4,70,old
820,1.9882619380950928,0.1746934353016287,CVPF,cracker_scene4,70,old
821,1.9906208515167236,0.1746934353016287,CVPF,cracker_scene4,70,old
822,1.992722749710083,0.1746934353016287,CVPF,cracker_scene4,70,old
823,1.9951171875,0.17327782603217554,CVPF,cracker_scene4,70,old
824,1.9973535537719727,0.17327782603217554,CVPF,cracker_scene4,70,old
825,1.999523401260376,0.17327782603217554,CVPF,cracker_scene4,70,old
826,2.001612901687622,0.17327782603217554,CVPF,cracker_scene4,70,old
827,2.004188299179077,0.17453657046354026,CVPF,cracker_scene4,70,old
828,2.0065906047821045,0.17453657046354026,CVPF,cracker_scene4,70,old
829,2.0089328289031982,0.17453657046354026,CVPF,cracker_scene4,70,old
830,2.011185646057129,0.17352189093082485,CVPF,cracker_scene4,70,old
831,2.013472080230713,0.17352189093082485,CVPF,cracker_scene4,70,old
832,2.015723466873169,0.17318042368226774,CVPF,cracker_scene4,70,old
833,2.0177440643310547,0.17318042368226774,CVPF,cracker_scene4,70,old
834,2.020017623901367,0.17317672610881307,CVPF,cracker_scene4,70,old
835,2.0222771167755127,0.17317672610881307,CVPF,cracker_scene4,70,old
836,2.024400472640991,0.17317672610881307,CVPF,cracker_scene4,70,old
837,2.0265040397644043,0.17317672610881307,CVPF,cracker_scene4,70,old
838,2.0288171768188477,0.1732557831544457,CVPF,cracker_scene4,70,old
839,2.0310394763946533,0.17320381083937705,CVPF,cracker_scene4,70,old
840,2.033229112625122,0.17320381083937705,CVPF,cracker_scene4,70,old
841,2.035494565963745,0.17511010719030892,CVPF,cracker_scene4,70,old
842,2.0378665924072266,0.17529312450905307,CVPF,cracker_scene4,70,old
843,2.0401458740234375,0.17529312450905307,CVPF,cracker_scene4,70,old
844,2.0421767234802246,0.17529312450905307,CVPF,cracker_scene4,70,old
845,2.044523239135742,0.17529312450905307,CVPF,cracker_scene4,70,old
846,2.047761917114258,0.17731960840573358,CVPF,cracker_scene4,70,old
847,2.049976348876953,0.17713607469297182,CVPF,cracker_scene4,70,old
848,2.0522172451019287,0.17713607469297182,CVPF,cracker_scene4,70,old
849,2.054603338241577,0.17604425757512931,CVPF,cracker_scene4,70,old
850,2.056811571121216,0.17604425757512931,CVPF,cracker_scene4,70,old
851,2.058809995651245,0.17604425757512931,CVPF,cracker_scene4,70,old
852,2.0610554218292236,0.17572997685054234,CVPF,cracker_scene4,70,old
853,2.0633487701416016,0.17572997685054234,CVPF,cracker_scene4,70,old
854,2.065476655960083,0.17572997685054234,CVPF,cracker_scene4,70,old
855,2.067594528198242,0.17572997685054234,CVPF,cracker_scene4,70,old
856,2.0698602199554443,0.1754327117891492,CVPF,cracker_scene4,70,old
857,2.0720701217651367,0.1754327117891492,CVPF,cracker_scene4,70,old
858,2.074331283569336,0.1754327117891492,CVPF,cracker_scene4,70,old
859,2.076509952545166,0.17630597699144837,CVPF,cracker_scene4,70,old
860,2.0787622928619385,0.17635741761984958,CVPF,cracker_scene4,70,old
861,2.0809693336486816,0.17635741761984958,CVPF,cracker_scene4,70,old
862,2.0831527709960938,0.17635741761984958,CVPF,cracker_scene4,70,old
863,2.08526349067688,0.1762899173702102,CVPF,cracker_scene4,70,old
864,2.087541103363037,0.17626104913144883,CVPF,cracker_scene4,70,old
865,2.089663028717041,0.17626104913144883,CVPF,cracker_scene4,70,old
866,2.091747283935547,0.17626104913144883,CVPF,cracker_scene4,70,old
867,2.093944787979126,0.17626104913144883,CVPF,cracker_scene4,70,old
868,2.096334457397461,0.1752352611660501,CVPF,cracker_scene4,70,old
869,2.0984647274017334,0.1752352611660501,CVPF,cracker_scene4,70,old
870,2.100506067276001,0.1752352611660501,CVPF,cracker_scene4,70,old
871,2.1026816368103027,0.17611114543528036,CVPF,cracker_scene4,70,old
872,2.1050236225128174,0.17610334119098012,CVPF,cracker_scene4,70,old
873,2.1071572303771973,0.17610334119098012,CVPF,cracker_scene4,70,old
874,2.109168291091919,0.17610334119098012,CVPF,cracker_scene4,70,old
875,2.1114306449890137,0.17611442515828968,CVPF,cracker_scene4,70,old
876,2.1136298179626465,0.17611442515828968,CVPF,cracker_scene4,70,old
877,2.115799903869629,0.17611442515828968,CVPF,cracker_scene4,70,old
878,2.118058919906616,0.17611442515828968,CVPF,cracker_scene4,70,old
879,2.1204230785369873,0.17505017739318535,CVPF,cracker_scene4,70,old
880,2.122650623321533,0.17505017739318535,CVPF,cracker_scene4,70,old
881,2.1246325969696045,0.17505017739318535,CVPF,cracker_scene4,70,old
882,2.1267361640930176,0.17603398722912394,CVPF,cracker_scene4,70,old
883,2.1291537284851074,0.17595770278657535,CVPF,cracker_scene4,70,old
884,2.1313071250915527,0.17595770278657535,CVPF,cracker_scene4,70,old
885,2.1334993839263916,0.17595770278657535,CVPF,cracker_scene4,70,old
886,2.136016607284546,0.176039769100532,CVPF,cracker_scene4,70,old
887,2.1385304927825928,0.176039769100532,CVPF,cracker_scene4,70,old
888,2.1406469345092773,0.176039769100532,CVPF,cracker_scene4,70,old
889,2.1427252292633057,0.176039769100532,CVPF,cracker_scene4,70,old
890,2.1449568271636963,0.17697662836073577,CVPF,cracker_scene4,70,old
891,2.1472582817077637,0.17697662836073577,CVPF,cracker_scene4,70,old
892,2.14949107170105,0.17697662836073577,CVPF,cracker_scene4,70,old
893,2.151719331741333,0.17697662836073577,CVPF,cracker_scene4,70,old
894,2.154188871383667,0.17714588525904457,CVPF,cracker_scene4,70,old
895,2.156466007232666,0.17714588525904457,CVPF,cracker_scene4,70,old
896,2.158642292022705,0.17714588525904457,CVPF,cracker_scene4,70,old
897,2.1607537269592285,0.17711796409498134,CVPF,cracker_scene4,70,old
898,2.1630568504333496,0.17711796409498134,CVPF,cracker_scene4,70,old
899,2.16550612449646,0.17616902098070722,CVPF,cracker_scene4,70,old
900,2.1675186157226562,0.17616902098070722,CVPF,cracker_scene4,70,old
901,2.1696743965148926,0.174647852143345,CVPF,cracker_scene4,70,old
902,2.1721367835998535,0.174647852143345,CVPF,cracker_scene4,70,old
903,2.174428701400757,0.174647852143345,CVPF,cracker_scene4,70,old
904,2.17643666267395,0.174647852143345,CVPF,cracker_scene4,70,old
905,2.178750514984131,0.17530983112925586,CVPF,cracker_scene4,70,old
906,2.1810474395751953,0.17530983112925586,CVPF,cracker_scene4,70,old
907,2.1831774711608887,0.17530983112925586,CVPF,cracker_scene4,70,old
908,2.1853485107421875,0.17703298823286456,CVPF,cracker_scene4,70,old
909,2.1877079010009766,0.17703298823286456,CVPF,cracker_scene4,70,old
910,2.1901023387908936,0.17703298823286456,CVPF,cracker_scene4,70,old
911,2.192119598388672,0.17703298823286456,CVPF,cracker_scene4,70,old
912,2.1943743228912354,0.17799370615320376,CVPF,cracker_scene4,70,old
913,2.196826219558716,0.17799370615320376,CVPF,cracker_scene4,70,old
914,2.1989223957061768,0.17799370615320376,CVPF,cracker_scene4,70,old
915,2.200948476791382,0.17799370615320376,CVPF,cracker_scene4,70,old
916,2.2032225131988525,0.17607412112492696,CVPF,cracker_scene4,70,old
917,2.205641984939575,0.17607412112492696,CVPF,cracker_scene4,70,old
918,2.2078042030334473,0.17607412112492696,CVPF,cracker_scene4,70,old
919,2.2099716663360596,0.17607412112492696,CVPF,cracker_scene4,70,old
920,2.212341785430908,0.17534506924456733,CVPF,cracker_scene4,70,old
921,2.2145400047302246,0.17534506924456733,CVPF,cracker_scene4,70,old
922,2.2168588638305664,0.17534506924456733,CVPF,cracker_scene4,70,old
923,2.219128370285034,0.1751163374849539,CVPF,cracker_scene4,70,old
924,2.22226619720459,0.1894845295834437,CVPF,cracker_scene4,70,old
925,2.2244930267333984,0.1894845295834437,CVPF,cracker_scene4,70,old
926,2.226562023162842,0.1904607375445431,CVPF,cracker_scene4,70,old
927,2.2289648056030273,0.1904046642747997,CVPF,cracker_scene4,70,old
928,2.231346845626831,0.1904046642747997,CVPF,cracker_scene4,70,old
929,2.233421802520752,0.1904046642747997,CVPF,cracker_scene4,70,old
930,2.2356796264648438,0.19030851117329906,CVPF,cracker_scene4,70,old
931,2.2379260063171387,0.19030851117329906,CVPF,cracker_scene4,70,old
932,2.2403125762939453,0.19030851117329906,CVPF,cracker_scene4,70,old
933,2.242443084716797,0.19030851117329906,CVPF,cracker_scene4,70,old
934,2.244877815246582,0.19095109305426083,CVPF,cracker_scene4,70,old
935,2.2472023963928223,0.19095109305426083,CVPF,cracker_scene4,70,old
936,2.2494730949401855,0.19095109305426083,CVPF,cracker_scene4,70,old
937,2.2514851093292236,0.19095109305426083,CVPF,cracker_scene4,70,old
938,2.2538509368896484,0.19268428695620987,CVPF,cracker_scene4,70,old
939,2.2561452388763428,0.19268428695620987,CVPF,cracker_scene4,70,old
940,2.258352756500244,0.19268428695620987,CVPF,cracker_scene4,70,old
941,2.2605464458465576,0.1908011999789809,CVPF,cracker_scene4,70,old
942,2.2628588676452637,0.1908295277770455,CVPF,cracker_scene4,70,old
943,2.265151023864746,0.1908295277770455,CVPF,cracker_scene4,70,old
944,2.2674028873443604,0.1908295277770455,CVPF,cracker_scene4,70,old
945,2.269692897796631,0.19179899107137624,CVPF,cracker_scene4,70,old
946,2.2720158100128174,0.19179899107137624,CVPF,cracker_scene4,70,old
947,2.274320125579834,0.19179899107137624,CVPF,cracker_scene4,70,old
948,2.2773237228393555,0.19039500159852327,CVPF,cracker_scene4,70,old
949,2.2801082134246826,0.19060397185750524,CVPF,cracker_scene4,70,old
950,2.2822296619415283,0.19060397185750524,CVPF,cracker_scene4,70,old
951,2.2843127250671387,0.19060397185750524,CVPF,cracker_scene4,70,old
952,2.286496877670288,0.1908190125068315,CVPF,cracker_scene4,70,old
953,2.2886979579925537,0.1908190125068315,CVPF,cracker_scene4,70,old
954,2.2908077239990234,0.1908190125068315,CVPF,cracker_scene4,70,old
955,2.292821168899536,0.1908190125068315,CVPF,cracker_scene4,70,old
956,2.295109510421753,0.19046222782421796,CVPF,cracker_scene4,70,old
957,2.2972166538238525,0.19046222782421796,CVPF,cracker_scene4,70,old
958,2.2993459701538086,0.19046222782421796,CVPF,cracker_scene4,70,old
959,2.3013651371002197,0.19046222782421796,CVPF,cracker_scene4,70,old
960,2.303591728210449,0.18987158718102484,CVPF,cracker_scene4,70,old
961,2.305828809738159,0.18987158718102484,CVPF,cracker_scene4,70,old
962,2.308166027069092,0.18987158718102484,CVPF,cracker_scene4,70,old
963,2.3119590282440186,0.19069299110909832,CVPF,cracker_scene4,70,old
964,2.3144168853759766,0.19069299110909832,CVPF,cracker_scene4,70,old
965,2.316891670227051,0.19069299110909832,CVPF,cracker_scene4,70,old
966,2.3194077014923096,0.19036078161863113,CVPF,cracker_scene4,70,old
967,2.3219735622406006,0.19036078161863113,CVPF,cracker_scene4,70,old
968,2.3242990970611572,0.19036078161863113,CVPF,cracker_scene4,70,old
969,2.3263721466064453,0.19036078161863113,CVPF,cracker_scene4,70,old
970,2.328819990158081,0.1907662696170559,CVPF,cracker_scene4,70,old
971,2.3312008380889893,0.1907662696170559,CVPF,cracker_scene4,70,old
972,2.333723306655884,0.1907662696170559,CVPF,cracker_scene4,70,old
973,2.3360018730163574,0.18993904515477336,CVPF,cracker_scene4,70,old
974,2.3382890224456787,0.18955826168238596,CVPF,cracker_scene4,70,old
975,2.340421676635742,0.18955826168238596,CVPF,cracker_scene4,70,old
976,2.3428187370300293,0.18955826168238596,CVPF,cracker_scene4,70,old
977,2.345224618911743,0.19092716688883846,CVPF,cracker_scene4,70,old
978,2.3475730419158936,0.19092716688883846,CVPF,cracker_scene4,70,old
979,2.349621534347534,0.19092716688883846,CVPF,cracker_scene4,70,old
980,2.3518178462982178,0.19115578380013382,CVPF,cracker_scene4,70,old
981,2.354088544845581,0.19115578380013382,CVPF,cracker_scene4,70,old
982,2.3563272953033447,0.19115578380013382,CVPF,cracker_scene4,70,old
983,2.3583219051361084,0.19115578380013382,CVPF,cracker_scene4,70,old
984,2.360522985458374,0.19189009708569651,CVPF,cracker_scene4,70,old
985,2.362811803817749,0.19189009708569651,CVPF,cracker_scene4,70,old
986,2.365034341812134,0.19189009708569651,CVPF,cracker_scene4,70,old
987,2.367189884185791,0.19189009708569651,CVPF,cracker_scene4,70,old
988,2.370055675506592,0.2086580667431544,CVPF,cracker_scene4,70,old
989,2.372439384460449,0.2086580667431544,CVPF,cracker_scene4,70,old
990,2.3746297359466553,0.2086580667431544,CVPF,cracker_scene4,70,old
991,2.37690806388855,0.2105832629422916,CVPF,cracker_scene4,70,old
992,2.3791286945343018,0.2105832629422916,CVPF,cracker_scene4,70,old
993,2.3815300464630127,0.21053315626261906,CVPF,cracker_scene4,70,old
994,2.383676767349243,0.21053315626261906,CVPF,cracker_scene4,70,old
995,2.385974645614624,0.20863944070053325,CVPF,cracker_scene4,70,old
996,2.388249635696411,0.20863944070053325,CVPF,cracker_scene4,70,old
997,2.390383005142212,0.20863944070053325,CVPF,cracker_scene4,70,old
998,2.3925139904022217,0.20863944070053325,CVPF,cracker_scene4,70,old
999,2.3948328495025635,0.2070280857741158,CVPF,cracker_scene4,70,old
1000,2.3970751762390137,0.2070280857741158,CVPF,cracker_scene4,70,old
1001,2.3991687297821045,0.2070280857741158,CVPF,cracker_scene4,70,old
1002,2.401226282119751,0.2070280857741158,CVPF,cracker_scene4,70,old
1003,2.4036033153533936,0.2104812493731318,CVPF,cracker_scene4,70,old
1004,2.4059083461761475,0.2104812493731318,CVPF,cracker_scene4,70,old
1005,2.408188819885254,0.2104812493731318,CVPF,cracker_scene4,70,old
1006,2.41032338142395,0.20775990449663623,CVPF,cracker_scene4,70,old
1007,2.412553548812866,0.20785564401725032,CVPF,cracker_scene4,70,old
1008,2.414717674255371,0.20785564401725032,CVPF,cracker_scene4,70,old
1009,2.416830062866211,0.20785564401725032,CVPF,cracker_scene4,70,old
1010,2.418973922729492,0.20783185827413167,CVPF,cracker_scene4,70,old
1011,2.4211959838867188,0.20976852087600334,CVPF,cracker_scene4,70,old
1012,2.423316478729248,0.20976852087600334,CVPF,cracker_scene4,70,old
1013,2.425417184829712,0.20976852087600334,CVPF,cracker_scene4,70,old
1014,2.427682638168335,0.2086128683528432,CVPF,cracker_scene4,70,old
1015,2.429774284362793,0.2086128683528432,CVPF,cracker_scene4,70,old
1016,2.4319164752960205,0.2086128683528432,CVPF,cracker_scene4,70,old
1017,2.4339165687561035,0.2086128683528432,CVPF,cracker_scene4,70,old
1018,2.436185598373413,0.2089559970494929,CVPF,cracker_scene4,70,old
1019,2.4383983612060547,0.2089559970494929,CVPF,cracker_scene4,70,old
1020,2.4405295848846436,0.2089559970494929,CVPF,cracker_scene4,70,old
1021,2.4426004886627197,0.2089559970494929,CVPF,cracker_scene4,70,old
1022,2.4450197219848633,0.2081435236019041,CVPF,cracker_scene4,70,old
1023,2.4474520683288574,0.2081435236019041,CVPF,cracker_scene4,70,old
1024,2.449584722518921,0.2081435236019041,CVPF,cracker_scene4,70,old
1025,2.4517288208007812,0.20821474244058794,CVPF,cracker_scene4,70,old
1026,2.4539594650268555,0.20821474244058794,CVPF,cracker_scene4,70,old
1027,2.4562883377075195,0.20821474244058794,CVPF,cracker_scene4,70,old
1028,2.458319664001465,0.20821474244058794,CVPF,cracker_scene4,70,old
1029,2.4603688716888428,0.20821474244058794,CVPF,cracker_scene4,70,old
1030,2.462651252746582,0.20814882679622496,CVPF,cracker_scene4,70,old
1031,2.4648101329803467,0.20814882679622496,CVPF,cracker_scene4,70,old
1032,2.4669508934020996,0.20814882679622496,CVPF,cracker_scene4,70,old
1033,2.469111204147339,0.20812805977461143,CVPF,cracker_scene4,70,old
1034,2.4713327884674072,0.20812805977461143,CVPF,cracker_scene4,70,old
1035,2.4735515117645264,0.20812805977461143,CVPF,cracker_scene4,70,old
1036,2.4756720066070557,0.20812805977461143,CVPF,cracker_scene4,70,old
1037,2.4780113697052,0.20863016220796024,CVPF,cracker_scene4,70,old
1038,2.480247974395752,0.20863016220796024,CVPF,cracker_scene4,70,old
1039,2.4824745655059814,0.20863016220796024,CVPF,cracker_scene4,70,old
1040,2.4845566749572754,0.20863016220796024,CVPF,cracker_scene4,70,old
1041,2.4868323802948,0.21001511636737452,CVPF,cracker_scene4,70,old
1042,2.4889800548553467,0.21001511636737452,CVPF,cracker_scene4,70,old
1043,2.4911141395568848,0.21001511636737452,CVPF,cracker_scene4,70,old
1044,2.4932479858398438,0.21001642606040646,CVPF,cracker_scene4,70,old
1045,2.4955785274505615,0.21001642606040646,CVPF,cracker_scene4,70,old
1046,2.4977500438690186,0.21001642606040646,CVPF,cracker_scene4,70,old
1047,2.49990177154541,0.21001642606040646,CVPF,cracker_scene4,70,old
1048,2.5020523071289062,0.20887591068290337,CVPF,cracker_scene4,70,old
1049,2.5043656826019287,0.20887591068290337,CVPF,cracker_scene4,70,old
1050,2.5065555572509766,0.20887591068290337,CVPF,cracker_scene4,70,old
1051,2.508718729019165,0.20887591068290337,CVPF,cracker_scene4,70,old
1052,2.5109469890594482,0.207766055152181,CVPF,cracker_scene4,70,old
1053,2.513375997543335,0.207766055152181,CVPF,cracker_scene4,70,old
1054,2.515655755996704,0.207766055152181,CVPF,cracker_scene4,70,old
1055,2.5178563594818115,0.207766055152181,CVPF,cracker_scene4,70,old
1056,2.520183801651001,0.20861453368557023,CVPF,cracker_scene4,70,old
1057,2.5226526260375977,0.20856783997485148,CVPF,cracker_scene4,70,old
1058,2.52500057220459,0.20856783997485148,CVPF,cracker_scene4,70,old
1059,2.5274577140808105,0.20784427722437548,CVPF,cracker_scene4,70,old
1060,2.5298845767974854,0.20784427722437548,CVPF,cracker_scene4,70,old
1061,2.532099962234497,0.20784427722437548,CVPF,cracker_scene4,70,old
1062,2.5341315269470215,0.20784427722437548,CVPF,cracker_scene4,70,old
1063,2.5362677574157715,0.20784427722437548,CVPF,cracker_scene4,70,old
1064,2.5385196208953857,0.20784427722437548,CVPF,cracker_scene4,70,old
1065,2.5413553714752197,0.21890153541678126,CVPF,cracker_scene4,70,old
1066,2.5436244010925293,0.21890153541678126,CVPF,cracker_scene4,70,old
1067,2.545814037322998,0.21890153541678126,CVPF,cracker_scene4,70,old
1068,2.547924757003784,0.21890153541678126,CVPF,cracker_scene4,70,old
1069,2.550034761428833,0.21890153541678126,CVPF,cracker_scene4,70,old
1070,2.5522475242614746,0.21805874152743443,CVPF,cracker_scene4,70,old
1071,2.5543088912963867,0.21792293213884262,CVPF,cracker_scene4,70,old
1072,2.5564768314361572,0.21792293213884262,CVPF,cracker_scene4,70,old
1073,2.5586912631988525,0.21792293213884262,CVPF,cracker_scene4,70,old
1074,2.56078839302063,0.21792293213884262,CVPF,cracker_scene4,70,old
1075,2.5629446506500244,0.21792293213884262,CVPF,cracker_scene4,70,old
1076,2.5650839805603027,0.21793270637617376,CVPF,cracker_scene4,70,old
1077,2.567255735397339,0.21796626691390544,CVPF,cracker_scene4,70,old
1078,2.5694053173065186,0.21796626691390544,CVPF,cracker_scene4,70,old
1079,2.5715765953063965,0.21796626691390544,CVPF,cracker_scene4,70,old
1080,2.57365083694458,0.21796626691390544,CVPF,cracker_scene4,70,old
1081,2.5757968425750732,0.21796626691390544,CVPF,cracker_scene4,70,old
1082,2.5779495239257812,0.21796626691390544,CVPF,cracker_scene4,70,old
1083,2.580122709274292,0.21796626691390544,CVPF,cracker_scene4,70,old
1084,2.582406520843506,0.21997495861184618,CVPF,cracker_scene4,70,old
1085,2.5845303535461426,0.21997495861184618,CVPF,cracker_scene4,70,old
1086,2.586702823638916,0.21997495861184618,CVPF,cracker_scene4,70,old
1087,2.5888543128967285,0.21997495861184618,CVPF,cracker_scene4,70,old
1088,2.59096360206604,0.21997495861184618,CVPF,cracker_scene4,70,old
1089,2.593123435974121,0.21797763722088564,CVPF,cracker_scene4,70,old
1090,2.5952346324920654,0.21797763722088564,CVPF,cracker_scene4,70,old
1091,2.597439765930176,0.21797763722088564,CVPF,cracker_scene4,70,old
1092,2.599557876586914,0.21797763722088564,CVPF,cracker_scene4,70,old
1093,2.6016597747802734,0.21797763722088564,CVPF,cracker_scene4,70,old
1094,2.6039018630981445,0.21797763722088564,CVPF,cracker_scene4,70,old
1095,2.606266498565674,0.2179463806439335,CVPF,cracker_scene4,70,old
1096,2.608491897583008,0.21801668819628678,CVPF,cracker_scene4,70,old
1097,2.6106574535369873,0.21801668819628678,CVPF,cracker_scene4,70,old
1098,2.612755298614502,0.21801668819628678,CVPF,cracker_scene4,70,old
1099,2.614783763885498,0.21801668819628678,CVPF,cracker_scene4,70,old
1100,2.617082357406616,0.2166526107614017,CVPF,cracker_scene4,70,old
1101,2.619300603866577,0.2166526107614017,CVPF,cracker_scene4,70,old
1102,2.621354579925537,0.2166526107614017,CVPF,cracker_scene4,70,old
1103,2.623425245285034,0.2166526107614017,CVPF,cracker_scene4,70,old
1104,2.6256134510040283,0.21801094826398604,CVPF,cracker_scene4,70,old
1105,2.6278433799743652,0.21801094826398604,CVPF,cracker_scene4,70,old
1106,2.629873037338257,0.21801094826398604,CVPF,cracker_scene4,70,old
1107,2.6319580078125,0.21801094826398604,CVPF,cracker_scene4,70,old
1108,2.6341030597686768,0.21801094826398604,CVPF,cracker_scene4,70,old
1109,2.6362831592559814,0.21801094826398604,CVPF,cracker_scene4,70,old
1110,2.6384682655334473,0.21801094826398604,CVPF,cracker_scene4,70,old
1111,2.640717029571533,0.21800645418015288,CVPF,cracker_scene4,70,old
1112,2.642871856689453,0.2178787144128356,CVPF,cracker_scene4,70,old
1113,2.644956350326538,0.2178787144128356,CVPF,cracker_scene4,70,old
1114,2.6470580101013184,0.2178787144128356,CVPF,cracker_scene4,70,old
1115,2.649115800857544,0.2178787144128356,CVPF,cracker_scene4,70,old
1116,2.651254415512085,0.2178787144128356,CVPF,cracker_scene4,70,old
1117,2.6533396244049072,0.2175610902981503,CVPF,cracker_scene4,70,old
1118,2.6556456089019775,0.2175610902981503,CVPF,cracker_scene4,70,old
1119,2.657837390899658,0.2175610902981503,CVPF,cracker_scene4,70,old
1120,2.6599292755126953,0.2175610902981503,CVPF,cracker_scene4,70,old
1121,2.6620185375213623,0.2175610902981503,CVPF,cracker_scene4,70,old
1122,2.6640853881835938,0.2175610902981503,CVPF,cracker_scene4,70,old
1123,2.6662232875823975,0.2175610902981503,CVPF,cracker_scene4,70,old
1124,2.6684579849243164,0.21756966968421534,CVPF,cracker_scene4,70,old
1125,2.671013832092285,0.21756966968421534,CVPF,cracker_scene4,70,old
1126,2.673482656478882,0.2176191580758873,CVPF,cracker_scene4,70,old
1127,2.6758294105529785,0.2179534097574126,CVPF,cracker_scene4,70,old
1128,2.6784231662750244,0.21795260072912837,CVPF,cracker_scene4,70,old
1129,2.6809115409851074,0.21804457233250235,CVPF,cracker_scene4,70,old
1130,2.6833584308624268,0.2165242856050384,CVPF,cracker_scene4,70,old
1131,2.6857738494873047,0.2165242856050384,CVPF,cracker_scene4,70,old
1132,2.688227415084839,0.21761301188682566,CVPF,cracker_scene4,70,old
1133,2.690725088119507,0.21761301188682566,CVPF,cracker_scene4,70,old
1134,2.69331693649292,0.2179064871525274,CVPF,cracker_scene4,70,old
1135,2.695723295211792,0.2179064871525274,CVPF,cracker_scene4,70,old
1136,2.698220729827881,0.21797664268994096,CVPF,cracker_scene4,70,old
1137,2.7007925510406494,0.21797664268994096,CVPF,cracker_scene4,70,old
1138,2.703277587890625,0.21747573960852978,CVPF,cracker_scene4,70,old
1139,2.7055459022521973,0.21747573960852978,CVPF,cracker_scene4,70,old
1140,2.7081797122955322,0.21885483379417728,CVPF,cracker_scene4,70,old
1141,2.7113211154937744,0.21782320101356667,CVPF,cracker_scene4,70,old
1142,2.7135517597198486,0.21782320101356667,CVPF,cracker_scene4,70,old
1143,2.715869426727295,0.21782320101356667,CVPF,cracker_scene4,70,old
1144,2.7190468311309814,0.21881383635141619,CVPF,cracker_scene4,70,old
1145,2.7219979763031006,0.21881383635141619,CVPF,cracker_scene4,70,old
1146,2.724987506866455,0.217815104354497,CVPF,cracker_scene4,70,old
1147,2.728001356124878,0.21791869987248486,CVPF,cracker_scene4,70,old
1148,2.7308943271636963,0.21791869987248486,CVPF,cracker_scene4,70,old
1149,2.733858108520508,0.2174532834623053,CVPF,cracker_scene4,70,old
1150,2.736768960952759,0.21751200478879537,CVPF,cracker_scene4,70,old
1151,2.739762783050537,0.21751200478879537,CVPF,cracker_scene4,70,old
1152,2.742615222930908,0.21751200478879537,CVPF,cracker_scene4,70,old
1153,2.7456259727478027,0.21755873416552918,CVPF,cracker_scene4,70,old
1154,2.748621702194214,0.21755873416552918,CVPF,cracker_scene4,70,old
1155,2.751521110534668,0.21755873416552918,CVPF,cracker_scene4,70,old
1156,2.7544376850128174,0.2175348138758609,CVPF,cracker_scene4,70,old
1157,2.757350206375122,0.2175348138758609,CVPF,cracker_scene4,70,old
1158,2.760221004486084,0.2189544513210588,CVPF,cracker_scene4,70,old
1159,2.763046979904175,0.2189544513210588,CVPF,cracker_scene4,70,old
1160,2.7658658027648926,0.2189544513210588,CVPF,cracker_scene4,70,old
1161,2.768850564956665,0.21921414097879002,CVPF,cracker_scene4,70,old
1162,2.7717390060424805,0.21921414097879002,CVPF,cracker_scene4,70,old
1163,2.7745168209075928,0.21921414097879002,CVPF,cracker_scene4,70,old
1164,2.7773241996765137,0.21742954797297617,CVPF,cracker_scene4,70,old
1165,2.7802579402923584,0.21798263690158162,CVPF,cracker_scene4,70,old
1166,2.7829718589782715,0.21798263690158162,CVPF,cracker_scene4,70,old
1167,2.7850189208984375,0.21798263690158162,CVPF,cracker_scene4,70,old
1168,2.787311315536499,0.21931896298934025,CVPF,cracker_scene4,70,old
1169,2.789616346359253,0.21931896298934025,CVPF,cracker_scene4,70,old
1170,2.791954517364502,0.21931896298934025,CVPF,cracker_scene4,70,old
1171,2.7941226959228516,0.21963774796385177,CVPF,cracker_scene4,70,old
1172,2.7962961196899414,0.21963774796385177,CVPF,cracker_scene4,70,old
1173,2.798487663269043,0.21963774796385177,CVPF,cracker_scene4,70,old
1174,2.8005549907684326,0.21963774796385177,CVPF,cracker_scene4,70,old
1175,2.8026936054229736,0.2187894710098556,CVPF,cracker_scene4,70,old
1176,2.8049826622009277,0.21841320457323476,CVPF,cracker_scene4,70,old
1177,2.8076171875,0.21841320457323476,CVPF,cracker_scene4,70,old
1178,2.810889720916748,0.2196711881392376,CVPF,cracker_scene4,70,old
1179,2.8141698837280273,0.2196711881392376,CVPF,cracker_scene4,70,old
1180,2.8174991607666016,0.2196711881392376,CVPF,cracker_scene4,70,old
1181,2.8209550380706787,0.21788482949023544,CVPF,cracker_scene4,70,old
1182,2.82419753074646,0.21788482949023544,CVPF,cracker_scene4,70,old
1183,2.82755184173584,0.2179314893232724,CVPF,cracker_scene4,70,old
1184,2.830925941467285,0.2179314893232724,CVPF,cracker_scene4,70,old
1185,2.8342626094818115,0.2179314893232724,CVPF,cracker_scene4,70,old
1186,2.8377208709716797,0.21693068005371732,CVPF,cracker_scene4,70,old
1187,2.8405518531799316,0.21693068005371732,CVPF,cracker_scene4,70,old
1188,2.8426949977874756,0.21693068005371732,CVPF,cracker_scene4,70,old
1189,2.8450124263763428,0.21799826873455394,CVPF,cracker_scene4,70,old
1190,2.8473358154296875,0.21794471632657836,CVPF,cracker_scene4,70,old
1191,2.8494386672973633,0.21794471632657836,CVPF,cracker_scene4,70,old
1192,2.851590394973755,0.21794471632657836,CVPF,cracker_scene4,70,old
1193,2.85394549369812,0.2179162397680531,CVPF,cracker_scene4,70,old
1194,2.8564372062683105,0.2179162397680531,CVPF,cracker_scene4,70,old
1195,2.8586621284484863,0.2179162397680531,CVPF,cracker_scene4,70,old
1196,2.8609724044799805,0.22019972699985504,CVPF,cracker_scene4,70,old
1197,2.8644516468048096,0.20460260627192828,CVPF,cracker_scene4,70,old
1198,2.8664863109588623,0.20460260627192828,CVPF,cracker_scene4,70,old
1199,2.8686561584472656,0.20408211099444604,CVPF,cracker_scene4,70,old
1200,2.871164560317993,0.2036126275005337,CVPF,cracker_scene4,70,old
1201,2.8734421730041504,0.2036126275005337,CVPF,cracker_scene4,70,old
1202,2.875711679458618,0.2036126275005337,CVPF,cracker_scene4,70,old
1203,2.8779780864715576,0.2014902856887039,CVPF,cracker_scene4,70,old
1204,2.880370616912842,0.2014902856887039,CVPF,cracker_scene4,70,old
1205,2.8825762271881104,0.2014902856887039,CVPF,cracker_scene4,70,old
1206,2.884720802307129,0.2014902856887039,CVPF,cracker_scene4,70,old
1207,2.8872008323669434,0.20116558888895342,CVPF,cracker_scene4,70,old
1208,2.889589309692383,0.20116558888895342,CVPF,cracker_scene4,70,old
1209,2.8916797637939453,0.20116558888895342,CVPF,cracker_scene4,70,old
1210,2.893847703933716,0.20428727339754343,CVPF,cracker_scene4,70,old
1211,2.8962860107421875,0.20428727339754343,CVPF,cracker_scene4,70,old
1212,2.898634672164917,0.20428727339754343,CVPF,cracker_scene4,70,old
1213,2.900747299194336,0.20428727339754343,CVPF,cracker_scene4,70,old
1214,2.9030463695526123,0.2037588217664565,CVPF,cracker_scene4,70,old
1215,2.905442714691162,0.2037588217664565,CVPF,cracker_scene4,70,old
1216,2.907755136489868,0.2037588217664565,CVPF,cracker_scene4,70,old
1217,2.9098000526428223,0.2037588217664565,CVPF,cracker_scene4,70,old
1218,2.9121789932250977,0.20432949183508023,CVPF,cracker_scene4,70,old
1219,2.9145162105560303,0.20426944562534588,CVPF,cracker_scene4,70,old
1220,2.916630268096924,0.20426944562534588,CVPF,cracker_scene4,70,old
1221,2.918821334838867,0.2042020348247071,CVPF,cracker_scene4,70,old
1222,2.921233654022217,0.2042020348247071,CVPF,cracker_scene4,70,old
1223,2.923703908920288,0.2042020348247071,CVPF,cracker_scene4,70,old
1224,2.9258522987365723,0.2042020348247071,CVPF,cracker_scene4,70,old
1225,2.928197145462036,0.20221559155171942,CVPF,cracker_scene4,70,old
1226,2.930567502975464,0.20221559155171942,CVPF,cracker_scene4,70,old
1227,2.9327077865600586,0.20221559155171942,CVPF,cracker_scene4,70,old
1228,2.934746265411377,0.20221559155171942,CVPF,cracker_scene4,70,old
1229,2.9367878437042236,0.20221559155171942,CVPF,cracker_scene4,70,old
1230,2.938908576965332,0.20221559155171942,CVPF,cracker_scene4,70,old
1231,2.941173791885376,0.20350661585774873,CVPF,cracker_scene4,70,old
1232,2.9433212280273438,0.20350661585774873,CVPF,cracker_scene4,70,old
1233,2.9453136920928955,0.20350661585774873,CVPF,cracker_scene4,70,old
1234,2.9475395679473877,0.20350661585774873,CVPF,cracker_scene4,70,old
1235,2.9498960971832275,0.20350661585774873,CVPF,cracker_scene4,70,old
1236,2.952094078063965,0.20350661585774873,CVPF,cracker_scene4,70,old
1237,2.9544708728790283,0.20372637691033466,CVPF,cracker_scene4,70,old
1238,2.956623077392578,0.20372637691033466,CVPF,cracker_scene4,70,old
1239,2.958888530731201,0.20372637691033466,CVPF,cracker_scene4,70,old
1240,2.9614181518554688,0.20372637691033466,CVPF,cracker_scene4,70,old
1241,2.963965654373169,0.20372637691033466,CVPF,cracker_scene4,70,old
1242,2.966402769088745,0.20372637691033466,CVPF,cracker_scene4,70,old
1243,2.968858003616333,0.201200548758918,CVPF,cracker_scene4,70,old
1244,2.9715089797973633,0.201200548758918,CVPF,cracker_scene4,70,old
1245,2.9738004207611084,0.201200548758918,CVPF,cracker_scene4,70,old
1246,2.9759721755981445,0.201200548758918,CVPF,cracker_scene4,70,old
1247,2.978485107421875,0.20188422293677086,CVPF,cracker_scene4,70,old
1248,2.981038808822632,0.20188422293677086,CVPF,cracker_scene4,70,old
1249,2.9834659099578857,0.20188422293677086,CVPF,cracker_scene4,70,old
1250,2.985581159591675,0.20188422293677086,CVPF,cracker_scene4,70,old
1251,2.9877586364746094,0.20188422293677086,CVPF,cracker_scene4,70,old
1252,2.990217924118042,0.20149586640127634,CVPF,cracker_scene4,70,old
1253,2.992708444595337,0.20362097357879988,CVPF,cracker_scene4,70,old
1254,2.9948973655700684,0.20362097357879988,CVPF,cracker_scene4,70,old
1255,2.997203826904297,0.20362097357879988,CVPF,cracker_scene4,70,old
1256,3.000418186187744,0.19925135655227333,CVPF,cracker_scene4,70,old
1257,3.0024795532226562,0.19925135655227333,CVPF,cracker_scene4,70,old
1258,3.0048575401306152,0.19925135655227333,CVPF,cracker_scene4,70,old
1259,3.007115364074707,0.19925135655227333,CVPF,cracker_scene4,70,old
1260,3.009305953979492,0.19925135655227333,CVPF,cracker_scene4,70,old
1261,3.0114288330078125,0.1993474738431491,CVPF,cracker_scene4,70,old
1262,3.013479709625244,0.1993474738431491,CVPF,cracker_scene4,70,old
1263,3.015760660171509,0.1993474738431491,CVPF,cracker_scene4,70,old
1264,3.0180439949035645,0.1993474738431491,CVPF,cracker_scene4,70,old
1265,3.020367383956909,0.1993474738431491,CVPF,cracker_scene4,70,old
1266,3.022589921951294,0.1993474738431491,CVPF,cracker_scene4,70,old
1267,3.0246644020080566,0.1993474738431491,CVPF,cracker_scene4,70,old
1268,3.0270884037017822,0.19928573240633884,CVPF,cracker_scene4,70,old
1269,3.0293171405792236,0.19928573240633884,CVPF,cracker_scene4,70,old
1270,3.03149151802063,0.19928573240633884,CVPF,cracker_scene4,70,old
1271,3.0337047576904297,0.19928573240633884,CVPF,cracker_scene4,70,old
1272,3.03607439994812,0.19955617780097157,CVPF,cracker_scene4,70,old
1273,3.0382606983184814,0.19955617780097157,CVPF,cracker_scene4,70,old
1274,3.0404815673828125,0.19955617780097157,CVPF,cracker_scene4,70,old
1275,3.042830467224121,0.19955617780097157,CVPF,cracker_scene4,70,old
1276,3.045246124267578,0.19955617780097157,CVPF,cracker_scene4,70,old
1277,3.0473289489746094,0.1994430004829546,CVPF,cracker_scene4,70,old
1278,3.049654483795166,0.19945989269807196,CVPF,cracker_scene4,70,old
1279,3.0518059730529785,0.19945989269807196,CVPF,cracker_scene4,70,old
1280,3.0540099143981934,0.19945989269807196,CVPF,cracker_scene4,70,old
1281,3.056328773498535,0.19945989269807196,CVPF,cracker_scene4,70,old
1282,3.05849289894104,0.19945989269807196,CVPF,cracker_scene4,70,old
1283,3.0608344078063965,0.1981807438924461,CVPF,cracker_scene4,70,old
1284,3.0629870891571045,0.1981807438924461,CVPF,cracker_scene4,70,old
1285,3.06504225730896,0.1981807438924461,CVPF,cracker_scene4,70,old
1286,3.0672855377197266,0.1981807438924461,CVPF,cracker_scene4,70,old
1287,3.069650411605835,0.1981807438924461,CVPF,cracker_scene4,70,old
1288,3.072143077850342,0.1981807438924461,CVPF,cracker_scene4,70,old
1289,3.074436664581299,0.19920336810697048,CVPF,cracker_scene4,70,old
1290,3.0765321254730225,0.19920336810697048,CVPF,cracker_scene4,70,old
1291,3.078815221786499,0.19917121773384316,CVPF,cracker_scene4,70,old
1292,3.0808703899383545,0.19917121773384316,CVPF,cracker_scene4,70,old
1293,3.0829594135284424,0.19917121773384316,CVPF,cracker_scene4,70,old
1294,3.0851871967315674,0.19926776058911067,CVPF,cracker_scene4,70,old
1295,3.0877559185028076,0.19922933273846954,CVPF,cracker_scene4,70,old
1296,3.0903170108795166,0.199267942396812,CVPF,cracker_scene4,70,old
1297,3.0925703048706055,0.19928339415399687,CVPF,cracker_scene4,70,old
1298,3.0949714183807373,0.199349531645999,CVPF,cracker_scene4,70,old
1299,3.097322702407837,0.19935805300717746,CVPF,cracker_scene4,70,old
1300,3.0999016761779785,0.19922897284822394,CVPF,cracker_scene4,70,old
1301,3.102168560028076,0.19934276856043454,CVPF,cracker_scene4,70,old
1302,3.1048367023468018,0.19853761376572088,CVPF,cracker_scene4,70,old
1303,3.1073434352874756,0.19928431095914245,CVPF,cracker_scene4,70,old
1304,3.1097159385681152,0.19928431095914245,CVPF,cracker_scene4,70,old
1305,3.1122519969940186,0.19848348056086085,CVPF,cracker_scene4,70,old
1306,3.114633798599243,0.19848348056086085,CVPF,cracker_scene4,70,old
1307,3.117083787918091,0.19932102042170552,CVPF,cracker_scene4,70,old
1308,3.119420051574707,0.19932102042170552,CVPF,cracker_scene4,70,old
1309,3.1220200061798096,0.1992688726075631,CVPF,cracker_scene4,70,old
1310,3.124492645263672,0.1992688726075631,CVPF,cracker_scene4,70,old
1311,3.1270830631256104,0.20061226661598308,CVPF,cracker_scene4,70,old
1312,3.1294822692871094,0.19920024267371694,CVPF,cracker_scene4,70,old
1313,3.1318423748016357,0.1988474096517754,CVPF,cracker_scene4,70,old
1314,3.134176731109619,0.1988474096517754,CVPF,cracker_scene4,70,old
1315,3.136427640914917,0.19831945423352693,CVPF,cracker_scene4,70,old
1316,3.13900089263916,0.19831945423352693,CVPF,cracker_scene4,70,old
1317,3.141375780105591,0.19831945423352693,CVPF,cracker_scene4,70,old
1318,3.1435461044311523,0.20115538528536092,CVPF,cracker_scene4,70,old
1319,3.145801067352295,0.20108296946792947,CVPF,cracker_scene4,70,old
1320,3.147984027862549,0.20108296946792947,CVPF,cracker_scene4,70,old
1321,3.1501317024230957,0.20108296946792947,CVPF,cracker_scene4,70,old
1322,3.1523561477661133,0.19894953675886828,CVPF,cracker_scene4,70,old
1323,3.1546475887298584,0.19894953675886828,CVPF,cracker_scene4,70,old
1324,3.156949996948242,0.19894953675886828,CVPF,cracker_scene4,70,old
1325,3.1592626571655273,0.19894953675886828,CVPF,cracker_scene4,70,old
1326,3.1627204418182373,0.20624178605511023,CVPF,cracker_scene4,70,old
1327,3.165041208267212,0.20624178605511023,CVPF,cracker_scene4,70,old
1328,3.1671345233917236,0.20624178605511023,CVPF,cracker_scene4,70,old
1329,3.1693646907806396,0.20409446701789474,CVPF,cracker_scene4,70,old
1330,3.1718313694000244,0.20409446701789474,CVPF,cracker_scene4,70,old
1331,3.173985481262207,0.20409446701789474,CVPF,cracker_scene4,70,old
1332,3.1761486530303955,0.20409446701789474,CVPF,cracker_scene4,70,old
1333,3.178640842437744,0.20418827534914902,CVPF,cracker_scene4,70,old
1334,3.1809988021850586,0.20418827534914902,CVPF,cracker_scene4,70,old
1335,3.1832845211029053,0.20418827534914902,CVPF,cracker_scene4,70,old
1336,3.1855404376983643,0.20608825491932004,CVPF,cracker_scene4,70,old
1337,3.1880338191986084,0.20614707491630727,CVPF,cracker_scene4,70,old
1338,3.19042706489563,0.20614707491630727,CVPF,cracker_scene4,70,old
1339,3.192678689956665,0.20614707491630727,CVPF,cracker_scene4,70,old
1340,3.1950607299804688,0.20596308485867043,CVPF,cracker_scene4,70,old
1341,3.1973695755004883,0.20596308485867043,CVPF,cracker_scene4,70,old
1342,3.2002785205841064,0.20596308485867043,CVPF,cracker_scene4,70,old
1343,3.2030653953552246,0.20591883536301883,CVPF,cracker_scene4,70,old
1344,3.2054343223571777,0.20600860625675896,CVPF,cracker_scene4,70,old
1345,3.207620859146118,0.20600860625675896,CVPF,cracker_scene4,70,old
1346,3.209885597229004,0.20600860625675896,CVPF,cracker_scene4,70,old
1347,3.2120683193206787,0.20605572391609064,CVPF,cracker_scene4,70,old
1348,3.2142534255981445,0.20605572391609064,CVPF,cracker_scene4,70,old
1349,3.2163374423980713,0.20605572391609064,CVPF,cracker_scene4,70,old
1350,3.218534231185913,0.20599830288608195,CVPF,cracker_scene4,70,old
1351,3.220916271209717,0.20582870672857462,CVPF,cracker_scene4,70,old
1352,3.2231130599975586,0.20582870672857462,CVPF,cracker_scene4,70,old
1353,3.2251908779144287,0.20582870672857462,CVPF,cracker_scene4,70,old
1354,3.227391481399536,0.20445559603090546,CVPF,cracker_scene4,70,old
1355,3.229710578918457,0.20445559603090546,CVPF,cracker_scene4,70,old
1356,3.2318801879882812,0.20445559603090546,CVPF,cracker_scene4,70,old
1357,3.2340188026428223,0.20445559603090546,CVPF,cracker_scene4,70,old
1358,3.2362427711486816,0.20439088280889284,CVPF,cracker_scene4,70,old
1359,3.238466501235962,0.20439088280889284,CVPF,cracker_scene4,70,old
1360,3.240687131881714,0.20439088280889284,CVPF,cracker_scene4,70,old
1361,3.2429165840148926,0.20439088280889284,CVPF,cracker_scene4,70,old
1362,3.246460437774658,0.20416761292139615,CVPF,cracker_scene4,70,old
1363,3.2499051094055176,0.20416761292139615,CVPF,cracker_scene4,70,old
1364,3.2533886432647705,0.20525662450869947,CVPF,cracker_scene4,70,old
1365,3.256542205810547,0.20525662450869947,CVPF,cracker_scene4,70,old
1366,3.2588415145874023,0.20525662450869947,CVPF,cracker_scene4,70,old
1367,3.261141538619995,0.20422329900832278,CVPF,cracker_scene4,70,old
1368,3.263362169265747,0.20422329900832278,CVPF,cracker_scene4,70,old
1369,3.265552043914795,0.20422329900832278,CVPF,cracker_scene4,70,old
1370,3.267642021179199,0.20422329900832278,CVPF,cracker_scene4,70,old
1371,3.2698628902435303,0.2043483197869454,CVPF,cracker_scene4,70,old
1372,3.272228956222534,0.2043483197869454,CVPF,cracker_scene4,70,old
1373,3.2744247913360596,0.2043483197869454,CVPF,cracker_scene4,70,old
1374,3.276519536972046,0.2043097103332254,CVPF,cracker_scene4,70,old
1375,3.2787935733795166,0.20417864784123746,CVPF,cracker_scene4,70,old
1376,3.281022548675537,0.20417864784123746,CVPF,cracker_scene4,70,old
1377,3.2830851078033447,0.20417864784123746,CVPF,cracker_scene4,70,old
1378,3.2853381633758545,0.20558601003754515,CVPF,cracker_scene4,70,old
1379,3.2876200675964355,0.20558601003754515,CVPF,cracker_scene4,70,old
1380,3.2898991107940674,0.20558601003754515,CVPF,cracker_scene4,70,old
1381,3.2923197746276855,0.20558601003754515,CVPF,cracker_scene4,70,old
1382,3.2947254180908203,0.20301516005972206,CVPF,cracker_scene4,70,old
1383,3.2969887256622314,0.20301516005972206,CVPF,cracker_scene4,70,old
1384,3.2992312908172607,0.20301516005972206,CVPF,cracker_scene4,70,old
1385,3.301337957382202,0.20301516005972206,CVPF,cracker_scene4,70,old
1386,3.303640127182007,0.20405079574434676,CVPF,cracker_scene4,70,old
1387,3.3060715198516846,0.20405079574434676,CVPF,cracker_scene4,70,old
1388,3.3081705570220947,0.20405079574434676,CVPF,cracker_scene4,70,old
1389,3.3104357719421387,0.2056298318664705,CVPF,cracker_scene4,70,old
1390,3.312730550765991,0.2056298318664705,CVPF,cracker_scene4,70,old
1391,3.315088987350464,0.2056298318664705,CVPF,cracker_scene4,70,old
1392,3.3173747062683105,0.2056298318664705,CVPF,cracker_scene4,70,old
1393,3.3197474479675293,0.20372684294209611,CVPF,cracker_scene4,70,old
1394,3.3221635818481445,0.20372684294209611,CVPF,cracker_scene4,70,old
1395,3.325146198272705,0.19924410667309092,CVPF,cracker_scene4,70,old
1396,3.327479124069214,0.199937170015508,CVPF,cracker_scene4,70,old
1397,3.3297271728515625,0.199937170015508,CVPF,cracker_scene4,70,old
1398,3.331916570663452,0.199937170015508,CVPF,cracker_scene4,70,old
1399,3.333977222442627,0.199937170015508,CVPF,cracker_scene4,70,old
1400,3.336289882659912,0.1991948838172013,CVPF,cracker_scene4,70,old
1401,3.3385491371154785,0.1991948838172013,CVPF,cracker_scene4,70,old
1402,3.340721845626831,0.1991948838172013,CVPF,cracker_scene4,70,old
1403,3.3428080081939697,0.1991948838172013,CVPF,cracker_scene4,70,old
1404,3.3450803756713867,0.19919300675663298,CVPF,cracker_scene4,70,old
1405,3.347254753112793,0.19957380485299125,CVPF,cracker_scene4,70,old
1406,3.3493895530700684,0.19957380485299125,CVPF,cracker_scene4,70,old
1407,3.3515491485595703,0.19962593287044664,CVPF,cracker_scene4,70,old
1408,3.353734254837036,0.19960780455704125,CVPF,cracker_scene4,70,old
1409,3.3559353351593018,0.19960780455704125,CVPF,cracker_scene4,70,old
1410,3.3580803871154785,0.19960780455704125,CVPF,cracker_scene4,70,old
1411,3.360246419906616,0.19952724044528022,CVPF,cracker_scene4,70,old
1412,3.3625118732452393,0.19989130254185244,CVPF,cracker_scene4,70,old
1413,3.364717960357666,0.19989130254185244,CVPF,cracker_scene4,70,old
1414,3.366881847381592,0.19989130254185244,CVPF,cracker_scene4,70,old
1415,3.36908221244812,0.19871531532676912,CVPF,cracker_scene4,70,old
1416,3.3713889122009277,0.19871531532676912,CVPF,cracker_scene4,70,old
1417,3.373528003692627,0.19871531532676912,CVPF,cracker_scene4,70,old
1418,3.375664710998535,0.19871531532676912,CVPF,cracker_scene4,70,old
1419,3.3779892921447754,0.19865770573435382,CVPF,cracker_scene4,70,old
1420,3.3804099559783936,0.19865770573435382,CVPF,cracker_scene4,70,old
1421,3.382844924926758,0.19865770573435382,CVPF,cracker_scene4,70,old
1422,3.385077953338623,0.2000386273128916,CVPF,cracker_scene4,70,old
1423,3.387451171875,0.2000386273128916,CVPF,cracker_scene4,70,old
1424,3.389829397201538,0.2000386273128916,CVPF,cracker_scene4,70,old
1425,3.391902446746826,0.2000386273128916,CVPF,cracker_scene4,70,old
1426,3.394057512283325,0.19961559344730873,CVPF,cracker_scene4,70,old
1427,3.3964147567749023,0.19961559344730873,CVPF,cracker_scene4,70,old
1428,3.398736000061035,0.19961559344730873,CVPF,cracker_scene4,70,old
1429,3.4009487628936768,0.19961559344730873,CVPF,cracker_scene4,70,old
1430,3.4032771587371826,0.19961621400049226,CVPF,cracker_scene4,70,old
1431,3.4056336879730225,0.19961621400049226,CVPF,cracker_scene4,70,old
1432,3.4078304767608643,0.19961621400049226,CVPF,cracker_scene4,70,old
1433,3.409996271133423,0.19961621400049226,CVPF,cracker_scene4,70,old
1434,3.412365436553955,0.1986515337452683,CVPF,cracker_scene4,70,old
1435,3.4146809577941895,0.1986515337452683,CVPF,cracker_scene4,70,old
1436,3.4167518615722656,0.1986515337452683,CVPF,cracker_scene4,70,old
1437,3.419036388397217,0.19954803068805707,CVPF,cracker_scene4,70,old
1438,3.4214279651641846,0.19954803068805707,CVPF,cracker_scene4,70,old
1439,3.4236342906951904,0.19954803068805707,CVPF,cracker_scene4,70,old
1440,3.425663948059082,0.19954803068805707,CVPF,cracker_scene4,70,old
1441,3.4280524253845215,0.19867069548332933,CVPF,cracker_scene4,70,old
1442,3.430410146713257,0.1986938678543823,CVPF,cracker_scene4,70,old
1443,3.43269944190979,0.1986938678543823,CVPF,cracker_scene4,70,old
1444,3.43491792678833,0.1986938678543823,CVPF,cracker_scene4,70,old
1445,3.4375061988830566,0.19870143169941437,CVPF,cracker_scene4,70,old
1446,3.4397428035736084,0.19883133372442852,CVPF,cracker_scene4,70,old
1447,3.441877841949463,0.19883133372442852,CVPF,cracker_scene4,70,old
1448,3.4442689418792725,0.19883133372442852,CVPF,cracker_scene4,70,old
1449,3.446828842163086,0.20117761595911834,CVPF,cracker_scene4,70,old
1450,3.4494333267211914,0.20117761595911834,CVPF,cracker_scene4,70,old
1451,3.4516780376434326,0.199666158552324,CVPF,cracker_scene4,70,old
1452,3.453946590423584,0.199666158552324,CVPF,cracker_scene4,70,old
1453,3.456205129623413,0.199666158552324,CVPF,cracker_scene4,70,old
1454,3.4584178924560547,0.199666158552324,CVPF,cracker_scene4,70,old
1455,3.4607326984405518,0.19968068094300062,CVPF,cracker_scene4,70,old
1456,3.46311354637146,0.1997597831293125,CVPF,cracker_scene4,70,old
1457,3.465453863143921,0.1997597831293125,CVPF,cracker_scene4,70,old
1458,3.467489242553711,0.1997597831293125,CVPF,cracker_scene4,70,old
1459,3.469722032546997,0.20021212371211064,CVPF,cracker_scene4,70,old
1460,3.472078323364258,0.20021212371211064,CVPF,cracker_scene4,70,old
1461,3.4745545387268066,0.20021212371211064,CVPF,cracker_scene4,70,old
1462,3.4767749309539795,0.20021212371211064,CVPF,cracker_scene4,70,old
1463,3.479172706604004,0.19962889301784417,CVPF,cracker_scene4,70,old
1464,3.4819133281707764,0.19962889301784417,CVPF,cracker_scene4,70,old
1465,3.484923839569092,0.194163618043356,CVPF,cracker_scene4,70,old
1466,3.487351417541504,0.19420555657758803,CVPF,cracker_scene4,70,old
1467,3.489737033843994,0.19422760548987042,CVPF,cracker_scene4,70,old
1468,3.4918177127838135,0.19422760548987042,CVPF,cracker_scene4,70,old
1469,3.494004964828491,0.19322373603251888,CVPF,cracker_scene4,70,old
1470,3.4964144229888916,0.19318831149702617,CVPF,cracker_scene4,70,old
1471,3.4987599849700928,0.19318831149702617,CVPF,cracker_scene4,70,old
1472,3.500859260559082,0.19318831149702617,CVPF,cracker_scene4,70,old
1473,3.5031163692474365,0.19311793764668883,CVPF,cracker_scene4,70,old
1474,3.505563259124756,0.19311793764668883,CVPF,cracker_scene4,70,old
1475,3.507838249206543,0.19311793764668883,CVPF,cracker_scene4,70,old
1476,3.510052442550659,0.19407239299924886,CVPF,cracker_scene4,70,old
1477,3.512571334838867,0.19414089749776026,CVPF,cracker_scene4,70,old
1478,3.515049457550049,0.19414089749776026,CVPF,cracker_scene4,70,old
1479,3.5171730518341064,0.19414089749776026,CVPF,cracker_scene4,70,old
1480,3.519296646118164,0.19559726236787048,CVPF,cracker_scene4,70,old
1481,3.5216689109802246,0.19559726236787048,CVPF,cracker_scene4,70,old
1482,3.523974657058716,0.19559726236787048,CVPF,cracker_scene4,70,old
1483,3.526041269302368,0.19559726236787048,CVPF,cracker_scene4,70,old
1484,3.528360605239868,0.19414385160281708,CVPF,cracker_scene4,70,old
1485,3.530733346939087,0.19414385160281708,CVPF,cracker_scene4,70,old
1486,3.5330471992492676,0.19414385160281708,CVPF,cracker_scene4,70,old
1487,3.5351874828338623,0.1941456606678448,CVPF,cracker_scene4,70,old
1488,3.5377039909362793,0.1937102210593181,CVPF,cracker_scene4,70,old
1489,3.540123701095581,0.1937102210593181,CVPF,cracker_scene4,70,old
1490,3.54227352142334,0.1937102210593181,CVPF,cracker_scene4,70,old
1491,3.544517755508423,0.19420238864811673,CVPF,cracker_scene4,70,old
1492,3.5469398498535156,0.19420238864811673,CVPF,cracker_scene4,70,old
1493,3.549158811569214,0.19420238864811673,CVPF,cracker_scene4,70,old
1494,3.5513882637023926,0.1941924266220095,CVPF,cracker_scene4,70,old
1495,3.553779363632202,0.19425789575459898,CVPF,cracker_scene4,70,old
1496,3.5560989379882812,0.19425789575459898,CVPF,cracker_scene4,70,old
1497,3.5581955909729004,0.19425789575459898,CVPF,cracker_scene4,70,old
1498,3.5604231357574463,0.19426046764586308,CVPF,cracker_scene4,70,old
1499,3.5628442764282227,0.19426046764586308,CVPF,cracker_scene4,70,old
1500,3.565110206604004,0.19426046764586308,CVPF,cracker_scene4,70,old
1501,3.5672361850738525,0.19426046764586308,CVPF,cracker_scene4,70,old
1502,3.5694735050201416,0.1946967873793189,CVPF,cracker_scene4,70,old
1503,3.571864128112793,0.1946967873793189,CVPF,cracker_scene4,70,old
1504,3.5740222930908203,0.1946967873793189,CVPF,cracker_scene4,70,old
1505,3.576129198074341,0.1946967873793189,CVPF,cracker_scene4,70,old
1506,3.578486919403076,0.19420702812314175,CVPF,cracker_scene4,70,old
1507,3.5809693336486816,0.19420702812314175,CVPF,cracker_scene4,70,old
1508,3.5833237171173096,0.19420702812314175,CVPF,cracker_scene4,70,old
1509,3.5856997966766357,0.1961336829568193,CVPF,cracker_scene4,70,old
1510,3.5881423950195312,0.1961336829568193,CVPF,cracker_scene4,70,old
1511,3.590383291244507,0.1961336829568193,CVPF,cracker_scene4,70,old
1512,3.5926036834716797,0.1961336829568193,CVPF,cracker_scene4,70,old
1513,3.594989776611328,0.1961849391108584,CVPF,cracker_scene4,70,old
1514,3.597338914871216,0.1961849391108584,CVPF,cracker_scene4,70,old
1515,3.5994889736175537,0.1961849391108584,CVPF,cracker_scene4,70,old
1516,3.601780652999878,0.19379796036565597,CVPF,cracker_scene4,70,old
1517,3.6041624546051025,0.19379796036565597,CVPF,cracker_scene4,70,old
1518,3.606311798095703,0.19379796036565597,CVPF,cracker_scene4,70,old
1519,3.608499526977539,0.19379796036565597,CVPF,cracker_scene4,70,old
1520,3.6106739044189453,0.19380846576328203,CVPF,cracker_scene4,70,old
1521,3.6129822731018066,0.194235891931595,CVPF,cracker_scene4,70,old
1522,3.6152563095092773,0.194235891931595,CVPF,cracker_scene4,70,old
1523,3.6174283027648926,0.194235891931595,CVPF,cracker_scene4,70,old
1524,3.619718074798584,0.1941390971509215,CVPF,cracker_scene4,70,old
1525,3.6221234798431396,0.1941390971509215,CVPF,cracker_scene4,70,old
1526,3.624544143676758,0.1941390971509215,CVPF,cracker_scene4,70,old
1527,3.626917839050293,0.19433800317832162,CVPF,cracker_scene4,70,old
1528,3.6291537284851074,0.19433800317832162,CVPF,cracker_scene4,70,old
1529,3.631474256515503,0.19433800317832162,CVPF,cracker_scene4,70,old
1530,3.6336705684661865,0.19433800317832162,CVPF,cracker_scene4,70,old
1531,3.636108875274658,0.1941750494673506,CVPF,cracker_scene4,70,old
1532,3.6384832859039307,0.1941750494673506,CVPF,cracker_scene4,70,old
1533,3.64078426361084,0.1941750494673506,CVPF,cracker_scene4,70,old
1534,3.643920421600342,0.19358149690988755,CVPF,cracker_scene4,70,old
1535,3.6461985111236572,0.1935856042139701,CVPF,cracker_scene4,70,old
1536,3.648425340652466,0.1935856042139701,CVPF,cracker_scene4,70,old
1537,3.650662899017334,0.1935856042139701,CVPF,cracker_scene4,70,old
1538,3.653029680252075,0.19173122311552968,CVPF,cracker_scene4,70,old
1539,3.6552939414978027,0.19173122311552968,CVPF,cracker_scene4,70,old
1540,3.657294511795044,0.19173122311552968,CVPF,cracker_scene4,70,old
1541,3.6593868732452393,0.19173122311552968,CVPF,cracker_scene4,70,old
1542,3.661726951599121,0.19271870832844093,CVPF,cracker_scene4,70,old
1543,3.6640849113464355,0.19271870832844093,CVPF,cracker_scene4,70,old
1544,3.6662166118621826,0.19271870832844093,CVPF,cracker_scene4,70,old
1545,3.6684868335723877,0.19241681183645154,CVPF,cracker_scene4,70,old
1546,3.670816659927368,0.19241681183645154,CVPF,cracker_scene4,70,old
1547,3.6731088161468506,0.19241681183645154,CVPF,cracker_scene4,70,old
1548,3.67527174949646,0.19241681183645154,CVPF,cracker_scene4,70,old
1549,3.6774754524230957,0.19278586650628354,CVPF,cracker_scene4,70,old
1550,3.679762840270996,0.19286525608337204,CVPF,cracker_scene4,70,old
1551,3.6819276809692383,0.19286525608337204,CVPF,cracker_scene4,70,old
1552,3.68410325050354,0.19286525608337204,CVPF,cracker_scene4,70,old
1553,3.686251640319824,0.19374177398083547,CVPF,cracker_scene4,70,old
1554,3.688474178314209,0.19374177398083547,CVPF,cracker_scene4,70,old
1555,3.6906332969665527,0.19374177398083547,CVPF,cracker_scene4,70,old
1556,3.692721366882324,0.19374177398083547,CVPF,cracker_scene4,70,old
1557,3.6950149536132812,0.19136176206970168,CVPF,cracker_scene4,70,old
1558,3.6972053050994873,0.19136176206970168,CVPF,cracker_scene4,70,old
1559,3.6993937492370605,0.19136176206970168,CVPF,cracker_scene4,70,old
1560,3.701505184173584,0.1920882992424483,CVPF,cracker_scene4,70,old
1561,3.7043962478637695,0.19250826260331472,CVPF,cracker_scene4,70,old
1562,3.707287549972534,0.19250826260331472,CVPF,cracker_scene4,70,old
1563,3.710371732711792,0.19173491122374692,CVPF,cracker_scene4,70,old
1564,3.713304281234741,0.19174053061964555,CVPF,cracker_scene4,70,old
1565,3.7162344455718994,0.19174053061964555,CVPF,cracker_scene4,70,old
1566,3.71873140335083,0.19370150520608986,CVPF,cracker_scene4,70,old
1567,3.721080780029297,0.19364883132097604,CVPF,cracker_scene4,70,old
1568,3.7234086990356445,0.19364883132097604,CVPF,cracker_scene4,70,old
1569,3.7254977226257324,0.19364883132097604,CVPF,cracker_scene4,70,old
1570,3.727705717086792,0.19188046944782264,CVPF,cracker_scene4,70,old
1571,3.729935646057129,0.19188046944782264,CVPF,cracker_scene4,70,old
1572,3.7321407794952393,0.19188046944782264,CVPF,cracker_scene4,70,old
1573,3.734273910522461,0.19188046944782264,CVPF,cracker_scene4,70,old
1574,3.7366201877593994,0.1900737297005738,CVPF,cracker_scene4,70,old
1575,3.7388105392456055,0.1900737297005738,CVPF,cracker_scene4,70,old
1576,3.740929365158081,0.1900737297005738,CVPF,cracker_scene4,70,old
1577,3.7430953979492188,0.1900737297005738,CVPF,cracker_scene4,70,old
1578,3.7452709674835205,0.1900737297005738,CVPF,cracker_scene4,70,old
1579,3.7473878860473633,0.1900737297005738,CVPF,cracker_scene4,70,old
1580,3.749525547027588,0.1912593370701104,CVPF,cracker_scene4,70,old
1581,3.7516984939575195,0.19166635342891936,CVPF,cracker_scene4,70,old
1582,3.753805160522461,0.19166635342891936,CVPF,cracker_scene4,70,old
1583,3.7560312747955322,0.19166635342891936,CVPF,cracker_scene4,70,old
1584,3.758131742477417,0.19166635342891936,CVPF,cracker_scene4,70,old
1585,3.760258674621582,0.19166635342891936,CVPF,cracker_scene4,70,old
1586,3.762544631958008,0.19166635342891936,CVPF,cracker_scene4,70,old
1587,3.764650344848633,0.19166635342891936,CVPF,cracker_scene4,70,old
1588,3.7666919231414795,0.19166635342891936,CVPF,cracker_scene4,70,old
1589,3.7689127922058105,0.19126284106455235,CVPF,cracker_scene4,70,old
1590,3.7713582515716553,0.19126284106455235,CVPF,cracker_scene4,70,old
1591,3.7738265991210938,0.19126284106455235,CVPF,cracker_scene4,70,old
1592,3.7760868072509766,0.19126284106455235,CVPF,cracker_scene4,70,old
1593,3.778376340866089,0.19319413981495612,CVPF,cracker_scene4,70,old
1594,3.7808146476745605,0.19319413981495612,CVPF,cracker_scene4,70,old
1595,3.783390998840332,0.19319413981495612,CVPF,cracker_scene4,70,old
1596,3.7858095169067383,0.19319413981495612,CVPF,cracker_scene4,70,old
1597,3.788105010986328,0.19319413981495612,CVPF,cracker_scene4,70,old
1598,3.790149688720703,0.19319413981495612,CVPF,cracker_scene4,70,old
1599,3.792440891265869,0.19134757297134097,CVPF,cracker_scene4,70,old
1600,3.794727087020874,0.19134757297134097,CVPF,cracker_scene4,70,old
1601,3.797093629837036,0.19134757297134097,CVPF,cracker_scene4,70,old
1602,3.799351930618286,0.19134757297134097,CVPF,cracker_scene4,70,old
1603,3.802464723587036,0.20748538693077226,CVPF,cracker_scene4,70,old
1604,3.804903745651245,0.20748538693077226,CVPF,cracker_scene4,70,old
1605,3.8071835041046143,0.20748538693077226,CVPF,cracker_scene4,70,old
1606,3.809340476989746,0.20627703641549,CVPF,cracker_scene4,70,old
1607,3.811457633972168,0.20583299568121394,CVPF,cracker_scene4,70,old
1608,3.8137686252593994,0.20583299568121394,CVPF,cracker_scene4,70,old
1609,3.816188097000122,0.20583299568121394,CVPF,cracker_scene4,70,old
1610,3.8184258937835693,0.20583299568121394,CVPF,cracker_scene4,70,old
1611,3.8205840587615967,0.20583299568121394,CVPF,cracker_scene4,70,old
1612,3.822700023651123,0.20951897508609668,CVPF,cracker_scene4,70,old
1613,3.8249692916870117,0.20951897508609668,CVPF,cracker_scene4,70,old
1614,3.8271982669830322,0.20951897508609668,CVPF,cracker_scene4,70,old
1615,3.8294968605041504,0.20951897508609668,CVPF,cracker_scene4,70,old
1616,3.8316762447357178,0.20951897508609668,CVPF,cracker_scene4,70,old
1617,3.8337600231170654,0.20951897508609668,CVPF,cracker_scene4,70,old
1618,3.8359644412994385,0.20757756022808285,CVPF,cracker_scene4,70,old
1619,3.838347911834717,0.20757756022808285,CVPF,cracker_scene4,70,old
1620,3.84053373336792,0.20757756022808285,CVPF,cracker_scene4,70,old
1621,3.842703104019165,0.20757756022808285,CVPF,cracker_scene4,70,old
1622,3.8450191020965576,0.20883733975156457,CVPF,cracker_scene4,70,old
1623,3.847285747528076,0.20883733975156457,CVPF,cracker_scene4,70,old
1624,3.8494884967803955,0.20883733975156457,CVPF,cracker_scene4,70,old
1625,3.8515677452087402,0.20883733975156457,CVPF,cracker_scene4,70,old
1626,3.8537659645080566,0.20883733975156457,CVPF,cracker_scene4,70,old
1627,3.856139659881592,0.20937493314025857,CVPF,cracker_scene4,70,old
1628,3.85837459564209,0.20937493314025857,CVPF,cracker_scene4,70,old
1629,3.8608055114746094,0.20937493314025857,CVPF,cracker_scene4,70,old
1630,3.863180637359619,0.20937493314025857,CVPF,cracker_scene4,70,old
1631,3.8653817176818848,0.20937493314025857,CVPF,cracker_scene4,70,old
1632,3.8674476146698,0.20937493314025857,CVPF,cracker_scene4,70,old
1633,3.8696658611297607,0.2074425412270702,CVPF,cracker_scene4,70,old
1634,3.871983289718628,0.20752702584339866,CVPF,cracker_scene4,70,old
1635,3.8743152618408203,0.20752702584339866,CVPF,cracker_scene4,70,old
1636,3.876688003540039,0.20748899858252512,CVPF,cracker_scene4,70,old
1637,3.8790464401245117,0.2070585672506317,CVPF,cracker_scene4,70,old
1638,3.881408214569092,0.2070585672506317,CVPF,cracker_scene4,70,old
1639,3.883836030960083,0.209519055560464,CVPF,cracker_scene4,70,old
1640,3.886160373687744,0.2070827051944967,CVPF,cracker_scene4,70,old
1641,3.8884308338165283,0.2070827051944967,CVPF,cracker_scene4,70,old
1642,3.8908047676086426,0.20744236365078553,CVPF,cracker_scene4,70,old
1643,3.893077850341797,0.20744236365078553,CVPF,cracker_scene4,70,old
1644,3.8953375816345215,0.20744236365078553,CVPF,cracker_scene4,70,old
1645,3.8977229595184326,0.2095078600412747,CVPF,cracker_scene4,70,old
1646,3.9000275135040283,0.20750817165612637,CVPF,cracker_scene4,70,old
1647,3.9023263454437256,0.20750765561349088,CVPF,cracker_scene4,70,old
1648,3.9047110080718994,0.20750765561349088,CVPF,cracker_scene4,70,old
1649,3.9071991443634033,0.2076179471227139,CVPF,cracker_scene4,70,old
1650,3.90958309173584,0.2095461909709294,CVPF,cracker_scene4,70,old
1651,3.911989450454712,0.20938731745793046,CVPF,cracker_scene4,70,old
1652,3.9142403602600098,0.20938731745793046,CVPF,cracker_scene4,70,old
1653,3.916651487350464,0.20853212243192648,CVPF,cracker_scene4,70,old
1654,3.9189398288726807,0.20853212243192648,CVPF,cracker_scene4,70,old
1655,3.9213085174560547,0.20757419625776932,CVPF,cracker_scene4,70,old
1656,3.92366623878479,0.20757419625776932,CVPF,cracker_scene4,70,old
1657,3.926037073135376,0.20753726872736755,CVPF,cracker_scene4,70,old
1658,3.9283106327056885,0.20753726872736755,CVPF,cracker_scene4,70,old
1659,3.9307162761688232,0.20912560699381774,CVPF,cracker_scene4,70,old
1660,3.9330596923828125,0.20912560699381774,CVPF,cracker_scene4,70,old
1661,3.935443639755249,0.20898043695072452,CVPF,cracker_scene4,70,old
1662,3.937763214111328,0.20898043695072452,CVPF,cracker_scene4,70,old
1663,3.9401073455810547,0.20898043695072452,CVPF,cracker_scene4,70,old
1664,3.9422898292541504,0.20898043695072452,CVPF,cracker_scene4,70,old
1665,3.9447624683380127,0.2099097513768301,CVPF,cracker_scene4,70,old
1666,3.947369337081909,0.2099097513768301,CVPF,cracker_scene4,70,old
1667,3.949697971343994,0.2099097513768301,CVPF,cracker_scene4,70,old
1668,3.9518916606903076,0.2098445910673561,CVPF,cracker_scene4,70,old
1669,3.954197645187378,0.2095250022143627,CVPF,cracker_scene4,70,old
1670,3.95643949508667,0.2095250022143627,CVPF,cracker_scene4,70,old
1671,3.9587275981903076,0.2095250022143627,CVPF,cracker_scene4,70,old
1672,3.961022138595581,0.2084612366365708,CVPF,cracker_scene4,70,old
1673,3.9633686542510986,0.2084612366365708,CVPF,cracker_scene4,70,old
1674,3.9665801525115967,0.21764146402823617,CVPF,cracker_scene4,70,old
1675,3.968881845474243,0.21667423090065438,CVPF,cracker_scene4,70,old
1676,3.971310615539551,0.21667423090065438,CVPF,cracker_scene4,70,old
1677,3.9737303256988525,0.21667423090065438,CVPF,cracker_scene4,70,old
1678,3.9759843349456787,0.21818749860630035,CVPF,cracker_scene4,70,old
1679,3.978322744369507,0.21821348896185533,CVPF,cracker_scene4,70,old
1680,3.980731964111328,0.21821348896185533,CVPF,cracker_scene4,70,old
1681,3.983004331588745,0.21821348896185533,CVPF,cracker_scene4,70,old
1682,3.9851465225219727,0.21665685751549904,CVPF,cracker_scene4,70,old
1683,3.9874768257141113,0.216525181375495,CVPF,cracker_scene4,70,old
1684,3.989863395690918,0.216525181375495,CVPF,cracker_scene4,70,old
1685,3.992114543914795,0.216525181375495,CVPF,cracker_scene4,70,old
1686,3.9946177005767822,0.21805180464483698,CVPF,cracker_scene4,70,old
1687,3.9969356060028076,0.21805180464483698,CVPF,cracker_scene4,70,old
1688,3.9991347789764404,0.21805180464483698,CVPF,cracker_scene4,70,old
1689,4.001394271850586,0.21805180464483698,CVPF,cracker_scene4,70,old
1690,4.0038676261901855,0.21674948986422807,CVPF,cracker_scene4,70,old
1691,4.006180286407471,0.21674948986422807,CVPF,cracker_scene4,70,old
1692,4.008316993713379,0.21674948986422807,CVPF,cracker_scene4,70,old
1693,4.010587930679321,0.21655324508098758,CVPF,cracker_scene4,70,old
1694,4.012958765029907,0.21655324508098758,CVPF,cracker_scene4,70,old
1695,4.01544189453125,0.21655324508098758,CVPF,cracker_scene4,70,old
1696,4.0175721645355225,0.21655324508098758,CVPF,cracker_scene4,70,old
1697,4.019941329956055,0.21616226911711972,CVPF,cracker_scene4,70,old
1698,4.022290468215942,0.21616226911711972,CVPF,cracker_scene4,70,old
1699,4.024551630020142,0.21616226911711972,CVPF,cracker_scene4,70,old
1700,4.026807546615601,0.21548574197014259,CVPF,cracker_scene4,70,old
1701,4.029146194458008,0.21548574197014259,CVPF,cracker_scene4,70,old
1702,4.03141188621521,0.21548574197014259,CVPF,cracker_scene4,70,old
1703,4.033548355102539,0.21548574197014259,CVPF,cracker_scene4,70,old
1704,4.035856008529663,0.21661745413112654,CVPF,cracker_scene4,70,old
1705,4.038172960281372,0.21661745413112654,CVPF,cracker_scene4,70,old
1706,4.040393590927124,0.21661745413112654,CVPF,cracker_scene4,70,old
1707,4.042593479156494,0.21661745413112654,CVPF,cracker_scene4,70,old
1708,4.045190334320068,0.21566605928678656,CVPF,cracker_scene4,70,old
1709,4.047547340393066,0.21566605928678656,CVPF,cracker_scene4,70,old
1710,4.049712181091309,0.21566605928678656,CVPF,cracker_scene4,70,old
1711,4.051973342895508,0.2163020234762015,CVPF,cracker_scene4,70,old
1712,4.0542662143707275,0.2163020234762015,CVPF,cracker_scene4,70,old
1713,4.056523561477661,0.2163020234762015,CVPF,cracker_scene4,70,old
1714,4.05858302116394,0.2163020234762015,CVPF,cracker_scene4,70,old
1715,4.060877084732056,0.21662943593177234,CVPF,cracker_scene4,70,old
1716,4.063201427459717,0.21662943593177234,CVPF,cracker_scene4,70,old
1717,4.065502882003784,0.21662943593177234,CVPF,cracker_scene4,70,old
1718,4.067718267440796,0.21662943593177234,CVPF,cracker_scene4,70,old
1719,4.070046663284302,0.21823637452380065,CVPF,cracker_scene4,70,old
1720,4.072301626205444,0.21823637452380065,CVPF,cracker_scene4,70,old
1721,4.074575424194336,0.21823637452380065,CVPF,cracker_scene4,70,old
1722,4.076834678649902,0.2167541282478389,CVPF,cracker_scene4,70,old
1723,4.079124927520752,0.216709130329547,CVPF,cracker_scene4,70,old
1724,4.081402778625488,0.216709130329547,CVPF,cracker_scene4,70,old
1725,4.083605051040649,0.216709130329547,CVPF,cracker_scene4,70,old
1726,4.08589768409729,0.2155518016327666,CVPF,cracker_scene4,70,old
1727,4.088179349899292,0.2155518016327666,CVPF,cracker_scene4,70,old
1728,4.090347051620483,0.2155518016327666,CVPF,cracker_scene4,70,old
1729,4.092416763305664,0.2155518016327666,CVPF,cracker_scene4,70,old
1730,4.094759702682495,0.21873595954152678,CVPF,cracker_scene4,70,old
1731,4.097085475921631,0.21873595954152678,CVPF,cracker_scene4,70,old
1732,4.09929633140564,0.21873595954152678,CVPF,cracker_scene4,70,old
1733,4.101454257965088,0.2167408988929975,CVPF,cracker_scene4,70,old
1734,4.1038219928741455,0.21660715459115362,CVPF,cracker_scene4,70,old
1735,4.106324911117554,0.21660715459115362,CVPF,cracker_scene4,70,old
1736,4.108595848083496,0.21660715459115362,CVPF,cracker_scene4,70,old
1737,4.110971212387085,0.21858067752839364,CVPF,cracker_scene4,70,old
1738,4.113293886184692,0.21858067752839364,CVPF,cracker_scene4,70,old
1739,4.115856409072876,0.21858067752839364,CVPF,cracker_scene4,70,old
1740,4.118264198303223,0.2187566081561603,CVPF,cracker_scene4,70,old
1741,4.120580196380615,0.2187566081561603,CVPF,cracker_scene4,70,old
1742,4.122887372970581,0.2187566081561603,CVPF,cracker_scene4,70,old
1743,4.1249916553497314,0.2187566081561603,CVPF,cracker_scene4,70,old
1744,4.127217769622803,0.2183486072936251,CVPF,cracker_scene4,70,old
1745,4.129618883132935,0.2183486072936251,CVPF,cracker_scene4,70,old
1746,4.13183331489563,0.2183486072936251,CVPF,cracker_scene4,70,old
1747,4.133991718292236,0.2183486072936251,CVPF,cracker_scene4,70,old
1748,4.136332988739014,0.21863375496547452,CVPF,cracker_scene4,70,old
1749,4.1387104988098145,0.21863375496547452,CVPF,cracker_scene4,70,old
1750,4.140877723693848,0.21863375496547452,CVPF,cracker_scene4,70,old
1751,4.143102169036865,0.21863375496547452,CVPF,cracker_scene4,70,old
1752,4.146296262741089,0.2252798623427891,CVPF,cracker_scene4,70,old
1753,4.14868688583374,0.22487488463033845,CVPF,cracker_scene4,70,old
1754,4.150772333145142,0.22487488463033845,CVPF,cracker_scene4,70,old
1755,4.152952671051025,0.22487488463033845,CVPF,cracker_scene4,70,old
1756,4.155264616012573,0.22487488463033845,CVPF,cracker_scene4,70,old
1757,4.157434701919556,0.22487488463033845,CVPF,cracker_scene4,70,old
1758,4.159557104110718,0.22337672585631793,CVPF,cracker_scene4,70,old
1759,4.161611080169678,0.22337672585631793,CVPF,cracker_scene4,70,old
1760,4.163745164871216,0.22337672585631793,CVPF,cracker_scene4,70,old
1761,4.166016101837158,0.22337672585631793,CVPF,cracker_scene4,70,old
1762,4.168213367462158,0.22337672585631793,CVPF,cracker_scene4,70,old
1763,4.17029070854187,0.22337672585631793,CVPF,cracker_scene4,70,old
1764,4.172716856002808,0.22239373253906045,CVPF,cracker_scene4,70,old
1765,4.1748902797698975,0.22194558914838253,CVPF,cracker_scene4,70,old
1766,4.1770179271698,0.22194558914838253,CVPF,cracker_scene4,70,old
1767,4.179232358932495,0.22194558914838253,CVPF,cracker_scene4,70,old
1768,4.181483745574951,0.22194558914838253,CVPF,cracker_scene4,70,old
1769,4.183740615844727,0.22322510162072112,CVPF,cracker_scene4,70,old
1770,4.185907602310181,0.22322510162072112,CVPF,cracker_scene4,70,old
1771,4.188071012496948,0.22322510162072112,CVPF,cracker_scene4,70,old
1772,4.1902549266815186,0.22322510162072112,CVPF,cracker_scene4,70,old
1773,4.192373037338257,0.22322510162072112,CVPF,cracker_scene4,70,old
1774,4.19443154335022,0.22322510162072112,CVPF,cracker_scene4,70,old
1775,4.196693658828735,0.2229785185176045,CVPF,cracker_scene4,70,old
1776,4.198879718780518,0.2229785185176045,CVPF,cracker_scene4,70,old
1777,4.201084613800049,0.2229785185176045,CVPF,cracker_scene4,70,old
1778,4.203177213668823,0.2229785185176045,CVPF,cracker_scene4,70,old
1779,4.205416679382324,0.22335930770702658,CVPF,cracker_scene4,70,old
1780,4.2076661586761475,0.22335930770702658,CVPF,cracker_scene4,70,old
1781,4.2097272872924805,0.22335930770702658,CVPF,cracker_scene4,70,old
1782,4.211930513381958,0.22335930770702658,CVPF,cracker_scene4,70,old
1783,4.214229583740234,0.22330783132820808,CVPF,cracker_scene4,70,old
1784,4.216491222381592,0.22330783132820808,CVPF,cracker_scene4,70,old
1785,4.218680381774902,0.22330783132820808,CVPF,cracker_scene4,70,old
1786,4.22080135345459,0.22330783132820808,CVPF,cracker_scene4,70,old
1787,4.22299599647522,0.22330783132820808,CVPF,cracker_scene4,70,old
1788,4.225217819213867,0.2233323228866609,CVPF,cracker_scene4,70,old
1789,4.227329730987549,0.2233323228866609,CVPF,cracker_scene4,70,old
1790,4.22956919670105,0.2233323228866609,CVPF,cracker_scene4,70,old
1791,4.23176383972168,0.2233323228866609,CVPF,cracker_scene4,70,old
1792,4.233870029449463,0.2233323228866609,CVPF,cracker_scene4,70,old
1793,4.236125469207764,0.22335333978825847,CVPF,cracker_scene4,70,old
1794,4.238224744796753,0.22335333978825847,CVPF,cracker_scene4,70,old
1795,4.2403481006622314,0.22335333978825847,CVPF,cracker_scene4,70,old
1796,4.2425010204315186,0.22335333978825847,CVPF,cracker_scene4,70,old
1797,4.244642019271851,0.22335333978825847,CVPF,cracker_scene4,70,old
1798,4.2469024658203125,0.22335333978825847,CVPF,cracker_scene4,70,old
1799,4.249237298965454,0.22398978579099257,CVPF,cracker_scene4,70,old
1800,4.251512050628662,0.22398978579099257,CVPF,cracker_scene4,70,old
1801,4.253739833831787,0.22398978579099257,CVPF,cracker_scene4,70,old
1802,4.255966901779175,0.22398978579099257,CVPF,cracker_scene4,70,old
1803,4.25813627243042,0.22340712125400938,CVPF,cracker_scene4,70,old
1804,4.260339736938477,0.22334684071275362,CVPF,cracker_scene4,70,old
1805,4.262451887130737,0.22334684071275362,CVPF,cracker_scene4,70,old
1806,4.264691352844238,0.22334684071275362,CVPF,cracker_scene4,70,old
1807,4.2669878005981445,0.22334684071275362,CVPF,cracker_scene4,70,old
1808,4.269127368927002,0.22334684071275362,CVPF,cracker_scene4,70,old
1809,4.271434783935547,0.2232566926718608,CVPF,cracker_scene4,70,old
1810,4.2736334800720215,0.2232566926718608,CVPF,cracker_scene4,70,old
1811,4.276153326034546,0.22494249439730968,CVPF,cracker_scene4,70,old
1812,4.278366565704346,0.22494249439730968,CVPF,cracker_scene4,70,old
1813,4.280762195587158,0.22292478153619913,CVPF,cracker_scene4,70,old
1814,4.2829976081848145,0.22292478153619913,CVPF,cracker_scene4,70,old
1815,4.285457611083984,0.22282207679250815,CVPF,cracker_scene4,70,old
1816,4.287863254547119,0.22282207679250815,CVPF,cracker_scene4,70,old
1817,4.290235757827759,0.22526877536635898,CVPF,cracker_scene4,70,old
1818,4.292643785476685,0.22526877536635898,CVPF,cracker_scene4,70,old
1819,4.2950263023376465,0.22328496941627968,CVPF,cracker_scene4,70,old
1820,4.297333478927612,0.22331072457234746,CVPF,cracker_scene4,70,old
1821,4.2996673583984375,0.22325068353715627,CVPF,cracker_scene4,70,old
1822,4.302075624465942,0.22281391455046673,CVPF,cracker_scene4,70,old
1823,4.304459571838379,0.2218739050207475,CVPF,cracker_scene4,70,old
1824,4.307118892669678,0.2222159275038814,CVPF,cracker_scene4,70,old
1825,4.309861183166504,0.22282563996240776,CVPF,cracker_scene4,70,old
1826,4.312407493591309,0.22287392064298625,CVPF,cracker_scene4,70,old
1827,4.314897060394287,0.22334164611758786,CVPF,cracker_scene4,70,old
1828,4.317268371582031,0.22334164611758786,CVPF,cracker_scene4,70,old
1829,4.319734573364258,0.22329243825253964,CVPF,cracker_scene4,70,old
1830,4.322857856750488,0.23495884193674232,CVPF,cracker_scene4,70,old
1831,4.3252012729644775,0.23495884193674232,CVPF,cracker_scene4,70,old
1832,4.327517032623291,0.2350527524276096,CVPF,cracker_scene4,70,old
1833,4.329835653305054,0.2350527524276096,CVPF,cracker_scene4,70,old
1834,4.33215069770813,0.2350527524276096,CVPF,cracker_scene4,70,old
1835,4.334251403808594,0.2350527524276096,CVPF,cracker_scene4,70,old
1836,4.336544036865234,0.23648606504313996,CVPF,cracker_scene4,70,old
1837,4.338777303695679,0.23648606504313996,CVPF,cracker_scene4,70,old
1838,4.341015577316284,0.23648606504313996,CVPF,cracker_scene4,70,old
1839,4.343270301818848,0.2350895055958908,CVPF,cracker_scene4,70,old
1840,4.345572233200073,0.23505718911571893,CVPF,cracker_scene4,70,old
1841,4.347768306732178,0.23505718911571893,CVPF,cracker_scene4,70,old
1842,4.3499157428741455,0.23505718911571893,CVPF,cracker_scene4,70,old
1843,4.352104902267456,0.23496224579282288,CVPF,cracker_scene4,70,old
1844,4.354359865188599,0.2349628918007376,CVPF,cracker_scene4,70,old
1845,4.356630563735962,0.2349628918007376,CVPF,cracker_scene4,70,old
1846,4.358669996261597,0.2349628918007376,CVPF,cracker_scene4,70,old
1847,4.360927104949951,0.2349133547358191,CVPF,cracker_scene4,70,old
1848,4.363123178482056,0.2349133547358191,CVPF,cracker_scene4,70,old
1849,4.365345478057861,0.2349133547358191,CVPF,cracker_scene4,70,old
1850,4.367467641830444,0.2349133547358191,CVPF,cracker_scene4,70,old
1851,4.369670391082764,0.2349097422969182,CVPF,cracker_scene4,70,old
1852,4.37190318107605,0.2349097422969182,CVPF,cracker_scene4,70,old
1853,4.374120473861694,0.2349097422969182,CVPF,cracker_scene4,70,old
1854,4.376283645629883,0.2349097422969182,CVPF,cracker_scene4,70,old
1855,4.378485918045044,0.23501380130419136,CVPF,cracker_scene4,70,old
1856,4.380780220031738,0.23501380130419136,CVPF,cracker_scene4,70,old
1857,4.3830482959747314,0.23501380130419136,CVPF,cracker_scene4,70,old
1858,4.38528037071228,0.23492475850697936,CVPF,cracker_scene4,70,old
1859,4.387660980224609,0.23389755486306463,CVPF,cracker_scene4,70,old
1860,4.389877557754517,0.23389755486306463,CVPF,cracker_scene4,70,old
1861,4.391950845718384,0.23389755486306463,CVPF,cracker_scene4,70,old
1862,4.394466400146484,0.23497753566092694,CVPF,cracker_scene4,70,old
1863,4.396750211715698,0.23497753566092694,CVPF,cracker_scene4,70,old
1864,4.398955821990967,0.23497753566092694,CVPF,cracker_scene4,70,old
1865,4.4010539054870605,0.23497753566092694,CVPF,cracker_scene4,70,old
1866,4.403467893600464,0.23495321960459936,CVPF,cracker_scene4,70,old
1867,4.405791521072388,0.23495321960459936,CVPF,cracker_scene4,70,old
1868,4.407971382141113,0.23495321960459936,CVPF,cracker_scene4,70,old
1869,4.410278797149658,0.23385931270081173,CVPF,cracker_scene4,70,old
1870,4.4125471115112305,0.23385931270081173,CVPF,cracker_scene4,70,old
1871,4.414770841598511,0.23385931270081173,CVPF,cracker_scene4,70,old
1872,4.416964530944824,0.23385931270081173,CVPF,cracker_scene4,70,old
1873,4.419233083724976,0.23441586285013027,CVPF,cracker_scene4,70,old
1874,4.4215521812438965,0.23441586285013027,CVPF,cracker_scene4,70,old
1875,4.423823833465576,0.23441586285013027,CVPF,cracker_scene4,70,old
1876,4.425945281982422,0.23441586285013027,CVPF,cracker_scene4,70,old
1877,4.428279161453247,0.23643201547953385,CVPF,cracker_scene4,70,old
1878,4.430477619171143,0.23643201547953385,CVPF,cracker_scene4,70,old
1879,4.432664632797241,0.23643201547953385,CVPF,cracker_scene4,70,old
1880,4.4348626136779785,0.23643201547953385,CVPF,cracker_scene4,70,old
1881,4.437283515930176,0.23479859066014885,CVPF,cracker_scene4,70,old
1882,4.4395432472229,0.23479859066014885,CVPF,cracker_scene4,70,old
1883,4.441667318344116,0.23479859066014885,CVPF,cracker_scene4,70,old
1884,4.443942070007324,0.234891220002182,CVPF,cracker_scene4,70,old
1885,4.446125507354736,0.234891220002182,CVPF,cracker_scene4,70,old
1886,4.448533535003662,0.234891220002182,CVPF,cracker_scene4,70,old
1887,4.45075535774231,0.234891220002182,CVPF,cracker_scene4,70,old
1888,4.453236103057861,0.23489671636364218,CVPF,cracker_scene4,70,old
1889,4.4556474685668945,0.23488321397491596,CVPF,cracker_scene4,70,old
1890,4.457987308502197,0.23488321397491596,CVPF,cracker_scene4,70,old
1891,4.46032190322876,0.23487290670558636,CVPF,cracker_scene4,70,old
1892,4.46268367767334,0.23487290670558636,CVPF,cracker_scene4,70,old
1893,4.465137481689453,0.23487290670558636,CVPF,cracker_scene4,70,old
1894,4.46822190284729,0.23613894581850411,CVPF,cracker_scene4,70,old
1895,4.470614910125732,0.23612148957724113,CVPF,cracker_scene4,70,old
1896,4.47283148765564,0.23612148957724113,CVPF,cracker_scene4,70,old
1897,4.47495436668396,0.23612148957724113,CVPF,cracker_scene4,70,old
1898,4.47724986076355,0.23627389155819378,CVPF,cracker_scene4,70,old
1899,4.479471445083618,0.23627389155819378,CVPF,cracker_scene4,70,old
1900,4.481616020202637,0.23627389155819378,CVPF,cracker_scene4,70,old
1901,4.483796834945679,0.23627389155819378,CVPF,cracker_scene4,70,old
1902,4.486105918884277,0.23612320738547765,CVPF,cracker_scene4,70,old
1903,4.488391876220703,0.23612320738547765,CVPF,cracker_scene4,70,old
1904,4.490605354309082,0.23612320738547765,CVPF,cracker_scene4,70,old
1905,4.492794513702393,0.23612320738547765,CVPF,cracker_scene4,70,old
1906,4.495136022567749,0.2350454541341115,CVPF,cracker_scene4,70,old
1907,4.497406244277954,0.2350454541341115,CVPF,cracker_scene4,70,old
1908,4.499521493911743,0.2350454541341115,CVPF,cracker_scene4,70,old
1909,4.501647233963013,0.23526302241483799,CVPF,cracker_scene4,70,old
1910,4.5040247440338135,0.2352892163879206,CVPF,cracker_scene4,70,old
1911,4.506298780441284,0.2352892163879206,CVPF,cracker_scene4,70,old
1912,4.508670330047607,0.2352892163879206,CVPF,cracker_scene4,70,old
1913,4.51099419593811,0.23521097703739677,CVPF,cracker_scene4,70,old
1914,4.513248443603516,0.23521097703739677,CVPF,cracker_scene4,70,old
1915,4.515497207641602,0.23521097703739677,CVPF,cracker_scene4,70,old
1916,4.51765513420105,0.23521097703739677,CVPF,cracker_scene4,70,old
1917,4.520059823989868,0.23532363637326442,CVPF,cracker_scene4,70,old
1918,4.522416353225708,0.23532363637326442,CVPF,cracker_scene4,70,old
1919,4.524679899215698,0.23532363637326442,CVPF,cracker_scene4,70,old
1920,4.526968479156494,0.23624117900888383,CVPF,cracker_scene4,70,old
1921,4.529200792312622,0.2366267336882745,CVPF,cracker_scene4,70,old
1922,4.531385183334351,0.2366267336882745,CVPF,cracker_scene4,70,old
1923,4.533457279205322,0.2366267336882745,CVPF,cracker_scene4,70,old
1924,4.535759449005127,0.23619868269216945,CVPF,cracker_scene4,70,old
1925,4.538000106811523,0.23619868269216945,CVPF,cracker_scene4,70,old
1926,4.540266990661621,0.23619868269216945,CVPF,cracker_scene4,70,old
1927,4.542362689971924,0.23619868269216945,CVPF,cracker_scene4,70,old
1928,4.544829368591309,0.2361835066053032,CVPF,cracker_scene4,70,old
1929,4.5470356941223145,0.2361835066053032,CVPF,cracker_scene4,70,old
1930,4.549158096313477,0.2361835066053032,CVPF,cracker_scene4,70,old
1931,4.551233768463135,0.2361835066053032,CVPF,cracker_scene4,70,old
1932,4.553538084030151,0.23620030389565355,CVPF,cracker_scene4,70,old
1933,4.555708646774292,0.23620030389565355,CVPF,cracker_scene4,70,old
1934,4.557866096496582,0.23620030389565355,CVPF,cracker_scene4,70,old
1935,4.560025453567505,0.23614233654811287,CVPF,cracker_scene4,70,old
1936,4.562192678451538,0.23618503635956553,CVPF,cracker_scene4,70,old
1937,4.564377069473267,0.23618503635956553,CVPF,cracker_scene4,70,old
1938,4.566486120223999,0.23618503635956553,CVPF,cracker_scene4,70,old
1939,4.568688631057739,0.23614378790875798,CVPF,cracker_scene4,70,old
1940,4.571110248565674,0.23617721087052473,CVPF,cracker_scene4,70,old
1941,4.573278427124023,0.23617721087052473,CVPF,cracker_scene4,70,old
1942,4.575471639633179,0.23617721087052473,CVPF,cracker_scene4,70,old
1943,4.5778443813323975,0.23491383390779008,CVPF,cracker_scene4,70,old
1944,4.580132007598877,0.23491383390779008,CVPF,cracker_scene4,70,old
1945,4.582592964172363,0.23491383390779008,CVPF,cracker_scene4,70,old
1946,4.5846946239471436,0.23491383390779008,CVPF,cracker_scene4,70,old
1947,4.587116241455078,0.23620240369379628,CVPF,cracker_scene4,70,old
1948,4.589474678039551,0.23620240369379628,CVPF,cracker_scene4,70,old
1949,4.591616630554199,0.23620240369379628,CVPF,cracker_scene4,70,old
1950,4.593833684921265,0.23617506704478128,CVPF,cracker_scene4,70,old
1951,4.596171855926514,0.23617506704478128,CVPF,cracker_scene4,70,old
1952,4.59832763671875,0.23617506704478128,CVPF,cracker_scene4,70,old
1953,4.60047459602356,0.23617506704478128,CVPF,cracker_scene4,70,old
1954,4.602794647216797,0.23580242405132346,CVPF,cracker_scene4,70,old
1955,4.605026721954346,0.23580242405132346,CVPF,cracker_scene4,70,old
1956,4.607335329055786,0.23580242405132346,CVPF,cracker_scene4,70,old
1957,4.6094279289245605,0.23580242405132346,CVPF,cracker_scene4,70,old
1958,4.6116578578948975,0.23656292056408212,CVPF,cracker_scene4,70,old
1959,4.613833427429199,0.23656292056408212,CVPF,cracker_scene4,70,old
1960,4.616202354431152,0.23656292056408212,CVPF,cracker_scene4,70,old
1961,4.618481874465942,0.2362200438008869,CVPF,cracker_scene4,70,old
1962,4.620781183242798,0.2362200438008869,CVPF,cracker_scene4,70,old
1963,4.623117446899414,0.2362200438008869,CVPF,cracker_scene4,70,old
1964,4.62528657913208,0.2362200438008869,CVPF,cracker_scene4,70,old
1965,4.628094434738159,0.2362200438008869,CVPF,cracker_scene4,70,old
1966,4.630361795425415,0.22131977593600125,CVPF,cracker_scene4,70,old
1967,4.632492780685425,0.22131977593600125,CVPF,cracker_scene4,70,old
1968,4.634580612182617,0.22131977593600125,CVPF,cracker_scene4,70,old
1969,4.636820077896118,0.22147224401774024,CVPF,cracker_scene4,70,old
1970,4.639061212539673,0.22147224401774024,CVPF,cracker_scene4,70,old
1971,4.641175270080566,0.22147224401774024,CVPF,cracker_scene4,70,old
1972,4.643221139907837,0.22147224401774024,CVPF,cracker_scene4,70,old
1973,4.645533323287964,0.22002912919045292,CVPF,cracker_scene4,70,old
1974,4.647853136062622,0.22002912919045292,CVPF,cracker_scene4,70,old
1975,4.65002703666687,0.22002912919045292,CVPF,cracker_scene4,70,old
1976,4.652257680892944,0.21983240189431028,CVPF,cracker_scene4,70,old
1977,4.654460668563843,0.21983240189431028,CVPF,cracker_scene4,70,old
1978,4.656622409820557,0.21983240189431028,CVPF,cracker_scene4,70,old
1979,4.658684968948364,0.21983240189431028,CVPF,cracker_scene4,70,old
1980,4.660887718200684,0.2227453831084311,CVPF,cracker_scene4,70,old
1981,4.663079261779785,0.2228474293749617,CVPF,cracker_scene4,70,old
1982,4.665388107299805,0.2228474293749617,CVPF,cracker_scene4,70,old
1983,4.667478084564209,0.2228474293749617,CVPF,cracker_scene4,70,old
1984,4.669717311859131,0.22276890985159709,CVPF,cracker_scene4,70,old
1985,4.671918153762817,0.22276890985159709,CVPF,cracker_scene4,70,old
1986,4.67410135269165,0.22276890985159709,CVPF,cracker_scene4,70,old
1987,4.676191568374634,0.22276890985159709,CVPF,cracker_scene4,70,old
1988,4.678457975387573,0.22103181650390477,CVPF,cracker_scene4,70,old
1989,4.680633783340454,0.22103181650390477,CVPF,cracker_scene4,70,old
1990,4.682783126831055,0.22103181650390477,CVPF,cracker_scene4,70,old
1991,4.684874534606934,0.22103181650390477,CVPF,cracker_scene4,70,old
1992,4.687191963195801,0.22141163383721796,CVPF,cracker_scene4,70,old
1993,4.689442157745361,0.22141163383721796,CVPF,cracker_scene4,70,old
1994,4.691493034362793,0.22141163383721796,CVPF,cracker_scene4,70,old
1995,4.693706035614014,0.22016627859448887,CVPF,cracker_scene4,70,old
1996,4.695910692214966,0.22016627859448887,CVPF,cracker_scene4,70,old
1997,4.6981165409088135,0.22016627859448887,CVPF,cracker_scene4,70,old
1998,4.700160503387451,0.22016627859448887,CVPF,cracker_scene4,70,old
1999,4.70254373550415,0.22129671980825796,CVPF,cracker_scene4,70,old
2000,4.70475435256958,0.22129671980825796,CVPF,cracker_scene4,70,old
2001,4.707078218460083,0.22129671980825796,CVPF,cracker_scene4,70,old
2002,4.709219455718994,0.22129671980825796,CVPF,cracker_scene4,70,old
2003,4.711405277252197,0.2214205529893661,CVPF,cracker_scene4,70,old
2004,4.713535308837891,0.2214205529893661,CVPF,cracker_scene4,70,old
2005,4.715564489364624,0.2214205529893661,CVPF,cracker_scene4,70,old
2006,4.717617750167847,0.2214205529893661,CVPF,cracker_scene4,70,old
2007,4.7198309898376465,0.2213408231585566,CVPF,cracker_scene4,70,old
2008,4.72183084487915,0.2213408231585566,CVPF,cracker_scene4,70,old
2009,4.723867893218994,0.2213408231585566,CVPF,cracker_scene4,70,old
2010,4.725916385650635,0.2213408231585566,CVPF,cracker_scene4,70,old
2011,4.728089809417725,0.22145631740766855,CVPF,cracker_scene4,70,old
2012,4.730436086654663,0.22145631740766855,CVPF,cracker_scene4,70,old
2013,4.732576370239258,0.22145631740766855,CVPF,cracker_scene4,70,old
2014,4.734691619873047,0.22145631740766855,CVPF,cracker_scene4,70,old
2015,4.737409830093384,0.2200122405755163,CVPF,cracker_scene4,70,old
2016,4.7403764724731445,0.2200122405755163,CVPF,cracker_scene4,70,old
2017,4.74339747428894,0.22009620629452786,CVPF,cracker_scene4,70,old
2018,4.746341705322266,0.22009620629452786,CVPF,cracker_scene4,70,old
2019,4.74928092956543,0.22331397051401394,CVPF,cracker_scene4,70,old
2020,4.752187728881836,0.22133413474500566,CVPF,cracker_scene4,70,old
2021,4.755094766616821,0.22105503826063813,CVPF,cracker_scene4,70,old
2022,4.758089065551758,0.22105503826063813,CVPF,cracker_scene4,70,old
2023,4.760900259017944,0.22103594010743471,CVPF,cracker_scene4,70,old
2024,4.763824939727783,0.22103594010743471,CVPF,cracker_scene4,70,old
2025,4.7667107582092285,0.22103594010743471,CVPF,cracker_scene4,70,old
2026,4.770177125930786,0.2062583941149148,CVPF,cracker_scene4,70,old
2027,4.7733001708984375,0.2062583941149148,CVPF,cracker_scene4,70,old
2028,4.776085376739502,0.20425133783846158,CVPF,cracker_scene4,70,old
2029,4.779090881347656,0.20425557489803878,CVPF,cracker_scene4,70,old
2030,4.782015800476074,0.20425557489803878,CVPF,cracker_scene4,70,old
2031,4.784891366958618,0.20425557489803878,CVPF,cracker_scene4,70,old
2032,4.787842750549316,0.20622934802358125,CVPF,cracker_scene4,70,old
2033,4.790647983551025,0.20622934802358125,CVPF,cracker_scene4,70,old
2034,4.792920827865601,0.20622934802358125,CVPF,cracker_scene4,70,old
2035,4.7950825691223145,0.2046815020044069,CVPF,cracker_scene4,70,old
2036,4.797267436981201,0.2046815020044069,CVPF,cracker_scene4,70,old
2037,4.799461364746094,0.2046815020044069,CVPF,cracker_scene4,70,old
2038,4.801499366760254,0.2046815020044069,CVPF,cracker_scene4,70,old
2039,4.803717851638794,0.20638973779470668,CVPF,cracker_scene4,70,old
2040,4.805912017822266,0.20638973779470668,CVPF,cracker_scene4,70,old
2041,4.80811333656311,0.20638973779470668,CVPF,cracker_scene4,70,old
2042,4.810277938842773,0.2043270176753313,CVPF,cracker_scene4,70,old
2043,4.812398910522461,0.2043270176753313,CVPF,cracker_scene4,70,old
2044,4.814569711685181,0.2043270176753313,CVPF,cracker_scene4,70,old
2045,4.816756010055542,0.2043270176753313,CVPF,cracker_scene4,70,old
2046,4.8189637660980225,0.20429648764237737,CVPF,cracker_scene4,70,old
2047,4.821140766143799,0.20429648764237737,CVPF,cracker_scene4,70,old
2048,4.823314905166626,0.20429648764237737,CVPF,cracker_scene4,70,old
2049,4.825405120849609,0.20429648764237737,CVPF,cracker_scene4,70,old
2050,4.827620983123779,0.20412886410124628,CVPF,cracker_scene4,70,old
2051,4.829851388931274,0.20412886410124628,CVPF,cracker_scene4,70,old
2052,4.831998109817505,0.20412886410124628,CVPF,cracker_scene4,70,old
2053,4.834032773971558,0.20412886410124628,CVPF,cracker_scene4,70,old
2054,4.836220026016235,0.20582676261211244,CVPF,cracker_scene4,70,old
2055,4.838461399078369,0.20582676261211244,CVPF,cracker_scene4,70,old
2056,4.840641736984253,0.20582676261211244,CVPF,cracker_scene4,70,old
2057,4.842670440673828,0.20582676261211244,CVPF,cracker_scene4,70,old
2058,4.844930648803711,0.2028612316026378,CVPF,cracker_scene4,70,old
2059,4.84717321395874,0.20282163715476698,CVPF,cracker_scene4,70,old
2060,4.849395990371704,0.20282163715476698,CVPF,cracker_scene4,70,old
2061,4.851483106613159,0.20282163715476698,CVPF,cracker_scene4,70,old
2062,4.853675842285156,0.20419033535673803,CVPF,cracker_scene4,70,old
2063,4.855791091918945,0.20419033535673803,CVPF,cracker_scene4,70,old
2064,4.857985496520996,0.20419033535673803,CVPF,cracker_scene4,70,old
2065,4.860243320465088,0.204151281874691,CVPF,cracker_scene4,70,old
2066,4.862411975860596,0.204151281874691,CVPF,cracker_scene4,70,old
2067,4.864574670791626,0.204151281874691,CVPF,cracker_scene4,70,old
2068,4.86659574508667,0.204151281874691,CVPF,cracker_scene4,70,old
2069,4.868901491165161,0.20411213928361832,CVPF,cracker_scene4,70,old
2070,4.871153354644775,0.20414425536730027,CVPF,cracker_scene4,70,old
2071,4.87325119972229,0.20414425536730027,CVPF,cracker_scene4,70,old
2072,4.875252723693848,0.20414425536730027,CVPF,cracker_scene4,70,old
2073,4.877486705780029,0.20272961854830765,CVPF,cracker_scene4,70,old
2074,4.879647254943848,0.20272961854830765,CVPF,cracker_scene4,70,old
2075,4.88183331489563,0.20272961854830765,CVPF,cracker_scene4,70,old
2076,4.883856296539307,0.20272961854830765,CVPF,cracker_scene4,70,old
2077,4.886033296585083,0.20431959404038624,CVPF,cracker_scene4,70,old
2078,4.888226270675659,0.20431959404038624,CVPF,cracker_scene4,70,old
2079,4.890403509140015,0.20431959404038624,CVPF,cracker_scene4,70,old
2080,4.892686367034912,0.20579060241365402,CVPF,cracker_scene4,70,old
2081,4.894949913024902,0.20565519668570903,CVPF,cracker_scene4,70,old
2082,4.897122383117676,0.20565519668570903,CVPF,cracker_scene4,70,old
2083,4.899323463439941,0.20565519668570903,CVPF,cracker_scene4,70,old
2084,4.90138840675354,0.20565519668570903,CVPF,cracker_scene4,70,old
2085,4.903652906417847,0.2045620968227411,CVPF,cracker_scene4,70,old
2086,4.9058449268341064,0.2045620968227411,CVPF,cracker_scene4,70,old
2087,4.90825629234314,0.2045620968227411,CVPF,cracker_scene4,70,old
2088,4.910494089126587,0.20453248543785266,CVPF,cracker_scene4,70,old
2089,4.912829637527466,0.20414885831683294,CVPF,cracker_scene4,70,old
2090,4.915486574172974,0.20414885831683294,CVPF,cracker_scene4,70,old
2091,4.918385028839111,0.20396250896247292,CVPF,cracker_scene4,70,old
2092,4.922086715698242,0.20887808484429823,CVPF,cracker_scene4,70,old
2093,4.925024747848511,0.20887808484429823,CVPF,cracker_scene4,70,old
2094,4.928048610687256,0.20904158234845396,CVPF,cracker_scene4,70,old
2095,4.930980682373047,0.20904158234845396,CVPF,cracker_scene4,70,old
2096,4.933769941329956,0.20904158234845396,CVPF,cracker_scene4,70,old
2097,4.9366774559021,0.20920237701640745,CVPF,cracker_scene4,70,old
2098,4.939717054367065,0.20920237701640745,CVPF,cracker_scene4,70,old
2099,4.942541599273682,0.20920237701640745,CVPF,cracker_scene4,70,old
2100,4.945348501205444,0.20920237701640745,CVPF,cracker_scene4,70,old
2101,4.94828462600708,0.20905162409663708,CVPF,cracker_scene4,70,old
2102,4.951115369796753,0.20905162409663708,CVPF,cracker_scene4,70,old
2103,4.953928470611572,0.20905162409663708,CVPF,cracker_scene4,70,old
2104,4.956753969192505,0.20905162409663708,CVPF,cracker_scene4,70,old
2105,4.959616422653198,0.20905162409663708,CVPF,cracker_scene4,70,old
2106,4.962458848953247,0.20905162409663708,CVPF,cracker_scene4,70,old
2107,4.9653472900390625,0.20912996127827463,CVPF,cracker_scene4,70,old
2108,4.968217372894287,0.20912996127827463,CVPF,cracker_scene4,70,old
2109,4.971110820770264,0.20912996127827463,CVPF,cracker_scene4,70,old
2110,4.974135875701904,0.20910916841727714,CVPF,cracker_scene4,70,old
2111,4.977013111114502,0.2090586987070256,CVPF,cracker_scene4,70,old
2112,4.9798712730407715,0.2090586987070256,CVPF,cracker_scene4,70,old
2113,4.982881307601929,0.2090586987070256,CVPF,cracker_scene4,70,old
2114,4.985666990280151,0.20902949190940065,CVPF,cracker_scene4,70,old
2115,4.988504409790039,0.20867157868698122,CVPF,cracker_scene4,70,old
2116,4.991482257843018,0.20867157868698122,CVPF,cracker_scene4,70,old
2117,4.99425482749939,0.20867157868698122,CVPF,cracker_scene4,70,old
2118,4.996548175811768,0.20893522777279533,CVPF,cracker_scene4,70,old
2119,4.9988861083984375,0.20893522777279533,CVPF,cracker_scene4,70,old
2120,5.001082181930542,0.20893522777279533,CVPF,cracker_scene4,70,old
2121,5.003196477890015,0.20893522777279533,CVPF,cracker_scene4,70,old
2122,5.005334854125977,0.20893522777279533,CVPF,cracker_scene4,70,old
2123,5.007541179656982,0.21017694862679293,CVPF,cracker_scene4,70,old
2124,5.00960373878479,0.21017694862679293,CVPF,cracker_scene4,70,old
2125,5.011624097824097,0.21017694862679293,CVPF,cracker_scene4,70,old
2126,5.013807058334351,0.21017694862679293,CVPF,cracker_scene4,70,old
2127,5.0161051750183105,0.21017694862679293,CVPF,cracker_scene4,70,old
2128,5.018318176269531,0.20928199327586944,CVPF,cracker_scene4,70,old
2129,5.020455360412598,0.20928199327586944,CVPF,cracker_scene4,70,old
2130,5.022621154785156,0.20928199327586944,CVPF,cracker_scene4,70,old
2131,5.024787425994873,0.20928199327586944,CVPF,cracker_scene4,70,old
2132,5.026927947998047,0.20928199327586944,CVPF,cracker_scene4,70,old
2133,5.029155492782593,0.2093568146393195,CVPF,cracker_scene4,70,old
2134,5.031339168548584,0.2089420384141476,CVPF,cracker_scene4,70,old
2135,5.033453941345215,0.2089420384141476,CVPF,cracker_scene4,70,old
2136,5.035526990890503,0.2089420384141476,CVPF,cracker_scene4,70,old
2137,5.037749290466309,0.2089420384141476,CVPF,cracker_scene4,70,old
2138,5.039992094039917,0.20900496718267164,CVPF,cracker_scene4,70,old
2139,5.042112588882446,0.20904076882631398,CVPF,cracker_scene4,70,old
2140,5.044229745864868,0.20904076882631398,CVPF,cracker_scene4,70,old
2141,5.046457529067993,0.20904076882631398,CVPF,cracker_scene4,70,old
2142,5.048766613006592,0.20904076882631398,CVPF,cracker_scene4,70,old
2143,5.050865650177002,0.20904076882631398,CVPF,cracker_scene4,70,old
2144,5.053083181381226,0.20899259077823581,CVPF,cracker_scene4,70,old
2145,5.055299997329712,0.20899259077823581,CVPF,cracker_scene4,70,old
2146,5.05752420425415,0.20899259077823581,CVPF,cracker_scene4,70,old
2147,5.059720516204834,0.20899259077823581,CVPF,cracker_scene4,70,old
2148,5.06212306022644,0.20875997214295622,CVPF,cracker_scene4,70,old
2149,5.0644371509552,0.20875997214295622,CVPF,cracker_scene4,70,old
2150,5.066602945327759,0.20875997214295622,CVPF,cracker_scene4,70,old
2151,5.068729877471924,0.20875997214295622,CVPF,cracker_scene4,70,old
2152,5.071055173873901,0.20875997214295622,CVPF,cracker_scene4,70,old
2153,5.073144435882568,0.20875997214295622,CVPF,cracker_scene4,70,old
2154,5.075212717056274,0.20875997214295622,CVPF,cracker_scene4,70,old
2155,5.077318906784058,0.20901478712180988,CVPF,cracker_scene4,70,old
2156,5.079631090164185,0.20901478712180988,CVPF,cracker_scene4,70,old
2157,5.08249306678772,0.20246896441156848,CVPF,cracker_scene4,70,old
2158,5.08465576171875,0.20246896441156848,CVPF,cracker_scene4,70,old
2159,5.086822748184204,0.20246896441156848,CVPF,cracker_scene4,70,old
2160,5.0891642570495605,0.20222684322001405,CVPF,cracker_scene4,70,old
2161,5.0912957191467285,0.20222684322001405,CVPF,cracker_scene4,70,old
2162,5.093563556671143,0.20244206654585142,CVPF,cracker_scene4,70,old
2163,5.095733642578125,0.20244206654585142,CVPF,cracker_scene4,70,old
2164,5.098008394241333,0.20243783326316317,CVPF,cracker_scene4,70,old
2165,5.100260496139526,0.20243959953448232,CVPF,cracker_scene4,70,old
2166,5.102426528930664,0.20243959953448232,CVPF,cracker_scene4,70,old
2167,5.10471248626709,0.20252898143243375,CVPF,cracker_scene4,70,old
2168,5.107013463973999,0.20252898143243375,CVPF,cracker_scene4,70,old
2169,5.109236717224121,0.20242959517720746,CVPF,cracker_scene4,70,old
2170,5.111461162567139,0.20242959517720746,CVPF,cracker_scene4,70,old
2171,5.113766193389893,0.20230558642860802,CVPF,cracker_scene4,70,old
2172,5.115931034088135,0.20230558642860802,CVPF,cracker_scene4,70,old
2173,5.118162155151367,0.20230558642860802,CVPF,cracker_scene4,70,old
2174,5.120486736297607,0.20244305741939084,CVPF,cracker_scene4,70,old
2175,5.1226441860198975,0.20244305741939084,CVPF,cracker_scene4,70,old
2176,5.124955892562866,0.2024202891610459,CVPF,cracker_scene4,70,old
2177,5.1271514892578125,0.2024202891610459,CVPF,cracker_scene4,70,old
2178,5.129456996917725,0.2019495716456858,CVPF,cracker_scene4,70,old
2179,5.131614685058594,0.2019495716456858,CVPF,cracker_scene4,70,old
2180,5.13383150100708,0.20163625178492378,CVPF,cracker_scene4,70,old
2181,5.136203289031982,0.20190690414116358,CVPF,cracker_scene4,70,old
2182,5.138476133346558,0.20190690414116358,CVPF,cracker_scene4,70,old
2183,5.140779256820679,0.20197180409298768,CVPF,cracker_scene4,70,old
2184,5.1430275440216064,0.20228373047273754,CVPF,cracker_scene4,70,old
2185,5.1452929973602295,0.20197056957943754,CVPF,cracker_scene4,70,old
2186,5.147490501403809,0.20197056957943754,CVPF,cracker_scene4,70,old
2187,5.149620056152344,0.20197056957943754,CVPF,cracker_scene4,70,old
2188,5.1517369747161865,0.20197056957943754,CVPF,cracker_scene4,70,old
2189,5.153993606567383,0.20241222300880682,CVPF,cracker_scene4,70,old
2190,5.156225204467773,0.2026428851518651,CVPF,cracker_scene4,70,old
2191,5.158219337463379,0.2026428851518651,CVPF,cracker_scene4,70,old
2192,5.160396575927734,0.20436979862168342,CVPF,cracker_scene4,70,old
2193,5.162814140319824,0.20436979862168342,CVPF,cracker_scene4,70,old
2194,5.164932727813721,0.20436979862168342,CVPF,cracker_scene4,70,old
2195,5.166960954666138,0.20436979862168342,CVPF,cracker_scene4,70,old
2196,5.169180631637573,0.2041916937323067,CVPF,cracker_scene4,70,old
2197,5.171512603759766,0.2022046665073055,CVPF,cracker_scene4,70,old
2198,5.173922538757324,0.2022046665073055,CVPF,cracker_scene4,70,old
2199,5.175966024398804,0.2022046665073055,CVPF,cracker_scene4,70,old
2200,5.178263425827026,0.20209263576873712,CVPF,cracker_scene4,70,old
2201,5.180526494979858,0.20209263576873712,CVPF,cracker_scene4,70,old
2202,5.1827356815338135,0.20209263576873712,CVPF,cracker_scene4,70,old
2203,5.184834003448486,0.20209263576873712,CVPF,cracker_scene4,70,old
2204,5.187070846557617,0.20220243395392942,CVPF,cracker_scene4,70,old
2205,5.189270257949829,0.20220243395392942,CVPF,cracker_scene4,70,old
2206,5.191470384597778,0.20220243395392942,CVPF,cracker_scene4,70,old
2207,5.193702459335327,0.20229727281102108,CVPF,cracker_scene4,70,old
2208,5.195876836776733,0.20229727281102108,CVPF,cracker_scene4,70,old
2209,5.198042154312134,0.20229727281102108,CVPF,cracker_scene4,70,old
2210,5.200218915939331,0.20229727281102108,CVPF,cracker_scene4,70,old
2211,5.202885627746582,0.20236632645094618,CVPF,cracker_scene4,70,old
2212,5.205378532409668,0.2021793995429673,CVPF,cracker_scene4,70,old
2213,5.207496643066406,0.2021793995429673,CVPF,cracker_scene4,70,old
2214,5.209577560424805,0.2021793995429673,CVPF,cracker_scene4,70,old
2215,5.2120201587677,0.2016206442108161,CVPF,cracker_scene4,70,old
2216,5.214434623718262,0.2016206442108161,CVPF,cracker_scene4,70,old
2217,5.216582775115967,0.2016206442108161,CVPF,cracker_scene4,70,old
2218,5.21892786026001,0.20222300624500553,CVPF,cracker_scene4,70,old
2219,5.221147537231445,0.20222300624500553,CVPF,cracker_scene4,70,old
2220,5.223338603973389,0.20222300624500553,CVPF,cracker_scene4,70,old
2221,5.225364685058594,0.20222300624500553,CVPF,cracker_scene4,70,old
2222,5.227674961090088,0.2021727333610428,CVPF,cracker_scene4,70,old
2223,5.229967355728149,0.2021727333610428,CVPF,cracker_scene4,70,old
2224,5.232339859008789,0.2021727333610428,CVPF,cracker_scene4,70,old
2225,5.234511852264404,0.2021727333610428,CVPF,cracker_scene4,70,old
2226,5.236808776855469,0.2021176531499401,CVPF,cracker_scene4,70,old
2227,5.239185810089111,0.2021176531499401,CVPF,cracker_scene4,70,old
2228,5.24224066734314,0.20290719791731338,CVPF,cracker_scene4,70,old
2229,5.244646310806274,0.2029247634179611,CVPF,cracker_scene4,70,old
2230,5.246978521347046,0.2029247634179611,CVPF,cracker_scene4,70,old
2231,5.249112606048584,0.2029247634179611,CVPF,cracker_scene4,70,old
2232,5.25130820274353,0.2029247634179611,CVPF,cracker_scene4,70,old
2233,5.253582954406738,0.2029324171590432,CVPF,cracker_scene4,70,old
2234,5.255801677703857,0.2029324171590432,CVPF,cracker_scene4,70,old
2235,5.257944822311401,0.2029324171590432,CVPF,cracker_scene4,70,old
2236,5.260193824768066,0.2030059632089634,CVPF,cracker_scene4,70,old
2237,5.262385606765747,0.20294166209384748,CVPF,cracker_scene4,70,old
2238,5.264561891555786,0.20294166209384748,CVPF,cracker_scene4,70,old
2239,5.266800880432129,0.20294166209384748,CVPF,cracker_scene4,70,old
2240,5.268967866897583,0.20284731354603802,CVPF,cracker_scene4,70,old
2241,5.271275043487549,0.20284731354603802,CVPF,cracker_scene4,70,old
2242,5.273469924926758,0.20284731354603802,CVPF,cracker_scene4,70,old
2243,5.2754786014556885,0.20284731354603802,CVPF,cracker_scene4,70,old
2244,5.277715444564819,0.20292709524886104,CVPF,cracker_scene4,70,old
2245,5.2799131870269775,0.20292709524886104,CVPF,cracker_scene4,70,old
2246,5.282052993774414,0.20292709524886104,CVPF,cracker_scene4,70,old
2247,5.284296751022339,0.20292709524886104,CVPF,cracker_scene4,70,old
2248,5.286641359329224,0.20395687035634197,CVPF,cracker_scene4,70,old
2249,5.288941383361816,0.20395687035634197,CVPF,cracker_scene4,70,old
2250,5.291217565536499,0.20395687035634197,CVPF,cracker_scene4,70,old
2251,5.293318033218384,0.20445581451351594,CVPF,cracker_scene4,70,old
2252,5.295711517333984,0.20291833027970052,CVPF,cracker_scene4,70,old
2253,5.297917604446411,0.20291833027970052,CVPF,cracker_scene4,70,old
2254,5.300062417984009,0.20291833027970052,CVPF,cracker_scene4,70,old
2255,5.3022987842559814,0.20287781765636562,CVPF,cracker_scene4,70,old
2256,5.3046135902404785,0.20293408106650032,CVPF,cracker_scene4,70,old
2257,5.306918382644653,0.20293408106650032,CVPF,cracker_scene4,70,old
2258,5.309025049209595,0.20293408106650032,CVPF,cracker_scene4,70,old
2259,5.311357736587524,0.20457332233183667,CVPF,cracker_scene4,70,old
2260,5.313512325286865,0.20457332233183667,CVPF,cracker_scene4,70,old
2261,5.315785646438599,0.20457332233183667,CVPF,cracker_scene4,70,old
2262,5.317870616912842,0.20457332233183667,CVPF,cracker_scene4,70,old
2263,5.320146560668945,0.2030994295485345,CVPF,cracker_scene4,70,old
2264,5.322397470474243,0.2030994295485345,CVPF,cracker_scene4,70,old
2265,5.324458599090576,0.2030994295485345,CVPF,cracker_scene4,70,old
2266,5.326494455337524,0.20299950747744053,CVPF,cracker_scene4,70,old
2267,5.32865309715271,0.20271891398965364,CVPF,cracker_scene4,70,old
2268,5.3308844566345215,0.20271891398965364,CVPF,cracker_scene4,70,old
2269,5.332933187484741,0.20271891398965364,CVPF,cracker_scene4,70,old
2270,5.335196018218994,0.20294246378603545,CVPF,cracker_scene4,70,old
2271,5.33742356300354,0.20294246378603545,CVPF,cracker_scene4,70,old
2272,5.339682579040527,0.20294246378603545,CVPF,cracker_scene4,70,old
2273,5.341785907745361,0.20294246378603545,CVPF,cracker_scene4,70,old
2274,5.3439226150512695,0.20294246378603545,CVPF,cracker_scene4,70,old
2275,5.346158742904663,0.2047380363087322,CVPF,cracker_scene4,70,old
2276,5.348346471786499,0.2047380363087322,CVPF,cracker_scene4,70,old
2277,5.350553750991821,0.2047380363087322,CVPF,cracker_scene4,70,old
2278,5.352759838104248,0.2047380363087322,CVPF,cracker_scene4,70,old
2279,5.354905366897583,0.2028387813042442,CVPF,cracker_scene4,70,old
2280,5.356991291046143,0.2028387813042442,CVPF,cracker_scene4,70,old
2281,5.359036445617676,0.2028387813042442,CVPF,cracker_scene4,70,old
2282,5.3612940311431885,0.2028387813042442,CVPF,cracker_scene4,70,old
2283,5.363621234893799,0.2044097886267836,CVPF,cracker_scene4,70,old
2284,5.365752696990967,0.20439559277370073,CVPF,cracker_scene4,70,old
2285,5.36788272857666,0.20439559277370073,CVPF,cracker_scene4,70,old
2286,5.370011568069458,0.20439559277370073,CVPF,cracker_scene4,70,old
2287,5.372338056564331,0.20439559277370073,CVPF,cracker_scene4,70,old
2288,5.374646902084351,0.20284602667970833,CVPF,cracker_scene4,70,old
2289,5.376723766326904,0.20284602667970833,CVPF,cracker_scene4,70,old
2290,5.378863334655762,0.20284602667970833,CVPF,cracker_scene4,70,old
2291,5.38114595413208,0.20284602667970833,CVPF,cracker_scene4,70,old
2292,5.383527517318726,0.20284602667970833,CVPF,cracker_scene4,70,old
2293,5.385835647583008,0.20295079523788828,CVPF,cracker_scene4,70,old
2294,5.388127088546753,0.20295079523788828,CVPF,cracker_scene4,70,old
2295,5.39028263092041,0.20295079523788828,CVPF,cracker_scene4,70,old
2296,5.392589092254639,0.20295079523788828,CVPF,cracker_scene4,70,old
2297,5.394715785980225,0.20295079523788828,CVPF,cracker_scene4,70,old
2298,5.3969199657440186,0.20295079523788828,CVPF,cracker_scene4,70,old
2299,5.399979114532471,0.2032223845302215,CVPF,cracker_scene4,70,old
2300,5.403789043426514,0.21339234107443641,CVPF,cracker_scene4,70,old
2301,5.406053066253662,0.2129499402783021,CVPF,cracker_scene4,70,old
2302,5.408297061920166,0.21299403080699572,CVPF,cracker_scene4,70,old
2303,5.410390853881836,0.21299403080699572,CVPF,cracker_scene4,70,old
2304,5.412524461746216,0.21299403080699572,CVPF,cracker_scene4,70,old
2305,5.414792776107788,0.21299403080699572,CVPF,cracker_scene4,70,old
2306,5.417054176330566,0.213003909036281,CVPF,cracker_scene4,70,old
2307,5.419290065765381,0.213003909036281,CVPF,cracker_scene4,70,old
2308,5.421440601348877,0.213003909036281,CVPF,cracker_scene4,70,old
2309,5.423527240753174,0.213003909036281,CVPF,cracker_scene4,70,old
2310,5.425696611404419,0.213003909036281,CVPF,cracker_scene4,70,old
2311,5.427908897399902,0.21320229263703322,CVPF,cracker_scene4,70,old
2312,5.430020093917847,0.21320229263703322,CVPF,cracker_scene4,70,old
2313,5.4321982860565186,0.21320229263703322,CVPF,cracker_scene4,70,old
2314,5.434330463409424,0.21320229263703322,CVPF,cracker_scene4,70,old
2315,5.4365129470825195,0.21320229263703322,CVPF,cracker_scene4,70,old
2316,5.43862771987915,0.21320229263703322,CVPF,cracker_scene4,70,old
2317,5.440839767456055,0.21302507272384638,CVPF,cracker_scene4,70,old
2318,5.442913055419922,0.21302507272384638,CVPF,cracker_scene4,70,old
2319,5.445032835006714,0.21302507272384638,CVPF,cracker_scene4,70,old
2320,5.447298765182495,0.21302507272384638,CVPF,cracker_scene4,70,old
2321,5.449586868286133,0.21306002939247687,CVPF,cracker_scene4,70,old
2322,5.4517316818237305,0.21308160589345984,CVPF,cracker_scene4,70,old
2323,5.4539453983306885,0.21308160589345984,CVPF,cracker_scene4,70,old
2324,5.456075191497803,0.21308160589345984,CVPF,cracker_scene4,70,old
2325,5.458099842071533,0.21308160589345984,CVPF,cracker_scene4,70,old
2326,5.460185289382935,0.21308160589345984,CVPF,cracker_scene4,70,old
2327,5.4624223709106445,0.21308160589345984,CVPF,cracker_scene4,70,old
2328,5.464677095413208,0.2145272847216785,CVPF,cracker_scene4,70,old
2329,5.467073440551758,0.21420155558246773,CVPF,cracker_scene4,70,old
2330,5.469182968139648,0.21420155558246773,CVPF,cracker_scene4,70,old
2331,5.471429109573364,0.21420155558246773,CVPF,cracker_scene4,70,old
2332,5.473493576049805,0.21420155558246773,CVPF,cracker_scene4,70,old
2333,5.47579026222229,0.21269658688867737,CVPF,cracker_scene4,70,old
2334,5.478020429611206,0.21308517071110303,CVPF,cracker_scene4,70,old
2335,5.480375528335571,0.2126932510812368,CVPF,cracker_scene4,70,old
2336,5.48258113861084,0.2126932510812368,CVPF,cracker_scene4,70,old
2337,5.484769821166992,0.2127571819275966,CVPF,cracker_scene4,70,old
2338,5.487032651901245,0.21316889512108342,CVPF,cracker_scene4,70,old
2339,5.4893798828125,0.21470448789539046,CVPF,cracker_scene4,70,old
2340,5.491658926010132,0.21470448789539046,CVPF,cracker_scene4,70,old
2341,5.493972539901733,0.21308137880531364,CVPF,cracker_scene4,70,old
2342,5.496327877044678,0.21308137880531364,CVPF,cracker_scene4,70,old
2343,5.4986913204193115,0.21311113476979557,CVPF,cracker_scene4,70,old
2344,5.500889539718628,0.21311113476979557,CVPF,cracker_scene4,70,old
2345,5.50309419631958,0.21301728544538526,CVPF,cracker_scene4,70,old
2346,5.505427837371826,0.21313269951785754,CVPF,cracker_scene4,70,old
2347,5.5079426765441895,0.2129306001552867,CVPF,cracker_scene4,70,old
2348,5.510149717330933,0.2129306001552867,CVPF,cracker_scene4,70,old
2349,5.512600660324097,0.21315733483964452,CVPF,cracker_scene4,70,old
2350,5.514925718307495,0.21300403121377562,CVPF,cracker_scene4,70,old
2351,5.517040491104126,0.21300403121377562,CVPF,cracker_scene4,70,old
2352,5.519347429275513,0.2127735669282063,CVPF,cracker_scene4,70,old
2353,5.521528482437134,0.2127735669282063,CVPF,cracker_scene4,70,old
2354,5.523773431777954,0.2127735669282063,CVPF,cracker_scene4,70,old
2355,5.526105880737305,0.2127735669282063,CVPF,cracker_scene4,70,old
2356,5.528361558914185,0.2127929167442169,CVPF,cracker_scene4,70,old
2357,5.530547142028809,0.2127929167442169,CVPF,cracker_scene4,70,old
2358,5.532670021057129,0.2127929167442169,CVPF,cracker_scene4,70,old
2359,5.534790992736816,0.2127929167442169,CVPF,cracker_scene4,70,old
2360,5.537034034729004,0.21298344318259152,CVPF,cracker_scene4,70,old
2361,5.539198637008667,0.21298344318259152,CVPF,cracker_scene4,70,old
2362,5.541558504104614,0.21298344318259152,CVPF,cracker_scene4,70,old
2363,5.54388165473938,0.21288199513521744,CVPF,cracker_scene4,70,old
2364,5.546849012374878,0.21288199513521744,CVPF,cracker_scene4,70,old
2365,5.549154996871948,0.21288199513521744,CVPF,cracker_scene4,70,old
2366,5.551539182662964,0.21311055484468275,CVPF,cracker_scene4,70,old
2367,5.554631233215332,0.21291796555891337,CVPF,cracker_scene4,70,old
2368,5.556960105895996,0.21291796555891337,CVPF,cracker_scene4,70,old
2369,5.5591511726379395,0.21291796555891337,CVPF,cracker_scene4,70,old
2370,5.56158447265625,0.212788316568398,CVPF,cracker_scene4,70,old
2371,5.564917087554932,0.21431851245538888,CVPF,cracker_scene4,70,old
2372,5.567697048187256,0.21431851245538888,CVPF,cracker_scene4,70,old
2373,5.570724010467529,0.21392852728447376,CVPF,cracker_scene4,70,old
2374,5.573633909225464,0.21392852728447376,CVPF,cracker_scene4,70,old
2375,5.576106548309326,0.21392852728447376,CVPF,cracker_scene4,70,old
2376,5.578339099884033,0.21453018825167378,CVPF,cracker_scene4,70,old
2377,5.580519914627075,0.21453018825167378,CVPF,cracker_scene4,70,old
2378,5.582828521728516,0.21453018825167378,CVPF,cracker_scene4,70,old
2379,5.585172414779663,0.21447098188147942,CVPF,cracker_scene4,70,old
2380,5.587418794631958,0.21447098188147942,CVPF,cracker_scene4,70,old
2381,5.589599132537842,0.21447098188147942,CVPF,cracker_scene4,70,old
2382,5.591672420501709,0.21447098188147942,CVPF,cracker_scene4,70,old
2383,5.593918561935425,0.21437207322618754,CVPF,cracker_scene4,70,old
2384,5.596155643463135,0.21431321645342008,CVPF,cracker_scene4,70,old
2385,5.598264455795288,0.21431321645342008,CVPF,cracker_scene4,70,old
2386,5.600334167480469,0.21431321645342008,CVPF,cracker_scene4,70,old
2387,5.602729320526123,0.21440490801513098,CVPF,cracker_scene4,70,old
2388,5.604894399642944,0.21440490801513098,CVPF,cracker_scene4,70,old
2389,5.607114791870117,0.21440490801513098,CVPF,cracker_scene4,70,old
2390,5.609163284301758,0.21440490801513098,CVPF,cracker_scene4,70,old
2391,5.611417055130005,0.2146206099249786,CVPF,cracker_scene4,70,old
2392,5.613800525665283,0.2146206099249786,CVPF,cracker_scene4,70,old
2393,5.616150140762329,0.2146206099249786,CVPF,cracker_scene4,70,old
2394,5.618410110473633,0.21489108966403395,CVPF,cracker_scene4,70,old
2395,5.620744705200195,0.21489108966403395,CVPF,cracker_scene4,70,old
2396,5.623100996017456,0.21489108966403395,CVPF,cracker_scene4,70,old
2397,5.625181436538696,0.21489108966403395,CVPF,cracker_scene4,70,old
2398,5.627503871917725,0.2146776323618717,CVPF,cracker_scene4,70,old
2399,5.629854202270508,0.2146776323618717,CVPF,cracker_scene4,70,old
2400,5.6321375370025635,0.2146776323618717,CVPF,cracker_scene4,70,old
2401,5.634262561798096,0.2146776323618717,CVPF,cracker_scene4,70,old
2402,5.636571168899536,0.21460007746995913,CVPF,cracker_scene4,70,old
2403,5.63877272605896,0.21460007746995913,CVPF,cracker_scene4,70,old
2404,5.640908479690552,0.21460007746995913,CVPF,cracker_scene4,70,old
2405,5.643011093139648,0.21460007746995913,CVPF,cracker_scene4,70,old
2406,5.64531683921814,0.2146129357925292,CVPF,cracker_scene4,70,old
2407,5.647465705871582,0.2146129357925292,CVPF,cracker_scene4,70,old
2408,5.64952826499939,0.2146129357925292,CVPF,cracker_scene4,70,old
2409,5.651694297790527,0.2145988319785889,CVPF,cracker_scene4,70,old
2410,5.653949975967407,0.2145655416883308,CVPF,cracker_scene4,70,old
2411,5.656144618988037,0.2145655416883308,CVPF,cracker_scene4,70,old
2412,5.658312559127808,0.2145655416883308,CVPF,cracker_scene4,70,old
2413,5.660522699356079,0.21439882864815601,CVPF,cracker_scene4,70,old
2414,5.662771940231323,0.21439882864815601,CVPF,cracker_scene4,70,old
2415,5.665224313735962,0.21439882864815601,CVPF,cracker_scene4,70,old
2416,5.667400121688843,0.21439882864815601,CVPF,cracker_scene4,70,old
2417,5.669835329055786,0.215881333942247,CVPF,cracker_scene4,70,old
2418,5.672105550765991,0.215881333942247,CVPF,cracker_scene4,70,old
2419,5.674264907836914,0.215881333942247,CVPF,cracker_scene4,70,old
2420,5.676598072052002,0.21448377047493217,CVPF,cracker_scene4,70,old
2421,5.678833723068237,0.21448107469942368,CVPF,cracker_scene4,70,old
2422,5.681058645248413,0.21448107469942368,CVPF,cracker_scene4,70,old
2423,5.683176279067993,0.21448107469942368,CVPF,cracker_scene4,70,old
2424,5.685632944107056,0.21479289578546468,CVPF,cracker_scene4,70,old
2425,5.687987565994263,0.21479289578546468,CVPF,cracker_scene4,70,old
2426,5.690343379974365,0.21479289578546468,CVPF,cracker_scene4,70,old
2427,5.692445516586304,0.21479289578546468,CVPF,cracker_scene4,70,old
2428,5.694823741912842,0.21494329395736145,CVPF,cracker_scene4,70,old
2429,5.697166442871094,0.21494329395736145,CVPF,cracker_scene4,70,old
2430,5.699387073516846,0.21494329395736145,CVPF,cracker_scene4,70,old
2431,5.701549053192139,0.21492963547708682,CVPF,cracker_scene4,70,old
2432,5.704000949859619,0.21458874769174033,CVPF,cracker_scene4,70,old
2433,5.707097768783569,0.21458874769174033,CVPF,cracker_scene4,70,old
2434,5.7102272510528564,0.21458874769174033,CVPF,cracker_scene4,70,old
2435,5.713246583938599,0.21442962496479484,CVPF,cracker_scene4,70,old
2436,5.71621561050415,0.21442962496479484,CVPF,cracker_scene4,70,old
2437,5.719141483306885,0.21440999464067964,CVPF,cracker_scene4,70,old
2438,5.722094774246216,0.22010431271275,CVPF,cracker_scene4,70,old
2439,5.725856304168701,0.22010431271275,CVPF,cracker_scene4,70,old
2440,5.728823900222778,0.2217605813161052,CVPF,cracker_scene4,70,old
2441,5.731838703155518,0.2217605813161052,CVPF,cracker_scene4,70,old
2442,5.734818935394287,0.2217605813161052,CVPF,cracker_scene4,70,old
2443,5.737828493118286,0.22032331521724036,CVPF,cracker_scene4,70,old
2444,5.7407941818237305,0.22032331521724036,CVPF,cracker_scene4,70,old
2445,5.744040250778198,0.22024872453491362,CVPF,cracker_scene4,70,old
2446,5.746921062469482,0.22024872453491362,CVPF,cracker_scene4,70,old
2447,5.749798536300659,0.22024872453491362,CVPF,cracker_scene4,70,old
2448,5.752824544906616,0.22038928564793547,CVPF,cracker_scene4,70,old
2449,5.755853652954102,0.22038928564793547,CVPF,cracker_scene4,70,old
2450,5.758650064468384,0.22038928564793547,CVPF,cracker_scene4,70,old
2451,5.7616212368011475,0.22022463512622092,CVPF,cracker_scene4,70,old
2452,5.7641003131866455,0.22022463512622092,CVPF,cracker_scene4,70,old
2453,5.766201972961426,0.22022463512622092,CVPF,cracker_scene4,70,old
2454,5.768371820449829,0.22029946541697054,CVPF,cracker_scene4,70,old
2455,5.77063512802124,0.22029946541697054,CVPF,cracker_scene4,70,old
2456,5.772981405258179,0.22029946541697054,CVPF,cracker_scene4,70,old
2457,5.775082588195801,0.22029946541697054,CVPF,cracker_scene4,70,old
2458,5.777434825897217,0.22004603383922205,CVPF,cracker_scene4,70,old
2459,5.779673337936401,0.22004603383922205,CVPF,cracker_scene4,70,old
2460,5.781797409057617,0.22004603383922205,CVPF,cracker_scene4,70,old
2461,5.783902406692505,0.22004603383922205,CVPF,cracker_scene4,70,old
2462,5.786147832870483,0.22023166030548857,CVPF,cracker_scene4,70,old
2463,5.788344383239746,0.22023166030548857,CVPF,cracker_scene4,70,old
2464,5.790524482727051,0.22023166030548857,CVPF,cracker_scene4,70,old
2465,5.792754650115967,0.22023166030548857,CVPF,cracker_scene4,70,old
2466,5.795030355453491,0.22023980488646266,CVPF,cracker_scene4,70,old
2467,5.79730749130249,0.22023980488646266,CVPF,cracker_scene4,70,old
2468,5.799549102783203,0.22023980488646266,CVPF,cracker_scene4,70,old
2469,5.801742315292358,0.22023365588426191,CVPF,cracker_scene4,70,old
2470,5.804128170013428,0.22025610885473412,CVPF,cracker_scene4,70,old
2471,5.806284427642822,0.22025610885473412,CVPF,cracker_scene4,70,old
2472,5.808349132537842,0.22025610885473412,CVPF,cracker_scene4,70,old
2473,5.810739517211914,0.22176133391387065,CVPF,cracker_scene4,70,old
2474,5.8130128383636475,0.22176133391387065,CVPF,cracker_scene4,70,old
2475,5.815218210220337,0.22176133391387065,CVPF,cracker_scene4,70,old
2476,5.817386150360107,0.22176133391387065,CVPF,cracker_scene4,70,old
2477,5.819819211959839,0.22165737098970517,CVPF,cracker_scene4,70,old
2478,5.822077751159668,0.22165737098970517,CVPF,cracker_scene4,70,old
2479,5.82416558265686,0.22165737098970517,CVPF,cracker_scene4,70,old
2480,5.82627272605896,0.22011344788505216,CVPF,cracker_scene4,70,old
2481,5.828578233718872,0.22003231743639695,CVPF,cracker_scene4,70,old
2482,5.830819368362427,0.22003231743639695,CVPF,cracker_scene4,70,old
2483,5.833003520965576,0.22003231743639695,CVPF,cracker_scene4,70,old
2484,5.835244417190552,0.22006241461769438,CVPF,cracker_scene4,70,old
2485,5.837605237960815,0.2202629815207775,CVPF,cracker_scene4,70,old
2486,5.839777946472168,0.2202629815207775,CVPF,cracker_scene4,70,old
2487,5.841953277587891,0.2202629815207775,CVPF,cracker_scene4,70,old
2488,5.844447374343872,0.22016324044825808,CVPF,cracker_scene4,70,old
2489,5.846896409988403,0.22016324044825808,CVPF,cracker_scene4,70,old
2490,5.849039793014526,0.22016324044825808,CVPF,cracker_scene4,70,old
2491,5.851392030715942,0.22016324044825808,CVPF,cracker_scene4,70,old
2492,5.85380482673645,0.22212577500536224,CVPF,cracker_scene4,70,old
2493,5.8561437129974365,0.22212577500536224,CVPF,cracker_scene4,70,old
2494,5.858307123184204,0.22212577500536224,CVPF,cracker_scene4,70,old
2495,5.8606321811676025,0.21994059174369696,CVPF,cracker_scene4,70,old
2496,5.863366365432739,0.21994059174369696,CVPF,cracker_scene4,70,old
2497,5.86673378944397,0.21994059174369696,CVPF,cracker_scene4,70,old
2498,5.870365142822266,0.22018339507959883,CVPF,cracker_scene4,70,old
2499,5.873621940612793,0.22018339507959883,CVPF,cracker_scene4,70,old
2500,5.876911401748657,0.22173153080032648,CVPF,cracker_scene4,70,old
2501,5.880191087722778,0.22173153080032648,CVPF,cracker_scene4,70,old
2502,5.883538007736206,0.22173153080032648,CVPF,cracker_scene4,70,old
2503,5.886961460113525,0.21985638107869665,CVPF,cracker_scene4,70,old
2504,5.890362501144409,0.21985638107869665,CVPF,cracker_scene4,70,old
2505,5.8937366008758545,0.21985638107869665,CVPF,cracker_scene4,70,old
2506,5.897140264511108,0.22159423855512994,CVPF,cracker_scene4,70,old
2507,5.90006422996521,0.22159423855512994,CVPF,cracker_scene4,70,old
2508,5.9033379554748535,0.21767121295953032,CVPF,cracker_scene4,70,old
2509,5.905908584594727,0.21767121295953032,CVPF,cracker_scene4,70,old
2510,5.907990217208862,0.21767121295953032,CVPF,cracker_scene4,70,old
2511,5.9102044105529785,0.21595817936021955,CVPF,cracker_scene4,70,old
2512,5.912355661392212,0.21595817936021955,CVPF,cracker_scene4,70,old
2513,5.914468288421631,0.21595817936021955,CVPF,cracker_scene4,70,old
2514,5.916555881500244,0.21595817936021955,CVPF,cracker_scene4,70,old
2515,5.918718338012695,0.2159700020999203,CVPF,cracker_scene4,70,old
2516,5.920835971832275,0.2159700020999203,CVPF,cracker_scene4,70,old
2517,5.9229676723480225,0.2159700020999203,CVPF,cracker_scene4,70,old
2518,5.925105333328247,0.2159700020999203,CVPF,cracker_scene4,70,old
2519,5.927382230758667,0.21547571973287125,CVPF,cracker_scene4,70,old
2520,5.929486989974976,0.21547571973287125,CVPF,cracker_scene4,70,old
2521,5.932013273239136,0.21547571973287125,CVPF,cracker_scene4,70,old
2522,5.934135437011719,0.21547571973287125,CVPF,cracker_scene4,70,old
2523,5.936370372772217,0.21566114844713907,CVPF,cracker_scene4,70,old
2524,5.938635587692261,0.21566114844713907,CVPF,cracker_scene4,70,old
2525,5.94091010093689,0.21566114844713907,CVPF,cracker_scene4,70,old
2526,5.94306755065918,0.21573538743742812,CVPF,cracker_scene4,70,old
2527,5.945305109024048,0.21589628221512572,CVPF,cracker_scene4,70,old
2528,5.947545766830444,0.21589628221512572,CVPF,cracker_scene4,70,old
2529,5.949723482131958,0.21589628221512572,CVPF,cracker_scene4,70,old
2530,5.951958179473877,0.21771249040658572,CVPF,cracker_scene4,70,old
2531,5.954318046569824,0.21771249040658572,CVPF,cracker_scene4,70,old
2532,5.956440687179565,0.21771249040658572,CVPF,cracker_scene4,70,old
2533,5.958498001098633,0.21771249040658572,CVPF,cracker_scene4,70,old
2534,5.960728645324707,0.21778390109871965,CVPF,cracker_scene4,70,old
2535,5.962967395782471,0.21778390109871965,CVPF,cracker_scene4,70,old
2536,5.965182304382324,0.21778390109871965,CVPF,cracker_scene4,70,old
2537,5.96735692024231,0.21778390109871965,CVPF,cracker_scene4,70,old
2538,5.969650030136108,0.21571097995788246,CVPF,cracker_scene4,70,old
2539,5.971938371658325,0.21571097995788246,CVPF,cracker_scene4,70,old
2540,5.974188566207886,0.21571097995788246,CVPF,cracker_scene4,70,old
2541,5.976386547088623,0.21571097995788246,CVPF,cracker_scene4,70,old
2542,5.978667974472046,0.2180317838192447,CVPF,cracker_scene4,70,old
2543,5.980997800827026,0.2180317838192447,CVPF,cracker_scene4,70,old
2544,5.983297824859619,0.2180317838192447,CVPF,cracker_scene4,70,old
2545,5.9855053424835205,0.2158377584107765,CVPF,cracker_scene4,70,old
2546,5.987718343734741,0.2158377584107765,CVPF,cracker_scene4,70,old
2547,5.989941120147705,0.2158377584107765,CVPF,cracker_scene4,70,old
2548,5.992011070251465,0.2158377584107765,CVPF,cracker_scene4,70,old
2549,5.994414567947388,0.21800270780770284,CVPF,cracker_scene4,70,old
2550,5.996632814407349,0.21800270780770284,CVPF,cracker_scene4,70,old
2551,5.998910188674927,0.21800270780770284,CVPF,cracker_scene4,70,old
2552,6.001053333282471,0.21800270780770284,CVPF,cracker_scene4,70,old
2553,6.003758192062378,0.21573489897241516,CVPF,cracker_scene4,70,old
2554,6.007166624069214,0.21573489897241516,CVPF,cracker_scene4,70,old
2555,6.010449647903442,0.21567341457603165,CVPF,cracker_scene4,70,old
2556,6.014010190963745,0.21567341457603165,CVPF,cracker_scene4,70,old
2557,6.0174853801727295,0.21567341457603165,CVPF,cracker_scene4,70,old
2558,6.020960330963135,0.2180313199873679,CVPF,cracker_scene4,70,old
2559,6.02446174621582,0.2180313199873679,CVPF,cracker_scene4,70,old
2560,6.027938604354858,0.21581744824304624,CVPF,cracker_scene4,70,old
2561,6.031330108642578,0.21581744824304624,CVPF,cracker_scene4,70,old
2562,6.03479528427124,0.21574426205604022,CVPF,cracker_scene4,70,old
2563,6.038314580917358,0.2157252604234525,CVPF,cracker_scene4,70,old
2564,6.041693687438965,0.2157252604234525,CVPF,cracker_scene4,70,old
2565,6.045243501663208,0.21582984532258373,CVPF,cracker_scene4,70,old
2566,6.048683166503906,0.21582984532258373,CVPF,cracker_scene4,70,old
2567,6.052001237869263,0.2159105423456027,CVPF,cracker_scene4,70,old
2568,6.0554187297821045,0.2159105423456027,CVPF,cracker_scene4,70,old
2569,6.058629035949707,0.2159105423456027,CVPF,cracker_scene4,70,old
2570,6.061998128890991,0.21576125988698797,CVPF,cracker_scene4,70,old
2571,6.065526008605957,0.21576125988698797,CVPF,cracker_scene4,70,old
2572,6.069203615188599,0.21592959871063402,CVPF,cracker_scene4,70,old
2573,6.072657585144043,0.21592959871063402,CVPF,cracker_scene4,70,old
2574,6.075721025466919,0.21592959871063402,CVPF,cracker_scene4,70,old
2575,6.078084707260132,0.21563900349384268,CVPF,cracker_scene4,70,old
2576,6.081194639205933,0.19913243291684507,CVPF,cracker_scene4,70,old
2577,6.083367824554443,0.19913243291684507,CVPF,cracker_scene4,70,old
2578,6.085613965988159,0.19928032590522735,CVPF,cracker_scene4,70,old
2579,6.087875604629517,0.19928032590522735,CVPF,cracker_scene4,70,old
2580,6.090055465698242,0.19928032590522735,CVPF,cracker_scene4,70,old
2581,6.092160701751709,0.19928032590522735,CVPF,cracker_scene4,70,old
2582,6.09441065788269,0.19947891216109248,CVPF,cracker_scene4,70,old
2583,6.096689224243164,0.19947891216109248,CVPF,cracker_scene4,70,old
2584,6.09889817237854,0.19947891216109248,CVPF,cracker_scene4,70,old
2585,6.101001024246216,0.19947891216109248,CVPF,cracker_scene4,70,old
2586,6.10331130027771,0.19943390972842856,CVPF,cracker_scene4,70,old
2587,6.10559606552124,0.19943390972842856,CVPF,cracker_scene4,70,old
2588,6.107997417449951,0.19943390972842856,CVPF,cracker_scene4,70,old
2589,6.110142707824707,0.19935558070861842,CVPF,cracker_scene4,70,old
2590,6.11238431930542,0.19935558070861842,CVPF,cracker_scene4,70,old
2591,6.11460280418396,0.19935558070861842,CVPF,cracker_scene4,70,old
2592,6.116856575012207,0.19935558070861842,CVPF,cracker_scene4,70,old
2593,6.119057655334473,0.19948709676091697,CVPF,cracker_scene4,70,old
2594,6.1212475299835205,0.19948709676091697,CVPF,cracker_scene4,70,old
2595,6.123442888259888,0.19948709676091697,CVPF,cracker_scene4,70,old
2596,6.125732660293579,0.19948709676091697,CVPF,cracker_scene4,70,old
2597,6.128077030181885,0.1994144325588714,CVPF,cracker_scene4,70,old
2598,6.13031005859375,0.1994144325588714,CVPF,cracker_scene4,70,old
2599,6.132465839385986,0.1994144325588714,CVPF,cracker_scene4,70,old
2600,6.134714841842651,0.19932796962501417,CVPF,cracker_scene4,70,old
2601,6.137037038803101,0.19942950140601678,CVPF,cracker_scene4,70,old
2602,6.139232635498047,0.19942950140601678,CVPF,cracker_scene4,70,old
2603,6.1415228843688965,0.19942950140601678,CVPF,cracker_scene4,70,old
2604,6.143582820892334,0.19942950140601678,CVPF,cracker_scene4,70,old
2605,6.1458234786987305,0.20151281194938186,CVPF,cracker_scene4,70,old
2606,6.14795994758606,0.20151281194938186,CVPF,cracker_scene4,70,old
2607,6.1500935554504395,0.20151281194938186,CVPF,cracker_scene4,70,old
2608,6.152255296707153,0.20151281194938186,CVPF,cracker_scene4,70,old
2609,6.1545000076293945,0.20151281194938186,CVPF,cracker_scene4,70,old
2610,6.156688928604126,0.20151281194938186,CVPF,cracker_scene4,70,old
2611,6.158778667449951,0.20151281194938186,CVPF,cracker_scene4,70,old
2612,6.161153316497803,0.20146864981711163,CVPF,cracker_scene4,70,old
2613,6.163356781005859,0.20146864981711163,CVPF,cracker_scene4,70,old
2614,6.16663932800293,0.20154812186849855,CVPF,cracker_scene4,70,old
2615,6.170063257217407,0.20154812186849855,CVPF,cracker_scene4,70,old
2616,6.173601388931274,0.20159627705780747,CVPF,cracker_scene4,70,old
2617,6.177014589309692,0.2014412181891088,CVPF,cracker_scene4,70,old
2618,6.180367708206177,0.2014412181891088,CVPF,cracker_scene4,70,old
2619,6.183629512786865,0.2014412181891088,CVPF,cracker_scene4,70,old
2620,6.187248706817627,0.19923913816606545,CVPF,cracker_scene4,70,old
2621,6.190659999847412,0.19923913816606545,CVPF,cracker_scene4,70,old
2622,6.194182872772217,0.19923913816606545,CVPF,cracker_scene4,70,old
2623,6.197600603103638,0.19923913816606545,CVPF,cracker_scene4,70,old
2624,6.200579643249512,0.20096275300181307,CVPF,cracker_scene4,70,old
2625,6.204025506973267,0.20096275300181307,CVPF,cracker_scene4,70,old
2626,6.207151651382446,0.20096275300181307,CVPF,cracker_scene4,70,old
2627,6.209253787994385,0.20096275300181307,CVPF,cracker_scene4,70,old
2628,6.211909294128418,0.19941717537695647,CVPF,cracker_scene4,70,old
2629,6.215114116668701,0.1994564595847333,CVPF,cracker_scene4,70,old
2630,6.217432022094727,0.1994564595847333,CVPF,cracker_scene4,70,old
2631,6.219812393188477,0.19941806557217798,CVPF,cracker_scene4,70,old
2632,6.222009658813477,0.19941806557217798,CVPF,cracker_scene4,70,old
2633,6.224231958389282,0.19941806557217798,CVPF,cracker_scene4,70,old
2634,6.226561069488525,0.19941806557217798,CVPF,cracker_scene4,70,old
2635,6.228839874267578,0.19941806557217798,CVPF,cracker_scene4,70,old
2636,6.231496572494507,0.19611987421934537,CVPF,cracker_scene4,70,old
2637,6.233669996261597,0.1981944072943599,CVPF,cracker_scene4,70,old
2638,6.235893487930298,0.1981944072943599,CVPF,cracker_scene4,70,old
2639,6.23798131942749,0.1981944072943599,CVPF,cracker_scene4,70,old
2640,6.240061521530151,0.1981944072943599,CVPF,cracker_scene4,70,old
2641,6.242268800735474,0.1981944072943599,CVPF,cracker_scene4,70,old
2642,6.244431257247925,0.19832950113247758,CVPF,cracker_scene4,70,old
2643,6.24666953086853,0.19832950113247758,CVPF,cracker_scene4,70,old
2644,6.248839378356934,0.19832950113247758,CVPF,cracker_scene4,70,old
2645,6.251071214675903,0.19832950113247758,CVPF,cracker_scene4,70,old
2646,6.25326681137085,0.19832950113247758,CVPF,cracker_scene4,70,old
2647,6.255387306213379,0.19832950113247758,CVPF,cracker_scene4,70,old
2648,6.2576117515563965,0.19601695267082478,CVPF,cracker_scene4,70,old
2649,6.259707450866699,0.19601695267082478,CVPF,cracker_scene4,70,old
2650,6.26187539100647,0.19601695267082478,CVPF,cracker_scene4,70,old
2651,6.264063835144043,0.19601695267082478,CVPF,cracker_scene4,70,old
2652,6.266270160675049,0.19600470238346576,CVPF,cracker_scene4,70,old
2653,6.268388032913208,0.19600470238346576,CVPF,cracker_scene4,70,old
2654,6.270626068115234,0.19612312495860088,CVPF,cracker_scene4,70,old
2655,6.272737264633179,0.19612312495860088,CVPF,cracker_scene4,70,old
2656,6.274877548217773,0.19612312495860088,CVPF,cracker_scene4,70,old
2657,6.2769834995269775,0.19612312495860088,CVPF,cracker_scene4,70,old
2658,6.279234409332275,0.19609326486414033,CVPF,cracker_scene4,70,old
2659,6.281480550765991,0.19606198007525383,CVPF,cracker_scene4,70,old
2660,6.283656120300293,0.19606198007525383,CVPF,cracker_scene4,70,old
2661,6.285930156707764,0.19606198007525383,CVPF,cracker_scene4,70,old
2662,6.288194894790649,0.196182688182414,CVPF,cracker_scene4,70,old
2663,6.290465354919434,0.196182688182414,CVPF,cracker_scene4,70,old
2664,6.292890548706055,0.1959324039072082,CVPF,cracker_scene4,70,old
2665,6.29513144493103,0.1959324039072082,CVPF,cracker_scene4,70,old
2666,6.2975075244903564,0.19584927735009763,CVPF,cracker_scene4,70,old
2667,6.299740791320801,0.1958009071109142,CVPF,cracker_scene4,70,old
2668,6.302160739898682,0.19598476337438045,CVPF,cracker_scene4,70,old
2669,6.304461240768433,0.19598476337438045,CVPF,cracker_scene4,70,old
2670,6.307005882263184,0.1961068664317794,CVPF,cracker_scene4,70,old
2671,6.309197902679443,0.19760311950737774,CVPF,cracker_scene4,70,old
2672,6.311367988586426,0.19787424402655038,CVPF,cracker_scene4,70,old
2673,6.31352972984314,0.19787424402655038,CVPF,cracker_scene4,70,old
2674,6.3157899379730225,0.19621178036737116,CVPF,cracker_scene4,70,old
2675,6.317929983139038,0.1984709617541863,CVPF,cracker_scene4,70,old
2676,6.320379972457886,0.19812760979653238,CVPF,cracker_scene4,70,old
2677,6.322877645492554,0.19812760979653238,CVPF,cracker_scene4,70,old
2678,6.325307846069336,0.19609249496285489,CVPF,cracker_scene4,70,old
2679,6.327568292617798,0.19609249496285489,CVPF,cracker_scene4,70,old
2680,6.330002546310425,0.1982105876256336,CVPF,cracker_scene4,70,old
2681,6.3322601318359375,0.1982105876256336,CVPF,cracker_scene4,70,old
2682,6.334355115890503,0.1982105876256336,CVPF,cracker_scene4,70,old
2683,6.33669900894165,0.1971657908472259,CVPF,cracker_scene4,70,old
2684,6.338942289352417,0.1971657908472259,CVPF,cracker_scene4,70,old
2685,6.341267347335815,0.1971657908472259,CVPF,cracker_scene4,70,old
2686,6.343496084213257,0.1971657908472259,CVPF,cracker_scene4,70,old
2687,6.345963001251221,0.19818691534694985,CVPF,cracker_scene4,70,old
2688,6.3483567237854,0.19818691534694985,CVPF,cracker_scene4,70,old
2689,6.3505823612213135,0.19818691534694985,CVPF,cracker_scene4,70,old
2690,6.352787256240845,0.19708202836995398,CVPF,cracker_scene4,70,old
2691,6.35503625869751,0.19708202836995398,CVPF,cracker_scene4,70,old
2692,6.357255935668945,0.19708202836995398,CVPF,cracker_scene4,70,old
2693,6.359392166137695,0.19708202836995398,CVPF,cracker_scene4,70,old
2694,6.361678838729858,0.19596587457163428,CVPF,cracker_scene4,70,old
2695,6.363920211791992,0.19596587457163428,CVPF,cracker_scene4,70,old
2696,6.366673946380615,0.21596975167487084,CVPF,cracker_scene4,70,old
2697,6.369015693664551,0.21595909852285172,CVPF,cracker_scene4,70,old
2698,6.371326446533203,0.21595909852285172,CVPF,cracker_scene4,70,old
2699,6.373664855957031,0.21595909852285172,CVPF,cracker_scene4,70,old
2700,6.37583327293396,0.21595909852285172,CVPF,cracker_scene4,70,old
2701,6.378123998641968,0.21599679819157633,CVPF,cracker_scene4,70,old
2702,6.3803346157073975,0.21599679819157633,CVPF,cracker_scene4,70,old
2703,6.382548093795776,0.21599679819157633,CVPF,cracker_scene4,70,old
2704,6.384784936904907,0.21762174143296756,CVPF,cracker_scene4,70,old
2705,6.38697075843811,0.21762174143296756,CVPF,cracker_scene4,70,old
2706,6.389177560806274,0.21762174143296756,CVPF,cracker_scene4,70,old
2707,6.391432762145996,0.21762174143296756,CVPF,cracker_scene4,70,old
2708,6.393738031387329,0.2181227099944832,CVPF,cracker_scene4,70,old
2709,6.396151781082153,0.2181227099944832,CVPF,cracker_scene4,70,old
2710,6.398488998413086,0.2181227099944832,CVPF,cracker_scene4,70,old
2711,6.400616645812988,0.2181227099944832,CVPF,cracker_scene4,70,old
2712,6.4028379917144775,0.21602278593739593,CVPF,cracker_scene4,70,old
2713,6.405210733413696,0.21602278593739593,CVPF,cracker_scene4,70,old
2714,6.407427072525024,0.21602278593739593,CVPF,cracker_scene4,70,old
2715,6.409554481506348,0.21609007628356613,CVPF,cracker_scene4,70,old
2716,6.4118921756744385,0.2160443009201458,CVPF,cracker_scene4,70,old
2717,6.414119482040405,0.2160443009201458,CVPF,cracker_scene4,70,old
2718,6.416299343109131,0.2160443009201458,CVPF,cracker_scene4,70,old
2719,6.418473720550537,0.2180532582002159,CVPF,cracker_scene4,70,old
2720,6.420825481414795,0.2180532582002159,CVPF,cracker_scene4,70,old
2721,6.423012733459473,0.2180532582002159,CVPF,cracker_scene4,70,old
2722,6.425230026245117,0.2180532582002159,CVPF,cracker_scene4,70,old
2723,6.427473545074463,0.2180918979747331,CVPF,cracker_scene4,70,old
2724,6.42965841293335,0.2180918979747331,CVPF,cracker_scene4,70,old
2725,6.43184757232666,0.2180918979747331,CVPF,cracker_scene4,70,old
2726,6.434030771255493,0.2180918979747331,CVPF,cracker_scene4,70,old
2727,6.43626594543457,0.21809811920692784,CVPF,cracker_scene4,70,old
2728,6.438565254211426,0.21788501762107831,CVPF,cracker_scene4,70,old
2729,6.440803527832031,0.21788501762107831,CVPF,cracker_scene4,70,old
2730,6.4429802894592285,0.21789369118208682,CVPF,cracker_scene4,70,old
2731,6.445195198059082,0.21804725880112819,CVPF,cracker_scene4,70,old
2732,6.447477579116821,0.21804725880112819,CVPF,cracker_scene4,70,old
2733,6.449793100357056,0.21804725880112819,CVPF,cracker_scene4,70,old
2734,6.452078104019165,0.21561950525063694,CVPF,cracker_scene4,70,old
2735,6.4542882442474365,0.21561950525063694,CVPF,cracker_scene4,70,old
2736,6.456578493118286,0.21561950525063694,CVPF,cracker_scene4,70,old
2737,6.458698987960815,0.21561950525063694,CVPF,cracker_scene4,70,old
2738,6.461196660995483,0.21613544173380972,CVPF,cracker_scene4,70,old
2739,6.4634034633636475,0.21613544173380972,CVPF,cracker_scene4,70,old
2740,6.465510368347168,0.21613544173380972,CVPF,cracker_scene4,70,old
2741,6.467604875564575,0.21613544173380972,CVPF,cracker_scene4,70,old
2742,6.469643831253052,0.21613544173380972,CVPF,cracker_scene4,70,old
2743,6.47212028503418,0.21587204732500592,CVPF,cracker_scene4,70,old
2744,6.4741692543029785,0.21587204732500592,CVPF,cracker_scene4,70,old
2745,6.47629189491272,0.21587204732500592,CVPF,cracker_scene4,70,old
2746,6.478537559509277,0.2159988186725827,CVPF,cracker_scene4,70,old
2747,6.480796575546265,0.2159988186725827,CVPF,cracker_scene4,70,old
2748,6.483000993728638,0.2159988186725827,CVPF,cracker_scene4,70,old
2749,6.485169172286987,0.2160791453299841,CVPF,cracker_scene4,70,old
2750,6.48751163482666,0.2160791453299841,CVPF,cracker_scene4,70,old
2751,6.489786863327026,0.2160791453299841,CVPF,cracker_scene4,70,old
2752,6.491941452026367,0.2160791453299841,CVPF,cracker_scene4,70,old
2753,6.494337320327759,0.21620063054867503,CVPF,cracker_scene4,70,old
2754,6.49672532081604,0.21620063054867503,CVPF,cracker_scene4,70,old
2755,6.498978137969971,0.21620063054867503,CVPF,cracker_scene4,70,old
2756,6.5012366771698,0.21620063054867503,CVPF,cracker_scene4,70,old
2757,6.503634452819824,0.21625388636497017,CVPF,cracker_scene4,70,old
2758,6.506013870239258,0.21625388636497017,CVPF,cracker_scene4,70,old
2759,6.508524417877197,0.21625388636497017,CVPF,cracker_scene4,70,old
2760,6.510931015014648,0.21612765525290353,CVPF,cracker_scene4,70,old
2761,6.513218402862549,0.21612765525290353,CVPF,cracker_scene4,70,old
2762,6.515316009521484,0.21612765525290353,CVPF,cracker_scene4,70,old
2763,6.517486333847046,0.21612765525290353,CVPF,cracker_scene4,70,old
2764,6.519735097885132,0.21610210725436463,CVPF,cracker_scene4,70,old
2765,6.522000074386597,0.21610355435284204,CVPF,cracker_scene4,70,old
2766,6.524415731430054,0.21610355435284204,CVPF,cracker_scene4,70,old
2767,6.526727914810181,0.21608068713913767,CVPF,cracker_scene4,70,old
2768,6.529120922088623,0.21608068713913767,CVPF,cracker_scene4,70,old
2769,6.5314507484436035,0.21608068713913767,CVPF,cracker_scene4,70,old
2770,6.533651351928711,0.21608068713913767,CVPF,cracker_scene4,70,old
2771,6.536001205444336,0.21622792486014458,CVPF,cracker_scene4,70,old
2772,6.538662910461426,0.21622792486014458,CVPF,cracker_scene4,70,old
2773,6.541572570800781,0.21622792486014458,CVPF,cracker_scene4,70,old
2774,6.5443480014801025,0.21591574177789563,CVPF,cracker_scene4,70,old
2775,6.546514511108398,0.21591574177789563,CVPF,cracker_scene4,70,old
2776,6.548788070678711,0.21585786773721982,CVPF,cracker_scene4,70,old
2777,6.5509443283081055,0.21585786773721982,CVPF,cracker_scene4,70,old
2778,6.553098678588867,0.21585786773721982,CVPF,cracker_scene4,70,old
2779,6.55519962310791,0.21585786773721982,CVPF,cracker_scene4,70,old
2780,6.557498455047607,0.21585786773721982,CVPF,cracker_scene4,70,old
2781,6.559626340866089,0.21585786773721982,CVPF,cracker_scene4,70,old
2782,6.561692953109741,0.21585786773721982,CVPF,cracker_scene4,70,old
2783,6.563963890075684,0.2159573289284845,CVPF,cracker_scene4,70,old
2784,6.5661890506744385,0.2159573289284845,CVPF,cracker_scene4,70,old
2785,6.56843900680542,0.2159573289284845,CVPF,cracker_scene4,70,old
2786,6.570624828338623,0.2159573289284845,CVPF,cracker_scene4,70,old
2787,6.573010206222534,0.21580813470277366,CVPF,cracker_scene4,70,old
2788,6.575234889984131,0.21580813470277366,CVPF,cracker_scene4,70,old
2789,6.577390193939209,0.21580813470277366,CVPF,cracker_scene4,70,old
2790,6.579510927200317,0.21580813470277366,CVPF,cracker_scene4,70,old
2791,6.581733465194702,0.21580813470277366,CVPF,cracker_scene4,70,old
2792,6.584086179733276,0.215602772896925,CVPF,cracker_scene4,70,old
2793,6.586179494857788,0.215602772896925,CVPF,cracker_scene4,70,old
2794,6.588415622711182,0.215602772896925,CVPF,cracker_scene4,70,old
2795,6.59061861038208,0.215602772896925,CVPF,cracker_scene4,70,old
2796,6.592795133590698,0.215602772896925,CVPF,cracker_scene4,70,old
2797,6.5950281620025635,0.215602772896925,CVPF,cracker_scene4,70,old
2798,6.597381353378296,0.21598434952965465,CVPF,cracker_scene4,70,old
2799,6.599714279174805,0.21598434952965465,CVPF,cracker_scene4,70,old
2800,6.601918935775757,0.21598434952965465,CVPF,cracker_scene4,70,old
2801,6.604049205780029,0.21598434952965465,CVPF,cracker_scene4,70,old
2802,6.606490135192871,0.21582076558361007,CVPF,cracker_scene4,70,old
2803,6.608742952346802,0.21582076558361007,CVPF,cracker_scene4,70,old
2804,6.610846281051636,0.21582076558361007,CVPF,cracker_scene4,70,old
2805,6.6131744384765625,0.21582076558361007,CVPF,cracker_scene4,70,old
2806,6.615664720535278,0.21577708286692593,CVPF,cracker_scene4,70,old
2807,6.618025779724121,0.21577708286692593,CVPF,cracker_scene4,70,old
2808,6.620260715484619,0.21577708286692593,CVPF,cracker_scene4,70,old
2809,6.62237024307251,0.21577708286692593,CVPF,cracker_scene4,70,old
2810,6.624705076217651,0.21582237009327324,CVPF,cracker_scene4,70,old
2811,6.626979112625122,0.2157555907831297,CVPF,cracker_scene4,70,old
2812,6.629168272018433,0.2157555907831297,CVPF,cracker_scene4,70,old
2813,6.631332635879517,0.2157555907831297,CVPF,cracker_scene4,70,old
2814,6.633556127548218,0.2157555907831297,CVPF,cracker_scene4,70,old
2815,6.6358044147491455,0.2157555907831297,CVPF,cracker_scene4,70,old
2816,6.6383843421936035,0.21580404153248647,CVPF,cracker_scene4,70,old
2817,6.640479326248169,0.21580404153248647,CVPF,cracker_scene4,70,old
2818,6.642524003982544,0.21580404153248647,CVPF,cracker_scene4,70,old
2819,6.644651174545288,0.21580404153248647,CVPF,cracker_scene4,70,old
2820,6.647009372711182,0.21580404153248647,CVPF,cracker_scene4,70,old
2821,6.6493730545043945,0.21578903257203894,CVPF,cracker_scene4,70,old
2822,6.651697397232056,0.21578903257203894,CVPF,cracker_scene4,70,old
2823,6.6540563106536865,0.21571892873756945,CVPF,cracker_scene4,70,old
2824,6.656332969665527,0.21571892873756945,CVPF,cracker_scene4,70,old
2825,6.658785104751587,0.21571892873756945,CVPF,cracker_scene4,70,old
2826,6.661227703094482,0.21568178943690977,CVPF,cracker_scene4,70,old
2827,6.6633946895599365,0.21568178943690977,CVPF,cracker_scene4,70,old
2828,6.665782451629639,0.21568178943690977,CVPF,cracker_scene4,70,old
2829,6.667973518371582,0.21568178943690977,CVPF,cracker_scene4,70,old
2830,6.670305490493774,0.21736059726893267,CVPF,cracker_scene4,70,old
2831,6.672587633132935,0.21736059726893267,CVPF,cracker_scene4,70,old
2832,6.6748738288879395,0.21736059726893267,CVPF,cracker_scene4,70,old
2833,6.677087306976318,0.21736059726893267,CVPF,cracker_scene4,70,old
2834,6.679434537887573,0.21736059726893267,CVPF,cracker_scene4,70,old
2835,6.6816980838775635,0.21736059726893267,CVPF,cracker_scene4,70,old
2836,6.68402886390686,0.21592137386350907,CVPF,cracker_scene4,70,old
2837,6.686371803283691,0.21592137386350907,CVPF,cracker_scene4,70,old
2838,6.688964605331421,0.21575705117047222,CVPF,cracker_scene4,70,old
2839,6.691285133361816,0.21575705117047222,CVPF,cracker_scene4,70,old
2840,6.693687438964844,0.21588699590988675,CVPF,cracker_scene4,70,old
2841,6.696080446243286,0.2158472855079509,CVPF,cracker_scene4,70,old
2842,6.698564052581787,0.21580798738199294,CVPF,cracker_scene4,70,old
2843,6.7009289264678955,0.21580285569901925,CVPF,cracker_scene4,70,old
2844,6.703377723693848,0.2159097326204128,CVPF,cracker_scene4,70,old
2845,6.705873012542725,0.21580324761681635,CVPF,cracker_scene4,70,old
2846,6.709249973297119,0.20884186865677304,CVPF,cracker_scene4,70,old
2847,6.711465835571289,0.2087526523987588,CVPF,cracker_scene4,70,old
2848,6.7138261795043945,0.20881370204848781,CVPF,cracker_scene4,70,old
2849,6.716119766235352,0.20881370204848781,CVPF,cracker_scene4,70,old
2850,6.71858286857605,0.21072940385384126,CVPF,cracker_scene4,70,old
2851,6.720768690109253,0.21072940385384126,CVPF,cracker_scene4,70,old
2852,6.723085165023804,0.20879776044805984,CVPF,cracker_scene4,70,old
2853,6.725670337677002,0.20885429116849452,CVPF,cracker_scene4,70,old
2854,6.728170394897461,0.20868722636089168,CVPF,cracker_scene4,70,old
2855,6.730504512786865,0.20868722636089168,CVPF,cracker_scene4,70,old
2856,6.732621669769287,0.20868722636089168,CVPF,cracker_scene4,70,old
2857,6.734755754470825,0.20860962526811683,CVPF,cracker_scene4,70,old
2858,6.737017393112183,0.20873503317637934,CVPF,cracker_scene4,70,old
2859,6.739301681518555,0.20873503317637934,CVPF,cracker_scene4,70,old
2860,6.741480588912964,0.20873503317637934,CVPF,cracker_scene4,70,old
2861,6.743622779846191,0.20880864326931597,CVPF,cracker_scene4,70,old
2862,6.745848178863525,0.20894585901187276,CVPF,cracker_scene4,70,old
2863,6.74804949760437,0.20894585901187276,CVPF,cracker_scene4,70,old
2864,6.7501256465911865,0.20894585901187276,CVPF,cracker_scene4,70,old
2865,6.752329349517822,0.21078003675966916,CVPF,cracker_scene4,70,old
2866,6.75453782081604,0.21078003675966916,CVPF,cracker_scene4,70,old
2867,6.756734609603882,0.21078003675966916,CVPF,cracker_scene4,70,old
2868,6.758805274963379,0.21078003675966916,CVPF,cracker_scene4,70,old
2869,6.761065244674683,0.21083908676737909,CVPF,cracker_scene4,70,old
2870,6.763216733932495,0.21083908676737909,CVPF,cracker_scene4,70,old
2871,6.765343427658081,0.21083908676737909,CVPF,cracker_scene4,70,old
2872,6.7675182819366455,0.21083908676737909,CVPF,cracker_scene4,70,old
2873,6.769773006439209,0.21084529290770984,CVPF,cracker_scene4,70,old
2874,6.771872043609619,0.21084529290770984,CVPF,cracker_scene4,70,old
2875,6.7739410400390625,0.21084529290770984,CVPF,cracker_scene4,70,old
2876,6.776247262954712,0.21084529290770984,CVPF,cracker_scene4,70,old
2877,6.778844594955444,0.2103827539669008,CVPF,cracker_scene4,70,old
2878,6.7811119556427,0.2103827539669008,CVPF,cracker_scene4,70,old
2879,6.783168077468872,0.2103827539669008,CVPF,cracker_scene4,70,old
2880,6.785288095474243,0.20891001775898213,CVPF,cracker_scene4,70,old
2881,6.787793874740601,0.20901887013222736,CVPF,cracker_scene4,70,old
2882,6.790209531784058,0.20901887013222736,CVPF,cracker_scene4,70,old
2883,6.792268991470337,0.20901887013222736,CVPF,cracker_scene4,70,old
2884,6.794540166854858,0.20895220235225742,CVPF,cracker_scene4,70,old
2885,6.7970311641693115,0.20895220235225742,CVPF,cracker_scene4,70,old
2886,6.799270391464233,0.20895220235225742,CVPF,cracker_scene4,70,old
2887,6.80153489112854,0.21089481636266202,CVPF,cracker_scene4,70,old
2888,6.803900241851807,0.21089481636266202,CVPF,cracker_scene4,70,old
2889,6.806315183639526,0.21089481636266202,CVPF,cracker_scene4,70,old
2890,6.808427810668945,0.21089481636266202,CVPF,cracker_scene4,70,old
2891,6.810777187347412,0.210811349776279,CVPF,cracker_scene4,70,old
2892,6.813021421432495,0.210811349776279,CVPF,cracker_scene4,70,old
2893,6.815307140350342,0.210811349776279,CVPF,cracker_scene4,70,old
2894,6.817360877990723,0.210811349776279,CVPF,cracker_scene4,70,old
2895,6.819799900054932,0.20894373204291994,CVPF,cracker_scene4,70,old
2896,6.8222668170928955,0.20893601718606084,CVPF,cracker_scene4,70,old
2897,6.824612379074097,0.20893601718606084,CVPF,cracker_scene4,70,old
2898,6.826854228973389,0.2084185655527521,CVPF,cracker_scene4,70,old
2899,6.829185485839844,0.2084185655527521,CVPF,cracker_scene4,70,old
2900,6.831698894500732,0.2084185655527521,CVPF,cracker_scene4,70,old
2901,6.8338353633880615,0.2084185655527521,CVPF,cracker_scene4,70,old
2902,6.8361876010894775,0.20888591254555483,CVPF,cracker_scene4,70,old
2903,6.839069128036499,0.20888591254555483,CVPF,cracker_scene4,70,old
2904,6.8411242961883545,0.1971693977609989,CVPF,cracker_scene4,70,old
2905,6.843178033828735,0.1971693977609989,CVPF,cracker_scene4,70,old
2906,6.845260381698608,0.1971693977609989,CVPF,cracker_scene4,70,old
2907,6.847827672958374,0.19724298741847476,CVPF,cracker_scene4,70,old
2908,6.849940776824951,0.19724298741847476,CVPF,cracker_scene4,70,old
2909,6.852258920669556,0.1971862322861424,CVPF,cracker_scene4,70,old
2910,6.854550361633301,0.19713317822051135,CVPF,cracker_scene4,70,old
2911,6.85672402381897,0.19713317822051135,CVPF,cracker_scene4,70,old
2912,6.858874559402466,0.19713317822051135,CVPF,cracker_scene4,70,old
2913,6.861247777938843,0.19903542412701722,CVPF,cracker_scene4,70,old
2914,6.863518238067627,0.19903542412701722,CVPF,cracker_scene4,70,old
2915,6.865731477737427,0.19903542412701722,CVPF,cracker_scene4,70,old
2916,6.867948770523071,0.19897456293417037,CVPF,cracker_scene4,70,old
2917,6.8703293800354,0.19895588213429524,CVPF,cracker_scene4,70,old
2918,6.87262225151062,0.19895588213429524,CVPF,cracker_scene4,70,old
2919,6.87476110458374,0.19895588213429524,CVPF,cracker_scene4,70,old
2920,6.876943826675415,0.1970219976288536,CVPF,cracker_scene4,70,old
2921,6.879348039627075,0.1970219976288536,CVPF,cracker_scene4,70,old
2922,6.881583213806152,0.1970219976288536,CVPF,cracker_scene4,70,old
2923,6.8836669921875,0.1970219976288536,CVPF,cracker_scene4,70,old
2924,6.885913848876953,0.19723150975249717,CVPF,cracker_scene4,70,old
2925,6.888280153274536,0.19723150975249717,CVPF,cracker_scene4,70,old
2926,6.890511751174927,0.19723150975249717,CVPF,cracker_scene4,70,old
2927,6.892647981643677,0.19723150975249717,CVPF,cracker_scene4,70,old
2928,6.895047664642334,0.19707320453850838,CVPF,cracker_scene4,70,old
2929,6.897254467010498,0.19707320453850838,CVPF,cracker_scene4,70,old
2930,6.899617433547974,0.19707320453850838,CVPF,cracker_scene4,70,old
2931,6.9018659591674805,0.19670584835282737,CVPF,cracker_scene4,70,old
2932,6.9042067527771,0.19670584835282737,CVPF,cracker_scene4,70,old
2933,6.906633377075195,0.19670584835282737,CVPF,cracker_scene4,70,old
2934,6.90873646736145,0.19670584835282737,CVPF,cracker_scene4,70,old
2935,6.9110107421875,0.19706248955314848,CVPF,cracker_scene4,70,old
2936,6.9134132862091064,0.19706248955314848,CVPF,cracker_scene4,70,old
2937,6.915613412857056,0.19706248955314848,CVPF,cracker_scene4,70,old
2938,6.917717218399048,0.19706248955314848,CVPF,cracker_scene4,70,old
2939,6.920121192932129,0.19718877252920994,CVPF,cracker_scene4,70,old
2940,6.92240571975708,0.19718877252920994,CVPF,cracker_scene4,70,old
2941,6.924494504928589,0.19718877252920994,CVPF,cracker_scene4,70,old
2942,6.926751613616943,0.1966900727583205,CVPF,cracker_scene4,70,old
2943,6.929078578948975,0.1966900727583205,CVPF,cracker_scene4,70,old
2944,6.931306600570679,0.1966900727583205,CVPF,cracker_scene4,70,old
2945,6.9334728717803955,0.1966900727583205,CVPF,cracker_scene4,70,old
2946,6.9358296394348145,0.19741155055858006,CVPF,cracker_scene4,70,old
2947,6.938190698623657,0.19741155055858006,CVPF,cracker_scene4,70,old
2948,6.940398454666138,0.19741155055858006,CVPF,cracker_scene4,70,old
2949,6.942500829696655,0.19741155055858006,CVPF,cracker_scene4,70,old
2950,6.944796323776245,0.19732525962338401,CVPF,cracker_scene4,70,old
2951,6.9470741748809814,0.19732525962338401,CVPF,cracker_scene4,70,old
2952,6.949353456497192,0.19732525962338401,CVPF,cracker_scene4,70,old
2953,6.951615810394287,0.1972824018778096,CVPF,cracker_scene4,70,old
2954,6.953949928283691,0.19698305961091472,CVPF,cracker_scene4,70,old
2955,6.956228256225586,0.19698305961091472,CVPF,cracker_scene4,70,old
2956,6.958397388458252,0.19698305961091472,CVPF,cracker_scene4,70,old
2957,6.960417985916138,0.19698305961091472,CVPF,cracker_scene4,70,old
2958,6.962980270385742,0.19655044700160226,CVPF,cracker_scene4,70,old
2959,6.965090274810791,0.19655044700160226,CVPF,cracker_scene4,70,old
2960,6.967205286026001,0.19655044700160226,CVPF,cracker_scene4,70,old
2961,6.969757080078125,0.1972168519287872,CVPF,cracker_scene4,70,old
2962,6.9721949100494385,0.1972168519287872,CVPF,cracker_scene4,70,old
2963,6.974432945251465,0.1972168519287872,CVPF,cracker_scene4,70,old
2964,6.976600646972656,0.1972168519287872,CVPF,cracker_scene4,70,old
2965,6.9789769649505615,0.1971140406321629,CVPF,cracker_scene4,70,old
2966,6.981403589248657,0.1971140406321629,CVPF,cracker_scene4,70,old
2967,6.983705997467041,0.1971140406321629,CVPF,cracker_scene4,70,old
2968,6.98600959777832,0.19722571175399142,CVPF,cracker_scene4,70,old
2969,6.988322496414185,0.19722571175399142,CVPF,cracker_scene4,70,old
2970,6.990631818771362,0.19722571175399142,CVPF,cracker_scene4,70,old
2971,6.992929935455322,0.19722571175399142,CVPF,cracker_scene4,70,old
2972,6.9951794147491455,0.1965761725230596,CVPF,cracker_scene4,70,old
2973,6.9974870681762695,0.1965761725230596,CVPF,cracker_scene4,70,old
2974,7.001048564910889,0.1927386617195499,CVPF,cracker_scene4,70,old
2975,7.003290414810181,0.19336213678925054,CVPF,cracker_scene4,70,old
2976,7.005516529083252,0.19336213678925054,CVPF,cracker_scene4,70,old
2977,7.007791042327881,0.19336213678925054,CVPF,cracker_scene4,70,old
2978,7.010042905807495,0.19336213678925054,CVPF,cracker_scene4,70,old
2979,7.012383937835693,0.19338886682875658,CVPF,cracker_scene4,70,old
2980,7.014647960662842,0.19338886682875658,CVPF,cracker_scene4,70,old
2981,7.017104625701904,0.19338886682875658,CVPF,cracker_scene4,70,old
2982,7.01942253112793,0.19337350980850637,CVPF,cracker_scene4,70,old
2983,7.021716594696045,0.1934095180936356,CVPF,cracker_scene4,70,old
2984,7.023886203765869,0.1934095180936356,CVPF,cracker_scene4,70,old
2985,7.026029825210571,0.1934095180936356,CVPF,cracker_scene4,70,old
2986,7.02831244468689,0.19345177159561688,CVPF,cracker_scene4,70,old
2987,7.030591726303101,0.19345177159561688,CVPF,cracker_scene4,70,old
2988,7.032756567001343,0.19345177159561688,CVPF,cracker_scene4,70,old
2989,7.035074472427368,0.19159801858615377,CVPF,cracker_scene4,70,old
2990,7.03735613822937,0.19134156861243573,CVPF,cracker_scene4,70,old
2991,7.039688587188721,0.19134156861243573,CVPF,cracker_scene4,70,old
2992,7.041814804077148,0.19134156861243573,CVPF,cracker_scene4,70,old
2993,7.044131755828857,0.19245111698843442,CVPF,cracker_scene4,70,old
2994,7.0464026927948,0.19245111698843442,CVPF,cracker_scene4,70,old
2995,7.048622131347656,0.19245111698843442,CVPF,cracker_scene4,70,old
2996,7.050825357437134,0.19245111698843442,CVPF,cracker_scene4,70,old
2997,7.053227186203003,0.19314598958447823,CVPF,cracker_scene4,70,old
2998,7.055449962615967,0.19314598958447823,CVPF,cracker_scene4,70,old
2999,7.0575761795043945,0.19314598958447823,CVPF,cracker_scene4,70,old
3000,7.0597920417785645,0.193132152235212,CVPF,cracker_scene4,70,old
3001,7.0620667934417725,0.19138441292256503,CVPF,cracker_scene4,70,old
3002,7.064372777938843,0.19138441292256503,CVPF,cracker_scene4,70,old
3003,7.066610336303711,0.19138441292256503,CVPF,cracker_scene4,70,old
3004,7.069047927856445,0.1928312020523819,CVPF,cracker_scene4,70,old
3005,7.0714569091796875,0.1928312020523819,CVPF,cracker_scene4,70,old
3006,7.073615074157715,0.1928312020523819,CVPF,cracker_scene4,70,old
3007,7.0758161544799805,0.1928312020523819,CVPF,cracker_scene4,70,old
3008,7.078305959701538,0.19144600769281112,CVPF,cracker_scene4,70,old
3009,7.0806989669799805,0.19144600769281112,CVPF,cracker_scene4,70,old
3010,7.082854509353638,0.19144600769281112,CVPF,cracker_scene4,70,old
3011,7.085175514221191,0.19144600769281112,CVPF,cracker_scene4,70,old
3012,7.087517738342285,0.19141137365460936,CVPF,cracker_scene4,70,old
3013,7.089871168136597,0.19141137365460936,CVPF,cracker_scene4,70,old
3014,7.0919458866119385,0.19141137365460936,CVPF,cracker_scene4,70,old
3015,7.094335556030273,0.1914026751252936,CVPF,cracker_scene4,70,old
3016,7.096649885177612,0.1914026751252936,CVPF,cracker_scene4,70,old
3017,7.0987677574157715,0.1914026751252936,CVPF,cracker_scene4,70,old
3018,7.100924491882324,0.1914026751252936,CVPF,cracker_scene4,70,old
3019,7.103405475616455,0.19143137899195606,CVPF,cracker_scene4,70,old
3020,7.105881690979004,0.19143137899195606,CVPF,cracker_scene4,70,old
3021,7.108136415481567,0.19143137899195606,CVPF,cracker_scene4,70,old
3022,7.110461235046387,0.19145559351140912,CVPF,cracker_scene4,70,old
3023,7.112690687179565,0.19155123232692886,CVPF,cracker_scene4,70,old
3024,7.114997148513794,0.19155123232692886,CVPF,cracker_scene4,70,old
3025,7.117059946060181,0.19155123232692886,CVPF,cracker_scene4,70,old
3026,7.119413375854492,0.1914494640972129,CVPF,cracker_scene4,70,old
3027,7.121690273284912,0.1914494640972129,CVPF,cracker_scene4,70,old
3028,7.123920679092407,0.1914494640972129,CVPF,cracker_scene4,70,old
3029,7.12609338760376,0.1914494640972129,CVPF,cracker_scene4,70,old
3030,7.12844181060791,0.19338563156179292,CVPF,cracker_scene4,70,old
3031,7.1308274269104,0.19338563156179292,CVPF,cracker_scene4,70,old
3032,7.132920503616333,0.19338563156179292,CVPF,cracker_scene4,70,old
3033,7.135267496109009,0.19092310409443983,CVPF,cracker_scene4,70,old
3034,7.1383020877838135,0.19092310409443983,CVPF,cracker_scene4,70,old
3035,7.141448259353638,0.19092310409443983,CVPF,cracker_scene4,70,old
3036,7.144415378570557,0.19153156516465025,CVPF,cracker_scene4,70,old
3037,7.147350311279297,0.19153156516465025,CVPF,cracker_scene4,70,old
3038,7.150278568267822,0.19153156516465025,CVPF,cracker_scene4,70,old
3039,7.1532862186431885,0.1909337467771977,CVPF,cracker_scene4,70,old
3040,7.1561598777771,0.1909337467771977,CVPF,cracker_scene4,70,old
3041,7.159107446670532,0.1909337467771977,CVPF,cracker_scene4,70,old
3042,7.16253399848938,0.18082278238889118,CVPF,cracker_scene4,70,old
3043,7.165494203567505,0.18082278238889118,CVPF,cracker_scene4,70,old
3044,7.168281078338623,0.18082278238889118,CVPF,cracker_scene4,70,old
3045,7.171515703201294,0.1809261748043363,CVPF,cracker_scene4,70,old
3046,7.174510717391968,0.1809261748043363,CVPF,cracker_scene4,70,old
3047,7.177339315414429,0.18092025738460463,CVPF,cracker_scene4,70,old
3048,7.180367946624756,0.18079046845753466,CVPF,cracker_scene4,70,old
3049,7.183318376541138,0.18079046845753466,CVPF,cracker_scene4,70,old
3050,7.186235189437866,0.1806696519384191,CVPF,cracker_scene4,70,old
3051,7.189171314239502,0.18064973010947433,CVPF,cracker_scene4,70,old
3052,7.191760301589966,0.18064973010947433,CVPF,cracker_scene4,70,old
3053,7.194019794464111,0.18271647052200027,CVPF,cracker_scene4,70,old
3054,7.196344614028931,0.18271647052200027,CVPF,cracker_scene4,70,old
3055,7.198557615280151,0.18271647052200027,CVPF,cracker_scene4,70,old
3056,7.200657367706299,0.18271647052200027,CVPF,cracker_scene4,70,old
3057,7.202833890914917,0.18322428740392777,CVPF,cracker_scene4,70,old
3058,7.20504093170166,0.18322428740392777,CVPF,cracker_scene4,70,old
3059,7.207308053970337,0.18322428740392777,CVPF,cracker_scene4,70,old
3060,7.2093589305877686,0.18322428740392777,CVPF,cracker_scene4,70,old
3061,7.211688756942749,0.18299306422983966,CVPF,cracker_scene4,70,old
3062,7.2139060497283936,0.18299306422983966,CVPF,cracker_scene4,70,old
3063,7.2160539627075195,0.18299306422983966,CVPF,cracker_scene4,70,old
3064,7.218148708343506,0.18299306422983966,CVPF,cracker_scene4,70,old
3065,7.220559597015381,0.18274792869689865,CVPF,cracker_scene4,70,old
3066,7.222755193710327,0.18274792869689865,CVPF,cracker_scene4,70,old
3067,7.224809885025024,0.18274792869689865,CVPF,cracker_scene4,70,old
3068,7.22692084312439,0.1826853720251743,CVPF,cracker_scene4,70,old
3069,7.229135036468506,0.1826853720251743,CVPF,cracker_scene4,70,old
3070,7.231371164321899,0.1826853720251743,CVPF,cracker_scene4,70,old
3071,7.23347282409668,0.1826853720251743,CVPF,cracker_scene4,70,old
3072,7.235640048980713,0.18270064700735297,CVPF,cracker_scene4,70,old
3073,7.237899303436279,0.18270064700735297,CVPF,cracker_scene4,70,old
3074,7.240132570266724,0.18270064700735297,CVPF,cracker_scene4,70,old
3075,7.2422239780426025,0.18270064700735297,CVPF,cracker_scene4,70,old
3076,7.244446039199829,0.1827154660580222,CVPF,cracker_scene4,70,old
3077,7.246659517288208,0.1827154660580222,CVPF,cracker_scene4,70,old
3078,7.248802423477173,0.1827154660580222,CVPF,cracker_scene4,70,old
3079,7.250903129577637,0.1827154660580222,CVPF,cracker_scene4,70,old
3080,7.253127336502075,0.18077860598947895,CVPF,cracker_scene4,70,old
3081,7.2554216384887695,0.18077860598947895,CVPF,cracker_scene4,70,old
3082,7.257655382156372,0.18077860598947895,CVPF,cracker_scene4,70,old
3083,7.2599804401397705,0.18074076566945294,CVPF,cracker_scene4,70,old
3084,7.262208700180054,0.18068313540376554,CVPF,cracker_scene4,70,old
3085,7.264415264129639,0.18068313540376554,CVPF,cracker_scene4,70,old
3086,7.26645040512085,0.18068313540376554,CVPF,cracker_scene4,70,old
3087,7.268701791763306,0.1823376804418113,CVPF,cracker_scene4,70,old
3088,7.2710113525390625,0.1823376804418113,CVPF,cracker_scene4,70,old
3089,7.273162603378296,0.1823376804418113,CVPF,cracker_scene4,70,old
3090,7.275288820266724,0.1823376804418113,CVPF,cracker_scene4,70,old
3091,7.27750301361084,0.18090920343599382,CVPF,cracker_scene4,70,old
3092,7.279826879501343,0.18090920343599382,CVPF,cracker_scene4,70,old
3093,7.281980991363525,0.18090920343599382,CVPF,cracker_scene4,70,old
3094,7.284083127975464,0.18090920343599382,CVPF,cracker_scene4,70,old
3095,7.286279201507568,0.18083344966588413,CVPF,cracker_scene4,70,old
3096,7.28847861289978,0.18083344966588413,CVPF,cracker_scene4,70,old
3097,7.290631055831909,0.18083344966588413,CVPF,cracker_scene4,70,old
3098,7.292710542678833,0.18083344966588413,CVPF,cracker_scene4,70,old
3099,7.294903993606567,0.18116291978438032,CVPF,cracker_scene4,70,old
3100,7.297077417373657,0.18116291978438032,CVPF,cracker_scene4,70,old
3101,7.299229860305786,0.18116291978438032,CVPF,cracker_scene4,70,old
3102,7.301390171051025,0.18116291978438032,CVPF,cracker_scene4,70,old
3103,7.303660154342651,0.18086872936821324,CVPF,cracker_scene4,70,old
3104,7.305963516235352,0.18086872936821324,CVPF,cracker_scene4,70,old
3105,7.308262348175049,0.18086872936821324,CVPF,cracker_scene4,70,old
3106,7.310423851013184,0.18272014304124304,CVPF,cracker_scene4,70,old
3107,7.3126890659332275,0.18267298785285646,CVPF,cracker_scene4,70,old
3108,7.314822435379028,0.18267298785285646,CVPF,cracker_scene4,70,old
3109,7.317124605178833,0.18267298785285646,CVPF,cracker_scene4,70,old
3110,7.319338083267212,0.18086185125955354,CVPF,cracker_scene4,70,old
3111,7.32245397567749,0.1750853980781304,CVPF,cracker_scene4,70,old
3112,7.324579477310181,0.1750853980781304,CVPF,cracker_scene4,70,old
3113,7.326733589172363,0.1765803996677114,CVPF,cracker_scene4,70,old
3114,7.328946590423584,0.1764948575554919,CVPF,cracker_scene4,70,old
3115,7.331167697906494,0.1764948575554919,CVPF,cracker_scene4,70,old
3116,7.333327054977417,0.1764948575554919,CVPF,cracker_scene4,70,old
3117,7.3356547355651855,0.17704957355673998,CVPF,cracker_scene4,70,old
3118,7.337891578674316,0.17704957355673998,CVPF,cracker_scene4,70,old
3119,7.340189218521118,0.17704957355673998,CVPF,cracker_scene4,70,old
3120,7.342326641082764,0.17704957355673998,CVPF,cracker_scene4,70,old
3121,7.344435453414917,0.17510933674407822,CVPF,cracker_scene4,70,old
3122,7.346473455429077,0.17510933674407822,CVPF,cracker_scene4,70,old
3123,7.348653793334961,0.17499310112900207,CVPF,cracker_scene4,70,old
3124,7.350797891616821,0.17499310112900207,CVPF,cracker_scene4,70,old
3125,7.352986097335815,0.17499310112900207,CVPF,cracker_scene4,70,old
3126,7.355071783065796,0.17499310112900207,CVPF,cracker_scene4,70,old
3127,7.357179164886475,0.17499310112900207,CVPF,cracker_scene4,70,old
3128,7.359293222427368,0.17497678391907392,CVPF,cracker_scene4,70,old
3129,7.3614890575408936,0.17498800723346203,CVPF,cracker_scene4,70,old
3130,7.363590240478516,0.17498800723346203,CVPF,cracker_scene4,70,old
3131,7.365734577178955,0.17498800723346203,CVPF,cracker_scene4,70,old
3132,7.367903232574463,0.17498800723346203,CVPF,cracker_scene4,70,old
3133,7.370116949081421,0.17646653233378845,CVPF,cracker_scene4,70,old
3134,7.372437953948975,0.1765273305712046,CVPF,cracker_scene4,70,old
3135,7.3746278285980225,0.1765273305712046,CVPF,cracker_scene4,70,old
3136,7.376776695251465,0.1765273305712046,CVPF,cracker_scene4,70,old
3137,7.3788840770721436,0.1765273305712046,CVPF,cracker_scene4,70,old
3138,7.381113052368164,0.1765273305712046,CVPF,cracker_scene4,70,old
3139,7.3833582401275635,0.17505218080847837,CVPF,cracker_scene4,70,old
3140,7.385470867156982,0.17505218080847837,CVPF,cracker_scene4,70,old
3141,7.387551546096802,0.17505218080847837,CVPF,cracker_scene4,70,old
3142,7.3897504806518555,0.17505218080847837,CVPF,cracker_scene4,70,old
3143,7.3919501304626465,0.17505218080847837,CVPF,cracker_scene4,70,old
3144,7.393991231918335,0.17505218080847837,CVPF,cracker_scene4,70,old
3145,7.396225452423096,0.17489474615724243,CVPF,cracker_scene4,70,old
3146,7.3985350131988525,0.17489474615724243,CVPF,cracker_scene4,70,old
3147,7.400664806365967,0.17489474615724243,CVPF,cracker_scene4,70,old
3148,7.4029130935668945,0.17489474615724243,CVPF,cracker_scene4,70,old
3149,7.404969930648804,0.17634763974614578,CVPF,cracker_scene4,70,old
3150,7.407050609588623,0.17634763974614578,CVPF,cracker_scene4,70,old
3151,7.409267902374268,0.17612620504020798,CVPF,cracker_scene4,70,old
3152,7.411440849304199,0.17612620504020798,CVPF,cracker_scene4,70,old
3153,7.41356635093689,0.17612620504020798,CVPF,cracker_scene4,70,old
3154,7.415686845779419,0.17612620504020798,CVPF,cracker_scene4,70,old
3155,7.417894601821899,0.17445048718406705,CVPF,cracker_scene4,70,old
3156,7.420202970504761,0.17445048718406705,CVPF,cracker_scene4,70,old
3157,7.422364950180054,0.17445048718406705,CVPF,cracker_scene4,70,old
3158,7.424399137496948,0.17445048718406705,CVPF,cracker_scene4,70,old
3159,7.426526069641113,0.17448103905412865,CVPF,cracker_scene4,70,old
3160,7.428730726242065,0.17458791501787163,CVPF,cracker_scene4,70,old
3161,7.430906534194946,0.17458791501787163,CVPF,cracker_scene4,70,old
3162,7.433081150054932,0.17458791501787163,CVPF,cracker_scene4,70,old
3163,7.435173034667969,0.1749251226384303,CVPF,cracker_scene4,70,old
3164,7.437386751174927,0.1749251226384303,CVPF,cracker_scene4,70,old
3165,7.439457416534424,0.1749251226384303,CVPF,cracker_scene4,70,old
3166,7.4417150020599365,0.1749251226384303,CVPF,cracker_scene4,70,old
3167,7.443795442581177,0.1749251226384303,CVPF,cracker_scene4,70,old
3168,7.445863962173462,0.1749251226384303,CVPF,cracker_scene4,70,old
3169,7.4480531215667725,0.1750070774832827,CVPF,cracker_scene4,70,old
3170,7.45021653175354,0.1750070774832827,CVPF,cracker_scene4,70,old
3171,7.452418804168701,0.1750070774832827,CVPF,cracker_scene4,70,old
3172,7.454601049423218,0.1750070774832827,CVPF,cracker_scene4,70,old
3173,7.45670485496521,0.1750070774832827,CVPF,cracker_scene4,70,old
3174,7.458735227584839,0.1750070774832827,CVPF,cracker_scene4,70,old
3175,7.461053371429443,0.17454806144417992,CVPF,cracker_scene4,70,old
3176,7.463467836380005,0.17454806144417992,CVPF,cracker_scene4,70,old
3177,7.465534448623657,0.17454806144417992,CVPF,cracker_scene4,70,old
3178,7.467734098434448,0.17454806144417992,CVPF,cracker_scene4,70,old
3179,7.470019102096558,0.17666731646662284,CVPF,cracker_scene4,70,old
3180,7.4724040031433105,0.17666731646662284,CVPF,cracker_scene4,70,old
3181,7.474546432495117,0.17666731646662284,CVPF,cracker_scene4,70,old
3182,7.476766347885132,0.17666731646662284,CVPF,cracker_scene4,70,old
3183,7.47898268699646,0.17666731646662284,CVPF,cracker_scene4,70,old
3184,7.481312990188599,0.17666731646662284,CVPF,cracker_scene4,70,old
3185,7.484576940536499,0.19490874596054816,CVPF,cracker_scene4,70,old
3186,7.487045764923096,0.19690480812122102,CVPF,cracker_scene4,70,old
3187,7.48927640914917,0.19690480812122102,CVPF,cracker_scene4,70,old
3188,7.491738557815552,0.19533944716799542,CVPF,cracker_scene4,70,old
3189,7.493942975997925,0.19533944716799542,CVPF,cracker_scene4,70,old
3190,7.496280670166016,0.19533944716799542,CVPF,cracker_scene4,70,old
3191,7.4985949993133545,0.19542464638254997,CVPF,cracker_scene4,70,old
3192,7.50081992149353,0.19542464638254997,CVPF,cracker_scene4,70,old
3193,7.50327730178833,0.19742796174493776,CVPF,cracker_scene4,70,old
3194,7.505742788314819,0.19742796174493776,CVPF,cracker_scene4,70,old
3195,7.508238315582275,0.19537964234004335,CVPF,cracker_scene4,70,old
3196,7.510542154312134,0.19537964234004335,CVPF,cracker_scene4,70,old
3197,7.5129969120025635,0.19532842026278815,CVPF,cracker_scene4,70,old
3198,7.515263080596924,0.1974012299718935,CVPF,cracker_scene4,70,old
3199,7.517516374588013,0.1974012299718935,CVPF,cracker_scene4,70,old
3200,7.519901275634766,0.19514770512610297,CVPF,cracker_scene4,70,old
3201,7.522472620010376,0.19514770512610297,CVPF,cracker_scene4,70,old
3202,7.52487587928772,0.1952069498960811,CVPF,cracker_scene4,70,old
3203,7.52712082862854,0.1952069498960811,CVPF,cracker_scene4,70,old
3204,7.529548168182373,0.19542774568156082,CVPF,cracker_scene4,70,old
3205,7.531904697418213,0.19542774568156082,CVPF,cracker_scene4,70,old
3206,7.53441309928894,0.1954062871506869,CVPF,cracker_scene4,70,old
3207,7.536778926849365,0.19484936682073326,CVPF,cracker_scene4,70,old
3208,7.54012656211853,0.19526427699023047,CVPF,cracker_scene4,70,old
3209,7.54311990737915,0.19526427699023047,CVPF,cracker_scene4,70,old
3210,7.546121597290039,0.19545756402054507,CVPF,cracker_scene4,70,old
3211,7.549032688140869,0.19545756402054507,CVPF,cracker_scene4,70,old
3212,7.5518577098846436,0.19545756402054507,CVPF,cracker_scene4,70,old
3213,7.554954290390015,0.1953921442013736,CVPF,cracker_scene4,70,old
3214,7.557819843292236,0.1953921442013736,CVPF,cracker_scene4,70,old
3215,7.559971570968628,0.1953050645831797,CVPF,cracker_scene4,70,old
3216,7.562216281890869,0.1952699770852789,CVPF,cracker_scene4,70,old
3217,7.5644025802612305,0.1952699770852789,CVPF,cracker_scene4,70,old
3218,7.566450119018555,0.1952699770852789,CVPF,cracker_scene4,70,old
3219,7.568687200546265,0.19527632234887848,CVPF,cracker_scene4,70,old
3220,7.57105565071106,0.19528212450959806,CVPF,cracker_scene4,70,old
3221,7.573255777359009,0.19528212450959806,CVPF,cracker_scene4,70,old
3222,7.575490713119507,0.19528212450959806,CVPF,cracker_scene4,70,old
3223,7.577691316604614,0.19554611024860571,CVPF,cracker_scene4,70,old
3224,7.580047607421875,0.19560581382506612,CVPF,cracker_scene4,70,old
3225,7.582254409790039,0.19560581382506612,CVPF,cracker_scene4,70,old
3226,7.584568977355957,0.1953621383471401,CVPF,cracker_scene4,70,old
3227,7.58679986000061,0.19475909482770873,CVPF,cracker_scene4,70,old
3228,7.589047908782959,0.19475909482770873,CVPF,cracker_scene4,70,old
3229,7.591185092926025,0.19475909482770873,CVPF,cracker_scene4,70,old
3230,7.59342885017395,0.19486409381206918,CVPF,cracker_scene4,70,old
3231,7.59566068649292,0.19528612221657643,CVPF,cracker_scene4,70,old
3232,7.59783935546875,0.19528612221657643,CVPF,cracker_scene4,70,old
3233,7.599892854690552,0.19528612221657643,CVPF,cracker_scene4,70,old
3234,7.60220742225647,0.19527028230821003,CVPF,cracker_scene4,70,old
3235,7.604346752166748,0.19527028230821003,CVPF,cracker_scene4,70,old
3236,7.606461524963379,0.19527028230821003,CVPF,cracker_scene4,70,old
3237,7.608646392822266,0.19527028230821003,CVPF,cracker_scene4,70,old
3238,7.611016273498535,0.19526780815864228,CVPF,cracker_scene4,70,old
3239,7.6134843826293945,0.19526780815864228,CVPF,cracker_scene4,70,old
3240,7.615729093551636,0.19526780815864228,CVPF,cracker_scene4,70,old
3241,7.617913722991943,0.19562810654114077,CVPF,cracker_scene4,70,old
3242,7.620149850845337,0.19562810654114077,CVPF,cracker_scene4,70,old
3243,7.622464895248413,0.19562810654114077,CVPF,cracker_scene4,70,old
3244,7.624966382980347,0.19562810654114077,CVPF,cracker_scene4,70,old
3245,7.627397537231445,0.1953952689576464,CVPF,cracker_scene4,70,old
3246,7.62965989112854,0.1953952689576464,CVPF,cracker_scene4,70,old
3247,7.6318888664245605,0.1953952689576464,CVPF,cracker_scene4,70,old
3248,7.634075164794922,0.1953952689576464,CVPF,cracker_scene4,70,old
3249,7.636412620544434,0.19566905386561867,CVPF,cracker_scene4,70,old
3250,7.638786792755127,0.19566905386561867,CVPF,cracker_scene4,70,old
3251,7.641017913818359,0.19566905386561867,CVPF,cracker_scene4,70,old
3252,7.643284797668457,0.1956898780630862,CVPF,cracker_scene4,70,old
3253,7.646383285522461,0.21773107761550836,CVPF,cracker_scene4,70,old
3254,7.6487650871276855,0.21773107761550836,CVPF,cracker_scene4,70,old
3255,7.651062726974487,0.21963276866675585,CVPF,cracker_scene4,70,old
3256,7.653290271759033,0.21963276866675585,CVPF,cracker_scene4,70,old
3257,7.655563116073608,0.21963276866675585,CVPF,cracker_scene4,70,old
3258,7.657618045806885,0.21963276866675585,CVPF,cracker_scene4,70,old
3259,7.659729719161987,0.21963276866675585,CVPF,cracker_scene4,70,old
3260,7.662003755569458,0.21764695953979718,CVPF,cracker_scene4,70,old
3261,7.664241790771484,0.21764695953979718,CVPF,cracker_scene4,70,old
3262,7.66642427444458,0.21764695953979718,CVPF,cracker_scene4,70,old
3263,7.668558120727539,0.21763370488414768,CVPF,cracker_scene4,70,old
3264,7.670809984207153,0.21766055437460263,CVPF,cracker_scene4,70,old
3265,7.673147439956665,0.21766055437460263,CVPF,cracker_scene4,70,old
3266,7.675184965133667,0.21766055437460263,CVPF,cracker_scene4,70,old
3267,7.677388429641724,0.21770463094028436,CVPF,cracker_scene4,70,old
3268,7.679655075073242,0.21770463094028436,CVPF,cracker_scene4,70,old
3269,7.681845664978027,0.21770463094028436,CVPF,cracker_scene4,70,old
3270,7.683963060379028,0.21770463094028436,CVPF,cracker_scene4,70,old
3271,7.686189889907837,0.21775225226679762,CVPF,cracker_scene4,70,old
3272,7.688360691070557,0.21775225226679762,CVPF,cracker_scene4,70,old
3273,7.69049859046936,0.21775225226679762,CVPF,cracker_scene4,70,old
3274,7.692586898803711,0.21775225226679762,CVPF,cracker_scene4,70,old
3275,7.694921255111694,0.21771866389442085,CVPF,cracker_scene4,70,old
3276,7.697095155715942,0.21771866389442085,CVPF,cracker_scene4,70,old
3277,7.699212074279785,0.21771866389442085,CVPF,cracker_scene4,70,old
3278,7.701385021209717,0.21771806525640436,CVPF,cracker_scene4,70,old
3279,7.703631162643433,0.21771806525640436,CVPF,cracker_scene4,70,old
3280,7.705899715423584,0.21771806525640436,CVPF,cracker_scene4,70,old
3281,7.708038330078125,0.21771806525640436,CVPF,cracker_scene4,70,old
3282,7.710246562957764,0.21778567040816732,CVPF,cracker_scene4,70,old
3283,7.712451457977295,0.21778567040816732,CVPF,cracker_scene4,70,old
3284,7.71459174156189,0.21778567040816732,CVPF,cracker_scene4,70,old
3285,7.7167768478393555,0.21778567040816732,CVPF,cracker_scene4,70,old
3286,7.71906590461731,0.21785268889758402,CVPF,cracker_scene4,70,old
3287,7.721277952194214,0.21785268889758402,CVPF,cracker_scene4,70,old
3288,7.7235331535339355,0.21785268889758402,CVPF,cracker_scene4,70,old
3289,7.725604057312012,0.21785268889758402,CVPF,cracker_scene4,70,old
3290,7.7278289794921875,0.21773771745136017,CVPF,cracker_scene4,70,old
3291,7.730005502700806,0.21773771745136017,CVPF,cracker_scene4,70,old
3292,7.7321436405181885,0.21773771745136017,CVPF,cracker_scene4,70,old
3293,7.734212398529053,0.21773771745136017,CVPF,cracker_scene4,70,old
3294,7.736442804336548,0.21760860075342237,CVPF,cracker_scene4,70,old
3295,7.738785982131958,0.21760860075342237,CVPF,cracker_scene4,70,old
3296,7.740806579589844,0.21760860075342237,CVPF,cracker_scene4,70,old
3297,7.743022680282593,0.21760860075342237,CVPF,cracker_scene4,70,old
3298,7.745172500610352,0.21775706985469956,CVPF,cracker_scene4,70,old
3299,7.747234582901001,0.21775706985469956,CVPF,cracker_scene4,70,old
3300,7.749427556991577,0.21775706985469956,CVPF,cracker_scene4,70,old
3301,7.751502752304077,0.21775706985469956,CVPF,cracker_scene4,70,old
3302,7.753675699234009,0.21775706985469956,CVPF,cracker_scene4,70,old
3303,7.755825757980347,0.21776826778492886,CVPF,cracker_scene4,70,old
3304,7.7579345703125,0.2176406575065899,CVPF,cracker_scene4,70,old
3305,7.760047435760498,0.2176406575065899,CVPF,cracker_scene4,70,old
3306,7.762112617492676,0.2176406575065899,CVPF,cracker_scene4,70,old
3307,7.764280319213867,0.2176406575065899,CVPF,cracker_scene4,70,old
3308,7.766475677490234,0.2176406575065899,CVPF,cracker_scene4,70,old
3309,7.768786430358887,0.21776316999230438,CVPF,cracker_scene4,70,old
3310,7.771199941635132,0.2177110096550079,CVPF,cracker_scene4,70,old
3311,7.773536682128906,0.2177110096550079,CVPF,cracker_scene4,70,old
3312,7.775753974914551,0.2177110096550079,CVPF,cracker_scene4,70,old
3313,7.778056859970093,0.21777150430573222,CVPF,cracker_scene4,70,old
3314,7.780320882797241,0.21738411020307336,CVPF,cracker_scene4,70,old
3315,7.782609939575195,0.21738411020307336,CVPF,cracker_scene4,70,old
3316,7.78494668006897,0.21738411020307336,CVPF,cracker_scene4,70,old
3317,7.787282466888428,0.21738411020307336,CVPF,cracker_scene4,70,old
3318,7.789592266082764,0.21772517794852497,CVPF,cracker_scene4,70,old
3319,7.791667699813843,0.21772517794852497,CVPF,cracker_scene4,70,old
3320,7.793975591659546,0.21772517794852497,CVPF,cracker_scene4,70,old
3321,7.796180009841919,0.21772517794852497,CVPF,cracker_scene4,70,old
3322,7.798398494720459,0.21772517794852497,CVPF,cracker_scene4,70,old
3323,7.80052375793457,0.21772517794852497,CVPF,cracker_scene4,70,old
3324,7.803270101547241,0.22340067932078522,CVPF,cracker_scene4,70,old
3325,7.805682897567749,0.2229242593326033,CVPF,cracker_scene4,70,old
3326,7.8079211711883545,0.2229242593326033,CVPF,cracker_scene4,70,old
3327,7.809979200363159,0.2229242593326033,CVPF,cracker_scene4,70,old
3328,7.812111854553223,0.22346915423143798,CVPF,cracker_scene4,70,old
3329,7.814398765563965,0.22540981351994027,CVPF,cracker_scene4,70,old
3330,7.816565036773682,0.22540981351994027,CVPF,cracker_scene4,70,old
3331,7.8187761306762695,0.22540981351994027,CVPF,cracker_scene4,70,old
3332,7.821084260940552,0.22337702254147906,CVPF,cracker_scene4,70,old
3333,7.823250770568848,0.22337702254147906,CVPF,cracker_scene4,70,old
3334,7.825432062149048,0.22337702254147906,CVPF,cracker_scene4,70,old
3335,7.827539443969727,0.22337702254147906,CVPF,cracker_scene4,70,old
3336,7.829654693603516,0.22337702254147906,CVPF,cracker_scene4,70,old
3337,7.831768035888672,0.22337702254147906,CVPF,cracker_scene4,70,old
3338,7.834037780761719,0.223497604318192,CVPF,cracker_scene4,70,old
3339,7.836132287979126,0.223497604318192,CVPF,cracker_scene4,70,old
3340,7.838210105895996,0.223497604318192,CVPF,cracker_scene4,70,old
3341,7.840411424636841,0.223497604318192,CVPF,cracker_scene4,70,old
3342,7.842643737792969,0.22553902547291393,CVPF,cracker_scene4,70,old
3343,7.844792604446411,0.2256152472250994,CVPF,cracker_scene4,70,old
3344,7.846853733062744,0.2256152472250994,CVPF,cracker_scene4,70,old
3345,7.84902286529541,0.2256152472250994,CVPF,cracker_scene4,70,old
3346,7.8513031005859375,0.2256152472250994,CVPF,cracker_scene4,70,old
3347,7.853570222854614,0.2234300508372309,CVPF,cracker_scene4,70,old
3348,7.855694532394409,0.2234300508372309,CVPF,cracker_scene4,70,old
3349,7.857904672622681,0.2234300508372309,CVPF,cracker_scene4,70,old
3350,7.860049247741699,0.2234300508372309,CVPF,cracker_scene4,70,old
3351,7.862094879150391,0.2234300508372309,CVPF,cracker_scene4,70,old
3352,7.864477634429932,0.22341004638252837,CVPF,cracker_scene4,70,old
3353,7.866639137268066,0.22341004638252837,CVPF,cracker_scene4,70,old
3354,7.868773460388184,0.22341004638252837,CVPF,cracker_scene4,70,old
3355,7.8709752559661865,0.22341004638252837,CVPF,cracker_scene4,70,old
3356,7.873055458068848,0.22341004638252837,CVPF,cracker_scene4,70,old
3357,7.875205039978027,0.22505368936162107,CVPF,cracker_scene4,70,old
3358,7.877346992492676,0.22465408687733568,CVPF,cracker_scene4,70,old
3359,7.879558563232422,0.22465408687733568,CVPF,cracker_scene4,70,old
3360,7.881749391555786,0.22465408687733568,CVPF,cracker_scene4,70,old
3361,7.884036540985107,0.2230229037323923,CVPF,cracker_scene4,70,old
3362,7.886411428451538,0.22347328473253558,CVPF,cracker_scene4,70,old
3363,7.888643741607666,0.2233863999670298,CVPF,cracker_scene4,70,old
3364,7.890821695327759,0.2233863999670298,CVPF,cracker_scene4,70,old
3365,7.893126964569092,0.22317752004756475,CVPF,cracker_scene4,70,old
3366,7.895302057266235,0.22317752004756475,CVPF,cracker_scene4,70,old
3367,7.897570610046387,0.2234469663491332,CVPF,cracker_scene4,70,old
3368,7.899751901626587,0.2234469663491332,CVPF,cracker_scene4,70,old
3369,7.901914358139038,0.2234469663491332,CVPF,cracker_scene4,70,old
3370,7.904278993606567,0.22338983975489413,CVPF,cracker_scene4,70,old
3371,7.906728506088257,0.22338983975489413,CVPF,cracker_scene4,70,old
3372,7.908937454223633,0.2233884987797783,CVPF,cracker_scene4,70,old
3373,7.911105394363403,0.2233170425442168,CVPF,cracker_scene4,70,old
3374,7.913525342941284,0.22348807496174583,CVPF,cracker_scene4,70,old
3375,7.915829658508301,0.22348807496174583,CVPF,cracker_scene4,70,old
3376,7.918236494064331,0.2229540815916664,CVPF,cracker_scene4,70,old
3377,7.920481204986572,0.2229540815916664,CVPF,cracker_scene4,70,old
3378,7.922832727432251,0.22327383680849788,CVPF,cracker_scene4,70,old
3379,7.925155401229858,0.22327383680849788,CVPF,cracker_scene4,70,old
3380,7.927488327026367,0.22288440296415235,CVPF,cracker_scene4,70,old
3381,7.92996621131897,0.22288440296415235,CVPF,cracker_scene4,70,old
3382,7.932285308837891,0.22288440296415235,CVPF,cracker_scene4,70,old
3383,7.934533596038818,0.22294420756959976,CVPF,cracker_scene4,70,old
3384,7.936756610870361,0.22341692603949959,CVPF,cracker_scene4,70,old
3385,7.93901515007019,0.22341692603949959,CVPF,cracker_scene4,70,old
3386,7.941368818283081,0.22341692603949959,CVPF,cracker_scene4,70,old
3387,7.943566560745239,0.22295872150287632,CVPF,cracker_scene4,70,old
3388,7.946709156036377,0.22295872150287632,CVPF,cracker_scene4,70,old
3389,7.949491739273071,0.22295872150287632,CVPF,cracker_scene4,70,old
3390,7.952417373657227,0.22300860664992506,CVPF,cracker_scene4,70,old
3391,7.9553914070129395,0.22300860664992506,CVPF,cracker_scene4,70,old
3392,7.958314657211304,0.22300860664992506,CVPF,cracker_scene4,70,old
3393,7.96129846572876,0.22334446800171648,CVPF,cracker_scene4,70,old
3394,7.964345216751099,0.22334446800171648,CVPF,cracker_scene4,70,old
3395,7.967824697494507,0.21318598061035754,CVPF,cracker_scene4,70,old
3396,7.9707441329956055,0.2132147494008212,CVPF,cracker_scene4,70,old
3397,7.973773956298828,0.2132147494008212,CVPF,cracker_scene4,70,old
3398,7.976783752441406,0.21336946034112714,CVPF,cracker_scene4,70,old
3399,7.979733228683472,0.21336946034112714,CVPF,cracker_scene4,70,old
3400,7.982685089111328,0.21336946034112714,CVPF,cracker_scene4,70,old
3401,7.985562086105347,0.212758646805983,CVPF,cracker_scene4,70,old
3402,7.988740682601929,0.212758646805983,CVPF,cracker_scene4,70,old
3403,7.991601228713989,0.212758646805983,CVPF,cracker_scene4,70,old
3404,7.99463963508606,0.2153781399447139,CVPF,cracker_scene4,70,old
3405,7.99763298034668,0.2153781399447139,CVPF,cracker_scene4,70,old
3406,8.000523567199707,0.2153781399447139,CVPF,cracker_scene4,70,old
3407,8.003301620483398,0.21482374460303522,CVPF,cracker_scene4,70,old
3408,8.00544810295105,0.21482374460303522,CVPF,cracker_scene4,70,old
3409,8.007740497589111,0.21482374460303522,CVPF,cracker_scene4,70,old
3410,8.009921073913574,0.21482374460303522,CVPF,cracker_scene4,70,old
3411,8.01225733757019,0.21328821658755714,CVPF,cracker_scene4,70,old
3412,8.014497756958008,0.21328821658755714,CVPF,cracker_scene4,70,old
3413,8.016542434692383,0.21328821658755714,CVPF,cracker_scene4,70,old
3414,8.01871943473816,0.21486620919139376,CVPF,cracker_scene4,70,old
3415,8.021066665649414,0.21486620919139376,CVPF,cracker_scene4,70,old
3416,8.023254871368408,0.21486620919139376,CVPF,cracker_scene4,70,old
3417,8.025374412536621,0.21486620919139376,CVPF,cracker_scene4,70,old
3418,8.027607440948486,0.21543719899056768,CVPF,cracker_scene4,70,old
3419,8.029814004898071,0.21543719899056768,CVPF,cracker_scene4,70,old
3420,8.03192949295044,0.21543719899056768,CVPF,cracker_scene4,70,old
3421,8.034018516540527,0.21543719899056768,CVPF,cracker_scene4,70,old
3422,8.036301374435425,0.21324641037376413,CVPF,cracker_scene4,70,old
3423,8.038517236709595,0.21324641037376413,CVPF,cracker_scene4,70,old
3424,8.040647506713867,0.21324641037376413,CVPF,cracker_scene4,70,old
3425,8.042848110198975,0.21324641037376413,CVPF,cracker_scene4,70,old
3426,8.045174837112427,0.21325216823359305,CVPF,cracker_scene4,70,old
3427,8.047337055206299,0.21325216823359305,CVPF,cracker_scene4,70,old
3428,8.049365997314453,0.21325216823359305,CVPF,cracker_scene4,70,old
3429,8.051539659500122,0.21325483916629118,CVPF,cracker_scene4,70,old
3430,8.053977966308594,0.21334920347936315,CVPF,cracker_scene4,70,old
3431,8.05625867843628,0.21334920347936315,CVPF,cracker_scene4,70,old
3432,8.058349847793579,0.21334920347936315,CVPF,cracker_scene4,70,old
3433,8.0606369972229,0.21339763868250472,CVPF,cracker_scene4,70,old
3434,8.062935590744019,0.21339763868250472,CVPF,cracker_scene4,70,old
3435,8.065065622329712,0.21339763868250472,CVPF,cracker_scene4,70,old
3436,8.067224979400635,0.21339763868250472,CVPF,cracker_scene4,70,old
3437,8.069270849227905,0.21339763868250472,CVPF,cracker_scene4,70,old
3438,8.071876764297485,0.21375709858200231,CVPF,cracker_scene4,70,old
3439,8.074071645736694,0.21376437554853212,CVPF,cracker_scene4,70,old
3440,8.076312780380249,0.21376437554853212,CVPF,cracker_scene4,70,old
3441,8.078654050827026,0.21331665683871925,CVPF,cracker_scene4,70,old
3442,8.08096718788147,0.21331665683871925,CVPF,cracker_scene4,70,old
3443,8.083077907562256,0.21331665683871925,CVPF,cracker_scene4,70,old
3444,8.08538556098938,0.21317772023537263,CVPF,cracker_scene4,70,old
3445,8.087647438049316,0.21317772023537263,CVPF,cracker_scene4,70,old
3446,8.08986210823059,0.21317772023537263,CVPF,cracker_scene4,70,old
3447,8.091960430145264,0.21317772023537263,CVPF,cracker_scene4,70,old
3448,8.094205856323242,0.21333281371814206,CVPF,cracker_scene4,70,old
3449,8.096543550491333,0.21333281371814206,CVPF,cracker_scene4,70,old
3450,8.098785638809204,0.21333281371814206,CVPF,cracker_scene4,70,old
3451,8.100922584533691,0.21333281371814206,CVPF,cracker_scene4,70,old
3452,8.103241205215454,0.21342107621905804,CVPF,cracker_scene4,70,old
3453,8.105680704116821,0.21342107621905804,CVPF,cracker_scene4,70,old
3454,8.107905387878418,0.21342107621905804,CVPF,cracker_scene4,70,old
3455,8.110111474990845,0.2133611068757082,CVPF,cracker_scene4,70,old
3456,8.112429141998291,0.2133611068757082,CVPF,cracker_scene4,70,old
3457,8.1146981716156,0.2133611068757082,CVPF,cracker_scene4,70,old
3458,8.116811990737915,0.2133611068757082,CVPF,cracker_scene4,70,old
3459,8.119153261184692,0.214804639643992,CVPF,cracker_scene4,70,old
3460,8.12154769897461,0.214804639643992,CVPF,cracker_scene4,70,old
3461,8.123932600021362,0.214804639643992,CVPF,cracker_scene4,70,old
3462,8.12686014175415,0.20549647866747048,CVPF,cracker_scene4,70,old
3463,8.12919807434082,0.20549647866747048,CVPF,cracker_scene4,70,old
3464,8.131295680999756,0.20549647866747048,CVPF,cracker_scene4,70,old
3465,8.133408308029175,0.20549647866747048,CVPF,cracker_scene4,70,old
3466,8.13569974899292,0.20566019329906582,CVPF,cracker_scene4,70,old
3467,8.138086318969727,0.20566019329906582,CVPF,cracker_scene4,70,old
3468,8.1403329372406,0.20566019329906582,CVPF,cracker_scene4,70,old
3469,8.142486810684204,0.20565881334864436,CVPF,cracker_scene4,70,old
3470,8.144724369049072,0.20558406792906236,CVPF,cracker_scene4,70,old
3471,8.147023677825928,0.20558406792906236,CVPF,cracker_scene4,70,old
3472,8.149129152297974,0.20558406792906236,CVPF,cracker_scene4,70,old
3473,8.151321411132812,0.20553581681083655,CVPF,cracker_scene4,70,old
3474,8.153599262237549,0.20553581681083655,CVPF,cracker_scene4,70,old
3475,8.155827760696411,0.20553581681083655,CVPF,cracker_scene4,70,old
3476,8.158005714416504,0.20553581681083655,CVPF,cracker_scene4,70,old
3477,8.160282850265503,0.20567020967086075,CVPF,cracker_scene4,70,old
3478,8.162475347518921,0.20567020967086075,CVPF,cracker_scene4,70,old
3479,8.164730548858643,0.20567020967086075,CVPF,cracker_scene4,70,old
3480,8.166874647140503,0.20567020967086075,CVPF,cracker_scene4,70,old
3481,8.169035196304321,0.20561629837104162,CVPF,cracker_scene4,70,old
3482,8.171366691589355,0.20595187409074558,CVPF,cracker_scene4,70,old
3483,8.173702478408813,0.20595187409074558,CVPF,cracker_scene4,70,old
3484,8.175905466079712,0.20596791211099647,CVPF,cracker_scene4,70,old
3485,8.178190231323242,0.20556402809021965,CVPF,cracker_scene4,70,old
3486,8.18053150177002,0.20556402809021965,CVPF,cracker_scene4,70,old
3487,8.182629823684692,0.20556402809021965,CVPF,cracker_scene4,70,old
3488,8.184828758239746,0.2056087964475334,CVPF,cracker_scene4,70,old
3489,8.18717074394226,0.20571825372203228,CVPF,cracker_scene4,70,old
3490,8.18943190574646,0.20571825372203228,CVPF,cracker_scene4,70,old
3491,8.191580533981323,0.20571825372203228,CVPF,cracker_scene4,70,old
3492,8.193805932998657,0.20558879923264567,CVPF,cracker_scene4,70,old
3493,8.196151494979858,0.20558879923264567,CVPF,cracker_scene4,70,old
3494,8.1983802318573,0.20558879923264567,CVPF,cracker_scene4,70,old
3495,8.20051646232605,0.20558879923264567,CVPF,cracker_scene4,70,old
3496,8.20279598236084,0.20558993977591775,CVPF,cracker_scene4,70,old
3497,8.205195188522339,0.20558993977591775,CVPF,cracker_scene4,70,old
3498,8.207470417022705,0.20558993977591775,CVPF,cracker_scene4,70,old
3499,8.209647178649902,0.20767292886987776,CVPF,cracker_scene4,70,old
3500,8.211991786956787,0.20812382035683819,CVPF,cracker_scene4,70,old
3501,8.214327096939087,0.20812382035683819,CVPF,cracker_scene4,70,old
3502,8.216645240783691,0.20812382035683819,CVPF,cracker_scene4,70,old
3503,8.219100713729858,0.20565579035702014,CVPF,cracker_scene4,70,old
3504,8.221406936645508,0.20565579035702014,CVPF,cracker_scene4,70,old
3505,8.22356104850769,0.20565579035702014,CVPF,cracker_scene4,70,old
3506,8.225671768188477,0.20565579035702014,CVPF,cracker_scene4,70,old
3507,8.228031873703003,0.20554849027506072,CVPF,cracker_scene4,70,old
3508,8.230295181274414,0.20554849027506072,CVPF,cracker_scene4,70,old
3509,8.232378244400024,0.20554849027506072,CVPF,cracker_scene4,70,old
3510,8.234580755233765,0.20546489924572303,CVPF,cracker_scene4,70,old
3511,8.236857891082764,0.20546489924572303,CVPF,cracker_scene4,70,old
3512,8.239150047302246,0.20546489924572303,CVPF,cracker_scene4,70,old
3513,8.241243839263916,0.20546489924572303,CVPF,cracker_scene4,70,old
3514,8.243483781814575,0.20548841574705268,CVPF,cracker_scene4,70,old
3515,8.245804071426392,0.20548841574705268,CVPF,cracker_scene4,70,old
3516,8.248055219650269,0.20548841574705268,CVPF,cracker_scene4,70,old
3517,8.250134706497192,0.20548841574705268,CVPF,cracker_scene4,70,old
3518,8.252389192581177,0.20560706663693598,CVPF,cracker_scene4,70,old
3519,8.254638671875,0.20560706663693598,CVPF,cracker_scene4,70,old
3520,8.257006406784058,0.20560706663693598,CVPF,cracker_scene4,70,old
3521,8.259448766708374,0.20560706663693598,CVPF,cracker_scene4,70,old
3522,8.26205039024353,0.20573587664879295,CVPF,cracker_scene4,70,old
3523,8.264527797698975,0.20573587664879295,CVPF,cracker_scene4,70,old
3524,8.266691207885742,0.20573587664879295,CVPF,cracker_scene4,70,old
3525,8.26911735534668,0.20548108283630148,CVPF,cracker_scene4,70,old
3526,8.271483421325684,0.20548108283630148,CVPF,cracker_scene4,70,old
3527,8.273809432983398,0.20548108283630148,CVPF,cracker_scene4,70,old
3528,8.275968551635742,0.20548108283630148,CVPF,cracker_scene4,70,old
3529,8.278275489807129,0.2054784410133622,CVPF,cracker_scene4,70,old
3530,8.280792951583862,0.20500158148891967,CVPF,cracker_scene4,70,old
3531,8.28296971321106,0.20500158148891967,CVPF,cracker_scene4,70,old
3532,8.285948276519775,0.18871395896174217,CVPF,cracker_scene4,70,old
3533,8.288140773773193,0.18871395896174217,CVPF,cracker_scene4,70,old
3534,8.290316581726074,0.18871395896174217,CVPF,cracker_scene4,70,old
3535,8.292440176010132,0.18871395896174217,CVPF,cracker_scene4,70,old
3536,8.294670820236206,0.18893035384191142,CVPF,cracker_scene4,70,old
3537,8.297027349472046,0.18893035384191142,CVPF,cracker_scene4,70,old
3538,8.299165487289429,0.18893035384191142,CVPF,cracker_scene4,70,old
3539,8.301334857940674,0.18893035384191142,CVPF,cracker_scene4,70,old
3540,8.303688526153564,0.18885898756306294,CVPF,cracker_scene4,70,old
3541,8.306198120117188,0.18885898756306294,CVPF,cracker_scene4,70,old
3542,8.308292627334595,0.18885898756306294,CVPF,cracker_scene4,70,old
3543,8.310503005981445,0.1888583619617326,CVPF,cracker_scene4,70,old
3544,8.31276822090149,0.18903184244954566,CVPF,cracker_scene4,70,old
3545,8.314995765686035,0.18903184244954566,CVPF,cracker_scene4,70,old
3546,8.317144632339478,0.18903184244954566,CVPF,cracker_scene4,70,old
3547,8.319459676742554,0.18904570277058297,CVPF,cracker_scene4,70,old
3548,8.321683645248413,0.18904570277058297,CVPF,cracker_scene4,70,old
3549,8.323946714401245,0.18904570277058297,CVPF,cracker_scene4,70,old
3550,8.326257228851318,0.18904570277058297,CVPF,cracker_scene4,70,old
3551,8.328547716140747,0.1890711814535189,CVPF,cracker_scene4,70,old
3552,8.330780744552612,0.1890711814535189,CVPF,cracker_scene4,70,old
3553,8.332973957061768,0.1890711814535189,CVPF,cracker_scene4,70,old
3554,8.335256099700928,0.18894583568991652,CVPF,cracker_scene4,70,old
3555,8.337430715560913,0.18894583568991652,CVPF,cracker_scene4,70,old
3556,8.339808225631714,0.18894583568991652,CVPF,cracker_scene4,70,old
3557,8.341862201690674,0.18894583568991652,CVPF,cracker_scene4,70,old
3558,8.344123363494873,0.18850514320368914,CVPF,cracker_scene4,70,old
3559,8.346501588821411,0.18850514320368914,CVPF,cracker_scene4,70,old
3560,8.348694562911987,0.18850514320368914,CVPF,cracker_scene4,70,old
3561,8.350830316543579,0.18850514320368914,CVPF,cracker_scene4,70,old
3562,8.35318112373352,0.188738692547819,CVPF,cracker_scene4,70,old
3563,8.355472564697266,0.188738692547819,CVPF,cracker_scene4,70,old
3564,8.357574939727783,0.188738692547819,CVPF,cracker_scene4,70,old
3565,8.359791040420532,0.18916722323969817,CVPF,cracker_scene4,70,old
3566,8.362040281295776,0.18916722323969817,CVPF,cracker_scene4,70,old
3567,8.364206075668335,0.18916722323969817,CVPF,cracker_scene4,70,old
3568,8.366352319717407,0.18916722323969817,CVPF,cracker_scene4,70,old
3569,8.368877649307251,0.1885516177307681,CVPF,cracker_scene4,70,old
3570,8.371328592300415,0.1885516177307681,CVPF,cracker_scene4,70,old
3571,8.37367033958435,0.1885516177307681,CVPF,cracker_scene4,70,old
3572,8.37593126296997,0.1885516177307681,CVPF,cracker_scene4,70,old
3573,8.37828016281128,0.18884342451879424,CVPF,cracker_scene4,70,old
3574,8.380547761917114,0.18884342451879424,CVPF,cracker_scene4,70,old
3575,8.382710456848145,0.18884342451879424,CVPF,cracker_scene4,70,old
3576,8.384925127029419,0.1887163900823035,CVPF,cracker_scene4,70,old
3577,8.387295007705688,0.1887163900823035,CVPF,cracker_scene4,70,old
3578,8.389514446258545,0.1887163900823035,CVPF,cracker_scene4,70,old
3579,8.391604661941528,0.1887163900823035,CVPF,cracker_scene4,70,old
3580,8.39393424987793,0.18916007888349548,CVPF,cracker_scene4,70,old
3581,8.396289348602295,0.18916007888349548,CVPF,cracker_scene4,70,old
3582,8.398592710494995,0.18916007888349548,CVPF,cracker_scene4,70,old
3583,8.400789499282837,0.18911587147652245,CVPF,cracker_scene4,70,old
3584,8.403037071228027,0.18887203187057924,CVPF,cracker_scene4,70,old
3585,8.405410766601562,0.18887203187057924,CVPF,cracker_scene4,70,old
3586,8.407636880874634,0.18887203187057924,CVPF,cracker_scene4,70,old
3587,8.409970998764038,0.18890155407054507,CVPF,cracker_scene4,70,old
3588,8.412277936935425,0.1889702507481346,CVPF,cracker_scene4,70,old
3589,8.414483070373535,0.1889702507481346,CVPF,cracker_scene4,70,old
3590,8.416698455810547,0.1889702507481346,CVPF,cracker_scene4,70,old
3591,8.419048547744751,0.18906763530016654,CVPF,cracker_scene4,70,old
3592,8.421468496322632,0.18906763530016654,CVPF,cracker_scene4,70,old
3593,8.423784255981445,0.18906763530016654,CVPF,cracker_scene4,70,old
3594,8.426045656204224,0.18906763530016654,CVPF,cracker_scene4,70,old
3595,8.428747177124023,0.1889468118543125,CVPF,cracker_scene4,70,old
3596,8.431376218795776,0.1889468118543125,CVPF,cracker_scene4,70,old
3597,8.433494091033936,0.1889468118543125,CVPF,cracker_scene4,70,old
3598,8.435846090316772,0.18893929314479835,CVPF,cracker_scene4,70,old
3599,8.438337564468384,0.18893929314479835,CVPF,cracker_scene4,70,old
3600,8.440563678741455,0.18893929314479835,CVPF,cracker_scene4,70,old
3601,8.442837238311768,0.18897901040559145,CVPF,cracker_scene4,70,old
3602,8.445184230804443,0.18891340516554003,CVPF,cracker_scene4,70,old
3603,8.44861125946045,0.16633891318503213,CVPF,cracker_scene4,70,old
3604,8.450737714767456,0.16633891318503213,CVPF,cracker_scene4,70,old
3605,8.453086614608765,0.1663410985508218,CVPF,cracker_scene4,70,old
3606,8.455426216125488,0.1663410985508218,CVPF,cracker_scene4,70,old
3607,8.457787990570068,0.1663410985508218,CVPF,cracker_scene4,70,old
3608,8.46010947227478,0.16620932055575555,CVPF,cracker_scene4,70,old
3609,8.462819576263428,0.16636838671020993,CVPF,cracker_scene4,70,old
3610,8.465252161026001,0.16636838671020993,CVPF,cracker_scene4,70,old
3611,8.46746015548706,0.16636838671020993,CVPF,cracker_scene4,70,old
3612,8.469862937927246,0.16639622335535442,CVPF,cracker_scene4,70,old
3613,8.472334623336792,0.16639622335535442,CVPF,cracker_scene4,70,old
3614,8.47447419166565,0.16639622335535442,CVPF,cracker_scene4,70,old
3615,8.476871490478516,0.1664219689653157,CVPF,cracker_scene4,70,old
3616,8.479301452636719,0.1664219689653157,CVPF,cracker_scene4,70,old
3617,8.481549978256226,0.1664219689653157,CVPF,cracker_scene4,70,old
3618,8.483672618865967,0.1664219689653157,CVPF,cracker_scene4,70,old
3619,8.48605227470398,0.16629180375658237,CVPF,cracker_scene4,70,old
3620,8.488461971282959,0.16629180375658237,CVPF,cracker_scene4,70,old
3621,8.490694761276245,0.16629180375658237,CVPF,cracker_scene4,70,old
3622,8.492876768112183,0.16635831806474322,CVPF,cracker_scene4,70,old
3623,8.495218515396118,0.16639960985742963,CVPF,cracker_scene4,70,old
3624,8.497770547866821,0.16639960985742963,CVPF,cracker_scene4,70,old
3625,8.499898433685303,0.16639960985742963,CVPF,cracker_scene4,70,old
3626,8.502169370651245,0.1679764112686728,CVPF,cracker_scene4,70,old
3627,8.504725694656372,0.1679764112686728,CVPF,cracker_scene4,70,old
3628,8.507110595703125,0.1679764112686728,CVPF,cracker_scene4,70,old
3629,8.50956916809082,0.1679764112686728,CVPF,cracker_scene4,70,old
3630,8.511974096298218,0.16645502124577582,CVPF,cracker_scene4,70,old
3631,8.514294624328613,0.16645502124577582,CVPF,cracker_scene4,70,old
3632,8.516469240188599,0.16645502124577582,CVPF,cracker_scene4,70,old
3633,8.518876552581787,0.16635684694757646,CVPF,cracker_scene4,70,old
3634,8.521200180053711,0.16635684694757646,CVPF,cracker_scene4,70,old
3635,8.523436784744263,0.16635684694757646,CVPF,cracker_scene4,70,old
3636,8.525501728057861,0.16635684694757646,CVPF,cracker_scene4,70,old
3637,8.527851343154907,0.16627571290076393,CVPF,cracker_scene4,70,old
3638,8.530187845230103,0.16627571290076393,CVPF,cracker_scene4,70,old
3639,8.532382011413574,0.16627571290076393,CVPF,cracker_scene4,70,old
3640,8.534497499465942,0.16627571290076393,CVPF,cracker_scene4,70,old
3641,8.537227153778076,0.1662637770282993,CVPF,cracker_scene4,70,old
3642,8.539714813232422,0.1662637770282993,CVPF,cracker_scene4,70,old
3643,8.541826725006104,0.1662637770282993,CVPF,cracker_scene4,70,old
3644,8.544089555740356,0.1662734546538731,CVPF,cracker_scene4,70,old
3645,8.546281337738037,0.1662734546538731,CVPF,cracker_scene4,70,old
3646,8.548364162445068,0.1662734546538731,CVPF,cracker_scene4,70,old
3647,8.550670385360718,0.1662734546538731,CVPF,cracker_scene4,70,old
3648,8.552739381790161,0.1662734546538731,CVPF,cracker_scene4,70,old
3649,8.554807901382446,0.1662734546538731,CVPF,cracker_scene4,70,old
3650,8.557131052017212,0.1662734546538731,CVPF,cracker_scene4,70,old
3651,8.5594801902771,0.16680529726921467,CVPF,cracker_scene4,70,old
3652,8.561606645584106,0.16680529726921467,CVPF,cracker_scene4,70,old
3653,8.563790559768677,0.16680529726921467,CVPF,cracker_scene4,70,old
3654,8.5662100315094,0.16680529726921467,CVPF,cracker_scene4,70,old
3655,8.5685875415802,0.1683502936584338,CVPF,cracker_scene4,70,old
3656,8.571050882339478,0.1683502936584338,CVPF,cracker_scene4,70,old
3657,8.573634147644043,0.1683502936584338,CVPF,cracker_scene4,70,old
3658,8.576129913330078,0.1683502936584338,CVPF,cracker_scene4,70,old
3659,8.578418970108032,0.1664301808583799,CVPF,cracker_scene4,70,old
3660,8.580735206604004,0.166753360352061,CVPF,cracker_scene4,70,old
3661,8.58311152458191,0.166753360352061,CVPF,cracker_scene4,70,old
3662,8.58540964126587,0.166753360352061,CVPF,cracker_scene4,70,old
3663,8.587668180465698,0.166753360352061,CVPF,cracker_scene4,70,old
3664,8.589781284332275,0.166753360352061,CVPF,cracker_scene4,70,old
3665,8.592007875442505,0.16675196513422996,CVPF,cracker_scene4,70,old
3666,8.594226598739624,0.16675196513422996,CVPF,cracker_scene4,70,old
3667,8.596436023712158,0.16675196513422996,CVPF,cracker_scene4,70,old
3668,8.598786354064941,0.1662910240650195,CVPF,cracker_scene4,70,old
3669,8.601042985916138,0.1662910240650195,CVPF,cracker_scene4,70,old
3670,8.603107452392578,0.1662910240650195,CVPF,cracker_scene4,70,old
3671,8.605432510375977,0.1662910240650195,CVPF,cracker_scene4,70,old
3672,8.607760667800903,0.14969471454595945,CVPF,cracker_scene4,70,old
3673,8.610626935958862,0.14969471454595945,CVPF,cracker_scene4,70,old
3674,8.613102674484253,0.150099632275616,CVPF,cracker_scene4,70,old
3675,8.615275621414185,0.150099632275616,CVPF,cracker_scene4,70,old
3676,8.617510795593262,0.150099632275616,CVPF,cracker_scene4,70,old
3677,8.619815826416016,0.150099632275616,CVPF,cracker_scene4,70,old
3678,8.622137069702148,0.14977209882824583,CVPF,cracker_scene4,70,old
3679,8.62431788444519,0.14977209882824583,CVPF,cracker_scene4,70,old
3680,8.626383781433105,0.14977209882824583,CVPF,cracker_scene4,70,old
3681,8.628610849380493,0.14977209882824583,CVPF,cracker_scene4,70,old
3682,8.63078236579895,0.14976535520170778,CVPF,cracker_scene4,70,old
3683,8.632913589477539,0.14976535520170778,CVPF,cracker_scene4,70,old
3684,8.635041236877441,0.14976535520170778,CVPF,cracker_scene4,70,old
3685,8.637267351150513,0.14976535520170778,CVPF,cracker_scene4,70,old
3686,8.639670848846436,0.1516389947265681,CVPF,cracker_scene4,70,old
3687,8.641792297363281,0.1516389947265681,CVPF,cracker_scene4,70,old
3688,8.643948793411255,0.1516389947265681,CVPF,cracker_scene4,70,old
3689,8.64612627029419,0.1516389947265681,CVPF,cracker_scene4,70,old
3690,8.648333549499512,0.1516389947265681,CVPF,cracker_scene4,70,old
3691,8.650793075561523,0.15110334871701975,CVPF,cracker_scene4,70,old
3692,8.65289306640625,0.15110334871701975,CVPF,cracker_scene4,70,old
3693,8.654953241348267,0.15110334871701975,CVPF,cracker_scene4,70,old
3694,8.65721082687378,0.15110334871701975,CVPF,cracker_scene4,70,old
3695,8.659515380859375,0.15110334871701975,CVPF,cracker_scene4,70,old
3696,8.661562442779541,0.15110334871701975,CVPF,cracker_scene4,70,old
3697,8.663743019104004,0.15110334871701975,CVPF,cracker_scene4,70,old
3698,8.666006803512573,0.14944695284543913,CVPF,cracker_scene4,70,old
3699,8.668310165405273,0.14944695284543913,CVPF,cracker_scene4,70,old
3700,8.670609951019287,0.14944695284543913,CVPF,cracker_scene4,70,old
3701,8.672842264175415,0.14989027386537973,CVPF,cracker_scene4,70,old
3702,8.674913883209229,0.14989027386537973,CVPF,cracker_scene4,70,old
3703,8.677070140838623,0.14989027386537973,CVPF,cracker_scene4,70,old
3704,8.679229974746704,0.14989027386537973,CVPF,cracker_scene4,70,old
3705,8.681471109390259,0.14989027386537973,CVPF,cracker_scene4,70,old
3706,8.683722019195557,0.15211009375453394,CVPF,cracker_scene4,70,old
3707,8.685914278030396,0.15211009375453394,CVPF,cracker_scene4,70,old
3708,8.688347816467285,0.14984625528902046,CVPF,cracker_scene4,70,old
3709,8.690516471862793,0.14984625528902046,CVPF,cracker_scene4,70,old
3710,8.692796230316162,0.14984625528902046,CVPF,cracker_scene4,70,old
3711,8.695160865783691,0.1498519148486218,CVPF,cracker_scene4,70,old
3712,8.697478771209717,0.1498519148486218,CVPF,cracker_scene4,70,old
3713,8.699938535690308,0.14985109170633584,CVPF,cracker_scene4,70,old
3714,8.702289819717407,0.14995709946737842,CVPF,cracker_scene4,70,old
3715,8.704588890075684,0.14978953463698452,CVPF,cracker_scene4,70,old
3716,8.707123041152954,0.14983451094148137,CVPF,cracker_scene4,70,old
3717,8.70947265625,0.14983451094148137,CVPF,cracker_scene4,70,old
3718,8.711933374404907,0.14971157890660863,CVPF,cracker_scene4,70,old
3719,8.714133024215698,0.14971157890660863,CVPF,cracker_scene4,70,old
3720,8.716467142105103,0.14917237463186603,CVPF,cracker_scene4,70,old
3721,8.718764066696167,0.14917237463186603,CVPF,cracker_scene4,70,old
3722,8.721129417419434,0.1499092394052342,CVPF,cracker_scene4,70,old
3723,8.723532915115356,0.1499092394052342,CVPF,cracker_scene4,70,old
3724,8.725658416748047,0.1499092394052342,CVPF,cracker_scene4,70,old
3725,8.727987289428711,0.1511932138248401,CVPF,cracker_scene4,70,old
3726,8.730309247970581,0.1511932138248401,CVPF,cracker_scene4,70,old
3727,8.732415437698364,0.1511932138248401,CVPF,cracker_scene4,70,old
3728,8.734600067138672,0.14927512942278254,CVPF,cracker_scene4,70,old
3729,8.73699140548706,0.14982682371077238,CVPF,cracker_scene4,70,old
3730,8.73941707611084,0.14982682371077238,CVPF,cracker_scene4,70,old
3731,8.74182677268982,0.14982682371077238,CVPF,cracker_scene4,70,old
3732,8.744138956069946,0.14976873339378546,CVPF,cracker_scene4,70,old
3733,8.746410608291626,0.14976873339378546,CVPF,cracker_scene4,70,old
3734,8.748717308044434,0.14976873339378546,CVPF,cracker_scene4,70,old
3735,8.750869274139404,0.14976873339378546,CVPF,cracker_scene4,70,old
3736,8.753125667572021,0.14986280017495765,CVPF,cracker_scene4,70,old
3737,8.755476713180542,0.14986280017495765,CVPF,cracker_scene4,70,old
3738,8.758221864700317,0.15341110506826014,CVPF,cracker_scene4,70,old
3739,8.760451793670654,0.15329540827666543,CVPF,cracker_scene4,70,old
3740,8.762700319290161,0.15329540827666543,CVPF,cracker_scene4,70,old
3741,8.764909744262695,0.15329540827666543,CVPF,cracker_scene4,70,old
3742,8.76699185371399,0.15329540827666543,CVPF,cracker_scene4,70,old
3743,8.769425630569458,0.15340987822281643,CVPF,cracker_scene4,70,old
3744,8.771737337112427,0.15340987822281643,CVPF,cracker_scene4,70,old
3745,8.774024724960327,0.15340987822281643,CVPF,cracker_scene4,70,old
3746,8.77616024017334,0.15340987822281643,CVPF,cracker_scene4,70,old
3747,8.778501272201538,0.1533621517171784,CVPF,cracker_scene4,70,old
3748,8.780734062194824,0.1533621517171784,CVPF,cracker_scene4,70,old
3749,8.78312635421753,0.1533621517171784,CVPF,cracker_scene4,70,old
3750,8.785363912582397,0.15337500573051413,CVPF,cracker_scene4,70,old
3751,8.787656307220459,0.15337500573051413,CVPF,cracker_scene4,70,old
3752,8.789874076843262,0.15337500573051413,CVPF,cracker_scene4,70,old
3753,8.791958570480347,0.15337500573051413,CVPF,cracker_scene4,70,old
3754,8.794189929962158,0.1528955088114091,CVPF,cracker_scene4,70,old
3755,8.796415090560913,0.1528955088114091,CVPF,cracker_scene4,70,old
3756,8.798661708831787,0.1528955088114091,CVPF,cracker_scene4,70,old
3757,8.80083680152893,0.1528955088114091,CVPF,cracker_scene4,70,old
3758,8.803132057189941,0.15336132376773703,CVPF,cracker_scene4,70,old
3759,8.80543041229248,0.15336132376773703,CVPF,cracker_scene4,70,old
3760,8.807641744613647,0.15336132376773703,CVPF,cracker_scene4,70,old
3761,8.809901475906372,0.15336132376773703,CVPF,cracker_scene4,70,old
3762,8.812081098556519,0.15501821283057243,CVPF,cracker_scene4,70,old
3763,8.814225435256958,0.15501821283057243,CVPF,cracker_scene4,70,old
3764,8.816439628601074,0.15501821283057243,CVPF,cracker_scene4,70,old
3765,8.818750619888306,0.15323235390242385,CVPF,cracker_scene4,70,old
3766,8.821112871170044,0.15323235390242385,CVPF,cracker_scene4,70,old
3767,8.82332158088684,0.15323235390242385,CVPF,cracker_scene4,70,old
3768,8.825457334518433,0.15323235390242385,CVPF,cracker_scene4,70,old
3769,8.827678203582764,0.15343108138913447,CVPF,cracker_scene4,70,old
3770,8.829975843429565,0.15343108138913447,CVPF,cracker_scene4,70,old
3771,8.832133054733276,0.15343108138913447,CVPF,cracker_scene4,70,old
3772,8.834265232086182,0.15343108138913447,CVPF,cracker_scene4,70,old
3773,8.83654236793518,0.15344731054405358,CVPF,cracker_scene4,70,old
3774,8.838968276977539,0.15345031570699802,CVPF,cracker_scene4,70,old
3775,8.841102123260498,0.15345031570699802,CVPF,cracker_scene4,70,old
3776,8.843274116516113,0.15543818096479098,CVPF,cracker_scene4,70,old
3777,8.845553636550903,0.15529857555849422,CVPF,cracker_scene4,70,old
3778,8.847728252410889,0.15529857555849422,CVPF,cracker_scene4,70,old
3779,8.84979510307312,0.15529857555849422,CVPF,cracker_scene4,70,old
3780,8.852078914642334,0.1529580062901689,CVPF,cracker_scene4,70,old
3781,8.854257822036743,0.1529580062901689,CVPF,cracker_scene4,70,old
3782,8.856407165527344,0.1529580062901689,CVPF,cracker_scene4,70,old
3783,8.85860300064087,0.1529580062901689,CVPF,cracker_scene4,70,old
3784,8.860952615737915,0.155439040378436,CVPF,cracker_scene4,70,old
3785,8.863173484802246,0.155439040378436,CVPF,cracker_scene4,70,old
3786,8.865391254425049,0.155439040378436,CVPF,cracker_scene4,70,old
3787,8.867491245269775,0.1554673546563724,CVPF,cracker_scene4,70,old
3788,8.869691371917725,0.15537786381486576,CVPF,cracker_scene4,70,old
3789,8.8719322681427,0.15537786381486576,CVPF,cracker_scene4,70,old
3790,8.874112606048584,0.15537786381486576,CVPF,cracker_scene4,70,old
3791,8.876181602478027,0.15537786381486576,CVPF,cracker_scene4,70,old
3792,8.878443479537964,0.1552902430030934,CVPF,cracker_scene4,70,old
3793,8.880666255950928,0.1552902430030934,CVPF,cracker_scene4,70,old
3794,8.882826805114746,0.1552902430030934,CVPF,cracker_scene4,70,old
3795,8.885030031204224,0.15315882515623974,CVPF,cracker_scene4,70,old
3796,8.887316703796387,0.15315882515623974,CVPF,cracker_scene4,70,old
3797,8.8895423412323,0.15315882515623974,CVPF,cracker_scene4,70,old
3798,8.891671180725098,0.15315882515623974,CVPF,cracker_scene4,70,old
3799,8.89395260810852,0.15534626292346657,CVPF,cracker_scene4,70,old
3800,8.897003889083862,0.15534626292346657,CVPF,cracker_scene4,70,old
3801,8.899858713150024,0.15534626292346657,CVPF,cracker_scene4,70,old
3802,8.90284538269043,0.15332743787976105,CVPF,cracker_scene4,70,old
3803,8.9058256149292,0.15332743787976105,CVPF,cracker_scene4,70,old
3804,8.908891201019287,0.15332743787976105,CVPF,cracker_scene4,70,old
3805,8.912152528762817,0.1528505729498467,CVPF,cracker_scene4,70,old
3806,8.915081262588501,0.1528505729498467,CVPF,cracker_scene4,70,old
3807,8.917925596237183,0.1549067326929392,CVPF,cracker_scene4,70,old
3808,8.921807527542114,0.16199678061309303,CVPF,cracker_scene4,70,old
3809,8.92484188079834,0.16199678061309303,CVPF,cracker_scene4,70,old
3810,8.927725076675415,0.15998313536884576,CVPF,cracker_scene4,70,old
3811,8.930869579315186,0.16034512562576905,CVPF,cracker_scene4,70,old
3812,8.933688640594482,0.16034512562576905,CVPF,cracker_scene4,70,old
3813,8.936769485473633,0.16050577690700682,CVPF,cracker_scene4,70,old
3814,8.939661264419556,0.16050577690700682,CVPF,cracker_scene4,70,old
3815,8.942719459533691,0.16193999238903697,CVPF,cracker_scene4,70,old
3816,8.945701837539673,0.1618769743921707,CVPF,cracker_scene4,70,old
3817,8.94809865951538,0.1618769743921707,CVPF,cracker_scene4,70,old
3818,8.950254917144775,0.1618769743921707,CVPF,cracker_scene4,70,old
3819,8.952358722686768,0.1618769743921707,CVPF,cracker_scene4,70,old
3820,8.95448637008667,0.1618769743921707,CVPF,cracker_scene4,70,old
3821,8.956653594970703,0.1605196045731809,CVPF,cracker_scene4,70,old
3822,8.958870649337769,0.1605196045731809,CVPF,cracker_scene4,70,old
3823,8.960960388183594,0.1605196045731809,CVPF,cracker_scene4,70,old
3824,8.9631028175354,0.1605196045731809,CVPF,cracker_scene4,70,old
3825,8.965293169021606,0.1605196045731809,CVPF,cracker_scene4,70,old
3826,8.967445611953735,0.1605196045731809,CVPF,cracker_scene4,70,old
3827,8.969527959823608,0.1605196045731809,CVPF,cracker_scene4,70,old
3828,8.971843481063843,0.16068621647814352,CVPF,cracker_scene4,70,old
3829,8.974131107330322,0.16080454216024564,CVPF,cracker_scene4,70,old
3830,8.976361274719238,0.16080454216024564,CVPF,cracker_scene4,70,old
3831,8.978451013565063,0.16080454216024564,CVPF,cracker_scene4,70,old
3832,8.980626583099365,0.16079548548100037,CVPF,cracker_scene4,70,old
3833,8.982878923416138,0.1599823467151664,CVPF,cracker_scene4,70,old
3834,8.985000610351562,0.1599823467151664,CVPF,cracker_scene4,70,old
3835,8.987188816070557,0.1599823467151664,CVPF,cracker_scene4,70,old
3836,8.989437818527222,0.1599823467151664,CVPF,cracker_scene4,70,old
3837,8.991596937179565,0.1599712011543422,CVPF,cracker_scene4,70,old
3838,8.99377989768982,0.15918594864440208,CVPF,cracker_scene4,70,old
3839,8.995946884155273,0.15918594864440208,CVPF,cracker_scene4,70,old
3840,8.998203039169312,0.15918594864440208,CVPF,cracker_scene4,70,old
3841,9.000396966934204,0.15918594864440208,CVPF,cracker_scene4,70,old
3842,9.002444744110107,0.15918594864440208,CVPF,cracker_scene4,70,old
3843,9.004745244979858,0.16031210945115715,CVPF,cracker_scene4,70,old
3844,9.006883144378662,0.16031210945115715,CVPF,cracker_scene4,70,old
3845,9.009030818939209,0.16031210945115715,CVPF,cracker_scene4,70,old
3846,9.011309623718262,0.16031210945115715,CVPF,cracker_scene4,70,old
3847,9.01344084739685,0.16031210945115715,CVPF,cracker_scene4,70,old
3848,9.015599727630615,0.15992452684918254,CVPF,cracker_scene4,70,old
3849,9.017794609069824,0.1583267302859474,CVPF,cracker_scene4,70,old
3850,9.019995212554932,0.1583267302859474,CVPF,cracker_scene4,70,old
3851,9.022231340408325,0.1583267302859474,CVPF,cracker_scene4,70,old
3852,9.024392366409302,0.1583267302859474,CVPF,cracker_scene4,70,old
3853,9.026556968688965,0.15872630071658592,CVPF,cracker_scene4,70,old
3854,9.028714895248413,0.15872630071658592,CVPF,cracker_scene4,70,old
3855,9.030974626541138,0.15872630071658592,CVPF,cracker_scene4,70,old
3856,9.033178329467773,0.15872630071658592,CVPF,cracker_scene4,70,old
3857,9.03523564338684,0.15872630071658592,CVPF,cracker_scene4,70,old
3858,9.037382364273071,0.15872630071658592,CVPF,cracker_scene4,70,old
3859,9.03957486152649,0.15871821705373712,CVPF,cracker_scene4,70,old
3860,9.042093753814697,0.15890808215418945,CVPF,cracker_scene4,70,old
3861,9.0443696975708,0.15890808215418945,CVPF,cracker_scene4,70,old
3862,9.046481847763062,0.15890808215418945,CVPF,cracker_scene4,70,old
3863,9.048701047897339,0.15885107172202814,CVPF,cracker_scene4,70,old
3864,9.05093765258789,0.15885107172202814,CVPF,cracker_scene4,70,old
3865,9.053169012069702,0.15885107172202814,CVPF,cracker_scene4,70,old
3866,9.055330514907837,0.15885107172202814,CVPF,cracker_scene4,70,old
3867,9.05763053894043,0.15886606866906167,CVPF,cracker_scene4,70,old
3868,9.05981993675232,0.15886606866906167,CVPF,cracker_scene4,70,old
3869,9.061970710754395,0.15886606866906167,CVPF,cracker_scene4,70,old
3870,9.064138650894165,0.15886606866906167,CVPF,cracker_scene4,70,old
3871,9.066441535949707,0.15886606866906167,CVPF,cracker_scene4,70,old
3872,9.068791627883911,0.15886606866906167,CVPF,cracker_scene4,70,old
3873,9.0711510181427,0.1584068214850803,CVPF,cracker_scene4,70,old
3874,9.073301553726196,0.1584068214850803,CVPF,cracker_scene4,70,old
3875,9.075592279434204,0.1584068214850803,CVPF,cracker_scene4,70,old
3876,9.077817678451538,0.1584068214850803,CVPF,cracker_scene4,70,old
3877,9.079971313476562,0.1584068214850803,CVPF,cracker_scene4,70,old
3878,9.083210706710815,0.16937189994350338,CVPF,cracker_scene4,70,old
3879,9.085487604141235,0.1712188546218986,CVPF,cracker_scene4,70,old
3880,9.087752342224121,0.1712188546218986,CVPF,cracker_scene4,70,old
3881,9.089980840682983,0.1693948317937894,CVPF,cracker_scene4,70,old
3882,9.092351198196411,0.1693948317937894,CVPF,cracker_scene4,70,old
3883,9.094642877578735,0.16947991642047028,CVPF,cracker_scene4,70,old
3884,9.096834421157837,0.1695162890253812,CVPF,cracker_scene4,70,old
3885,9.099079132080078,0.1695162890253812,CVPF,cracker_scene4,70,old
3886,9.10146450996399,0.1691043527760747,CVPF,cracker_scene4,70,old
3887,9.103760242462158,0.1691043527760747,CVPF,cracker_scene4,70,old
3888,9.106208086013794,0.16952348419011462,CVPF,cracker_scene4,70,old
3889,9.108352899551392,0.16952348419011462,CVPF,cracker_scene4,70,old
3890,9.110656499862671,0.1693976590015256,CVPF,cracker_scene4,70,old
3891,9.112785339355469,0.1693976590015256,CVPF,cracker_scene4,70,old
3892,9.11498236656189,0.16983140942508212,CVPF,cracker_scene4,70,old
3893,9.117080926895142,0.16983140942508212,CVPF,cracker_scene4,70,old
3894,9.119367122650146,0.17000481974123574,CVPF,cracker_scene4,70,old
3895,9.12198781967163,0.17000481974123574,CVPF,cracker_scene4,70,old
3896,9.12441086769104,0.1703950301301089,CVPF,cracker_scene4,70,old
3897,9.126734972000122,0.1703950301301089,CVPF,cracker_scene4,70,old
3898,9.129120111465454,0.17043602162985472,CVPF,cracker_scene4,70,old
3899,9.131574869155884,0.17042847662823063,CVPF,cracker_scene4,70,old
3900,9.133828163146973,0.17042847662823063,CVPF,cracker_scene4,70,old
3901,9.136192321777344,0.1706453466349476,CVPF,cracker_scene4,70,old
3902,9.138471364974976,0.1706453466349476,CVPF,cracker_scene4,70,old
3903,9.14066219329834,0.1706453466349476,CVPF,cracker_scene4,70,old
3904,9.142977714538574,0.1706453466349476,CVPF,cracker_scene4,70,old
3905,9.145195245742798,0.17083857994287455,CVPF,cracker_scene4,70,old
3906,9.147366762161255,0.17083857994287455,CVPF,cracker_scene4,70,old
3907,9.149432897567749,0.17083857994287455,CVPF,cracker_scene4,70,old
3908,9.151644468307495,0.17083857994287455,CVPF,cracker_scene4,70,old
3909,9.153936862945557,0.1709854891124699,CVPF,cracker_scene4,70,old
3910,9.156193733215332,0.1709854891124699,CVPF,cracker_scene4,70,old
3911,9.158263444900513,0.1709854891124699,CVPF,cracker_scene4,70,old
3912,9.160637617111206,0.17122526991171141,CVPF,cracker_scene4,70,old
3913,9.162943601608276,0.17122526991171141,CVPF,cracker_scene4,70,old
3914,9.16509199142456,0.17122526991171141,CVPF,cracker_scene4,70,old
3915,9.167224407196045,0.17122526991171141,CVPF,cracker_scene4,70,old
3916,9.169457912445068,0.1710634991467909,CVPF,cracker_scene4,70,old
3917,9.171751976013184,0.1710634991467909,CVPF,cracker_scene4,70,old
3918,9.17394495010376,0.1710634991467909,CVPF,cracker_scene4,70,old
3919,9.176101207733154,0.1710634991467909,CVPF,cracker_scene4,70,old
3920,9.178483963012695,0.17109763201161066,CVPF,cracker_scene4,70,old
3921,9.180697441101074,0.17109763201161066,CVPF,cracker_scene4,70,old
3922,9.18283200263977,0.17109763201161066,CVPF,cracker_scene4,70,old
3923,9.185033559799194,0.17107776793346124,CVPF,cracker_scene4,70,old
3924,9.187331438064575,0.17104195941519368,CVPF,cracker_scene4,70,old
3925,9.189607858657837,0.17104195941519368,CVPF,cracker_scene4,70,old
3926,9.1916983127594,0.17104195941519368,CVPF,cracker_scene4,70,old
3927,9.194129228591919,0.1711507521718165,CVPF,cracker_scene4,70,old
3928,9.196551084518433,0.1711507521718165,CVPF,cracker_scene4,70,old
3929,9.198870420455933,0.1711507521718165,CVPF,cracker_scene4,70,old
3930,9.201078414916992,0.17108948337957058,CVPF,cracker_scene4,70,old
3931,9.203593492507935,0.17084956125879758,CVPF,cracker_scene4,70,old
3932,9.206106662750244,0.17084956125879758,CVPF,cracker_scene4,70,old
3933,9.208454370498657,0.17084956125879758,CVPF,cracker_scene4,70,old
3934,9.211785793304443,0.17151112643484603,CVPF,cracker_scene4,70,old
3935,9.21523404121399,0.17151112643484603,CVPF,cracker_scene4,70,old
3936,9.218789339065552,0.17155656752376414,CVPF,cracker_scene4,70,old
3937,9.222355365753174,0.17155656752376414,CVPF,cracker_scene4,70,old
3938,9.225652933120728,0.17155656752376414,CVPF,cracker_scene4,70,old
3939,9.229101181030273,0.17155196942920348,CVPF,cracker_scene4,70,old
3940,9.232566595077515,0.17155196942920348,CVPF,cracker_scene4,70,old
3941,9.235982656478882,0.17160532145185506,CVPF,cracker_scene4,70,old
3942,9.239450693130493,0.17160532145185506,CVPF,cracker_scene4,70,old
3943,9.242698907852173,0.17160532145185506,CVPF,cracker_scene4,70,old
3944,9.246195554733276,0.1717459463267973,CVPF,cracker_scene4,70,old
3945,9.249451160430908,0.1717459463267973,CVPF,cracker_scene4,70,old
3946,9.252909183502197,0.1716028478456383,CVPF,cracker_scene4,70,old
3947,9.25646686553955,0.1716028478456383,CVPF,cracker_scene4,70,old
3948,9.259817600250244,0.1715378675559564,CVPF,cracker_scene4,70,old
3949,9.263387441635132,0.17176263380328424,CVPF,cracker_scene4,70,old
3950,9.265992641448975,0.17176263380328424,CVPF,cracker_scene4,70,old
3951,9.26887583732605,0.18832408330841902,CVPF,cracker_scene4,70,old
3952,9.271138191223145,0.18832408330841902,CVPF,cracker_scene4,70,old
3953,9.273454904556274,0.18832408330841902,CVPF,cracker_scene4,70,old
3954,9.27552604675293,0.18832408330841902,CVPF,cracker_scene4,70,old
3955,9.277823686599731,0.18838254392197598,CVPF,cracker_scene4,70,old
3956,9.280116558074951,0.18838254392197598,CVPF,cracker_scene4,70,old
3957,9.28226900100708,0.18838254392197598,CVPF,cracker_scene4,70,old
3958,9.284419775009155,0.18838254392197598,CVPF,cracker_scene4,70,old
3959,9.28671908378601,0.18845874171718768,CVPF,cracker_scene4,70,old
3960,9.288990020751953,0.18845874171718768,CVPF,cracker_scene4,70,old
3961,9.291203022003174,0.18845874171718768,CVPF,cracker_scene4,70,old
3962,9.293339729309082,0.18845874171718768,CVPF,cracker_scene4,70,old
3963,9.295783042907715,0.19041223925302667,CVPF,cracker_scene4,70,old
3964,9.298181056976318,0.19041223925302667,CVPF,cracker_scene4,70,old
3965,9.30053162574768,0.19041223925302667,CVPF,cracker_scene4,70,old
3966,9.302921056747437,0.18891832838778475,CVPF,cracker_scene4,70,old
3967,9.305357694625854,0.18891832838778475,CVPF,cracker_scene4,70,old
3968,9.307752132415771,0.18891832838778475,CVPF,cracker_scene4,70,old
3969,9.309938430786133,0.18885528906843735,CVPF,cracker_scene4,70,old
3970,9.312439680099487,0.18883489900107264,CVPF,cracker_scene4,70,old
3971,9.314689874649048,0.18883489900107264,CVPF,cracker_scene4,70,old
3972,9.316772937774658,0.18883489900107264,CVPF,cracker_scene4,70,old
3973,9.318958282470703,0.1887546612901674,CVPF,cracker_scene4,70,old
3974,9.321362257003784,0.18879431444907316,CVPF,cracker_scene4,70,old
3975,9.323850393295288,0.18879431444907316,CVPF,cracker_scene4,70,old
3976,9.326024770736694,0.18879431444907316,CVPF,cracker_scene4,70,old
3977,9.328440427780151,0.19080635503080937,CVPF,cracker_scene4,70,old
3978,9.330848932266235,0.19080635503080937,CVPF,cracker_scene4,70,old
3979,9.333046674728394,0.19080635503080937,CVPF,cracker_scene4,70,old
3980,9.335478067398071,0.1905391850911629,CVPF,cracker_scene4,70,old
3981,9.33789610862732,0.1905391850911629,CVPF,cracker_scene4,70,old
3982,9.340280771255493,0.1905391850911629,CVPF,cracker_scene4,70,old
3983,9.342479228973389,0.1905391850911629,CVPF,cracker_scene4,70,old
3984,9.344946146011353,0.18883859852206483,CVPF,cracker_scene4,70,old
3985,9.347328186035156,0.18883859852206483,CVPF,cracker_scene4,70,old
3986,9.349580764770508,0.18883859852206483,CVPF,cracker_scene4,70,old
3987,9.352035522460938,0.18870188686688877,CVPF,cracker_scene4,70,old
3988,9.35443639755249,0.18870188686688877,CVPF,cracker_scene4,70,old
3989,9.356724977493286,0.18870188686688877,CVPF,cracker_scene4,70,old
3990,9.358975887298584,0.18870188686688877,CVPF,cracker_scene4,70,old
3991,9.361384391784668,0.18826254519325844,CVPF,cracker_scene4,70,old
3992,9.363831996917725,0.18828578812298455,CVPF,cracker_scene4,70,old
3993,9.366058111190796,0.18828578812298455,CVPF,cracker_scene4,70,old
3994,9.36838984489441,0.188317266291365,CVPF,cracker_scene4,70,old
3995,9.370822191238403,0.188317266291365,CVPF,cracker_scene4,70,old
3996,9.373213768005371,0.188317266291365,CVPF,cracker_scene4,70,old
3997,9.375634670257568,0.188317266291365,CVPF,cracker_scene4,70,old
3998,9.377984046936035,0.18812088183372713,CVPF,cracker_scene4,70,old
3999,9.380474090576172,0.18812088183372713,CVPF,cracker_scene4,70,old
4000,9.384079456329346,0.18812088183372713,CVPF,cracker_scene4,70,old
4001,9.387768983840942,0.1895794137134088,CVPF,cracker_scene4,70,old
4002,9.391147136688232,0.1895794137134088,CVPF,cracker_scene4,70,old
4003,9.394501447677612,0.18810343345077873,CVPF,cracker_scene4,70,old
4004,9.397451400756836,0.18810343345077873,CVPF,cracker_scene4,70,old
4005,9.400744438171387,0.18810343345077873,CVPF,cracker_scene4,70,old
4006,9.403620958328247,0.18825138806783392,CVPF,cracker_scene4,70,old
4007,9.406147718429565,0.18825138806783392,CVPF,cracker_scene4,70,old
4008,9.408284902572632,0.18825138806783392,CVPF,cracker_scene4,70,old
4009,9.410622119903564,0.1882664861176062,CVPF,cracker_scene4,70,old
4010,9.413650274276733,0.19550849816305135,CVPF,cracker_scene4,70,old
4011,9.416061639785767,0.19550849816305135,CVPF,cracker_scene4,70,old
4012,9.418423414230347,0.19528032866997633,CVPF,cracker_scene4,70,old
4013,9.420811176300049,0.19528032866997633,CVPF,cracker_scene4,70,old
4014,9.42303729057312,0.19528032866997633,CVPF,cracker_scene4,70,old
4015,9.425244331359863,0.19528032866997633,CVPF,cracker_scene4,70,old
4016,9.427639961242676,0.19534170380699925,CVPF,cracker_scene4,70,old
4017,9.429931640625,0.19534170380699925,CVPF,cracker_scene4,70,old
4018,9.432174444198608,0.19534170380699925,CVPF,cracker_scene4,70,old
4019,9.434359788894653,0.19533800369752388,CVPF,cracker_scene4,70,old
4020,9.43674111366272,0.19528305727716166,CVPF,cracker_scene4,70,old
4021,9.439040660858154,0.19528305727716166,CVPF,cracker_scene4,70,old
4022,9.441273927688599,0.19528305727716166,CVPF,cracker_scene4,70,old
4023,9.443605899810791,0.19680290855182336,CVPF,cracker_scene4,70,old
4024,9.445841789245605,0.19680290855182336,CVPF,cracker_scene4,70,old
4025,9.4481360912323,0.19680290855182336,CVPF,cracker_scene4,70,old
4026,9.450459003448486,0.19680290855182336,CVPF,cracker_scene4,70,old
4027,9.45284366607666,0.1951836117062211,CVPF,cracker_scene4,70,old
4028,9.455165147781372,0.1951836117062211,CVPF,cracker_scene4,70,old
4029,9.457311630249023,0.1951836117062211,CVPF,cracker_scene4,70,old
4030,9.459539651870728,0.1951836117062211,CVPF,cracker_scene4,70,old
4031,9.461879014968872,0.19533124642680508,CVPF,cracker_scene4,70,old
4032,9.464141130447388,0.19533124642680508,CVPF,cracker_scene4,70,old
4033,9.466344118118286,0.19533124642680508,CVPF,cracker_scene4,70,old
4034,9.468751430511475,0.1952766887391794,CVPF,cracker_scene4,70,old
4035,9.471054553985596,0.19526504646113296,CVPF,cracker_scene4,70,old
4036,9.473392486572266,0.19526504646113296,CVPF,cracker_scene4,70,old
4037,9.475528240203857,0.19526504646113296,CVPF,cracker_scene4,70,old
4038,9.477804899215698,0.1954768355412659,CVPF,cracker_scene4,70,old
4039,9.480010747909546,0.1954768355412659,CVPF,cracker_scene4,70,old
4040,9.482295036315918,0.1954768355412659,CVPF,cracker_scene4,70,old
4041,9.484581470489502,0.19546550094818574,CVPF,cracker_scene4,70,old
4042,9.48685598373413,0.19546550094818574,CVPF,cracker_scene4,70,old
4043,9.489033699035645,0.19546550094818574,CVPF,cracker_scene4,70,old
4044,9.491182565689087,0.19546550094818574,CVPF,cracker_scene4,70,old
4045,9.493509531021118,0.19533758465777334,CVPF,cracker_scene4,70,old
4046,9.49594235420227,0.19518345588396943,CVPF,cracker_scene4,70,old
4047,9.49803352355957,0.19518345588396943,CVPF,cracker_scene4,70,old
4048,9.500130653381348,0.19518345588396943,CVPF,cracker_scene4,70,old
4049,9.502636909484863,0.19527951953062544,CVPF,cracker_scene4,70,old
4050,9.504850387573242,0.19527951953062544,CVPF,cracker_scene4,70,old
4051,9.507184267044067,0.19527951953062544,CVPF,cracker_scene4,70,old
4052,9.509355068206787,0.19527951953062544,CVPF,cracker_scene4,70,old
4053,9.511781692504883,0.1967888158655737,CVPF,cracker_scene4,70,old
4054,9.51425838470459,0.1967888158655737,CVPF,cracker_scene4,70,old
4055,9.516539812088013,0.1967888158655737,CVPF,cracker_scene4,70,old
4056,9.518933057785034,0.19531938128324314,CVPF,cracker_scene4,70,old
4057,9.521107912063599,0.19531938128324314,CVPF,cracker_scene4,70,old
4058,9.523397445678711,0.19531938128324314,CVPF,cracker_scene4,70,old
4059,9.525558948516846,0.1954126573036167,CVPF,cracker_scene4,70,old
4060,9.528093338012695,0.1952599843386543,CVPF,cracker_scene4,70,old
4061,9.530475616455078,0.1952599843386543,CVPF,cracker_scene4,70,old
4062,9.532690286636353,0.1952599843386543,CVPF,cracker_scene4,70,old
4063,9.53493881225586,0.1951047311065247,CVPF,cracker_scene4,70,old
4064,9.537299633026123,0.19508990145305122,CVPF,cracker_scene4,70,old
4065,9.539698839187622,0.19508990145305122,CVPF,cracker_scene4,70,old
4066,9.542052507400513,0.19508990145305122,CVPF,cracker_scene4,70,old
4067,9.544424772262573,0.1951663768563993,CVPF,cracker_scene4,70,old
4068,9.546689510345459,0.1951663768563993,CVPF,cracker_scene4,70,old
4069,9.54891324043274,0.1951663768563993,CVPF,cracker_scene4,70,old
4070,9.551263093948364,0.19516320481557245,CVPF,cracker_scene4,70,old
4071,9.55375623703003,0.19516485261522404,CVPF,cracker_scene4,70,old
4072,9.55611252784729,0.19516485261522404,CVPF,cracker_scene4,70,old
4073,9.558244943618774,0.19516485261522404,CVPF,cracker_scene4,70,old
4074,9.560635805130005,0.19523487330575612,CVPF,cracker_scene4,70,old
4075,9.563931226730347,0.20387769924791418,CVPF,cracker_scene4,70,old
4076,9.566029787063599,0.20387769924791418,CVPF,cracker_scene4,70,old
4077,9.568309783935547,0.2040931509065524,CVPF,cracker_scene4,70,old
4078,9.570803880691528,0.2040931509065524,CVPF,cracker_scene4,70,old
4079,9.573054552078247,0.2040931509065524,CVPF,cracker_scene4,70,old
4080,9.575147867202759,0.2040931509065524,CVPF,cracker_scene4,70,old
4081,9.577420473098755,0.20410462921610045,CVPF,cracker_scene4,70,old
4082,9.579826354980469,0.20410462921610045,CVPF,cracker_scene4,70,old
4083,9.582230567932129,0.20410462921610045,CVPF,cracker_scene4,70,old
4084,9.584543228149414,0.20409612382427267,CVPF,cracker_scene4,70,old
4085,9.587018728256226,0.20381936093410696,CVPF,cracker_scene4,70,old
4086,9.589300394058228,0.20381936093410696,CVPF,cracker_scene4,70,old
4087,9.591411590576172,0.20381936093410696,CVPF,cracker_scene4,70,old
4088,9.593719005584717,0.2039293136055202,CVPF,cracker_scene4,70,old
4089,9.59610366821289,0.2039293136055202,CVPF,cracker_scene4,70,old
4090,9.59830617904663,0.2039293136055202,CVPF,cracker_scene4,70,old
4091,9.600414037704468,0.2039293136055202,CVPF,cracker_scene4,70,old
4092,9.602802276611328,0.20395279303736608,CVPF,cracker_scene4,70,old
4093,9.605278491973877,0.20395279303736608,CVPF,cracker_scene4,70,old
4094,9.60739278793335,0.20395279303736608,CVPF,cracker_scene4,70,old
4095,9.609517335891724,0.203884956889199,CVPF,cracker_scene4,70,old
4096,9.6119704246521,0.20385656749963973,CVPF,cracker_scene4,70,old
4097,9.614452600479126,0.20385656749963973,CVPF,cracker_scene4,70,old
4098,9.616564273834229,0.20385656749963973,CVPF,cracker_scene4,70,old
4099,9.618974447250366,0.2037585810236571,CVPF,cracker_scene4,70,old
4100,9.62145709991455,0.2037585810236571,CVPF,cracker_scene4,70,old
4101,9.623688220977783,0.2037585810236571,CVPF,cracker_scene4,70,old
4102,9.625783205032349,0.2037585810236571,CVPF,cracker_scene4,70,old
4103,9.628058433532715,0.20526854704449965,CVPF,cracker_scene4,70,old
4104,9.630435466766357,0.20526854704449965,CVPF,cracker_scene4,70,old
4105,9.632722616195679,0.20526854704449965,CVPF,cracker_scene4,70,old
4106,9.634889364242554,0.20374929321832896,CVPF,cracker_scene4,70,old
4107,9.637359142303467,0.20374929321832896,CVPF,cracker_scene4,70,old
4108,9.639614820480347,0.20374929321832896,CVPF,cracker_scene4,70,old
4109,9.641670942306519,0.20374929321832896,CVPF,cracker_scene4,70,old
4110,9.644015073776245,0.2038505830830694,CVPF,cracker_scene4,70,old
4111,9.646455526351929,0.20381631811985748,CVPF,cracker_scene4,70,old
4112,9.64866018295288,0.20381631811985748,CVPF,cracker_scene4,70,old
4113,9.650800466537476,0.20381631811985748,CVPF,cracker_scene4,70,old
4114,9.6534743309021,0.203749289280113,CVPF,cracker_scene4,70,old
4115,9.655733346939087,0.203749289280113,CVPF,cracker_scene4,70,old
4116,9.657842874526978,0.203749289280113,CVPF,cracker_scene4,70,old
4117,9.65997838973999,0.203749289280113,CVPF,cracker_scene4,70,old
4118,9.662342309951782,0.20373015251493795,CVPF,cracker_scene4,70,old
4119,9.664591312408447,0.20373015251493795,CVPF,cracker_scene4,70,old
4120,9.666738033294678,0.20373015251493795,CVPF,cracker_scene4,70,old
4121,9.66903805732727,0.20371198801701665,CVPF,cracker_scene4,70,old
4122,9.671330690383911,0.20371198801701665,CVPF,cracker_scene4,70,old
4123,9.673546552658081,0.20371198801701665,CVPF,cracker_scene4,70,old
4124,9.6757071018219,0.20389907067699373,CVPF,cracker_scene4,70,old
4125,9.677983283996582,0.2038154758677314,CVPF,cracker_scene4,70,old
4126,9.680199146270752,0.2038154758677314,CVPF,cracker_scene4,70,old
4127,9.68228816986084,0.2038154758677314,CVPF,cracker_scene4,70,old
4128,9.684474468231201,0.2038154758677314,CVPF,cracker_scene4,70,old
4129,9.686991930007935,0.2056858899767239,CVPF,cracker_scene4,70,old
4130,9.689351558685303,0.2056858899767239,CVPF,cracker_scene4,70,old
4131,9.691671371459961,0.2056858899767239,CVPF,cracker_scene4,70,old
4132,9.694087266921997,0.20562535835776583,CVPF,cracker_scene4,70,old
4133,9.696484088897705,0.2036398001339083,CVPF,cracker_scene4,70,old
4134,9.698795080184937,0.2036398001339083,CVPF,cracker_scene4,70,old
4135,9.701029539108276,0.2036398001339083,CVPF,cracker_scene4,70,old
4136,9.703454971313477,0.20560502792662289,CVPF,cracker_scene4,70,old
4137,9.70584774017334,0.20560502792662289,CVPF,cracker_scene4,70,old
4138,9.708367824554443,0.20560502792662289,CVPF,cracker_scene4,70,old
4139,9.710632085800171,0.20571899796171733,CVPF,cracker_scene4,70,old
4140,9.712950468063354,0.20571899796171733,CVPF,cracker_scene4,70,old
4141,9.71534252166748,0.20571899796171733,CVPF,cracker_scene4,70,old
4142,9.717626094818115,0.20571899796171733,CVPF,cracker_scene4,70,old
4143,9.720006942749023,0.20509035515466564,CVPF,cracker_scene4,70,old
4144,9.7224280834198,0.20509035515466564,CVPF,cracker_scene4,70,old
4145,9.725088596343994,0.20509035515466564,CVPF,cracker_scene4,70,old
4146,9.728025197982788,0.2076877813988891,CVPF,cracker_scene4,70,old
4147,9.730327844619751,0.2076877813988891,CVPF,cracker_scene4,70,old
4148,9.73245358467102,0.2076877813988891,CVPF,cracker_scene4,70,old
4149,9.734850406646729,0.20790266948850133,CVPF,cracker_scene4,70,old
4150,9.737141132354736,0.20790266948850133,CVPF,cracker_scene4,70,old
4151,9.739494323730469,0.20790266948850133,CVPF,cracker_scene4,70,old
4152,9.741667747497559,0.20790266948850133,CVPF,cracker_scene4,70,old
4153,9.74394178390503,0.20794385226070708,CVPF,cracker_scene4,70,old
4154,9.746198415756226,0.20804183394728565,CVPF,cracker_scene4,70,old
4155,9.748490810394287,0.20804183394728565,CVPF,cracker_scene4,70,old
4156,9.750576257705688,0.20804183394728565,CVPF,cracker_scene4,70,old
4157,9.752780199050903,0.20769788418055213,CVPF,cracker_scene4,70,old
4158,9.755060911178589,0.20769788418055213,CVPF,cracker_scene4,70,old
4159,9.757288932800293,0.20769788418055213,CVPF,cracker_scene4,70,old
4160,9.759543180465698,0.20769788418055213,CVPF,cracker_scene4,70,old
4161,9.761732339859009,0.20769788418055213,CVPF,cracker_scene4,70,old
4162,9.763973951339722,0.20771571090886748,CVPF,cracker_scene4,70,old
4163,9.766053438186646,0.20771571090886748,CVPF,cracker_scene4,70,old
4164,9.76828908920288,0.20771571090886748,CVPF,cracker_scene4,70,old
4165,9.770587682723999,0.20771571090886748,CVPF,cracker_scene4,70,old
4166,9.772835731506348,0.20771571090886748,CVPF,cracker_scene4,70,old
4167,9.775087594985962,0.20771571090886748,CVPF,cracker_scene4,70,old
4168,9.777361392974854,0.20796063190912403,CVPF,cracker_scene4,70,old
4169,9.779520988464355,0.20796063190912403,CVPF,cracker_scene4,70,old
4170,9.781610488891602,0.20796063190912403,CVPF,cracker_scene4,70,old
4171,9.783897638320923,0.20796063190912403,CVPF,cracker_scene4,70,old
4172,9.78623104095459,0.20796063190912403,CVPF,cracker_scene4,70,old
4173,9.788386344909668,0.20796063190912403,CVPF,cracker_scene4,70,old
4174,9.790694236755371,0.207870824989992,CVPF,cracker_scene4,70,old
4175,9.79299283027649,0.20812797780866385,CVPF,cracker_scene4,70,old
4176,9.795299530029297,0.20812797780866385,CVPF,cracker_scene4,70,old
4177,9.797499418258667,0.20815388543866734,CVPF,cracker_scene4,70,old
4178,9.79967713356018,0.20827365027155756,CVPF,cracker_scene4,70,old
4179,9.80199122428894,0.20827365027155756,CVPF,cracker_scene4,70,old
4180,9.804292440414429,0.20827365027155756,CVPF,cracker_scene4,70,old
4181,9.80648946762085,0.20827365027155756,CVPF,cracker_scene4,70,old
4182,9.808526039123535,0.20827365027155756,CVPF,cracker_scene4,70,old
4183,9.81067156791687,0.20827365027155756,CVPF,cracker_scene4,70,old
4184,9.813048124313354,0.20831599039698598,CVPF,cracker_scene4,70,old
4185,9.815356492996216,0.20831599039698598,CVPF,cracker_scene4,70,old
4186,9.817477941513062,0.20831599039698598,CVPF,cracker_scene4,70,old
4187,9.819758176803589,0.20831599039698598,CVPF,cracker_scene4,70,old
4188,9.821988821029663,0.2084079403571658,CVPF,cracker_scene4,70,old
4189,9.82422947883606,0.2084079403571658,CVPF,cracker_scene4,70,old
4190,9.826380491256714,0.2084079403571658,CVPF,cracker_scene4,70,old
4191,9.828427076339722,0.2084079403571658,CVPF,cracker_scene4,70,old
4192,9.830637454986572,0.2084079403571658,CVPF,cracker_scene4,70,old
4193,9.83274245262146,0.2084079403571658,CVPF,cracker_scene4,70,old
4194,9.834892749786377,0.2084079403571658,CVPF,cracker_scene4,70,old
4195,9.836955308914185,0.2084079403571658,CVPF,cracker_scene4,70,old
4196,9.8393394947052,0.2086759297789955,CVPF,cracker_scene4,70,old
4197,9.841486692428589,0.2086759297789955,CVPF,cracker_scene4,70,old
4198,9.84361219406128,0.2086759297789955,CVPF,cracker_scene4,70,old
4199,9.845899105072021,0.2086759297789955,CVPF,cracker_scene4,70,old
4200,9.848010540008545,0.2086759297789955,CVPF,cracker_scene4,70,old
4201,9.85021162033081,0.2086759297789955,CVPF,cracker_scene4,70,old
4202,9.852464437484741,0.21071948577734642,CVPF,cracker_scene4,70,old
4203,9.854640483856201,0.21071948577734642,CVPF,cracker_scene4,70,old
4204,9.856939315795898,0.21071948577734642,CVPF,cracker_scene4,70,old
4205,9.859183311462402,0.21071948577734642,CVPF,cracker_scene4,70,old
4206,9.861393451690674,0.21071948577734642,CVPF,cracker_scene4,70,old
4207,9.864095211029053,0.2088753073445068,CVPF,cracker_scene4,70,old
4208,9.86709451675415,0.2088753073445068,CVPF,cracker_scene4,70,old
4209,9.870092630386353,0.2088753073445068,CVPF,cracker_scene4,70,old
4210,9.873135566711426,0.2088753073445068,CVPF,cracker_scene4,70,old
4211,9.876251220703125,0.2088171869734574,CVPF,cracker_scene4,70,old
4212,9.87912631034851,0.2088171869734574,CVPF,cracker_scene4,70,old
4213,9.881988525390625,0.2088171869734574,CVPF,cracker_scene4,70,old
4214,9.885913133621216,0.18747659567478614,CVPF,cracker_scene4,70,old
4215,9.88911771774292,0.18726520643383449,CVPF,cracker_scene4,70,old
4216,9.89224648475647,0.18926541315700085,CVPF,cracker_scene4,70,old
4217,9.895503997802734,0.1869469935992143,CVPF,cracker_scene4,70,old
4218,9.898479700088501,0.1869469935992143,CVPF,cracker_scene4,70,old
4219,9.901588678359985,0.18713380237568789,CVPF,cracker_scene4,70,old
4220,9.90484619140625,0.1891057781756489,CVPF,cracker_scene4,70,old
4221,9.908115863800049,0.1892260163890107,CVPF,cracker_scene4,70,old
4222,9.911221504211426,0.18913181780395671,CVPF,cracker_scene4,70,old
4223,9.914184331893921,0.18716549826286322,CVPF,cracker_scene4,70,old
4224,9.917410135269165,0.18703941155803783,CVPF,cracker_scene4,70,old
4225,9.920589685440063,0.18688803460933023,CVPF,cracker_scene4,70,old
4226,9.923669338226318,0.18648470989972843,CVPF,cracker_scene4,70,old
4227,9.926928281784058,0.18728887520209359,CVPF,cracker_scene4,70,old
4228,9.929936170578003,0.18728887520209359,CVPF,cracker_scene4,70,old
4229,9.93306016921997,0.18731372824064962,CVPF,cracker_scene4,70,old
4230,9.93571424484253,0.18731372824064962,CVPF,cracker_scene4,70,old
4231,9.938134670257568,0.18949991577592584,CVPF,cracker_scene4,70,old
4232,9.940534830093384,0.18949991577592584,CVPF,cracker_scene4,70,old
4233,9.942983627319336,0.18801458860994025,CVPF,cracker_scene4,70,old
4234,9.945297002792358,0.18801458860994025,CVPF,cracker_scene4,70,old
4235,9.947525978088379,0.18801458860994025,CVPF,cracker_scene4,70,old
4236,9.949785709381104,0.19006452515771688,CVPF,cracker_scene4,70,old
4237,9.952054262161255,0.1904931579643776,CVPF,cracker_scene4,70,old
4238,9.954298734664917,0.1904931579643776,CVPF,cracker_scene4,70,old
4239,9.956773281097412,0.19040934991294467,CVPF,cracker_scene4,70,old
4240,9.959018468856812,0.19040934991294467,CVPF,cracker_scene4,70,old
4241,9.961376905441284,0.1914632032909287,CVPF,cracker_scene4,70,old
4242,9.963711023330688,0.1914632032909287,CVPF,cracker_scene4,70,old
4243,9.965994119644165,0.1914632032909287,CVPF,cracker_scene4,70,old
4244,9.968240976333618,0.189677837944223,CVPF,cracker_scene4,70,old
4245,9.970563411712646,0.189677837944223,CVPF,cracker_scene4,70,old
4246,9.972859621047974,0.189677837944223,CVPF,cracker_scene4,70,old
4247,9.975006341934204,0.189677837944223,CVPF,cracker_scene4,70,old
4248,9.977276086807251,0.19031732342548313,CVPF,cracker_scene4,70,old
4249,9.979602336883545,0.19031732342548313,CVPF,cracker_scene4,70,old
4250,9.981804609298706,0.19031732342548313,CVPF,cracker_scene4,70,old
4251,9.984029769897461,0.19031732342548313,CVPF,cracker_scene4,70,old
4252,9.986459970474243,0.19079920948520712,CVPF,cracker_scene4,70,old
4253,9.988733530044556,0.19079920948520712,CVPF,cracker_scene4,70,old
4254,9.990898132324219,0.19079920948520712,CVPF,cracker_scene4,70,old
4255,9.99312424659729,0.19077404347913074,CVPF,cracker_scene4,70,old
4256,9.995499849319458,0.19105717609727968,CVPF,cracker_scene4,70,old
4257,9.997752904891968,0.19105717609727968,CVPF,cracker_scene4,70,old
4258,9.999860048294067,0.19105717609727968,CVPF,cracker_scene4,70,old
4259,10.00216007232666,0.19161523597123686,CVPF,cracker_scene4,70,old
4260,10.004449605941772,0.19161523597123686,CVPF,cracker_scene4,70,old
4261,10.006742477416992,0.19161523597123686,CVPF,cracker_scene4,70,old
4262,10.00888729095459,0.19161523597123686,CVPF,cracker_scene4,70,old
4263,10.011208772659302,0.19177734779605515,CVPF,cracker_scene4,70,old
4264,10.013479471206665,0.19177734779605515,CVPF,cracker_scene4,70,old
4265,10.015821695327759,0.19177734779605515,CVPF,cracker_scene4,70,old
4266,10.018045902252197,0.19209002397672492,CVPF,cracker_scene4,70,old
4267,10.020512104034424,0.19209002397672492,CVPF,cracker_scene4,70,old
4268,10.022798776626587,0.19209002397672492,CVPF,cracker_scene4,70,old
4269,10.024951934814453,0.19209002397672492,CVPF,cracker_scene4,70,old
4270,10.027323484420776,0.192273623852949,CVPF,cracker_scene4,70,old
4271,10.029629945755005,0.192273623852949,CVPF,cracker_scene4,70,old
4272,10.031955480575562,0.192273623852949,CVPF,cracker_scene4,70,old
4273,10.03406548500061,0.192273623852949,CVPF,cracker_scene4,70,old
4274,10.036447286605835,0.19262211677440888,CVPF,cracker_scene4,70,old
4275,10.038862466812134,0.19262211677440888,CVPF,cracker_scene4,70,old
4276,10.041032314300537,0.19262211677440888,CVPF,cracker_scene4,70,old
4277,10.043315172195435,0.19253040828084433,CVPF,cracker_scene4,70,old
4278,10.04562520980835,0.19281283146183625,CVPF,cracker_scene4,70,old
4279,10.04793906211853,0.19281283146183625,CVPF,cracker_scene4,70,old
4280,10.05008053779602,0.19281283146183625,CVPF,cracker_scene4,70,old
4281,10.052442789077759,0.193646315304294,CVPF,cracker_scene4,70,old
4282,10.0548415184021,0.193646315304294,CVPF,cracker_scene4,70,old
4283,10.057213306427002,0.193646315304294,CVPF,cracker_scene4,70,old
4284,10.059506893157959,0.19561484909945026,CVPF,cracker_scene4,70,old
4285,10.06190299987793,0.19622369367972325,CVPF,cracker_scene4,70,old
4286,10.064287424087524,0.19622369367972325,CVPF,cracker_scene4,70,old
4287,10.067389726638794,0.18258444926975498,CVPF,cracker_scene4,70,old
4288,10.06987476348877,0.18276886081037277,CVPF,cracker_scene4,70,old
4289,10.072301864624023,0.18276886081037277,CVPF,cracker_scene4,70,old
4290,10.074464559555054,0.18276886081037277,CVPF,cracker_scene4,70,old
4291,10.076728105545044,0.18130394877815184,CVPF,cracker_scene4,70,old
4292,10.079223871231079,0.181353304914105,CVPF,cracker_scene4,70,old
4293,10.081471920013428,0.181353304914105,CVPF,cracker_scene4,70,old
4294,10.083616971969604,0.181353304914105,CVPF,cracker_scene4,70,old
4295,10.086044073104858,0.18149645154114674,CVPF,cracker_scene4,70,old
4296,10.08839201927185,0.18149645154114674,CVPF,cracker_scene4,70,old
4297,10.090627908706665,0.18149645154114674,CVPF,cracker_scene4,70,old
4298,10.092859506607056,0.18342114228071724,CVPF,cracker_scene4,70,old
4299,10.095226049423218,0.1844674309335716,CVPF,cracker_scene4,70,old
4300,10.097561597824097,0.1844674309335716,CVPF,cracker_scene4,70,old
4301,10.099799871444702,0.1844674309335716,CVPF,cracker_scene4,70,old
4302,10.10217809677124,0.18300005534790953,CVPF,cracker_scene4,70,old
4303,10.104626893997192,0.18300005534790953,CVPF,cracker_scene4,70,old
4304,10.107080221176147,0.18300005534790953,CVPF,cracker_scene4,70,old
4305,10.1093430519104,0.18758523631730398,CVPF,cracker_scene4,70,old
4306,10.11167573928833,0.18909508625117188,CVPF,cracker_scene4,70,old
4307,10.113994121551514,0.18909508625117188,CVPF,cracker_scene4,70,old
4308,10.116225481033325,0.18909508625117188,CVPF,cracker_scene4,70,old
4309,10.118531227111816,0.1895954450350013,CVPF,cracker_scene4,70,old
4310,10.120845079421997,0.1895954450350013,CVPF,cracker_scene4,70,old
4311,10.123159170150757,0.1895954450350013,CVPF,cracker_scene4,70,old
4312,10.125330924987793,0.1895954450350013,CVPF,cracker_scene4,70,old
4313,10.127777814865112,0.18808732384015647,CVPF,cracker_scene4,70,old
4314,10.130173683166504,0.18808732384015647,CVPF,cracker_scene4,70,old
4315,10.132405281066895,0.18808732384015647,CVPF,cracker_scene4,70,old
4316,10.13492202758789,0.18862659363847656,CVPF,cracker_scene4,70,old
4317,10.137070894241333,0.18862659363847656,CVPF,cracker_scene4,70,old
4318,10.13948106765747,0.18862659363847656,CVPF,cracker_scene4,70,old
4319,10.14170789718628,0.18862659363847656,CVPF,cracker_scene4,70,old
4320,10.144088983535767,0.19096583942427334,CVPF,cracker_scene4,70,old
4321,10.146450281143188,0.19096583942427334,CVPF,cracker_scene4,70,old
4322,10.14856743812561,0.19096583942427334,CVPF,cracker_scene4,70,old
4323,10.15067434310913,0.19096583942427334,CVPF,cracker_scene4,70,old
4324,10.152762413024902,0.19096583942427334,CVPF,cracker_scene4,70,old
4325,10.154896259307861,0.19096583942427334,CVPF,cracker_scene4,70,old
4326,10.157249450683594,0.18942553405689536,CVPF,cracker_scene4,70,old
4327,10.159451007843018,0.18942553405689536,CVPF,cracker_scene4,70,old
4328,10.161613464355469,0.18942553405689536,CVPF,cracker_scene4,70,old
4329,10.163857698440552,0.18942553405689536,CVPF,cracker_scene4,70,old
4330,10.165997743606567,0.18942553405689536,CVPF,cracker_scene4,70,old
4331,10.1681547164917,0.18942553405689536,CVPF,cracker_scene4,70,old
4332,10.170592069625854,0.19135833836651336,CVPF,cracker_scene4,70,old
4333,10.173027515411377,0.19135833836651336,CVPF,cracker_scene4,70,old
4334,10.175359964370728,0.19135833836651336,CVPF,cracker_scene4,70,old
4335,10.177742958068848,0.19135833836651336,CVPF,cracker_scene4,70,old
4336,10.180075883865356,0.1901024074797275,CVPF,cracker_scene4,70,old
4337,10.182204008102417,0.1901024074797275,CVPF,cracker_scene4,70,old
4338,10.184418439865112,0.1901024074797275,CVPF,cracker_scene4,70,old
4339,10.186814308166504,0.1901024074797275,CVPF,cracker_scene4,70,old
4340,10.189170122146606,0.1901024074797275,CVPF,cracker_scene4,70,old
4341,10.191515684127808,0.1908135039576887,CVPF,cracker_scene4,70,old
4342,10.193660497665405,0.1908135039576887,CVPF,cracker_scene4,70,old
4343,10.19607400894165,0.1908135039576887,CVPF,cracker_scene4,70,old
4344,10.198522090911865,0.1908135039576887,CVPF,cracker_scene4,70,old
4345,10.20085334777832,0.1908135039576887,CVPF,cracker_scene4,70,old
4346,10.203100204467773,0.1908135039576887,CVPF,cracker_scene4,70,old
4347,10.205412864685059,0.1923272873124324,CVPF,cracker_scene4,70,old
4348,10.207741260528564,0.19267603061989036,CVPF,cracker_scene4,70,old
4349,10.209992170333862,0.19267603061989036,CVPF,cracker_scene4,70,old
4350,10.212265968322754,0.19267603061989036,CVPF,cracker_scene4,70,old
4351,10.214589834213257,0.19267603061989036,CVPF,cracker_scene4,70,old
4352,10.216904640197754,0.19267603061989036,CVPF,cracker_scene4,70,old
4353,10.219282865524292,0.19267603061989036,CVPF,cracker_scene4,70,old
4354,10.221614837646484,0.19139762955503833,CVPF,cracker_scene4,70,old
4355,10.224022388458252,0.19139762955503833,CVPF,cracker_scene4,70,old
4356,10.226344108581543,0.19139762955503833,CVPF,cracker_scene4,70,old
4357,10.228891134262085,0.19186438884316015,CVPF,cracker_scene4,70,old
4358,10.232865571975708,0.1804243863470767,CVPF,cracker_scene4,70,old
4359,10.235802412033081,0.1804243863470767,CVPF,cracker_scene4,70,old
4360,10.23883056640625,0.1804243863470767,CVPF,cracker_scene4,70,old
4361,10.241617441177368,0.1804243863470767,CVPF,cracker_scene4,70,old
4362,10.244550466537476,0.18045870592859112,CVPF,cracker_scene4,70,old
4363,10.247494459152222,0.18045870592859112,CVPF,cracker_scene4,70,old
4364,10.249832391738892,0.18045870592859112,CVPF,cracker_scene4,70,old
4365,10.25208830833435,0.18045870592859112,CVPF,cracker_scene4,70,old
4366,10.254252195358276,0.18045870592859112,CVPF,cracker_scene4,70,old
4367,10.256633996963501,0.18071566468366657,CVPF,cracker_scene4,70,old
4368,10.258780241012573,0.18071566468366657,CVPF,cracker_scene4,70,old
4369,10.261019229888916,0.18071566468366657,CVPF,cracker_scene4,70,old
4370,10.263333559036255,0.18071566468366657,CVPF,cracker_scene4,70,old
4371,10.265556335449219,0.18071566468366657,CVPF,cracker_scene4,70,old
4372,10.268062829971313,0.18064069495944457,CVPF,cracker_scene4,70,old
4373,10.270520210266113,0.18064069495944457,CVPF,cracker_scene4,70,old
4374,10.272821426391602,0.18064069495944457,CVPF,cracker_scene4,70,old
4375,10.274980545043945,0.18064069495944457,CVPF,cracker_scene4,70,old
4376,10.277262449264526,0.18203836136257176,CVPF,cracker_scene4,70,old
4377,10.279620885848999,0.18216528072246843,CVPF,cracker_scene4,70,old
4378,10.281826734542847,0.18216528072246843,CVPF,cracker_scene4,70,old
4379,10.284006834030151,0.18216528072246843,CVPF,cracker_scene4,70,old
4380,10.28622579574585,0.18216528072246843,CVPF,cracker_scene4,70,old
4381,10.288603782653809,0.18257213670431066,CVPF,cracker_scene4,70,old
4382,10.290928840637207,0.18296953609313762,CVPF,cracker_scene4,70,old
4383,10.293168783187866,0.18296953609313762,CVPF,cracker_scene4,70,old
4384,10.295568943023682,0.18140771004171571,CVPF,cracker_scene4,70,old
4385,10.297820806503296,0.18140771004171571,CVPF,cracker_scene4,70,old
4386,10.300297260284424,0.18145916209789448,CVPF,cracker_scene4,70,old
4387,10.302613019943237,0.18145916209789448,CVPF,cracker_scene4,70,old
4388,10.305085897445679,0.18149301552210212,CVPF,cracker_scene4,70,old
4389,10.307322978973389,0.18149301552210212,CVPF,cracker_scene4,70,old
4390,10.30955958366394,0.18182775647088548,CVPF,cracker_scene4,70,old
4391,10.31179666519165,0.18316312160977552,CVPF,cracker_scene4,70,old
4392,10.314011573791504,0.18440612015928154,CVPF,cracker_scene4,70,old
4393,10.316268920898438,0.1830464783789548,CVPF,cracker_scene4,70,old
4394,10.318459510803223,0.18353342183810428,CVPF,cracker_scene4,70,old
4395,10.321022033691406,0.18353342183810428,CVPF,cracker_scene4,70,old
4396,10.323441743850708,0.18353831876334353,CVPF,cracker_scene4,70,old
4397,10.325680017471313,0.18353831876334353,CVPF,cracker_scene4,70,old
4398,10.32824969291687,0.18575192464328347,CVPF,cracker_scene4,70,old
4399,10.330579042434692,0.18575192464328347,CVPF,cracker_scene4,70,old
4400,10.333100318908691,0.18566835874616439,CVPF,cracker_scene4,70,old
4401,10.33555269241333,0.18638171016591693,CVPF,cracker_scene4,70,old
4402,10.33806324005127,0.18638171016591693,CVPF,cracker_scene4,70,old
4403,10.340681076049805,0.1864100097897318,CVPF,cracker_scene4,70,old
4404,10.343131065368652,0.1864100097897318,CVPF,cracker_scene4,70,old
4405,10.345587253570557,0.18501753372601365,CVPF,cracker_scene4,70,old
4406,10.347923040390015,0.18501753372601365,CVPF,cracker_scene4,70,old
4407,10.35023832321167,0.18501753372601365,CVPF,cracker_scene4,70,old
4408,10.352563381195068,0.18536750097648683,CVPF,cracker_scene4,70,old
4409,10.35500693321228,0.18536750097648683,CVPF,cracker_scene4,70,old
4410,10.357311725616455,0.18536750097648683,CVPF,cracker_scene4,70,old
4411,10.359656810760498,0.18536750097648683,CVPF,cracker_scene4,70,old
4412,10.36212420463562,0.18524739606572,CVPF,cracker_scene4,70,old
4413,10.364516258239746,0.18524739606572,CVPF,cracker_scene4,70,old
4414,10.366771936416626,0.18524739606572,CVPF,cracker_scene4,70,old
4415,10.36909794807434,0.18196309212437,CVPF,cracker_scene4,70,old
4416,10.371467113494873,0.18196309212437,CVPF,cracker_scene4,70,old
4417,10.373931407928467,0.18196309212437,CVPF,cracker_scene4,70,old
4418,10.376276731491089,0.181961560080945,CVPF,cracker_scene4,70,old
4419,10.378728866577148,0.18574577245606633,CVPF,cracker_scene4,70,old
4420,10.380953788757324,0.18574577245606633,CVPF,cracker_scene4,70,old
4421,10.383166074752808,0.18574577245606633,CVPF,cracker_scene4,70,old
4422,10.38634443283081,0.19332196636232862,CVPF,cracker_scene4,70,old
4423,10.388643026351929,0.19332196636232862,CVPF,cracker_scene4,70,old
4424,10.390846490859985,0.19332196636232862,CVPF,cracker_scene4,70,old
4425,10.393046140670776,0.19175452446474295,CVPF,cracker_scene4,70,old
4426,10.39539623260498,0.19175452446474295,CVPF,cracker_scene4,70,old
4427,10.397736310958862,0.19175452446474295,CVPF,cracker_scene4,70,old
4428,10.400010585784912,0.19175452446474295,CVPF,cracker_scene4,70,old
4429,10.402347564697266,0.19191195386521168,CVPF,cracker_scene4,70,old
4430,10.404867172241211,0.19191195386521168,CVPF,cracker_scene4,70,old
4431,10.407082080841064,0.19191195386521168,CVPF,cracker_scene4,70,old
4432,10.40919303894043,0.19191195386521168,CVPF,cracker_scene4,70,old
4433,10.411527872085571,0.19394453723149407,CVPF,cracker_scene4,70,old
4434,10.413746356964111,0.19394453723149407,CVPF,cracker_scene4,70,old
4435,10.41602897644043,0.19394453723149407,CVPF,cracker_scene4,70,old
4436,10.418306589126587,0.19257843067200864,CVPF,cracker_scene4,70,old
4437,10.42065978050232,0.19257843067200864,CVPF,cracker_scene4,70,old
4438,10.42291259765625,0.19257843067200864,CVPF,cracker_scene4,70,old
4439,10.425007820129395,0.19257843067200864,CVPF,cracker_scene4,70,old
4440,10.42730188369751,0.19467761588594318,CVPF,cracker_scene4,70,old
4441,10.429554462432861,0.19467761588594318,CVPF,cracker_scene4,70,old
4442,10.431776285171509,0.19467761588594318,CVPF,cracker_scene4,70,old
4443,10.433887004852295,0.19467761588594318,CVPF,cracker_scene4,70,old
4444,10.436280965805054,0.19449856747237018,CVPF,cracker_scene4,70,old
4445,10.438692331314087,0.19449856747237018,CVPF,cracker_scene4,70,old
4446,10.440784692764282,0.19449856747237018,CVPF,cracker_scene4,70,old
4447,10.442935228347778,0.19324058261524213,CVPF,cracker_scene4,70,old
4448,10.445214748382568,0.19328678292117765,CVPF,cracker_scene4,70,old
4449,10.447657823562622,0.19328678292117765,CVPF,cracker_scene4,70,old
4450,10.449830293655396,0.19328678292117765,CVPF,cracker_scene4,70,old
4451,10.452099323272705,0.19420926495146773,CVPF,cracker_scene4,70,old
4452,10.454641580581665,0.19420926495146773,CVPF,cracker_scene4,70,old
4453,10.456923723220825,0.19420926495146773,CVPF,cracker_scene4,70,old
4454,10.459097146987915,0.1907824487100634,CVPF,cracker_scene4,70,old
4455,10.461487531661987,0.1907824487100634,CVPF,cracker_scene4,70,old
4456,10.46396541595459,0.1907824487100634,CVPF,cracker_scene4,70,old
4457,10.466136455535889,0.1907824487100634,CVPF,cracker_scene4,70,old
4458,10.468517780303955,0.19041255892022674,CVPF,cracker_scene4,70,old
4459,10.471057891845703,0.1905113017345992,CVPF,cracker_scene4,70,old
4460,10.47320294380188,0.1905113017345992,CVPF,cracker_scene4,70,old
4461,10.475261926651001,0.1905113017345992,CVPF,cracker_scene4,70,old
4462,10.477550745010376,0.1904491428382454,CVPF,cracker_scene4,70,old
4463,10.480068922042847,0.18991012459140963,CVPF,cracker_scene4,70,old
4464,10.482189416885376,0.18991012459140963,CVPF,cracker_scene4,70,old
4465,10.48434853553772,0.18993073368516397,CVPF,cracker_scene4,70,old
4466,10.486756324768066,0.18916149705939617,CVPF,cracker_scene4,70,old
4467,10.489100694656372,0.18916149705939617,CVPF,cracker_scene4,70,old
4468,10.491661787033081,0.18916149705939617,CVPF,cracker_scene4,70,old
4469,10.49411916732788,0.18685979982813963,CVPF,cracker_scene4,70,old
4470,10.496671199798584,0.18685979982813963,CVPF,cracker_scene4,70,old
4471,10.498924493789673,0.18685979982813963,CVPF,cracker_scene4,70,old
4472,10.501220941543579,0.18866830458490258,CVPF,cracker_scene4,70,old
4473,10.5037100315094,0.1880766352353924,CVPF,cracker_scene4,70,old
4474,10.506195306777954,0.1880766352353924,CVPF,cracker_scene4,70,old
4475,10.50849962234497,0.1880766352353924,CVPF,cracker_scene4,70,old
4476,10.510900735855103,0.18616504311555052,CVPF,cracker_scene4,70,old
4477,10.513138771057129,0.18616504311555052,CVPF,cracker_scene4,70,old
4478,10.515412330627441,0.18616504311555052,CVPF,cracker_scene4,70,old
4479,10.517664909362793,0.18616504311555052,CVPF,cracker_scene4,70,old
4480,10.52011513710022,0.18606395383736632,CVPF,cracker_scene4,70,old
4481,10.522629737854004,0.18778073223658615,CVPF,cracker_scene4,70,old
4482,10.52493143081665,0.18778073223658615,CVPF,cracker_scene4,70,old
4483,10.527337789535522,0.19749673823362635,CVPF,cracker_scene4,70,old
4484,10.530541181564331,0.19749673823362635,CVPF,cracker_scene4,70,old
4485,10.532784938812256,0.19749673823362635,CVPF,cracker_scene4,70,old
4486,10.534989356994629,0.19917722971533536,CVPF,cracker_scene4,70,old
4487,10.537414073944092,0.19917722971533536,CVPF,cracker_scene4,70,old
4488,10.53973650932312,0.19917722971533536,CVPF,cracker_scene4,70,old
4489,10.54184865951538,0.19917722971533536,CVPF,cracker_scene4,70,old
4490,10.544166088104248,0.1976709675644175,CVPF,cracker_scene4,70,old
4491,10.546456098556519,0.1976709675644175,CVPF,cracker_scene4,70,old
4492,10.548625230789185,0.1976709675644175,CVPF,cracker_scene4,70,old
4493,10.550751209259033,0.1976709675644175,CVPF,cracker_scene4,70,old
4494,10.553034543991089,0.1977089180151843,CVPF,cracker_scene4,70,old
4495,10.555330038070679,0.1977089180151843,CVPF,cracker_scene4,70,old
4496,10.557433843612671,0.1977089180151843,CVPF,cracker_scene4,70,old
4497,10.559643983840942,0.1977047252380233,CVPF,cracker_scene4,70,old
4498,10.56191372871399,0.1977047252380233,CVPF,cracker_scene4,70,old
4499,10.564132690429688,0.1977047252380233,CVPF,cracker_scene4,70,old
4500,10.566252946853638,0.1977047252380233,CVPF,cracker_scene4,70,old
4501,10.568508386611938,0.19753410860777887,CVPF,cracker_scene4,70,old
4502,10.570761442184448,0.19753410860777887,CVPF,cracker_scene4,70,old
4503,10.573118686676025,0.19753410860777887,CVPF,cracker_scene4,70,old
4504,10.575196504592896,0.19753410860777887,CVPF,cracker_scene4,70,old
4505,10.577465295791626,0.19738096185556753,CVPF,cracker_scene4,70,old
4506,10.579875946044922,0.19738096185556753,CVPF,cracker_scene4,70,old
4507,10.58197546005249,0.19738096185556753,CVPF,cracker_scene4,70,old
4508,10.584096431732178,0.19738096185556753,CVPF,cracker_scene4,70,old
4509,10.586376905441284,0.1979371919952584,CVPF,cracker_scene4,70,old
4510,10.58873438835144,0.1979371919952584,CVPF,cracker_scene4,70,old
4511,10.591012716293335,0.1979371919952584,CVPF,cracker_scene4,70,old
4512,10.593242168426514,0.19969468785039446,CVPF,cracker_scene4,70,old
4513,10.595592260360718,0.19943435292389644,CVPF,cracker_scene4,70,old
4514,10.597773551940918,0.19943435292389644,CVPF,cracker_scene4,70,old
4515,10.59990382194519,0.19943435292389644,CVPF,cracker_scene4,70,old
4516,10.602170705795288,0.19751238527147308,CVPF,cracker_scene4,70,old
4517,10.604517936706543,0.19751238527147308,CVPF,cracker_scene4,70,old
4518,10.606679439544678,0.19751238527147308,CVPF,cracker_scene4,70,old
4519,10.60877275466919,0.19751238527147308,CVPF,cracker_scene4,70,old
4520,10.611178159713745,0.19742424051812169,CVPF,cracker_scene4,70,old
4521,10.613411903381348,0.19742424051812169,CVPF,cracker_scene4,70,old
4522,10.615619421005249,0.19742424051812169,CVPF,cracker_scene4,70,old
4523,10.617769241333008,0.19742424051812169,CVPF,cracker_scene4,70,old
4524,10.620167255401611,0.1974384238573723,CVPF,cracker_scene4,70,old
4525,10.62235951423645,0.1974384238573723,CVPF,cracker_scene4,70,old
4526,10.624473333358765,0.1974384238573723,CVPF,cracker_scene4,70,old
4527,10.626768589019775,0.19687161409889775,CVPF,cracker_scene4,70,old
4528,10.629061460494995,0.19687161409889775,CVPF,cracker_scene4,70,old
4529,10.631182670593262,0.19687161409889775,CVPF,cracker_scene4,70,old
4530,10.633261442184448,0.19687161409889775,CVPF,cracker_scene4,70,old
4531,10.635510206222534,0.19679800367907507,CVPF,cracker_scene4,70,old
4532,10.63791561126709,0.19679800367907507,CVPF,cracker_scene4,70,old
4533,10.640340566635132,0.19679800367907507,CVPF,cracker_scene4,70,old
4534,10.642449855804443,0.19679800367907507,CVPF,cracker_scene4,70,old
4535,10.644789934158325,0.19788742916309587,CVPF,cracker_scene4,70,old
4536,10.647267580032349,0.19788742916309587,CVPF,cracker_scene4,70,old
4537,10.64956283569336,0.19788742916309587,CVPF,cracker_scene4,70,old
4538,10.651867389678955,0.19612380623482295,CVPF,cracker_scene4,70,old
4539,10.654188394546509,0.19612380623482295,CVPF,cracker_scene4,70,old
4540,10.657599925994873,0.19612380623482295,CVPF,cracker_scene4,70,old
4541,10.661559104919434,0.19727984427847733,CVPF,cracker_scene4,70,old
4542,10.664201259613037,0.19727984427847733,CVPF,cracker_scene4,70,old
4543,10.666332721710205,0.19727984427847733,CVPF,cracker_scene4,70,old
4544,10.668763160705566,0.19575745683632384,CVPF,cracker_scene4,70,old
4545,10.671197891235352,0.19575745683632384,CVPF,cracker_scene4,70,old
4546,10.673762559890747,0.19575745683632384,CVPF,cracker_scene4,70,old
4547,10.676039934158325,0.19590188951849008,CVPF,cracker_scene4,70,old
4548,10.678719282150269,0.19580002334140278,CVPF,cracker_scene4,70,old
4549,10.68109393119812,0.19580002334140278,CVPF,cracker_scene4,70,old
4550,10.683270931243896,0.19580002334140278,CVPF,cracker_scene4,70,old
4551,10.6856529712677,0.19552380859389729,CVPF,cracker_scene4,70,old
4552,10.688021183013916,0.19552380859389729,CVPF,cracker_scene4,70,old
4553,10.690468549728394,0.19552380859389729,CVPF,cracker_scene4,70,old
4554,10.692715883255005,0.19570330352929943,CVPF,cracker_scene4,70,old
4555,10.694976806640625,0.19657097556598124,CVPF,cracker_scene4,70,old
4556,10.69756817817688,0.19657097556598124,CVPF,cracker_scene4,70,old
4557,10.700669050216675,0.2262564474204151,CVPF,cracker_scene4,70,old
4558,10.703028917312622,0.22641265938927074,CVPF,cracker_scene4,70,old
4559,10.70552110671997,0.22641265938927074,CVPF,cracker_scene4,70,old
4560,10.708068132400513,0.22641265938927074,CVPF,cracker_scene4,70,old
4561,10.710349559783936,0.228286186337651,CVPF,cracker_scene4,70,old
4562,10.712769985198975,0.228286186337651,CVPF,cracker_scene4,70,old
4563,10.714994430541992,0.228286186337651,CVPF,cracker_scene4,70,old
4564,10.71724796295166,0.22649740015030467,CVPF,cracker_scene4,70,old
4565,10.719655752182007,0.22649740015030467,CVPF,cracker_scene4,70,old
4566,10.721947193145752,0.22649740015030467,CVPF,cracker_scene4,70,old
4567,10.724121570587158,0.22649740015030467,CVPF,cracker_scene4,70,old
4568,10.726301670074463,0.2264966725368614,CVPF,cracker_scene4,70,old
4569,10.728610754013062,0.22642705111195882,CVPF,cracker_scene4,70,old
4570,10.730963945388794,0.22642705111195882,CVPF,cracker_scene4,70,old
4571,10.733182668685913,0.22642705111195882,CVPF,cracker_scene4,70,old
4572,10.735552549362183,0.22629869663324448,CVPF,cracker_scene4,70,old
4573,10.738003015518188,0.2262059035857674,CVPF,cracker_scene4,70,old
4574,10.740229845046997,0.2262059035857674,CVPF,cracker_scene4,70,old
4575,10.742488622665405,0.2262059035857674,CVPF,cracker_scene4,70,old
4576,10.74501657485962,0.22805987397860863,CVPF,cracker_scene4,70,old
4577,10.747362852096558,0.22805987397860863,CVPF,cracker_scene4,70,old
4578,10.749631881713867,0.22805987397860863,CVPF,cracker_scene4,70,old
4579,10.751930236816406,0.2266703176521326,CVPF,cracker_scene4,70,old
4580,10.754363298416138,0.2266703176521326,CVPF,cracker_scene4,70,old
4581,10.756570816040039,0.2266703176521326,CVPF,cracker_scene4,70,old
4582,10.758658409118652,0.2266703176521326,CVPF,cracker_scene4,70,old
4583,10.76115870475769,0.22640674436605276,CVPF,cracker_scene4,70,old
4584,10.763456344604492,0.22640674436605276,CVPF,cracker_scene4,70,old
4585,10.765581369400024,0.22640674436605276,CVPF,cracker_scene4,70,old
4586,10.767723560333252,0.22637149041365043,CVPF,cracker_scene4,70,old
4587,10.77025580406189,0.22626780816747363,CVPF,cracker_scene4,70,old
4588,10.772610425949097,0.22626780816747363,CVPF,cracker_scene4,70,old
4589,10.774821043014526,0.22626780816747363,CVPF,cracker_scene4,70,old
4590,10.77712082862854,0.22626780816747363,CVPF,cracker_scene4,70,old
4591,10.779752731323242,0.22768732664644975,CVPF,cracker_scene4,70,old
4592,10.781950950622559,0.22768732664644975,CVPF,cracker_scene4,70,old
4593,10.784125566482544,0.2276311273789763,CVPF,cracker_scene4,70,old
4594,10.786441326141357,0.22774991949787451,CVPF,cracker_scene4,70,old
4595,10.788747072219849,0.22774991949787451,CVPF,cracker_scene4,70,old
4596,10.79093623161316,0.22774991949787451,CVPF,cracker_scene4,70,old
4597,10.793166399002075,0.22595006823989522,CVPF,cracker_scene4,70,old
4598,10.795494556427002,0.22572898378208126,CVPF,cracker_scene4,70,old
4599,10.797717332839966,0.22572898378208126,CVPF,cracker_scene4,70,old
4600,10.799860715866089,0.22572898378208126,CVPF,cracker_scene4,70,old
4601,10.802167415618896,0.22555187255442502,CVPF,cracker_scene4,70,old
4602,10.804727792739868,0.22555187255442502,CVPF,cracker_scene4,70,old
4603,10.80716586112976,0.22555187255442502,CVPF,cracker_scene4,70,old
4604,10.80959177017212,0.22590710332554365,CVPF,cracker_scene4,70,old
4605,10.811926364898682,0.22590710332554365,CVPF,cracker_scene4,70,old
4606,10.814228057861328,0.22590710332554365,CVPF,cracker_scene4,70,old
4607,10.816452503204346,0.22590710332554365,CVPF,cracker_scene4,70,old
4608,10.818791389465332,0.22768382329536677,CVPF,cracker_scene4,70,old
4609,10.821317672729492,0.22768382329536677,CVPF,cracker_scene4,70,old
4610,10.8236563205719,0.22768382329536677,CVPF,cracker_scene4,70,old
4611,10.825802087783813,0.2260337133613393,CVPF,cracker_scene4,70,old
4612,10.82823371887207,0.22607252945814593,CVPF,cracker_scene4,70,old
4613,10.830570936203003,0.22607252945814593,CVPF,cracker_scene4,70,old
4614,10.832770347595215,0.22607252945814593,CVPF,cracker_scene4,70,old
4615,10.835026502609253,0.2261267844169249,CVPF,cracker_scene4,70,old
4616,10.83739948272705,0.2261267844169249,CVPF,cracker_scene4,70,old
4617,10.839916944503784,0.2261267844169249,CVPF,cracker_scene4,70,old
4618,10.842113256454468,0.2261267844169249,CVPF,cracker_scene4,70,old
4619,10.844764709472656,0.22596825273171875,CVPF,cracker_scene4,70,old
4620,10.847933530807495,0.24877444347747452,CVPF,cracker_scene4,70,old
4621,10.850122213363647,0.24877444347747452,CVPF,cracker_scene4,70,old
4622,10.852375507354736,0.248761475314965,CVPF,cracker_scene4,70,old
4623,10.854671239852905,0.248761475314965,CVPF,cracker_scene4,70,old
4624,10.85688066482544,0.248761475314965,CVPF,cracker_scene4,70,old
4625,10.859009742736816,0.248761475314965,CVPF,cracker_scene4,70,old
4626,10.861300706863403,0.2487026888135743,CVPF,cracker_scene4,70,old
4627,10.863761186599731,0.2487026888135743,CVPF,cracker_scene4,70,old
4628,10.865960836410522,0.2487026888135743,CVPF,cracker_scene4,70,old
4629,10.86834716796875,0.2484589300383195,CVPF,cracker_scene4,70,old
4630,10.870685338973999,0.2484589300383195,CVPF,cracker_scene4,70,old
4631,10.87291431427002,0.2484589300383195,CVPF,cracker_scene4,70,old
4632,10.875126361846924,0.2484589300383195,CVPF,cracker_scene4,70,old
4633,10.87739634513855,0.2504080098129551,CVPF,cracker_scene4,70,old
4634,10.879735946655273,0.2504080098129551,CVPF,cracker_scene4,70,old
4635,10.882015943527222,0.2504080098129551,CVPF,cracker_scene4,70,old
4636,10.88426685333252,0.2482642783403518,CVPF,cracker_scene4,70,old
4637,10.886532068252563,0.2482642783403518,CVPF,cracker_scene4,70,old
4638,10.888707876205444,0.2482642783403518,CVPF,cracker_scene4,70,old
4639,10.890841484069824,0.2482642783403518,CVPF,cracker_scene4,70,old
4640,10.893005609512329,0.2502131651279392,CVPF,cracker_scene4,70,old
4641,10.895343780517578,0.24999119630330444,CVPF,cracker_scene4,70,old
4642,10.897567510604858,0.24999119630330444,CVPF,cracker_scene4,70,old
4643,10.899692058563232,0.24999119630330444,CVPF,cracker_scene4,70,old
4644,10.90191912651062,0.24808642265632402,CVPF,cracker_scene4,70,old
4645,10.90440058708191,0.24774859533503724,CVPF,cracker_scene4,70,old
4646,10.90684700012207,0.24774859533503724,CVPF,cracker_scene4,70,old
4647,10.908936738967896,0.24774859533503724,CVPF,cracker_scene4,70,old
4648,10.911264896392822,0.24742069097000816,CVPF,cracker_scene4,70,old
4649,10.913346290588379,0.24742069097000816,CVPF,cracker_scene4,70,old
4650,10.91543984413147,0.24742069097000816,CVPF,cracker_scene4,70,old
4651,10.91763949394226,0.24930749044694922,CVPF,cracker_scene4,70,old
4652,10.919848442077637,0.24930749044694922,CVPF,cracker_scene4,70,old
4653,10.921943426132202,0.24930749044694922,CVPF,cracker_scene4,70,old
4654,10.924035787582397,0.24930749044694922,CVPF,cracker_scene4,70,old
4655,10.926204204559326,0.2473568574779359,CVPF,cracker_scene4,70,old
4656,10.928385734558105,0.247117389159542,CVPF,cracker_scene4,70,old
4657,10.930522680282593,0.247117389159542,CVPF,cracker_scene4,70,old
4658,10.932607650756836,0.247117389159542,CVPF,cracker_scene4,70,old
4659,10.934767961502075,0.2471126769426556,CVPF,cracker_scene4,70,old
4660,10.937598705291748,0.24762622505133453,CVPF,cracker_scene4,70,old
4661,10.940093040466309,0.24762622505133453,CVPF,cracker_scene4,70,old
4662,10.942261934280396,0.24762622505133453,CVPF,cracker_scene4,70,old
4663,10.944764137268066,0.24769338284502726,CVPF,cracker_scene4,70,old
4664,10.947122573852539,0.24769338284502726,CVPF,cracker_scene4,70,old
4665,10.949273109436035,0.24769338284502726,CVPF,cracker_scene4,70,old
4666,10.951339483261108,0.24769338284502726,CVPF,cracker_scene4,70,old
4667,10.953416347503662,0.24769338284502726,CVPF,cracker_scene4,70,old
4668,10.955697536468506,0.24725675336208716,CVPF,cracker_scene4,70,old
4669,10.957812070846558,0.24725675336208716,CVPF,cracker_scene4,70,old
4670,10.96012806892395,0.24725675336208716,CVPF,cracker_scene4,70,old
4671,10.962400674819946,0.24725675336208716,CVPF,cracker_scene4,70,old
4672,10.964552402496338,0.24725675336208716,CVPF,cracker_scene4,70,old
4673,10.966681003570557,0.24725675336208716,CVPF,cracker_scene4,70,old
4674,10.969227313995361,0.246974491530223,CVPF,cracker_scene4,70,old
4675,10.971632242202759,0.246974491530223,CVPF,cracker_scene4,70,old
4676,10.974015712738037,0.246974491530223,CVPF,cracker_scene4,70,old
4677,10.976221084594727,0.246974491530223,CVPF,cracker_scene4,70,old
4678,10.978528022766113,0.24674993416434374,CVPF,cracker_scene4,70,old
4679,10.980898380279541,0.24674993416434374,CVPF,cracker_scene4,70,old
4680,10.98301911354065,0.24674993416434374,CVPF,cracker_scene4,70,old
4681,10.985199928283691,0.24674993416434374,CVPF,cracker_scene4,70,old
4682,10.98750352859497,0.24881038432011165,CVPF,cracker_scene4,70,old
4683,10.989758014678955,0.24881708986834472,CVPF,cracker_scene4,70,old
4684,10.9920494556427,0.24881708986834472,CVPF,cracker_scene4,70,old
4685,10.99437665939331,0.24881708986834472,CVPF,cracker_scene4,70,old
4686,10.996661186218262,0.24881708986834472,CVPF,cracker_scene4,70,old
4687,10.999362468719482,0.246854653149754,CVPF,cracker_scene4,70,old
4688,11.002399682998657,0.26913061942858163,CVPF,cracker_scene4,70,old
4689,11.004584074020386,0.26913061942858163,CVPF,cracker_scene4,70,old
4690,11.006845951080322,0.26913061942858163,CVPF,cracker_scene4,70,old
4691,11.009101390838623,0.26867870974314184,CVPF,cracker_scene4,70,old
4692,11.011304378509521,0.26867870974314184,CVPF,cracker_scene4,70,old
4693,11.013426780700684,0.26867870974314184,CVPF,cracker_scene4,70,old
4694,11.015561819076538,0.26867870974314184,CVPF,cracker_scene4,70,old
4695,11.017644882202148,0.26867870974314184,CVPF,cracker_scene4,70,old
4696,11.020232915878296,0.26880554954592567,CVPF,cracker_scene4,70,old
4697,11.022372245788574,0.26880554954592567,CVPF,cracker_scene4,70,old
4698,11.024824857711792,0.26880554954592567,CVPF,cracker_scene4,70,old
4699,11.0270254611969,0.268801064648833,CVPF,cracker_scene4,70,old
4700,11.029285669326782,0.26875656927989305,CVPF,cracker_scene4,70,old
4701,11.031562805175781,0.26875656927989305,CVPF,cracker_scene4,70,old
4702,11.033777713775635,0.26875656927989305,CVPF,cracker_scene4,70,old
4703,11.035988330841064,0.26837373738545034,CVPF,cracker_scene4,70,old
4704,11.038234233856201,0.26837373738545034,CVPF,cracker_scene4,70,old
4705,11.040431499481201,0.26837373738545034,CVPF,cracker_scene4,70,old
4706,11.042675018310547,0.26837373738545034,CVPF,cracker_scene4,70,old
4707,11.044839143753052,0.26837373738545034,CVPF,cracker_scene4,70,old
4708,11.047173261642456,0.2700177225248264,CVPF,cracker_scene4,70,old
4709,11.049386262893677,0.2700177225248264,CVPF,cracker_scene4,70,old
4710,11.051551103591919,0.2700177225248264,CVPF,cracker_scene4,70,old
4711,11.053728103637695,0.2700177225248264,CVPF,cracker_scene4,70,old
4712,11.05600905418396,0.2700177225248264,CVPF,cracker_scene4,70,old
4713,11.058094501495361,0.2700177225248264,CVPF,cracker_scene4,70,old
4714,11.060297012329102,0.2700177225248264,CVPF,cracker_scene4,70,old
4715,11.062664985656738,0.2681384692794391,CVPF,cracker_scene4,70,old
4716,11.064833164215088,0.2681384692794391,CVPF,cracker_scene4,70,old
4717,11.06703495979309,0.2681384692794391,CVPF,cracker_scene4,70,old
4718,11.069298028945923,0.2681384692794391,CVPF,cracker_scene4,70,old
4719,11.071662187576294,0.26815196385088685,CVPF,cracker_scene4,70,old
4720,11.073882579803467,0.2680909328050779,CVPF,cracker_scene4,70,old
4721,11.076061725616455,0.2680909328050779,CVPF,cracker_scene4,70,old
4722,11.078194618225098,0.2680909328050779,CVPF,cracker_scene4,70,old
4723,11.080457925796509,0.2680909328050779,CVPF,cracker_scene4,70,old
4724,11.082631349563599,0.2680909328050779,CVPF,cracker_scene4,70,old
4725,11.084694862365723,0.2680909328050779,CVPF,cracker_scene4,70,old
4726,11.086985111236572,0.2676733331806787,CVPF,cracker_scene4,70,old
4727,11.0892333984375,0.2676733331806787,CVPF,cracker_scene4,70,old
4728,11.091517686843872,0.2676733331806787,CVPF,cracker_scene4,70,old
4729,11.093881130218506,0.2673593068203078,CVPF,cracker_scene4,70,old
4730,11.096133947372437,0.2673593068203078,CVPF,cracker_scene4,70,old
4731,11.098542213439941,0.2671267713880692,CVPF,cracker_scene4,70,old
4732,11.100801467895508,0.2671267713880692,CVPF,cracker_scene4,70,old
4733,11.103187084197998,0.2672135727793471,CVPF,cracker_scene4,70,old
4734,11.105607748031616,0.2672135727793471,CVPF,cracker_scene4,70,old
4735,11.108153820037842,0.26740803463592777,CVPF,cracker_scene4,70,old
4736,11.11054539680481,0.26783719739150375,CVPF,cracker_scene4,70,old
4737,11.112902164459229,0.26783719739150375,CVPF,cracker_scene4,70,old
4738,11.115230798721313,0.2677073574762243,CVPF,cracker_scene4,70,old
4739,11.117486715316772,0.2677073574762243,CVPF,cracker_scene4,70,old
4740,11.119908332824707,0.26761913782128766,CVPF,cracker_scene4,70,old
4741,11.122151851654053,0.26761913782128766,CVPF,cracker_scene4,70,old
4742,11.124739646911621,0.26760660472787284,CVPF,cracker_scene4,70,old
4743,11.12715196609497,0.26760660472787284,CVPF,cracker_scene4,70,old
4744,11.129740476608276,0.26784006174590447,CVPF,cracker_scene4,70,old
4745,11.132198572158813,0.26784006174590447,CVPF,cracker_scene4,70,old
4746,11.13445234298706,0.2677592238705722,CVPF,cracker_scene4,70,old
4747,11.136770725250244,0.267546565952382,CVPF,cracker_scene4,70,old
4748,11.139095783233643,0.267546565952382,CVPF,cracker_scene4,70,old
4749,11.14141321182251,0.267546565952382,CVPF,cracker_scene4,70,old
4750,11.143731832504272,0.26720582515474856,CVPF,cracker_scene4,70,old
4751,11.146196126937866,0.26720582515474856,CVPF,cracker_scene4,70,old
4752,11.148430824279785,0.26720582515474856,CVPF,cracker_scene4,70,old
4753,11.150725603103638,0.26683847508717684,CVPF,cracker_scene4,70,old
4754,11.153218269348145,0.26683847508717684,CVPF,cracker_scene4,70,old
4755,11.15567421913147,0.26683847508717684,CVPF,cracker_scene4,70,old
4756,11.158050537109375,0.26683847508717684,CVPF,cracker_scene4,70,old
4757,11.160484552383423,0.26710780967989417,CVPF,cracker_scene4,70,old
4758,11.163583993911743,0.26134052734797875,CVPF,cracker_scene4,70,old
4759,11.165700912475586,0.26134052734797875,CVPF,cracker_scene4,70,old
4760,11.167888164520264,0.26116901185498,CVPF,cracker_scene4,70,old
4761,11.170217752456665,0.26124231516601726,CVPF,cracker_scene4,70,old
4762,11.172498226165771,0.26124231516601726,CVPF,cracker_scene4,70,old
4763,11.174769878387451,0.26124231516601726,CVPF,cracker_scene4,70,old
4764,11.177035808563232,0.26091229960283946,CVPF,cracker_scene4,70,old
4765,11.179245233535767,0.26091229960283946,CVPF,cracker_scene4,70,old
4766,11.181512117385864,0.26091229960283946,CVPF,cracker_scene4,70,old
4767,11.183648109436035,0.26091229960283946,CVPF,cracker_scene4,70,old
4768,11.185875177383423,0.260917792745308,CVPF,cracker_scene4,70,old
4769,11.188243865966797,0.260824210470398,CVPF,cracker_scene4,70,old
4770,11.190352201461792,0.260824210470398,CVPF,cracker_scene4,70,old
4771,11.192688941955566,0.25998365771930654,CVPF,cracker_scene4,70,old
4772,11.19495964050293,0.25998365771930654,CVPF,cracker_scene4,70,old
4773,11.197181224822998,0.25998365771930654,CVPF,cracker_scene4,70,old
4774,11.199463844299316,0.25998365771930654,CVPF,cracker_scene4,70,old
4775,11.201688289642334,0.25960258947808673,CVPF,cracker_scene4,70,old
4776,11.204015016555786,0.2616387813280896,CVPF,cracker_scene4,70,old
4777,11.20625376701355,0.2616387813280896,CVPF,cracker_scene4,70,old
4778,11.20844554901123,0.2616387813280896,CVPF,cracker_scene4,70,old
4779,11.210764169692993,0.259791402694347,CVPF,cracker_scene4,70,old
4780,11.213013648986816,0.259791402694347,CVPF,cracker_scene4,70,old
4781,11.21522855758667,0.259791402694347,CVPF,cracker_scene4,70,old
4782,11.21744704246521,0.259791402694347,CVPF,cracker_scene4,70,old
4783,11.219857454299927,0.26297977035220826,CVPF,cracker_scene4,70,old
4784,11.222168445587158,0.26297977035220826,CVPF,cracker_scene4,70,old
4785,11.224271059036255,0.26297977035220826,CVPF,cracker_scene4,70,old
4786,11.226513624191284,0.26070260724700045,CVPF,cracker_scene4,70,old
4787,11.228726863861084,0.26070260724700045,CVPF,cracker_scene4,70,old
4788,11.231016397476196,0.26070260724700045,CVPF,cracker_scene4,70,old
4789,11.233134269714355,0.26070260724700045,CVPF,cracker_scene4,70,old
4790,11.235332727432251,0.26040309546793783,CVPF,cracker_scene4,70,old
4791,11.237660884857178,0.26040309546793783,CVPF,cracker_scene4,70,old
4792,11.239974975585938,0.26040309546793783,CVPF,cracker_scene4,70,old
4793,11.242146015167236,0.26040309546793783,CVPF,cracker_scene4,70,old
4794,11.244471073150635,0.26006386505467255,CVPF,cracker_scene4,70,old
4795,11.246720314025879,0.26006386505467255,CVPF,cracker_scene4,70,old
4796,11.24883770942688,0.26006386505467255,CVPF,cracker_scene4,70,old
4797,11.251035451889038,0.26006597162723805,CVPF,cracker_scene4,70,old
4798,11.253685712814331,0.26006597162723805,CVPF,cracker_scene4,70,old
4799,11.256030797958374,0.26000038981150564,CVPF,cracker_scene4,70,old
4800,11.258245944976807,0.26000038981150564,CVPF,cracker_scene4,70,old
4801,11.260546922683716,0.26009005069295976,CVPF,cracker_scene4,70,old
4802,11.262923955917358,0.26009005069295976,CVPF,cracker_scene4,70,old
4803,11.265086889266968,0.26009005069295976,CVPF,cracker_scene4,70,old
4804,11.267359972000122,0.26009005069295976,CVPF,cracker_scene4,70,old
4805,11.269697904586792,0.26004921703268713,CVPF,cracker_scene4,70,old
4806,11.272126197814941,0.26004921703268713,CVPF,cracker_scene4,70,old
4807,11.274210214614868,0.26004921703268713,CVPF,cracker_scene4,70,old
4808,11.276440858840942,0.26004921703268713,CVPF,cracker_scene4,70,old
4809,11.278800010681152,0.2612429380559775,CVPF,cracker_scene4,70,old
4810,11.281105518341064,0.2612429380559775,CVPF,cracker_scene4,70,old
4811,11.283234596252441,0.2612429380559775,CVPF,cracker_scene4,70,old
4812,11.285547494888306,0.2612243340495529,CVPF,cracker_scene4,70,old
4813,11.288082122802734,0.2612243340495529,CVPF,cracker_scene4,70,old
4814,11.29044222831726,0.2612243340495529,CVPF,cracker_scene4,70,old
4815,11.29283356666565,0.25924027860894255,CVPF,cracker_scene4,70,old
4816,11.295744895935059,0.2597726255069692,CVPF,cracker_scene4,70,old
4817,11.297936916351318,0.2597726255069692,CVPF,cracker_scene4,70,old
4818,11.300057649612427,0.2597726255069692,CVPF,cracker_scene4,70,old
4819,11.302453994750977,0.260088526968011,CVPF,cracker_scene4,70,old
4820,11.304778814315796,0.260088526968011,CVPF,cracker_scene4,70,old
4821,11.307227373123169,0.260088526968011,CVPF,cracker_scene4,70,old
4822,11.309478521347046,0.26199311423350025,CVPF,cracker_scene4,70,old
4823,11.311909675598145,0.2617343998933162,CVPF,cracker_scene4,70,old
4824,11.314217329025269,0.2617343998933162,CVPF,cracker_scene4,70,old
4825,11.316425561904907,0.2617343998933162,CVPF,cracker_scene4,70,old
4826,11.31870412826538,0.261258328022641,CVPF,cracker_scene4,70,old
4827,11.32176923751831,0.260674542929834,CVPF,cracker_scene4,70,old
4828,11.324285745620728,0.25429660051626163,CVPF,cracker_scene4,70,old
4829,11.326561689376831,0.2542348148472124,CVPF,cracker_scene4,70,old
4830,11.328810691833496,0.2542348148472124,CVPF,cracker_scene4,70,old
4831,11.331002712249756,0.2542348148472124,CVPF,cracker_scene4,70,old
4832,11.333200931549072,0.2542348148472124,CVPF,cracker_scene4,70,old
4833,11.335582494735718,0.2542044135717653,CVPF,cracker_scene4,70,old
4834,11.337998151779175,0.2542044135717653,CVPF,cracker_scene4,70,old
4835,11.340225219726562,0.2542044135717653,CVPF,cracker_scene4,70,old
4836,11.34244704246521,0.25370539264982334,CVPF,cracker_scene4,70,old
4837,11.344663143157959,0.25370539264982334,CVPF,cracker_scene4,70,old
4838,11.347210168838501,0.25370539264982334,CVPF,cracker_scene4,70,old
4839,11.349302291870117,0.25370539264982334,CVPF,cracker_scene4,70,old
4840,11.351404190063477,0.25370539264982334,CVPF,cracker_scene4,70,old
4841,11.353525638580322,0.25370539264982334,CVPF,cracker_scene4,70,old
4842,11.355722665786743,0.25370539264982334,CVPF,cracker_scene4,70,old
4843,11.358023405075073,0.2533876461103084,CVPF,cracker_scene4,70,old
4844,11.360257148742676,0.2533876461103084,CVPF,cracker_scene4,70,old
4845,11.362597227096558,0.2533876461103084,CVPF,cracker_scene4,70,old
4846,11.364908456802368,0.2533876461103084,CVPF,cracker_scene4,70,old
4847,11.367085456848145,0.25290320362909324,CVPF,cracker_scene4,70,old
4848,11.369324445724487,0.25290320362909324,CVPF,cracker_scene4,70,old
4849,11.371683120727539,0.25290320362909324,CVPF,cracker_scene4,70,old
4850,11.373956680297852,0.25290320362909324,CVPF,cracker_scene4,70,old
4851,11.376261711120605,0.25290320362909324,CVPF,cracker_scene4,70,old
4852,11.37874984741211,0.25252887705376226,CVPF,cracker_scene4,70,old
4853,11.380934476852417,0.25252887705376226,CVPF,cracker_scene4,70,old
4854,11.383345127105713,0.25252887705376226,CVPF,cracker_scene4,70,old
4855,11.385493993759155,0.25252887705376226,CVPF,cracker_scene4,70,old
4856,11.387742280960083,0.2522620628338898,CVPF,cracker_scene4,70,old
4857,11.38996696472168,0.2522620628338898,CVPF,cracker_scene4,70,old
4858,11.392244577407837,0.2522620628338898,CVPF,cracker_scene4,70,old
4859,11.394619703292847,0.2522620628338898,CVPF,cracker_scene4,70,old
4860,11.396865844726562,0.2522620628338898,CVPF,cracker_scene4,70,old
4861,11.399087905883789,0.25226791457901493,CVPF,cracker_scene4,70,old
4862,11.401460647583008,0.2529203342053746,CVPF,cracker_scene4,70,old
4863,11.403837203979492,0.2529203342053746,CVPF,cracker_scene4,70,old
4864,11.406087398529053,0.2529203342053746,CVPF,cracker_scene4,70,old
4865,11.408334970474243,0.2538634648947303,CVPF,cracker_scene4,70,old
4866,11.410435914993286,0.2538634648947303,CVPF,cracker_scene4,70,old
4867,11.412928342819214,0.2538634648947303,CVPF,cracker_scene4,70,old
4868,11.415259599685669,0.2538634648947303,CVPF,cracker_scene4,70,old
4869,11.417410135269165,0.2538634648947303,CVPF,cracker_scene4,70,old
4870,11.41959547996521,0.2522680191622489,CVPF,cracker_scene4,70,old
4871,11.422078609466553,0.2496808478026537,CVPF,cracker_scene4,70,old
4872,11.42442011833191,0.2496808478026537,CVPF,cracker_scene4,70,old
4873,11.42664384841919,0.2493478616764935,CVPF,cracker_scene4,70,old
4874,11.428838968276978,0.2493478616764935,CVPF,cracker_scene4,70,old
4875,11.430987119674683,0.2493478616764935,CVPF,cracker_scene4,70,old
4876,11.4333975315094,0.2493478616764935,CVPF,cracker_scene4,70,old
4877,11.435598373413086,0.2493478616764935,CVPF,cracker_scene4,70,old
4878,11.437907934188843,0.2493478616764935,CVPF,cracker_scene4,70,old
4879,11.440222024917603,0.2548730914474378,CVPF,cracker_scene4,70,old
4880,11.442365646362305,0.2548730914474378,CVPF,cracker_scene4,70,old
4881,11.444708585739136,0.2548730914474378,CVPF,cracker_scene4,70,old
4882,11.447355270385742,0.2548730914474378,CVPF,cracker_scene4,70,old
4883,11.449808359146118,0.2528817896310544,CVPF,cracker_scene4,70,old
4884,11.452122926712036,0.25252061291069483,CVPF,cracker_scene4,70,old
4885,11.454428672790527,0.25252061291069483,CVPF,cracker_scene4,70,old
4886,11.45671534538269,0.25252061291069483,CVPF,cracker_scene4,70,old
4887,11.459120273590088,0.25252061291069483,CVPF,cracker_scene4,70,old
4888,11.46168565750122,0.25252061291069483,CVPF,cracker_scene4,70,old
4889,11.464187383651733,0.25227150939387744,CVPF,cracker_scene4,70,old
4890,11.466734886169434,0.25227150939387744,CVPF,cracker_scene4,70,old
4891,11.468860626220703,0.25227150939387744,CVPF,cracker_scene4,70,old
4892,11.471052646636963,0.25227150939387744,CVPF,cracker_scene4,70,old
4893,11.473592281341553,0.25222262264517703,CVPF,cracker_scene4,70,old
4894,11.475899934768677,0.2521907508587412,CVPF,cracker_scene4,70,old
4895,11.478211402893066,0.2521907508587412,CVPF,cracker_scene4,70,old
4896,11.480542659759521,0.2521907508587412,CVPF,cracker_scene4,70,old
4897,11.482877492904663,0.2521907508587412,CVPF,cracker_scene4,70,old
4898,11.485963106155396,0.24640236763904177,CVPF,cracker_scene4,70,old
4899,11.488288164138794,0.24604489074103672,CVPF,cracker_scene4,70,old
4900,11.490594148635864,0.24604489074103672,CVPF,cracker_scene4,70,old
4901,11.492989301681519,0.2463841743738651,CVPF,cracker_scene4,70,old
4902,11.495384454727173,0.2463841743738651,CVPF,cracker_scene4,70,old
4903,11.497803449630737,0.24607103007997017,CVPF,cracker_scene4,70,old
4904,11.500133037567139,0.24607103007997017,CVPF,cracker_scene4,70,old
4905,11.502575635910034,0.2460743961364974,CVPF,cracker_scene4,70,old
4906,11.505065679550171,0.24563629116585972,CVPF,cracker_scene4,70,old
4907,11.507618427276611,0.24571441215489787,CVPF,cracker_scene4,70,old
4908,11.509958505630493,0.24571441215489787,CVPF,cracker_scene4,70,old
4909,11.512371301651001,0.24550608278250508,CVPF,cracker_scene4,70,old
4910,11.514779090881348,0.24550608278250508,CVPF,cracker_scene4,70,old
4911,11.517006158828735,0.24550608278250508,CVPF,cracker_scene4,70,old
4912,11.519394636154175,0.24534102300850893,CVPF,cracker_scene4,70,old
4913,11.521823406219482,0.24534102300850893,CVPF,cracker_scene4,70,old
4914,11.524409055709839,0.24504508192213714,CVPF,cracker_scene4,70,old
4915,11.526802062988281,0.24497101814968036,CVPF,cracker_scene4,70,old
4916,11.52912425994873,0.24504907454822486,CVPF,cracker_scene4,70,old
4917,11.53159213066101,0.2451683492511612,CVPF,cracker_scene4,70,old
4918,11.533979415893555,0.24490613580983858,CVPF,cracker_scene4,70,old
4919,11.536379098892212,0.24464007962194723,CVPF,cracker_scene4,70,old
4920,11.538718461990356,0.24464007962194723,CVPF,cracker_scene4,70,old
4921,11.541101455688477,0.24464007962194723,CVPF,cracker_scene4,70,old
4922,11.543443441390991,0.24464153436806302,CVPF,cracker_scene4,70,old
4923,11.545680284500122,0.24464153436806302,CVPF,cracker_scene4,70,old
4924,11.547949075698853,0.24464153436806302,CVPF,cracker_scene4,70,old
4925,11.550045251846313,0.24464153436806302,CVPF,cracker_scene4,70,old
4926,11.552367448806763,0.24468738113112823,CVPF,cracker_scene4,70,old
4927,11.554633140563965,0.24468738113112823,CVPF,cracker_scene4,70,old
4928,11.55691146850586,0.24468738113112823,CVPF,cracker_scene4,70,old
4929,11.559078454971313,0.24614993974410243,CVPF,cracker_scene4,70,old
4930,11.561548233032227,0.24587191336952924,CVPF,cracker_scene4,70,old
4931,11.563873529434204,0.24587191336952924,CVPF,cracker_scene4,70,old
4932,11.565984725952148,0.24587191336952924,CVPF,cracker_scene4,70,old
4933,11.568257331848145,0.24416328849973856,CVPF,cracker_scene4,70,old
4934,11.570577144622803,0.24416328849973856,CVPF,cracker_scene4,70,old
4935,11.572874307632446,0.24416328849973856,CVPF,cracker_scene4,70,old
4936,11.575365781784058,0.24416328849973856,CVPF,cracker_scene4,70,old
4937,11.577725410461426,0.2439507250890295,CVPF,cracker_scene4,70,old
4938,11.58052396774292,0.2439507250890295,CVPF,cracker_scene4,70,old
4939,11.583873748779297,0.2439507250890295,CVPF,cracker_scene4,70,old
4940,11.586820602416992,0.2438441244286653,CVPF,cracker_scene4,70,old
4941,11.589433193206787,0.2438441244286653,CVPF,cracker_scene4,70,old
4942,11.591925621032715,0.2438441244286653,CVPF,cracker_scene4,70,old
4943,11.594619750976562,0.24403027049388448,CVPF,cracker_scene4,70,old
4944,11.597138166427612,0.24403027049388448,CVPF,cracker_scene4,70,old
4945,11.599404573440552,0.24403027049388448,CVPF,cracker_scene4,70,old
4946,11.601821660995483,0.24311990454085058,CVPF,cracker_scene4,70,old
4947,11.604581356048584,0.24311990454085058,CVPF,cracker_scene4,70,old
4948,11.607033967971802,0.24311990454085058,CVPF,cracker_scene4,70,old
4949,11.609373092651367,0.24311990454085058,CVPF,cracker_scene4,70,old
4950,11.611901998519897,0.24329446526968793,CVPF,cracker_scene4,70,old
4951,11.614413261413574,0.24329446526968793,CVPF,cracker_scene4,70,old
4952,11.616639137268066,0.24329446526968793,CVPF,cracker_scene4,70,old
4953,11.619054555892944,0.24296234097834196,CVPF,cracker_scene4,70,old
4954,11.621371030807495,0.24296234097834196,CVPF,cracker_scene4,70,old
4955,11.623679637908936,0.24296234097834196,CVPF,cracker_scene4,70,old
4956,11.625965118408203,0.24296234097834196,CVPF,cracker_scene4,70,old
4957,11.628603458404541,0.24280210684474135,CVPF,cracker_scene4,70,old
4958,11.630900621414185,0.24280210684474135,CVPF,cracker_scene4,70,old
4959,11.633066177368164,0.24280210684474135,CVPF,cracker_scene4,70,old
4960,11.635539770126343,0.24275739625032242,CVPF,cracker_scene4,70,old
4961,11.63791036605835,0.24275739625032242,CVPF,cracker_scene4,70,old
4962,11.640231847763062,0.24275739625032242,CVPF,cracker_scene4,70,old
4963,11.642483711242676,0.24275739625032242,CVPF,cracker_scene4,70,old
4964,11.645006656646729,0.24252403180720808,CVPF,cracker_scene4,70,old
4965,11.648188591003418,0.22515966847143826,CVPF,cracker_scene4,70,old
4966,11.650413990020752,0.22515966847143826,CVPF,cracker_scene4,70,old
4967,11.65281867980957,0.2252277881306244,CVPF,cracker_scene4,70,old
4968,11.655282258987427,0.2252277881306244,CVPF,cracker_scene4,70,old
4969,11.657458543777466,0.2252277881306244,CVPF,cracker_scene4,70,old
4970,11.659806489944458,0.22239639572910663,CVPF,cracker_scene4,70,old
4971,11.662286043167114,0.22239639572910663,CVPF,cracker_scene4,70,old
4972,11.664620637893677,0.22239639572910663,CVPF,cracker_scene4,70,old
4973,11.666885375976562,0.22239639572910663,CVPF,cracker_scene4,70,old
4974,11.669376134872437,0.22499728411251682,CVPF,cracker_scene4,70,old
4975,11.671858787536621,0.22499728411251682,CVPF,cracker_scene4,70,old
4976,11.674094200134277,0.22499728411251682,CVPF,cracker_scene4,70,old
4977,11.67650318145752,0.2252701888190861,CVPF,cracker_scene4,70,old
4978,11.6789071559906,0.2252701888190861,CVPF,cracker_scene4,70,old
4979,11.681171894073486,0.2252701888190861,CVPF,cracker_scene4,70,old
4980,11.683420896530151,0.2252701888190861,CVPF,cracker_scene4,70,old
4981,11.68590235710144,0.22341771642185565,CVPF,cracker_scene4,70,old
4982,11.688341617584229,0.22341771642185565,CVPF,cracker_scene4,70,old
4983,11.69052791595459,0.22341771642185565,CVPF,cracker_scene4,70,old
4984,11.692924499511719,0.2239653171684616,CVPF,cracker_scene4,70,old
4985,11.695579290390015,0.2239653171684616,CVPF,cracker_scene4,70,old
4986,11.697837114334106,0.2239653171684616,CVPF,cracker_scene4,70,old
4987,11.699984073638916,0.2239653171684616,CVPF,cracker_scene4,70,old
4988,11.70268726348877,0.22583223612907857,CVPF,cracker_scene4,70,old
4989,11.705164670944214,0.22583223612907857,CVPF,cracker_scene4,70,old
4990,11.707358360290527,0.22583223612907857,CVPF,cracker_scene4,70,old
4991,11.709661483764648,0.22395323141229198,CVPF,cracker_scene4,70,old
4992,11.71209168434143,0.22395323141229198,CVPF,cracker_scene4,70,old
4993,11.71446180343628,0.22395323141229198,CVPF,cracker_scene4,70,old
4994,11.716631412506104,0.22395323141229198,CVPF,cracker_scene4,70,old
4995,11.719101905822754,0.22390162259698748,CVPF,cracker_scene4,70,old
4996,11.72147822380066,0.22390162259698748,CVPF,cracker_scene4,70,old
4997,11.723864793777466,0.22390162259698748,CVPF,cracker_scene4,70,old
4998,11.726186990737915,0.2253106332571046,CVPF,cracker_scene4,70,old
4999,11.728585243225098,0.22496574326848848,CVPF,cracker_scene4,70,old
5000,11.73093295097351,0.22496574326848848,CVPF,cracker_scene4,70,old
5001,11.733121156692505,0.22496574326848848,CVPF,cracker_scene4,70,old
5002,11.735561847686768,0.22346957962037425,CVPF,cracker_scene4,70,old
5003,11.738294839859009,0.22346957962037425,CVPF,cracker_scene4,70,old
5004,11.740428686141968,0.22346957962037425,CVPF,cracker_scene4,70,old
5005,11.742734432220459,0.22383587486345927,CVPF,cracker_scene4,70,old
5006,11.745068311691284,0.22383587486345927,CVPF,cracker_scene4,70,old
5007,11.747257947921753,0.22383587486345927,CVPF,cracker_scene4,70,old
5008,11.749347686767578,0.22383587486345927,CVPF,cracker_scene4,70,old
5009,11.751643896102905,0.22338233750484454,CVPF,cracker_scene4,70,old
5010,11.753985166549683,0.22338361552693023,CVPF,cracker_scene4,70,old
5011,11.756134033203125,0.22338361552693023,CVPF,cracker_scene4,70,old
5012,11.758254051208496,0.22338361552693023,CVPF,cracker_scene4,70,old
5013,11.760687828063965,0.2232711964329659,CVPF,cracker_scene4,70,old
5014,11.762925863265991,0.2232711964329659,CVPF,cracker_scene4,70,old
5015,11.76513123512268,0.2232711964329659,CVPF,cracker_scene4,70,old
5016,11.767487287521362,0.22294162587515634,CVPF,cracker_scene4,70,old
5017,11.770248889923096,0.22294162587515634,CVPF,cracker_scene4,70,old
5018,11.772624492645264,0.22294162587515634,CVPF,cracker_scene4,70,old
5019,11.774855136871338,0.22294162587515634,CVPF,cracker_scene4,70,old
5020,11.777175188064575,0.22311566288422183,CVPF,cracker_scene4,70,old
5021,11.779646873474121,0.22311566288422183,CVPF,cracker_scene4,70,old
5022,11.781830787658691,0.22311566288422183,CVPF,cracker_scene4,70,old
5023,11.784101724624634,0.22311566288422183,CVPF,cracker_scene4,70,old
5024,11.786589860916138,0.22506846875872244,CVPF,cracker_scene4,70,old
5025,11.78898000717163,0.22506846875872244,CVPF,cracker_scene4,70,old
5026,11.791257619857788,0.22506846875872244,CVPF,cracker_scene4,70,old
5027,11.793697357177734,0.22322605643659937,CVPF,cracker_scene4,70,old
5028,11.796149015426636,0.22322605643659937,CVPF,cracker_scene4,70,old
5029,11.798459529876709,0.22322605643659937,CVPF,cracker_scene4,70,old
5030,11.80071473121643,0.22322605643659937,CVPF,cracker_scene4,70,old
5031,11.80326223373413,0.22304496250525002,CVPF,cracker_scene4,70,old
5032,11.807204723358154,0.22304496250525002,CVPF,cracker_scene4,70,old
5033,11.809449672698975,0.20573772090209375,CVPF,cracker_scene4,70,old
5034,11.81194806098938,0.2055412649851369,CVPF,cracker_scene4,70,old
5035,11.814295530319214,0.2055412649851369,CVPF,cracker_scene4,70,old
5036,11.816451072692871,0.2055412649851369,CVPF,cracker_scene4,70,old
5037,11.818962574005127,0.20518565783668005,CVPF,cracker_scene4,70,old
5038,11.821335315704346,0.20518565783668005,CVPF,cracker_scene4,70,old
5039,11.823587656021118,0.20518565783668005,CVPF,cracker_scene4,70,old
5040,11.825840711593628,0.20517089276329434,CVPF,cracker_scene4,70,old
5041,11.828305006027222,0.20498725013337482,CVPF,cracker_scene4,70,old
5042,11.830644607543945,0.20498725013337482,CVPF,cracker_scene4,70,old
5043,11.832850217819214,0.20498725013337482,CVPF,cracker_scene4,70,old
5044,11.835318326950073,0.20517608505108711,CVPF,cracker_scene4,70,old
5045,11.837727308273315,0.20517608505108711,CVPF,cracker_scene4,70,old
5046,11.840023756027222,0.20517608505108711,CVPF,cracker_scene4,70,old
5047,11.842196941375732,0.20517608505108711,CVPF,cracker_scene4,70,old
5048,11.844695329666138,0.20522017088908856,CVPF,cracker_scene4,70,old
5049,11.847150564193726,0.20522017088908856,CVPF,cracker_scene4,70,old
5050,11.84928035736084,0.20522017088908856,CVPF,cracker_scene4,70,old
5051,11.851761102676392,0.20525003890739021,CVPF,cracker_scene4,70,old
5052,11.854057550430298,0.20525003890739021,CVPF,cracker_scene4,70,old
5053,11.856351375579834,0.20525003890739021,CVPF,cracker_scene4,70,old
5054,11.858513355255127,0.20525003890739021,CVPF,cracker_scene4,70,old
5055,11.860962629318237,0.20525003890739021,CVPF,cracker_scene4,70,old
5056,11.863394021987915,0.20523675155557067,CVPF,cracker_scene4,70,old
5057,11.865850448608398,0.20523675155557067,CVPF,cracker_scene4,70,old
5058,11.868165731430054,0.2044436864939101,CVPF,cracker_scene4,70,old
5059,11.87053394317627,0.2044436864939101,CVPF,cracker_scene4,70,old
5060,11.872802734375,0.2044436864939101,CVPF,cracker_scene4,70,old
5061,11.874992847442627,0.2044436864939101,CVPF,cracker_scene4,70,old
5062,11.877297401428223,0.20637032216654405,CVPF,cracker_scene4,70,old
5063,11.879673957824707,0.20637032216654405,CVPF,cracker_scene4,70,old
5064,11.88197636604309,0.20637032216654405,CVPF,cracker_scene4,70,old
5065,11.884176015853882,0.2045157465036842,CVPF,cracker_scene4,70,old
5066,11.886564493179321,0.20473971997701187,CVPF,cracker_scene4,70,old
5067,11.888779401779175,0.20473971997701187,CVPF,cracker_scene4,70,old
5068,11.890942573547363,0.20473971997701187,CVPF,cracker_scene4,70,old
5069,11.893151998519897,0.20470382880618643,CVPF,cracker_scene4,70,old
5070,11.895516157150269,0.20470382880618643,CVPF,cracker_scene4,70,old
5071,11.897732973098755,0.20470382880618643,CVPF,cracker_scene4,70,old
5072,11.900003671646118,0.20470382880618643,CVPF,cracker_scene4,70,old
5073,11.902272939682007,0.2051980486760432,CVPF,cracker_scene4,70,old
5074,11.904676675796509,0.2051980486760432,CVPF,cracker_scene4,70,old
5075,11.906842708587646,0.2051980486760432,CVPF,cracker_scene4,70,old
5076,11.908975839614868,0.2051980486760432,CVPF,cracker_scene4,70,old
5077,11.911210298538208,0.20511573943798733,CVPF,cracker_scene4,70,old
5078,11.913423776626587,0.20511573943798733,CVPF,cracker_scene4,70,old
5079,11.915710687637329,0.20511573943798733,CVPF,cracker_scene4,70,old
5080,11.917951107025146,0.20511573943798733,CVPF,cracker_scene4,70,old
5081,11.920449495315552,0.20501716917021467,CVPF,cracker_scene4,70,old
5082,11.922655820846558,0.20501716917021467,CVPF,cracker_scene4,70,old
5083,11.924780368804932,0.20501716917021467,CVPF,cracker_scene4,70,old
5084,11.92727255821228,0.2061162956978558,CVPF,cracker_scene4,70,old
5085,11.929767847061157,0.2061162956978558,CVPF,cracker_scene4,70,old
5086,11.932263851165771,0.2061162956978558,CVPF,cracker_scene4,70,old
5087,11.93485689163208,0.20488950358817545,CVPF,cracker_scene4,70,old
5088,11.937356233596802,0.20488950358817545,CVPF,cracker_scene4,70,old
5089,11.94003701210022,0.20488950358817545,CVPF,cracker_scene4,70,old
5090,11.942307710647583,0.20488950358817545,CVPF,cracker_scene4,70,old
5091,11.944873094558716,0.20477186796438449,CVPF,cracker_scene4,70,old
5092,11.947216510772705,0.20477186796438449,CVPF,cracker_scene4,70,old
5093,11.949372291564941,0.20477186796438449,CVPF,cracker_scene4,70,old
5094,11.951655626296997,0.20484808141799693,CVPF,cracker_scene4,70,old
5095,11.954009771347046,0.20484808141799693,CVPF,cracker_scene4,70,old
5096,11.956419944763184,0.20484808141799693,CVPF,cracker_scene4,70,old
5097,11.958703517913818,0.20484808141799693,CVPF,cracker_scene4,70,old
5098,11.961232662200928,0.20495093939009768,CVPF,cracker_scene4,70,old
5099,11.963644027709961,0.20495093939009768,CVPF,cracker_scene4,70,old
5100,11.966841459274292,0.19436011869433478,CVPF,cracker_scene4,70,old
5101,11.969470739364624,0.19446995725474336,CVPF,cracker_scene4,70,old
5102,11.972101926803589,0.19446995725474336,CVPF,cracker_scene4,70,old
5103,11.974372386932373,0.19446995725474336,CVPF,cracker_scene4,70,old
5104,11.976590633392334,0.19446995725474336,CVPF,cracker_scene4,70,old
5105,11.979085922241211,0.19434734603985515,CVPF,cracker_scene4,70,old
5106,11.981571674346924,0.19434734603985515,CVPF,cracker_scene4,70,old
5107,11.983802556991577,0.19434734603985515,CVPF,cracker_scene4,70,old
5108,11.98630976676941,0.19447061466282373,CVPF,cracker_scene4,70,old
5109,11.98879337310791,0.19447061466282373,CVPF,cracker_scene4,70,old
5110,11.991265773773193,0.19447061466282373,CVPF,cracker_scene4,70,old
5111,11.993655681610107,0.19625351311195585,CVPF,cracker_scene4,70,old
5112,11.996098518371582,0.19625351311195585,CVPF,cracker_scene4,70,old
5113,11.998645782470703,0.19625351311195585,CVPF,cracker_scene4,70,old
5114,12.00088882446289,0.19443911244485582,CVPF,cracker_scene4,70,old
5115,12.00338888168335,0.19443911244485582,CVPF,cracker_scene4,70,old
5116,12.00602126121521,0.19443911244485582,CVPF,cracker_scene4,70,old
5117,12.008203029632568,0.19443911244485582,CVPF,cracker_scene4,70,old
5118,12.01052474975586,0.19494959353330826,CVPF,cracker_scene4,70,old
5119,12.013095140457153,0.19494959353330826,CVPF,cracker_scene4,70,old
5120,12.01537013053894,0.19494959353330826,CVPF,cracker_scene4,70,old
5121,12.017577171325684,0.19494959353330826,CVPF,cracker_scene4,70,old
5122,12.020084857940674,0.19489973151841497,CVPF,cracker_scene4,70,old
5123,12.022733211517334,0.19489973151841497,CVPF,cracker_scene4,70,old
5124,12.024945497512817,0.19489973151841497,CVPF,cracker_scene4,70,old
5125,12.027430772781372,0.1948523493084194,CVPF,cracker_scene4,70,old
5126,12.029807567596436,0.1948523493084194,CVPF,cracker_scene4,70,old
5127,12.032037734985352,0.1948523493084194,CVPF,cracker_scene4,70,old
5128,12.034252405166626,0.19482943747463252,CVPF,cracker_scene4,70,old
5129,12.036814451217651,0.19445999143070433,CVPF,cracker_scene4,70,old
5130,12.039300203323364,0.19445999143070433,CVPF,cracker_scene4,70,old
5131,12.041447162628174,0.19445999143070433,CVPF,cracker_scene4,70,old
5132,12.043989181518555,0.1943611350811277,CVPF,cracker_scene4,70,old
5133,12.046392917633057,0.1943611350811277,CVPF,cracker_scene4,70,old
5134,12.048614025115967,0.1943611350811277,CVPF,cracker_scene4,70,old
5135,12.050788402557373,0.1943611350811277,CVPF,cracker_scene4,70,old
5136,12.05342411994934,0.19559871515662192,CVPF,cracker_scene4,70,old
5137,12.055824518203735,0.19559871515662192,CVPF,cracker_scene4,70,old
5138,12.057973146438599,0.19559871515662192,CVPF,cracker_scene4,70,old
5139,12.060195446014404,0.19559871515662192,CVPF,cracker_scene4,70,old
5140,12.063019752502441,0.19556336889220047,CVPF,cracker_scene4,70,old
5141,12.06547498703003,0.19556336889220047,CVPF,cracker_scene4,70,old
5142,12.0680251121521,0.19422592857688672,CVPF,cracker_scene4,70,old
5143,12.070299625396729,0.1944200576731954,CVPF,cracker_scene4,70,old
5144,12.07284688949585,0.1944200576731954,CVPF,cracker_scene4,70,old
5145,12.075018405914307,0.1944200576731954,CVPF,cracker_scene4,70,old
5146,12.0774564743042,0.19442029572693215,CVPF,cracker_scene4,70,old
5147,12.079753160476685,0.19442029572693215,CVPF,cracker_scene4,70,old
5148,12.081876993179321,0.19442029572693215,CVPF,cracker_scene4,70,old
5149,12.084066152572632,0.1945109278416802,CVPF,cracker_scene4,70,old
5150,12.086481094360352,0.19484136817116204,CVPF,cracker_scene4,70,old
5151,12.088757038116455,0.19484136817116204,CVPF,cracker_scene4,70,old
5152,12.090959072113037,0.19484136817116204,CVPF,cracker_scene4,70,old
5153,12.093420505523682,0.1948257699494358,CVPF,cracker_scene4,70,old
5154,12.09587025642395,0.194602626828831,CVPF,cracker_scene4,70,old
5155,12.098355531692505,0.194602626828831,CVPF,cracker_scene4,70,old
5156,12.100588083267212,0.194602626828831,CVPF,cracker_scene4,70,old
5157,12.10299015045166,0.1957727330304373,CVPF,cracker_scene4,70,old
5158,12.105573415756226,0.1957727330304373,CVPF,cracker_scene4,70,old
5159,12.107721090316772,0.1957727330304373,CVPF,cracker_scene4,70,old
5160,12.110074758529663,0.19433256761466233,CVPF,cracker_scene4,70,old
5161,12.11253833770752,0.19434534449877744,CVPF,cracker_scene4,70,old
5162,12.114880084991455,0.19434534449877744,CVPF,cracker_scene4,70,old
5163,12.117087841033936,0.19434534449877744,CVPF,cracker_scene4,70,old
5164,12.119669198989868,0.19501214324893032,CVPF,cracker_scene4,70,old
5165,12.1220543384552,0.19501214324893032,CVPF,cracker_scene4,70,old
5166,12.124369621276855,0.19501214324893032,CVPF,cracker_scene4,70,old
5167,12.126850605010986,0.1968127022061569,CVPF,cracker_scene4,70,old
5168,12.130242109298706,0.18835870436264024,CVPF,cracker_scene4,70,old
5169,12.132535219192505,0.18835870436264024,CVPF,cracker_scene4,70,old
5170,12.13480520248413,0.18648584852334693,CVPF,cracker_scene4,70,old
5171,12.137235879898071,0.18648584852334693,CVPF,cracker_scene4,70,old
5172,12.139886140823364,0.18648584852334693,CVPF,cracker_scene4,70,old
5173,12.14200210571289,0.18648584852334693,CVPF,cracker_scene4,70,old
5174,12.144395589828491,0.18642994773414667,CVPF,cracker_scene4,70,old
5175,12.146763324737549,0.18642994773414667,CVPF,cracker_scene4,70,old
5176,12.148875713348389,0.18642994773414667,CVPF,cracker_scene4,70,old
5177,12.15102243423462,0.18636333238785596,CVPF,cracker_scene4,70,old
5178,12.153223752975464,0.1864526284039707,CVPF,cracker_scene4,70,old
5179,12.155335187911987,0.1864526284039707,CVPF,cracker_scene4,70,old
5180,12.157427787780762,0.1864526284039707,CVPF,cracker_scene4,70,old
5181,12.159609079360962,0.1864526284039707,CVPF,cracker_scene4,70,old
5182,12.161935329437256,0.1864526284039707,CVPF,cracker_scene4,70,old
5183,12.164045333862305,0.1864526284039707,CVPF,cracker_scene4,70,old
5184,12.166167497634888,0.1864526284039707,CVPF,cracker_scene4,70,old
5185,12.168472051620483,0.18565229629084534,CVPF,cracker_scene4,70,old
5186,12.170824527740479,0.18565229629084534,CVPF,cracker_scene4,70,old
5187,12.173182487487793,0.18561702128790536,CVPF,cracker_scene4,70,old
5188,12.17547607421875,0.1855810364329873,CVPF,cracker_scene4,70,old
5189,12.17784595489502,0.1855810364329873,CVPF,cracker_scene4,70,old
5190,12.18023419380188,0.18560303357182573,CVPF,cracker_scene4,70,old
5191,12.182338237762451,0.18560303357182573,CVPF,cracker_scene4,70,old
5192,12.18468427658081,0.18551592320272903,CVPF,cracker_scene4,70,old
5193,12.187064170837402,0.18551592320272903,CVPF,cracker_scene4,70,old
5194,12.189422130584717,0.18551592320272903,CVPF,cracker_scene4,70,old
5195,12.191688060760498,0.18745133529815572,CVPF,cracker_scene4,70,old
5196,12.19380497932434,0.18745133529815572,CVPF,cracker_scene4,70,old
5197,12.196156978607178,0.18745133529815572,CVPF,cracker_scene4,70,old
5198,12.198667049407959,0.18745133529815572,CVPF,cracker_scene4,70,old
5199,12.200839757919312,0.18745133529815572,CVPF,cracker_scene4,70,old
5200,12.20296597480774,0.18745133529815572,CVPF,cracker_scene4,70,old
5201,12.205390691757202,0.18733745358341203,CVPF,cracker_scene4,70,old
5202,12.207976579666138,0.18541563418452256,CVPF,cracker_scene4,70,old
5203,12.210081100463867,0.18541563418452256,CVPF,cracker_scene4,70,old
5204,12.212347984313965,0.18541563418452256,CVPF,cracker_scene4,70,old
5205,12.214700698852539,0.18541563418452256,CVPF,cracker_scene4,70,old
5206,12.21705961227417,0.1855654450881179,CVPF,cracker_scene4,70,old
5207,12.2194185256958,0.1855654450881179,CVPF,cracker_scene4,70,old
5208,12.221798181533813,0.1855654450881179,CVPF,cracker_scene4,70,old
5209,12.224172353744507,0.1855654450881179,CVPF,cracker_scene4,70,old
5210,12.226489782333374,0.18702396942992738,CVPF,cracker_scene4,70,old
5211,12.228739738464355,0.18702396942992738,CVPF,cracker_scene4,70,old
5212,12.23103952407837,0.18702396942992738,CVPF,cracker_scene4,70,old
5213,12.233396530151367,0.18702396942992738,CVPF,cracker_scene4,70,old
5214,12.235641479492188,0.18702396942992738,CVPF,cracker_scene4,70,old
5215,12.238134860992432,0.18524644731685846,CVPF,cracker_scene4,70,old
5216,12.240636110305786,0.18529143391664515,CVPF,cracker_scene4,70,old
5217,12.243128299713135,0.18529143391664515,CVPF,cracker_scene4,70,old
5218,12.24544906616211,0.18529143391664515,CVPF,cracker_scene4,70,old
5219,12.24776291847229,0.18529143391664515,CVPF,cracker_scene4,70,old
5220,12.250163555145264,0.18530546932418002,CVPF,cracker_scene4,70,old
5221,12.25265645980835,0.18530546932418002,CVPF,cracker_scene4,70,old
5222,12.254992008209229,0.18530546932418002,CVPF,cracker_scene4,70,old
5223,12.25745701789856,0.18530546932418002,CVPF,cracker_scene4,70,old
5224,12.25983214378357,0.1864307332774473,CVPF,cracker_scene4,70,old
5225,12.261960506439209,0.1864307332774473,CVPF,cracker_scene4,70,old
5226,12.264362335205078,0.1864307332774473,CVPF,cracker_scene4,70,old
5227,12.26678466796875,0.1864307332774473,CVPF,cracker_scene4,70,old
5228,12.268876791000366,0.1864307332774473,CVPF,cracker_scene4,70,old
5229,12.27109408378601,0.1864307332774473,CVPF,cracker_scene4,70,old
5230,12.27346420288086,0.18518562414326123,CVPF,cracker_scene4,70,old
5231,12.275896787643433,0.18518562414326123,CVPF,cracker_scene4,70,old
5232,12.278168201446533,0.18518562414326123,CVPF,cracker_scene4,70,old
5233,12.280554294586182,0.18707940155873626,CVPF,cracker_scene4,70,old
5234,12.282745838165283,0.18707940155873626,CVPF,cracker_scene4,70,old
5235,12.284965515136719,0.18707940155873626,CVPF,cracker_scene4,70,old
5236,12.287494897842407,0.18707940155873626,CVPF,cracker_scene4,70,old
5237,12.290846824645996,0.19650016288834937,CVPF,cracker_scene4,70,old
5238,12.293378353118896,0.19455054084171852,CVPF,cracker_scene4,70,old
5239,12.295891523361206,0.19617166149662868,CVPF,cracker_scene4,70,old
5240,12.298277616500854,0.19617166149662868,CVPF,cracker_scene4,70,old
5241,12.300719976425171,0.19626980680896633,CVPF,cracker_scene4,70,old
5242,12.303062200546265,0.19626980680896633,CVPF,cracker_scene4,70,old
5243,12.30536150932312,0.19471657184083213,CVPF,cracker_scene4,70,old
5244,12.307651281356812,0.19471657184083213,CVPF,cracker_scene4,70,old
5245,12.31010890007019,0.19450144453620233,CVPF,cracker_scene4,70,old
5246,12.31243109703064,0.19449052257231614,CVPF,cracker_scene4,70,old
5247,12.31473159790039,0.1950065303106161,CVPF,cracker_scene4,70,old
5248,12.317035913467407,0.1950065303106161,CVPF,cracker_scene4,70,old
5249,12.319431066513062,0.1948562519865069,CVPF,cracker_scene4,70,old
5250,12.321668863296509,0.1948562519865069,CVPF,cracker_scene4,70,old
5251,12.324016571044922,0.1948562519865069,CVPF,cracker_scene4,70,old
5252,12.326351165771484,0.19677174235193906,CVPF,cracker_scene4,70,old
5253,12.328758716583252,0.19677174235193906,CVPF,cracker_scene4,70,old
5254,12.331092596054077,0.1967911107519349,CVPF,cracker_scene4,70,old
5255,12.33333444595337,0.1967911107519349,CVPF,cracker_scene4,70,old
5256,12.335716724395752,0.19645056895944446,CVPF,cracker_scene4,70,old
5257,12.338422298431396,0.19645056895944446,CVPF,cracker_scene4,70,old
5258,12.340612411499023,0.19645056895944446,CVPF,cracker_scene4,70,old
5259,12.342961311340332,0.19658811844199864,CVPF,cracker_scene4,70,old
5260,12.345349550247192,0.19658811844199864,CVPF,cracker_scene4,70,old
5261,12.347527027130127,0.19658811844199864,CVPF,cracker_scene4,70,old
5262,12.349647760391235,0.19658811844199864,CVPF,cracker_scene4,70,old
5263,12.352033138275146,0.19405224168216684,CVPF,cracker_scene4,70,old
5264,12.354406595230103,0.19405224168216684,CVPF,cracker_scene4,70,old
5265,12.356565237045288,0.19405224168216684,CVPF,cracker_scene4,70,old
5266,12.358726263046265,0.19405224168216684,CVPF,cracker_scene4,70,old
5267,12.361093759536743,0.19369232471548425,CVPF,cracker_scene4,70,old
5268,12.363412857055664,0.19369232471548425,CVPF,cracker_scene4,70,old
5269,12.365501880645752,0.19369232471548425,CVPF,cracker_scene4,70,old
5270,12.367763042449951,0.19374117183579198,CVPF,cracker_scene4,70,old
5271,12.370202541351318,0.1939089035627548,CVPF,cracker_scene4,70,old
5272,12.372705698013306,0.1939089035627548,CVPF,cracker_scene4,70,old
5273,12.374808549880981,0.1939089035627548,CVPF,cracker_scene4,70,old
5274,12.377403974533081,0.19380179180533919,CVPF,cracker_scene4,70,old
5275,12.3797447681427,0.19380179180533919,CVPF,cracker_scene4,70,old
5276,12.381897449493408,0.19380179180533919,CVPF,cracker_scene4,70,old
5277,12.384057521820068,0.19389963311987302,CVPF,cracker_scene4,70,old
5278,12.386370658874512,0.19380526422428979,CVPF,cracker_scene4,70,old
5279,12.388766527175903,0.19380526422428979,CVPF,cracker_scene4,70,old
5280,12.391082286834717,0.19380526422428979,CVPF,cracker_scene4,70,old
5281,12.393356800079346,0.19380280055370402,CVPF,cracker_scene4,70,old
5282,12.395777225494385,0.19380280055370402,CVPF,cracker_scene4,70,old
5283,12.398019790649414,0.19380280055370402,CVPF,cracker_scene4,70,old
5284,12.400182008743286,0.19380280055370402,CVPF,cracker_scene4,70,old
5285,12.40265941619873,0.1938586843615182,CVPF,cracker_scene4,70,old
5286,12.405202865600586,0.1938586843615182,CVPF,cracker_scene4,70,old
5287,12.407398700714111,0.1938586843615182,CVPF,cracker_scene4,70,old
5288,12.409700632095337,0.19383869831458167,CVPF,cracker_scene4,70,old
5289,12.412201404571533,0.19398921980553308,CVPF,cracker_scene4,70,old
5290,12.414576292037964,0.19398921980553308,CVPF,cracker_scene4,70,old
5291,12.416948556900024,0.19398921980553308,CVPF,cracker_scene4,70,old
5292,12.419407844543457,0.19376341303218592,CVPF,cracker_scene4,70,old
5293,12.421744346618652,0.19376341303218592,CVPF,cracker_scene4,70,old
5294,12.424059391021729,0.19376341303218592,CVPF,cracker_scene4,70,old
5295,12.4263277053833,0.19362347038203342,CVPF,cracker_scene4,70,old
5296,12.429563522338867,0.19366098923365804,CVPF,cracker_scene4,70,old
5297,12.432864427566528,0.19366098923365804,CVPF,cracker_scene4,70,old
5298,12.436383485794067,0.19546980327495334,CVPF,cracker_scene4,70,old
5299,12.43982458114624,0.19546980327495334,CVPF,cracker_scene4,70,old
5300,12.443000793457031,0.19336667547018926,CVPF,cracker_scene4,70,old
5301,12.445476293563843,0.19336667547018926,CVPF,cracker_scene4,70,old
5302,12.447937488555908,0.19336667547018926,CVPF,cracker_scene4,70,old
5303,12.450136423110962,0.19336667547018926,CVPF,cracker_scene4,70,old
5304,12.45272707939148,0.19382882484275754,CVPF,cracker_scene4,70,old
5305,12.45609164237976,0.19382882484275754,CVPF,cracker_scene4,70,old
5306,12.458297491073608,0.20080295008699411,CVPF,cracker_scene4,70,old
5307,12.46057915687561,0.20080295008699411,CVPF,cracker_scene4,70,old
5308,12.463127374649048,0.2005427541747497,CVPF,cracker_scene4,70,old
5309,12.465383529663086,0.2005427541747497,CVPF,cracker_scene4,70,old
5310,12.467684984207153,0.20100657778979544,CVPF,cracker_scene4,70,old
5311,12.470085620880127,0.20100657778979544,CVPF,cracker_scene4,70,old
5312,12.472333669662476,0.20100657778979544,CVPF,cracker_scene4,70,old
5313,12.474467039108276,0.20100657778979544,CVPF,cracker_scene4,70,old
5314,12.47679090499878,0.20063793475817507,CVPF,cracker_scene4,70,old
5315,12.479239463806152,0.20063793475817507,CVPF,cracker_scene4,70,old
5316,12.481346607208252,0.20063793475817507,CVPF,cracker_scene4,70,old
5317,12.483473300933838,0.20063793475817507,CVPF,cracker_scene4,70,old
5318,12.485913038253784,0.20050302686592233,CVPF,cracker_scene4,70,old
5319,12.488313913345337,0.20050302686592233,CVPF,cracker_scene4,70,old
5320,12.490485668182373,0.20050302686592233,CVPF,cracker_scene4,70,old
5321,12.492684364318848,0.20025048122371006,CVPF,cracker_scene4,70,old
5322,12.495180368423462,0.20024791753963983,CVPF,cracker_scene4,70,old
5323,12.497735261917114,0.20024791753963983,CVPF,cracker_scene4,70,old
5324,12.499915838241577,0.20024791753963983,CVPF,cracker_scene4,70,old
5325,12.502206563949585,0.20181015150158396,CVPF,cracker_scene4,70,old
5326,12.504672288894653,0.20181015150158396,CVPF,cracker_scene4,70,old
5327,12.506866216659546,0.20181015150158396,CVPF,cracker_scene4,70,old
5328,12.509180307388306,0.19981812258918735,CVPF,cracker_scene4,70,old
5329,12.511721134185791,0.1996339738670446,CVPF,cracker_scene4,70,old
5330,12.513951539993286,0.1996339738670446,CVPF,cracker_scene4,70,old
5331,12.516090393066406,0.1996339738670446,CVPF,cracker_scene4,70,old
5332,12.51844048500061,0.19917946104463494,CVPF,cracker_scene4,70,old
5333,12.520867109298706,0.19911781322462388,CVPF,cracker_scene4,70,old
5334,12.523255586624146,0.19911781322462388,CVPF,cracker_scene4,70,old
5335,12.525393962860107,0.19911781322462388,CVPF,cracker_scene4,70,old
5336,12.528041362762451,0.20127070677753908,CVPF,cracker_scene4,70,old
5337,12.530555963516235,0.20127070677753908,CVPF,cracker_scene4,70,old
5338,12.532669305801392,0.20127070677753908,CVPF,cracker_scene4,70,old
5339,12.53501582145691,0.19931527671937188,CVPF,cracker_scene4,70,old
5340,12.537465572357178,0.19909553831225157,CVPF,cracker_scene4,70,old
5341,12.53975772857666,0.19909553831225157,CVPF,cracker_scene4,70,old
5342,12.54213285446167,0.19909553831225157,CVPF,cracker_scene4,70,old
5343,12.544435262680054,0.20040444278657624,CVPF,cracker_scene4,70,old
5344,12.546870231628418,0.20040444278657624,CVPF,cracker_scene4,70,old
5345,12.549184560775757,0.20040444278657624,CVPF,cracker_scene4,70,old
5346,12.551400661468506,0.19939936361600447,CVPF,cracker_scene4,70,old
5347,12.553598165512085,0.19939936361600447,CVPF,cracker_scene4,70,old
5348,12.555705070495605,0.19939936361600447,CVPF,cracker_scene4,70,old
5349,12.557883977890015,0.19939936361600447,CVPF,cracker_scene4,70,old
5350,12.5601327419281,0.19939936361600447,CVPF,cracker_scene4,70,old
5351,12.562453746795654,0.19939936361600447,CVPF,cracker_scene4,70,old
5352,12.564691543579102,0.19934418692535613,CVPF,cracker_scene4,70,old
5353,12.566944122314453,0.19934418692535613,CVPF,cracker_scene4,70,old
5354,12.569431781768799,0.19934418692535613,CVPF,cracker_scene4,70,old
5355,12.57203197479248,0.19934418692535613,CVPF,cracker_scene4,70,old
5356,12.57427191734314,0.19927013880869773,CVPF,cracker_scene4,70,old
5357,12.576467752456665,0.19927013880869773,CVPF,cracker_scene4,70,old
5358,12.578712463378906,0.19927013880869773,CVPF,cracker_scene4,70,old
5359,12.580968856811523,0.19927013880869773,CVPF,cracker_scene4,70,old
5360,12.583157300949097,0.19927013880869773,CVPF,cracker_scene4,70,old
5361,12.585281133651733,0.19927013880869773,CVPF,cracker_scene4,70,old
5362,12.587400913238525,0.19927013880869773,CVPF,cracker_scene4,70,old
5363,12.589801549911499,0.19918903911643498,CVPF,cracker_scene4,70,old
5364,12.591923236846924,0.19918903911643498,CVPF,cracker_scene4,70,old
5365,12.594285726547241,0.19918903911643498,CVPF,cracker_scene4,70,old
5366,12.596538782119751,0.19918903911643498,CVPF,cracker_scene4,70,old
5367,12.59870171546936,0.19918903911643498,CVPF,cracker_scene4,70,old
5368,12.601808309555054,0.20676993120109763,CVPF,cracker_scene4,70,old
5369,12.604097127914429,0.20676993120109763,CVPF,cracker_scene4,70,old
5370,12.606356382369995,0.20676993120109763,CVPF,cracker_scene4,70,old
5371,12.608697891235352,0.20676993120109763,CVPF,cracker_scene4,70,old
5372,12.610798835754395,0.20676993120109763,CVPF,cracker_scene4,70,old
5373,12.612913608551025,0.20676993120109763,CVPF,cracker_scene4,70,old
5374,12.615136623382568,0.20497208008756965,CVPF,cracker_scene4,70,old
5375,12.61740756034851,0.20497208008756965,CVPF,cracker_scene4,70,old
5376,12.619669675827026,0.20497208008756965,CVPF,cracker_scene4,70,old
5377,12.621794700622559,0.20497208008756965,CVPF,cracker_scene4,70,old
5378,12.623970746994019,0.20688382333489594,CVPF,cracker_scene4,70,old
5379,12.626236915588379,0.20688382333489594,CVPF,cracker_scene4,70,old
5380,12.62852668762207,0.20688382333489594,CVPF,cracker_scene4,70,old
5381,12.630985975265503,0.20455119743555805,CVPF,cracker_scene4,70,old
5382,12.633195400238037,0.20455119743555805,CVPF,cracker_scene4,70,old
5383,12.63535761833191,0.20455119743555805,CVPF,cracker_scene4,70,old
5384,12.637666702270508,0.20455119743555805,CVPF,cracker_scene4,70,old
5385,12.64004111289978,0.20551142336376438,CVPF,cracker_scene4,70,old
5386,12.642152547836304,0.20551142336376438,CVPF,cracker_scene4,70,old
5387,12.644529581069946,0.20551142336376438,CVPF,cracker_scene4,70,old
5388,12.646750450134277,0.20551142336376438,CVPF,cracker_scene4,70,old
5389,12.648959636688232,0.20551142336376438,CVPF,cracker_scene4,70,old
5390,12.651309490203857,0.20702458718438388,CVPF,cracker_scene4,70,old
5391,12.653648853302002,0.2068634977212014,CVPF,cracker_scene4,70,old
5392,12.655904054641724,0.2068634977212014,CVPF,cracker_scene4,70,old
5393,12.658130407333374,0.2068634977212014,CVPF,cracker_scene4,70,old
5394,12.660446166992188,0.20503220650098905,CVPF,cracker_scene4,70,old
5395,12.662583827972412,0.20503220650098905,CVPF,cracker_scene4,70,old
5396,12.664963245391846,0.20503220650098905,CVPF,cracker_scene4,70,old
5397,12.667229413986206,0.20503220650098905,CVPF,cracker_scene4,70,old
5398,12.669389963150024,0.20503220650098905,CVPF,cracker_scene4,70,old
5399,12.671819925308228,0.2069209196361246,CVPF,cracker_scene4,70,old
5400,12.674026727676392,0.2069209196361246,CVPF,cracker_scene4,70,old
5401,12.676203727722168,0.2069209196361246,CVPF,cracker_scene4,70,old
5402,12.678492307662964,0.2069209196361246,CVPF,cracker_scene4,70,old
5403,12.680725336074829,0.2069209196361246,CVPF,cracker_scene4,70,old
5404,12.68291187286377,0.2069209196361246,CVPF,cracker_scene4,70,old
5405,12.685001134872437,0.2069209196361246,CVPF,cracker_scene4,70,old
5406,12.687203884124756,0.2047974091571181,CVPF,cracker_scene4,70,old
5407,12.689801216125488,0.2047974091571181,CVPF,cracker_scene4,70,old
5408,12.692241430282593,0.20485752671186236,CVPF,cracker_scene4,70,old
5409,12.694613933563232,0.20406685889778622,CVPF,cracker_scene4,70,old
5410,12.696969747543335,0.20452126108595572,CVPF,cracker_scene4,70,old
5411,12.699352741241455,0.20452126108595572,CVPF,cracker_scene4,70,old
5412,12.701883554458618,0.2036325036860933,CVPF,cracker_scene4,70,old
5413,12.704365730285645,0.2036325036860933,CVPF,cracker_scene4,70,old
5414,12.706746816635132,0.2035380262262023,CVPF,cracker_scene4,70,old
5415,12.70918083190918,0.2035380262262023,CVPF,cracker_scene4,70,old
5416,12.711524248123169,0.2035025452403928,CVPF,cracker_scene4,70,old
5417,12.71385669708252,0.2035025452403928,CVPF,cracker_scene4,70,old
5418,12.716368198394775,0.2034191694807304,CVPF,cracker_scene4,70,old
5419,12.718726396560669,0.20336048711787583,CVPF,cracker_scene4,70,old
5420,12.721121311187744,0.20318991534573735,CVPF,cracker_scene4,70,old
5421,12.723631858825684,0.20318991534573735,CVPF,cracker_scene4,70,old
5422,12.725997924804688,0.20334168411972653,CVPF,cracker_scene4,70,old
5423,12.72838020324707,0.20334168411972653,CVPF,cracker_scene4,70,old
5424,12.73084831237793,0.20290070817879732,CVPF,cracker_scene4,70,old
5425,12.733132600784302,0.20290070817879732,CVPF,cracker_scene4,70,old
5426,12.735753297805786,0.20284378889669863,CVPF,cracker_scene4,70,old
5427,12.738159656524658,0.20284378889669863,CVPF,cracker_scene4,70,old
5428,12.740689039230347,0.20284378889669863,CVPF,cracker_scene4,70,old
5429,12.742945671081543,0.20272230036007946,CVPF,cracker_scene4,70,old
5430,12.745130777359009,0.20272230036007946,CVPF,cracker_scene4,70,old
5431,12.74739670753479,0.20272230036007946,CVPF,cracker_scene4,70,old
5432,12.749735116958618,0.20272230036007946,CVPF,cracker_scene4,70,old
5433,12.7527916431427,0.20247404387577783,CVPF,cracker_scene4,70,old
5434,12.755497217178345,0.20247404387577783,CVPF,cracker_scene4,70,old
5435,12.757709741592407,0.20247404387577783,CVPF,cracker_scene4,70,old
5436,12.759992361068726,0.2024471914873929,CVPF,cracker_scene4,70,old
5437,12.76331114768982,0.21052393274001532,CVPF,cracker_scene4,70,old
5438,12.765496492385864,0.21052393274001532,CVPF,cracker_scene4,70,old
5439,12.767675638198853,0.21042426230163463,CVPF,cracker_scene4,70,old
5440,12.770049571990967,0.2104348767468481,CVPF,cracker_scene4,70,old
5441,12.772407293319702,0.2104348767468481,CVPF,cracker_scene4,70,old
5442,12.774528980255127,0.2104348767468481,CVPF,cracker_scene4,70,old
5443,12.776784181594849,0.2102571192674131,CVPF,cracker_scene4,70,old
5444,12.779094457626343,0.2102571192674131,CVPF,cracker_scene4,70,old
5445,12.781344890594482,0.2102571192674131,CVPF,cracker_scene4,70,old
5446,12.783527851104736,0.2102571192674131,CVPF,cracker_scene4,70,old
5447,12.785769939422607,0.2098648303656672,CVPF,cracker_scene4,70,old
5448,12.78806209564209,0.2098648303656672,CVPF,cracker_scene4,70,old
5449,12.790276765823364,0.2098648303656672,CVPF,cracker_scene4,70,old
5450,12.792423725128174,0.20999350890246354,CVPF,cracker_scene4,70,old
5451,12.794714212417603,0.21002677806051395,CVPF,cracker_scene4,70,old
5452,12.796945571899414,0.21002677806051395,CVPF,cracker_scene4,70,old
5453,12.799316883087158,0.21002677806051395,CVPF,cracker_scene4,70,old
5454,12.801557540893555,0.21068762674719294,CVPF,cracker_scene4,70,old
5455,12.803905725479126,0.21068762674719294,CVPF,cracker_scene4,70,old
5456,12.806299448013306,0.21068762674719294,CVPF,cracker_scene4,70,old
5457,12.80843210220337,0.21068762674719294,CVPF,cracker_scene4,70,old
5458,12.810774564743042,0.21039594621011004,CVPF,cracker_scene4,70,old
5459,12.813060998916626,0.21039594621011004,CVPF,cracker_scene4,70,old
5460,12.815266132354736,0.21039594621011004,CVPF,cracker_scene4,70,old
5461,12.81740140914917,0.21039594621011004,CVPF,cracker_scene4,70,old
5462,12.81979775428772,0.21280863418463905,CVPF,cracker_scene4,70,old
5463,12.822176694869995,0.21280863418463905,CVPF,cracker_scene4,70,old
5464,12.824336290359497,0.21280863418463905,CVPF,cracker_scene4,70,old
5465,12.826627254486084,0.21107563229296622,CVPF,cracker_scene4,70,old
5466,12.828837156295776,0.21107563229296622,CVPF,cracker_scene4,70,old
5467,12.831129312515259,0.21107563229296622,CVPF,cracker_scene4,70,old
5468,12.833251714706421,0.21107563229296622,CVPF,cracker_scene4,70,old
5469,12.835510730743408,0.21086615236908193,CVPF,cracker_scene4,70,old
5470,12.837931394577026,0.21086615236908193,CVPF,cracker_scene4,70,old
5471,12.840174674987793,0.21086615236908193,CVPF,cracker_scene4,70,old
5472,12.842276573181152,0.21086615236908193,CVPF,cracker_scene4,70,old
5473,12.84472131729126,0.21272947290643646,CVPF,cracker_scene4,70,old
5474,12.847054958343506,0.21272947290643646,CVPF,cracker_scene4,70,old
5475,12.849354267120361,0.21272947290643646,CVPF,cracker_scene4,70,old
5476,12.851544857025146,0.21069946842852277,CVPF,cracker_scene4,70,old
5477,12.854081153869629,0.21069946842852277,CVPF,cracker_scene4,70,old
5478,12.856409072875977,0.21069946842852277,CVPF,cracker_scene4,70,old
5479,12.85865044593811,0.21069946842852277,CVPF,cracker_scene4,70,old
5480,12.861116647720337,0.2099335814026675,CVPF,cracker_scene4,70,old
5481,12.863399267196655,0.2099335814026675,CVPF,cracker_scene4,70,old
5482,12.865584373474121,0.2099335814026675,CVPF,cracker_scene4,70,old
5483,12.8677659034729,0.2099335814026675,CVPF,cracker_scene4,70,old
5484,12.870192766189575,0.212002884913911,CVPF,cracker_scene4,70,old
5485,12.87253212928772,0.212002884913911,CVPF,cracker_scene4,70,old
5486,12.874685049057007,0.212002884913911,CVPF,cracker_scene4,70,old
5487,12.87708330154419,0.20983132863093848,CVPF,cracker_scene4,70,old
5488,12.879419326782227,0.20983132863093848,CVPF,cracker_scene4,70,old
5489,12.881676197052002,0.20983132863093848,CVPF,cracker_scene4,70,old
5490,12.883822202682495,0.20983132863093848,CVPF,cracker_scene4,70,old
5491,12.886266231536865,0.20926572101571703,CVPF,cracker_scene4,70,old
5492,12.888543605804443,0.20926572101571703,CVPF,cracker_scene4,70,old
5493,12.890746355056763,0.20926572101571703,CVPF,cracker_scene4,70,old
5494,12.892943859100342,0.2091633795594897,CVPF,cracker_scene4,70,old
5495,12.895353317260742,0.20929164232927863,CVPF,cracker_scene4,70,old
5496,12.89775562286377,0.20929164232927863,CVPF,cracker_scene4,70,old
5497,12.900033235549927,0.20929164232927863,CVPF,cracker_scene4,70,old
5498,12.902453899383545,0.21060717917150948,CVPF,cracker_scene4,70,old
5499,12.905002117156982,0.21060717917150948,CVPF,cracker_scene4,70,old
5500,12.907333374023438,0.21060717917150948,CVPF,cracker_scene4,70,old
5501,12.909717559814453,0.2091368902539062,CVPF,cracker_scene4,70,old
5502,12.912199974060059,0.20911558751396123,CVPF,cracker_scene4,70,old
5503,12.914525985717773,0.20911558751396123,CVPF,cracker_scene4,70,old
5504,12.916724681854248,0.20911558751396123,CVPF,cracker_scene4,70,old
5505,12.919123411178589,0.2086021473476126,CVPF,cracker_scene4,70,old
5506,12.921664237976074,0.2086021473476126,CVPF,cracker_scene4,70,old
5507,12.923887968063354,0.2086021473476126,CVPF,cracker_scene4,70,old
5508,12.927215814590454,0.22431141702589483,CVPF,cracker_scene4,70,old
5509,12.92967939376831,0.22431141702589483,CVPF,cracker_scene4,70,old
5510,12.931968212127686,0.22431141702589483,CVPF,cracker_scene4,70,old
5511,12.93413496017456,0.22431141702589483,CVPF,cracker_scene4,70,old
5512,12.93665075302124,0.22418596327893775,CVPF,cracker_scene4,70,old
5513,12.939252614974976,0.22418596327893775,CVPF,cracker_scene4,70,old
5514,12.941442728042603,0.22418596327893775,CVPF,cracker_scene4,70,old
5515,12.943813562393188,0.22408675940083228,CVPF,cracker_scene4,70,old
5516,12.94617509841919,0.22408675940083228,CVPF,cracker_scene4,70,old
5517,12.948431015014648,0.22408675940083228,CVPF,cracker_scene4,70,old
5518,12.95066213607788,0.22408675940083228,CVPF,cracker_scene4,70,old
5519,12.953140020370483,0.22399075541940008,CVPF,cracker_scene4,70,old
5520,12.955546617507935,0.22399075541940008,CVPF,cracker_scene4,70,old
5521,12.957671403884888,0.22399075541940008,CVPF,cracker_scene4,70,old
5522,12.960013389587402,0.22362649512740015,CVPF,cracker_scene4,70,old
5523,12.962320566177368,0.22362649512740015,CVPF,cracker_scene4,70,old
5524,12.964619636535645,0.22362649512740015,CVPF,cracker_scene4,70,old
5525,12.966742992401123,0.22362649512740015,CVPF,cracker_scene4,70,old
5526,12.96912431716919,0.2233945865525905,CVPF,cracker_scene4,70,old
5527,12.971637487411499,0.2233945865525905,CVPF,cracker_scene4,70,old
5528,12.974119901657104,0.2233945865525905,CVPF,cracker_scene4,70,old
5529,12.97638201713562,0.22380886832744612,CVPF,cracker_scene4,70,old
5530,12.978770971298218,0.2237637413605176,CVPF,cracker_scene4,70,old
5531,12.98111891746521,0.2237637413605176,CVPF,cracker_scene4,70,old
5532,12.983411073684692,0.2237637413605176,CVPF,cracker_scene4,70,old
5533,12.985775232315063,0.2235106694740151,CVPF,cracker_scene4,70,old
5534,12.988247871398926,0.2235106694740151,CVPF,cracker_scene4,70,old
5535,12.990775108337402,0.2235106694740151,CVPF,cracker_scene4,70,old
5536,12.993206977844238,0.22351036944562594,CVPF,cracker_scene4,70,old
5537,12.99557113647461,0.22351036944562594,CVPF,cracker_scene4,70,old
5538,12.998034477233887,0.22351036944562594,CVPF,cracker_scene4,70,old
5539,13.000309467315674,0.22351036944562594,CVPF,cracker_scene4,70,old
5540,13.002657413482666,0.2234705187098379,CVPF,cracker_scene4,70,old
5541,13.005118608474731,0.2234705187098379,CVPF,cracker_scene4,70,old
5542,13.007235288619995,0.2234705187098379,CVPF,cracker_scene4,70,old
5543,13.009512662887573,0.2234705187098379,CVPF,cracker_scene4,70,old
5544,13.012264728546143,0.22351805019419158,CVPF,cracker_scene4,70,old
5545,13.014402389526367,0.22351805019419158,CVPF,cracker_scene4,70,old
5546,13.016504049301147,0.22351805019419158,CVPF,cracker_scene4,70,old
5547,13.018908977508545,0.22323227760564418,CVPF,cracker_scene4,70,old
5548,13.021321773529053,0.22323227760564418,CVPF,cracker_scene4,70,old
5549,13.02351689338684,0.22323227760564418,CVPF,cracker_scene4,70,old
5550,13.025674819946289,0.22314239096198507,CVPF,cracker_scene4,70,old
5551,13.02810001373291,0.22295478646500752,CVPF,cracker_scene4,70,old
5552,13.030543565750122,0.22295478646500752,CVPF,cracker_scene4,70,old
5553,13.032670497894287,0.22295478646500752,CVPF,cracker_scene4,70,old
5554,13.035035371780396,0.22284420171268796,CVPF,cracker_scene4,70,old
5555,13.037483215332031,0.22284420171268796,CVPF,cracker_scene4,70,old
5556,13.039774894714355,0.22284420171268796,CVPF,cracker_scene4,70,old
5557,13.043034076690674,0.2225942854138887,CVPF,cracker_scene4,70,old
5558,13.046613693237305,0.2225942854138887,CVPF,cracker_scene4,70,old
5559,13.049962043762207,0.2225942854138887,CVPF,cracker_scene4,70,old
5560,13.053545236587524,0.2226592807948557,CVPF,cracker_scene4,70,old
5561,13.057169198989868,0.2226592807948557,CVPF,cracker_scene4,70,old
5562,13.060649156570435,0.22234076671622333,CVPF,cracker_scene4,70,old
5563,13.064149379730225,0.22234076671622333,CVPF,cracker_scene4,70,old
5564,13.067479372024536,0.22234076671622333,CVPF,cracker_scene4,70,old
5565,13.071194648742676,0.22232326114917894,CVPF,cracker_scene4,70,old
5566,13.074491024017334,0.22232326114917894,CVPF,cracker_scene4,70,old
5567,13.076952934265137,0.22201135326557195,CVPF,cracker_scene4,70,old
5568,13.079401969909668,0.22201135326557195,CVPF,cracker_scene4,70,old
5569,13.08189344406128,0.22201135326557195,CVPF,cracker_scene4,70,old
5570,13.084059715270996,0.22201135326557195,CVPF,cracker_scene4,70,old
5571,13.086499691009521,0.22170346411498115,CVPF,cracker_scene4,70,old
5572,13.088830709457397,0.22170346411498115,CVPF,cracker_scene4,70,old
5573,13.091202974319458,0.22170346411498115,CVPF,cracker_scene4,70,old
5574,13.093632221221924,0.22166877986553882,CVPF,cracker_scene4,70,old
5575,13.096100807189941,0.22166877986553882,CVPF,cracker_scene4,70,old
5576,13.099150896072388,0.23157684129757244,CVPF,cracker_scene4,70,old
5577,13.10140585899353,0.2316183786008051,CVPF,cracker_scene4,70,old
5578,13.10378098487854,0.23152272462072315,CVPF,cracker_scene4,70,old
5579,13.106051921844482,0.23152272462072315,CVPF,cracker_scene4,70,old
5580,13.108188152313232,0.23152272462072315,CVPF,cracker_scene4,70,old
5581,13.110492706298828,0.23189666611025728,CVPF,cracker_scene4,70,old
5582,13.11281704902649,0.23189666611025728,CVPF,cracker_scene4,70,old
5583,13.114965677261353,0.23189666611025728,CVPF,cracker_scene4,70,old
5584,13.11708688735962,0.23189666611025728,CVPF,cracker_scene4,70,old
5585,13.119398593902588,0.2318580843848303,CVPF,cracker_scene4,70,old
5586,13.121632814407349,0.2318580843848303,CVPF,cracker_scene4,70,old
5587,13.123951435089111,0.2318580843848303,CVPF,cracker_scene4,70,old
5588,13.126185894012451,0.23173452033514916,CVPF,cracker_scene4,70,old
5589,13.12852168083191,0.23138963343874597,CVPF,cracker_scene4,70,old
5590,13.130889415740967,0.23138963343874597,CVPF,cracker_scene4,70,old
5591,13.13309121131897,0.23138963343874597,CVPF,cracker_scene4,70,old
5592,13.135404825210571,0.23280996668932796,CVPF,cracker_scene4,70,old
5593,13.137741804122925,0.23280996668932796,CVPF,cracker_scene4,70,old
5594,13.13988471031189,0.23280996668932796,CVPF,cracker_scene4,70,old
5595,13.142077922821045,0.23280996668932796,CVPF,cracker_scene4,70,old
5596,13.144685983657837,0.23164643998859663,CVPF,cracker_scene4,70,old
5597,13.14695119857788,0.23164643998859663,CVPF,cracker_scene4,70,old
5598,13.149108171463013,0.23164643998859663,CVPF,cracker_scene4,70,old
5599,13.151415586471558,0.23167968792023802,CVPF,cracker_scene4,70,old
5600,13.153673648834229,0.23158979587032255,CVPF,cracker_scene4,70,old
5601,13.155917406082153,0.23158979587032255,CVPF,cracker_scene4,70,old
5602,13.1581130027771,0.23158979587032255,CVPF,cracker_scene4,70,old
5603,13.160429954528809,0.23352562412850336,CVPF,cracker_scene4,70,old
5604,13.162864446640015,0.23316429336903166,CVPF,cracker_scene4,70,old
5605,13.16509485244751,0.23316429336903166,CVPF,cracker_scene4,70,old
5606,13.167232036590576,0.23316429336903166,CVPF,cracker_scene4,70,old
5607,13.169581174850464,0.2310920717041347,CVPF,cracker_scene4,70,old
5608,13.171995162963867,0.2310920717041347,CVPF,cracker_scene4,70,old
5609,13.174170017242432,0.2310920717041347,CVPF,cracker_scene4,70,old
5610,13.176422595977783,0.2330006767960265,CVPF,cracker_scene4,70,old
5611,13.178741455078125,0.2330006767960265,CVPF,cracker_scene4,70,old
5612,13.180943727493286,0.2330006767960265,CVPF,cracker_scene4,70,old
5613,13.183074951171875,0.2330006767960265,CVPF,cracker_scene4,70,old
5614,13.185401201248169,0.23082681549739115,CVPF,cracker_scene4,70,old
5615,13.187656164169312,0.23082681549739115,CVPF,cracker_scene4,70,old
5616,13.189733028411865,0.23082681549739115,CVPF,cracker_scene4,70,old
5617,13.192054748535156,0.2307637607511718,CVPF,cracker_scene4,70,old
5618,13.194376945495605,0.23050397401233907,CVPF,cracker_scene4,70,old
5619,13.196736812591553,0.23050397401233907,CVPF,cracker_scene4,70,old
5620,13.1989107131958,0.23050397401233907,CVPF,cracker_scene4,70,old
5621,13.201254606246948,0.23055751110124376,CVPF,cracker_scene4,70,old
5622,13.203624248504639,0.23055751110124376,CVPF,cracker_scene4,70,old
5623,13.205908298492432,0.23055751110124376,CVPF,cracker_scene4,70,old
5624,13.208014249801636,0.23055751110124376,CVPF,cracker_scene4,70,old
5625,13.21031904220581,0.23023939584274258,CVPF,cracker_scene4,70,old
5626,13.212724685668945,0.23023939584274258,CVPF,cracker_scene4,70,old
5627,13.215293645858765,0.23023939584274258,CVPF,cracker_scene4,70,old
5628,13.218371391296387,0.2300033774823559,CVPF,cracker_scene4,70,old
5629,13.221539735794067,0.2300033774823559,CVPF,cracker_scene4,70,old
5630,13.224416971206665,0.2300033774823559,CVPF,cracker_scene4,70,old
5631,13.227577447891235,0.22967871541628632,CVPF,cracker_scene4,70,old
5632,13.230573177337646,0.22967871541628632,CVPF,cracker_scene4,70,old
5633,13.233564376831055,0.22967871541628632,CVPF,cracker_scene4,70,old
5634,13.236722230911255,0.229627217857428,CVPF,cracker_scene4,70,old
5635,13.239737510681152,0.229627217857428,CVPF,cracker_scene4,70,old
5636,13.243524312973022,0.22702578003783813,CVPF,cracker_scene4,70,old
5637,13.246051549911499,0.22702578003783813,CVPF,cracker_scene4,70,old
5638,13.248504877090454,0.22702578003783813,CVPF,cracker_scene4,70,old
5639,13.250672340393066,0.22702578003783813,CVPF,cracker_scene4,70,old
5640,13.253132104873657,0.2264853051074968,CVPF,cracker_scene4,70,old
5641,13.255396842956543,0.2264853051074968,CVPF,cracker_scene4,70,old
5642,13.257526636123657,0.2264853051074968,CVPF,cracker_scene4,70,old
5643,13.259796142578125,0.22629304028239575,CVPF,cracker_scene4,70,old
5644,13.26232361793518,0.22629304028239575,CVPF,cracker_scene4,70,old
5645,13.264765501022339,0.22629304028239575,CVPF,cracker_scene4,70,old
5646,13.26701021194458,0.22631741715509823,CVPF,cracker_scene4,70,old
5647,13.269388437271118,0.22601016262091733,CVPF,cracker_scene4,70,old
5648,13.271770238876343,0.22601016262091733,CVPF,cracker_scene4,70,old
5649,13.274161577224731,0.22601016262091733,CVPF,cracker_scene4,70,old
5650,13.27646780014038,0.22579026208937367,CVPF,cracker_scene4,70,old
5651,13.278896570205688,0.22579026208937367,CVPF,cracker_scene4,70,old
5652,13.281366348266602,0.22579026208937367,CVPF,cracker_scene4,70,old
5653,13.2835111618042,0.22579026208937367,CVPF,cracker_scene4,70,old
5654,13.285829782485962,0.22553173834920406,CVPF,cracker_scene4,70,old
5655,13.288214206695557,0.22553173834920406,CVPF,cracker_scene4,70,old
5656,13.290657997131348,0.22553173834920406,CVPF,cracker_scene4,70,old
5657,13.29300570487976,0.22594333087889337,CVPF,cracker_scene4,70,old
5658,13.295371294021606,0.22594333087889337,CVPF,cracker_scene4,70,old
5659,13.297881126403809,0.22594333087889337,CVPF,cracker_scene4,70,old
5660,13.300029516220093,0.22594333087889337,CVPF,cracker_scene4,70,old
5661,13.30254054069519,0.22744120304405413,CVPF,cracker_scene4,70,old
5662,13.305045127868652,0.22744120304405413,CVPF,cracker_scene4,70,old
5663,13.30717921257019,0.22744120304405413,CVPF,cracker_scene4,70,old
5664,13.309380054473877,0.22744120304405413,CVPF,cracker_scene4,70,old
5665,13.312019109725952,0.2252306784521346,CVPF,cracker_scene4,70,old
5666,13.314895153045654,0.2252306784521346,CVPF,cracker_scene4,70,old
5667,13.317106008529663,0.22708108019531256,CVPF,cracker_scene4,70,old
5668,13.319500923156738,0.22685350927638157,CVPF,cracker_scene4,70,old
5669,13.321891784667969,0.22685350927638157,CVPF,cracker_scene4,70,old
5670,13.324146747589111,0.22685350927638157,CVPF,cracker_scene4,70,old
5671,13.326457738876343,0.22698127827306427,CVPF,cracker_scene4,70,old
5672,13.328808546066284,0.22698127827306427,CVPF,cracker_scene4,70,old
5673,13.33105206489563,0.22698127827306427,CVPF,cracker_scene4,70,old
5674,13.333306312561035,0.22698127827306427,CVPF,cracker_scene4,70,old
5675,13.335664987564087,0.22685867029357443,CVPF,cracker_scene4,70,old
5676,13.338078498840332,0.22685867029357443,CVPF,cracker_scene4,70,old
5677,13.340292930603027,0.22685867029357443,CVPF,cracker_scene4,70,old
5678,13.34258508682251,0.22490682948575869,CVPF,cracker_scene4,70,old
5679,13.344880819320679,0.22472242640079512,CVPF,cracker_scene4,70,old
5680,13.346990823745728,0.22472242640079512,CVPF,cracker_scene4,70,old
5681,13.349138736724854,0.22472242640079512,CVPF,cracker_scene4,70,old
5682,13.351406574249268,0.22412651844574075,CVPF,cracker_scene4,70,old
5683,13.353614330291748,0.22412651844574075,CVPF,cracker_scene4,70,old
5684,13.355744361877441,0.22412651844574075,CVPF,cracker_scene4,70,old
5685,13.357837200164795,0.22412651844574075,CVPF,cracker_scene4,70,old
5686,13.359913349151611,0.22412651844574075,CVPF,cracker_scene4,70,old
5687,13.362257480621338,0.22408207864678995,CVPF,cracker_scene4,70,old
5688,13.364396095275879,0.22408207864678995,CVPF,cracker_scene4,70,old
5689,13.366521835327148,0.22408207864678995,CVPF,cracker_scene4,70,old
5690,13.369069814682007,0.22408207864678995,CVPF,cracker_scene4,70,old
5691,13.371567964553833,0.22406863122925416,CVPF,cracker_scene4,70,old
5692,13.373934030532837,0.22368348775938646,CVPF,cracker_scene4,70,old
5693,13.376254320144653,0.22368348775938646,CVPF,cracker_scene4,70,old
5694,13.378509044647217,0.22368348775938646,CVPF,cracker_scene4,70,old
5695,13.380762100219727,0.22368348775938646,CVPF,cracker_scene4,70,old
5696,13.38316822052002,0.2242120176203153,CVPF,cracker_scene4,70,old
5697,13.385286331176758,0.2242120176203153,CVPF,cracker_scene4,70,old
5698,13.387617111206055,0.2242120176203153,CVPF,cracker_scene4,70,old
5699,13.389878273010254,0.2242120176203153,CVPF,cracker_scene4,70,old
5700,13.392152786254883,0.2242120176203153,CVPF,cracker_scene4,70,old
5701,13.394461870193481,0.22417978928603632,CVPF,cracker_scene4,70,old
5702,13.397011280059814,0.22418883336800716,CVPF,cracker_scene4,70,old
5703,13.399344682693481,0.22418883336800716,CVPF,cracker_scene4,70,old
5704,13.401589632034302,0.22418883336800716,CVPF,cracker_scene4,70,old
5705,13.404868125915527,0.21263764060887969,CVPF,cracker_scene4,70,old
5706,13.407355546951294,0.21234339363274835,CVPF,cracker_scene4,70,old
5707,13.409565925598145,0.21234339363274835,CVPF,cracker_scene4,70,old
5708,13.411720514297485,0.21234339363274835,CVPF,cracker_scene4,70,old
5709,13.414137125015259,0.21234339363274835,CVPF,cracker_scene4,70,old
5710,13.41625714302063,0.21234339363274835,CVPF,cracker_scene4,70,old
5711,13.418421268463135,0.21234339363274835,CVPF,cracker_scene4,70,old
5712,13.420718431472778,0.2121234238197296,CVPF,cracker_scene4,70,old
5713,13.423020362854004,0.2121234238197296,CVPF,cracker_scene4,70,old
5714,13.425374031066895,0.2121234238197296,CVPF,cracker_scene4,70,old
5715,13.427609920501709,0.21207989711911335,CVPF,cracker_scene4,70,old
5716,13.429869651794434,0.21207989711911335,CVPF,cracker_scene4,70,old
5717,13.432194709777832,0.21207989711911335,CVPF,cracker_scene4,70,old
5718,13.434383869171143,0.21207989711911335,CVPF,cracker_scene4,70,old
5719,13.436705827713013,0.21207989711911335,CVPF,cracker_scene4,70,old
5720,13.439133405685425,0.2120441855177857,CVPF,cracker_scene4,70,old
5721,13.441269874572754,0.2120441855177857,CVPF,cracker_scene4,70,old
5722,13.443637609481812,0.2120441855177857,CVPF,cracker_scene4,70,old
5723,13.44591474533081,0.2120441855177857,CVPF,cracker_scene4,70,old
5724,13.448212146759033,0.2120441855177857,CVPF,cracker_scene4,70,old
5725,13.450334072113037,0.2120441855177857,CVPF,cracker_scene4,70,old
5726,13.452780723571777,0.21142942159999656,CVPF,cracker_scene4,70,old
5727,13.455182075500488,0.21142942159999656,CVPF,cracker_scene4,70,old
5728,13.457422018051147,0.21142942159999656,CVPF,cracker_scene4,70,old
5729,13.459665298461914,0.21142942159999656,CVPF,cracker_scene4,70,old
5730,13.461825609207153,0.21147932723666063,CVPF,cracker_scene4,70,old
5731,13.464225769042969,0.21094764923608444,CVPF,cracker_scene4,70,old
5732,13.466355562210083,0.21094764923608444,CVPF,cracker_scene4,70,old
5733,13.468589782714844,0.21094764923608444,CVPF,cracker_scene4,70,old
5734,13.470910549163818,0.21094764923608444,CVPF,cracker_scene4,70,old
5735,13.473202228546143,0.21094764923608444,CVPF,cracker_scene4,70,old
5736,13.475562334060669,0.21060777301404343,CVPF,cracker_scene4,70,old
5737,13.47772216796875,0.21060777301404343,CVPF,cracker_scene4,70,old
5738,13.47996735572815,0.21060777301404343,CVPF,cracker_scene4,70,old
5739,13.482196807861328,0.2104423681667349,CVPF,cracker_scene4,70,old
5740,13.484417915344238,0.21054706093022713,CVPF,cracker_scene4,70,old
5741,13.486647367477417,0.21054706093022713,CVPF,cracker_scene4,70,old
5742,13.488792419433594,0.21054706093022713,CVPF,cracker_scene4,70,old
5743,13.491048574447632,0.21054706093022713,CVPF,cracker_scene4,70,old
5744,13.493449926376343,0.21054706093022713,CVPF,cracker_scene4,70,old
5745,13.495738983154297,0.21055185878584837,CVPF,cracker_scene4,70,old
5746,13.498160123825073,0.21055185878584837,CVPF,cracker_scene4,70,old
5747,13.500438690185547,0.21072660648388997,CVPF,cracker_scene4,70,old
5748,13.502860307693481,0.21072660648388997,CVPF,cracker_scene4,70,old
5749,13.50525975227356,0.21114780712497971,CVPF,cracker_scene4,70,old
5750,13.507532835006714,0.21114780712497971,CVPF,cracker_scene4,70,old
5751,13.509892225265503,0.21087591385875282,CVPF,cracker_scene4,70,old
5752,13.512319803237915,0.2106112394559858,CVPF,cracker_scene4,70,old
5753,13.514734029769897,0.2106112394559858,CVPF,cracker_scene4,70,old
5754,13.517056703567505,0.21020888128636983,CVPF,cracker_scene4,70,old
5755,13.519386053085327,0.21020888128636983,CVPF,cracker_scene4,70,old
5756,13.52168345451355,0.20991058719034061,CVPF,cracker_scene4,70,old
5757,13.524138689041138,0.20991058719034061,CVPF,cracker_scene4,70,old
5758,13.526623725891113,0.209856241960094,CVPF,cracker_scene4,70,old
5759,13.52904748916626,0.20947919656741032,CVPF,cracker_scene4,70,old
5760,13.53162670135498,0.20940497587194873,CVPF,cracker_scene4,70,old
5761,13.534085512161255,0.20949696948086238,CVPF,cracker_scene4,70,old
5762,13.536541938781738,0.20949696948086238,CVPF,cracker_scene4,70,old
5763,13.539284944534302,0.20960982065895095,CVPF,cracker_scene4,70,old
5764,13.541531324386597,0.20960982065895095,CVPF,cracker_scene4,70,old
5765,13.544146537780762,0.20970451538448298,CVPF,cracker_scene4,70,old
5766,13.546602010726929,0.20970451538448298,CVPF,cracker_scene4,70,old
5767,13.548767566680908,0.20970451538448298,CVPF,cracker_scene4,70,old
5768,13.550951957702637,0.20970451538448298,CVPF,cracker_scene4,70,old
5769,13.553406715393066,0.20961002366760262,CVPF,cracker_scene4,70,old
5770,13.555726051330566,0.20961002366760262,CVPF,cracker_scene4,70,old
5771,13.557977676391602,0.20961002366760262,CVPF,cracker_scene4,70,old
5772,13.56031322479248,0.20942654103309355,CVPF,cracker_scene4,70,old
5773,13.563506603240967,0.196653662684883,CVPF,cracker_scene4,70,old
5774,13.565889120101929,0.196653662684883,CVPF,cracker_scene4,70,old
5775,13.568071365356445,0.19653763480690284,CVPF,cracker_scene4,70,old
5776,13.570441722869873,0.19640586362696938,CVPF,cracker_scene4,70,old
5777,13.57286524772644,0.19640586362696938,CVPF,cracker_scene4,70,old
5778,13.574985027313232,0.19640586362696938,CVPF,cracker_scene4,70,old
5779,13.5772545337677,0.19624660057971002,CVPF,cracker_scene4,70,old
5780,13.579562425613403,0.19624660057971002,CVPF,cracker_scene4,70,old
5781,13.581693649291992,0.19624660057971002,CVPF,cracker_scene4,70,old
5782,13.583942890167236,0.1960374764658804,CVPF,cracker_scene4,70,old
5783,13.586161136627197,0.1960374764658804,CVPF,cracker_scene4,70,old
5784,13.58848762512207,0.1960374764658804,CVPF,cracker_scene4,70,old
5785,13.590704679489136,0.1960374764658804,CVPF,cracker_scene4,70,old
5786,13.592934846878052,0.1964516441024607,CVPF,cracker_scene4,70,old
5787,13.595272302627563,0.1964516441024607,CVPF,cracker_scene4,70,old
5788,13.597590208053589,0.1964516441024607,CVPF,cracker_scene4,70,old
5789,13.599807024002075,0.1964516441024607,CVPF,cracker_scene4,70,old
5790,13.602088212966919,0.19641515099231172,CVPF,cracker_scene4,70,old
5791,13.60459303855896,0.19641515099231172,CVPF,cracker_scene4,70,old
5792,13.60690188407898,0.19641515099231172,CVPF,cracker_scene4,70,old
5793,13.609127759933472,0.19641392334987628,CVPF,cracker_scene4,70,old
5794,13.611353635787964,0.19635602814476502,CVPF,cracker_scene4,70,old
5795,13.613671779632568,0.19635602814476502,CVPF,cracker_scene4,70,old
5796,13.615857601165771,0.19635602814476502,CVPF,cracker_scene4,70,old
5797,13.618093967437744,0.1960954242774913,CVPF,cracker_scene4,70,old
5798,13.620319604873657,0.1960954242774913,CVPF,cracker_scene4,70,old
5799,13.622577905654907,0.1960954242774913,CVPF,cracker_scene4,70,old
5800,13.624794960021973,0.1960954242774913,CVPF,cracker_scene4,70,old
5801,13.627133131027222,0.1960040866262925,CVPF,cracker_scene4,70,old
5802,13.62946343421936,0.1960040866262925,CVPF,cracker_scene4,70,old
5803,13.631642818450928,0.1960040866262925,CVPF,cracker_scene4,70,old
5804,13.633922338485718,0.1960040866262925,CVPF,cracker_scene4,70,old
5805,13.63623833656311,0.1959296719624872,CVPF,cracker_scene4,70,old
5806,13.638633251190186,0.1959296719624872,CVPF,cracker_scene4,70,old
5807,13.640752077102661,0.1959296719624872,CVPF,cracker_scene4,70,old
5808,13.643065690994263,0.1960671457389129,CVPF,cracker_scene4,70,old
5809,13.645472764968872,0.1960671457389129,CVPF,cracker_scene4,70,old
5810,13.647757291793823,0.1960671457389129,CVPF,cracker_scene4,70,old
5811,13.64988112449646,0.1960671457389129,CVPF,cracker_scene4,70,old
5812,13.652240991592407,0.19602925796215856,CVPF,cracker_scene4,70,old
5813,13.654619455337524,0.19602925796215856,CVPF,cracker_scene4,70,old
5814,13.656694173812866,0.19602925796215856,CVPF,cracker_scene4,70,old
5815,13.658923864364624,0.19597362079205602,CVPF,cracker_scene4,70,old
5816,13.661346197128296,0.19588722582844667,CVPF,cracker_scene4,70,old
5817,13.663727521896362,0.19588722582844667,CVPF,cracker_scene4,70,old
5818,13.665868997573853,0.19588722582844667,CVPF,cracker_scene4,70,old
5819,13.668195247650146,0.19595771520621605,CVPF,cracker_scene4,70,old
5820,13.670738935470581,0.1957914776677466,CVPF,cracker_scene4,70,old
5821,13.67285680770874,0.1957914776677466,CVPF,cracker_scene4,70,old
5822,13.67510461807251,0.1957914776677466,CVPF,cracker_scene4,70,old
5823,13.67744255065918,0.1969823297760396,CVPF,cracker_scene4,70,old
5824,13.679765701293945,0.1969823297760396,CVPF,cracker_scene4,70,old
5825,13.68190622329712,0.1969823297760396,CVPF,cracker_scene4,70,old
5826,13.684276580810547,0.1949075891260304,CVPF,cracker_scene4,70,old
5827,13.686613082885742,0.1949075891260304,CVPF,cracker_scene4,70,old
5828,13.688937902450562,0.1949075891260304,CVPF,cracker_scene4,70,old
5829,13.691182136535645,0.1949075891260304,CVPF,cracker_scene4,70,old
5830,13.693701028823853,0.1949065295732194,CVPF,cracker_scene4,70,old
5831,13.69613528251648,0.1949065295732194,CVPF,cracker_scene4,70,old
5832,13.698327779769897,0.1949065295732194,CVPF,cracker_scene4,70,old
5833,13.700618743896484,0.1949065295732194,CVPF,cracker_scene4,70,old
5834,13.703120470046997,0.19463657507580526,CVPF,cracker_scene4,70,old
5835,13.705563306808472,0.19463657507580526,CVPF,cracker_scene4,70,old
5836,13.707765817642212,0.19463657507580526,CVPF,cracker_scene4,70,old
5837,13.710189819335938,0.19624093495778255,CVPF,cracker_scene4,70,old
5838,13.712546348571777,0.19624093495778255,CVPF,cracker_scene4,70,old
5839,13.714864015579224,0.19624093495778255,CVPF,cracker_scene4,70,old
5840,13.717003583908081,0.19624093495778255,CVPF,cracker_scene4,70,old
5841,13.719430446624756,0.1949550859030266,CVPF,cracker_scene4,70,old
5842,13.72176194190979,0.1949550859030266,CVPF,cracker_scene4,70,old
5843,13.724097967147827,0.1949550859030266,CVPF,cracker_scene4,70,old
5844,13.726592302322388,0.19492168983035474,CVPF,cracker_scene4,70,old
5845,13.729122638702393,0.19492168983035474,CVPF,cracker_scene4,70,old
5846,13.731920003890991,0.16998871382883687,CVPF,cracker_scene4,70,old
5847,13.734176874160767,0.17010283212835856,CVPF,cracker_scene4,70,old
5848,13.736801862716675,0.17003118667130104,CVPF,cracker_scene4,70,old
5849,13.739210844039917,0.17003118667130104,CVPF,cracker_scene4,70,old
5850,13.741321802139282,0.17003118667130104,CVPF,cracker_scene4,70,old
5851,13.743844747543335,0.17022214387719597,CVPF,cracker_scene4,70,old
5852,13.746154308319092,0.17022214387719597,CVPF,cracker_scene4,70,old
5853,13.748414516448975,0.17022214387719597,CVPF,cracker_scene4,70,old
5854,13.750596046447754,0.17022214387719597,CVPF,cracker_scene4,70,old
5855,13.752943515777588,0.17031133257659148,CVPF,cracker_scene4,70,old
5856,13.755276918411255,0.17031133257659148,CVPF,cracker_scene4,70,old
5857,13.757487773895264,0.17031133257659148,CVPF,cracker_scene4,70,old
5858,13.75975513458252,0.17029629721468964,CVPF,cracker_scene4,70,old
5859,13.761960506439209,0.1702991686264559,CVPF,cracker_scene4,70,old
5860,13.764208793640137,0.1702991686264559,CVPF,cracker_scene4,70,old
5861,13.766493797302246,0.1702991686264559,CVPF,cracker_scene4,70,old
5862,13.768799543380737,0.17094609425066407,CVPF,cracker_scene4,70,old
5863,13.771085500717163,0.17094609425066407,CVPF,cracker_scene4,70,old
5864,13.773430347442627,0.17094609425066407,CVPF,cracker_scene4,70,old
5865,13.7756929397583,0.17094609425066407,CVPF,cracker_scene4,70,old
5866,13.777889490127563,0.17094609425066407,CVPF,cracker_scene4,70,old
5867,13.780187368392944,0.17148069568541627,CVPF,cracker_scene4,70,old
5868,13.78235125541687,0.17148069568541627,CVPF,cracker_scene4,70,old
5869,13.784539461135864,0.17148069568541627,CVPF,cracker_scene4,70,old
5870,13.78666877746582,0.17148069568541627,CVPF,cracker_scene4,70,old
5871,13.789021253585815,0.17166756968288854,CVPF,cracker_scene4,70,old
5872,13.79121994972229,0.17194118650237092,CVPF,cracker_scene4,70,old
5873,13.793503999710083,0.17194118650237092,CVPF,cracker_scene4,70,old
5874,13.795772075653076,0.17194118650237092,CVPF,cracker_scene4,70,old
5875,13.797986268997192,0.17194118650237092,CVPF,cracker_scene4,70,old
5876,13.800219535827637,0.17194118650237092,CVPF,cracker_scene4,70,old
5877,13.802420139312744,0.17194118650237092,CVPF,cracker_scene4,70,old
5878,13.804800748825073,0.17194118650237092,CVPF,cracker_scene4,70,old
5879,13.807026624679565,0.1718402037910201,CVPF,cracker_scene4,70,old
5880,13.80925965309143,0.1716565307994208,CVPF,cracker_scene4,70,old
5881,13.811527967453003,0.1716565307994208,CVPF,cracker_scene4,70,old
5882,13.813618898391724,0.1716565307994208,CVPF,cracker_scene4,70,old
5883,13.816047191619873,0.1716565307994208,CVPF,cracker_scene4,70,old
5884,13.81839919090271,0.17155353857450206,CVPF,cracker_scene4,70,old
5885,13.820567846298218,0.17155353857450206,CVPF,cracker_scene4,70,old
5886,13.822667121887207,0.17155353857450206,CVPF,cracker_scene4,70,old
5887,13.824898481369019,0.17155353857450206,CVPF,cracker_scene4,70,old
5888,13.827227115631104,0.17314920650703228,CVPF,cracker_scene4,70,old
5889,13.829335927963257,0.17314920650703228,CVPF,cracker_scene4,70,old
5890,13.831620454788208,0.17314920650703228,CVPF,cracker_scene4,70,old
5891,13.833767652511597,0.17314920650703228,CVPF,cracker_scene4,70,old
5892,13.836028099060059,0.17314920650703228,CVPF,cracker_scene4,70,old
5893,13.838380336761475,0.17342142627849344,CVPF,cracker_scene4,70,old
5894,13.84048867225647,0.17342142627849344,CVPF,cracker_scene4,70,old
5895,13.842665672302246,0.17342142627849344,CVPF,cracker_scene4,70,old
5896,13.844920873641968,0.17342142627849344,CVPF,cracker_scene4,70,old
5897,13.84727931022644,0.17382017916981685,CVPF,cracker_scene4,70,old
5898,13.849383354187012,0.17382017916981685,CVPF,cracker_scene4,70,old
5899,13.851816892623901,0.17382017916981685,CVPF,cracker_scene4,70,old
5900,13.85425615310669,0.17382017916981685,CVPF,cracker_scene4,70,old
5901,13.856487512588501,0.17382017916981685,CVPF,cracker_scene4,70,old
5902,13.858932971954346,0.17379066047312683,CVPF,cracker_scene4,70,old
5903,13.861116886138916,0.17379066047312683,CVPF,cracker_scene4,70,old
5904,13.863351106643677,0.17379066047312683,CVPF,cracker_scene4,70,old
5905,13.86583137512207,0.17379066047312683,CVPF,cracker_scene4,70,old
5906,13.868143081665039,0.17379066047312683,CVPF,cracker_scene4,70,old
5907,13.870394468307495,0.17379066047312683,CVPF,cracker_scene4,70,old
5908,13.872878551483154,0.17222952526744556,CVPF,cracker_scene4,70,old
5909,13.87527060508728,0.17222952526744556,CVPF,cracker_scene4,70,old
5910,13.877572536468506,0.17222952526744556,CVPF,cracker_scene4,70,old
5911,13.880076885223389,0.172479248400694,CVPF,cracker_scene4,70,old
5912,13.882339715957642,0.172479248400694,CVPF,cracker_scene4,70,old
5913,13.884653091430664,0.172479248400694,CVPF,cracker_scene4,70,old
5914,13.887935161590576,0.172479248400694,CVPF,cracker_scene4,70,old
5915,13.890540361404419,0.15949637111427847,CVPF,cracker_scene4,70,old
5916,13.892966270446777,0.15949637111427847,CVPF,cracker_scene4,70,old
5917,13.895479202270508,0.15949637111427847,CVPF,cracker_scene4,70,old
5918,13.898080348968506,0.16067610951134886,CVPF,cracker_scene4,70,old
5919,13.900713920593262,0.1603866614095593,CVPF,cracker_scene4,70,old
5920,13.903239011764526,0.1603991068159656,CVPF,cracker_scene4,70,old
5921,13.905925512313843,0.16006082436556762,CVPF,cracker_scene4,70,old
5922,13.908292770385742,0.16006082436556762,CVPF,cracker_scene4,70,old
5923,13.910781383514404,0.15907598731309333,CVPF,cracker_scene4,70,old
5924,13.913096189498901,0.1587861916789691,CVPF,cracker_scene4,70,old
5925,13.915552616119385,0.15899723384494882,CVPF,cracker_scene4,70,old
5926,13.917969703674316,0.158914810134115,CVPF,cracker_scene4,70,old
5927,13.92050051689148,0.1591982700529129,CVPF,cracker_scene4,70,old
5928,13.922911167144775,0.1604332527093733,CVPF,cracker_scene4,70,old
5929,13.925279378890991,0.1604332527093733,CVPF,cracker_scene4,70,old
5930,13.927730321884155,0.15916090853761192,CVPF,cracker_scene4,70,old
5931,13.930089712142944,0.15916090853761192,CVPF,cracker_scene4,70,old
5932,13.932585954666138,0.1594043982049141,CVPF,cracker_scene4,70,old
5933,13.934966087341309,0.1594043982049141,CVPF,cracker_scene4,70,old
5934,13.937531471252441,0.15998572726372323,CVPF,cracker_scene4,70,old
5935,13.939994096755981,0.15998572726372323,CVPF,cracker_scene4,70,old
5936,13.942320823669434,0.15998572726372323,CVPF,cracker_scene4,70,old
5937,13.94489312171936,0.16131570468500317,CVPF,cracker_scene4,70,old
5938,13.94718050956726,0.16131570468500317,CVPF,cracker_scene4,70,old
5939,13.949479103088379,0.16131570468500317,CVPF,cracker_scene4,70,old
5940,13.951904535293579,0.1598281421899709,CVPF,cracker_scene4,70,old
5941,13.954403400421143,0.1598281421899709,CVPF,cracker_scene4,70,old
5942,13.956700086593628,0.1598281421899709,CVPF,cracker_scene4,70,old
5943,13.958956956863403,0.1598281421899709,CVPF,cracker_scene4,70,old
5944,13.961365699768066,0.15971951828251493,CVPF,cracker_scene4,70,old
5945,13.963627099990845,0.15971951828251493,CVPF,cracker_scene4,70,old
5946,13.965938568115234,0.15971951828251493,CVPF,cracker_scene4,70,old
5947,13.968335390090942,0.15969121617825383,CVPF,cracker_scene4,70,old
5948,13.97070860862732,0.1600034271721399,CVPF,cracker_scene4,70,old
5949,13.972999811172485,0.1600034271721399,CVPF,cracker_scene4,70,old
5950,13.975451946258545,0.1600034271721399,CVPF,cracker_scene4,70,old
5951,13.977797031402588,0.15997587454999085,CVPF,cracker_scene4,70,old
5952,13.980159044265747,0.15997587454999085,CVPF,cracker_scene4,70,old
5953,13.982402324676514,0.15997587454999085,CVPF,cracker_scene4,70,old
5954,13.98473596572876,0.15931737410795793,CVPF,cracker_scene4,70,old
5955,13.987143278121948,0.15931737410795793,CVPF,cracker_scene4,70,old
5956,13.989413022994995,0.15931737410795793,CVPF,cracker_scene4,70,old
5957,13.991575241088867,0.15931737410795793,CVPF,cracker_scene4,70,old
5958,13.99406909942627,0.15920550954210577,CVPF,cracker_scene4,70,old
5959,13.996589660644531,0.15920550954210577,CVPF,cracker_scene4,70,old
5960,13.998750448226929,0.15920550954210577,CVPF,cracker_scene4,70,old
5961,14.000986576080322,0.15939348359487782,CVPF,cracker_scene4,70,old
5962,14.00356674194336,0.15880238661724186,CVPF,cracker_scene4,70,old
5963,14.00613021850586,0.15880238661724186,CVPF,cracker_scene4,70,old
5964,14.00846791267395,0.15880238661724186,CVPF,cracker_scene4,70,old
5965,14.010820627212524,0.15918767109057771,CVPF,cracker_scene4,70,old
5966,14.013187885284424,0.15918767109057771,CVPF,cracker_scene4,70,old
5967,14.015333414077759,0.15918767109057771,CVPF,cracker_scene4,70,old
5968,14.017807006835938,0.15981127448524057,CVPF,cracker_scene4,70,old
5969,14.020114421844482,0.15981127448524057,CVPF,cracker_scene4,70,old
5970,14.022347211837769,0.15981127448524057,CVPF,cracker_scene4,70,old
5971,14.024549722671509,0.15981127448524057,CVPF,cracker_scene4,70,old
5972,14.027038335800171,0.15968281927450334,CVPF,cracker_scene4,70,old
5973,14.029602527618408,0.15968281927450334,CVPF,cracker_scene4,70,old
5974,14.032068967819214,0.15968281927450334,CVPF,cracker_scene4,70,old
5975,14.034327030181885,0.15968030898616414,CVPF,cracker_scene4,70,old
5976,14.037726640701294,0.1600316129256303,CVPF,cracker_scene4,70,old
5977,14.040210247039795,0.1600316129256303,CVPF,cracker_scene4,70,old
5978,14.042550086975098,0.15997779894559078,CVPF,cracker_scene4,70,old
5979,14.045010328292847,0.15996396912362884,CVPF,cracker_scene4,70,old
5980,14.048439025878906,0.15996396912362884,CVPF,cracker_scene4,70,old
5981,14.05073094367981,0.15698611661479664,CVPF,cracker_scene4,70,old
5982,14.053079843521118,0.15704805922893866,CVPF,cracker_scene4,70,old
5983,14.055448293685913,0.15704805922893866,CVPF,cracker_scene4,70,old
5984,14.057607650756836,0.15704805922893866,CVPF,cracker_scene4,70,old
5985,14.05998969078064,0.15721738470285432,CVPF,cracker_scene4,70,old
5986,14.062324285507202,0.15721738470285432,CVPF,cracker_scene4,70,old
5987,14.064651250839233,0.15721738470285432,CVPF,cracker_scene4,70,old
5988,14.066986083984375,0.15725985326364092,CVPF,cracker_scene4,70,old
5989,14.069374561309814,0.15731674952019778,CVPF,cracker_scene4,70,old
5990,14.071828126907349,0.15731674952019778,CVPF,cracker_scene4,70,old
5991,14.073964357376099,0.15731674952019778,CVPF,cracker_scene4,70,old
5992,14.076298475265503,0.15731674952019778,CVPF,cracker_scene4,70,old
5993,14.078713178634644,0.15677980103815187,CVPF,cracker_scene4,70,old
5994,14.081010580062866,0.15677980103815187,CVPF,cracker_scene4,70,old
5995,14.083181142807007,0.15677980103815187,CVPF,cracker_scene4,70,old
5996,14.085551738739014,0.15682049018876987,CVPF,cracker_scene4,70,old
5997,14.0879225730896,0.15682049018876987,CVPF,cracker_scene4,70,old
5998,14.090147733688354,0.15682049018876987,CVPF,cracker_scene4,70,old
5999,14.092335939407349,0.15682049018876987,CVPF,cracker_scene4,70,old
6000,14.094717025756836,0.15689852867215534,CVPF,cracker_scene4,70,old
6001,14.097198486328125,0.15689852867215534,CVPF,cracker_scene4,70,old
6002,14.099316596984863,0.15689852867215534,CVPF,cracker_scene4,70,old
6003,14.101678133010864,0.15757126246616163,CVPF,cracker_scene4,70,old
6004,14.104056596755981,0.15757126246616163,CVPF,cracker_scene4,70,old
6005,14.10640573501587,0.15757126246616163,CVPF,cracker_scene4,70,old
6006,14.108562707901001,0.15757126246616163,CVPF,cracker_scene4,70,old
6007,14.110983848571777,0.15850374209244586,CVPF,cracker_scene4,70,old
6008,14.113359212875366,0.15850374209244586,CVPF,cracker_scene4,70,old
6009,14.115550518035889,0.15850374209244586,CVPF,cracker_scene4,70,old
6010,14.11783504486084,0.15720749510266357,CVPF,cracker_scene4,70,old
6011,14.120251178741455,0.15710849686705305,CVPF,cracker_scene4,70,old
6012,14.122713327407837,0.15710849686705305,CVPF,cracker_scene4,70,old
6013,14.124871730804443,0.15710849686705305,CVPF,cracker_scene4,70,old
6014,14.127500534057617,0.1573359644991088,CVPF,cracker_scene4,70,old
6015,14.129945039749146,0.1573359644991088,CVPF,cracker_scene4,70,old
6016,14.132139682769775,0.1573359644991088,CVPF,cracker_scene4,70,old
6017,14.134508609771729,0.15687774615139494,CVPF,cracker_scene4,70,old
6018,14.137121677398682,0.15687774615139494,CVPF,cracker_scene4,70,old
6019,14.139694452285767,0.15687774615139494,CVPF,cracker_scene4,70,old
6020,14.141987562179565,0.15687774615139494,CVPF,cracker_scene4,70,old
6021,14.144319295883179,0.15666660241053845,CVPF,cracker_scene4,70,old
6022,14.146556615829468,0.15666660241053845,CVPF,cracker_scene4,70,old
6023,14.148723840713501,0.15666660241053845,CVPF,cracker_scene4,70,old
6024,14.151009559631348,0.15697720490193037,CVPF,cracker_scene4,70,old
6025,14.153333187103271,0.1574294218393315,CVPF,cracker_scene4,70,old
6026,14.155502319335938,0.1574294218393315,CVPF,cracker_scene4,70,old
6027,14.157677173614502,0.1574294218393315,CVPF,cracker_scene4,70,old
6028,14.160096406936646,0.15713608297699075,CVPF,cracker_scene4,70,old
6029,14.162357330322266,0.15713608297699075,CVPF,cracker_scene4,70,old
6030,14.164498090744019,0.15713608297699075,CVPF,cracker_scene4,70,old
6031,14.166741609573364,0.15713608297699075,CVPF,cracker_scene4,70,old
6032,14.169658899307251,0.15742068091538364,CVPF,cracker_scene4,70,old
6033,14.172405242919922,0.15742068091538364,CVPF,cracker_scene4,70,old
6034,14.174818992614746,0.15742068091538364,CVPF,cracker_scene4,70,old
6035,14.177386045455933,0.15716351006204393,CVPF,cracker_scene4,70,old
6036,14.179889440536499,0.15716351006204393,CVPF,cracker_scene4,70,old
6037,14.1821870803833,0.15716351006204393,CVPF,cracker_scene4,70,old
6038,14.184568643569946,0.1575105766480933,CVPF,cracker_scene4,70,old
6039,14.187039136886597,0.1575105766480933,CVPF,cracker_scene4,70,old
6040,14.189616680145264,0.1575105766480933,CVPF,cracker_scene4,70,old
6041,14.192142486572266,0.1575105766480933,CVPF,cracker_scene4,70,old
6042,14.194538116455078,0.15765829667835066,CVPF,cracker_scene4,70,old
6043,14.19701600074768,0.15765829667835066,CVPF,cracker_scene4,70,old
6044,14.199463844299316,0.15765829667835066,CVPF,cracker_scene4,70,old
6045,14.202080488204956,0.1588415316014625,CVPF,cracker_scene4,70,old
6046,14.20467758178711,0.1588415316014625,CVPF,cracker_scene4,70,old
6047,14.207167387008667,0.1588415316014625,CVPF,cracker_scene4,70,old
6048,14.210127592086792,0.17313612286046065,CVPF,cracker_scene4,70,old
6049,14.212519884109497,0.17313612286046065,CVPF,cracker_scene4,70,old
6050,14.214818239212036,0.17313612286046065,CVPF,cracker_scene4,70,old
6051,14.21716856956482,0.17173845054054454,CVPF,cracker_scene4,70,old
6052,14.219550371170044,0.17173845054054454,CVPF,cracker_scene4,70,old
6053,14.221864223480225,0.17173845054054454,CVPF,cracker_scene4,70,old
6054,14.224049806594849,0.17173845054054454,CVPF,cracker_scene4,70,old
6055,14.226360559463501,0.17307047584777505,CVPF,cracker_scene4,70,old
6056,14.228838682174683,0.1730915994545352,CVPF,cracker_scene4,70,old
6057,14.231153726577759,0.1730915994545352,CVPF,cracker_scene4,70,old
6058,14.233323574066162,0.1730915994545352,CVPF,cracker_scene4,70,old
6059,14.235716581344604,0.1714719898348964,CVPF,cracker_scene4,70,old
6060,14.23816728591919,0.1714719898348964,CVPF,cracker_scene4,70,old
6061,14.240408658981323,0.1714719898348964,CVPF,cracker_scene4,70,old
6062,14.242646932601929,0.17297124300034677,CVPF,cracker_scene4,70,old
6063,14.245046377182007,0.17329343443083567,CVPF,cracker_scene4,70,old
6064,14.247487783432007,0.17329343443083567,CVPF,cracker_scene4,70,old
6065,14.249831914901733,0.17329343443083567,CVPF,cracker_scene4,70,old
6066,14.252211332321167,0.1728744481893409,CVPF,cracker_scene4,70,old
6067,14.254633903503418,0.1728744481893409,CVPF,cracker_scene4,70,old
6068,14.256847858428955,0.1728744481893409,CVPF,cracker_scene4,70,old
6069,14.259163856506348,0.17144054778220505,CVPF,cracker_scene4,70,old
6070,14.261574506759644,0.1712594796895637,CVPF,cracker_scene4,70,old
6071,14.263890743255615,0.1712594796895637,CVPF,cracker_scene4,70,old
6072,14.266074180603027,0.1712594796895637,CVPF,cracker_scene4,70,old
6073,14.268738269805908,0.17217558175699213,CVPF,cracker_scene4,70,old
6074,14.271153211593628,0.17217558175699213,CVPF,cracker_scene4,70,old
6075,14.273289442062378,0.17217558175699213,CVPF,cracker_scene4,70,old
6076,14.27543568611145,0.17217558175699213,CVPF,cracker_scene4,70,old
6077,14.277795314788818,0.17244472484114254,CVPF,cracker_scene4,70,old
6078,14.280147790908813,0.17244472484114254,CVPF,cracker_scene4,70,old
6079,14.28234314918518,0.17244472484114254,CVPF,cracker_scene4,70,old
6080,14.284499883651733,0.1737445899249103,CVPF,cracker_scene4,70,old
6081,14.286872863769531,0.17374883421978307,CVPF,cracker_scene4,70,old
6082,14.289183616638184,0.17374883421978307,CVPF,cracker_scene4,70,old
6083,14.29147481918335,0.17374883421978307,CVPF,cracker_scene4,70,old
6084,14.293879985809326,0.17253784041131834,CVPF,cracker_scene4,70,old
6085,14.296226739883423,0.17253784041131834,CVPF,cracker_scene4,70,old
6086,14.298532009124756,0.17253784041131834,CVPF,cracker_scene4,70,old
6087,14.300772905349731,0.17183054942127965,CVPF,cracker_scene4,70,old
6088,14.303170442581177,0.17183054942127965,CVPF,cracker_scene4,70,old
6089,14.305410385131836,0.17183054942127965,CVPF,cracker_scene4,70,old
6090,14.307615995407104,0.17183054942127965,CVPF,cracker_scene4,70,old
6091,14.30994462966919,0.17193677038413852,CVPF,cracker_scene4,70,old
6092,14.312334537506104,0.17193677038413852,CVPF,cracker_scene4,70,old
6093,14.314542293548584,0.17193677038413852,CVPF,cracker_scene4,70,old
6094,14.31662654876709,0.17193677038413852,CVPF,cracker_scene4,70,old
6095,14.319053888320923,0.1719883126715969,CVPF,cracker_scene4,70,old
6096,14.321404218673706,0.1719883126715969,CVPF,cracker_scene4,70,old
6097,14.323528051376343,0.1719883126715969,CVPF,cracker_scene4,70,old
6098,14.325769901275635,0.1719883126715969,CVPF,cracker_scene4,70,old
6099,14.328322410583496,0.17194148688359343,CVPF,cracker_scene4,70,old
6100,14.330589532852173,0.17194148688359343,CVPF,cracker_scene4,70,old
6101,14.332741260528564,0.17194148688359343,CVPF,cracker_scene4,70,old
6102,14.33518648147583,0.17198329418176864,CVPF,cracker_scene4,70,old
6103,14.337618589401245,0.17198329418176864,CVPF,cracker_scene4,70,old
6104,14.340044021606445,0.17198329418176864,CVPF,cracker_scene4,70,old
6105,14.34226679801941,0.17198329418176864,CVPF,cracker_scene4,70,old
6106,14.344769954681396,0.17341963335805136,CVPF,cracker_scene4,70,old
6107,14.347282648086548,0.17341963335805136,CVPF,cracker_scene4,70,old
6108,14.349894046783447,0.17341963335805136,CVPF,cracker_scene4,70,old
6109,14.352540016174316,0.17198673397033312,CVPF,cracker_scene4,70,old
6110,14.354852676391602,0.17198673397033312,CVPF,cracker_scene4,70,old
6111,14.357129573822021,0.17198673397033312,CVPF,cracker_scene4,70,old
6112,14.35952115058899,0.1731506671668639,CVPF,cracker_scene4,70,old
6113,14.361894130706787,0.1731506671668639,CVPF,cracker_scene4,70,old
6114,14.364276885986328,0.1731506671668639,CVPF,cracker_scene4,70,old
6115,14.366426944732666,0.1731506671668639,CVPF,cracker_scene4,70,old
6116,14.369856595993042,0.17918099900815937,CVPF,cracker_scene4,70,old
6117,14.372478008270264,0.17918099900815937,CVPF,cracker_scene4,70,old
6118,14.374692678451538,0.17918099900815937,CVPF,cracker_scene4,70,old
6119,14.377033948898315,0.17779377326402482,CVPF,cracker_scene4,70,old
6120,14.379194974899292,0.17779377326402482,CVPF,cracker_scene4,70,old
6121,14.381340742111206,0.17779377326402482,CVPF,cracker_scene4,70,old
6122,14.383483648300171,0.17779377326402482,CVPF,cracker_scene4,70,old
6123,14.385727882385254,0.17943684271278063,CVPF,cracker_scene4,70,old
6124,14.38792872428894,0.17943684271278063,CVPF,cracker_scene4,70,old
6125,14.390032291412354,0.17943684271278063,CVPF,cracker_scene4,70,old
6126,14.392234802246094,0.17943684271278063,CVPF,cracker_scene4,70,old
6127,14.394490242004395,0.17917785636781738,CVPF,cracker_scene4,70,old
6128,14.396744728088379,0.17917785636781738,CVPF,cracker_scene4,70,old
6129,14.399334907531738,0.17917785636781738,CVPF,cracker_scene4,70,old
6130,14.401634693145752,0.17935331300571067,CVPF,cracker_scene4,70,old
6131,14.40406584739685,0.17935331300571067,CVPF,cracker_scene4,70,old
6132,14.406542539596558,0.17935331300571067,CVPF,cracker_scene4,70,old
6133,14.408878803253174,0.17935331300571067,CVPF,cracker_scene4,70,old
6134,14.411236047744751,0.17764949471278685,CVPF,cracker_scene4,70,old
6135,14.413665056228638,0.17764949471278685,CVPF,cracker_scene4,70,old
6136,14.416041851043701,0.17764949471278685,CVPF,cracker_scene4,70,old
6137,14.418422222137451,0.1779138506959728,CVPF,cracker_scene4,70,old
6138,14.420907497406006,0.1779138506959728,CVPF,cracker_scene4,70,old
6139,14.423158168792725,0.1779138506959728,CVPF,cracker_scene4,70,old
6140,14.425361394882202,0.1779138506959728,CVPF,cracker_scene4,70,old
6141,14.427754402160645,0.17777548711522614,CVPF,cracker_scene4,70,old
6142,14.430274486541748,0.17777548711522614,CVPF,cracker_scene4,70,old
6143,14.432494640350342,0.17777548711522614,CVPF,cracker_scene4,70,old
6144,14.434825897216797,0.1777557071438032,CVPF,cracker_scene4,70,old
6145,14.437015533447266,0.1777557071438032,CVPF,cracker_scene4,70,old
6146,14.439472675323486,0.1777557071438032,CVPF,cracker_scene4,70,old
6147,14.441623449325562,0.1777557071438032,CVPF,cracker_scene4,70,old
6148,14.444082498550415,0.17772480774023616,CVPF,cracker_scene4,70,old
6149,14.446640968322754,0.17772480774023616,CVPF,cracker_scene4,70,old
6150,14.449001789093018,0.17772480774023616,CVPF,cracker_scene4,70,old
6151,14.451469659805298,0.17777652685330578,CVPF,cracker_scene4,70,old
6152,14.453893423080444,0.17777652685330578,CVPF,cracker_scene4,70,old
6153,14.456188440322876,0.17777652685330578,CVPF,cracker_scene4,70,old
6154,14.458392858505249,0.17777652685330578,CVPF,cracker_scene4,70,old
6155,14.460800409317017,0.17790151154307537,CVPF,cracker_scene4,70,old
6156,14.46323013305664,0.17790151154307537,CVPF,cracker_scene4,70,old
6157,14.465418100357056,0.17790151154307537,CVPF,cracker_scene4,70,old
6158,14.467698812484741,0.17938269019891126,CVPF,cracker_scene4,70,old
6159,14.470209836959839,0.17938269019891126,CVPF,cracker_scene4,70,old
6160,14.472533702850342,0.17938269019891126,CVPF,cracker_scene4,70,old
6161,14.47467589378357,0.17938269019891126,CVPF,cracker_scene4,70,old
6162,14.477076530456543,0.17771489009685804,CVPF,cracker_scene4,70,old
6163,14.479625940322876,0.17771489009685804,CVPF,cracker_scene4,70,old
6164,14.48179292678833,0.17771489009685804,CVPF,cracker_scene4,70,old
6165,14.484165906906128,0.1776540865599592,CVPF,cracker_scene4,70,old
6166,14.48667287826538,0.17770753414254312,CVPF,cracker_scene4,70,old
6167,14.48906683921814,0.17770753414254312,CVPF,cracker_scene4,70,old
6168,14.491282224655151,0.17770753414254312,CVPF,cracker_scene4,70,old
6169,14.493669271469116,0.17805103782769732,CVPF,cracker_scene4,70,old
6170,14.496062755584717,0.17805103782769732,CVPF,cracker_scene4,70,old
6171,14.49833369255066,0.17805103782769732,CVPF,cracker_scene4,70,old
6172,14.500595569610596,0.17787942097552026,CVPF,cracker_scene4,70,old
6173,14.503123998641968,0.17770949747825515,CVPF,cracker_scene4,70,old
6174,14.50549030303955,0.17770949747825515,CVPF,cracker_scene4,70,old
6175,14.507702589035034,0.17770949747825515,CVPF,cracker_scene4,70,old
6176,14.510002374649048,0.17765259559426227,CVPF,cracker_scene4,70,old
6177,14.512366771697998,0.17765259559426227,CVPF,cracker_scene4,70,old
6178,14.514748334884644,0.17765259559426227,CVPF,cracker_scene4,70,old
6179,14.517009973526001,0.17765259559426227,CVPF,cracker_scene4,70,old
6180,14.519567728042603,0.17753221294167607,CVPF,cracker_scene4,70,old
6181,14.52254843711853,0.20024078353988595,CVPF,cracker_scene4,70,old
6182,14.524680137634277,0.20024078353988595,CVPF,cracker_scene4,70,old
6183,14.527087926864624,0.20070945383674113,CVPF,cracker_scene4,70,old
6184,14.529511213302612,0.20070945383674113,CVPF,cracker_scene4,70,old
6185,14.531776428222656,0.20070945383674113,CVPF,cracker_scene4,70,old
6186,14.534045696258545,0.20070945383674113,CVPF,cracker_scene4,70,old
6187,14.536496877670288,0.20039581409195087,CVPF,cracker_scene4,70,old
6188,14.539157390594482,0.20039581409195087,CVPF,cracker_scene4,70,old
6189,14.541293621063232,0.20039581409195087,CVPF,cracker_scene4,70,old
6190,14.543615818023682,0.2021407892366713,CVPF,cracker_scene4,70,old
6191,14.546073198318481,0.2021407892366713,CVPF,cracker_scene4,70,old
6192,14.548315525054932,0.2021407892366713,CVPF,cracker_scene4,70,old
6193,14.550510883331299,0.20059102582717867,CVPF,cracker_scene4,70,old
6194,14.552924633026123,0.20060443642575088,CVPF,cracker_scene4,70,old
6195,14.555228471755981,0.20060443642575088,CVPF,cracker_scene4,70,old
6196,14.557366847991943,0.20060443642575088,CVPF,cracker_scene4,70,old
6197,14.559670686721802,0.20040525675488652,CVPF,cracker_scene4,70,old
6198,14.561817646026611,0.20040525675488652,CVPF,cracker_scene4,70,old
6199,14.564162731170654,0.20040525675488652,CVPF,cracker_scene4,70,old
6200,14.566507339477539,0.20040525675488652,CVPF,cracker_scene4,70,old
6201,14.568729877471924,0.20040525675488652,CVPF,cracker_scene4,70,old
6202,14.5712411403656,0.20034036293933088,CVPF,cracker_scene4,70,old
6203,14.573463439941406,0.20034036293933088,CVPF,cracker_scene4,70,old
6204,14.575642585754395,0.20034036293933088,CVPF,cracker_scene4,70,old
6205,14.577814102172852,0.20034036293933088,CVPF,cracker_scene4,70,old
6206,14.580122947692871,0.20032111744887957,CVPF,cracker_scene4,70,old
6207,14.58228588104248,0.20032111744887957,CVPF,cracker_scene4,70,old
6208,14.584574937820435,0.20051660670301907,CVPF,cracker_scene4,70,old
6209,14.586759805679321,0.20051660670301907,CVPF,cracker_scene4,70,old
6210,14.588939189910889,0.20051660670301907,CVPF,cracker_scene4,70,old
6211,14.591255187988281,0.20051660670301907,CVPF,cracker_scene4,70,old
6212,14.593414306640625,0.20051660670301907,CVPF,cracker_scene4,70,old
6213,14.59567403793335,0.20055178435025883,CVPF,cracker_scene4,70,old
6214,14.597848653793335,0.20052264618239118,CVPF,cracker_scene4,70,old
6215,14.600467443466187,0.20052264618239118,CVPF,cracker_scene4,70,old
6216,14.602802753448486,0.20052264618239118,CVPF,cracker_scene4,70,old
6217,14.605174779891968,0.20052264618239118,CVPF,cracker_scene4,70,old
6218,14.607494115829468,0.2005250749080559,CVPF,cracker_scene4,70,old
6219,14.609768629074097,0.20029463091024804,CVPF,cracker_scene4,70,old
6220,14.612009763717651,0.20029463091024804,CVPF,cracker_scene4,70,old
6221,14.614176511764526,0.20029463091024804,CVPF,cracker_scene4,70,old
6222,14.616407632827759,0.20029463091024804,CVPF,cracker_scene4,70,old
6223,14.61856746673584,0.20029463091024804,CVPF,cracker_scene4,70,old
6224,14.62072229385376,0.20029463091024804,CVPF,cracker_scene4,70,old
6225,14.62294888496399,0.20034292908197926,CVPF,cracker_scene4,70,old
6226,14.625255346298218,0.2002124497533612,CVPF,cracker_scene4,70,old
6227,14.627447366714478,0.2002124497533612,CVPF,cracker_scene4,70,old
6228,14.629615306854248,0.2002124497533612,CVPF,cracker_scene4,70,old
6229,14.631991624832153,0.2002124497533612,CVPF,cracker_scene4,70,old
6230,14.634244918823242,0.20039315069681277,CVPF,cracker_scene4,70,old
6231,14.636537790298462,0.20039315069681277,CVPF,cracker_scene4,70,old
6232,14.63899278640747,0.20039315069681277,CVPF,cracker_scene4,70,old
6233,14.641274690628052,0.20039315069681277,CVPF,cracker_scene4,70,old
6234,14.64348554611206,0.20039315069681277,CVPF,cracker_scene4,70,old
6235,14.645889043807983,0.2004864367793265,CVPF,cracker_scene4,70,old
6236,14.648173093795776,0.2004864367793265,CVPF,cracker_scene4,70,old
6237,14.650481462478638,0.2004864367793265,CVPF,cracker_scene4,70,old
6238,14.652863264083862,0.2004864367793265,CVPF,cracker_scene4,70,old
6239,14.655212879180908,0.20054389347409785,CVPF,cracker_scene4,70,old
6240,14.657451391220093,0.20054389347409785,CVPF,cracker_scene4,70,old
6241,14.659903526306152,0.20054389347409785,CVPF,cracker_scene4,70,old
6242,14.662373542785645,0.20054389347409785,CVPF,cracker_scene4,70,old
6243,14.66473388671875,0.20054389347409785,CVPF,cracker_scene4,70,old
6244,14.666921615600586,0.20054389347409785,CVPF,cracker_scene4,70,old
6245,14.669069290161133,0.20054389347409785,CVPF,cracker_scene4,70,old
6246,14.671496152877808,0.20208596765716877,CVPF,cracker_scene4,70,old
6247,14.673912286758423,0.20208596765716877,CVPF,cracker_scene4,70,old
6248,14.676321268081665,0.20208596765716877,CVPF,cracker_scene4,70,old
6249,14.679134607315063,0.21592391989678372,CVPF,cracker_scene4,70,old
6250,14.68157410621643,0.21395332274746645,CVPF,cracker_scene4,70,old
6251,14.683872699737549,0.21395332274746645,CVPF,cracker_scene4,70,old
6252,14.686070680618286,0.21395332274746645,CVPF,cracker_scene4,70,old
6253,14.688258171081543,0.21395332274746645,CVPF,cracker_scene4,70,old
6254,14.690533876419067,0.21395332274746645,CVPF,cracker_scene4,70,old
6255,14.692867279052734,0.21411317921034784,CVPF,cracker_scene4,70,old
6256,14.695106744766235,0.21411317921034784,CVPF,cracker_scene4,70,old
6257,14.697349309921265,0.21411317921034784,CVPF,cracker_scene4,70,old
6258,14.699772834777832,0.2140846497750936,CVPF,cracker_scene4,70,old
6259,14.702133178710938,0.2140846497750936,CVPF,cracker_scene4,70,old
6260,14.704507112503052,0.21413029965237945,CVPF,cracker_scene4,70,old
6261,14.706834554672241,0.21413029965237945,CVPF,cracker_scene4,70,old
6262,14.709185361862183,0.21573829531221594,CVPF,cracker_scene4,70,old
6263,14.71149206161499,0.21573829531221594,CVPF,cracker_scene4,70,old
6264,14.713817834854126,0.2157949647373711,CVPF,cracker_scene4,70,old
6265,14.716063976287842,0.2157949647373711,CVPF,cracker_scene4,70,old
6266,14.718309164047241,0.2157949647373711,CVPF,cracker_scene4,70,old
6267,14.720695734024048,0.21411848708050596,CVPF,cracker_scene4,70,old
6268,14.723071575164795,0.21411848708050596,CVPF,cracker_scene4,70,old
6269,14.725344896316528,0.21411848708050596,CVPF,cracker_scene4,70,old
6270,14.727760553359985,0.21419916921770557,CVPF,cracker_scene4,70,old
6271,14.73012900352478,0.21419916921770557,CVPF,cracker_scene4,70,old
6272,14.732500314712524,0.21418070218426305,CVPF,cracker_scene4,70,old
6273,14.734811544418335,0.2142439616337009,CVPF,cracker_scene4,70,old
6274,14.737173795700073,0.2142439616337009,CVPF,cracker_scene4,70,old
6275,14.739593029022217,0.21421656407638295,CVPF,cracker_scene4,70,old
6276,14.741867303848267,0.21421656407638295,CVPF,cracker_scene4,70,old
6277,14.74429726600647,0.21416816469495814,CVPF,cracker_scene4,70,old
6278,14.746637344360352,0.21416816469495814,CVPF,cracker_scene4,70,old
6279,14.749008417129517,0.21418982018896146,CVPF,cracker_scene4,70,old
6280,14.751359701156616,0.21418982018896146,CVPF,cracker_scene4,70,old
6281,14.75361967086792,0.2141284428157189,CVPF,cracker_scene4,70,old
6282,14.755992650985718,0.21413032537013868,CVPF,cracker_scene4,70,old
6283,14.758280515670776,0.21413032537013868,CVPF,cracker_scene4,70,old
6284,14.760838985443115,0.21427035259896024,CVPF,cracker_scene4,70,old
6285,14.763100624084473,0.21427035259896024,CVPF,cracker_scene4,70,old
6286,14.765414953231812,0.21578489616971402,CVPF,cracker_scene4,70,old
6287,14.767762422561646,0.21592307118841575,CVPF,cracker_scene4,70,old
6288,14.77052092552185,0.21422163048846163,CVPF,cracker_scene4,70,old
6289,14.772942304611206,0.21403482068386598,CVPF,cracker_scene4,70,old
6290,14.775170087814331,0.21403482068386598,CVPF,cracker_scene4,70,old
6291,14.777459144592285,0.21401015602332285,CVPF,cracker_scene4,70,old
6292,14.77975344657898,0.21401015602332285,CVPF,cracker_scene4,70,old
6293,14.781940937042236,0.21401015602332285,CVPF,cracker_scene4,70,old
6294,14.784162282943726,0.21401015602332285,CVPF,cracker_scene4,70,old
6295,14.786865711212158,0.21433944013513706,CVPF,cracker_scene4,70,old
6296,14.789211750030518,0.21433944013513706,CVPF,cracker_scene4,70,old
6297,14.791402578353882,0.21433944013513706,CVPF,cracker_scene4,70,old
6298,14.79380488395691,0.2141941596617962,CVPF,cracker_scene4,70,old
6299,14.79610562324524,0.2141941596617962,CVPF,cracker_scene4,70,old
6300,14.798384189605713,0.2141941596617962,CVPF,cracker_scene4,70,old
6301,14.800614595413208,0.2141941596617962,CVPF,cracker_scene4,70,old
6302,14.80316710472107,0.21410637192775156,CVPF,cracker_scene4,70,old
6303,14.805932521820068,0.21410637192775156,CVPF,cracker_scene4,70,old
6304,14.808299541473389,0.21410637192775156,CVPF,cracker_scene4,70,old
6305,14.811248779296875,0.21418140516319967,CVPF,cracker_scene4,70,old
6306,14.81434416770935,0.21418140516319967,CVPF,cracker_scene4,70,old
6307,14.817266464233398,0.21410742313400458,CVPF,cracker_scene4,70,old
6308,14.820089340209961,0.21403833368468195,CVPF,cracker_scene4,70,old
6309,14.822473287582397,0.21403833368468195,CVPF,cracker_scene4,70,old
6310,14.824846982955933,0.21403833368468195,CVPF,cracker_scene4,70,old
6311,14.827349662780762,0.21431457463995554,CVPF,cracker_scene4,70,old
6312,14.829818964004517,0.21431457463995554,CVPF,cracker_scene4,70,old
6313,14.83211064338684,0.21431457463995554,CVPF,cracker_scene4,70,old
6314,14.834496021270752,0.21407217005844456,CVPF,cracker_scene4,70,old
6315,14.837202787399292,0.21407217005844456,CVPF,cracker_scene4,70,old
6316,14.840181589126587,0.21407217005844456,CVPF,cracker_scene4,70,old
6317,14.843812465667725,0.21681673962096346,CVPF,cracker_scene4,70,old
6318,14.846972227096558,0.21681673962096346,CVPF,cracker_scene4,70,old
6319,14.849998235702515,0.21681673962096346,CVPF,cracker_scene4,70,old
6320,14.853091716766357,0.2170321060046538,CVPF,cracker_scene4,70,old
6321,14.856262683868408,0.2170321060046538,CVPF,cracker_scene4,70,old
6322,14.859330415725708,0.2167325812893779,CVPF,cracker_scene4,70,old
6323,14.862587928771973,0.21666236178898174,CVPF,cracker_scene4,70,old
6324,14.865519523620605,0.21666236178898174,CVPF,cracker_scene4,70,old
6325,14.868545055389404,0.21683139186015243,CVPF,cracker_scene4,70,old
6326,14.871679544448853,0.21683139186015243,CVPF,cracker_scene4,70,old
6327,14.874603986740112,0.21683139186015243,CVPF,cracker_scene4,70,old
6328,14.87763500213623,0.2184733440654957,CVPF,cracker_scene4,70,old
6329,14.88081693649292,0.2184733440654957,CVPF,cracker_scene4,70,old
6330,14.883732318878174,0.2184733440654957,CVPF,cracker_scene4,70,old
6331,14.88681149482727,0.21683584194500138,CVPF,cracker_scene4,70,old
6332,14.88988184928894,0.21683584194500138,CVPF,cracker_scene4,70,old
6333,14.892887830734253,0.21683584194500138,CVPF,cracker_scene4,70,old
6334,14.896034479141235,0.2167988118164892,CVPF,cracker_scene4,70,old
6335,14.899047374725342,0.2167988118164892,CVPF,cracker_scene4,70,old
6336,14.902059316635132,0.2170248369584308,CVPF,cracker_scene4,70,old
6337,14.905193090438843,0.2170248369584308,CVPF,cracker_scene4,70,old
6338,14.908133745193481,0.2170248369584308,CVPF,cracker_scene4,70,old
6339,14.911288022994995,0.21684774003330431,CVPF,cracker_scene4,70,old
6340,14.914338111877441,0.21684774003330431,CVPF,cracker_scene4,70,old
6341,14.917329549789429,0.21677482052240368,CVPF,cracker_scene4,70,old
6342,14.920727252960205,0.21666319653869084,CVPF,cracker_scene4,70,old
6343,14.923447132110596,0.21666319653869084,CVPF,cracker_scene4,70,old
6344,14.925739288330078,0.21666319653869084,CVPF,cracker_scene4,70,old
6345,14.928389549255371,0.21858899718199085,CVPF,cracker_scene4,70,old
6346,14.930823802947998,0.21858899718199085,CVPF,cracker_scene4,70,old
6347,14.93293833732605,0.21858899718199085,CVPF,cracker_scene4,70,old
6348,14.935263395309448,0.21710237820876585,CVPF,cracker_scene4,70,old
6349,14.937850713729858,0.21710237820876585,CVPF,cracker_scene4,70,old
6350,14.940065383911133,0.21710237820876585,CVPF,cracker_scene4,70,old
6351,14.942338466644287,0.21892746889869985,CVPF,cracker_scene4,70,old
6352,14.944795846939087,0.21892746889869985,CVPF,cracker_scene4,70,old
6353,14.947098731994629,0.21892746889869985,CVPF,cracker_scene4,70,old
6354,14.949232339859009,0.21892746889869985,CVPF,cracker_scene4,70,old
6355,14.951637983322144,0.2185404095451434,CVPF,cracker_scene4,70,old
6356,14.954087734222412,0.2185404095451434,CVPF,cracker_scene4,70,old
6357,14.956257581710815,0.2185404095451434,CVPF,cracker_scene4,70,old
6358,14.958371877670288,0.2185404095451434,CVPF,cracker_scene4,70,old
6359,14.960598468780518,0.2185404095451434,CVPF,cracker_scene4,70,old
6360,14.962737560272217,0.2185404095451434,CVPF,cracker_scene4,70,old
6361,14.96503233909607,0.21738085803272789,CVPF,cracker_scene4,70,old
6362,14.967356443405151,0.21738085803272789,CVPF,cracker_scene4,70,old
6363,14.96956992149353,0.21738085803272789,CVPF,cracker_scene4,70,old
6364,14.972256898880005,0.21738085803272789,CVPF,cracker_scene4,70,old
6365,14.97465205192566,0.21746202788975222,CVPF,cracker_scene4,70,old
6366,14.976957082748413,0.21746202788975222,CVPF,cracker_scene4,70,old
6367,14.979233741760254,0.21746202788975222,CVPF,cracker_scene4,70,old
6368,14.98157811164856,0.21746202788975222,CVPF,cracker_scene4,70,old
6369,14.983890295028687,0.21746202788975222,CVPF,cracker_scene4,70,old
6370,14.986096382141113,0.21746202788975222,CVPF,cracker_scene4,70,old
6371,14.98854112625122,0.21749416484761144,CVPF,cracker_scene4,70,old
6372,14.99096155166626,0.21749416484761144,CVPF,cracker_scene4,70,old
6373,14.993361949920654,0.21749416484761144,CVPF,cracker_scene4,70,old
6374,14.99576711654663,0.21749416484761144,CVPF,cracker_scene4,70,old
6375,14.998110055923462,0.21751706527424491,CVPF,cracker_scene4,70,old
6376,15.000421285629272,0.21751706527424491,CVPF,cracker_scene4,70,old
6377,15.003424882888794,0.21393923552531943,CVPF,cracker_scene4,70,old
6378,15.006118297576904,0.21393923552531943,CVPF,cracker_scene4,70,old
6379,15.008330583572388,0.21388318895474362,CVPF,cracker_scene4,70,old
6380,15.01048994064331,0.21388318895474362,CVPF,cracker_scene4,70,old
6381,15.012902021408081,0.21393331291395595,CVPF,cracker_scene4,70,old
6382,15.01544451713562,0.21393331291395595,CVPF,cracker_scene4,70,old
6383,15.017679929733276,0.21393331291395595,CVPF,cracker_scene4,70,old
6384,15.020007133483887,0.2141677808979578,CVPF,cracker_scene4,70,old
6385,15.02239179611206,0.2141677808979578,CVPF,cracker_scene4,70,old
6386,15.024978876113892,0.2141677808979578,CVPF,cracker_scene4,70,old
6387,15.027413368225098,0.2141677808979578,CVPF,cracker_scene4,70,old
6388,15.0295991897583,0.21419071791311642,CVPF,cracker_scene4,70,old
6389,15.031901836395264,0.21412827529881864,CVPF,cracker_scene4,70,old
6390,15.0341317653656,0.21412827529881864,CVPF,cracker_scene4,70,old
6391,15.036688566207886,0.21412827529881864,CVPF,cracker_scene4,70,old
6392,15.039052248001099,0.21412827529881864,CVPF,cracker_scene4,70,old
6393,15.041224956512451,0.21412827529881864,CVPF,cracker_scene4,70,old
6394,15.04345154762268,0.2143162902057509,CVPF,cracker_scene4,70,old
6395,15.045974493026733,0.2143162902057509,CVPF,cracker_scene4,70,old
6396,15.048339605331421,0.2143162902057509,CVPF,cracker_scene4,70,old
6397,15.05056095123291,0.2143162902057509,CVPF,cracker_scene4,70,old
6398,15.052927017211914,0.21433461433476939,CVPF,cracker_scene4,70,old
6399,15.055503129959106,0.21433461433476939,CVPF,cracker_scene4,70,old
6400,15.057920932769775,0.21433461433476939,CVPF,cracker_scene4,70,old
6401,15.060265302658081,0.21498738640820828,CVPF,cracker_scene4,70,old
6402,15.06264042854309,0.21498738640820828,CVPF,cracker_scene4,70,old
6403,15.06511926651001,0.21498738640820828,CVPF,cracker_scene4,70,old
6404,15.06751823425293,0.21498738640820828,CVPF,cracker_scene4,70,old
6405,15.069905519485474,0.21498738640820828,CVPF,cracker_scene4,70,old
6406,15.07218599319458,0.2146595839134709,CVPF,cracker_scene4,70,old
6407,15.07437515258789,0.2146595839134709,CVPF,cracker_scene4,70,old
6408,15.076777458190918,0.2146595839134709,CVPF,cracker_scene4,70,old
6409,15.07902455329895,0.2146595839134709,CVPF,cracker_scene4,70,old
6410,15.081382989883423,0.2146595839134709,CVPF,cracker_scene4,70,old
6411,15.083701610565186,0.2146595839134709,CVPF,cracker_scene4,70,old
6412,15.085981845855713,0.2146964886295034,CVPF,cracker_scene4,70,old
6413,15.088245391845703,0.2146964886295034,CVPF,cracker_scene4,70,old
6414,15.090552806854248,0.2146964886295034,CVPF,cracker_scene4,70,old
6415,15.092997550964355,0.2146964886295034,CVPF,cracker_scene4,70,old
6416,15.095584392547607,0.21532002695618446,CVPF,cracker_scene4,70,old
6417,15.098113059997559,0.21532002695618446,CVPF,cracker_scene4,70,old
6418,15.100488185882568,0.21606005276597978,CVPF,cracker_scene4,70,old
6419,15.103145599365234,0.21610238011153093,CVPF,cracker_scene4,70,old
6420,15.10569453239441,0.21572360109122735,CVPF,cracker_scene4,70,old
6421,15.108105182647705,0.21626192905755504,CVPF,cracker_scene4,70,old
6422,15.110665082931519,0.21626192905755504,CVPF,cracker_scene4,70,old
6423,15.113128423690796,0.21734692183751209,CVPF,cracker_scene4,70,old
6424,15.11565113067627,0.21734692183751209,CVPF,cracker_scene4,70,old
6425,15.118003129959106,0.2168823351327556,CVPF,cracker_scene4,70,old
6426,15.120501041412354,0.2168823351327556,CVPF,cracker_scene4,70,old
6427,15.122890949249268,0.2168823351327556,CVPF,cracker_scene4,70,old
6428,15.125356912612915,0.2172307738612915,CVPF,cracker_scene4,70,old
6429,15.12807035446167,0.21887430236354985,CVPF,cracker_scene4,70,old
6430,15.130573272705078,0.21887430236354985,CVPF,cracker_scene4,70,old
6431,15.133241653442383,0.21807792714539245,CVPF,cracker_scene4,70,old
6432,15.135682106018066,0.21807792714539245,CVPF,cracker_scene4,70,old
6433,15.138213872909546,0.2194951953686398,CVPF,cracker_scene4,70,old
6434,15.140692710876465,0.2194951953686398,CVPF,cracker_scene4,70,old
6435,15.143174886703491,0.21788915281166638,CVPF,cracker_scene4,70,old
6436,15.145655632019043,0.21788915281166638,CVPF,cracker_scene4,70,old
6437,15.148172378540039,0.21788915281166638,CVPF,cracker_scene4,70,old
6438,15.150468826293945,0.21788915281166638,CVPF,cracker_scene4,70,old
6439,15.15278697013855,0.21809669571976992,CVPF,cracker_scene4,70,old
6440,15.155214786529541,0.21809669571976992,CVPF,cracker_scene4,70,old
6441,15.157546043395996,0.21809669571976992,CVPF,cracker_scene4,70,old
6442,15.159900903701782,0.21872993594900716,CVPF,cracker_scene4,70,old
6443,15.162346839904785,0.21872993594900716,CVPF,cracker_scene4,70,old
6444,15.164778232574463,0.2099428530903958,CVPF,cracker_scene4,70,old
6445,15.167587757110596,0.21135054972518108,CVPF,cracker_scene4,70,old
6446,15.16991138458252,0.21135054972518108,CVPF,cracker_scene4,70,old
6447,15.172480821609497,0.21135054972518108,CVPF,cracker_scene4,70,old
6448,15.174702644348145,0.21135054972518108,CVPF,cracker_scene4,70,old
6449,15.177115678787231,0.2109153932787448,CVPF,cracker_scene4,70,old
6450,15.17951250076294,0.2109153932787448,CVPF,cracker_scene4,70,old
6451,15.181794881820679,0.2109153932787448,CVPF,cracker_scene4,70,old
6452,15.184072256088257,0.2117155354062882,CVPF,cracker_scene4,70,old
6453,15.186578512191772,0.21224522352153644,CVPF,cracker_scene4,70,old
6454,15.189128160476685,0.21224522352153644,CVPF,cracker_scene4,70,old
6455,15.19129490852356,0.21224522352153644,CVPF,cracker_scene4,70,old
6456,15.193730115890503,0.21151252894502787,CVPF,cracker_scene4,70,old
6457,15.196173906326294,0.21151252894502787,CVPF,cracker_scene4,70,old
6458,15.198458909988403,0.21151252894502787,CVPF,cracker_scene4,70,old
6459,15.200767993927002,0.21151252894502787,CVPF,cracker_scene4,70,old
6460,15.203299522399902,0.2129819729545836,CVPF,cracker_scene4,70,old
6461,15.205647945404053,0.2129819729545836,CVPF,cracker_scene4,70,old
6462,15.207863330841064,0.2129819729545836,CVPF,cracker_scene4,70,old
6463,15.210221529006958,0.21210566880075932,CVPF,cracker_scene4,70,old
6464,15.212716579437256,0.21210566880075932,CVPF,cracker_scene4,70,old
6465,15.214982748031616,0.21210566880075932,CVPF,cracker_scene4,70,old
6466,15.217311143875122,0.2121644923720759,CVPF,cracker_scene4,70,old
6467,15.21969985961914,0.21254010200994436,CVPF,cracker_scene4,70,old
6468,15.222097635269165,0.21254010200994436,CVPF,cracker_scene4,70,old
6469,15.224326133728027,0.21254010200994436,CVPF,cracker_scene4,70,old
6470,15.226719617843628,0.21296669520757106,CVPF,cracker_scene4,70,old
6471,15.229069709777832,0.21296669520757106,CVPF,cracker_scene4,70,old
6472,15.231277465820312,0.21296669520757106,CVPF,cracker_scene4,70,old
6473,15.233477115631104,0.21296669520757106,CVPF,cracker_scene4,70,old
6474,15.235884666442871,0.21331944542522321,CVPF,cracker_scene4,70,old
6475,15.238439083099365,0.21331944542522321,CVPF,cracker_scene4,70,old
6476,15.240659236907959,0.21331944542522321,CVPF,cracker_scene4,70,old
6477,15.242958307266235,0.21384120711280058,CVPF,cracker_scene4,70,old
6478,15.24528169631958,0.21384120711280058,CVPF,cracker_scene4,70,old
6479,15.247601509094238,0.21384120711280058,CVPF,cracker_scene4,70,old
6480,15.249815702438354,0.21384120711280058,CVPF,cracker_scene4,70,old
6481,15.252276420593262,0.21427669456442694,CVPF,cracker_scene4,70,old
6482,15.254721403121948,0.21427669456442694,CVPF,cracker_scene4,70,old
6483,15.256928443908691,0.21427669456442694,CVPF,cracker_scene4,70,old
6484,15.259262800216675,0.21434445263996482,CVPF,cracker_scene4,70,old
6485,15.26166582107544,0.21485352093916482,CVPF,cracker_scene4,70,old
6486,15.264034271240234,0.21485352093916482,CVPF,cracker_scene4,70,old
6487,15.266327381134033,0.21485352093916482,CVPF,cracker_scene4,70,old
6488,15.268760442733765,0.21525465188973955,CVPF,cracker_scene4,70,old
6489,15.271149396896362,0.21525465188973955,CVPF,cracker_scene4,70,old
6490,15.273342609405518,0.21525465188973955,CVPF,cracker_scene4,70,old
6491,15.275647401809692,0.21529130134220226,CVPF,cracker_scene4,70,old
6492,15.278010368347168,0.2159009632385871,CVPF,cracker_scene4,70,old
6493,15.280415058135986,0.2159009632385871,CVPF,cracker_scene4,70,old
6494,15.282682418823242,0.2159009632385871,CVPF,cracker_scene4,70,old
6495,15.284913301467896,0.2159009632385871,CVPF,cracker_scene4,70,old
6496,15.287766218185425,0.21598146708845303,CVPF,cracker_scene4,70,old
6497,15.290148973464966,0.21598146708845303,CVPF,cracker_scene4,70,old
6498,15.292529344558716,0.21598146708845303,CVPF,cracker_scene4,70,old
6499,15.29492449760437,0.21774250332818224,CVPF,cracker_scene4,70,old
6500,15.297277688980103,0.21774250332818224,CVPF,cracker_scene4,70,old
6501,15.299455642700195,0.21774250332818224,CVPF,cracker_scene4,70,old
6502,15.301830768585205,0.21869483580403992,CVPF,cracker_scene4,70,old
6503,15.304304122924805,0.21742281522844242,CVPF,cracker_scene4,70,old
6504,15.306643962860107,0.21742281522844242,CVPF,cracker_scene4,70,old
6505,15.30881404876709,0.21866263192044263,CVPF,cracker_scene4,70,old
6506,15.311179161071777,0.2191837290529734,CVPF,cracker_scene4,70,old
6507,15.31357455253601,0.2191837290529734,CVPF,cracker_scene4,70,old
6508,15.316006898880005,0.2191837290529734,CVPF,cracker_scene4,70,old
6509,15.31870150566101,0.21983510843758508,CVPF,cracker_scene4,70,old
6510,15.321219205856323,0.21983510843758508,CVPF,cracker_scene4,70,old
6511,15.324237823486328,0.21983510843758508,CVPF,cracker_scene4,70,old
6512,15.326786994934082,0.21846130704358518,CVPF,cracker_scene4,70,old
6513,15.329194784164429,0.21846130704358518,CVPF,cracker_scene4,70,old
6514,15.331451177597046,0.21846130704358518,CVPF,cracker_scene4,70,old
6515,15.333824634552002,0.21842473617925853,CVPF,cracker_scene4,70,old
6516,15.336189031600952,0.21865024647194292,CVPF,cracker_scene4,70,old
6517,15.338580846786499,0.21865024647194292,CVPF,cracker_scene4,70,old
6518,15.340785026550293,0.21865024647194292,CVPF,cracker_scene4,70,old
6519,15.34313440322876,0.21865024647194292,CVPF,cracker_scene4,70,old
6520,15.345463991165161,0.21791329923708783,CVPF,cracker_scene4,70,old
6521,15.347808361053467,0.21791329923708783,CVPF,cracker_scene4,70,old
6522,15.350044250488281,0.21791329923708783,CVPF,cracker_scene4,70,old
6523,15.352425336837769,0.21856347053507624,CVPF,cracker_scene4,70,old
6524,15.354817628860474,0.21856347053507624,CVPF,cracker_scene4,70,old
6525,15.357061624526978,0.21856347053507624,CVPF,cracker_scene4,70,old
6526,15.359349966049194,0.21856347053507624,CVPF,cracker_scene4,70,old
6527,15.361680269241333,0.21974111995809678,CVPF,cracker_scene4,70,old
6528,15.364074468612671,0.21974111995809678,CVPF,cracker_scene4,70,old
6529,15.366240978240967,0.21974111995809678,CVPF,cracker_scene4,70,old
6530,15.368670463562012,0.22127678563596995,CVPF,cracker_scene4,70,old
6531,15.371015310287476,0.22127678563596995,CVPF,cracker_scene4,70,old
6532,15.37352442741394,0.22127678563596995,CVPF,cracker_scene4,70,old
6533,15.375725269317627,0.22084861325588398,CVPF,cracker_scene4,70,old
6534,15.378090143203735,0.22117177462224005,CVPF,cracker_scene4,70,old
6535,15.380404710769653,0.22117177462224005,CVPF,cracker_scene4,70,old
6536,15.38268232345581,0.22117177462224005,CVPF,cracker_scene4,70,old
6537,15.385047912597656,0.2226310240310598,CVPF,cracker_scene4,70,old
6538,15.387408256530762,0.2226310240310598,CVPF,cracker_scene4,70,old
6539,15.389620304107666,0.2226310240310598,CVPF,cracker_scene4,70,old
6540,15.39180064201355,0.2226310240310598,CVPF,cracker_scene4,70,old
6541,15.394222736358643,0.22303371895365104,CVPF,cracker_scene4,70,old
6542,15.396657228469849,0.22303371895365104,CVPF,cracker_scene4,70,old
6543,15.39902949333191,0.22303371895365104,CVPF,cracker_scene4,70,old
6544,15.40148377418518,0.22363129820521477,CVPF,cracker_scene4,70,old
6545,15.404141902923584,0.22363129820521477,CVPF,cracker_scene4,70,old
6546,15.406332015991211,0.22363129820521477,CVPF,cracker_scene4,70,old
6547,15.408569812774658,0.22363129820521477,CVPF,cracker_scene4,70,old
6548,15.41102123260498,0.22437550437222414,CVPF,cracker_scene4,70,old
6549,15.413425207138062,0.22437550437222414,CVPF,cracker_scene4,70,old
6550,15.415666341781616,0.22437550437222414,CVPF,cracker_scene4,70,old
6551,15.418040752410889,0.22433312840325745,CVPF,cracker_scene4,70,old
6552,15.420403242111206,0.22433312840325745,CVPF,cracker_scene4,70,old
6553,15.422719478607178,0.22433312840325745,CVPF,cracker_scene4,70,old
6554,15.424939632415771,0.22433312840325745,CVPF,cracker_scene4,70,old
6555,15.427294254302979,0.22572597145883264,CVPF,cracker_scene4,70,old
6556,15.429620504379272,0.22572597145883264,CVPF,cracker_scene4,70,old
6557,15.431800365447998,0.22572597145883264,CVPF,cracker_scene4,70,old
6558,15.434146881103516,0.22628816256789847,CVPF,cracker_scene4,70,old
6559,15.436613082885742,0.22628816256789847,CVPF,cracker_scene4,70,old
6560,15.439079761505127,0.22628816256789847,CVPF,cracker_scene4,70,old
6561,15.441183805465698,0.22628816256789847,CVPF,cracker_scene4,70,old
6562,15.44420313835144,0.2258016665803458,CVPF,cracker_scene4,70,old
6563,15.447580575942993,0.2258016665803458,CVPF,cracker_scene4,70,old
6564,15.451074361801147,0.22716366117783518,CVPF,cracker_scene4,70,old
6565,15.454652309417725,0.22716366117783518,CVPF,cracker_scene4,70,old
6566,15.457971096038818,0.22716366117783518,CVPF,cracker_scene4,70,old
6567,15.460578203201294,0.2272238672508182,CVPF,cracker_scene4,70,old
6568,15.46313190460205,0.22749920496299822,CVPF,cracker_scene4,70,old
6569,15.465587377548218,0.22749920496299822,CVPF,cracker_scene4,70,old
6570,15.467994928359985,0.22709254518428446,CVPF,cracker_scene4,70,old
6571,15.47061276435852,0.22709254518428446,CVPF,cracker_scene4,70,old
6572,15.473222255706787,0.22709254518428446,CVPF,cracker_scene4,70,old
6573,15.47568392753601,0.2284201586452108,CVPF,cracker_scene4,70,old
6574,15.478120803833008,0.2284201586452108,CVPF,cracker_scene4,70,old
6575,15.480629682540894,0.2284201586452108,CVPF,cracker_scene4,70,old
6576,15.48302674293518,0.2284201586452108,CVPF,cracker_scene4,70,old
6577,15.485467433929443,0.2289382057511559,CVPF,cracker_scene4,70,old
6578,15.487947225570679,0.2289382057511559,CVPF,cracker_scene4,70,old
6579,15.490242004394531,0.2289382057511559,CVPF,cracker_scene4,70,old
6580,15.49363899230957,0.22794410394190232,CVPF,cracker_scene4,70,old
6581,15.496105194091797,0.22794410394190232,CVPF,cracker_scene4,70,old
6582,15.49850082397461,0.22794410394190232,CVPF,cracker_scene4,70,old
6583,15.500839233398438,0.2292081028868996,CVPF,cracker_scene4,70,old
6584,15.503379106521606,0.2292081028868996,CVPF,cracker_scene4,70,old
6585,15.505797147750854,0.2292081028868996,CVPF,cracker_scene4,70,old
6586,15.50795841217041,0.2292081028868996,CVPF,cracker_scene4,70,old
6587,15.510306119918823,0.22966331294762252,CVPF,cracker_scene4,70,old
6588,15.512658834457397,0.22966331294762252,CVPF,cracker_scene4,70,old
6589,15.514971017837524,0.22966331294762252,CVPF,cracker_scene4,70,old
6590,15.517166376113892,0.22972214246493955,CVPF,cracker_scene4,70,old
6591,15.519599676132202,0.23015042745163963,CVPF,cracker_scene4,70,old
6592,15.52198076248169,0.23015042745163963,CVPF,cracker_scene4,70,old
6593,15.524493217468262,0.23015042745163963,CVPF,cracker_scene4,70,old
6594,15.526926755905151,0.23059962125773173,CVPF,cracker_scene4,70,old
6595,15.529456853866577,0.23059962125773173,CVPF,cracker_scene4,70,old
6596,15.531885862350464,0.23059962125773173,CVPF,cracker_scene4,70,old
6597,15.534267902374268,0.23059962125773173,CVPF,cracker_scene4,70,old
6598,15.536885976791382,0.23050071494090585,CVPF,cracker_scene4,70,old
6599,15.539301872253418,0.23050071494090585,CVPF,cracker_scene4,70,old
6600,15.541523933410645,0.23050071494090585,CVPF,cracker_scene4,70,old
6601,15.54402470588684,0.23188294164215084,CVPF,cracker_scene4,70,old
6602,15.547037601470947,0.23188294164215084,CVPF,cracker_scene4,70,old
6603,15.549235343933105,0.23188294164215084,CVPF,cracker_scene4,70,old
6604,15.551620483398438,0.232467231537245,CVPF,cracker_scene4,70,old
6605,15.553945064544678,0.232467231537245,CVPF,cracker_scene4,70,old
6606,15.556320428848267,0.232467231537245,CVPF,cracker_scene4,70,old
6607,15.558595418930054,0.232467231537245,CVPF,cracker_scene4,70,old
6608,15.56092619895935,0.23252196100152894,CVPF,cracker_scene4,70,old
6609,15.563320636749268,0.23252196100152894,CVPF,cracker_scene4,70,old
6610,15.565534114837646,0.23252196100152894,CVPF,cracker_scene4,70,old
6611,15.567900657653809,0.23431509340964055,CVPF,cracker_scene4,70,old
6612,15.570462703704834,0.23431509340964055,CVPF,cracker_scene4,70,old
6613,15.573020219802856,0.23431509340964055,CVPF,cracker_scene4,70,old
6614,15.575457096099854,0.2343319446973944,CVPF,cracker_scene4,70,old
6615,15.57790493965149,0.23510649487544352,CVPF,cracker_scene4,70,old
6616,15.580225229263306,0.23510649487544352,CVPF,cracker_scene4,70,old
6617,15.582372903823853,0.23510649487544352,CVPF,cracker_scene4,70,old
6618,15.58488917350769,0.23483849112188573,CVPF,cracker_scene4,70,old
6619,15.587323427200317,0.23483849112188573,CVPF,cracker_scene4,70,old
6620,15.589813470840454,0.23483849112188573,CVPF,cracker_scene4,70,old
6621,15.592255353927612,0.235842462502578,CVPF,cracker_scene4,70,old
6622,15.594850540161133,0.23603217896551307,CVPF,cracker_scene4,70,old
6623,15.5972261428833,0.23603217896551307,CVPF,cracker_scene4,70,old
6624,15.59946084022522,0.23603217896551307,CVPF,cracker_scene4,70,old
6625,15.602025270462036,0.23569651135409123,CVPF,cracker_scene4,70,old
6626,15.604530811309814,0.23569651135409123,CVPF,cracker_scene4,70,old
6627,15.606969594955444,0.23569651135409123,CVPF,cracker_scene4,70,old
6628,15.609427690505981,0.23680584098679028,CVPF,cracker_scene4,70,old
6629,15.612018346786499,0.23680584098679028,CVPF,cracker_scene4,70,old
6630,15.614336252212524,0.23680584098679028,CVPF,cracker_scene4,70,old
6631,15.616695165634155,0.23680584098679028,CVPF,cracker_scene4,70,old
6632,15.61922025680542,0.23679085521180546,CVPF,cracker_scene4,70,old
6633,15.621662378311157,0.23679085521180546,CVPF,cracker_scene4,70,old
6634,15.624170780181885,0.23679085521180546,CVPF,cracker_scene4,70,old
6635,15.62676191329956,0.23728709036213072,CVPF,cracker_scene4,70,old
6636,15.629282236099243,0.23728709036213072,CVPF,cracker_scene4,70,old
6637,15.631648063659668,0.23728709036213072,CVPF,cracker_scene4,70,old
6638,15.633895635604858,0.23732750332328523,CVPF,cracker_scene4,70,old
6639,15.636451005935669,0.23810484969814236,CVPF,cracker_scene4,70,old
6640,15.639029741287231,0.23810484969814236,CVPF,cracker_scene4,70,old
6641,15.641355514526367,0.23810484969814236,CVPF,cracker_scene4,70,old
6642,15.643944025039673,0.23991176497323605,CVPF,cracker_scene4,70,old
6643,15.646974802017212,0.22908226278180344,CVPF,cracker_scene4,70,old
6644,15.649198532104492,0.22908226278180344,CVPF,cracker_scene4,70,old
6645,15.651527166366577,0.22836523772649647,CVPF,cracker_scene4,70,old
6646,15.653977155685425,0.22836523772649647,CVPF,cracker_scene4,70,old
6647,15.656208515167236,0.22836523772649647,CVPF,cracker_scene4,70,old
6648,15.658385992050171,0.22836523772649647,CVPF,cracker_scene4,70,old
6649,15.660787343978882,0.23006704695578814,CVPF,cracker_scene4,70,old
6650,15.663119077682495,0.23006704695578814,CVPF,cracker_scene4,70,old
6651,15.665419101715088,0.23006704695578814,CVPF,cracker_scene4,70,old
6652,15.667978048324585,0.2293038981925902,CVPF,cracker_scene4,70,old
6653,15.670454978942871,0.2293038981925902,CVPF,cracker_scene4,70,old
6654,15.672725677490234,0.2293038981925902,CVPF,cracker_scene4,70,old
6655,15.675145149230957,0.2293038981925902,CVPF,cracker_scene4,70,old
6656,15.677628993988037,0.2297790467177116,CVPF,cracker_scene4,70,old
6657,15.680005550384521,0.2297790467177116,CVPF,cracker_scene4,70,old
6658,15.682244539260864,0.2297790467177116,CVPF,cracker_scene4,70,old
6659,15.684727907180786,0.23024369112114176,CVPF,cracker_scene4,70,old
6660,15.687082052230835,0.23024369112114176,CVPF,cracker_scene4,70,old
6661,15.689407348632812,0.23024369112114176,CVPF,cracker_scene4,70,old
6662,15.691571235656738,0.23024369112114176,CVPF,cracker_scene4,70,old
6663,15.69411587715149,0.23190277556138889,CVPF,cracker_scene4,70,old
6664,15.696540355682373,0.23190277556138889,CVPF,cracker_scene4,70,old
6665,15.698789596557617,0.23190277556138889,CVPF,cracker_scene4,70,old
6666,15.70124101638794,0.23241202731069235,CVPF,cracker_scene4,70,old
6667,15.70363736152649,0.23132863457884556,CVPF,cracker_scene4,70,old
6668,15.706021547317505,0.23132863457884556,CVPF,cracker_scene4,70,old
6669,15.708314180374146,0.23132863457884556,CVPF,cracker_scene4,70,old
6670,15.710656642913818,0.23132373938899262,CVPF,cracker_scene4,70,old
6671,15.713000297546387,0.23132373938899262,CVPF,cracker_scene4,70,old
6672,15.71521258354187,0.23132373938899262,CVPF,cracker_scene4,70,old
6673,15.717485427856445,0.2317224144473203,CVPF,cracker_scene4,70,old
6674,15.719852209091187,0.23168613645943487,CVPF,cracker_scene4,70,old
6675,15.722191095352173,0.23168613645943487,CVPF,cracker_scene4,70,old
6676,15.724337816238403,0.23168613645943487,CVPF,cracker_scene4,70,old
6677,15.726872205734253,0.23231556808666867,CVPF,cracker_scene4,70,old
6678,15.72913122177124,0.23231556808666867,CVPF,cracker_scene4,70,old
6679,15.731334686279297,0.23231556808666867,CVPF,cracker_scene4,70,old
6680,15.73359751701355,0.23231556808666867,CVPF,cracker_scene4,70,old
6681,15.73602819442749,0.232633093361511,CVPF,cracker_scene4,70,old
6682,15.73840618133545,0.232633093361511,CVPF,cracker_scene4,70,old
6683,15.740556001663208,0.232633093361511,CVPF,cracker_scene4,70,old
6684,15.742897748947144,0.23332734512791395,CVPF,cracker_scene4,70,old
6685,15.745400428771973,0.23332734512791395,CVPF,cracker_scene4,70,old
6686,15.747834205627441,0.23332734512791395,CVPF,cracker_scene4,70,old
6687,15.750019311904907,0.23332734512791395,CVPF,cracker_scene4,70,old
6688,15.752493619918823,0.23335182622029374,CVPF,cracker_scene4,70,old
6689,15.754880666732788,0.23335182622029374,CVPF,cracker_scene4,70,old
6690,15.757055282592773,0.23335182622029374,CVPF,cracker_scene4,70,old
6691,15.759306192398071,0.23335182622029374,CVPF,cracker_scene4,70,old
6692,15.761479377746582,0.23335182622029374,CVPF,cracker_scene4,70,old
6693,15.763940572738647,0.2344399857758933,CVPF,cracker_scene4,70,old
6694,15.766355276107788,0.2344399857758933,CVPF,cracker_scene4,70,old
6695,15.768486499786377,0.2344399857758933,CVPF,cracker_scene4,70,old
6696,15.770745038986206,0.2344399857758933,CVPF,cracker_scene4,70,old
6697,15.773237228393555,0.2344399857758933,CVPF,cracker_scene4,70,old
6698,15.77573847770691,0.234711093113657,CVPF,cracker_scene4,70,old
6699,15.778046369552612,0.234711093113657,CVPF,cracker_scene4,70,old
6700,15.781229734420776,0.234711093113657,CVPF,cracker_scene4,70,old
6701,15.784691333770752,0.234711093113657,CVPF,cracker_scene4,70,old
6702,15.788140535354614,0.23657153055077307,CVPF,cracker_scene4,70,old
6703,15.790703058242798,0.23657153055077307,CVPF,cracker_scene4,70,old
6704,15.793205738067627,0.23657153055077307,CVPF,cracker_scene4,70,old
6705,15.795629024505615,0.2361852997113422,CVPF,cracker_scene4,70,old
6706,15.79788613319397,0.2361852997113422,CVPF,cracker_scene4,70,old
6707,15.800285339355469,0.2367178892404257,CVPF,cracker_scene4,70,old
6708,15.802652835845947,0.2367178892404257,CVPF,cracker_scene4,70,old
6709,15.80509066581726,0.2367178892404257,CVPF,cracker_scene4,70,old
6710,15.807552337646484,0.2367178892404257,CVPF,cracker_scene4,70,old
6711,15.810382843017578,0.2367178892404257,CVPF,cracker_scene4,70,old
6712,15.812859296798706,0.21215617476392712,CVPF,cracker_scene4,70,old
6713,15.815212726593018,0.21215617476392712,CVPF,cracker_scene4,70,old
6714,15.817445516586304,0.21215617476392712,CVPF,cracker_scene4,70,old
6715,15.819612264633179,0.21215617476392712,CVPF,cracker_scene4,70,old
6716,15.821820497512817,0.21056876748018283,CVPF,cracker_scene4,70,old
6717,15.824100971221924,0.21067734994787735,CVPF,cracker_scene4,70,old
6718,15.826310634613037,0.21067734994787735,CVPF,cracker_scene4,70,old
6719,15.828497648239136,0.21067734994787735,CVPF,cracker_scene4,70,old
6720,15.830769777297974,0.21067734994787735,CVPF,cracker_scene4,70,old
6721,15.833259344100952,0.21067734994787735,CVPF,cracker_scene4,70,old
6722,15.83559274673462,0.21263097687659105,CVPF,cracker_scene4,70,old
6723,15.837890625,0.21263097687659105,CVPF,cracker_scene4,70,old
6724,15.840291976928711,0.21263097687659105,CVPF,cracker_scene4,70,old
6725,15.842548847198486,0.21263097687659105,CVPF,cracker_scene4,70,old
6726,15.844875574111938,0.21263097687659105,CVPF,cracker_scene4,70,old
6727,15.84717583656311,0.21263097687659105,CVPF,cracker_scene4,70,old
6728,15.849438190460205,0.21145816633310943,CVPF,cracker_scene4,70,old
6729,15.851703405380249,0.21145816633310943,CVPF,cracker_scene4,70,old
6730,15.853904962539673,0.21145816633310943,CVPF,cracker_scene4,70,old
6731,15.856194019317627,0.21145816633310943,CVPF,cracker_scene4,70,old
6732,15.858537912368774,0.21145816633310943,CVPF,cracker_scene4,70,old
6733,15.860674858093262,0.21145816633310943,CVPF,cracker_scene4,70,old
6734,15.862915277481079,0.21290176591935595,CVPF,cracker_scene4,70,old
6735,15.865344762802124,0.21290176591935595,CVPF,cracker_scene4,70,old
6736,15.867573738098145,0.21290176591935595,CVPF,cracker_scene4,70,old
6737,15.869923114776611,0.21290176591935595,CVPF,cracker_scene4,70,old
6738,15.872377157211304,0.21290176591935595,CVPF,cracker_scene4,70,old
6739,15.874656438827515,0.21284182455232514,CVPF,cracker_scene4,70,old
6740,15.87729263305664,0.21327104379119888,CVPF,cracker_scene4,70,old
6741,15.879669189453125,0.21327104379119888,CVPF,cracker_scene4,70,old
6742,15.882133483886719,0.21327104379119888,CVPF,cracker_scene4,70,old
6743,15.884412050247192,0.21327104379119888,CVPF,cracker_scene4,70,old
6744,15.886918067932129,0.2119421393922618,CVPF,cracker_scene4,70,old
6745,15.889071464538574,0.2119421393922618,CVPF,cracker_scene4,70,old
6746,15.891319274902344,0.2119421393922618,CVPF,cracker_scene4,70,old
6747,15.893559455871582,0.2119421393922618,CVPF,cracker_scene4,70,old
6748,15.89603567123413,0.2119421393922618,CVPF,cracker_scene4,70,old
6749,15.898499965667725,0.21242304680134705,CVPF,cracker_scene4,70,old
6750,15.900918960571289,0.21242304680134705,CVPF,cracker_scene4,70,old
6751,15.903464794158936,0.2125889458267789,CVPF,cracker_scene4,70,old
6752,15.905938386917114,0.2125889458267789,CVPF,cracker_scene4,70,old
6753,15.908342123031616,0.21266892703067253,CVPF,cracker_scene4,70,old
6754,15.91071343421936,0.21266892703067253,CVPF,cracker_scene4,70,old
6755,15.913066387176514,0.21282695850112354,CVPF,cracker_scene4,70,old
6756,15.91542649269104,0.21282695850112354,CVPF,cracker_scene4,70,old
6757,15.917793989181519,0.2129694459989402,CVPF,cracker_scene4,70,old
6758,15.920224905014038,0.2129694459989402,CVPF,cracker_scene4,70,old
6759,15.922624588012695,0.2132506752117349,CVPF,cracker_scene4,70,old
6760,15.92494535446167,0.2132506752117349,CVPF,cracker_scene4,70,old
6761,15.927323818206787,0.21374139190881714,CVPF,cracker_scene4,70,old
6762,15.92964243888855,0.21353844389173826,CVPF,cracker_scene4,70,old
6763,15.93201756477356,0.21353844389173826,CVPF,cracker_scene4,70,old
6764,15.934288501739502,0.21353844389173826,CVPF,cracker_scene4,70,old
6765,15.936877727508545,0.21365742709941227,CVPF,cracker_scene4,70,old
6766,15.939422845840454,0.21365742709941227,CVPF,cracker_scene4,70,old
6767,15.941894292831421,0.21364022249494585,CVPF,cracker_scene4,70,old
6768,15.944275379180908,0.21364022249494585,CVPF,cracker_scene4,70,old
6769,15.94684624671936,0.21386501122029422,CVPF,cracker_scene4,70,old
6770,15.949414253234863,0.21412176618071577,CVPF,cracker_scene4,70,old
6771,15.95194697380066,0.2141583665265383,CVPF,cracker_scene4,70,old
6772,15.954395771026611,0.2141583665265383,CVPF,cracker_scene4,70,old
6773,15.957010269165039,0.21478663535634723,CVPF,cracker_scene4,70,old
6774,15.959533214569092,0.21478663535634723,CVPF,cracker_scene4,70,old
6775,15.962146282196045,0.21482882711651552,CVPF,cracker_scene4,70,old
6776,15.964543342590332,0.21482882711651552,CVPF,cracker_scene4,70,old
6777,15.967691659927368,0.21482882711651552,CVPF,cracker_scene4,70,old
6778,15.970128059387207,0.19361510933794793,CVPF,cracker_scene4,70,old
6779,15.972519636154175,0.19361510933794793,CVPF,cracker_scene4,70,old
6780,15.974738836288452,0.19361510933794793,CVPF,cracker_scene4,70,old
6781,15.977066040039062,0.193803303031025,CVPF,cracker_scene4,70,old
6782,15.979447603225708,0.193803303031025,CVPF,cracker_scene4,70,old
6783,15.981645345687866,0.193803303031025,CVPF,cracker_scene4,70,old
6784,15.983912467956543,0.193803303031025,CVPF,cracker_scene4,70,old
6785,15.986298322677612,0.19380197203873403,CVPF,cracker_scene4,70,old
6786,15.988693237304688,0.19380197203873403,CVPF,cracker_scene4,70,old
6787,15.99086332321167,0.19380197203873403,CVPF,cracker_scene4,70,old
6788,15.993215084075928,0.19380197203873403,CVPF,cracker_scene4,70,old
6789,15.995671033859253,0.19393993273177557,CVPF,cracker_scene4,70,old
6790,15.998067617416382,0.19393993273177557,CVPF,cracker_scene4,70,old
6791,16.00032353401184,0.1939236261451735,CVPF,cracker_scene4,70,old
6792,16.00268578529358,0.19413535641866353,CVPF,cracker_scene4,70,old
6793,16.00525426864624,0.19413535641866353,CVPF,cracker_scene4,70,old
6794,16.007569551467896,0.19413535641866353,CVPF,cracker_scene4,70,old
6795,16.00988793373108,0.1946567487272723,CVPF,cracker_scene4,70,old
6796,16.012234449386597,0.1946567487272723,CVPF,cracker_scene4,70,old
6797,16.014589548110962,0.1946567487272723,CVPF,cracker_scene4,70,old
6798,16.016849756240845,0.1946567487272723,CVPF,cracker_scene4,70,old
6799,16.01926064491272,0.19461638911524115,CVPF,cracker_scene4,70,old
6800,16.021640300750732,0.19461638911524115,CVPF,cracker_scene4,70,old
6801,16.02381658554077,0.19461638911524115,CVPF,cracker_scene4,70,old
6802,16.025978565216064,0.19461638911524115,CVPF,cracker_scene4,70,old
6803,16.028640031814575,0.1966114151494129,CVPF,cracker_scene4,70,old
6804,16.03090190887451,0.1966114151494129,CVPF,cracker_scene4,70,old
6805,16.033100128173828,0.1966114151494129,CVPF,cracker_scene4,70,old
6806,16.035504817962646,0.1968625607252404,CVPF,cracker_scene4,70,old
6807,16.03812575340271,0.1968625607252404,CVPF,cracker_scene4,70,old
6808,16.04029393196106,0.1968625607252404,CVPF,cracker_scene4,70,old
6809,16.042608499526978,0.1951952379113738,CVPF,cracker_scene4,70,old
6810,16.045016050338745,0.1951952379113738,CVPF,cracker_scene4,70,old
6811,16.04730534553528,0.1951952379113738,CVPF,cracker_scene4,70,old
6812,16.049503803253174,0.1951952379113738,CVPF,cracker_scene4,70,old
6813,16.05215859413147,0.19556582673723408,CVPF,cracker_scene4,70,old
6814,16.054564952850342,0.19556582673723408,CVPF,cracker_scene4,70,old
6815,16.05673050880432,0.19556582673723408,CVPF,cracker_scene4,70,old
6816,16.0589439868927,0.19556582673723408,CVPF,cracker_scene4,70,old
6817,16.06131625175476,0.19537536073655373,CVPF,cracker_scene4,70,old
6818,16.063711643218994,0.19537536073655373,CVPF,cracker_scene4,70,old
6819,16.065983533859253,0.19537536073655373,CVPF,cracker_scene4,70,old
6820,16.068352699279785,0.19708084404477444,CVPF,cracker_scene4,70,old
6821,16.070836067199707,0.19708084404477444,CVPF,cracker_scene4,70,old
6822,16.07315754890442,0.19708084404477444,CVPF,cracker_scene4,70,old
6823,16.075380563735962,0.19708084404477444,CVPF,cracker_scene4,70,old
6824,16.077768802642822,0.1959658856452151,CVPF,cracker_scene4,70,old
6825,16.080073595046997,0.1959658856452151,CVPF,cracker_scene4,70,old
6826,16.082284450531006,0.1959658856452151,CVPF,cracker_scene4,70,old
6827,16.08467125892639,0.19594310653801156,CVPF,cracker_scene4,70,old
6828,16.087183952331543,0.19594310653801156,CVPF,cracker_scene4,70,old
6829,16.08941960334778,0.19594310653801156,CVPF,cracker_scene4,70,old
6830,16.091675758361816,0.19594310653801156,CVPF,cracker_scene4,70,old
6831,16.093980073928833,0.1960926710800549,CVPF,cracker_scene4,70,old
6832,16.096340656280518,0.1960926710800549,CVPF,cracker_scene4,70,old
6833,16.098540782928467,0.1960926710800549,CVPF,cracker_scene4,70,old
6834,16.100788116455078,0.19594313165918914,CVPF,cracker_scene4,70,old
6835,16.103236198425293,0.19601144953349317,CVPF,cracker_scene4,70,old
6836,16.105748176574707,0.19601144953349317,CVPF,cracker_scene4,70,old
6837,16.108027458190918,0.19601144953349317,CVPF,cracker_scene4,70,old
6838,16.110536098480225,0.19629498650390842,CVPF,cracker_scene4,70,old
6839,16.112977743148804,0.19629498650390842,CVPF,cracker_scene4,70,old
6840,16.115477323532104,0.19629498650390842,CVPF,cracker_scene4,70,old
6841,16.118030548095703,0.19654995203533288,CVPF,cracker_scene4,70,old
6842,16.12065029144287,0.19654995203533288,CVPF,cracker_scene4,70,old
6843,16.123005867004395,0.19654995203533288,CVPF,cracker_scene4,70,old
6844,16.12549877166748,0.19649329719536865,CVPF,cracker_scene4,70,old
6845,16.12891149520874,0.19108006839484074,CVPF,cracker_scene4,70,old
6846,16.13111710548401,0.19108006839484074,CVPF,cracker_scene4,70,old
6847,16.133291006088257,0.19108006839484074,CVPF,cracker_scene4,70,old
6848,16.13568925857544,0.191218779946619,CVPF,cracker_scene4,70,old
6849,16.13833975791931,0.191218779946619,CVPF,cracker_scene4,70,old
6850,16.14052677154541,0.191218779946619,CVPF,cracker_scene4,70,old
6851,16.142783880233765,0.193425299731359,CVPF,cracker_scene4,70,old
6852,16.14520573616028,0.193425299731359,CVPF,cracker_scene4,70,old
6853,16.14748239517212,0.193425299731359,CVPF,cracker_scene4,70,old
6854,16.149783611297607,0.193425299731359,CVPF,cracker_scene4,70,old
6855,16.15214252471924,0.1911473135227176,CVPF,cracker_scene4,70,old
6856,16.15461301803589,0.1911473135227176,CVPF,cracker_scene4,70,old
6857,16.156936168670654,0.1911473135227176,CVPF,cracker_scene4,70,old
6858,16.159218549728394,0.1911473135227176,CVPF,cracker_scene4,70,old
6859,16.161420106887817,0.1911473135227176,CVPF,cracker_scene4,70,old
6860,16.163691520690918,0.1911473135227176,CVPF,cracker_scene4,70,old
6861,16.165969610214233,0.1930060578116684,CVPF,cracker_scene4,70,old
6862,16.168692588806152,0.1930060578116684,CVPF,cracker_scene4,70,old
6863,16.17104744911194,0.1930060578116684,CVPF,cracker_scene4,70,old
6864,16.173423528671265,0.19375998904943556,CVPF,cracker_scene4,70,old
6865,16.175853729248047,0.19375998904943556,CVPF,cracker_scene4,70,old
6866,16.178377151489258,0.19375998904943556,CVPF,cracker_scene4,70,old
6867,16.180548667907715,0.19375998904943556,CVPF,cracker_scene4,70,old
6868,16.182812929153442,0.19375998904943556,CVPF,cracker_scene4,70,old
6869,16.185075044631958,0.19375998904943556,CVPF,cracker_scene4,70,old
6870,16.187504768371582,0.19375998904943556,CVPF,cracker_scene4,70,old
6871,16.19010853767395,0.19391135183982522,CVPF,cracker_scene4,70,old
6872,16.192463397979736,0.19391135183982522,CVPF,cracker_scene4,70,old
6873,16.194705963134766,0.19391135183982522,CVPF,cracker_scene4,70,old
6874,16.19718050956726,0.19405761390996853,CVPF,cracker_scene4,70,old
6875,16.19958758354187,0.19405761390996853,CVPF,cracker_scene4,70,old
6876,16.201766967773438,0.19405761390996853,CVPF,cracker_scene4,70,old
6877,16.20447587966919,0.19405761390996853,CVPF,cracker_scene4,70,old
6878,16.207077503204346,0.1927569517673608,CVPF,cracker_scene4,70,old
6879,16.209331274032593,0.1927569517673608,CVPF,cracker_scene4,70,old
6880,16.211763858795166,0.1927569517673608,CVPF,cracker_scene4,70,old
6881,16.21432876586914,0.19295656227524427,CVPF,cracker_scene4,70,old
6882,16.216621160507202,0.19295656227524427,CVPF,cracker_scene4,70,old
6883,16.218977451324463,0.19295656227524427,CVPF,cracker_scene4,70,old
6884,16.22154450416565,0.19295656227524427,CVPF,cracker_scene4,70,old
6885,16.223811149597168,0.19295656227524427,CVPF,cracker_scene4,70,old
6886,16.226060152053833,0.19295656227524427,CVPF,cracker_scene4,70,old
6887,16.22847294807434,0.1930888075106749,CVPF,cracker_scene4,70,old
6888,16.230976104736328,0.1930888075106749,CVPF,cracker_scene4,70,old
6889,16.2332980632782,0.19313270644558786,CVPF,cracker_scene4,70,old
6890,16.23566198348999,0.193552978283193,CVPF,cracker_scene4,70,old
6891,16.23812985420227,0.193552978283193,CVPF,cracker_scene4,70,old
6892,16.240666151046753,0.193552978283193,CVPF,cracker_scene4,70,old
6893,16.24292540550232,0.193552978283193,CVPF,cracker_scene4,70,old
6894,16.245171546936035,0.193552978283193,CVPF,cracker_scene4,70,old
6895,16.247478485107422,0.19349142191545418,CVPF,cracker_scene4,70,old
6896,16.249980211257935,0.1936621842178115,CVPF,cracker_scene4,70,old
6897,16.25262689590454,0.1936621842178115,CVPF,cracker_scene4,70,old
6898,16.255228757858276,0.19568829726062736,CVPF,cracker_scene4,70,old
6899,16.25771927833557,0.1957978858896949,CVPF,cracker_scene4,70,old
6900,16.260132312774658,0.1957978858896949,CVPF,cracker_scene4,70,old
6901,16.26237177848816,0.1957978858896949,CVPF,cracker_scene4,70,old
6902,16.264774799346924,0.1957978858896949,CVPF,cracker_scene4,70,old
6903,16.26714277267456,0.1957978858896949,CVPF,cracker_scene4,70,old
6904,16.26961326599121,0.1957978858896949,CVPF,cracker_scene4,70,old
6905,16.272199869155884,0.19408370471707237,CVPF,cracker_scene4,70,old
6906,16.274468183517456,0.19408370471707237,CVPF,cracker_scene4,70,old
6907,16.27683711051941,0.19408370471707237,CVPF,cracker_scene4,70,old
6908,16.279207229614258,0.19408370471707237,CVPF,cracker_scene4,70,old
6909,16.28154444694519,0.19401597158131403,CVPF,cracker_scene4,70,old
6910,16.2839515209198,0.193748410195887,CVPF,cracker_scene4,70,old
6911,16.28634810447693,0.193748410195887,CVPF,cracker_scene4,70,old
6912,16.28924322128296,0.19960634307507907,CVPF,cracker_scene4,70,old
6913,16.291503190994263,0.19960634307507907,CVPF,cracker_scene4,70,old
6914,16.293800115585327,0.19960634307507907,CVPF,cracker_scene4,70,old
6915,16.29620385169983,0.19973284900410201,CVPF,cracker_scene4,70,old
6916,16.298789978027344,0.1997167959240755,CVPF,cracker_scene4,70,old
6917,16.301291704177856,0.19978226156614287,CVPF,cracker_scene4,70,old
6918,16.303849458694458,0.19981020425469764,CVPF,cracker_scene4,70,old
6919,16.306355476379395,0.2003851404826354,CVPF,cracker_scene4,70,old
6920,16.30885148048401,0.20032118214162786,CVPF,cracker_scene4,70,old
6921,16.311373472213745,0.20032118214162786,CVPF,cracker_scene4,70,old
6922,16.313836336135864,0.20060003032884305,CVPF,cracker_scene4,70,old
6923,16.316338062286377,0.20060003032884305,CVPF,cracker_scene4,70,old
6924,16.318990230560303,0.20082953382024712,CVPF,cracker_scene4,70,old
6925,16.32154893875122,0.20082953382024712,CVPF,cracker_scene4,70,old
6926,16.324061155319214,0.20115135834262599,CVPF,cracker_scene4,70,old
6927,16.32655930519104,0.2008789551615501,CVPF,cracker_scene4,70,old
6928,16.329020261764526,0.2008789551615501,CVPF,cracker_scene4,70,old
6929,16.33159637451172,0.20119668041774297,CVPF,cracker_scene4,70,old
6930,16.333959817886353,0.20119668041774297,CVPF,cracker_scene4,70,old
6931,16.336453199386597,0.20119668041774297,CVPF,cracker_scene4,70,old
6932,16.33891534805298,0.2011013262628373,CVPF,cracker_scene4,70,old
6933,16.341323614120483,0.2011013262628373,CVPF,cracker_scene4,70,old
6934,16.343738079071045,0.20332872494538312,CVPF,cracker_scene4,70,old
6935,16.346242427825928,0.20332872494538312,CVPF,cracker_scene4,70,old
6936,16.348552703857422,0.20332872494538312,CVPF,cracker_scene4,70,old
6937,16.350767850875854,0.20132412988440979,CVPF,cracker_scene4,70,old
6938,16.353347063064575,0.2015694473864798,CVPF,cracker_scene4,70,old
6939,16.355764865875244,0.2015694473864798,CVPF,cracker_scene4,70,old
6940,16.35800004005432,0.2015694473864798,CVPF,cracker_scene4,70,old
6941,16.36036515235901,0.20382890052327118,CVPF,cracker_scene4,70,old
6942,16.362820863723755,0.20382890052327118,CVPF,cracker_scene4,70,old
6943,16.36512017250061,0.20382890052327118,CVPF,cracker_scene4,70,old
6944,16.367473602294922,0.2017714633981654,CVPF,cracker_scene4,70,old
6945,16.37008500099182,0.20184978114873536,CVPF,cracker_scene4,70,old
6946,16.372339248657227,0.20184978114873536,CVPF,cracker_scene4,70,old
6947,16.374507427215576,0.20184978114873536,CVPF,cracker_scene4,70,old
6948,16.377041339874268,0.2022111586492745,CVPF,cracker_scene4,70,old
6949,16.379586696624756,0.2022111586492745,CVPF,cracker_scene4,70,old
6950,16.38183879852295,0.2022111586492745,CVPF,cracker_scene4,70,old
6951,16.3841872215271,0.20217989340021855,CVPF,cracker_scene4,70,old
6952,16.38668918609619,0.20221438514096576,CVPF,cracker_scene4,70,old
6953,16.389150619506836,0.20221438514096576,CVPF,cracker_scene4,70,old
6954,16.39132332801819,0.20221438514096576,CVPF,cracker_scene4,70,old
6955,16.393736839294434,0.2043594977164805,CVPF,cracker_scene4,70,old
6956,16.39615750312805,0.2043594977164805,CVPF,cracker_scene4,70,old
6957,16.398527145385742,0.2043594977164805,CVPF,cracker_scene4,70,old
6958,16.40097737312317,0.20260159315290366,CVPF,cracker_scene4,70,old
6959,16.403163194656372,0.20260159315290366,CVPF,cracker_scene4,70,old
6960,16.405695915222168,0.20260159315290366,CVPF,cracker_scene4,70,old
6961,16.407984018325806,0.20260159315290366,CVPF,cracker_scene4,70,old
6962,16.41042399406433,0.20287496389607496,CVPF,cracker_scene4,70,old
6963,16.412731885910034,0.20287496389607496,CVPF,cracker_scene4,70,old
6964,16.414977073669434,0.20287496389607496,CVPF,cracker_scene4,70,old
6965,16.417349100112915,0.20290642218522328,CVPF,cracker_scene4,70,old
6966,16.41990828514099,0.2030058288360951,CVPF,cracker_scene4,70,old
6967,16.422272205352783,0.2030058288360951,CVPF,cracker_scene4,70,old
6968,16.424617528915405,0.2030058288360951,CVPF,cracker_scene4,70,old
6969,16.42702317237854,0.2032884914476688,CVPF,cracker_scene4,70,old
6970,16.429317951202393,0.2032884914476688,CVPF,cracker_scene4,70,old
6971,16.43205237388611,0.2032884914476688,CVPF,cracker_scene4,70,old
6972,16.434476613998413,0.20344864319791145,CVPF,cracker_scene4,70,old
6973,16.436862230300903,0.20344864319791145,CVPF,cracker_scene4,70,old
6974,16.439422845840454,0.20344864319791145,CVPF,cracker_scene4,70,old
6975,16.441665172576904,0.20344864319791145,CVPF,cracker_scene4,70,old
6976,16.444071054458618,0.20394732507179858,CVPF,cracker_scene4,70,old
6977,16.44645357131958,0.20394732507179858,CVPF,cracker_scene4,70,old
6978,16.448925733566284,0.20394732507179858,CVPF,cracker_scene4,70,old
6979,16.451960563659668,0.2067649050787276,CVPF,cracker_scene4,70,old
6980,16.454365015029907,0.2067649050787276,CVPF,cracker_scene4,70,old
6981,16.456615924835205,0.2067649050787276,CVPF,cracker_scene4,70,old
6982,16.45895266532898,0.20502949929192057,CVPF,cracker_scene4,70,old
6983,16.46132493019104,0.20502949929192057,CVPF,cracker_scene4,70,old
6984,16.463674306869507,0.20502949929192057,CVPF,cracker_scene4,70,old
6985,16.4659366607666,0.20502949929192057,CVPF,cracker_scene4,70,old
6986,16.468329429626465,0.20725017845348515,CVPF,cracker_scene4,70,old
6987,16.470781803131104,0.20725017845348515,CVPF,cracker_scene4,70,old
6988,16.4730966091156,0.20725017845348515,CVPF,cracker_scene4,70,old
6989,16.475258588790894,0.20725017845348515,CVPF,cracker_scene4,70,old
6990,16.47770071029663,0.2077411328909698,CVPF,cracker_scene4,70,old
6991,16.480053424835205,0.2077411328909698,CVPF,cracker_scene4,70,old
6992,16.48231315612793,0.2077411328909698,CVPF,cracker_scene4,70,old
6993,16.48461651802063,0.20604531107980112,CVPF,cracker_scene4,70,old
6994,16.487022638320923,0.20604531107980112,CVPF,cracker_scene4,70,old
6995,16.48939538002014,0.20604531107980112,CVPF,cracker_scene4,70,old
6996,16.49165964126587,0.20604531107980112,CVPF,cracker_scene4,70,old
6997,16.494118452072144,0.20618621371964138,CVPF,cracker_scene4,70,old
6998,16.496511697769165,0.20618621371964138,CVPF,cracker_scene4,70,old
6999,16.498846530914307,0.20618621371964138,CVPF,cracker_scene4,70,old
7000,16.50120997428894,0.20619731342078346,CVPF,cracker_scene4,70,old
7001,16.50364327430725,0.206561337614149,CVPF,cracker_scene4,70,old
7002,16.506205558776855,0.206561337614149,CVPF,cracker_scene4,70,old
7003,16.50839400291443,0.206561337614149,CVPF,cracker_scene4,70,old
7004,16.51085925102234,0.20662124876114477,CVPF,cracker_scene4,70,old
7005,16.51321768760681,0.20662124876114477,CVPF,cracker_scene4,70,old
7006,16.515572786331177,0.20662124876114477,CVPF,cracker_scene4,70,old
7007,16.51802706718445,0.20896293646850983,CVPF,cracker_scene4,70,old
7008,16.52053689956665,0.20896293646850983,CVPF,cracker_scene4,70,old
7009,16.522908449172974,0.20896293646850983,CVPF,cracker_scene4,70,old
7010,16.525173664093018,0.20896293646850983,CVPF,cracker_scene4,70,old
7011,16.527600049972534,0.2076487653813358,CVPF,cracker_scene4,70,old
7012,16.530059576034546,0.2076487653813358,CVPF,cracker_scene4,70,old
7013,16.532326221466064,0.2076487653813358,CVPF,cracker_scene4,70,old
7014,16.534717559814453,0.2099450440912197,CVPF,cracker_scene4,70,old
7015,16.53716802597046,0.2099450440912197,CVPF,cracker_scene4,70,old
7016,16.5396511554718,0.2099450440912197,CVPF,cracker_scene4,70,old
7017,16.541846990585327,0.2099450440912197,CVPF,cracker_scene4,70,old
7018,16.544214725494385,0.2083856135493292,CVPF,cracker_scene4,70,old
7019,16.546552896499634,0.2083856135493292,CVPF,cracker_scene4,70,old
7020,16.548789739608765,0.2083856135493292,CVPF,cracker_scene4,70,old
7021,16.551176071166992,0.20851009632576897,CVPF,cracker_scene4,70,old
7022,16.55351495742798,0.20851009632576897,CVPF,cracker_scene4,70,old
7023,16.555750131607056,0.20851009632576897,CVPF,cracker_scene4,70,old
7024,16.557977199554443,0.20851009632576897,CVPF,cracker_scene4,70,old
7025,16.560439348220825,0.20879219053171008,CVPF,cracker_scene4,70,old
7026,16.562960863113403,0.20879219053171008,CVPF,cracker_scene4,70,old
7027,16.56536316871643,0.20879219053171008,CVPF,cracker_scene4,70,old
7028,16.567703008651733,0.21109788912377725,CVPF,cracker_scene4,70,old
7029,16.57019543647766,0.21109788912377725,CVPF,cracker_scene4,70,old
7030,16.57264757156372,0.21109788912377725,CVPF,cracker_scene4,70,old
7031,16.57494831085205,0.21109788912377725,CVPF,cracker_scene4,70,old
7032,16.577407836914062,0.20954854487674537,CVPF,cracker_scene4,70,old
7033,16.58010196685791,0.20954854487674537,CVPF,cracker_scene4,70,old
7034,16.58241033554077,0.20954854487674537,CVPF,cracker_scene4,70,old
7035,16.584834814071655,0.2117245745776822,CVPF,cracker_scene4,70,old
7036,16.587290287017822,0.2117245745776822,CVPF,cracker_scene4,70,old
7037,16.589602947235107,0.2117245745776822,CVPF,cracker_scene4,70,old
7038,16.591926097869873,0.2117245745776822,CVPF,cracker_scene4,70,old
7039,16.594340562820435,0.21017618496762122,CVPF,cracker_scene4,70,old
7040,16.59665822982788,0.21017618496762122,CVPF,cracker_scene4,70,old
7041,16.598830461502075,0.21017618496762122,CVPF,cracker_scene4,70,old
7042,16.60181427001953,0.22016041059728927,CVPF,cracker_scene4,70,old
7043,16.604779958724976,0.22016041059728927,CVPF,cracker_scene4,70,old
7044,16.607321739196777,0.22016041059728927,CVPF,cracker_scene4,70,old
7045,16.60999846458435,0.22047902020932558,CVPF,cracker_scene4,70,old
7046,16.61250925064087,0.22047902020932558,CVPF,cracker_scene4,70,old
7047,16.614806652069092,0.22047902020932558,CVPF,cracker_scene4,70,old
7048,16.617199182510376,0.22256626469349686,CVPF,cracker_scene4,70,old
7049,16.619558572769165,0.22256626469349686,CVPF,cracker_scene4,70,old
7050,16.621891498565674,0.22256626469349686,CVPF,cracker_scene4,70,old
7051,16.62412142753601,0.22256626469349686,CVPF,cracker_scene4,70,old
7052,16.62651562690735,0.2229318717554306,CVPF,cracker_scene4,70,old
7053,16.628763437271118,0.2229318717554306,CVPF,cracker_scene4,70,old
7054,16.631577968597412,0.2229318717554306,CVPF,cracker_scene4,70,old
7055,16.633903741836548,0.22288110629236485,CVPF,cracker_scene4,70,old
7056,16.63633704185486,0.22296451983925442,CVPF,cracker_scene4,70,old
7057,16.638906240463257,0.22296451983925442,CVPF,cracker_scene4,70,old
7058,16.641170740127563,0.22296451983925442,CVPF,cracker_scene4,70,old
7059,16.64350914955139,0.22139120307469717,CVPF,cracker_scene4,70,old
7060,16.645901679992676,0.22139120307469717,CVPF,cracker_scene4,70,old
7061,16.648112297058105,0.22139120307469717,CVPF,cracker_scene4,70,old
7062,16.6504008769989,0.2232870778918754,CVPF,cracker_scene4,70,old
7063,16.652740716934204,0.2232870778918754,CVPF,cracker_scene4,70,old
7064,16.655131101608276,0.2232870778918754,CVPF,cracker_scene4,70,old
7065,16.657304048538208,0.2232870778918754,CVPF,cracker_scene4,70,old
7066,16.659833431243896,0.22384983470032152,CVPF,cracker_scene4,70,old
7067,16.66217827796936,0.22384983470032152,CVPF,cracker_scene4,70,old
7068,16.664381980895996,0.22384983470032152,CVPF,cracker_scene4,70,old
7069,16.666600942611694,0.22384983470032152,CVPF,cracker_scene4,70,old
7070,16.668973922729492,0.2242047385532925,CVPF,cracker_scene4,70,old
7071,16.671938180923462,0.2242047385532925,CVPF,cracker_scene4,70,old
7072,16.67418098449707,0.2242047385532925,CVPF,cracker_scene4,70,old
7073,16.676616191864014,0.22456362951613712,CVPF,cracker_scene4,70,old
7074,16.67894458770752,0.22456362951613712,CVPF,cracker_scene4,70,old
7075,16.681272745132446,0.22456362951613712,CVPF,cracker_scene4,70,old
7076,16.683729648590088,0.22270076879206688,CVPF,cracker_scene4,70,old
7077,16.686081171035767,0.2230654507061825,CVPF,cracker_scene4,70,old
7078,16.688318490982056,0.2230654507061825,CVPF,cracker_scene4,70,old
7079,16.69052028656006,0.2230654507061825,CVPF,cracker_scene4,70,old
7080,16.692739009857178,0.2230654507061825,CVPF,cracker_scene4,70,old
7081,16.695312023162842,0.22576659822763065,CVPF,cracker_scene4,70,old
7082,16.697705507278442,0.22576659822763065,CVPF,cracker_scene4,70,old
7083,16.699951171875,0.22576659822763065,CVPF,cracker_scene4,70,old
7084,16.70233154296875,0.22601901702065524,CVPF,cracker_scene4,70,old
7085,16.70484972000122,0.22601901702065524,CVPF,cracker_scene4,70,old
7086,16.707081079483032,0.22601901702065524,CVPF,cracker_scene4,70,old
7087,16.709439277648926,0.2264607532416024,CVPF,cracker_scene4,70,old
7088,16.7119619846344,0.2264607532416024,CVPF,cracker_scene4,70,old
7089,16.71431612968445,0.2264607532416024,CVPF,cracker_scene4,70,old
7090,16.716501712799072,0.2264607532416024,CVPF,cracker_scene4,70,old
7091,16.719149351119995,0.22460376209245972,CVPF,cracker_scene4,70,old
7092,16.721702098846436,0.22460376209245972,CVPF,cracker_scene4,70,old
7093,16.72399115562439,0.22460376209245972,CVPF,cracker_scene4,70,old
7094,16.72641944885254,0.22496573945373172,CVPF,cracker_scene4,70,old
7095,16.728933095932007,0.22496573945373172,CVPF,cracker_scene4,70,old
7096,16.73126792907715,0.22496573945373172,CVPF,cracker_scene4,70,old
7097,16.733519077301025,0.22496573945373172,CVPF,cracker_scene4,70,old
7098,16.736008167266846,0.22711659763194567,CVPF,cracker_scene4,70,old
7099,16.738518238067627,0.22711659763194567,CVPF,cracker_scene4,70,old
7100,16.740970134735107,0.22711659763194567,CVPF,cracker_scene4,70,old
7101,16.743239879608154,0.22715888130194037,CVPF,cracker_scene4,70,old
7102,16.745779037475586,0.22736462936242044,CVPF,cracker_scene4,70,old
7103,16.748100757598877,0.22736462936242044,CVPF,cracker_scene4,70,old
7104,16.750337600708008,0.22736462936242044,CVPF,cracker_scene4,70,old
7105,16.752837419509888,0.2256670915584431,CVPF,cracker_scene4,70,old
7106,16.755236387252808,0.2256670915584431,CVPF,cracker_scene4,70,old
7107,16.757396936416626,0.2256670915584431,CVPF,cracker_scene4,70,old
7108,16.760578632354736,0.22820203551827672,CVPF,cracker_scene4,70,old
7109,16.763043880462646,0.23687546735639978,CVPF,cracker_scene4,70,old
7110,16.765221118927002,0.23687546735639978,CVPF,cracker_scene4,70,old
7111,16.76771116256714,0.23498805620974691,CVPF,cracker_scene4,70,old
7112,16.770179748535156,0.23498805620974691,CVPF,cracker_scene4,70,old
7113,16.77253246307373,0.23498805620974691,CVPF,cracker_scene4,70,old
7114,16.77469754219055,0.23498805620974691,CVPF,cracker_scene4,70,old
7115,16.7770733833313,0.23719767156585936,CVPF,cracker_scene4,70,old
7116,16.779399871826172,0.23719767156585936,CVPF,cracker_scene4,70,old
7117,16.781710624694824,0.23719767156585936,CVPF,cracker_scene4,70,old
7118,16.784046173095703,0.23739603451407443,CVPF,cracker_scene4,70,old
7119,16.786372184753418,0.23739603451407443,CVPF,cracker_scene4,70,old
7120,16.788769006729126,0.23739603451407443,CVPF,cracker_scene4,70,old
7121,16.791061639785767,0.23739603451407443,CVPF,cracker_scene4,70,old
7122,16.7934832572937,0.23581456577856907,CVPF,cracker_scene4,70,old
7123,16.79592537879944,0.23581456577856907,CVPF,cracker_scene4,70,old
7124,16.7982017993927,0.23581456577856907,CVPF,cracker_scene4,70,old
7125,16.800559759140015,0.23572581430756423,CVPF,cracker_scene4,70,old
7126,16.80310821533203,0.23603150077167454,CVPF,cracker_scene4,70,old
7127,16.80567455291748,0.23603150077167454,CVPF,cracker_scene4,70,old
7128,16.807883262634277,0.23603150077167454,CVPF,cracker_scene4,70,old
7129,16.810314178466797,0.23653561398335704,CVPF,cracker_scene4,70,old
7130,16.81258535385132,0.23653561398335704,CVPF,cracker_scene4,70,old
7131,16.814778804779053,0.23653561398335704,CVPF,cracker_scene4,70,old
7132,16.816953897476196,0.23653561398335704,CVPF,cracker_scene4,70,old
7133,16.819267511367798,0.23650542245762265,CVPF,cracker_scene4,70,old
7134,16.82148790359497,0.23650542245762265,CVPF,cracker_scene4,70,old
7135,16.823697328567505,0.23650542245762265,CVPF,cracker_scene4,70,old
7136,16.826021432876587,0.23796456799213084,CVPF,cracker_scene4,70,old
7137,16.82835102081299,0.23836483586744284,CVPF,cracker_scene4,70,old
7138,16.83062744140625,0.23836483586744284,CVPF,cracker_scene4,70,old
7139,16.832852363586426,0.23836483586744284,CVPF,cracker_scene4,70,old
7140,16.835187673568726,0.2366841509723243,CVPF,cracker_scene4,70,old
7141,16.83804440498352,0.2366841509723243,CVPF,cracker_scene4,70,old
7142,16.840445041656494,0.2366841509723243,CVPF,cracker_scene4,70,old
7143,16.84276843070984,0.23664621485778234,CVPF,cracker_scene4,70,old
7144,16.845141887664795,0.23664621485778234,CVPF,cracker_scene4,70,old
7145,16.847499132156372,0.23664621485778234,CVPF,cracker_scene4,70,old
7146,16.8497314453125,0.23664621485778234,CVPF,cracker_scene4,70,old
7147,16.85222578048706,0.2390470095934775,CVPF,cracker_scene4,70,old
7148,16.854564905166626,0.2390470095934775,CVPF,cracker_scene4,70,old
7149,16.8568172454834,0.2390470095934775,CVPF,cracker_scene4,70,old
7150,16.859256744384766,0.23757957374134442,CVPF,cracker_scene4,70,old
7151,16.86184048652649,0.23757957374134442,CVPF,cracker_scene4,70,old
7152,16.86422872543335,0.23757957374134442,CVPF,cracker_scene4,70,old
7153,16.866448640823364,0.23757957374134442,CVPF,cracker_scene4,70,old
7154,16.86889958381653,0.23979785289876254,CVPF,cracker_scene4,70,old
7155,16.87147331237793,0.23979785289876254,CVPF,cracker_scene4,70,old
7156,16.873733520507812,0.23979785289876254,CVPF,cracker_scene4,70,old
7157,16.876073837280273,0.23836070982133717,CVPF,cracker_scene4,70,old
7158,16.878406524658203,0.23836070982133717,CVPF,cracker_scene4,70,old
7159,16.8808491230011,0.23836070982133717,CVPF,cracker_scene4,70,old
7160,16.883050441741943,0.23836070982133717,CVPF,cracker_scene4,70,old
7161,16.88546347618103,0.23845580081751025,CVPF,cracker_scene4,70,old
7162,16.887885332107544,0.23845580081751025,CVPF,cracker_scene4,70,old
7163,16.890284776687622,0.23845580081751025,CVPF,cracker_scene4,70,old
7164,16.89264225959778,0.23878318174818394,CVPF,cracker_scene4,70,old
7165,16.89508605003357,0.23878318174818394,CVPF,cracker_scene4,70,old
7166,16.897499322891235,0.23878318174818394,CVPF,cracker_scene4,70,old
7167,16.899821519851685,0.23878318174818394,CVPF,cracker_scene4,70,old
7168,16.902405500411987,0.2389340510509876,CVPF,cracker_scene4,70,old
7169,16.904903650283813,0.2389340510509876,CVPF,cracker_scene4,70,old
7170,16.907098293304443,0.2389340510509876,CVPF,cracker_scene4,70,old
7171,16.909482955932617,0.23916796850871191,CVPF,cracker_scene4,70,old
7172,16.912068605422974,0.23916796850871191,CVPF,cracker_scene4,70,old
7173,16.91433548927307,0.23916796850871191,CVPF,cracker_scene4,70,old
7174,16.916517972946167,0.23916796850871191,CVPF,cracker_scene4,70,old
7175,16.919139623641968,0.23974317514993757,CVPF,cracker_scene4,70,old
7176,16.92210078239441,0.24981864253581776,CVPF,cracker_scene4,70,old
7177,16.9242844581604,0.24981864253581776,CVPF,cracker_scene4,70,old
7178,16.926740407943726,0.2501424085535371,CVPF,cracker_scene4,70,old
7179,16.929189205169678,0.2501424085535371,CVPF,cracker_scene4,70,old
7180,16.93154501914978,0.2501424085535371,CVPF,cracker_scene4,70,old
7181,16.933966636657715,0.25034378048087635,CVPF,cracker_scene4,70,old
7182,16.936467170715332,0.25034378048087635,CVPF,cracker_scene4,70,old
7183,16.938762187957764,0.25034378048087635,CVPF,cracker_scene4,70,old
7184,16.940981149673462,0.25034378048087635,CVPF,cracker_scene4,70,old
7185,16.943429946899414,0.2504392799010686,CVPF,cracker_scene4,70,old
7186,16.94583249092102,0.2504392799010686,CVPF,cracker_scene4,70,old
7187,16.94804859161377,0.2504392799010686,CVPF,cracker_scene4,70,old
7188,16.95042848587036,0.2504392799010686,CVPF,cracker_scene4,70,old
7189,16.95278525352478,0.2509498333820819,CVPF,cracker_scene4,70,old
7190,16.955236196517944,0.2509498333820819,CVPF,cracker_scene4,70,old
7191,16.95742177963257,0.2509498333820819,CVPF,cracker_scene4,70,old
7192,16.95975971221924,0.25054781677393123,CVPF,cracker_scene4,70,old
7193,16.962027311325073,0.25054781677393123,CVPF,cracker_scene4,70,old
7194,16.964492797851562,0.25054781677393123,CVPF,cracker_scene4,70,old
7195,16.966827630996704,0.25054781677393123,CVPF,cracker_scene4,70,old
7196,16.969294786453247,0.25054781677393123,CVPF,cracker_scene4,70,old
7197,16.971784114837646,0.25063231835216904,CVPF,cracker_scene4,70,old
7198,16.974048376083374,0.25063231835216904,CVPF,cracker_scene4,70,old
7199,16.976471185684204,0.25063231835216904,CVPF,cracker_scene4,70,old
7200,16.978769540786743,0.25063231835216904,CVPF,cracker_scene4,70,old
7201,16.980971097946167,0.25063231835216904,CVPF,cracker_scene4,70,old
7202,16.983168601989746,0.25063231835216904,CVPF,cracker_scene4,70,old
7203,16.985596656799316,0.2508505518264652,CVPF,cracker_scene4,70,old
7204,16.987978219985962,0.2508505518264652,CVPF,cracker_scene4,70,old
7205,16.990132808685303,0.2508505518264652,CVPF,cracker_scene4,70,old
7206,16.992563009262085,0.25306205011449023,CVPF,cracker_scene4,70,old
7207,16.995001077651978,0.25306205011449023,CVPF,cracker_scene4,70,old
7208,16.9971923828125,0.25306205011449023,CVPF,cracker_scene4,70,old
7209,16.99958348274231,0.25306205011449023,CVPF,cracker_scene4,70,old
7210,17.001920461654663,0.25306205011449023,CVPF,cracker_scene4,70,old
7211,17.00446581840515,0.2511652519502867,CVPF,cracker_scene4,70,old
7212,17.006948709487915,0.25179096835720394,CVPF,cracker_scene4,70,old
7213,17.00919771194458,0.25179096835720394,CVPF,cracker_scene4,70,old
7214,17.01148796081543,0.25179096835720394,CVPF,cracker_scene4,70,old
7215,17.013705253601074,0.25179096835720394,CVPF,cracker_scene4,70,old
7216,17.01613998413086,0.25218468213872836,CVPF,cracker_scene4,70,old
7217,17.018293142318726,0.25218468213872836,CVPF,cracker_scene4,70,old
7218,17.020438194274902,0.25218468213872836,CVPF,cracker_scene4,70,old
7219,17.022634267807007,0.25218468213872836,CVPF,cracker_scene4,70,old
7220,17.02488613128662,0.25253220778206575,CVPF,cracker_scene4,70,old
7221,17.027189016342163,0.25253220778206575,CVPF,cracker_scene4,70,old
7222,17.029415369033813,0.25253220778206575,CVPF,cracker_scene4,70,old
7223,17.031595468521118,0.25253220778206575,CVPF,cracker_scene4,70,old
7224,17.034222841262817,0.2528343457381874,CVPF,cracker_scene4,70,old
7225,17.03642988204956,0.2528343457381874,CVPF,cracker_scene4,70,old
7226,17.038854122161865,0.2528343457381874,CVPF,cracker_scene4,70,old
7227,17.04127550125122,0.2528343457381874,CVPF,cracker_scene4,70,old
7228,17.044057846069336,0.2528343457381874,CVPF,cracker_scene4,70,old
7229,17.046661376953125,0.2528343457381874,CVPF,cracker_scene4,70,old
7230,17.04916286468506,0.25284052497920584,CVPF,cracker_scene4,70,old
7231,17.05154061317444,0.25284052497920584,CVPF,cracker_scene4,70,old
7232,17.053833961486816,0.25284052497920584,CVPF,cracker_scene4,70,old
7233,17.056264638900757,0.25284052497920584,CVPF,cracker_scene4,70,old
7234,17.058804035186768,0.25284052497920584,CVPF,cracker_scene4,70,old
7235,17.061076164245605,0.25466253136565875,CVPF,cracker_scene4,70,old
7236,17.063700437545776,0.2549891114292562,CVPF,cracker_scene4,70,old
7237,17.066354513168335,0.2549891114292562,CVPF,cracker_scene4,70,old
7238,17.068963289260864,0.2549891114292562,CVPF,cracker_scene4,70,old
7239,17.071531295776367,0.2549891114292562,CVPF,cracker_scene4,70,old
7240,17.074087619781494,0.2533297460252726,CVPF,cracker_scene4,70,old
7241,17.076493501663208,0.2533297460252726,CVPF,cracker_scene4,70,old
7242,17.078903675079346,0.2533297460252726,CVPF,cracker_scene4,70,old
7243,17.08114743232727,0.2533297460252726,CVPF,cracker_scene4,70,old
7244,17.084155559539795,0.24650895280731483,CVPF,cracker_scene4,70,old
7245,17.086406230926514,0.24650895280731483,CVPF,cracker_scene4,70,old
7246,17.088637113571167,0.24650895280731483,CVPF,cracker_scene4,70,old
7247,17.090853214263916,0.24650895280731483,CVPF,cracker_scene4,70,old
7248,17.09320616722107,0.24650895280731483,CVPF,cracker_scene4,70,old
7249,17.095510721206665,0.24650895280731483,CVPF,cracker_scene4,70,old
7250,17.097826957702637,0.24673764861182912,CVPF,cracker_scene4,70,old
7251,17.100178480148315,0.24673764861182912,CVPF,cracker_scene4,70,old
7252,17.102721452713013,0.24728574528871208,CVPF,cracker_scene4,70,old
7253,17.105294466018677,0.24728574528871208,CVPF,cracker_scene4,70,old
7254,17.107788801193237,0.24739988580209896,CVPF,cracker_scene4,70,old
7255,17.110214471817017,0.24739988580209896,CVPF,cracker_scene4,70,old
7256,17.11272120475769,0.24768684493101364,CVPF,cracker_scene4,70,old
7257,17.115085124969482,0.24768684493101364,CVPF,cracker_scene4,70,old
7258,17.117449045181274,0.2475907244509216,CVPF,cracker_scene4,70,old
7259,17.120022296905518,0.24789562413618377,CVPF,cracker_scene4,70,old
7260,17.122542142868042,0.24788868430116157,CVPF,cracker_scene4,70,old
7261,17.124961853027344,0.24788868430116157,CVPF,cracker_scene4,70,old
7262,17.127454042434692,0.24757852137819056,CVPF,cracker_scene4,70,old
7263,17.129738092422485,0.24757852137819056,CVPF,cracker_scene4,70,old
7264,17.13221502304077,0.24876459410885288,CVPF,cracker_scene4,70,old
7265,17.134596586227417,0.24876459410885288,CVPF,cracker_scene4,70,old
7266,17.137162685394287,0.24822053932745464,CVPF,cracker_scene4,70,old
7267,17.139496088027954,0.24822053932745464,CVPF,cracker_scene4,70,old
7268,17.141931772232056,0.2487817256127727,CVPF,cracker_scene4,70,old
7269,17.14430594444275,0.2487817256127727,CVPF,cracker_scene4,70,old
7270,17.14677906036377,0.24889601184703544,CVPF,cracker_scene4,70,old
7271,17.149213552474976,0.24889601184703544,CVPF,cracker_scene4,70,old
7272,17.151564836502075,0.249747360843827,CVPF,cracker_scene4,70,old
7273,17.1538987159729,0.249747360843827,CVPF,cracker_scene4,70,old
7274,17.15616774559021,0.249747360843827,CVPF,cracker_scene4,70,old
7275,17.158366441726685,0.249747360843827,CVPF,cracker_scene4,70,old
7276,17.160795211791992,0.24998266320632395,CVPF,cracker_scene4,70,old
7277,17.163201570510864,0.24998266320632395,CVPF,cracker_scene4,70,old
7278,17.165472507476807,0.24998266320632395,CVPF,cracker_scene4,70,old
7279,17.167848348617554,0.24998266320632395,CVPF,cracker_scene4,70,old
7280,17.170421600341797,0.2505091410168358,CVPF,cracker_scene4,70,old
7281,17.17270064353943,0.2505091410168358,CVPF,cracker_scene4,70,old
7282,17.17493772506714,0.2505091410168358,CVPF,cracker_scene4,70,old
7283,17.177390575408936,0.25089773651918656,CVPF,cracker_scene4,70,old
7284,17.17970108985901,0.25089773651918656,CVPF,cracker_scene4,70,old
7285,17.181846857070923,0.25089773651918656,CVPF,cracker_scene4,70,old
7286,17.184088468551636,0.25089773651918656,CVPF,cracker_scene4,70,old
7287,17.186529397964478,0.250688116621435,CVPF,cracker_scene4,70,old
7288,17.18882179260254,0.250688116621435,CVPF,cracker_scene4,70,old
7289,17.190993070602417,0.250688116621435,CVPF,cracker_scene4,70,old
7290,17.193434953689575,0.2515220025379099,CVPF,cracker_scene4,70,old
7291,17.195818424224854,0.2515220025379099,CVPF,cracker_scene4,70,old
7292,17.198134422302246,0.2515220025379099,CVPF,cracker_scene4,70,old
7293,17.200347900390625,0.2515220025379099,CVPF,cracker_scene4,70,old
7294,17.202838897705078,0.2515179532267653,CVPF,cracker_scene4,70,old
7295,17.205569982528687,0.2515179532267653,CVPF,cracker_scene4,70,old
7296,17.208088636398315,0.2515179532267653,CVPF,cracker_scene4,70,old
7297,17.210527420043945,0.25221143319132583,CVPF,cracker_scene4,70,old
7298,17.212992668151855,0.25221143319132583,CVPF,cracker_scene4,70,old
7299,17.21522307395935,0.25221143319132583,CVPF,cracker_scene4,70,old
7300,17.217443466186523,0.25221143319132583,CVPF,cracker_scene4,70,old
7301,17.219934940338135,0.2520660622248591,CVPF,cracker_scene4,70,old
7302,17.22229790687561,0.2520660622248591,CVPF,cracker_scene4,70,old
7303,17.224562883377075,0.2520660622248591,CVPF,cracker_scene4,70,old
7304,17.22713041305542,0.25418848569453034,CVPF,cracker_scene4,70,old
7305,17.22954297065735,0.25418848569453034,CVPF,cracker_scene4,70,old
7306,17.231820583343506,0.25418848569453034,CVPF,cracker_scene4,70,old
7307,17.234378814697266,0.2526652244209653,CVPF,cracker_scene4,70,old
7308,17.236843824386597,0.2526652244209653,CVPF,cracker_scene4,70,old
7309,17.239457607269287,0.2526652244209653,CVPF,cracker_scene4,70,old
7310,17.241809129714966,0.2526652244209653,CVPF,cracker_scene4,70,old
7311,17.24476909637451,0.25364148574719075,CVPF,cracker_scene4,70,old
7312,17.247410774230957,0.23684133528853313,CVPF,cracker_scene4,70,old
7313,17.249655723571777,0.23684133528853313,CVPF,cracker_scene4,70,old
7314,17.252232313156128,0.23719599461058893,CVPF,cracker_scene4,70,old
7315,17.254675149917603,0.23719599461058893,CVPF,cracker_scene4,70,old
7316,17.256929636001587,0.23719599461058893,CVPF,cracker_scene4,70,old
7317,17.259254455566406,0.23719599461058893,CVPF,cracker_scene4,70,old
7318,17.26178550720215,0.23880009226291452,CVPF,cracker_scene4,70,old
7319,17.264055728912354,0.23880009226291452,CVPF,cracker_scene4,70,old
7320,17.266332626342773,0.23880009226291452,CVPF,cracker_scene4,70,old
7321,17.268717765808105,0.23714384574113037,CVPF,cracker_scene4,70,old
7322,17.27124285697937,0.23714384574113037,CVPF,cracker_scene4,70,old
7323,17.273431539535522,0.23714384574113037,CVPF,cracker_scene4,70,old
7324,17.27582287788391,0.23824134967398367,CVPF,cracker_scene4,70,old
7325,17.278242588043213,0.23824134967398367,CVPF,cracker_scene4,70,old
7326,17.280617237091064,0.23824134967398367,CVPF,cracker_scene4,70,old
7327,17.28291630744934,0.23824134967398367,CVPF,cracker_scene4,70,old
7328,17.285457849502563,0.23807615884059335,CVPF,cracker_scene4,70,old
7329,17.287952661514282,0.23807615884059335,CVPF,cracker_scene4,70,old
7330,17.290316581726074,0.23807615884059335,CVPF,cracker_scene4,70,old
7331,17.29272150993347,0.23807615884059335,CVPF,cracker_scene4,70,old
7332,17.295266151428223,0.238324772018002,CVPF,cracker_scene4,70,old
7333,17.297674417495728,0.238324772018002,CVPF,cracker_scene4,70,old
7334,17.300002098083496,0.238324772018002,CVPF,cracker_scene4,70,old
7335,17.302486658096313,0.23863175615420118,CVPF,cracker_scene4,70,old
7336,17.305089950561523,0.23863175615420118,CVPF,cracker_scene4,70,old
7337,17.30733585357666,0.23863175615420118,CVPF,cracker_scene4,70,old
7338,17.309687852859497,0.24092294391249383,CVPF,cracker_scene4,70,old
7339,17.312302112579346,0.24092294391249383,CVPF,cracker_scene4,70,old
7340,17.314639568328857,0.24092294391249383,CVPF,cracker_scene4,70,old
7341,17.31687569618225,0.24092294391249383,CVPF,cracker_scene4,70,old
7342,17.31937861442566,0.23912679384188087,CVPF,cracker_scene4,70,old
7343,17.321860551834106,0.23912679384188087,CVPF,cracker_scene4,70,old
7344,17.324125051498413,0.23912679384188087,CVPF,cracker_scene4,70,old
7345,17.32653498649597,0.23969161324726831,CVPF,cracker_scene4,70,old
7346,17.329067945480347,0.23969161324726831,CVPF,cracker_scene4,70,old
7347,17.331627368927002,0.23969161324726831,CVPF,cracker_scene4,70,old
7348,17.333948135375977,0.23969161324726831,CVPF,cracker_scene4,70,old
7349,17.33637046813965,0.2399087177766984,CVPF,cracker_scene4,70,old
7350,17.338873386383057,0.2399087177766984,CVPF,cracker_scene4,70,old
7351,17.34109926223755,0.2399087177766984,CVPF,cracker_scene4,70,old
7352,17.343791723251343,0.24035679837046425,CVPF,cracker_scene4,70,old
7353,17.346124172210693,0.24035679837046425,CVPF,cracker_scene4,70,old
7354,17.348310232162476,0.24035679837046425,CVPF,cracker_scene4,70,old
7355,17.350661993026733,0.24068737464416506,CVPF,cracker_scene4,70,old
7356,17.353134632110596,0.24068737464416506,CVPF,cracker_scene4,70,old
7357,17.35539674758911,0.24068737464416506,CVPF,cracker_scene4,70,old
7358,17.35755944252014,0.24068737464416506,CVPF,cracker_scene4,70,old
7359,17.360028982162476,0.24069927693754975,CVPF,cracker_scene4,70,old
7360,17.36225700378418,0.24069927693754975,CVPF,cracker_scene4,70,old
7361,17.364516019821167,0.24069927693754975,CVPF,cracker_scene4,70,old
7362,17.367002725601196,0.24069927693754975,CVPF,cracker_scene4,70,old
7363,17.369768381118774,0.24069927693754975,CVPF,cracker_scene4,70,old
7364,17.372056245803833,0.24057254018984148,CVPF,cracker_scene4,70,old
7365,17.37434697151184,0.24057254018984148,CVPF,cracker_scene4,70,old
7366,17.376772165298462,0.24079282502941168,CVPF,cracker_scene4,70,old
7367,17.37911081314087,0.24079282502941168,CVPF,cracker_scene4,70,old
7368,17.381431102752686,0.24121803424583185,CVPF,cracker_scene4,70,old
7369,17.383955478668213,0.24121803424583185,CVPF,cracker_scene4,70,old
7370,17.3863263130188,0.24121803424583185,CVPF,cracker_scene4,70,old
7371,17.3887836933136,0.24121803424583185,CVPF,cracker_scene4,70,old
7372,17.390981912612915,0.24121803424583185,CVPF,cracker_scene4,70,old
7373,17.39324140548706,0.24121803424583185,CVPF,cracker_scene4,70,old
7374,17.395654678344727,0.24141911297027474,CVPF,cracker_scene4,70,old
7375,17.398198127746582,0.24141911297027474,CVPF,cracker_scene4,70,old
7376,17.400660514831543,0.24141911297027474,CVPF,cracker_scene4,70,old
7377,17.403069496154785,0.24141911297027474,CVPF,cracker_scene4,70,old
7378,17.406644582748413,0.2290587778674385,CVPF,cracker_scene4,70,old
7379,17.40881323814392,0.2290587778674385,CVPF,cracker_scene4,70,old
7380,17.411123037338257,0.2290587778674385,CVPF,cracker_scene4,70,old
7381,17.41336464881897,0.2290587778674385,CVPF,cracker_scene4,70,old
7382,17.415562629699707,0.2290587778674385,CVPF,cracker_scene4,70,old
7383,17.417821407318115,0.2290587778674385,CVPF,cracker_scene4,70,old
7384,17.420226335525513,0.22938471283442594,CVPF,cracker_scene4,70,old
7385,17.422515630722046,0.22938471283442594,CVPF,cracker_scene4,70,old
7386,17.424761533737183,0.22938471283442594,CVPF,cracker_scene4,70,old
7387,17.427058219909668,0.22940533492369924,CVPF,cracker_scene4,70,old
7388,17.429337739944458,0.22971462461700212,CVPF,cracker_scene4,70,old
7389,17.431955814361572,0.22971462461700212,CVPF,cracker_scene4,70,old
7390,17.434383392333984,0.22971462461700212,CVPF,cracker_scene4,70,old
7391,17.436740159988403,0.22971462461700212,CVPF,cracker_scene4,70,old
7392,17.43924880027771,0.22991760311165935,CVPF,cracker_scene4,70,old
7393,17.44162154197693,0.22991760311165935,CVPF,cracker_scene4,70,old
7394,17.4441020488739,0.22991760311165935,CVPF,cracker_scene4,70,old
7395,17.446600914001465,0.22991760311165935,CVPF,cracker_scene4,70,old
7396,17.448856830596924,0.22991760311165935,CVPF,cracker_scene4,70,old
7397,17.45140552520752,0.23036063837830642,CVPF,cracker_scene4,70,old
7398,17.45377254486084,0.23036063837830642,CVPF,cracker_scene4,70,old
7399,17.45609736442566,0.23036063837830642,CVPF,cracker_scene4,70,old
7400,17.458396673202515,0.23027731622959627,CVPF,cracker_scene4,70,old
7401,17.460687398910522,0.23027731622959627,CVPF,cracker_scene4,70,old
7402,17.46297860145569,0.2305359464052678,CVPF,cracker_scene4,70,old
7403,17.465426206588745,0.2305359464052678,CVPF,cracker_scene4,70,old
7404,17.467923164367676,0.2305359464052678,CVPF,cracker_scene4,70,old
7405,17.470247983932495,0.2305359464052678,CVPF,cracker_scene4,70,old
7406,17.47279953956604,0.23083491675494275,CVPF,cracker_scene4,70,old
7407,17.475273609161377,0.23083491675494275,CVPF,cracker_scene4,70,old
7408,17.47756862640381,0.23083491675494275,CVPF,cracker_scene4,70,old
7409,17.479844331741333,0.23274457140750673,CVPF,cracker_scene4,70,old
7410,17.482184648513794,0.23274457140750673,CVPF,cracker_scene4,70,old
7411,17.484488248825073,0.23274457140750673,CVPF,cracker_scene4,70,old
7412,17.48671293258667,0.23274457140750673,CVPF,cracker_scene4,70,old
7413,17.488910675048828,0.23274457140750673,CVPF,cracker_scene4,70,old
7414,17.491175413131714,0.23274457140750673,CVPF,cracker_scene4,70,old
7415,17.493459701538086,0.2312693276390775,CVPF,cracker_scene4,70,old
7416,17.49587059020996,0.2312693276390775,CVPF,cracker_scene4,70,old
7417,17.498284101486206,0.2312693276390775,CVPF,cracker_scene4,70,old
7418,17.500774145126343,0.23119540833685243,CVPF,cracker_scene4,70,old
7419,17.5030996799469,0.23119540833685243,CVPF,cracker_scene4,70,old
7420,17.50573968887329,0.2313524000307683,CVPF,cracker_scene4,70,old
7421,17.508152723312378,0.2313524000307683,CVPF,cracker_scene4,70,old
7422,17.51067042350769,0.23159754543030234,CVPF,cracker_scene4,70,old
7423,17.513113260269165,0.23159754543030234,CVPF,cracker_scene4,70,old
7424,17.515655755996704,0.23183616853629682,CVPF,cracker_scene4,70,old
7425,17.517995595932007,0.23183616853629682,CVPF,cracker_scene4,70,old
7426,17.520628929138184,0.23196313419267328,CVPF,cracker_scene4,70,old
7427,17.52301836013794,0.23196313419267328,CVPF,cracker_scene4,70,old
7428,17.525572538375854,0.2321824506586709,CVPF,cracker_scene4,70,old
7429,17.52794575691223,0.2321824506586709,CVPF,cracker_scene4,70,old
7430,17.53046202659607,0.23415695913483706,CVPF,cracker_scene4,70,old
7431,17.532778024673462,0.23415695913483706,CVPF,cracker_scene4,70,old
7432,17.535181760787964,0.23415695913483706,CVPF,cracker_scene4,70,old
7433,17.5378520488739,0.23452609569184918,CVPF,cracker_scene4,70,old
7434,17.540414094924927,0.23452609569184918,CVPF,cracker_scene4,70,old
7435,17.54290008544922,0.23463378132191445,CVPF,cracker_scene4,70,old
7436,17.545405626296997,0.23463378132191445,CVPF,cracker_scene4,70,old
7437,17.54824662208557,0.23621719105362132,CVPF,cracker_scene4,70,old
7438,17.55148458480835,0.23621719105362132,CVPF,cracker_scene4,70,old
7439,17.55458164215088,0.23504856822688258,CVPF,cracker_scene4,70,old
7440,17.557055711746216,0.23504856822688258,CVPF,cracker_scene4,70,old
7441,17.559516191482544,0.23697015562840465,CVPF,cracker_scene4,70,old
7442,17.561916828155518,0.23697015562840465,CVPF,cracker_scene4,70,old
7443,17.564367294311523,0.23697015562840465,CVPF,cracker_scene4,70,old
7444,17.566619873046875,0.23697015562840465,CVPF,cracker_scene4,70,old
7445,17.570146083831787,0.22637029452785137,CVPF,cracker_scene4,70,old
7446,17.572463035583496,0.22637029452785137,CVPF,cracker_scene4,70,old
7447,17.574663639068604,0.22637029452785137,CVPF,cracker_scene4,70,old
7448,17.57714033126831,0.22472833899884906,CVPF,cracker_scene4,70,old
7449,17.57952642440796,0.22472833899884906,CVPF,cracker_scene4,70,old
7450,17.58169388771057,0.22472833899884906,CVPF,cracker_scene4,70,old
7451,17.583951473236084,0.22468257219481697,CVPF,cracker_scene4,70,old
7452,17.586403608322144,0.2247033733881904,CVPF,cracker_scene4,70,old
7453,17.58872699737549,0.2247033733881904,CVPF,cracker_scene4,70,old
7454,17.590882778167725,0.2247033733881904,CVPF,cracker_scene4,70,old
7455,17.5932719707489,0.2249844712324728,CVPF,cracker_scene4,70,old
7456,17.595712661743164,0.2249844712324728,CVPF,cracker_scene4,70,old
7457,17.59806799888611,0.2249844712324728,CVPF,cracker_scene4,70,old
7458,17.600415229797363,0.2249844712324728,CVPF,cracker_scene4,70,old
7459,17.602778911590576,0.22527060481770356,CVPF,cracker_scene4,70,old
7460,17.605365753173828,0.22527060481770356,CVPF,cracker_scene4,70,old
7461,17.607685804367065,0.22527060481770356,CVPF,cracker_scene4,70,old
7462,17.610138654708862,0.22564012867319833,CVPF,cracker_scene4,70,old
7463,17.612339735031128,0.22564012867319833,CVPF,cracker_scene4,70,old
7464,17.61453151702881,0.22564012867319833,CVPF,cracker_scene4,70,old
7465,17.616787672042847,0.22564012867319833,CVPF,cracker_scene4,70,old
7466,17.619129180908203,0.22588147385338278,CVPF,cracker_scene4,70,old
7467,17.621326446533203,0.22588147385338278,CVPF,cracker_scene4,70,old
7468,17.623491287231445,0.22588147385338278,CVPF,cracker_scene4,70,old
7469,17.625784635543823,0.22586873280348557,CVPF,cracker_scene4,70,old
7470,17.628060340881348,0.22598939163334816,CVPF,cracker_scene4,70,old
7471,17.63024592399597,0.22598939163334816,CVPF,cracker_scene4,70,old
7472,17.632567167282104,0.22598939163334816,CVPF,cracker_scene4,70,old
7473,17.63515305519104,0.22640018472992246,CVPF,cracker_scene4,70,old
7474,17.63810658454895,0.22640018472992246,CVPF,cracker_scene4,70,old
7475,17.64035153388977,0.22640018472992246,CVPF,cracker_scene4,70,old
7476,17.642825603485107,0.2265754888051249,CVPF,cracker_scene4,70,old
7477,17.6453914642334,0.2265754888051249,CVPF,cracker_scene4,70,old
7478,17.647673845291138,0.2265754888051249,CVPF,cracker_scene4,70,old
7479,17.649932861328125,0.2265754888051249,CVPF,cracker_scene4,70,old
7480,17.65244483947754,0.227717280125727,CVPF,cracker_scene4,70,old
7481,17.654970169067383,0.227717280125727,CVPF,cracker_scene4,70,old
7482,17.65719747543335,0.227717280125727,CVPF,cracker_scene4,70,old
7483,17.65965437889099,0.22807783652395405,CVPF,cracker_scene4,70,old
7484,17.662132263183594,0.22807783652395405,CVPF,cracker_scene4,70,old
7485,17.664461612701416,0.22807783652395405,CVPF,cracker_scene4,70,old
7486,17.666691303253174,0.22807783652395405,CVPF,cracker_scene4,70,old
7487,17.66916584968567,0.22925248305200835,CVPF,cracker_scene4,70,old
7488,17.67188811302185,0.22925248305200835,CVPF,cracker_scene4,70,old
7489,17.674098253250122,0.22925248305200835,CVPF,cracker_scene4,70,old
7490,17.676637649536133,0.22847795220638492,CVPF,cracker_scene4,70,old
7491,17.6790874004364,0.22847795220638492,CVPF,cracker_scene4,70,old
7492,17.681307554244995,0.22847795220638492,CVPF,cracker_scene4,70,old
7493,17.68348264694214,0.22847795220638492,CVPF,cracker_scene4,70,old
7494,17.685967922210693,0.22856745080978763,CVPF,cracker_scene4,70,old
7495,17.688339233398438,0.22856745080978763,CVPF,cracker_scene4,70,old
7496,17.690517902374268,0.22856745080978763,CVPF,cracker_scene4,70,old
7497,17.69282603263855,0.2289334257515464,CVPF,cracker_scene4,70,old
7498,17.6954128742218,0.2289334257515464,CVPF,cracker_scene4,70,old
7499,17.697689294815063,0.2289334257515464,CVPF,cracker_scene4,70,old
7500,17.69988203048706,0.2289334257515464,CVPF,cracker_scene4,70,old
7501,17.70233917236328,0.2292035272514299,CVPF,cracker_scene4,70,old
7502,17.704848766326904,0.2292035272514299,CVPF,cracker_scene4,70,old
7503,17.70742392539978,0.2292035272514299,CVPF,cracker_scene4,70,old
7504,17.71011757850647,0.22629050580405488,CVPF,cracker_scene4,70,old
7505,17.712631940841675,0.22629050580405488,CVPF,cracker_scene4,70,old
7506,17.71519947052002,0.22629050580405488,CVPF,cracker_scene4,70,old
7507,17.717599630355835,0.22703154932067207,CVPF,cracker_scene4,70,old
7508,17.72008466720581,0.22703154932067207,CVPF,cracker_scene4,70,old
7509,17.722526788711548,0.22703154932067207,CVPF,cracker_scene4,70,old
7510,17.72485041618347,0.22703154932067207,CVPF,cracker_scene4,70,old
7511,17.728403568267822,0.22120198971910482,CVPF,cracker_scene4,70,old
7512,17.730743885040283,0.22120198971910482,CVPF,cracker_scene4,70,old
7513,17.73300528526306,0.22120198971910482,CVPF,cracker_scene4,70,old
7514,17.735429286956787,0.2218165956853461,CVPF,cracker_scene4,70,old
7515,17.73791217803955,0.2218165956853461,CVPF,cracker_scene4,70,old
7516,17.740148544311523,0.2218165956853461,CVPF,cracker_scene4,70,old
7517,17.74243450164795,0.2221940050972554,CVPF,cracker_scene4,70,old
7518,17.744906902313232,0.2221940050972554,CVPF,cracker_scene4,70,old
7519,17.74719786643982,0.2221940050972554,CVPF,cracker_scene4,70,old
7520,17.749446868896484,0.2221940050972554,CVPF,cracker_scene4,70,old
7521,17.752034902572632,0.2227515181680734,CVPF,cracker_scene4,70,old
7522,17.75466251373291,0.2227515181680734,CVPF,cracker_scene4,70,old
7523,17.756922006607056,0.2227515181680734,CVPF,cracker_scene4,70,old
7524,17.75918197631836,0.22272983185297637,CVPF,cracker_scene4,70,old
7525,17.76158571243286,0.2228110063572345,CVPF,cracker_scene4,70,old
7526,17.764251232147217,0.2228110063572345,CVPF,cracker_scene4,70,old
7527,17.76667618751526,0.22285436264366218,CVPF,cracker_scene4,70,old
7528,17.769221305847168,0.22429410427514074,CVPF,cracker_scene4,70,old
7529,17.771734476089478,0.22429410427514074,CVPF,cracker_scene4,70,old
7530,17.773898124694824,0.22429410427514074,CVPF,cracker_scene4,70,old
7531,17.77622103691101,0.22602976272037548,CVPF,cracker_scene4,70,old
7532,17.779141664505005,0.22602976272037548,CVPF,cracker_scene4,70,old
7533,17.782145261764526,0.22602976272037548,CVPF,cracker_scene4,70,old
7534,17.785481452941895,0.22441045515952895,CVPF,cracker_scene4,70,old
7535,17.78862428665161,0.22441045515952895,CVPF,cracker_scene4,70,old
7536,17.79168391227722,0.22441045515952895,CVPF,cracker_scene4,70,old
7537,17.795092821121216,0.2250667381212755,CVPF,cracker_scene4,70,old
7538,17.797508716583252,0.2250667381212755,CVPF,cracker_scene4,70,old
7539,17.799737215042114,0.2250667381212755,CVPF,cracker_scene4,70,old
7540,17.802188873291016,0.22750969358920956,CVPF,cracker_scene4,70,old
7541,17.80490756034851,0.22750969358920956,CVPF,cracker_scene4,70,old
7542,17.80733013153076,0.22750969358920956,CVPF,cracker_scene4,70,old
7543,17.809722900390625,0.22601333276408925,CVPF,cracker_scene4,70,old
7544,17.812009572982788,0.22601333276408925,CVPF,cracker_scene4,70,old
7545,17.814180374145508,0.22601333276408925,CVPF,cracker_scene4,70,old
7546,17.8165123462677,0.22601333276408925,CVPF,cracker_scene4,70,old
7547,17.818987369537354,0.22650760577579573,CVPF,cracker_scene4,70,old
7548,17.821232080459595,0.22650760577579573,CVPF,cracker_scene4,70,old
7549,17.823410987854004,0.22650760577579573,CVPF,cracker_scene4,70,old
7550,17.825811862945557,0.22699072255867717,CVPF,cracker_scene4,70,old
7551,17.828011512756348,0.22699072255867717,CVPF,cracker_scene4,70,old
7552,17.830172300338745,0.22699072255867717,CVPF,cracker_scene4,70,old
7553,17.832332849502563,0.22699072255867717,CVPF,cracker_scene4,70,old
7554,17.834672212600708,0.2291322302660824,CVPF,cracker_scene4,70,old
7555,17.83753800392151,0.2291322302660824,CVPF,cracker_scene4,70,old
7556,17.83991765975952,0.2291322302660824,CVPF,cracker_scene4,70,old
7557,17.842224836349487,0.22726322513219097,CVPF,cracker_scene4,70,old
7558,17.844883918762207,0.22779368294976687,CVPF,cracker_scene4,70,old
7559,17.84823513031006,0.22779368294976687,CVPF,cracker_scene4,70,old
7560,17.851951599121094,0.22845454185669445,CVPF,cracker_scene4,70,old
7561,17.855517148971558,0.22845454185669445,CVPF,cracker_scene4,70,old
7562,17.858996629714966,0.22881193901683874,CVPF,cracker_scene4,70,old
7563,17.86268663406372,0.22881193901683874,CVPF,cracker_scene4,70,old
7564,17.866180658340454,0.22881193901683874,CVPF,cracker_scene4,70,old
7565,17.869924306869507,0.22938314382384545,CVPF,cracker_scene4,70,old
7566,17.873546600341797,0.22938314382384545,CVPF,cracker_scene4,70,old
7567,17.877137899398804,0.22918066645691415,CVPF,cracker_scene4,70,old
7568,17.880751132965088,0.22918066645691415,CVPF,cracker_scene4,70,old
7569,17.884015798568726,0.22916774206454343,CVPF,cracker_scene4,70,old
7570,17.88779616355896,0.22956133428022488,CVPF,cracker_scene4,70,old
7571,17.891225337982178,0.22956133428022488,CVPF,cracker_scene4,70,old
7572,17.894755363464355,0.23000548622953523,CVPF,cracker_scene4,70,old
7573,17.897814512252808,0.23000548622953523,CVPF,cracker_scene4,70,old
7574,17.90132236480713,0.23056020668939226,CVPF,cracker_scene4,70,old
7575,17.904951572418213,0.23056020668939226,CVPF,cracker_scene4,70,old
7576,17.908362865447998,0.23056020668939226,CVPF,cracker_scene4,70,old
7577,17.911996364593506,0.2308249408652676,CVPF,cracker_scene4,70,old
7578,17.915467739105225,0.2308249408652676,CVPF,cracker_scene4,70,old
7579,17.918612718582153,0.23110343709820913,CVPF,cracker_scene4,70,old
7580,17.922157526016235,0.23063005152646898,CVPF,cracker_scene4,70,old
7581,17.924407958984375,0.23063005152646898,CVPF,cracker_scene4,70,old
7582,17.9269380569458,0.23131164099000845,CVPF,cracker_scene4,70,old
7583,17.92932438850403,0.23131164099000845,CVPF,cracker_scene4,70,old
7584,17.931528568267822,0.23131164099000845,CVPF,cracker_scene4,70,old
7585,17.933770895004272,0.23155573694948117,CVPF,cracker_scene4,70,old
7586,17.936243534088135,0.23170925625427685,CVPF,cracker_scene4,70,old
7587,17.938680171966553,0.23170925625427685,CVPF,cracker_scene4,70,old
7588,17.94096851348877,0.23170925625427685,CVPF,cracker_scene4,70,old
7589,17.943546772003174,0.23189846383183887,CVPF,cracker_scene4,70,old
7590,17.946025133132935,0.23189846383183887,CVPF,cracker_scene4,70,old
7591,17.948211193084717,0.23189846383183887,CVPF,cracker_scene4,70,old
7592,17.95054817199707,0.23193560621001819,CVPF,cracker_scene4,70,old
7593,17.952872037887573,0.2321773185921554,CVPF,cracker_scene4,70,old
7594,17.95536518096924,0.2321773185921554,CVPF,cracker_scene4,70,old
7595,17.957680225372314,0.2321773185921554,CVPF,cracker_scene4,70,old
7596,17.960076570510864,0.23240513222601944,CVPF,cracker_scene4,70,old
7597,17.962471961975098,0.23240513222601944,CVPF,cracker_scene4,70,old
7598,17.964863300323486,0.23240513222601944,CVPF,cracker_scene4,70,old
7599,17.96720790863037,0.23240513222601944,CVPF,cracker_scene4,70,old
7600,17.969685077667236,0.23281079500001045,CVPF,cracker_scene4,70,old
7601,17.97219491004944,0.23281079500001045,CVPF,cracker_scene4,70,old
7602,17.97451424598694,0.23281079500001045,CVPF,cracker_scene4,70,old
7603,17.97757363319397,0.23288190679295706,CVPF,cracker_scene4,70,old
7604,17.97999382019043,0.23288190679295706,CVPF,cracker_scene4,70,old
7605,17.982216835021973,0.23288190679295706,CVPF,cracker_scene4,70,old
7606,17.984570026397705,0.23334523304139587,CVPF,cracker_scene4,70,old
7607,17.987040042877197,0.23334523304139587,CVPF,cracker_scene4,70,old
7608,17.989325523376465,0.23334523304139587,CVPF,cracker_scene4,70,old
7609,17.991624355316162,0.23334523304139587,CVPF,cracker_scene4,70,old
7610,17.994014024734497,0.23402514148432818,CVPF,cracker_scene4,70,old
7611,17.99652338027954,0.23402514148432818,CVPF,cracker_scene4,70,old
7612,17.998871088027954,0.23402514148432818,CVPF,cracker_scene4,70,old
7613,18.00127935409546,0.23415693148525474,CVPF,cracker_scene4,70,old
7614,18.00372862815857,0.23415693148525474,CVPF,cracker_scene4,70,old
7615,18.006158590316772,0.23415693148525474,CVPF,cracker_scene4,70,old
7616,18.008490562438965,0.2341456425894286,CVPF,cracker_scene4,70,old
7617,18.010932683944702,0.23490128587674164,CVPF,cracker_scene4,70,old
7618,18.01324486732483,0.23490128587674164,CVPF,cracker_scene4,70,old
7619,18.015454053878784,0.23490128587674164,CVPF,cracker_scene4,70,old
7620,18.017763376235962,0.23642593088680375,CVPF,cracker_scene4,70,old
7621,18.020203113555908,0.23642593088680375,CVPF,cracker_scene4,70,old
7622,18.022583723068237,0.23642593088680375,CVPF,cracker_scene4,70,old
7623,18.02485466003418,0.23642593088680375,CVPF,cracker_scene4,70,old
7624,18.02741575241089,0.23505477890093918,CVPF,cracker_scene4,70,old
7625,18.029789686203003,0.23505477890093918,CVPF,cracker_scene4,70,old
7626,18.032078981399536,0.23505477890093918,CVPF,cracker_scene4,70,old
7627,18.03445029258728,0.23610285634646022,CVPF,cracker_scene4,70,old
7628,18.03696346282959,0.23610285634646022,CVPF,cracker_scene4,70,old
7629,18.03947401046753,0.23610285634646022,CVPF,cracker_scene4,70,old
7630,18.041816234588623,0.2360922610235372,CVPF,cracker_scene4,70,old
7631,18.0441632270813,0.23687484033845774,CVPF,cracker_scene4,70,old
7632,18.046680450439453,0.23687484033845774,CVPF,cracker_scene4,70,old
7633,18.04888939857483,0.23687484033845774,CVPF,cracker_scene4,70,old
7634,18.05251908302307,0.23591884617774422,CVPF,cracker_scene4,70,old
7635,18.055663585662842,0.23591884617774422,CVPF,cracker_scene4,70,old
7636,18.05878472328186,0.23591884617774422,CVPF,cracker_scene4,70,old
7637,18.0620539188385,0.23605415382281675,CVPF,cracker_scene4,70,old
7638,18.065167903900146,0.23605415382281675,CVPF,cracker_scene4,70,old
7639,18.06825065612793,0.23658967559560148,CVPF,cracker_scene4,70,old
7640,18.071571350097656,0.23658967559560148,CVPF,cracker_scene4,70,old
7641,18.074500799179077,0.23658967559560148,CVPF,cracker_scene4,70,old
7642,18.0777645111084,0.23668495587861246,CVPF,cracker_scene4,70,old
7643,18.08085823059082,0.23668495587861246,CVPF,cracker_scene4,70,old
7644,18.083937406539917,0.23714465085651032,CVPF,cracker_scene4,70,old
7645,18.087217807769775,0.23714465085651032,CVPF,cracker_scene4,70,old
7646,18.090245485305786,0.23714465085651032,CVPF,cracker_scene4,70,old
7647,18.093302488327026,0.23753909901618725,CVPF,cracker_scene4,70,old
7648,18.096548557281494,0.23753909901618725,CVPF,cracker_scene4,70,old
7649,18.09948754310608,0.23753909901618725,CVPF,cracker_scene4,70,old
7650,18.102741241455078,0.2384885242927004,CVPF,cracker_scene4,70,old
7651,18.105172872543335,0.2384885242927004,CVPF,cracker_scene4,70,old
7652,18.10751509666443,0.2384885242927004,CVPF,cracker_scene4,70,old
7653,18.10988712310791,0.23877108015106469,CVPF,cracker_scene4,70,old
7654,18.112375020980835,0.23877108015106469,CVPF,cracker_scene4,70,old
7655,18.11458158493042,0.23877108015106469,CVPF,cracker_scene4,70,old
7656,18.116947650909424,0.23877108015106469,CVPF,cracker_scene4,70,old
7657,18.11938738822937,0.23950496335354235,CVPF,cracker_scene4,70,old
7658,18.121747732162476,0.23950496335354235,CVPF,cracker_scene4,70,old
7659,18.12413763999939,0.23950496335354235,CVPF,cracker_scene4,70,old
7660,18.12652611732483,0.2396901436379081,CVPF,cracker_scene4,70,old
7661,18.129074096679688,0.2396901436379081,CVPF,cracker_scene4,70,old
7662,18.131216764450073,0.2396901436379081,CVPF,cracker_scene4,70,old
7663,18.133416414260864,0.2396901436379081,CVPF,cracker_scene4,70,old
7664,18.13578462600708,0.2395949461696381,CVPF,cracker_scene4,70,old
7665,18.138566255569458,0.2395949461696381,CVPF,cracker_scene4,70,old
7666,18.140722274780273,0.2395949461696381,CVPF,cracker_scene4,70,old
7667,18.143134117126465,0.23956738464079294,CVPF,cracker_scene4,70,old
7668,18.145588636398315,0.23956738464079294,CVPF,cracker_scene4,70,old
7669,18.147953271865845,0.23956738464079294,CVPF,cracker_scene4,70,old
7670,18.150211811065674,0.23956738464079294,CVPF,cracker_scene4,70,old
7671,18.1526882648468,0.2399229152776587,CVPF,cracker_scene4,70,old
7672,18.155091524124146,0.2399229152776587,CVPF,cracker_scene4,70,old
7673,18.15758776664734,0.2399229152776587,CVPF,cracker_scene4,70,old
7674,18.160125255584717,0.23998608584756348,CVPF,cracker_scene4,70,old
7675,18.162572383880615,0.23998608584756348,CVPF,cracker_scene4,70,old
7676,18.16484260559082,0.23998608584756348,CVPF,cracker_scene4,70,old
7677,18.16710376739502,0.23998608584756348,CVPF,cracker_scene4,70,old
7678,18.169585943222046,0.24225623735821578,CVPF,cracker_scene4,70,old
7679,18.172045707702637,0.24225623735821578,CVPF,cracker_scene4,70,old
7680,18.174341678619385,0.24225623735821578,CVPF,cracker_scene4,70,old
7681,18.176688194274902,0.24223862040493974,CVPF,cracker_scene4,70,old
7682,18.178999185562134,0.24223862040493974,CVPF,cracker_scene4,70,old
7683,18.18134379386902,0.24240209999393755,CVPF,cracker_scene4,70,old
7684,18.183767795562744,0.24240209999393755,CVPF,cracker_scene4,70,old
7685,18.186058282852173,0.24240209999393755,CVPF,cracker_scene4,70,old
7686,18.188485622406006,0.24240209999393755,CVPF,cracker_scene4,70,old
7687,18.190881729125977,0.2409321896586299,CVPF,cracker_scene4,70,old
7688,18.19324231147766,0.2409321896586299,CVPF,cracker_scene4,70,old
7689,18.19564127922058,0.2409321896586299,CVPF,cracker_scene4,70,old
7690,18.198049306869507,0.2409321896586299,CVPF,cracker_scene4,70,old
7691,18.200541019439697,0.2409321896586299,CVPF,cracker_scene4,70,old
7692,18.202882766723633,0.2409321896586299,CVPF,cracker_scene4,70,old
7693,18.20544672012329,0.2413243689055919,CVPF,cracker_scene4,70,old
7694,18.209251642227173,0.24153646547718077,CVPF,cracker_scene4,70,old
7695,18.212209701538086,0.24153646547718077,CVPF,cracker_scene4,70,old
7696,18.215311765670776,0.2417990739557369,CVPF,cracker_scene4,70,old
7697,18.21853542327881,0.2417990739557369,CVPF,cracker_scene4,70,old
7698,18.221420764923096,0.2417990739557369,CVPF,cracker_scene4,70,old
7699,18.224533557891846,0.2438923208253845,CVPF,cracker_scene4,70,old
7700,18.22779679298401,0.2438923208253845,CVPF,cracker_scene4,70,old
7701,18.23078227043152,0.24197758630042032,CVPF,cracker_scene4,70,old
7702,18.233805656433105,0.24197758630042032,CVPF,cracker_scene4,70,old
7703,18.23687767982483,0.24197758630042032,CVPF,cracker_scene4,70,old
7704,18.240219831466675,0.24272169443737207,CVPF,cracker_scene4,70,old
7705,18.243212938308716,0.24272169443737207,CVPF,cracker_scene4,70,old
7706,18.246315956115723,0.24272169443737207,CVPF,cracker_scene4,70,old
7707,18.24935007095337,0.24272169443737207,CVPF,cracker_scene4,70,old
7708,18.252686738967896,0.24495835530729348,CVPF,cracker_scene4,70,old
7709,18.255415201187134,0.24495835530729348,CVPF,cracker_scene4,70,old
7710,18.257681131362915,0.24495835530729348,CVPF,cracker_scene4,70,old
7711,18.26008629798889,0.24495835530729348,CVPF,cracker_scene4,70,old
7712,18.262510776519775,0.24495835530729348,CVPF,cracker_scene4,70,old
7713,18.264814376831055,0.24336206438936991,CVPF,cracker_scene4,70,old
7714,18.26702117919922,0.24336206438936991,CVPF,cracker_scene4,70,old
7715,18.2693350315094,0.24336206438936991,CVPF,cracker_scene4,70,old
7716,18.27189540863037,0.24336206438936991,CVPF,cracker_scene4,70,old
7717,18.27425456047058,0.24342620760327885,CVPF,cracker_scene4,70,old
7718,18.27653741836548,0.24342620760327885,CVPF,cracker_scene4,70,old
7719,18.278913974761963,0.2434517195980125,CVPF,cracker_scene4,70,old
7720,18.281327486038208,0.2434517195980125,CVPF,cracker_scene4,70,old
7721,18.28364372253418,0.2434517195980125,CVPF,cracker_scene4,70,old
7722,18.285841941833496,0.2433735609489724,CVPF,cracker_scene4,70,old
7723,18.288190603256226,0.24358671691444422,CVPF,cracker_scene4,70,old
7724,18.290555477142334,0.24358671691444422,CVPF,cracker_scene4,70,old
7725,18.292676210403442,0.24358671691444422,CVPF,cracker_scene4,70,old
7726,18.294984579086304,0.24358671691444422,CVPF,cracker_scene4,70,old
7727,18.297303676605225,0.24358671691444422,CVPF,cracker_scene4,70,old
7728,18.29972815513611,0.2436122098654803,CVPF,cracker_scene4,70,old
7729,18.302207231521606,0.24401224403288888,CVPF,cracker_scene4,70,old
7730,18.304843425750732,0.24637744988491328,CVPF,cracker_scene4,70,old
7731,18.307204723358154,0.24637744988491328,CVPF,cracker_scene4,70,old
7732,18.309683561325073,0.24408376775605087,CVPF,cracker_scene4,70,old
7733,18.312084674835205,0.24408376775605087,CVPF,cracker_scene4,70,old
7734,18.31438136100769,0.24440441871416574,CVPF,cracker_scene4,70,old
7735,18.316767930984497,0.24440441871416574,CVPF,cracker_scene4,70,old
7736,18.31919765472412,0.2445342360798781,CVPF,cracker_scene4,70,old
7737,18.321545362472534,0.2445342360798781,CVPF,cracker_scene4,70,old
7738,18.323906421661377,0.2449287782232193,CVPF,cracker_scene4,70,old
7739,18.326380968093872,0.2449287782232193,CVPF,cracker_scene4,70,old
7740,18.328898668289185,0.24689148673480885,CVPF,cracker_scene4,70,old
7741,18.331392288208008,0.24689148673480885,CVPF,cracker_scene4,70,old
7742,18.33386540412903,0.2458399720284734,CVPF,cracker_scene4,70,old
7743,18.336289644241333,0.245825970842936,CVPF,cracker_scene4,70,old
7744,18.33897376060486,0.24604374049528,CVPF,cracker_scene4,70,old
7745,18.341261863708496,0.24604374049528,CVPF,cracker_scene4,70,old
7746,18.3437442779541,0.24653877342329455,CVPF,cracker_scene4,70,old
7747,18.346149682998657,0.24653877342329455,CVPF,cracker_scene4,70,old
7748,18.34852361679077,0.24653877342329455,CVPF,cracker_scene4,70,old
7749,18.35081934928894,0.24690039953842785,CVPF,cracker_scene4,70,old
7750,18.353241682052612,0.24690039953842785,CVPF,cracker_scene4,70,old
7751,18.355470180511475,0.24690039953842785,CVPF,cracker_scene4,70,old
7752,18.357663869857788,0.24690039953842785,CVPF,cracker_scene4,70,old
7753,18.36072063446045,0.2652795845414822,CVPF,cracker_scene4,70,old
7754,18.363107681274414,0.2652795845414822,CVPF,cracker_scene4,70,old
7755,18.36529779434204,0.2652795845414822,CVPF,cracker_scene4,70,old
7756,18.367592334747314,0.2652560172614586,CVPF,cracker_scene4,70,old
7757,18.3701114654541,0.2654325644184238,CVPF,cracker_scene4,70,old
7758,18.372381687164307,0.2654325644184238,CVPF,cracker_scene4,70,old
7759,18.37456750869751,0.2654325644184238,CVPF,cracker_scene4,70,old
7760,18.37692618370056,0.26573137385484336,CVPF,cracker_scene4,70,old
7761,18.379367351531982,0.26573137385484336,CVPF,cracker_scene4,70,old
7762,18.381590366363525,0.26573137385484336,CVPF,cracker_scene4,70,old
7763,18.383776664733887,0.26573137385484336,CVPF,cracker_scene4,70,old
7764,18.38614845275879,0.2660507406102982,CVPF,cracker_scene4,70,old
7765,18.38852286338806,0.2660507406102982,CVPF,cracker_scene4,70,old
7766,18.390849828720093,0.2660507406102982,CVPF,cracker_scene4,70,old
7767,18.393350839614868,0.2663979031130355,CVPF,cracker_scene4,70,old
7768,18.395896196365356,0.2663979031130355,CVPF,cracker_scene4,70,old
7769,18.39812970161438,0.2663979031130355,CVPF,cracker_scene4,70,old
7770,18.400382041931152,0.26675418578915827,CVPF,cracker_scene4,70,old
7771,18.402817964553833,0.26675418578915827,CVPF,cracker_scene4,70,old
7772,18.405346870422363,0.26675418578915827,CVPF,cracker_scene4,70,old
7773,18.407527208328247,0.26675418578915827,CVPF,cracker_scene4,70,old
7774,18.409827947616577,0.2673317409405884,CVPF,cracker_scene4,70,old
7775,18.41233205795288,0.2673317409405884,CVPF,cracker_scene4,70,old
7776,18.414549589157104,0.2673317409405884,CVPF,cracker_scene4,70,old
7777,18.416752338409424,0.2673317409405884,CVPF,cracker_scene4,70,old
7778,18.419108152389526,0.2681823049745317,CVPF,cracker_scene4,70,old
7779,18.421536445617676,0.2681823049745317,CVPF,cracker_scene4,70,old
7780,18.423741579055786,0.2681823049745317,CVPF,cracker_scene4,70,old
7781,18.42616868019104,0.268454451980768,CVPF,cracker_scene4,70,old
7782,18.42854356765747,0.268454451980768,CVPF,cracker_scene4,70,old
7783,18.43100643157959,0.268454451980768,CVPF,cracker_scene4,70,old
7784,18.43329095840454,0.268454451980768,CVPF,cracker_scene4,70,old
7785,18.435770988464355,0.2689308351672464,CVPF,cracker_scene4,70,old
7786,18.438194751739502,0.2689308351672464,CVPF,cracker_scene4,70,old
7787,18.440427541732788,0.2689308351672464,CVPF,cracker_scene4,70,old
7788,18.44281768798828,0.2692902855158842,CVPF,cracker_scene4,70,old
7789,18.445404529571533,0.2692902855158842,CVPF,cracker_scene4,70,old
7790,18.44763970375061,0.2692902855158842,CVPF,cracker_scene4,70,old
7791,18.44983434677124,0.2692902855158842,CVPF,cracker_scene4,70,old
7792,18.45227074623108,0.26964898209251503,CVPF,cracker_scene4,70,old
7793,18.454631328582764,0.26964898209251503,CVPF,cracker_scene4,70,old
7794,18.45677399635315,0.26964898209251503,CVPF,cracker_scene4,70,old
7795,18.4590904712677,0.26964898209251503,CVPF,cracker_scene4,70,old
7796,18.461713790893555,0.2700921382647129,CVPF,cracker_scene4,70,old
7797,18.4641010761261,0.2700921382647129,CVPF,cracker_scene4,70,old
7798,18.46640110015869,0.2700921382647129,CVPF,cracker_scene4,70,old
7799,18.468892335891724,0.27062813412863884,CVPF,cracker_scene4,70,old
7800,18.471383333206177,0.27062813412863884,CVPF,cracker_scene4,70,old
7801,18.47366952896118,0.27062813412863884,CVPF,cracker_scene4,70,old
7802,18.476096391677856,0.27052279496633025,CVPF,cracker_scene4,70,old
7803,18.47836947441101,0.27052279496633025,CVPF,cracker_scene4,70,old
7804,18.480710983276367,0.27052279496633025,CVPF,cracker_scene4,70,old
7805,18.48290252685547,0.27052279496633025,CVPF,cracker_scene4,70,old
7806,18.48530888557434,0.27124197147065704,CVPF,cracker_scene4,70,old
7807,18.487479209899902,0.27124197147065704,CVPF,cracker_scene4,70,old
7808,18.489779233932495,0.27124197147065704,CVPF,cracker_scene4,70,old
7809,18.4922034740448,0.2714057573218336,CVPF,cracker_scene4,70,old
7810,18.494556665420532,0.2714057573218336,CVPF,cracker_scene4,70,old
7811,18.496744394302368,0.2714057573218336,CVPF,cracker_scene4,70,old
7812,18.498961448669434,0.2714057573218336,CVPF,cracker_scene4,70,old
7813,18.501270055770874,0.2719399082426134,CVPF,cracker_scene4,70,old
7814,18.504355430603027,0.2719399082426134,CVPF,cracker_scene4,70,old
7815,18.50667452812195,0.2719399082426134,CVPF,cracker_scene4,70,old
7816,18.509106874465942,0.27193250043994327,CVPF,cracker_scene4,70,old
7817,18.511641263961792,0.2721774243374984,CVPF,cracker_scene4,70,old
7818,18.514083862304688,0.2721774243374984,CVPF,cracker_scene4,70,old
7819,18.516388416290283,0.2721774243374984,CVPF,cracker_scene4,70,old
7820,18.51993989944458,0.28153550682983464,CVPF,cracker_scene4,70,old
7821,18.522345542907715,0.28153550682983464,CVPF,cracker_scene4,70,old
7822,18.524730682373047,0.28153550682983464,CVPF,cracker_scene4,70,old
7823,18.527140140533447,0.2816943962152761,CVPF,cracker_scene4,70,old
7824,18.529608488082886,0.2816943962152761,CVPF,cracker_scene4,70,old
7825,18.531896829605103,0.2816943962152761,CVPF,cracker_scene4,70,old
7826,18.53431487083435,0.2822545874932269,CVPF,cracker_scene4,70,old
7827,18.536677598953247,0.2822545874932269,CVPF,cracker_scene4,70,old
7828,18.539207220077515,0.2822545874932269,CVPF,cracker_scene4,70,old
7829,18.5414936542511,0.2822545874932269,CVPF,cracker_scene4,70,old
7830,18.54392170906067,0.28250657141471724,CVPF,cracker_scene4,70,old
7831,18.546380758285522,0.28250657141471724,CVPF,cracker_scene4,70,old
7832,18.548645973205566,0.28250657141471724,CVPF,cracker_scene4,70,old
7833,18.551145553588867,0.2846108358522207,CVPF,cracker_scene4,70,old
7834,18.55364179611206,0.2846108358522207,CVPF,cracker_scene4,70,old
7835,18.555925369262695,0.2846108358522207,CVPF,cracker_scene4,70,old
7836,18.55822205543518,0.2846108358522207,CVPF,cracker_scene4,70,old
7837,18.560649871826172,0.28558702515601436,CVPF,cracker_scene4,70,old
7838,18.56308126449585,0.28558702515601436,CVPF,cracker_scene4,70,old
7839,18.56536030769348,0.28558702515601436,CVPF,cracker_scene4,70,old
7840,18.56754183769226,0.28558702515601436,CVPF,cracker_scene4,70,old
7841,18.56997323036194,0.28601658029643706,CVPF,cracker_scene4,70,old
7842,18.572492837905884,0.2859939533998538,CVPF,cracker_scene4,70,old
7843,18.574782609939575,0.2859939533998538,CVPF,cracker_scene4,70,old
7844,18.577173233032227,0.2859939533998538,CVPF,cracker_scene4,70,old
7845,18.57974910736084,0.28429351474329967,CVPF,cracker_scene4,70,old
7846,18.582010984420776,0.28429351474329967,CVPF,cracker_scene4,70,old
7847,18.584593772888184,0.28429351474329967,CVPF,cracker_scene4,70,old
7848,18.5869083404541,0.28429351474329967,CVPF,cracker_scene4,70,old
7849,18.58926486968994,0.28429351474329967,CVPF,cracker_scene4,70,old
7850,18.59179997444153,0.284855473893337,CVPF,cracker_scene4,70,old
7851,18.594181060791016,0.284855473893337,CVPF,cracker_scene4,70,old
7852,18.59662437438965,0.284855473893337,CVPF,cracker_scene4,70,old
7853,18.599066019058228,0.28504150036191783,CVPF,cracker_scene4,70,old
7854,18.601438283920288,0.28504150036191783,CVPF,cracker_scene4,70,old
7855,18.603902339935303,0.28504150036191783,CVPF,cracker_scene4,70,old
7856,18.606311559677124,0.28504150036191783,CVPF,cracker_scene4,70,old
7857,18.60868239402771,0.2855572038705938,CVPF,cracker_scene4,70,old
7858,18.611022472381592,0.2855572038705938,CVPF,cracker_scene4,70,old
7859,18.6133713722229,0.2855572038705938,CVPF,cracker_scene4,70,old
7860,18.615652322769165,0.2855572038705938,CVPF,cracker_scene4,70,old
7861,18.617793321609497,0.2855572038705938,CVPF,cracker_scene4,70,old
7862,18.6200168132782,0.2855572038705938,CVPF,cracker_scene4,70,old
7863,18.622145175933838,0.2855572038705938,CVPF,cracker_scene4,70,old
7864,18.624730587005615,0.2859667030799114,CVPF,cracker_scene4,70,old
7865,18.6270968914032,0.2859667030799114,CVPF,cracker_scene4,70,old
7866,18.629262924194336,0.2859667030799114,CVPF,cracker_scene4,70,old
7867,18.631752014160156,0.2862823614355901,CVPF,cracker_scene4,70,old
7868,18.634419441223145,0.2862823614355901,CVPF,cracker_scene4,70,old
7869,18.636815071105957,0.2862823614355901,CVPF,cracker_scene4,70,old
7870,18.63933300971985,0.29030482907565525,CVPF,cracker_scene4,70,old
7871,18.642788648605347,0.29030482907565525,CVPF,cracker_scene4,70,old
7872,18.646432161331177,0.29030482907565525,CVPF,cracker_scene4,70,old
7873,18.649844884872437,0.29030482907565525,CVPF,cracker_scene4,70,old
7874,18.653563022613525,0.2902728249801367,CVPF,cracker_scene4,70,old
7875,18.657004833221436,0.2902728249801367,CVPF,cracker_scene4,70,old
7876,18.66003704071045,0.2928123548888001,CVPF,cracker_scene4,70,old
7877,18.662663459777832,0.2928123548888001,CVPF,cracker_scene4,70,old
7878,18.6651349067688,0.2928123548888001,CVPF,cracker_scene4,70,old
7879,18.667661905288696,0.2928123548888001,CVPF,cracker_scene4,70,old
7880,18.670257091522217,0.29064637725343495,CVPF,cracker_scene4,70,old
7881,18.672937154769897,0.29064637725343495,CVPF,cracker_scene4,70,old
7882,18.675248861312866,0.29064637725343495,CVPF,cracker_scene4,70,old
7883,18.67765212059021,0.29093510551315,CVPF,cracker_scene4,70,old
7884,18.680019855499268,0.29093510551315,CVPF,cracker_scene4,70,old
7885,18.682334184646606,0.29093510551315,CVPF,cracker_scene4,70,old
7886,18.68471884727478,0.29093510551315,CVPF,cracker_scene4,70,old
7887,18.687090158462524,0.29093510551315,CVPF,cracker_scene4,70,old
7888,18.690481185913086,0.28723546444997544,CVPF,cracker_scene4,70,old
7889,18.692800045013428,0.28723546444997544,CVPF,cracker_scene4,70,old
7890,18.69502878189087,0.28723546444997544,CVPF,cracker_scene4,70,old
7891,18.697235345840454,0.28723546444997544,CVPF,cracker_scene4,70,old
7892,18.699509620666504,0.28723546444997544,CVPF,cracker_scene4,70,old
7893,18.70243740081787,0.2874537772060112,CVPF,cracker_scene4,70,old
7894,18.705137491226196,0.2880392079492451,CVPF,cracker_scene4,70,old
7895,18.707579374313354,0.2880392079492451,CVPF,cracker_scene4,70,old
7896,18.71010398864746,0.2880345532554442,CVPF,cracker_scene4,70,old
7897,18.71260356903076,0.2884273076458025,CVPF,cracker_scene4,70,old
7898,18.71509885787964,0.2883711368598429,CVPF,cracker_scene4,70,old
7899,18.71754765510559,0.2886971068133716,CVPF,cracker_scene4,70,old
7900,18.72002649307251,0.2913596446468894,CVPF,cracker_scene4,70,old
7901,18.722410917282104,0.2913596446468894,CVPF,cracker_scene4,70,old
7902,18.72472643852234,0.2913596446468894,CVPF,cracker_scene4,70,old
7903,18.727315425872803,0.2900075820928571,CVPF,cracker_scene4,70,old
7904,18.729843616485596,0.2900075820928571,CVPF,cracker_scene4,70,old
7905,18.732333183288574,0.29303466673531114,CVPF,cracker_scene4,70,old
7906,18.734840631484985,0.29303466673531114,CVPF,cracker_scene4,70,old
7907,18.737489223480225,0.2934301596945126,CVPF,cracker_scene4,70,old
7908,18.740013599395752,0.2934301596945126,CVPF,cracker_scene4,70,old
7909,18.742340326309204,0.2934301596945126,CVPF,cracker_scene4,70,old
7910,18.744795083999634,0.2937026452316972,CVPF,cracker_scene4,70,old
7911,18.74716019630432,0.2937026452316972,CVPF,cracker_scene4,70,old
7912,18.749420881271362,0.2937026452316972,CVPF,cracker_scene4,70,old
7913,18.751885175704956,0.29214792774840737,CVPF,cracker_scene4,70,old
7914,18.754255294799805,0.29214792774840737,CVPF,cracker_scene4,70,old
7915,18.75644540786743,0.29214792774840737,CVPF,cracker_scene4,70,old
7916,18.75877809524536,0.29213747386054495,CVPF,cracker_scene4,70,old
7917,18.761191606521606,0.29261972752849,CVPF,cracker_scene4,70,old
7918,18.76362442970276,0.29261972752849,CVPF,cracker_scene4,70,old
7919,18.76590394973755,0.29261972752849,CVPF,cracker_scene4,70,old
7920,18.76835322380066,0.2929441818610457,CVPF,cracker_scene4,70,old
7921,18.77109384536743,0.2929441818610457,CVPF,cracker_scene4,70,old
7922,18.773249626159668,0.2929441818610457,CVPF,cracker_scene4,70,old
7923,18.775519847869873,0.2929441818610457,CVPF,cracker_scene4,70,old
7924,18.777998447418213,0.2935416528419861,CVPF,cracker_scene4,70,old
7925,18.780646800994873,0.2935416528419861,CVPF,cracker_scene4,70,old
7926,18.782992839813232,0.2935416528419861,CVPF,cracker_scene4,70,old
7927,18.785570859909058,0.294121553336582,CVPF,cracker_scene4,70,old
7928,18.787901639938354,0.294121553336582,CVPF,cracker_scene4,70,old
7929,18.790239095687866,0.294121553336582,CVPF,cracker_scene4,70,old
7930,18.792707920074463,0.29477092530873195,CVPF,cracker_scene4,70,old
7931,18.79521918296814,0.29477092530873195,CVPF,cracker_scene4,70,old
7932,18.797390937805176,0.29477092530873195,CVPF,cracker_scene4,70,old
7933,18.799541234970093,0.29477092530873195,CVPF,cracker_scene4,70,old
7934,18.802210807800293,0.2944896999695755,CVPF,cracker_scene4,70,old
7935,18.804848432540894,0.2944896999695755,CVPF,cracker_scene4,70,old
7936,18.80724287033081,0.2944896999695755,CVPF,cracker_scene4,70,old
7937,18.809726238250732,0.2964900579665241,CVPF,cracker_scene4,70,old
7938,18.812418699264526,0.2964900579665241,CVPF,cracker_scene4,70,old
7939,18.814767599105835,0.2964900579665241,CVPF,cracker_scene4,70,old
7940,18.81705355644226,0.2950121055503078,CVPF,cracker_scene4,70,old
7941,18.8194363117218,0.29497763267024946,CVPF,cracker_scene4,70,old
7942,18.821836948394775,0.29497763267024946,CVPF,cracker_scene4,70,old
7943,18.824063301086426,0.29497763267024946,CVPF,cracker_scene4,70,old
7944,18.826526403427124,0.29740457786608865,CVPF,cracker_scene4,70,old
7945,18.829039573669434,0.29740457786608865,CVPF,cracker_scene4,70,old
7946,18.831461668014526,0.29740457786608865,CVPF,cracker_scene4,70,old
7947,18.83392643928528,0.29573689347700327,CVPF,cracker_scene4,70,old
7948,18.836528062820435,0.29573689347700327,CVPF,cracker_scene4,70,old
7949,18.83906865119934,0.29573689347700327,CVPF,cracker_scene4,70,old
7950,18.842094659805298,0.28028437639729686,CVPF,cracker_scene4,70,old
7951,18.84450626373291,0.28028437639729686,CVPF,cracker_scene4,70,old
7952,18.846777200698853,0.28028437639729686,CVPF,cracker_scene4,70,old
7953,18.848990440368652,0.28028437639729686,CVPF,cracker_scene4,70,old
7954,18.851423263549805,0.27817238763573554,CVPF,cracker_scene4,70,old
7955,18.854044437408447,0.27817238763573554,CVPF,cracker_scene4,70,old
7956,18.856516122817993,0.27817238763573554,CVPF,cracker_scene4,70,old
7957,18.85891318321228,0.2782054034178863,CVPF,cracker_scene4,70,old
7958,18.86168360710144,0.27820998810002195,CVPF,cracker_scene4,70,old
7959,18.864197969436646,0.27820998810002195,CVPF,cracker_scene4,70,old
7960,18.866509675979614,0.27820998810002195,CVPF,cracker_scene4,70,old
7961,18.869141101837158,0.27695381915806927,CVPF,cracker_scene4,70,old
7962,18.871890783309937,0.27695381915806927,CVPF,cracker_scene4,70,old
7963,18.874104976654053,0.27695381915806927,CVPF,cracker_scene4,70,old
7964,18.876530170440674,0.27641003076122483,CVPF,cracker_scene4,70,old
7965,18.87889266014099,0.27641003076122483,CVPF,cracker_scene4,70,old
7966,18.881114959716797,0.27641003076122483,CVPF,cracker_scene4,70,old
7967,18.883323192596436,0.27641003076122483,CVPF,cracker_scene4,70,old
7968,18.885751962661743,0.27595795517264055,CVPF,cracker_scene4,70,old
7969,18.888115167617798,0.27595795517264055,CVPF,cracker_scene4,70,old
7970,18.89039635658264,0.27595795517264055,CVPF,cracker_scene4,70,old
7971,18.89282250404358,0.27527974351066425,CVPF,cracker_scene4,70,old
7972,18.89527177810669,0.27527974351066425,CVPF,cracker_scene4,70,old
7973,18.897530555725098,0.27527974351066425,CVPF,cracker_scene4,70,old
7974,18.899799585342407,0.27527974351066425,CVPF,cracker_scene4,70,old
7975,18.902278423309326,0.27469788323017214,CVPF,cracker_scene4,70,old
7976,18.904876232147217,0.27469788323017214,CVPF,cracker_scene4,70,old
7977,18.90724802017212,0.27469788323017214,CVPF,cracker_scene4,70,old
7978,18.90963101387024,0.2737904439046395,CVPF,cracker_scene4,70,old
7979,18.912062406539917,0.2737904439046395,CVPF,cracker_scene4,70,old
7980,18.91426110267639,0.2737904439046395,CVPF,cracker_scene4,70,old
7981,18.916516065597534,0.27604029901552585,CVPF,cracker_scene4,70,old
7982,18.91889214515686,0.2759561774959787,CVPF,cracker_scene4,70,old
7983,18.921355485916138,0.2759561774959787,CVPF,cracker_scene4,70,old
7984,18.923616647720337,0.2759561774959787,CVPF,cracker_scene4,70,old
7985,18.92604374885559,0.2734358540496308,CVPF,cracker_scene4,70,old
7986,18.928526878356934,0.2734358540496308,CVPF,cracker_scene4,70,old
7987,18.93089747428894,0.2734358540496308,CVPF,cracker_scene4,70,old
7988,18.933181524276733,0.2734358540496308,CVPF,cracker_scene4,70,old
7989,18.935672760009766,0.27349000332055223,CVPF,cracker_scene4,70,old
7990,18.93836545944214,0.27349000332055223,CVPF,cracker_scene4,70,old
7991,18.940590143203735,0.27349000332055223,CVPF,cracker_scene4,70,old
7992,18.94311833381653,0.2732241111820284,CVPF,cracker_scene4,70,old
7993,18.945696592330933,0.2732241111820284,CVPF,cracker_scene4,70,old
7994,18.947960376739502,0.2732241111820284,CVPF,cracker_scene4,70,old
7995,18.950212717056274,0.2732885875185715,CVPF,cracker_scene4,70,old
7996,18.95277452468872,0.2731311783820125,CVPF,cracker_scene4,70,old
7997,18.955180644989014,0.2731311783820125,CVPF,cracker_scene4,70,old
7998,18.957422256469727,0.2731311783820125,CVPF,cracker_scene4,70,old
7999,18.95983052253723,0.27284605167629805,CVPF,cracker_scene4,70,old
8000,18.962269067764282,0.27284605167629805,CVPF,cracker_scene4,70,old
8001,18.964746952056885,0.27284605167629805,CVPF,cracker_scene4,70,old
8002,18.967284202575684,0.27303722501436134,CVPF,cracker_scene4,70,old
8003,18.969916105270386,0.27353813537757166,CVPF,cracker_scene4,70,old
8004,18.97262191772461,0.27353813537757166,CVPF,cracker_scene4,70,old
8005,18.974937677383423,0.27353813537757166,CVPF,cracker_scene4,70,old
8006,18.97746181488037,0.27330715655087984,CVPF,cracker_scene4,70,old
8007,18.980037689208984,0.27330715655087984,CVPF,cracker_scene4,70,old
8008,18.98243808746338,0.27330715655087984,CVPF,cracker_scene4,70,old
8009,18.98509120941162,0.27314563236556183,CVPF,cracker_scene4,70,old
8010,18.987783193588257,0.27314563236556183,CVPF,cracker_scene4,70,old
8011,18.99006962776184,0.27314563236556183,CVPF,cracker_scene4,70,old
8012,18.992483139038086,0.26909749211699574,CVPF,cracker_scene4,70,old
8013,18.995091676712036,0.26909749211699574,CVPF,cracker_scene4,70,old
8014,18.99755573272705,0.26909749211699574,CVPF,cracker_scene4,70,old
8015,18.999847412109375,0.26909749211699574,CVPF,cracker_scene4,70,old
8016,19.003349781036377,0.24653926808642979,CVPF,cracker_scene4,70,old
8017,19.00592875480652,0.24653926808642979,CVPF,cracker_scene4,70,old
8018,19.008159160614014,0.24653926808642979,CVPF,cracker_scene4,70,old
8019,19.010668516159058,0.2403663559082201,CVPF,cracker_scene4,70,old
8020,19.01327919960022,0.2403663559082201,CVPF,cracker_scene4,70,old
8021,19.015596389770508,0.2403663559082201,CVPF,cracker_scene4,70,old
8022,19.018109560012817,0.23986306485700748,CVPF,cracker_scene4,70,old
8023,19.020737171173096,0.23986306485700748,CVPF,cracker_scene4,70,old
8024,19.023066520690918,0.23986306485700748,CVPF,cracker_scene4,70,old
8025,19.025399923324585,0.23986306485700748,CVPF,cracker_scene4,70,old
8026,19.02803874015808,0.23901587372763977,CVPF,cracker_scene4,70,old
8027,19.03041362762451,0.23901587372763977,CVPF,cracker_scene4,70,old
8028,19.032784461975098,0.23901587372763977,CVPF,cracker_scene4,70,old
8029,19.035310745239258,0.23844135893723895,CVPF,cracker_scene4,70,old
8030,19.037832260131836,0.23844135893723895,CVPF,cracker_scene4,70,old
8031,19.04011058807373,0.23844135893723895,CVPF,cracker_scene4,70,old
8032,19.042668104171753,0.23776321365615338,CVPF,cracker_scene4,70,old
8033,19.045202493667603,0.23776321365615338,CVPF,cracker_scene4,70,old
8034,19.047679662704468,0.23776321365615338,CVPF,cracker_scene4,70,old
8035,19.049976348876953,0.23776321365615338,CVPF,cracker_scene4,70,old
8036,19.052515029907227,0.23708169926547207,CVPF,cracker_scene4,70,old
8037,19.054849863052368,0.23708169926547207,CVPF,cracker_scene4,70,old
8038,19.057103872299194,0.23708169926547207,CVPF,cracker_scene4,70,old
8039,19.059454202651978,0.23643897726841434,CVPF,cracker_scene4,70,old
8040,19.06200647354126,0.23643897726841434,CVPF,cracker_scene4,70,old
8041,19.064356327056885,0.23643897726841434,CVPF,cracker_scene4,70,old
8042,19.066585063934326,0.23643897726841434,CVPF,cracker_scene4,70,old
8043,19.069072484970093,0.23597544920622315,CVPF,cracker_scene4,70,old
8044,19.071733474731445,0.23597544920622315,CVPF,cracker_scene4,70,old
8045,19.073965549468994,0.23597544920622315,CVPF,cracker_scene4,70,old
8046,19.076481342315674,0.23556508973820556,CVPF,cracker_scene4,70,old
8047,19.07886290550232,0.23556508973820556,CVPF,cracker_scene4,70,old
8048,19.08107590675354,0.23556508973820556,CVPF,cracker_scene4,70,old
8049,19.083412170410156,0.2355907667070385,CVPF,cracker_scene4,70,old
8050,19.085904359817505,0.23561959690903045,CVPF,cracker_scene4,70,old
8051,19.088220357894897,0.23561959690903045,CVPF,cracker_scene4,70,old
8052,19.090506076812744,0.23561959690903045,CVPF,cracker_scene4,70,old
8053,19.092965841293335,0.23532086160994314,CVPF,cracker_scene4,70,old
8054,19.095423698425293,0.23532086160994314,CVPF,cracker_scene4,70,old
8055,19.097667694091797,0.23532086160994314,CVPF,cracker_scene4,70,old
8056,19.099898099899292,0.23532086160994314,CVPF,cracker_scene4,70,old
8057,19.102383613586426,0.23515555153678225,CVPF,cracker_scene4,70,old
8058,19.10501217842102,0.23515555153678225,CVPF,cracker_scene4,70,old
8059,19.10725998878479,0.23515555153678225,CVPF,cracker_scene4,70,old
8060,19.109668016433716,0.23424845842951214,CVPF,cracker_scene4,70,old
8061,19.112064838409424,0.23424845842951214,CVPF,cracker_scene4,70,old
8062,19.11433506011963,0.23424845842951214,CVPF,cracker_scene4,70,old
8063,19.11657428741455,0.23424845842951214,CVPF,cracker_scene4,70,old
8064,19.119097232818604,0.23401977968187282,CVPF,cracker_scene4,70,old
8065,19.121582746505737,0.23401977968187282,CVPF,cracker_scene4,70,old
8066,19.123916149139404,0.23401977968187282,CVPF,cracker_scene4,70,old
8067,19.12645411491394,0.23395313222671366,CVPF,cracker_scene4,70,old
8068,19.129017114639282,0.23395313222671366,CVPF,cracker_scene4,70,old
8069,19.131405353546143,0.23395313222671366,CVPF,cracker_scene4,70,old
8070,19.133864879608154,0.2340213141318639,CVPF,cracker_scene4,70,old
8071,19.136326551437378,0.2340168792663091,CVPF,cracker_scene4,70,old
8072,19.138801097869873,0.2340168792663091,CVPF,cracker_scene4,70,old
8073,19.14126443862915,0.2340168792663091,CVPF,cracker_scene4,70,old
8074,19.144023656845093,0.23420289133289351,CVPF,cracker_scene4,70,old
8075,19.146615266799927,0.23420289133289351,CVPF,cracker_scene4,70,old
8076,19.148831605911255,0.23420289133289351,CVPF,cracker_scene4,70,old
8077,19.1512234210968,0.23248497916549216,CVPF,cracker_scene4,70,old
8078,19.153810262680054,0.23248497916549216,CVPF,cracker_scene4,70,old
8079,19.156277179718018,0.23248497916549216,CVPF,cracker_scene4,70,old
8080,19.158629417419434,0.23246639884958764,CVPF,cracker_scene4,70,old
8081,19.161126613616943,0.23241481563719102,CVPF,cracker_scene4,70,old
8082,19.164186716079712,0.20351820839630452,CVPF,cracker_scene4,70,old
8083,19.166425943374634,0.20351820839630452,CVPF,cracker_scene4,70,old
8084,19.168967962265015,0.2030695770836033,CVPF,cracker_scene4,70,old
8085,19.171473026275635,0.2030695770836033,CVPF,cracker_scene4,70,old
8086,19.174006462097168,0.2030695770836033,CVPF,cracker_scene4,70,old
8087,19.176443338394165,0.20310668088726214,CVPF,cracker_scene4,70,old
8088,19.17906880378723,0.2025155795444551,CVPF,cracker_scene4,70,old
8089,19.181448221206665,0.2025155795444551,CVPF,cracker_scene4,70,old
8090,19.183756589889526,0.2025155795444551,CVPF,cracker_scene4,70,old
8091,19.18633770942688,0.20229002105025895,CVPF,cracker_scene4,70,old
8092,19.188899517059326,0.20229002105025895,CVPF,cracker_scene4,70,old
8093,19.19121813774109,0.20229002105025895,CVPF,cracker_scene4,70,old
8094,19.19383454322815,0.20186650047832355,CVPF,cracker_scene4,70,old
8095,19.19633388519287,0.20186650047832355,CVPF,cracker_scene4,70,old
8096,19.198795557022095,0.20186650047832355,CVPF,cracker_scene4,70,old
8097,19.201162099838257,0.20132003146112343,CVPF,cracker_scene4,70,old
8098,19.20389676094055,0.20132003146112343,CVPF,cracker_scene4,70,old
8099,19.206393003463745,0.20132003146112343,CVPF,cracker_scene4,70,old
8100,19.208770036697388,0.20124412269435243,CVPF,cracker_scene4,70,old
8101,19.211275815963745,0.20131393013960253,CVPF,cracker_scene4,70,old
8102,19.213844299316406,0.20131393013960253,CVPF,cracker_scene4,70,old
8103,19.21610999107361,0.20131393013960253,CVPF,cracker_scene4,70,old
8104,19.218592882156372,0.2014534682584248,CVPF,cracker_scene4,70,old
8105,19.221251964569092,0.2014534682584248,CVPF,cracker_scene4,70,old
8106,19.223551273345947,0.2014534682584248,CVPF,cracker_scene4,70,old
8107,19.22593641281128,0.20143592395118937,CVPF,cracker_scene4,70,old
8108,19.22853446006775,0.20143592395118937,CVPF,cracker_scene4,70,old
8109,19.230940341949463,0.20143592395118937,CVPF,cracker_scene4,70,old
8110,19.233301401138306,0.20143592395118937,CVPF,cracker_scene4,70,old
8111,19.235751152038574,0.20132748354243812,CVPF,cracker_scene4,70,old
8112,19.23837161064148,0.20132748354243812,CVPF,cracker_scene4,70,old
8113,19.240556955337524,0.20132748354243812,CVPF,cracker_scene4,70,old
8114,19.243180990219116,0.20132265224983303,CVPF,cracker_scene4,70,old
8115,19.245803833007812,0.20132265224983303,CVPF,cracker_scene4,70,old
8116,19.248097896575928,0.20132265224983303,CVPF,cracker_scene4,70,old
8117,19.25050973892212,0.20136545325694843,CVPF,cracker_scene4,70,old
8118,19.253116607666016,0.20136545325694843,CVPF,cracker_scene4,70,old
8119,19.25552272796631,0.20136545325694843,CVPF,cracker_scene4,70,old
8120,19.257912397384644,0.20136545325694843,CVPF,cracker_scene4,70,old
8121,19.260632514953613,0.20282726724139177,CVPF,cracker_scene4,70,old
8122,19.263245820999146,0.20282726724139177,CVPF,cracker_scene4,70,old
8123,19.26546812057495,0.20282726724139177,CVPF,cracker_scene4,70,old
8124,19.26794934272766,0.20271456648628217,CVPF,cracker_scene4,70,old
8125,19.270448923110962,0.20064824277658122,CVPF,cracker_scene4,70,old
8126,19.272884845733643,0.20064824277658122,CVPF,cracker_scene4,70,old
8127,19.275232553482056,0.20065386615915415,CVPF,cracker_scene4,70,old
8128,19.277694702148438,0.2003256948064127,CVPF,cracker_scene4,70,old
8129,19.280147314071655,0.2003256948064127,CVPF,cracker_scene4,70,old
8130,19.282420873641968,0.2003256948064127,CVPF,cracker_scene4,70,old
8131,19.284999132156372,0.20005592555951957,CVPF,cracker_scene4,70,old
8132,19.28764319419861,0.20005592555951957,CVPF,cracker_scene4,70,old
8133,19.29007601737976,0.20005592555951957,CVPF,cracker_scene4,70,old
8134,19.292603254318237,0.20007091310770253,CVPF,cracker_scene4,70,old
8135,19.295132637023926,0.20007091310770253,CVPF,cracker_scene4,70,old
8136,19.297518014907837,0.20007091310770253,CVPF,cracker_scene4,70,old
8137,19.299755573272705,0.20007091310770253,CVPF,cracker_scene4,70,old
8138,19.30219864845276,0.20003984179339795,CVPF,cracker_scene4,70,old
8139,19.304882049560547,0.20003984179339795,CVPF,cracker_scene4,70,old
8140,19.307227849960327,0.20003984179339795,CVPF,cracker_scene4,70,old
8141,19.309700965881348,0.20211883606606573,CVPF,cracker_scene4,70,old
8142,19.31217670440674,0.20211883606606573,CVPF,cracker_scene4,70,old
8143,19.314497709274292,0.20211883606606573,CVPF,cracker_scene4,70,old
8144,19.31683039665222,0.19986444581006158,CVPF,cracker_scene4,70,old
8145,19.319260120391846,0.19984026613601813,CVPF,cracker_scene4,70,old
8146,19.321802139282227,0.19984026613601813,CVPF,cracker_scene4,70,old
8147,19.324110507965088,0.19984026613601813,CVPF,cracker_scene4,70,old
8148,19.32653570175171,0.20011831621449527,CVPF,cracker_scene4,70,old
8149,19.329157829284668,0.20029731681792118,CVPF,cracker_scene4,70,old
8150,19.33157968521118,0.20029731681792118,CVPF,cracker_scene4,70,old
8151,19.334887504577637,0.18101886824732372,CVPF,cracker_scene4,70,old
8152,19.337501764297485,0.18101886824732372,CVPF,cracker_scene4,70,old
8153,19.34023928642273,0.18101886824732372,CVPF,cracker_scene4,70,old
8154,19.34256649017334,0.18109503778563152,CVPF,cracker_scene4,70,old
8155,19.345197439193726,0.18109503778563152,CVPF,cracker_scene4,70,old
8156,19.34751844406128,0.18109503778563152,CVPF,cracker_scene4,70,old
8157,19.349846363067627,0.18114223898666904,CVPF,cracker_scene4,70,old
8158,19.35235095024109,0.18104076105302536,CVPF,cracker_scene4,70,old
8159,19.354788064956665,0.18104076105302536,CVPF,cracker_scene4,70,old
8160,19.356984853744507,0.18104076105302536,CVPF,cracker_scene4,70,old
8161,19.359423875808716,0.18095954989965346,CVPF,cracker_scene4,70,old
8162,19.361942768096924,0.18095954989965346,CVPF,cracker_scene4,70,old
8163,19.36423087120056,0.18095954989965346,CVPF,cracker_scene4,70,old
8164,19.366533041000366,0.18095954989965346,CVPF,cracker_scene4,70,old
8165,19.36883234977722,0.18095954989965346,CVPF,cracker_scene4,70,old
8166,19.371352195739746,0.18098960395881747,CVPF,cracker_scene4,70,old
8167,19.373807907104492,0.18098960395881747,CVPF,cracker_scene4,70,old
8168,19.376025676727295,0.18098960395881747,CVPF,cracker_scene4,70,old
8169,19.37824320793152,0.18098960395881747,CVPF,cracker_scene4,70,old
8170,19.380731105804443,0.18098960395881747,CVPF,cracker_scene4,70,old
8171,19.38307237625122,0.1807695327793688,CVPF,cracker_scene4,70,old
8172,19.38552737236023,0.1807695327793688,CVPF,cracker_scene4,70,old
8173,19.38788628578186,0.1807695327793688,CVPF,cracker_scene4,70,old
8174,19.39012885093689,0.1807695327793688,CVPF,cracker_scene4,70,old
8175,19.392534255981445,0.1807695327793688,CVPF,cracker_scene4,70,old
8176,19.39499807357788,0.18069416138122385,CVPF,cracker_scene4,70,old
8177,19.397194147109985,0.18069416138122385,CVPF,cracker_scene4,70,old
8178,19.399571657180786,0.18069416138122385,CVPF,cracker_scene4,70,old
8179,19.402114152908325,0.18069416138122385,CVPF,cracker_scene4,70,old
8180,19.404401540756226,0.18069416138122385,CVPF,cracker_scene4,70,old
8181,19.406746864318848,0.18090921281426908,CVPF,cracker_scene4,70,old
8182,19.409176111221313,0.18090921281426908,CVPF,cracker_scene4,70,old
8183,19.411583423614502,0.18090921281426908,CVPF,cracker_scene4,70,old
8184,19.413791179656982,0.18090921281426908,CVPF,cracker_scene4,70,old
8185,19.41634702682495,0.18099648454882367,CVPF,cracker_scene4,70,old
8186,19.418812036514282,0.18099648454882367,CVPF,cracker_scene4,70,old
8187,19.421059608459473,0.18099648454882367,CVPF,cracker_scene4,70,old
8188,19.423567295074463,0.18099648454882367,CVPF,cracker_scene4,70,old
8189,19.42592191696167,0.18100613788079478,CVPF,cracker_scene4,70,old
8190,19.42814588546753,0.18100613788079478,CVPF,cracker_scene4,70,old
8191,19.430288314819336,0.18100613788079478,CVPF,cracker_scene4,70,old
8192,19.43281579017639,0.18100613788079478,CVPF,cracker_scene4,70,old
8193,19.435259580612183,0.18100019011164026,CVPF,cracker_scene4,70,old
8194,19.43756628036499,0.18100019011164026,CVPF,cracker_scene4,70,old
8195,19.440064668655396,0.18100019011164026,CVPF,cracker_scene4,70,old
8196,19.4424147605896,0.18100019011164026,CVPF,cracker_scene4,70,old
8197,19.444731950759888,0.18100019011164026,CVPF,cracker_scene4,70,old
8198,19.447253227233887,0.1809818858465606,CVPF,cracker_scene4,70,old
8199,19.449931383132935,0.1809818858465606,CVPF,cracker_scene4,70,old
8200,19.452430963516235,0.1809818858465606,CVPF,cracker_scene4,70,old
8201,19.454869031906128,0.1809818858465606,CVPF,cracker_scene4,70,old
8202,19.45731830596924,0.18098219041126828,CVPF,cracker_scene4,70,old
8203,19.459800720214844,0.18098219041126828,CVPF,cracker_scene4,70,old
8204,19.462297439575195,0.18098219041126828,CVPF,cracker_scene4,70,old
8205,19.46476721763611,0.18098219041126828,CVPF,cracker_scene4,70,old
8206,19.4670352935791,0.18098219041126828,CVPF,cracker_scene4,70,old
8207,19.469502449035645,0.18078540136771792,CVPF,cracker_scene4,70,old
8208,19.471898555755615,0.18078540136771792,CVPF,cracker_scene4,70,old
8209,19.474186658859253,0.18078540136771792,CVPF,cracker_scene4,70,old
8210,19.476680517196655,0.18078540136771792,CVPF,cracker_scene4,70,old
8211,19.47907066345215,0.18296332287615336,CVPF,cracker_scene4,70,old
8212,19.48142981529236,0.18296332287615336,CVPF,cracker_scene4,70,old
8213,19.484081745147705,0.1786964051321931,CVPF,cracker_scene4,70,old
8214,19.487088441848755,0.17657082090696807,CVPF,cracker_scene4,70,old
8215,19.489490032196045,0.17657082090696807,CVPF,cracker_scene4,70,old
8216,19.491739511489868,0.17657082090696807,CVPF,cracker_scene4,70,old
8217,19.494110345840454,0.17657082090696807,CVPF,cracker_scene4,70,old
8218,19.49650549888611,0.17657082090696807,CVPF,cracker_scene4,70,old
8219,19.498850345611572,0.17822440390143868,CVPF,cracker_scene4,70,old
8220,19.501314640045166,0.1781221344855819,CVPF,cracker_scene4,70,old
8221,19.503743648529053,0.1781221344855819,CVPF,cracker_scene4,70,old
8222,19.506375312805176,0.17816266446222961,CVPF,cracker_scene4,70,old
8223,19.50868844985962,0.17816266446222961,CVPF,cracker_scene4,70,old
8224,19.51113986968994,0.17857413524735932,CVPF,cracker_scene4,70,old
8225,19.5134220123291,0.17857413524735932,CVPF,cracker_scene4,70,old
8226,19.515804052352905,0.17834540608411853,CVPF,cracker_scene4,70,old
8227,19.518087148666382,0.17837958979178037,CVPF,cracker_scene4,70,old
8228,19.520693063735962,0.17866351702440308,CVPF,cracker_scene4,70,old
8229,19.52316665649414,0.17866351702440308,CVPF,cracker_scene4,70,old
8230,19.52566623687744,0.17659787863570564,CVPF,cracker_scene4,70,old
8231,19.528127670288086,0.17659787863570564,CVPF,cracker_scene4,70,old
8232,19.53061294555664,0.17659787863570564,CVPF,cracker_scene4,70,old
8233,19.533077716827393,0.17658452368995192,CVPF,cracker_scene4,70,old
8234,19.535686016082764,0.17669893395855674,CVPF,cracker_scene4,70,old
8235,19.53825545310974,0.17669893395855674,CVPF,cracker_scene4,70,old
8236,19.540700435638428,0.17873797920561518,CVPF,cracker_scene4,70,old
8237,19.543302059173584,0.17667920543050197,CVPF,cracker_scene4,70,old
8238,19.545847177505493,0.1764706220130865,CVPF,cracker_scene4,70,old
8239,19.54812741279602,0.1764706220130865,CVPF,cracker_scene4,70,old
8240,19.550570011138916,0.17654476523589935,CVPF,cracker_scene4,70,old
8241,19.55296802520752,0.17654476523589935,CVPF,cracker_scene4,70,old
8242,19.555329084396362,0.17654476523589935,CVPF,cracker_scene4,70,old
8243,19.557528018951416,0.17654476523589935,CVPF,cracker_scene4,70,old
8244,19.559834718704224,0.17809602738993213,CVPF,cracker_scene4,70,old
8245,19.5622296333313,0.17809602738993213,CVPF,cracker_scene4,70,old
8246,19.564559936523438,0.17809602738993213,CVPF,cracker_scene4,70,old
8247,19.56690216064453,0.17651702480485731,CVPF,cracker_scene4,70,old
8248,19.56929039955139,0.17645169125988236,CVPF,cracker_scene4,70,old
8249,19.571817636489868,0.17645169125988236,CVPF,cracker_scene4,70,old
8250,19.57396149635315,0.17645169125988236,CVPF,cracker_scene4,70,old
8251,19.576504230499268,0.17661249083944863,CVPF,cracker_scene4,70,old
8252,19.579001665115356,0.17661249083944863,CVPF,cracker_scene4,70,old
8253,19.581244230270386,0.17661249083944863,CVPF,cracker_scene4,70,old
8254,19.583487272262573,0.17664151697386732,CVPF,cracker_scene4,70,old
8255,19.58610773086548,0.176438411758439,CVPF,cracker_scene4,70,old
8256,19.588460445404053,0.176438411758439,CVPF,cracker_scene4,70,old
8257,19.590652465820312,0.176438411758439,CVPF,cracker_scene4,70,old
8258,19.593109846115112,0.17652772057210875,CVPF,cracker_scene4,70,old
8259,19.595629453659058,0.17652772057210875,CVPF,cracker_scene4,70,old
8260,19.597977876663208,0.17652772057210875,CVPF,cracker_scene4,70,old
8261,19.600223779678345,0.1785969606475737,CVPF,cracker_scene4,70,old
8262,19.602603673934937,0.1785382052203266,CVPF,cracker_scene4,70,old
8263,19.605074405670166,0.1785382052203266,CVPF,cracker_scene4,70,old
8264,19.607300996780396,0.1785382052203266,CVPF,cracker_scene4,70,old
8265,19.609785079956055,0.17649402702570427,CVPF,cracker_scene4,70,old
8266,19.612183094024658,0.17649402702570427,CVPF,cracker_scene4,70,old
8267,19.61441159248352,0.17649402702570427,CVPF,cracker_scene4,70,old
8268,19.61675214767456,0.1765208581665778,CVPF,cracker_scene4,70,old
8269,19.619436740875244,0.17642157469634867,CVPF,cracker_scene4,70,old
8270,19.621800184249878,0.17642157469634867,CVPF,cracker_scene4,70,old
8271,19.624043703079224,0.17642157469634867,CVPF,cracker_scene4,70,old
8272,19.626644372940063,0.17799335497622515,CVPF,cracker_scene4,70,old
8273,19.629185438156128,0.17799335497622515,CVPF,cracker_scene4,70,old
8274,19.63144016265869,0.17799335497622515,CVPF,cracker_scene4,70,old
8275,19.633813858032227,0.17646254596135869,CVPF,cracker_scene4,70,old
8276,19.636375665664673,0.17646254596135869,CVPF,cracker_scene4,70,old
8277,19.638752937316895,0.17646254596135869,CVPF,cracker_scene4,70,old
8278,19.641047954559326,0.17646254596135869,CVPF,cracker_scene4,70,old
8279,19.643478393554688,0.1764189629655979,CVPF,cracker_scene4,70,old
8280,19.646061897277832,0.1764189629655979,CVPF,cracker_scene4,70,old
8281,19.648517370224,0.1764189629655979,CVPF,cracker_scene4,70,old
8282,19.651023387908936,0.17624695788807898,CVPF,cracker_scene4,70,old
8283,19.654146194458008,0.17451472005244867,CVPF,cracker_scene4,70,old
8284,19.656506061553955,0.17451472005244867,CVPF,cracker_scene4,70,old
8285,19.65891146659851,0.17451472005244867,CVPF,cracker_scene4,70,old
8286,19.661466360092163,0.174794440073789,CVPF,cracker_scene4,70,old
8287,19.663974285125732,0.174794440073789,CVPF,cracker_scene4,70,old
8288,19.666287183761597,0.174794440073789,CVPF,cracker_scene4,70,old
8289,19.668779850006104,0.17480566654979088,CVPF,cracker_scene4,70,old
8290,19.67124056816101,0.17480566654979088,CVPF,cracker_scene4,70,old
8291,19.67343783378601,0.17480566654979088,CVPF,cracker_scene4,70,old
8292,19.67594289779663,0.17683445909789047,CVPF,cracker_scene4,70,old
8293,19.678352117538452,0.17683445909789047,CVPF,cracker_scene4,70,old
8294,19.68073296546936,0.17683445909789047,CVPF,cracker_scene4,70,old
8295,19.68299889564514,0.17683445909789047,CVPF,cracker_scene4,70,old
8296,19.685588598251343,0.17468171253314316,CVPF,cracker_scene4,70,old
8297,19.688181161880493,0.17468171253314316,CVPF,cracker_scene4,70,old
8298,19.69050621986389,0.17468171253314316,CVPF,cracker_scene4,70,old
8299,19.692983150482178,0.17466439416822152,CVPF,cracker_scene4,70,old
8300,19.69548487663269,0.17466439416822152,CVPF,cracker_scene4,70,old
8301,19.697845458984375,0.17466439416822152,CVPF,cracker_scene4,70,old
8302,19.70021080970764,0.17458086732238515,CVPF,cracker_scene4,70,old
8303,19.702740907669067,0.17474238020234328,CVPF,cracker_scene4,70,old
8304,19.705446004867554,0.17474238020234328,CVPF,cracker_scene4,70,old
8305,19.70768094062805,0.17474238020234328,CVPF,cracker_scene4,70,old
8306,19.71008849143982,0.17468149327997085,CVPF,cracker_scene4,70,old
8307,19.712401151657104,0.17468149327997085,CVPF,cracker_scene4,70,old
8308,19.714714527130127,0.17468149327997085,CVPF,cracker_scene4,70,old
8309,19.71703577041626,0.17464725360610803,CVPF,cracker_scene4,70,old
8310,19.71933937072754,0.17464725360610803,CVPF,cracker_scene4,70,old
8311,19.721667289733887,0.17464725360610803,CVPF,cracker_scene4,70,old
8312,19.7239830493927,0.17464725360610803,CVPF,cracker_scene4,70,old
8313,19.72649049758911,0.17457861226447366,CVPF,cracker_scene4,70,old
8314,19.72870135307312,0.17457861226447366,CVPF,cracker_scene4,70,old
8315,19.73126983642578,0.17457861226447366,CVPF,cracker_scene4,70,old
8316,19.733567476272583,0.17507002051397913,CVPF,cracker_scene4,70,old
8317,19.736278772354126,0.17507002051397913,CVPF,cracker_scene4,70,old
8318,19.738943576812744,0.17507002051397913,CVPF,cracker_scene4,70,old
8319,19.741190195083618,0.17507002051397913,CVPF,cracker_scene4,70,old
8320,19.743669033050537,0.17481772555059388,CVPF,cracker_scene4,70,old
8321,19.74610686302185,0.17481772555059388,CVPF,cracker_scene4,70,old
8322,19.7483172416687,0.17481772555059388,CVPF,cracker_scene4,70,old
8323,19.750643253326416,0.17630488347473394,CVPF,cracker_scene4,70,old
8324,19.753035306930542,0.17630488347473394,CVPF,cracker_scene4,70,old
8325,19.755461931228638,0.17630488347473394,CVPF,cracker_scene4,70,old
8326,19.75771474838257,0.17630488347473394,CVPF,cracker_scene4,70,old
8327,19.760096311569214,0.17470696889131643,CVPF,cracker_scene4,70,old
8328,19.762409925460815,0.17470696889131643,CVPF,cracker_scene4,70,old
8329,19.764631032943726,0.17470696889131643,CVPF,cracker_scene4,70,old
8330,19.766983032226562,0.17470696889131643,CVPF,cracker_scene4,70,old
8331,19.769200325012207,0.17470696889131643,CVPF,cracker_scene4,70,old
8332,19.771740913391113,0.17472545647723364,CVPF,cracker_scene4,70,old
8333,19.77426767349243,0.17472545647723364,CVPF,cracker_scene4,70,old
8334,19.7767550945282,0.17472545647723364,CVPF,cracker_scene4,70,old
8335,19.779091835021973,0.17472545647723364,CVPF,cracker_scene4,70,old
8336,19.781437397003174,0.17473027090376989,CVPF,cracker_scene4,70,old
8337,19.783896684646606,0.17473560005405786,CVPF,cracker_scene4,70,old
8338,19.786235570907593,0.17473560005405786,CVPF,cracker_scene4,70,old
8339,19.7886745929718,0.17473560005405786,CVPF,cracker_scene4,70,old
8340,19.79116916656494,0.17473560005405786,CVPF,cracker_scene4,70,old
8341,19.793689727783203,0.1749346814636615,CVPF,cracker_scene4,70,old
8342,19.79612898826599,0.1749346814636615,CVPF,cracker_scene4,70,old
8343,19.798529863357544,0.1749346814636615,CVPF,cracker_scene4,70,old
8344,19.800973176956177,0.1749346814636615,CVPF,cracker_scene4,70,old
8345,19.80327820777893,0.1749346814636615,CVPF,cracker_scene4,70,old
8346,19.80552077293396,0.1749346814636615,CVPF,cracker_scene4,70,old
8347,19.807913541793823,0.1748571215552499,CVPF,cracker_scene4,70,old
8348,19.810554265975952,0.1748571215552499,CVPF,cracker_scene4,70,old
8349,19.812941551208496,0.1748571215552499,CVPF,cracker_scene4,70,old
8350,19.8154513835907,0.1749518997652103,CVPF,cracker_scene4,70,old
8351,19.817800760269165,0.1749518997652103,CVPF,cracker_scene4,70,old
8352,19.820451736450195,0.1749518997652103,CVPF,cracker_scene4,70,old
8353,19.824069499969482,0.18624736924843688,CVPF,cracker_scene4,70,old
8354,19.826441764831543,0.18624736924843688,CVPF,cracker_scene4,70,old
8355,19.8287570476532,0.18634915157113355,CVPF,cracker_scene4,70,old
8356,19.831124544143677,0.18634915157113355,CVPF,cracker_scene4,70,old
8357,19.8333261013031,0.18634915157113355,CVPF,cracker_scene4,70,old
8358,19.835849285125732,0.18652541372710343,CVPF,cracker_scene4,70,old
8359,19.838337659835815,0.18652541372710343,CVPF,cracker_scene4,70,old
8360,19.840713262557983,0.18652541372710343,CVPF,cracker_scene4,70,old
8361,19.842992067337036,0.18652541372710343,CVPF,cracker_scene4,70,old
8362,19.8452308177948,0.18652541372710343,CVPF,cracker_scene4,70,old
8363,19.847596883773804,0.18469027443665878,CVPF,cracker_scene4,70,old
8364,19.849956274032593,0.18469027443665878,CVPF,cracker_scene4,70,old
8365,19.852153062820435,0.18469027443665878,CVPF,cracker_scene4,70,old
8366,19.85434579849243,0.18469027443665878,CVPF,cracker_scene4,70,old
8367,19.856708765029907,0.18469027443665878,CVPF,cracker_scene4,70,old
8368,19.859089851379395,0.18579285885214972,CVPF,cracker_scene4,70,old
8369,19.86130666732788,0.18579285885214972,CVPF,cracker_scene4,70,old
8370,19.86370611190796,0.18579285885214972,CVPF,cracker_scene4,70,old
8371,19.86613178253174,0.18579285885214972,CVPF,cracker_scene4,70,old
8372,19.868516206741333,0.18579285885214972,CVPF,cracker_scene4,70,old
8373,19.87096405029297,0.18579285885214972,CVPF,cracker_scene4,70,old
8374,19.87327742576599,0.18579285885214972,CVPF,cracker_scene4,70,old
8375,19.875669479370117,0.18445814309561512,CVPF,cracker_scene4,70,old
8376,19.87813091278076,0.18445814309561512,CVPF,cracker_scene4,70,old
8377,19.88045644760132,0.18445814309561512,CVPF,cracker_scene4,70,old
8378,19.882818937301636,0.18445814309561512,CVPF,cracker_scene4,70,old
8379,19.885276079177856,0.18432229517225307,CVPF,cracker_scene4,70,old
8380,19.887654781341553,0.18432229517225307,CVPF,cracker_scene4,70,old
8381,19.89010214805603,0.18432229517225307,CVPF,cracker_scene4,70,old
8382,19.892521381378174,0.18432229517225307,CVPF,cracker_scene4,70,old
8383,19.89466428756714,0.18432229517225307,CVPF,cracker_scene4,70,old
8384,19.897082090377808,0.18432229517225307,CVPF,cracker_scene4,70,old
8385,19.89954900741577,0.18440317979149498,CVPF,cracker_scene4,70,old
8386,19.90210199356079,0.18440317979149498,CVPF,cracker_scene4,70,old
8387,19.90468192100525,0.18419222247536485,CVPF,cracker_scene4,70,old
8388,19.907248735427856,0.18573080019334162,CVPF,cracker_scene4,70,old
8389,19.90965485572815,0.18583319400059287,CVPF,cracker_scene4,70,old
8390,19.91215443611145,0.18430123303925408,CVPF,cracker_scene4,70,old
8391,19.914618253707886,0.1846042323054572,CVPF,cracker_scene4,70,old
8392,19.917099952697754,0.18456311630763161,CVPF,cracker_scene4,70,old
8393,19.91954493522644,0.18443113416694923,CVPF,cracker_scene4,70,old
8394,19.9218966960907,0.18443113416694923,CVPF,cracker_scene4,70,old
8395,19.92436718940735,0.18465823080081642,CVPF,cracker_scene4,70,old
8396,19.92687702178955,0.18465823080081642,CVPF,cracker_scene4,70,old
8397,19.92936897277832,0.18423192469404054,CVPF,cracker_scene4,70,old
8398,19.93360996246338,0.18441268282378845,CVPF,cracker_scene4,70,old
8399,19.936925888061523,0.18460687054792876,CVPF,cracker_scene4,70,old
8400,19.939685344696045,0.18460687054792876,CVPF,cracker_scene4,70,old
8401,19.942211389541626,0.18460687054792876,CVPF,cracker_scene4,70,old
8402,19.94471287727356,0.1844616525688443,CVPF,cracker_scene4,70,old
8403,19.94731330871582,0.1844616525688443,CVPF,cracker_scene4,70,old
8404,19.94971466064453,0.1844616525688443,CVPF,cracker_scene4,70,old
8405,19.95229458808899,0.18421473954296033,CVPF,cracker_scene4,70,old
8406,19.954939603805542,0.18421473954296033,CVPF,cracker_scene4,70,old
8407,19.95759630203247,0.1841522913196855,CVPF,cracker_scene4,70,old
8408,19.96029496192932,0.18656577332927982,CVPF,cracker_scene4,70,old
8409,19.96277952194214,0.18656577332927982,CVPF,cracker_scene4,70,old
8410,19.965249061584473,0.18656577332927982,CVPF,cracker_scene4,70,old
8411,19.967972993850708,0.184173443156753,CVPF,cracker_scene4,70,old
8412,19.971561431884766,0.19517421389031187,CVPF,cracker_scene4,70,old
8413,19.973867654800415,0.19517421389031187,CVPF,cracker_scene4,70,old
8414,19.9763126373291,0.19510630907878515,CVPF,cracker_scene4,70,old
8415,19.97884964942932,0.19510630907878515,CVPF,cracker_scene4,70,old
8416,19.981305599212646,0.19510630907878515,CVPF,cracker_scene4,70,old
8417,19.983558893203735,0.19515549144338984,CVPF,cracker_scene4,70,old
8418,19.986088752746582,0.19508885348968455,CVPF,cracker_scene4,70,old
8419,19.988582849502563,0.19508885348968455,CVPF,cracker_scene4,70,old
8420,19.990819215774536,0.19508885348968455,CVPF,cracker_scene4,70,old
8421,19.993542194366455,0.19545127758915,CVPF,cracker_scene4,70,old
8422,19.99602437019348,0.19545127758915,CVPF,cracker_scene4,70,old
8423,19.9982647895813,0.19545127758915,CVPF,cracker_scene4,70,old
8424,20.000768184661865,0.19552135631690964,CVPF,cracker_scene4,70,old
8425,20.003165245056152,0.19552135631690964,CVPF,cracker_scene4,70,old
8426,20.00553607940674,0.19552135631690964,CVPF,cracker_scene4,70,old
8427,20.007857084274292,0.19552135631690964,CVPF,cracker_scene4,70,old
8428,20.01039481163025,0.1954647177759801,CVPF,cracker_scene4,70,old
8429,20.012897729873657,0.1954647177759801,CVPF,cracker_scene4,70,old
8430,20.015192985534668,0.1954647177759801,CVPF,cracker_scene4,70,old
8431,20.017592668533325,0.19535482461776135,CVPF,cracker_scene4,70,old
8432,20.02026104927063,0.19551059601762685,CVPF,cracker_scene4,70,old
8433,20.022584676742554,0.19551059601762685,CVPF,cracker_scene4,70,old
8434,20.024776220321655,0.19551059601762685,CVPF,cracker_scene4,70,old
8435,20.02733302116394,0.19538909617837802,CVPF,cracker_scene4,70,old
8436,20.029761791229248,0.19538909617837802,CVPF,cracker_scene4,70,old
8437,20.032083988189697,0.19538909617837802,CVPF,cracker_scene4,70,old
8438,20.034614324569702,0.19537214179350854,CVPF,cracker_scene4,70,old
8439,20.037988901138306,0.19537214179350854,CVPF,cracker_scene4,70,old
8440,20.04042100906372,0.19537214179350854,CVPF,cracker_scene4,70,old
8441,20.043151140213013,0.1955018800877043,CVPF,cracker_scene4,70,old
8442,20.045798301696777,0.1955018800877043,CVPF,cracker_scene4,70,old
8443,20.048044204711914,0.1955018800877043,CVPF,cracker_scene4,70,old
8444,20.050256967544556,0.1955018800877043,CVPF,cracker_scene4,70,old
8445,20.052749156951904,0.19534260928617245,CVPF,cracker_scene4,70,old
8446,20.055163621902466,0.19534260928617245,CVPF,cracker_scene4,70,old
8447,20.057503700256348,0.19534260928617245,CVPF,cracker_scene4,70,old
8448,20.059991121292114,0.19540039385746466,CVPF,cracker_scene4,70,old
8449,20.062588691711426,0.19535642534280412,CVPF,cracker_scene4,70,old
8450,20.06500267982483,0.19535642534280412,CVPF,cracker_scene4,70,old
8451,20.06761145591736,0.19533085811599296,CVPF,cracker_scene4,70,old
8452,20.07003355026245,0.19533085811599296,CVPF,cracker_scene4,70,old
8453,20.07251238822937,0.19533085811599296,CVPF,cracker_scene4,70,old
8454,20.074885606765747,0.19529690343209294,CVPF,cracker_scene4,70,old
8455,20.07741618156433,0.19511551079174255,CVPF,cracker_scene4,70,old
8456,20.079909563064575,0.19511551079174255,CVPF,cracker_scene4,70,old
8457,20.08218288421631,0.19511551079174255,CVPF,cracker_scene4,70,old
8458,20.084654569625854,0.19524615357021452,CVPF,cracker_scene4,70,old
8459,20.087231397628784,0.19524615357021452,CVPF,cracker_scene4,70,old
8460,20.08961772918701,0.19524615357021452,CVPF,cracker_scene4,70,old
8461,20.09188747406006,0.19524615357021452,CVPF,cracker_scene4,70,old
8462,20.094374656677246,0.19750206427104122,CVPF,cracker_scene4,70,old
8463,20.096907377243042,0.19750206427104122,CVPF,cracker_scene4,70,old
8464,20.099252223968506,0.19750206427104122,CVPF,cracker_scene4,70,old
8465,20.101773500442505,0.19748341903441602,CVPF,cracker_scene4,70,old
8466,20.10538125038147,0.19748341903441602,CVPF,cracker_scene4,70,old
8467,20.108938694000244,0.19546197154444556,CVPF,cracker_scene4,70,old
8468,20.112365245819092,0.19546197154444556,CVPF,cracker_scene4,70,old
8469,20.115501880645752,0.19546197154444556,CVPF,cracker_scene4,70,old
8470,20.119072437286377,0.1954316055728014,CVPF,cracker_scene4,70,old
8471,20.122437000274658,0.1954316055728014,CVPF,cracker_scene4,70,old
8472,20.125900745391846,0.19544910090279743,CVPF,cracker_scene4,70,old
8473,20.129164695739746,0.19544910090279743,CVPF,cracker_scene4,70,old
8474,20.132955074310303,0.19544910090279743,CVPF,cracker_scene4,70,old
8475,20.13679814338684,0.19550162249252043,CVPF,cracker_scene4,70,old
8476,20.140491485595703,0.19550162249252043,CVPF,cracker_scene4,70,old
8477,20.144076108932495,0.1954799278879212,CVPF,cracker_scene4,70,old
8478,20.14761185646057,0.1954799278879212,CVPF,cracker_scene4,70,old
8479,20.151132822036743,0.20149899137972613,CVPF,cracker_scene4,70,old
8480,20.15432381629944,0.20149899137972613,CVPF,cracker_scene4,70,old
8481,20.15738797187805,0.20149899137972613,CVPF,cracker_scene4,70,old
8482,20.16055727005005,0.20366715402805802,CVPF,cracker_scene4,70,old
8483,20.163689851760864,0.20366715402805802,CVPF,cracker_scene4,70,old
8484,20.166696071624756,0.20312971452620726,CVPF,cracker_scene4,70,old
8485,20.169910430908203,0.2035077099764293,CVPF,cracker_scene4,70,old
8486,20.17307949066162,0.2035077099764293,CVPF,cracker_scene4,70,old
8487,20.176183462142944,0.2014320379551388,CVPF,cracker_scene4,70,old
8488,20.179332733154297,0.2014320379551388,CVPF,cracker_scene4,70,old
8489,20.182323694229126,0.2014320379551388,CVPF,cracker_scene4,70,old
8490,20.185458421707153,0.20196232441664033,CVPF,cracker_scene4,70,old
8491,20.188653230667114,0.20196232441664033,CVPF,cracker_scene4,70,old
8492,20.19165802001953,0.20196232441664033,CVPF,cracker_scene4,70,old
8493,20.194855451583862,0.20192745026385017,CVPF,cracker_scene4,70,old
8494,20.198131561279297,0.20192745026385017,CVPF,cracker_scene4,70,old
8495,20.20127272605896,0.20153348418594408,CVPF,cracker_scene4,70,old
8496,20.204349994659424,0.20153348418594408,CVPF,cracker_scene4,70,old
8497,20.206608533859253,0.20153348418594408,CVPF,cracker_scene4,70,old
8498,20.20905113220215,0.20198273552030163,CVPF,cracker_scene4,70,old
8499,20.211544275283813,0.20198273552030163,CVPF,cracker_scene4,70,old
8500,20.21386981010437,0.20198273552030163,CVPF,cracker_scene4,70,old
8501,20.21609592437744,0.20198273552030163,CVPF,cracker_scene4,70,old
8502,20.218521118164062,0.20396231391169867,CVPF,cracker_scene4,70,old
8503,20.220941305160522,0.20396231391169867,CVPF,cracker_scene4,70,old
8504,20.223161697387695,0.20396231391169867,CVPF,cracker_scene4,70,old
8505,20.225465059280396,0.20399808499416597,CVPF,cracker_scene4,70,old
8506,20.227998971939087,0.20390096081030026,CVPF,cracker_scene4,70,old
8507,20.230344772338867,0.20390096081030026,CVPF,cracker_scene4,70,old
8508,20.232627630233765,0.20390096081030026,CVPF,cracker_scene4,70,old
8509,20.235081434249878,0.20188783455488957,CVPF,cracker_scene4,70,old
8510,20.237496852874756,0.20188783455488957,CVPF,cracker_scene4,70,old
8511,20.23972177505493,0.20188783455488957,CVPF,cracker_scene4,70,old
8512,20.242103338241577,0.2039227319208484,CVPF,cracker_scene4,70,old
8513,20.244675874710083,0.2039227319208484,CVPF,cracker_scene4,70,old
8514,20.247187852859497,0.2039227319208484,CVPF,cracker_scene4,70,old
8515,20.249613761901855,0.2039227319208484,CVPF,cracker_scene4,70,old
8516,20.252077341079712,0.2019100434572472,CVPF,cracker_scene4,70,old
8517,20.254542589187622,0.2019100434572472,CVPF,cracker_scene4,70,old
8518,20.256788969039917,0.2019100434572472,CVPF,cracker_scene4,70,old
8519,20.259267568588257,0.20388342487168287,CVPF,cracker_scene4,70,old
8520,20.262013912200928,0.20395244695713033,CVPF,cracker_scene4,70,old
8521,20.264554977416992,0.20395244695713033,CVPF,cracker_scene4,70,old
8522,20.267026662826538,0.20395244695713033,CVPF,cracker_scene4,70,old
8523,20.26949977874756,0.20174892566977937,CVPF,cracker_scene4,70,old
8524,20.272170305252075,0.20174892566977937,CVPF,cracker_scene4,70,old
8525,20.27441096305847,0.20174892566977937,CVPF,cracker_scene4,70,old
8526,20.27696704864502,0.2015424471490048,CVPF,cracker_scene4,70,old
8527,20.2805597782135,0.20366346289255688,CVPF,cracker_scene4,70,old
8528,20.28280782699585,0.20366346289255688,CVPF,cracker_scene4,70,old
8529,20.28535032272339,0.2062363419568758,CVPF,cracker_scene4,70,old
8530,20.28786540031433,0.2062363419568758,CVPF,cracker_scene4,70,old
8531,20.290279865264893,0.2062363419568758,CVPF,cracker_scene4,70,old
8532,20.292778491973877,0.20582475743867512,CVPF,cracker_scene4,70,old
8533,20.295289516448975,0.20582475743867512,CVPF,cracker_scene4,70,old
8534,20.297751665115356,0.20582475743867512,CVPF,cracker_scene4,70,old
8535,20.300076961517334,0.20582475743867512,CVPF,cracker_scene4,70,old
8536,20.302608251571655,0.20415053211205159,CVPF,cracker_scene4,70,old
8537,20.305277824401855,0.20415053211205159,CVPF,cracker_scene4,70,old
8538,20.30756449699402,0.20415053211205159,CVPF,cracker_scene4,70,old
8539,20.309991121292114,0.20393516140309131,CVPF,cracker_scene4,70,old
8540,20.312480688095093,0.20393516140309131,CVPF,cracker_scene4,70,old
8541,20.314867734909058,0.20393516140309131,CVPF,cracker_scene4,70,old
8542,20.317268133163452,0.20407226452862837,CVPF,cracker_scene4,70,old
8543,20.319830417633057,0.20407226452862837,CVPF,cracker_scene4,70,old
8544,20.322294235229492,0.20407226452862837,CVPF,cracker_scene4,70,old
8545,20.324742794036865,0.20407226452862837,CVPF,cracker_scene4,70,old
8546,20.327385187149048,0.20400020400513696,CVPF,cracker_scene4,70,old
8547,20.329988956451416,0.20400020400513696,CVPF,cracker_scene4,70,old
8548,20.332314252853394,0.20400020400513696,CVPF,cracker_scene4,70,old
8549,20.33491039276123,0.2040616084801714,CVPF,cracker_scene4,70,old
8550,20.33762240409851,0.2040616084801714,CVPF,cracker_scene4,70,old
8551,20.340129375457764,0.2040616084801714,CVPF,cracker_scene4,70,old
8552,20.342504024505615,0.20407416023380698,CVPF,cracker_scene4,70,old
8553,20.34506130218506,0.20401371990492745,CVPF,cracker_scene4,70,old
8554,20.347546815872192,0.20401371990492745,CVPF,cracker_scene4,70,old
8555,20.34983801841736,0.20401371990492745,CVPF,cracker_scene4,70,old
8556,20.35228681564331,0.20398103748233254,CVPF,cracker_scene4,70,old
8557,20.35489296913147,0.20398103748233254,CVPF,cracker_scene4,70,old
8558,20.357055187225342,0.20398103748233254,CVPF,cracker_scene4,70,old
8559,20.359646320343018,0.2041334436736868,CVPF,cracker_scene4,70,old
8560,20.362220287322998,0.2041334436736868,CVPF,cracker_scene4,70,old
8561,20.364456176757812,0.2041334436736868,CVPF,cracker_scene4,70,old
8562,20.366676330566406,0.2041857789817456,CVPF,cracker_scene4,70,old
8563,20.3693585395813,0.20376381389741915,CVPF,cracker_scene4,70,old
8564,20.371872425079346,0.20376381389741915,CVPF,cracker_scene4,70,old
8565,20.37399673461914,0.20376381389741915,CVPF,cracker_scene4,70,old
8566,20.376365900039673,0.20374737368155227,CVPF,cracker_scene4,70,old
8567,20.379034519195557,0.20374737368155227,CVPF,cracker_scene4,70,old
8568,20.381282329559326,0.20374737368155227,CVPF,cracker_scene4,70,old
8569,20.383466958999634,0.20374737368155227,CVPF,cracker_scene4,70,old
8570,20.385984897613525,0.204128024284298,CVPF,cracker_scene4,70,old
8571,20.38843584060669,0.204128024284298,CVPF,cracker_scene4,70,old
8572,20.390677213668823,0.204128024284298,CVPF,cracker_scene4,70,old
8573,20.393025636672974,0.20386374947064123,CVPF,cracker_scene4,70,old
8574,20.395464181900024,0.20386374947064123,CVPF,cracker_scene4,70,old
8575,20.397762298583984,0.20386374947064123,CVPF,cracker_scene4,70,old
8576,20.40009331703186,0.20387192550971012,CVPF,cracker_scene4,70,old
8577,20.403022527694702,0.20381526159928676,CVPF,cracker_scene4,70,old
8578,20.40571403503418,0.20381526159928676,CVPF,cracker_scene4,70,old
8579,20.4079430103302,0.20381526159928676,CVPF,cracker_scene4,70,old
8580,20.410443544387817,0.20621375509203244,CVPF,cracker_scene4,70,old
8581,20.413025379180908,0.20621375509203244,CVPF,cracker_scene4,70,old
8582,20.415448427200317,0.20621375509203244,CVPF,cracker_scene4,70,old
8583,20.417934894561768,0.2039879238678557,CVPF,cracker_scene4,70,old
8584,20.420741319656372,0.2039879238678557,CVPF,cracker_scene4,70,old
8585,20.42326045036316,0.2039879238678557,CVPF,cracker_scene4,70,old
8586,20.425609588623047,0.20401450983741043,CVPF,cracker_scene4,70,old
8587,20.428256511688232,0.2040346494595333,CVPF,cracker_scene4,70,old
8588,20.430839776992798,0.2040346494595333,CVPF,cracker_scene4,70,old
8589,20.433083295822144,0.2040346494595333,CVPF,cracker_scene4,70,old
8590,20.43561315536499,0.20558030602303745,CVPF,cracker_scene4,70,old
8591,20.438145637512207,0.20558030602303745,CVPF,cracker_scene4,70,old
8592,20.44145703315735,0.2137554445909893,CVPF,cracker_scene4,70,old
8593,20.444061756134033,0.21206091326027596,CVPF,cracker_scene4,70,old
8594,20.446514129638672,0.21206091326027596,CVPF,cracker_scene4,70,old
8595,20.448776483535767,0.21206091326027596,CVPF,cracker_scene4,70,old
8596,20.451295852661133,0.21216222652742878,CVPF,cracker_scene4,70,old
8597,20.453747034072876,0.21216222652742878,CVPF,cracker_scene4,70,old
8598,20.455998420715332,0.21216222652742878,CVPF,cracker_scene4,70,old
8599,20.458194971084595,0.21216222652742878,CVPF,cracker_scene4,70,old
8600,20.46079993247986,0.21206990228842693,CVPF,cracker_scene4,70,old
8601,20.463429927825928,0.21206990228842693,CVPF,cracker_scene4,70,old
8602,20.46578311920166,0.21206990228842693,CVPF,cracker_scene4,70,old
8603,20.468189477920532,0.214341074570917,CVPF,cracker_scene4,70,old
8604,20.471010446548462,0.214341074570917,CVPF,cracker_scene4,70,old
8605,20.473301649093628,0.214341074570917,CVPF,cracker_scene4,70,old
8606,20.47578454017639,0.21433291403083746,CVPF,cracker_scene4,70,old
8607,20.478254556655884,0.21433291403083746,CVPF,cracker_scene4,70,old
8608,20.480722904205322,0.21433291403083746,CVPF,cracker_scene4,70,old
8609,20.48307490348816,0.21433291403083746,CVPF,cracker_scene4,70,old
8610,20.485634326934814,0.212052572077099,CVPF,cracker_scene4,70,old
8611,20.488166332244873,0.212052572077099,CVPF,cracker_scene4,70,old
8612,20.490575790405273,0.212052572077099,CVPF,cracker_scene4,70,old
8613,20.4931001663208,0.21418944810028193,CVPF,cracker_scene4,70,old
8614,20.495668411254883,0.21418944810028193,CVPF,cracker_scene4,70,old
8615,20.498002290725708,0.21418944810028193,CVPF,cracker_scene4,70,old
8616,20.500390768051147,0.214264664142248,CVPF,cracker_scene4,70,old
8617,20.502882957458496,0.21427561196217945,CVPF,cracker_scene4,70,old
8618,20.5055935382843,0.21427561196217945,CVPF,cracker_scene4,70,old
8619,20.507941007614136,0.21427561196217945,CVPF,cracker_scene4,70,old
8620,20.510443449020386,0.2139148621072402,CVPF,cracker_scene4,70,old
8621,20.5127272605896,0.2139148621072402,CVPF,cracker_scene4,70,old
8622,20.514983654022217,0.2139148621072402,CVPF,cracker_scene4,70,old
8623,20.517399549484253,0.2142252917531731,CVPF,cracker_scene4,70,old
8624,20.519959211349487,0.2142252917531731,CVPF,cracker_scene4,70,old
8625,20.522258758544922,0.2142252917531731,CVPF,cracker_scene4,70,old
8626,20.524531602859497,0.2142252917531731,CVPF,cracker_scene4,70,old
8627,20.526979446411133,0.21421891786499417,CVPF,cracker_scene4,70,old
8628,20.529248476028442,0.21421891786499417,CVPF,cracker_scene4,70,old
8629,20.531463861465454,0.21421891786499417,CVPF,cracker_scene4,70,old
8630,20.533790826797485,0.21421891786499417,CVPF,cracker_scene4,70,old
8631,20.536762714385986,0.21206679705799214,CVPF,cracker_scene4,70,old
8632,20.539254188537598,0.21206679705799214,CVPF,cracker_scene4,70,old
8633,20.541480779647827,0.21206679705799214,CVPF,cracker_scene4,70,old
8634,20.544198989868164,0.21216598749887794,CVPF,cracker_scene4,70,old
8635,20.546618461608887,0.21216598749887794,CVPF,cracker_scene4,70,old
8636,20.54879403114319,0.21216598749887794,CVPF,cracker_scene4,70,old
8637,20.551368236541748,0.21212817990826666,CVPF,cracker_scene4,70,old
8638,20.553887367248535,0.21212817990826666,CVPF,cracker_scene4,70,old
8639,20.55609893798828,0.21212817990826666,CVPF,cracker_scene4,70,old
8640,20.558274030685425,0.21212817990826666,CVPF,cracker_scene4,70,old
8641,20.560853719711304,0.2120797248993181,CVPF,cracker_scene4,70,old
8642,20.563329219818115,0.2120797248993181,CVPF,cracker_scene4,70,old
8643,20.565605878829956,0.2120797248993181,CVPF,cracker_scene4,70,old
8644,20.567866325378418,0.21211882857222325,CVPF,cracker_scene4,70,old
8645,20.570341110229492,0.21211882857222325,CVPF,cracker_scene4,70,old
8646,20.573018789291382,0.21222570909125266,CVPF,cracker_scene4,70,old
8647,20.5754132270813,0.21222570909125266,CVPF,cracker_scene4,70,old
8648,20.577910900115967,0.21222570909125266,CVPF,cracker_scene4,70,old
8649,20.58046865463257,0.21222533965634285,CVPF,cracker_scene4,70,old
8650,20.58281636238098,0.21222533965634285,CVPF,cracker_scene4,70,old
8651,20.5851571559906,0.21222533965634285,CVPF,cracker_scene4,70,old
8652,20.587440013885498,0.21222533965634285,CVPF,cracker_scene4,70,old
8653,20.589844465255737,0.21222533965634285,CVPF,cracker_scene4,70,old
8654,20.592233419418335,0.21221271542572678,CVPF,cracker_scene4,70,old
8655,20.59460687637329,0.21221271542572678,CVPF,cracker_scene4,70,old
8656,20.597044467926025,0.21221271542572678,CVPF,cracker_scene4,70,old
8657,20.600495100021362,0.22138333095152543,CVPF,cracker_scene4,70,old
8658,20.602802515029907,0.22138333095152543,CVPF,cracker_scene4,70,old
8659,20.605233430862427,0.22138333095152543,CVPF,cracker_scene4,70,old
8660,20.6075177192688,0.22141021637316965,CVPF,cracker_scene4,70,old
8661,20.60998249053955,0.2214044034548406,CVPF,cracker_scene4,70,old
8662,20.61230778694153,0.2214044034548406,CVPF,cracker_scene4,70,old
8663,20.614583015441895,0.2214044034548406,CVPF,cracker_scene4,70,old
8664,20.617059230804443,0.2214044034548406,CVPF,cracker_scene4,70,old
8665,20.619503498077393,0.22339877906065597,CVPF,cracker_scene4,70,old
8666,20.621813535690308,0.22339877906065597,CVPF,cracker_scene4,70,old
8667,20.624118328094482,0.22339877906065597,CVPF,cracker_scene4,70,old
8668,20.626468181610107,0.22339877906065597,CVPF,cracker_scene4,70,old
8669,20.628689527511597,0.22339877906065597,CVPF,cracker_scene4,70,old
8670,20.63111662864685,0.2212982322488298,CVPF,cracker_scene4,70,old
8671,20.6335506439209,0.2212982322488298,CVPF,cracker_scene4,70,old
8672,20.63594150543213,0.2212982322488298,CVPF,cracker_scene4,70,old
8673,20.638381958007812,0.2212982322488298,CVPF,cracker_scene4,70,old
8674,20.640780687332153,0.2212982322488298,CVPF,cracker_scene4,70,old
8675,20.643208742141724,0.22121113582177537,CVPF,cracker_scene4,70,old
8676,20.645442724227905,0.22121113582177537,CVPF,cracker_scene4,70,old
8677,20.647815704345703,0.22121113582177537,CVPF,cracker_scene4,70,old
8678,20.650105953216553,0.22121113582177537,CVPF,cracker_scene4,70,old
8679,20.652453660964966,0.22121113582177537,CVPF,cracker_scene4,70,old
8680,20.654676914215088,0.22121113582177537,CVPF,cracker_scene4,70,old
8681,20.657025575637817,0.22346213648963353,CVPF,cracker_scene4,70,old
8682,20.65931510925293,0.22346213648963353,CVPF,cracker_scene4,70,old
8683,20.661601781845093,0.22346213648963353,CVPF,cracker_scene4,70,old
8684,20.664153337478638,0.22346213648963353,CVPF,cracker_scene4,70,old
8685,20.6665997505188,0.22346213648963353,CVPF,cracker_scene4,70,old
8686,20.668959617614746,0.22346213648963353,CVPF,cracker_scene4,70,old
8687,20.67145848274231,0.2228088331218144,CVPF,cracker_scene4,70,old
8688,20.67386507987976,0.2228088331218144,CVPF,cracker_scene4,70,old
8689,20.676331520080566,0.2228088331218144,CVPF,cracker_scene4,70,old
8690,20.6787588596344,0.2228088331218144,CVPF,cracker_scene4,70,old
8691,20.681151390075684,0.2228088331218144,CVPF,cracker_scene4,70,old
8692,20.683661699295044,0.2212111414334513,CVPF,cracker_scene4,70,old
8693,20.686091899871826,0.2212111414334513,CVPF,cracker_scene4,70,old
8694,20.68831491470337,0.2212111414334513,CVPF,cracker_scene4,70,old
8695,20.690634965896606,0.2212111414334513,CVPF,cracker_scene4,70,old
8696,20.692910194396973,0.2212111414334513,CVPF,cracker_scene4,70,old
8697,20.695318937301636,0.22126046517869086,CVPF,cracker_scene4,70,old
8698,20.69770336151123,0.22122923967725647,CVPF,cracker_scene4,70,old
8699,20.700129508972168,0.22122923967725647,CVPF,cracker_scene4,70,old
8700,20.702572107315063,0.22113425684798577,CVPF,cracker_scene4,70,old
8701,20.705300092697144,0.22109036611071503,CVPF,cracker_scene4,70,old
8702,20.707890033721924,0.22317032360230651,CVPF,cracker_scene4,70,old
8703,20.71028709411621,0.22317032360230651,CVPF,cracker_scene4,70,old
8704,20.71282124519348,0.22324290662478347,CVPF,cracker_scene4,70,old
8705,20.715206384658813,0.22324290662478347,CVPF,cracker_scene4,70,old
8706,20.717722177505493,0.22118262191503102,CVPF,cracker_scene4,70,old
8707,20.720182180404663,0.22118262191503102,CVPF,cracker_scene4,70,old
8708,20.722740173339844,0.2232248514314132,CVPF,cracker_scene4,70,old
8709,20.725384950637817,0.2232248514314132,CVPF,cracker_scene4,70,old
8710,20.727914094924927,0.22111324863817577,CVPF,cracker_scene4,70,old
8711,20.73031449317932,0.22111324863817577,CVPF,cracker_scene4,70,old
8712,20.732795476913452,0.22140437048711395,CVPF,cracker_scene4,70,old
8713,20.735291242599487,0.22140437048711395,CVPF,cracker_scene4,70,old
8714,20.73810648918152,0.22339108219937662,CVPF,cracker_scene4,70,old
8715,20.740601778030396,0.22339108219937662,CVPF,cracker_scene4,70,old
8716,20.74406099319458,0.22330843389416213,CVPF,cracker_scene4,70,old
8717,20.747852563858032,0.22327690255356525,CVPF,cracker_scene4,70,old
8718,20.751535892486572,0.2233778935879207,CVPF,cracker_scene4,70,old
8719,20.754963636398315,0.22326458517656897,CVPF,cracker_scene4,70,old
8720,20.757405757904053,0.22326458517656897,CVPF,cracker_scene4,70,old
8721,20.759914875030518,0.22320261874148106,CVPF,cracker_scene4,70,old
8722,20.762505531311035,0.22320261874148106,CVPF,cracker_scene4,70,old
8723,20.76492691040039,0.22320261874148106,CVPF,cracker_scene4,70,old
8724,20.76830530166626,0.22454117257139442,CVPF,cracker_scene4,70,old
8725,20.77097201347351,0.22454117257139442,CVPF,cracker_scene4,70,old
8726,20.77336311340332,0.22454117257139442,CVPF,cracker_scene4,70,old
8727,20.775974988937378,0.22466987530814067,CVPF,cracker_scene4,70,old
8728,20.778457641601562,0.22466987530814067,CVPF,cracker_scene4,70,old
8729,20.780834197998047,0.22466987530814067,CVPF,cracker_scene4,70,old
8730,20.783140182495117,0.22466987530814067,CVPF,cracker_scene4,70,old
8731,20.785568952560425,0.22442569743328514,CVPF,cracker_scene4,70,old
8732,20.787961959838867,0.22442569743328514,CVPF,cracker_scene4,70,old
8733,20.790229082107544,0.22442569743328514,CVPF,cracker_scene4,70,old
8734,20.792755365371704,0.2246374846739466,CVPF,cracker_scene4,70,old
8735,20.79521083831787,0.2246374846739466,CVPF,cracker_scene4,70,old
8736,20.797594785690308,0.2246374846739466,CVPF,cracker_scene4,70,old
8737,20.79989767074585,0.2246374846739466,CVPF,cracker_scene4,70,old
8738,20.802467823028564,0.22244335905235896,CVPF,cracker_scene4,70,old
8739,20.805078268051147,0.22244335905235896,CVPF,cracker_scene4,70,old
8740,20.807426691055298,0.22244335905235896,CVPF,cracker_scene4,70,old
8741,20.809999465942383,0.22451903213320204,CVPF,cracker_scene4,70,old
8742,20.812507390975952,0.22451903213320204,CVPF,cracker_scene4,70,old
8743,20.814979314804077,0.22451903213320204,CVPF,cracker_scene4,70,old
8744,20.817363023757935,0.2223388273762083,CVPF,cracker_scene4,70,old
8745,20.8198344707489,0.22227033393190768,CVPF,cracker_scene4,70,old
8746,20.822413682937622,0.22227033393190768,CVPF,cracker_scene4,70,old
8747,20.82514238357544,0.22445209606581204,CVPF,cracker_scene4,70,old
8748,20.827805042266846,0.22450640467465507,CVPF,cracker_scene4,70,old
8749,20.830249786376953,0.22450640467465507,CVPF,cracker_scene4,70,old
8750,20.832576751708984,0.22450640467465507,CVPF,cracker_scene4,70,old
8751,20.834956884384155,0.22458967469294192,CVPF,cracker_scene4,70,old
8752,20.837578296661377,0.22458967469294192,CVPF,cracker_scene4,70,old
8753,20.839879751205444,0.22458967469294192,CVPF,cracker_scene4,70,old
8754,20.842254161834717,0.22443210020432436,CVPF,cracker_scene4,70,old
8755,20.845665216445923,0.22443210020432436,CVPF,cracker_scene4,70,old
8756,20.848827600479126,0.22443210020432436,CVPF,cracker_scene4,70,old
8757,20.851627349853516,0.2245130203850184,CVPF,cracker_scene4,70,old
8758,20.854283571243286,0.2245130203850184,CVPF,cracker_scene4,70,old
8759,20.856959104537964,0.2245130203850184,CVPF,cracker_scene4,70,old
8760,20.859800815582275,0.2224938910179226,CVPF,cracker_scene4,70,old
8761,20.86239266395569,0.2224938910179226,CVPF,cracker_scene4,70,old
8762,20.864670038223267,0.2224938910179226,CVPF,cracker_scene4,70,old
8763,20.867462635040283,0.22449544464542723,CVPF,cracker_scene4,70,old
8764,20.870055675506592,0.22449544464542723,CVPF,cracker_scene4,70,old
8765,20.872560739517212,0.22449544464542723,CVPF,cracker_scene4,70,old
8766,20.87492871284485,0.22449544464542723,CVPF,cracker_scene4,70,old
8767,20.877318620681763,0.22455186111299885,CVPF,cracker_scene4,70,old
8768,20.879666090011597,0.22455186111299885,CVPF,cracker_scene4,70,old
8769,20.882104873657227,0.22455186111299885,CVPF,cracker_scene4,70,old
8770,20.884823083877563,0.22471333439847357,CVPF,cracker_scene4,70,old
8771,20.887479543685913,0.22471333439847357,CVPF,cracker_scene4,70,old
8772,20.889867305755615,0.22471333439847357,CVPF,cracker_scene4,70,old
8773,20.8926842212677,0.22236809865619417,CVPF,cracker_scene4,70,old
8774,20.896361112594604,0.22236809865619417,CVPF,cracker_scene4,70,old
8775,20.899386644363403,0.22236809865619417,CVPF,cracker_scene4,70,old
8776,20.902600049972534,0.2241638088285621,CVPF,cracker_scene4,70,old
8777,20.905975580215454,0.2241638088285621,CVPF,cracker_scene4,70,old
8778,20.90907096862793,0.2224867478587874,CVPF,cracker_scene4,70,old
8779,20.912115812301636,0.2224867478587874,CVPF,cracker_scene4,70,old
8780,20.915165424346924,0.2224867478587874,CVPF,cracker_scene4,70,old
8781,20.91829490661621,0.2223678728779349,CVPF,cracker_scene4,70,old
8782,20.92134380340576,0.2223678728779349,CVPF,cracker_scene4,70,old
8783,20.92437767982483,0.2223678728779349,CVPF,cracker_scene4,70,old
8784,20.927517890930176,0.2245344392545253,CVPF,cracker_scene4,70,old
8785,20.930556297302246,0.2245344392545253,CVPF,cracker_scene4,70,old
8786,20.933611154556274,0.2245344392545253,CVPF,cracker_scene4,70,old
8787,20.937671899795532,0.2080287152424345,CVPF,cracker_scene4,70,old
8788,20.941163539886475,0.2080287152424345,CVPF,cracker_scene4,70,old
8789,20.944390296936035,0.20803957477332166,CVPF,cracker_scene4,70,old
8790,20.947465419769287,0.20803957477332166,CVPF,cracker_scene4,70,old
8791,20.950525045394897,0.20799260248533474,CVPF,cracker_scene4,70,old
8792,20.953694105148315,0.20811279144361905,CVPF,cracker_scene4,70,old
8793,20.956296920776367,0.20811279144361905,CVPF,cracker_scene4,70,old
8794,20.958630561828613,0.2079632071638721,CVPF,cracker_scene4,70,old
8795,20.961047172546387,0.2079632071638721,CVPF,cracker_scene4,70,old
8796,20.963473320007324,0.2079632071638721,CVPF,cracker_scene4,70,old
8797,20.965697526931763,0.2079632071638721,CVPF,cracker_scene4,70,old
8798,20.96808648109436,0.20805617787406494,CVPF,cracker_scene4,70,old
8799,20.97039794921875,0.20805617787406494,CVPF,cracker_scene4,70,old
8800,20.97290015220642,0.20805617787406494,CVPF,cracker_scene4,70,old
8801,20.975253582000732,0.20805617787406494,CVPF,cracker_scene4,70,old
8802,20.977681398391724,0.20805617787406494,CVPF,cracker_scene4,70,old
8803,20.98006319999695,0.20809959608226447,CVPF,cracker_scene4,70,old
8804,20.98243522644043,0.20809959608226447,CVPF,cracker_scene4,70,old
8805,20.984839916229248,0.20809959608226447,CVPF,cracker_scene4,70,old
8806,20.98722004890442,0.20809959608226447,CVPF,cracker_scene4,70,old
8807,20.98953890800476,0.20809959608226447,CVPF,cracker_scene4,70,old
8808,20.99177646636963,0.20809959608226447,CVPF,cracker_scene4,70,old
8809,20.994016647338867,0.20809959608226447,CVPF,cracker_scene4,70,old
8810,20.996321201324463,0.2081279651162104,CVPF,cracker_scene4,70,old
8811,20.998642921447754,0.2081279651162104,CVPF,cracker_scene4,70,old
8812,21.00114393234253,0.2081279651162104,CVPF,cracker_scene4,70,old
8813,21.003544569015503,0.20815747866084378,CVPF,cracker_scene4,70,old
8814,21.00592279434204,0.20815747866084378,CVPF,cracker_scene4,70,old
8815,21.008164167404175,0.20815747866084378,CVPF,cracker_scene4,70,old
8816,21.01036310195923,0.20815747866084378,CVPF,cracker_scene4,70,old
8817,21.012712001800537,0.20815747866084378,CVPF,cracker_scene4,70,old
8818,21.01524567604065,0.20815747866084378,CVPF,cracker_scene4,70,old
8819,21.01744246482849,0.20815747866084378,CVPF,cracker_scene4,70,old
8820,21.019914627075195,0.20790830319771061,CVPF,cracker_scene4,70,old
8821,21.02246904373169,0.20790830319771061,CVPF,cracker_scene4,70,old
8822,21.02476215362549,0.20790830319771061,CVPF,cracker_scene4,70,old
8823,21.026989221572876,0.20790830319771061,CVPF,cracker_scene4,70,old
8824,21.02935814857483,0.20801913180794748,CVPF,cracker_scene4,70,old
8825,21.031631231307983,0.20801913180794748,CVPF,cracker_scene4,70,old
8826,21.034059286117554,0.20801913180794748,CVPF,cracker_scene4,70,old
8827,21.03651189804077,0.20801913180794748,CVPF,cracker_scene4,70,old
8828,21.03888988494873,0.20801913180794748,CVPF,cracker_scene4,70,old
8829,21.041125774383545,0.20801913180794748,CVPF,cracker_scene4,70,old
8830,21.043546676635742,0.20798948341140566,CVPF,cracker_scene4,70,old
8831,21.0460946559906,0.20798948341140566,CVPF,cracker_scene4,70,old
8832,21.048459768295288,0.20798948341140566,CVPF,cracker_scene4,70,old
8833,21.050774335861206,0.20798948341140566,CVPF,cracker_scene4,70,old
8834,21.05324363708496,0.20805482970287142,CVPF,cracker_scene4,70,old
8835,21.055713891983032,0.20805482970287142,CVPF,cracker_scene4,70,old
8836,21.057961463928223,0.20805482970287142,CVPF,cracker_scene4,70,old
8837,21.060436725616455,0.20805482970287142,CVPF,cracker_scene4,70,old
8838,21.062906980514526,0.20809247157909344,CVPF,cracker_scene4,70,old
8839,21.065374851226807,0.20809247157909344,CVPF,cracker_scene4,70,old
8840,21.067838430404663,0.20809247157909344,CVPF,cracker_scene4,70,old
8841,21.070326805114746,0.20809247157909344,CVPF,cracker_scene4,70,old
8842,21.072784423828125,0.20809247157909344,CVPF,cracker_scene4,70,old
8843,21.075177669525146,0.20809247157909344,CVPF,cracker_scene4,70,old
8844,21.07770276069641,0.2080587448197149,CVPF,cracker_scene4,70,old
8845,21.080118417739868,0.2080587448197149,CVPF,cracker_scene4,70,old
8846,21.082606315612793,0.2080587448197149,CVPF,cracker_scene4,70,old
8847,21.085652828216553,0.19823108496503825,CVPF,cracker_scene4,70,old
8848,21.08797860145569,0.19823108496503825,CVPF,cracker_scene4,70,old
8849,21.0903263092041,0.19823108496503825,CVPF,cracker_scene4,70,old
8850,21.092780113220215,0.1981801520952532,CVPF,cracker_scene4,70,old
8851,21.095119953155518,0.1981801520952532,CVPF,cracker_scene4,70,old
8852,21.097498178482056,0.1981801520952532,CVPF,cracker_scene4,70,old
8853,21.099835634231567,0.1981801520952532,CVPF,cracker_scene4,70,old
8854,21.102165699005127,0.1981801520952532,CVPF,cracker_scene4,70,old
8855,21.104759216308594,0.19805224371187322,CVPF,cracker_scene4,70,old
8856,21.10751175880432,0.19808158127917633,CVPF,cracker_scene4,70,old
8857,21.110036611557007,0.19808158127917633,CVPF,cracker_scene4,70,old
8858,21.11256456375122,0.19803316159899234,CVPF,cracker_scene4,70,old
8859,21.115184545516968,0.19803316159899234,CVPF,cracker_scene4,70,old
8860,21.11771273612976,0.1979436656273777,CVPF,cracker_scene4,70,old
8861,21.120311498641968,0.19804245517290875,CVPF,cracker_scene4,70,old
8862,21.12286901473999,0.19804245517290875,CVPF,cracker_scene4,70,old
8863,21.12534475326538,0.19806253651643504,CVPF,cracker_scene4,70,old
8864,21.127997398376465,0.19806253651643504,CVPF,cracker_scene4,70,old
8865,21.130574226379395,0.19818930900097265,CVPF,cracker_scene4,70,old
8866,21.133129596710205,0.19818930900097265,CVPF,cracker_scene4,70,old
8867,21.13559317588806,0.1980382966154456,CVPF,cracker_scene4,70,old
8868,21.138311862945557,0.1995844851056248,CVPF,cracker_scene4,70,old
8869,21.140814542770386,0.199525266240222,CVPF,cracker_scene4,70,old
8870,21.14367699623108,0.19808758530181436,CVPF,cracker_scene4,70,old
8871,21.14629101753235,0.19797447918689134,CVPF,cracker_scene4,70,old
8872,21.148845672607422,0.19797447918689134,CVPF,cracker_scene4,70,old
8873,21.151314735412598,0.1981278576937389,CVPF,cracker_scene4,70,old
8874,21.15387535095215,0.1981278576937389,CVPF,cracker_scene4,70,old
8875,21.156184434890747,0.1981278576937389,CVPF,cracker_scene4,70,old
8876,21.158604383468628,0.1981649983894592,CVPF,cracker_scene4,70,old
8877,21.16107487678528,0.1981649983894592,CVPF,cracker_scene4,70,old
8878,21.163487195968628,0.1981649983894592,CVPF,cracker_scene4,70,old
8879,21.165796041488647,0.1981649983894592,CVPF,cracker_scene4,70,old
8880,21.16837167739868,0.1981671754259255,CVPF,cracker_scene4,70,old
8881,21.17095422744751,0.1981671754259255,CVPF,cracker_scene4,70,old
8882,21.173466444015503,0.1981671754259255,CVPF,cracker_scene4,70,old
8883,21.176111221313477,0.1981890467729796,CVPF,cracker_scene4,70,old
8884,21.178640127182007,0.1981890467729796,CVPF,cracker_scene4,70,old
8885,21.18086552619934,0.1981890467729796,CVPF,cracker_scene4,70,old
8886,21.183228969573975,0.1981890467729796,CVPF,cracker_scene4,70,old
8887,21.1857271194458,0.19961495766129,CVPF,cracker_scene4,70,old
8888,21.18818473815918,0.19961495766129,CVPF,cracker_scene4,70,old
8889,21.19047474861145,0.19961495766129,CVPF,cracker_scene4,70,old
8890,21.192981958389282,0.19812045301259698,CVPF,cracker_scene4,70,old
8891,21.195555686950684,0.19812045301259698,CVPF,cracker_scene4,70,old
8892,21.197941780090332,0.19812045301259698,CVPF,cracker_scene4,70,old
8893,21.20023512840271,0.19812045301259698,CVPF,cracker_scene4,70,old
8894,21.202697277069092,0.19814081795759178,CVPF,cracker_scene4,70,old
8895,21.205435037612915,0.19814081795759178,CVPF,cracker_scene4,70,old
8896,21.20779824256897,0.19814081795759178,CVPF,cracker_scene4,70,old
8897,21.210330724716187,0.19796287621931893,CVPF,cracker_scene4,70,old
8898,21.212814807891846,0.19796287621931893,CVPF,cracker_scene4,70,old
8899,21.21528673171997,0.19796287621931893,CVPF,cracker_scene4,70,old
8900,21.217844009399414,0.19806160734650458,CVPF,cracker_scene4,70,old
8901,21.22041130065918,0.19806160734650458,CVPF,cracker_scene4,70,old
8902,21.22270131111145,0.19806160734650458,CVPF,cracker_scene4,70,old
8903,21.22502851486206,0.19806160734650458,CVPF,cracker_scene4,70,old
8904,21.22766399383545,0.19799889418169667,CVPF,cracker_scene4,70,old
8905,21.23020076751709,0.19799889418169667,CVPF,cracker_scene4,70,old
8906,21.232482194900513,0.19799889418169667,CVPF,cracker_scene4,70,old
8907,21.23505401611328,0.19799344815010408,CVPF,cracker_scene4,70,old
8908,21.237534284591675,0.19799344815010408,CVPF,cracker_scene4,70,old
8909,21.239852905273438,0.19799344815010408,CVPF,cracker_scene4,70,old
8910,21.242181301116943,0.19799149454462567,CVPF,cracker_scene4,70,old
8911,21.245282411575317,0.19799149454462567,CVPF,cracker_scene4,70,old
8912,21.2475643157959,0.20358628502495346,CVPF,cracker_scene4,70,old
8913,21.249797344207764,0.20358628502495346,CVPF,cracker_scene4,70,old
8914,21.25231647491455,0.20363714078911155,CVPF,cracker_scene4,70,old
8915,21.254750967025757,0.20363714078911155,CVPF,cracker_scene4,70,old
8916,21.25702667236328,0.20363714078911155,CVPF,cracker_scene4,70,old
8917,21.259539127349854,0.2036350904143749,CVPF,cracker_scene4,70,old
8918,21.262126445770264,0.2036350904143749,CVPF,cracker_scene4,70,old
8919,21.264679670333862,0.2036350904143749,CVPF,cracker_scene4,70,old
8920,21.267159938812256,0.20519138912613943,CVPF,cracker_scene4,70,old
8921,21.269740343093872,0.20519138912613943,CVPF,cracker_scene4,70,old
8922,21.272209644317627,0.20519138912613943,CVPF,cracker_scene4,70,old
8923,21.2745304107666,0.20519138912613943,CVPF,cracker_scene4,70,old
8924,21.277148008346558,0.20374661857067267,CVPF,cracker_scene4,70,old
8925,21.279692888259888,0.20374661857067267,CVPF,cracker_scene4,70,old
8926,21.282020330429077,0.20374661857067267,CVPF,cracker_scene4,70,old
8927,21.28452730178833,0.2052825967336327,CVPF,cracker_scene4,70,old
8928,21.287097215652466,0.2052825967336327,CVPF,cracker_scene4,70,old
8929,21.28931999206543,0.2052825967336327,CVPF,cracker_scene4,70,old
8930,21.29171133041382,0.20524173999321693,CVPF,cracker_scene4,70,old
8931,21.294362783432007,0.2050125218927299,CVPF,cracker_scene4,70,old
8932,21.2968008518219,0.2050125218927299,CVPF,cracker_scene4,70,old
8933,21.299041509628296,0.2050125218927299,CVPF,cracker_scene4,70,old
8934,21.301575422286987,0.20572462323146823,CVPF,cracker_scene4,70,old
8935,21.304193019866943,0.20572462323146823,CVPF,cracker_scene4,70,old
8936,21.306679248809814,0.20572462323146823,CVPF,cracker_scene4,70,old
8937,21.30916714668274,0.20567272171505646,CVPF,cracker_scene4,70,old
8938,21.311604499816895,0.20567272171505646,CVPF,cracker_scene4,70,old
8939,21.31395411491394,0.20567272171505646,CVPF,cracker_scene4,70,old
8940,21.316232442855835,0.20567272171505646,CVPF,cracker_scene4,70,old
8941,21.31864023208618,0.20557577349332323,CVPF,cracker_scene4,70,old
8942,21.321025848388672,0.20557577349332323,CVPF,cracker_scene4,70,old
8943,21.323349952697754,0.20557577349332323,CVPF,cracker_scene4,70,old
8944,21.326005220413208,0.20577467744778932,CVPF,cracker_scene4,70,old
8945,21.328307628631592,0.20577467744778932,CVPF,cracker_scene4,70,old
8946,21.33053708076477,0.20577467744778932,CVPF,cracker_scene4,70,old
8947,21.33274269104004,0.20577467744778932,CVPF,cracker_scene4,70,old
8948,21.335644483566284,0.20375754939025192,CVPF,cracker_scene4,70,old
8949,21.338289260864258,0.20375754939025192,CVPF,cracker_scene4,70,old
8950,21.340558290481567,0.20375754939025192,CVPF,cracker_scene4,70,old
8951,21.34309720993042,0.20356817763840596,CVPF,cracker_scene4,70,old
8952,21.345664739608765,0.20356817763840596,CVPF,cracker_scene4,70,old
8953,21.347845554351807,0.20356817763840596,CVPF,cracker_scene4,70,old
8954,21.350135803222656,0.20356817763840596,CVPF,cracker_scene4,70,old
8955,21.352678060531616,0.20520903557052605,CVPF,cracker_scene4,70,old
8956,21.355185747146606,0.20520903557052605,CVPF,cracker_scene4,70,old
8957,21.357526063919067,0.20520903557052605,CVPF,cracker_scene4,70,old
8958,21.36010217666626,0.20373226930828991,CVPF,cracker_scene4,70,old
8959,21.362589836120605,0.20373226930828991,CVPF,cracker_scene4,70,old
8960,21.365010261535645,0.20373226930828991,CVPF,cracker_scene4,70,old
8961,21.367511987686157,0.20356638464536836,CVPF,cracker_scene4,70,old
8962,21.370075941085815,0.20356638464536836,CVPF,cracker_scene4,70,old
8963,21.372538566589355,0.20356638464536836,CVPF,cracker_scene4,70,old
8964,21.374976873397827,0.20380120736125473,CVPF,cracker_scene4,70,old
8965,21.37750220298767,0.20374475785536017,CVPF,cracker_scene4,70,old
8966,21.379830360412598,0.20374475785536017,CVPF,cracker_scene4,70,old
8967,21.382169723510742,0.20374475785536017,CVPF,cracker_scene4,70,old
8968,21.384727001190186,0.2056924701720968,CVPF,cracker_scene4,70,old
8969,21.387434720993042,0.2056924701720968,CVPF,cracker_scene4,70,old
8970,21.389881134033203,0.2056924701720968,CVPF,cracker_scene4,70,old
8971,21.39216136932373,0.2036410610943893,CVPF,cracker_scene4,70,old
8972,21.39460325241089,0.20372848072760252,CVPF,cracker_scene4,70,old
8973,21.397148370742798,0.20372848072760252,CVPF,cracker_scene4,70,old
8974,21.399556398391724,0.20372848072760252,CVPF,cracker_scene4,70,old
8975,21.402021408081055,0.20377478326271792,CVPF,cracker_scene4,70,old
8976,21.404728889465332,0.20377478326271792,CVPF,cracker_scene4,70,old
8977,21.40800428390503,0.19096389882605708,CVPF,cracker_scene4,70,old
8978,21.410665035247803,0.1909424051009987,CVPF,cracker_scene4,70,old
8979,21.413190603256226,0.1909424051009987,CVPF,cracker_scene4,70,old
8980,21.415611028671265,0.1909424051009987,CVPF,cracker_scene4,70,old
8981,21.41796088218689,0.19072683082557415,CVPF,cracker_scene4,70,old
8982,21.420653820037842,0.19072683082557415,CVPF,cracker_scene4,70,old
8983,21.42307734489441,0.19072683082557415,CVPF,cracker_scene4,70,old
8984,21.42544960975647,0.19072281951628156,CVPF,cracker_scene4,70,old
8985,21.42800498008728,0.19072281951628156,CVPF,cracker_scene4,70,old
8986,21.430375337600708,0.19072281951628156,CVPF,cracker_scene4,70,old
8987,21.432650804519653,0.19072281951628156,CVPF,cracker_scene4,70,old
8988,21.435178518295288,0.19086783534421212,CVPF,cracker_scene4,70,old
8989,21.43785071372986,0.19086783534421212,CVPF,cracker_scene4,70,old
8990,21.440074920654297,0.19086783534421212,CVPF,cracker_scene4,70,old
8991,21.442440509796143,0.19091020757888771,CVPF,cracker_scene4,70,old
8992,21.445035934448242,0.19091020757888771,CVPF,cracker_scene4,70,old
8993,21.44745707511902,0.19091020757888771,CVPF,cracker_scene4,70,old
8994,21.44975447654724,0.19091020757888771,CVPF,cracker_scene4,70,old
8995,21.452317237854004,0.19106119986751374,CVPF,cracker_scene4,70,old
8996,21.45475697517395,0.19106119986751374,CVPF,cracker_scene4,70,old
8997,21.457087993621826,0.19106119986751374,CVPF,cracker_scene4,70,old
8998,21.45960783958435,0.1929516368256189,CVPF,cracker_scene4,70,old
8999,21.462235927581787,0.1929516368256189,CVPF,cracker_scene4,70,old
9000,21.46488094329834,0.1929516368256189,CVPF,cracker_scene4,70,old
9001,21.467362880706787,0.1907987903176336,CVPF,cracker_scene4,70,old
9002,21.4699227809906,0.1907987903176336,CVPF,cracker_scene4,70,old
9003,21.472347259521484,0.1907987903176336,CVPF,cracker_scene4,70,old
9004,21.474687576293945,0.1907987903176336,CVPF,cracker_scene4,70,old
9005,21.477293014526367,0.1907053574892593,CVPF,cracker_scene4,70,old
9006,21.479774951934814,0.1907053574892593,CVPF,cracker_scene4,70,old
9007,21.481995820999146,0.1907053574892593,CVPF,cracker_scene4,70,old
9008,21.48450493812561,0.19078794405018748,CVPF,cracker_scene4,70,old
9009,21.487263679504395,0.19078794405018748,CVPF,cracker_scene4,70,old
9010,21.489638566970825,0.19078794405018748,CVPF,cracker_scene4,70,old
9011,21.492037534713745,0.19071467574119466,CVPF,cracker_scene4,70,old
9012,21.49471378326416,0.19071467574119466,CVPF,cracker_scene4,70,old
9013,21.497124910354614,0.19071467574119466,CVPF,cracker_scene4,70,old
9014,21.499454259872437,0.19071467574119466,CVPF,cracker_scene4,70,old
9015,21.502221822738647,0.19288717052129445,CVPF,cracker_scene4,70,old
9016,21.505001544952393,0.19288717052129445,CVPF,cracker_scene4,70,old
9017,21.507472038269043,0.19288717052129445,CVPF,cracker_scene4,70,old
9018,21.50997567176819,0.19068168507097844,CVPF,cracker_scene4,70,old
9019,21.5122172832489,0.19068168507097844,CVPF,cracker_scene4,70,old
9020,21.514545917510986,0.19068168507097844,CVPF,cracker_scene4,70,old
9021,21.51705765724182,0.19075176108960507,CVPF,cracker_scene4,70,old
9022,21.519497632980347,0.19080140985898905,CVPF,cracker_scene4,70,old
9023,21.521721363067627,0.19080140985898905,CVPF,cracker_scene4,70,old
9024,21.523998022079468,0.19080140985898905,CVPF,cracker_scene4,70,old
9025,21.526562213897705,0.19088493430896697,CVPF,cracker_scene4,70,old
9026,21.528868436813354,0.19088493430896697,CVPF,cracker_scene4,70,old
9027,21.53119707107544,0.19088493430896697,CVPF,cracker_scene4,70,old
9028,21.53358292579651,0.190862410145523,CVPF,cracker_scene4,70,old
9029,21.536523580551147,0.190862410145523,CVPF,cracker_scene4,70,old
9030,21.538962364196777,0.190862410145523,CVPF,cracker_scene4,70,old
9031,21.54131579399109,0.190862410145523,CVPF,cracker_scene4,70,old
9032,21.54400396347046,0.19091072034826526,CVPF,cracker_scene4,70,old
9033,21.546921968460083,0.19091072034826526,CVPF,cracker_scene4,70,old
9034,21.549365043640137,0.19091072034826526,CVPF,cracker_scene4,70,old
9035,21.551921606063843,0.1910113573396046,CVPF,cracker_scene4,70,old
9036,21.554425477981567,0.1910113573396046,CVPF,cracker_scene4,70,old
9037,21.556752920150757,0.1910113573396046,CVPF,cracker_scene4,70,old
9038,21.55923557281494,0.19086536940953486,CVPF,cracker_scene4,70,old
9039,21.56177830696106,0.19086536940953486,CVPF,cracker_scene4,70,old
9040,21.56412982940674,0.19086536940953486,CVPF,cracker_scene4,70,old
9041,21.566443920135498,0.19086536940953486,CVPF,cracker_scene4,70,old
9042,21.56960105895996,0.19490329473590612,CVPF,cracker_scene4,70,old
9043,21.572125911712646,0.19490329473590612,CVPF,cracker_scene4,70,old
9044,21.574395179748535,0.19490329473590612,CVPF,cracker_scene4,70,old
9045,21.5770001411438,0.1949172980929728,CVPF,cracker_scene4,70,old
9046,21.579537868499756,0.1949172980929728,CVPF,cracker_scene4,70,old
9047,21.58176302909851,0.1949172980929728,CVPF,cracker_scene4,70,old
9048,21.584129095077515,0.19506665376156243,CVPF,cracker_scene4,70,old
9049,21.586588144302368,0.19506665376156243,CVPF,cracker_scene4,70,old
9050,21.58894634246826,0.19506665376156243,CVPF,cracker_scene4,70,old
9051,21.59132671356201,0.19506665376156243,CVPF,cracker_scene4,70,old
9052,21.593955993652344,0.19488081866382767,CVPF,cracker_scene4,70,old
9053,21.59671187400818,0.19488081866382767,CVPF,cracker_scene4,70,old
9054,21.598986387252808,0.19488081866382767,CVPF,cracker_scene4,70,old
9055,21.601505517959595,0.19475966060047573,CVPF,cracker_scene4,70,old
9056,21.604104042053223,0.19475966060047573,CVPF,cracker_scene4,70,old
9057,21.606428861618042,0.19475966060047573,CVPF,cracker_scene4,70,old
9058,21.60873532295227,0.19493820684462557,CVPF,cracker_scene4,70,old
9059,21.61135983467102,0.19493820684462557,CVPF,cracker_scene4,70,old
9060,21.61383557319641,0.19493820684462557,CVPF,cracker_scene4,70,old
9061,21.616440296173096,0.19649559772759675,CVPF,cracker_scene4,70,old
9062,21.618919134140015,0.19654486534896293,CVPF,cracker_scene4,70,old
9063,21.621292114257812,0.19654486534896293,CVPF,cracker_scene4,70,old
9064,21.623525857925415,0.19654486534896293,CVPF,cracker_scene4,70,old
9065,21.626091241836548,0.19494695671781234,CVPF,cracker_scene4,70,old
9066,21.628577947616577,0.19494695671781234,CVPF,cracker_scene4,70,old
9067,21.630859851837158,0.19494695671781234,CVPF,cracker_scene4,70,old
9068,21.633143186569214,0.1949849749033931,CVPF,cracker_scene4,70,old
9069,21.635674238204956,0.19486342416529764,CVPF,cracker_scene4,70,old
9070,21.638147354125977,0.19486342416529764,CVPF,cracker_scene4,70,old
9071,21.640382528305054,0.19486342416529764,CVPF,cracker_scene4,70,old
9072,21.642834901809692,0.19484127310382648,CVPF,cracker_scene4,70,old
9073,21.64548897743225,0.19484127310382648,CVPF,cracker_scene4,70,old
9074,21.64773416519165,0.19484127310382648,CVPF,cracker_scene4,70,old
9075,21.65015482902527,0.1949108150609034,CVPF,cracker_scene4,70,old
9076,21.652830839157104,0.1949108150609034,CVPF,cracker_scene4,70,old
9077,21.655319213867188,0.1949108150609034,CVPF,cracker_scene4,70,old
9078,21.657658100128174,0.1949108150609034,CVPF,cracker_scene4,70,old
9079,21.660351991653442,0.19494719349572068,CVPF,cracker_scene4,70,old
9080,21.66297149658203,0.19494719349572068,CVPF,cracker_scene4,70,old
9081,21.665266275405884,0.19494719349572068,CVPF,cracker_scene4,70,old
9082,21.667922496795654,0.1963643222101382,CVPF,cracker_scene4,70,old
9083,21.670665979385376,0.1963643222101382,CVPF,cracker_scene4,70,old
9084,21.672930240631104,0.1963643222101382,CVPF,cracker_scene4,70,old
9085,21.6752986907959,0.19480884787609756,CVPF,cracker_scene4,70,old
9086,21.678051471710205,0.19491310056971187,CVPF,cracker_scene4,70,old
9087,21.68072819709778,0.19491310056971187,CVPF,cracker_scene4,70,old
9088,21.68313956260681,0.1949389099358484,CVPF,cracker_scene4,70,old
9089,21.68561816215515,0.19496161504267842,CVPF,cracker_scene4,70,old
9090,21.6881160736084,0.19496161504267842,CVPF,cracker_scene4,70,old
9091,21.69044065475464,0.19496161504267842,CVPF,cracker_scene4,70,old
9092,21.693044900894165,0.19495439324046446,CVPF,cracker_scene4,70,old
9093,21.695598125457764,0.19495439324046446,CVPF,cracker_scene4,70,old
9094,21.697923183441162,0.19495439324046446,CVPF,cracker_scene4,70,old
9095,21.700348138809204,0.19487892408834107,CVPF,cracker_scene4,70,old
9096,21.702788829803467,0.19487344013279054,CVPF,cracker_scene4,70,old
9097,21.705456256866455,0.19487344013279054,CVPF,cracker_scene4,70,old
9098,21.70785117149353,0.19487344013279054,CVPF,cracker_scene4,70,old
9099,21.71037220954895,0.19493665429167528,CVPF,cracker_scene4,70,old
9100,21.7127468585968,0.19493665429167528,CVPF,cracker_scene4,70,old
9101,21.714996576309204,0.19493665429167528,CVPF,cracker_scene4,70,old
9102,21.71743893623352,0.19681621749933084,CVPF,cracker_scene4,70,old
9103,21.719766855239868,0.19681621749933084,CVPF,cracker_scene4,70,old
9104,21.721972465515137,0.19681621749933084,CVPF,cracker_scene4,70,old
9105,21.72427272796631,0.19681621749933084,CVPF,cracker_scene4,70,old
9106,21.727911472320557,0.19511825985728484,CVPF,cracker_scene4,70,old
9107,21.730237245559692,0.1988278697225134,CVPF,cracker_scene4,70,old
9108,21.732959032058716,0.1988278697225134,CVPF,cracker_scene4,70,old
9109,21.73564124107361,0.19862714651909416,CVPF,cracker_scene4,70,old
9110,21.738457441329956,0.19862714651909416,CVPF,cracker_scene4,70,old
9111,21.740734338760376,0.19862714651909416,CVPF,cracker_scene4,70,old
9112,21.74322533607483,0.2005083263621562,CVPF,cracker_scene4,70,old
9113,21.745763063430786,0.2005083263621562,CVPF,cracker_scene4,70,old
9114,21.748114585876465,0.2005083263621562,CVPF,cracker_scene4,70,old
9115,21.75065851211548,0.19859048168978688,CVPF,cracker_scene4,70,old
9116,21.75345730781555,0.19859048168978688,CVPF,cracker_scene4,70,old
9117,21.755797863006592,0.19859048168978688,CVPF,cracker_scene4,70,old
9118,21.758151292800903,0.19859048168978688,CVPF,cracker_scene4,70,old
9119,21.76061987876892,0.19871444362896984,CVPF,cracker_scene4,70,old
9120,21.763062715530396,0.19871444362896984,CVPF,cracker_scene4,70,old
9121,21.76527738571167,0.19871444362896984,CVPF,cracker_scene4,70,old
9122,21.76764702796936,0.19867129782860832,CVPF,cracker_scene4,70,old
9123,21.77008843421936,0.19867129782860832,CVPF,cracker_scene4,70,old
9124,21.772518634796143,0.19867129782860832,CVPF,cracker_scene4,70,old
9125,21.774746417999268,0.19867129782860832,CVPF,cracker_scene4,70,old
9126,21.777331829071045,0.19871078135419434,CVPF,cracker_scene4,70,old
9127,21.77954626083374,0.19867774826321216,CVPF,cracker_scene4,70,old
9128,21.78182315826416,0.19867774826321216,CVPF,cracker_scene4,70,old
9129,21.78431224822998,0.19867774826321216,CVPF,cracker_scene4,70,old
9130,21.786915063858032,0.1986081932912852,CVPF,cracker_scene4,70,old
9131,21.7892062664032,0.1986081932912852,CVPF,cracker_scene4,70,old
9132,21.791590213775635,0.19874012441157612,CVPF,cracker_scene4,70,old
9133,21.79418444633484,0.19874012441157612,CVPF,cracker_scene4,70,old
9134,21.796650648117065,0.19874012441157612,CVPF,cracker_scene4,70,old
9135,21.79899001121521,0.19890518568689958,CVPF,cracker_scene4,70,old
9136,21.80140256881714,0.19890518568689958,CVPF,cracker_scene4,70,old
9137,21.803871870040894,0.19890518568689958,CVPF,cracker_scene4,70,old
9138,21.806293725967407,0.19890518568689958,CVPF,cracker_scene4,70,old
9139,21.808963537216187,0.19876481043680308,CVPF,cracker_scene4,70,old
9140,21.811437368392944,0.19876481043680308,CVPF,cracker_scene4,70,old
9141,21.813641786575317,0.19876481043680308,CVPF,cracker_scene4,70,old
9142,21.816194772720337,0.19876481043680308,CVPF,cracker_scene4,70,old
9143,21.818824291229248,0.19876481043680308,CVPF,cracker_scene4,70,old
9144,21.82101345062256,0.19876481043680308,CVPF,cracker_scene4,70,old
9145,21.82367777824402,0.1986752189899999,CVPF,cracker_scene4,70,old
9146,21.826159715652466,0.1986752189899999,CVPF,cracker_scene4,70,old
9147,21.82842516899109,0.1986752189899999,CVPF,cracker_scene4,70,old
9148,21.830942630767822,0.19872051828602166,CVPF,cracker_scene4,70,old
9149,21.833410024642944,0.19868129267522916,CVPF,cracker_scene4,70,old
9150,21.835766315460205,0.19868129267522916,CVPF,cracker_scene4,70,old
9151,21.838175296783447,0.19868129267522916,CVPF,cracker_scene4,70,old
9152,21.84085774421692,0.1986932827171046,CVPF,cracker_scene4,70,old
9153,21.84337067604065,0.1986932827171046,CVPF,cracker_scene4,70,old
9154,21.845668077468872,0.1986932827171046,CVPF,cracker_scene4,70,old
9155,21.848299980163574,0.19879372869479886,CVPF,cracker_scene4,70,old
9156,21.85088324546814,0.19879372869479886,CVPF,cracker_scene4,70,old
9157,21.853382349014282,0.19879372869479886,CVPF,cracker_scene4,70,old
9158,21.8558611869812,0.19879372869479886,CVPF,cracker_scene4,70,old
9159,21.858415842056274,0.19878366261275138,CVPF,cracker_scene4,70,old
9160,21.860885858535767,0.19872666627626073,CVPF,cracker_scene4,70,old
9161,21.863548278808594,0.19872666627626073,CVPF,cracker_scene4,70,old
9162,21.86608910560608,0.19872666627626073,CVPF,cracker_scene4,70,old
9163,21.86836528778076,0.19872666627626073,CVPF,cracker_scene4,70,old
9164,21.87094783782959,0.19887020832195976,CVPF,cracker_scene4,70,old
9165,21.873542547225952,0.1988590846984714,CVPF,cracker_scene4,70,old
9166,21.87590718269348,0.1988590846984714,CVPF,cracker_scene4,70,old
9167,21.878443002700806,0.1988590846984714,CVPF,cracker_scene4,70,old
9168,21.880749225616455,0.1988590846984714,CVPF,cracker_scene4,70,old
9169,21.883206129074097,0.1986502662055338,CVPF,cracker_scene4,70,old
9170,21.88574719429016,0.1986502662055338,CVPF,cracker_scene4,70,old
9171,21.90198254585266,0.19659149820838337,CVPF,cracker_scene4,70,old
9172,21.904576301574707,0.19659149820838337,CVPF,cracker_scene4,70,old
9173,21.90735960006714,0.19541955722358612,CVPF,cracker_scene4,70,old
9174,21.909881830215454,0.19541955722358612,CVPF,cracker_scene4,70,old
9175,21.912297248840332,0.19561328672111153,CVPF,cracker_scene4,70,old
9176,21.91486620903015,0.19561328672111153,CVPF,cracker_scene4,70,old
9177,21.917518138885498,0.1956108841986624,CVPF,cracker_scene4,70,old
9178,21.92005705833435,0.1952877388511056,CVPF,cracker_scene4,70,old
9179,21.922418117523193,0.1952877388511056,CVPF,cracker_scene4,70,old
9180,21.924866199493408,0.19554867777388027,CVPF,cracker_scene4,70,old
9181,21.92727756500244,0.19554867777388027,CVPF,cracker_scene4,70,old
9182,21.92979621887207,0.19537310035343505,CVPF,cracker_scene4,70,old
9183,21.93237590789795,0.19537310035343505,CVPF,cracker_scene4,70,old
9184,21.934774160385132,0.1969656916901924,CVPF,cracker_scene4,70,old
9185,21.93730878829956,0.1969656916901924,CVPF,cracker_scene4,70,old
9186,21.939721822738647,0.1969656916901924,CVPF,cracker_scene4,70,old
9187,21.94204807281494,0.1971142655245815,CVPF,cracker_scene4,70,old
9188,21.944507122039795,0.1971142655245815,CVPF,cracker_scene4,70,old
9189,21.946871757507324,0.1971142655245815,CVPF,cracker_scene4,70,old
9190,21.94913959503174,0.1971142655245815,CVPF,cracker_scene4,70,old
9191,21.951659202575684,0.19562923755587341,CVPF,cracker_scene4,70,old
9192,21.95413589477539,0.19562923755587341,CVPF,cracker_scene4,70,old
9193,21.95641803741455,0.19562923755587341,CVPF,cracker_scene4,70,old
9194,21.958963632583618,0.1954720681944994,CVPF,cracker_scene4,70,old
9195,21.961446285247803,0.1954720681944994,CVPF,cracker_scene4,70,old
9196,21.96380114555359,0.1954720681944994,CVPF,cracker_scene4,70,old
9197,21.96604585647583,0.1954720681944994,CVPF,cracker_scene4,70,old
9198,21.96854567527771,0.19534692591400327,CVPF,cracker_scene4,70,old
9199,21.9711971282959,0.19534692591400327,CVPF,cracker_scene4,70,old
9200,21.97345995903015,0.19534692591400327,CVPF,cracker_scene4,70,old
9201,21.976060152053833,0.19704620370887566,CVPF,cracker_scene4,70,old
9202,21.978596210479736,0.19704620370887566,CVPF,cracker_scene4,70,old
9203,21.98085331916809,0.19704620370887566,CVPF,cracker_scene4,70,old
9204,21.98309350013733,0.19704620370887566,CVPF,cracker_scene4,70,old
9205,21.985780000686646,0.19571818334178578,CVPF,cracker_scene4,70,old
9206,21.988418340682983,0.19571818334178578,CVPF,cracker_scene4,70,old
9207,21.99073028564453,0.19571818334178578,CVPF,cracker_scene4,70,old
9208,21.993277549743652,0.1956035871563331,CVPF,cracker_scene4,70,old
9209,21.995829105377197,0.1956035871563331,CVPF,cracker_scene4,70,old
9210,21.99828004837036,0.1956035871563331,CVPF,cracker_scene4,70,old
9211,22.000738382339478,0.1970206835803953,CVPF,cracker_scene4,70,old
9212,22.003324031829834,0.1970206835803953,CVPF,cracker_scene4,70,old
9213,22.005643367767334,0.1970206835803953,CVPF,cracker_scene4,70,old
9214,22.00790548324585,0.1970206835803953,CVPF,cracker_scene4,70,old
9215,22.010301113128662,0.19562686811300742,CVPF,cracker_scene4,70,old
9216,22.012861490249634,0.19562686811300742,CVPF,cracker_scene4,70,old
9217,22.015305519104004,0.19562686811300742,CVPF,cracker_scene4,70,old
9218,22.017763137817383,0.195627083460646,CVPF,cracker_scene4,70,old
9219,22.020319938659668,0.195627083460646,CVPF,cracker_scene4,70,old
9220,22.022692441940308,0.195627083460646,CVPF,cracker_scene4,70,old
9221,22.02503514289856,0.195627083460646,CVPF,cracker_scene4,70,old
9222,22.027491569519043,0.19556496230407916,CVPF,cracker_scene4,70,old
9223,22.030020236968994,0.19556496230407916,CVPF,cracker_scene4,70,old
9224,22.032386302947998,0.19556496230407916,CVPF,cracker_scene4,70,old
9225,22.034943103790283,0.19563417659630092,CVPF,cracker_scene4,70,old
9226,22.03746247291565,0.19563417659630092,CVPF,cracker_scene4,70,old
9227,22.04060959815979,0.19493306550402997,CVPF,cracker_scene4,70,old
9228,22.043044805526733,0.19466862681184255,CVPF,cracker_scene4,70,old
9229,22.045684337615967,0.19466862681184255,CVPF,cracker_scene4,70,old
9230,22.047977924346924,0.19466862681184255,CVPF,cracker_scene4,70,old
9231,22.050235748291016,0.19466862681184255,CVPF,cracker_scene4,70,old
9232,22.05281710624695,0.1948780642098287,CVPF,cracker_scene4,70,old
9233,22.05540657043457,0.1948780642098287,CVPF,cracker_scene4,70,old
9234,22.05774974822998,0.1948780642098287,CVPF,cracker_scene4,70,old
9235,22.060344696044922,0.19499397771959412,CVPF,cracker_scene4,70,old
9236,22.063270568847656,0.19499397771959412,CVPF,cracker_scene4,70,old
9237,22.065743446350098,0.19499397771959412,CVPF,cracker_scene4,70,old
9238,22.068329572677612,0.1946183199010515,CVPF,cracker_scene4,70,old
9239,22.071029663085938,0.1946183199010515,CVPF,cracker_scene4,70,old
9240,22.07331919670105,0.1946183199010515,CVPF,cracker_scene4,70,old
9241,22.075625896453857,0.19480197897005838,CVPF,cracker_scene4,70,old
9242,22.078186988830566,0.19480197897005838,CVPF,cracker_scene4,70,old
9243,22.080699682235718,0.19480197897005838,CVPF,cracker_scene4,70,old
9244,22.083084106445312,0.19482857847364468,CVPF,cracker_scene4,70,old
9245,22.085566997528076,0.19497869727928926,CVPF,cracker_scene4,70,old
9246,22.088112354278564,0.19497869727928926,CVPF,cracker_scene4,70,old
9247,22.090473651885986,0.19497869727928926,CVPF,cracker_scene4,70,old
9248,22.092982053756714,0.19681284716365446,CVPF,cracker_scene4,70,old
9249,22.095590591430664,0.19681284716365446,CVPF,cracker_scene4,70,old
9250,22.097939491271973,0.19681284716365446,CVPF,cracker_scene4,70,old
9251,22.100508213043213,0.19483089524060382,CVPF,cracker_scene4,70,old
9252,22.10315227508545,0.19483089524060382,CVPF,cracker_scene4,70,old
9253,22.10580015182495,0.19483089524060382,CVPF,cracker_scene4,70,old
9254,22.108166933059692,0.19483089524060382,CVPF,cracker_scene4,70,old
9255,22.110620975494385,0.1948410184366337,CVPF,cracker_scene4,70,old
9256,22.112913608551025,0.1948410184366337,CVPF,cracker_scene4,70,old
9257,22.11514449119568,0.1948410184366337,CVPF,cracker_scene4,70,old
9258,22.117643356323242,0.19630935068676741,CVPF,cracker_scene4,70,old
9259,22.11996030807495,0.19630935068676741,CVPF,cracker_scene4,70,old
9260,22.122175693511963,0.19630935068676741,CVPF,cracker_scene4,70,old
9261,22.12442421913147,0.19630935068676741,CVPF,cracker_scene4,70,old
9262,22.12688446044922,0.19659060241349,CVPF,cracker_scene4,70,old
9263,22.129114151000977,0.19659060241349,CVPF,cracker_scene4,70,old
9264,22.131336212158203,0.19659060241349,CVPF,cracker_scene4,70,old
9265,22.133983850479126,0.19488957258002107,CVPF,cracker_scene4,70,old
9266,22.136968851089478,0.19488957258002107,CVPF,cracker_scene4,70,old
9267,22.13948893547058,0.19488957258002107,CVPF,cracker_scene4,70,old
9268,22.141714572906494,0.19488957258002107,CVPF,cracker_scene4,70,old
9269,22.144338369369507,0.19482281635441248,CVPF,cracker_scene4,70,old
9270,22.147016286849976,0.19482281635441248,CVPF,cracker_scene4,70,old
9271,22.1493022441864,0.19482281635441248,CVPF,cracker_scene4,70,old
9272,22.151950120925903,0.19621298646078464,CVPF,cracker_scene4,70,old
9273,22.154624223709106,0.19621298646078464,CVPF,cracker_scene4,70,old
9274,22.156924962997437,0.19621298646078464,CVPF,cracker_scene4,70,old
9275,22.159297943115234,0.19690967652099092,CVPF,cracker_scene4,70,old
9276,22.1618173122406,0.19690967652099092,CVPF,cracker_scene4,70,old
9277,22.164259910583496,0.19690967652099092,CVPF,cracker_scene4,70,old
9278,22.166776418685913,0.19463738616196666,CVPF,cracker_scene4,70,old
9279,22.16940712928772,0.19463738616196666,CVPF,cracker_scene4,70,old
9280,22.17197871208191,0.19463738616196666,CVPF,cracker_scene4,70,old
9281,22.174272298812866,0.19463738616196666,CVPF,cracker_scene4,70,old
9282,22.176726818084717,0.19463738616196666,CVPF,cracker_scene4,70,old
9283,22.179171562194824,0.19463738616196666,CVPF,cracker_scene4,70,old
9284,22.181848526000977,0.19463738616196666,CVPF,cracker_scene4,70,old
9285,22.184388637542725,0.1946970161360032,CVPF,cracker_scene4,70,old
9286,22.186931133270264,0.1946970161360032,CVPF,cracker_scene4,70,old
9287,22.189268589019775,0.1946970161360032,CVPF,cracker_scene4,70,old
9288,22.191798210144043,0.1946970161360032,CVPF,cracker_scene4,70,old
9289,22.19450044631958,0.19492146058878101,CVPF,cracker_scene4,70,old
9290,22.197157621383667,0.19492146058878101,CVPF,cracker_scene4,70,old
9291,22.20084857940674,0.19970638245034894,CVPF,cracker_scene4,70,old
9292,22.204077005386353,0.19947397735843878,CVPF,cracker_scene4,70,old
9293,22.20714235305786,0.19947397735843878,CVPF,cracker_scene4,70,old
9294,22.21038317680359,0.19947397735843878,CVPF,cracker_scene4,70,old
9295,22.21353769302368,0.2011826133929526,CVPF,cracker_scene4,70,old
9296,22.21679663658142,0.2011826133929526,CVPF,cracker_scene4,70,old
9297,22.219722032546997,0.2011826133929526,CVPF,cracker_scene4,70,old
9298,22.22208309173584,0.2011826133929526,CVPF,cracker_scene4,70,old
9299,22.224363803863525,0.2011826133929526,CVPF,cracker_scene4,70,old
9300,22.226781129837036,0.19955672899350738,CVPF,cracker_scene4,70,old
9301,22.22929811477661,0.19955672899350738,CVPF,cracker_scene4,70,old
9302,22.23171639442444,0.19955672899350738,CVPF,cracker_scene4,70,old
9303,22.233988046646118,0.19955672899350738,CVPF,cracker_scene4,70,old
9304,22.236565351486206,0.19957116565527327,CVPF,cracker_scene4,70,old
9305,22.239092350006104,0.19957116565527327,CVPF,cracker_scene4,70,old
9306,22.241366386413574,0.19957116565527327,CVPF,cracker_scene4,70,old
9307,22.243773460388184,0.20165923892182722,CVPF,cracker_scene4,70,old
9308,22.246233463287354,0.20165923892182722,CVPF,cracker_scene4,70,old
9309,22.24855375289917,0.20165923892182722,CVPF,cracker_scene4,70,old
9310,22.250925540924072,0.20165923892182722,CVPF,cracker_scene4,70,old
9311,22.253544092178345,0.1995574351542134,CVPF,cracker_scene4,70,old
9312,22.255986213684082,0.1995574351542134,CVPF,cracker_scene4,70,old
9313,22.25831413269043,0.1995574351542134,CVPF,cracker_scene4,70,old
9314,22.261009693145752,0.1995574351542134,CVPF,cracker_scene4,70,old
9315,22.26355242729187,0.19955828165111608,CVPF,cracker_scene4,70,old
9316,22.2659113407135,0.19955828165111608,CVPF,cracker_scene4,70,old
9317,22.26843547821045,0.19955828165111608,CVPF,cracker_scene4,70,old
9318,22.271129846572876,0.19955828165111608,CVPF,cracker_scene4,70,old
9319,22.27336835861206,0.19955828165111608,CVPF,cracker_scene4,70,old
9320,22.275819540023804,0.19955828165111608,CVPF,cracker_scene4,70,old
9321,22.278441429138184,0.19961456286676357,CVPF,cracker_scene4,70,old
9322,22.280927658081055,0.19961456286676357,CVPF,cracker_scene4,70,old
9323,22.283337354660034,0.19961456286676357,CVPF,cracker_scene4,70,old
9324,22.285802125930786,0.19961456286676357,CVPF,cracker_scene4,70,old
9325,22.288129091262817,0.19961456286676357,CVPF,cracker_scene4,70,old
9326,22.290586709976196,0.19960565414100176,CVPF,cracker_scene4,70,old
9327,22.293219566345215,0.19951496535341953,CVPF,cracker_scene4,70,old
9328,22.29591727256775,0.19951496535341953,CVPF,cracker_scene4,70,old
9329,22.298261404037476,0.19951496535341953,CVPF,cracker_scene4,70,old
9330,22.3005850315094,0.19951496535341953,CVPF,cracker_scene4,70,old
9331,22.302889823913574,0.19951987527648232,CVPF,cracker_scene4,70,old
9332,22.30608606338501,0.1995744908033927,CVPF,cracker_scene4,70,old
9333,22.308779001235962,0.1995744908033927,CVPF,cracker_scene4,70,old
9334,22.311343669891357,0.19953315232974533,CVPF,cracker_scene4,70,old
9335,22.31370997428894,0.19953315232974533,CVPF,cracker_scene4,70,old
9336,22.31608247756958,0.19958305434387955,CVPF,cracker_scene4,70,old
9337,22.3184974193573,0.19958305434387955,CVPF,cracker_scene4,70,old
9338,22.32098388671875,0.19942443763427356,CVPF,cracker_scene4,70,old
9339,22.323617696762085,0.19942443763427356,CVPF,cracker_scene4,70,old
9340,22.326159954071045,0.19939017619112923,CVPF,cracker_scene4,70,old
9341,22.32871103286743,0.19939017619112923,CVPF,cracker_scene4,70,old
9342,22.33128547668457,0.19976619703927453,CVPF,cracker_scene4,70,old
9343,22.333767890930176,0.19976619703927453,CVPF,cracker_scene4,70,old
9344,22.336347103118896,0.19953588152634266,CVPF,cracker_scene4,70,old
9345,22.339155197143555,0.19946750694757742,CVPF,cracker_scene4,70,old
9346,22.341747045516968,0.19946750694757742,CVPF,cracker_scene4,70,old
9347,22.344417333602905,0.19953532167613203,CVPF,cracker_scene4,70,old
9348,22.346892833709717,0.19953532167613203,CVPF,cracker_scene4,70,old
9349,22.349339962005615,0.19941333319732368,CVPF,cracker_scene4,70,old
9350,22.35198736190796,0.19941333319732368,CVPF,cracker_scene4,70,old
9351,22.354568243026733,0.19953243253428288,CVPF,cracker_scene4,70,old
9352,22.357027053833008,0.19953243253428288,CVPF,cracker_scene4,70,old
9353,22.36022663116455,0.20054873975953816,CVPF,cracker_scene4,70,old
9354,22.362749576568604,0.20054873975953816,CVPF,cracker_scene4,70,old
9355,22.365002155303955,0.20054873975953816,CVPF,cracker_scene4,70,old
9356,22.367425680160522,0.20064790976027877,CVPF,cracker_scene4,70,old
9357,22.36988663673401,0.20064790976027877,CVPF,cracker_scene4,70,old
9358,22.3724148273468,0.20064790976027877,CVPF,cracker_scene4,70,old
9359,22.37467646598816,0.20064790976027877,CVPF,cracker_scene4,70,old
9360,22.377127408981323,0.2006525665458359,CVPF,cracker_scene4,70,old
9361,22.37957191467285,0.2006525665458359,CVPF,cracker_scene4,70,old
9362,22.381818294525146,0.2006525665458359,CVPF,cracker_scene4,70,old
9363,22.38423466682434,0.2006525665458359,CVPF,cracker_scene4,70,old
9364,22.386807441711426,0.20064810825845913,CVPF,cracker_scene4,70,old
9365,22.389119863510132,0.20064810825845913,CVPF,cracker_scene4,70,old
9366,22.39144468307495,0.20064810825845913,CVPF,cracker_scene4,70,old
9367,22.393975496292114,0.20073229732882056,CVPF,cracker_scene4,70,old
9368,22.396555423736572,0.20073229732882056,CVPF,cracker_scene4,70,old
9369,22.398818254470825,0.20073229732882056,CVPF,cracker_scene4,70,old
9370,22.401246070861816,0.20212540954854322,CVPF,cracker_scene4,70,old
9371,22.403656244277954,0.20212540954854322,CVPF,cracker_scene4,70,old
9372,22.405991077423096,0.20212540954854322,CVPF,cracker_scene4,70,old
9373,22.40850830078125,0.20049908938311936,CVPF,cracker_scene4,70,old
9374,22.411035537719727,0.20073767181495178,CVPF,cracker_scene4,70,old
9375,22.413352251052856,0.20073767181495178,CVPF,cracker_scene4,70,old
9376,22.415645360946655,0.20073767181495178,CVPF,cracker_scene4,70,old
9377,22.418116331100464,0.20058578386127185,CVPF,cracker_scene4,70,old
9378,22.420642137527466,0.20058578386127185,CVPF,cracker_scene4,70,old
9379,22.422877550125122,0.20058578386127185,CVPF,cracker_scene4,70,old
9380,22.42514157295227,0.20058578386127185,CVPF,cracker_scene4,70,old
9381,22.427671670913696,0.20044801009789703,CVPF,cracker_scene4,70,old
9382,22.430187702178955,0.20044801009789703,CVPF,cracker_scene4,70,old
9383,22.432544708251953,0.20044801009789703,CVPF,cracker_scene4,70,old
9384,22.43496298789978,0.2022241452013585,CVPF,cracker_scene4,70,old
9385,22.437530755996704,0.2022241452013585,CVPF,cracker_scene4,70,old
9386,22.439889907836914,0.2022241452013585,CVPF,cracker_scene4,70,old
9387,22.442437410354614,0.20066137107916343,CVPF,cracker_scene4,70,old
9388,22.445014715194702,0.20066137107916343,CVPF,cracker_scene4,70,old
9389,22.4473557472229,0.20066137107916343,CVPF,cracker_scene4,70,old
9390,22.44963765144348,0.20066137107916343,CVPF,cracker_scene4,70,old
9391,22.452368021011353,0.2004772605352181,CVPF,cracker_scene4,70,old
9392,22.454793453216553,0.2004772605352181,CVPF,cracker_scene4,70,old
9393,22.4571270942688,0.2004772605352181,CVPF,cracker_scene4,70,old
9394,22.459925651550293,0.20061545724634397,CVPF,cracker_scene4,70,old
9395,22.462604761123657,0.20061545724634397,CVPF,cracker_scene4,70,old
9396,22.465043306350708,0.20061545724634397,CVPF,cracker_scene4,70,old
9397,22.467408180236816,0.20054177249873678,CVPF,cracker_scene4,70,old
9398,22.469964265823364,0.20054096749935377,CVPF,cracker_scene4,70,old
9399,22.47249674797058,0.20054096749935377,CVPF,cracker_scene4,70,old
9400,22.474875926971436,0.20054096749935377,CVPF,cracker_scene4,70,old
9401,22.477468729019165,0.20067564521357079,CVPF,cracker_scene4,70,old
9402,22.479943990707397,0.20067564521357079,CVPF,cracker_scene4,70,old
9403,22.482320308685303,0.20067564521357079,CVPF,cracker_scene4,70,old
9404,22.484957933425903,0.2006548925245812,CVPF,cracker_scene4,70,old
9405,22.487577438354492,0.2006548925245812,CVPF,cracker_scene4,70,old
9406,22.490073680877686,0.2006548925245812,CVPF,cracker_scene4,70,old
9407,22.49265432357788,0.20052980624247946,CVPF,cracker_scene4,70,old
9408,22.495318174362183,0.20052980624247946,CVPF,cracker_scene4,70,old
9409,22.49772810935974,0.20052980624247946,CVPF,cracker_scene4,70,old
9410,22.50030255317688,0.20050527603636437,CVPF,cracker_scene4,70,old
9411,22.502912044525146,0.2005365498947871,CVPF,cracker_scene4,70,old
9412,22.50566530227661,0.2005365498947871,CVPF,cracker_scene4,70,old
9413,22.507955074310303,0.2005365498947871,CVPF,cracker_scene4,70,old
9414,22.51046371459961,0.2005167518220097,CVPF,cracker_scene4,70,old
9415,22.512762784957886,0.2005167518220097,CVPF,cracker_scene4,70,old
9416,22.514997243881226,0.2005167518220097,CVPF,cracker_scene4,70,old
9417,22.517359018325806,0.20045296382474417,CVPF,cracker_scene4,70,old
9418,22.519785404205322,0.2005289405628781,CVPF,cracker_scene4,70,old
9419,22.52304244041443,0.20364861090675657,CVPF,cracker_scene4,70,old
9420,22.525309085845947,0.20371032978969517,CVPF,cracker_scene4,70,old
9421,22.52763795852661,0.2035978066409987,CVPF,cracker_scene4,70,old
9422,22.530366897583008,0.2035978066409987,CVPF,cracker_scene4,70,old
9423,22.532721519470215,0.2035978066409987,CVPF,cracker_scene4,70,old
9424,22.535187482833862,0.20372384007778788,CVPF,cracker_scene4,70,old
9425,22.537815809249878,0.20372384007778788,CVPF,cracker_scene4,70,old
9426,22.540127277374268,0.20372384007778788,CVPF,cracker_scene4,70,old
9427,22.54252576828003,0.20349104186216405,CVPF,cracker_scene4,70,old
9428,22.54549789428711,0.20349104186216405,CVPF,cracker_scene4,70,old
9429,22.547948122024536,0.20349104186216405,CVPF,cracker_scene4,70,old
9430,22.550217390060425,0.20349104186216405,CVPF,cracker_scene4,70,old
9431,22.552704095840454,0.2035135520895235,CVPF,cracker_scene4,70,old
9432,22.555200576782227,0.2035135520895235,CVPF,cracker_scene4,70,old
9433,22.557448625564575,0.2035135520895235,CVPF,cracker_scene4,70,old
9434,22.559812784194946,0.20363698146170783,CVPF,cracker_scene4,70,old
9435,22.562508821487427,0.20363698146170783,CVPF,cracker_scene4,70,old
9436,22.564886569976807,0.20363698146170783,CVPF,cracker_scene4,70,old
9437,22.567195892333984,0.20366054547971224,CVPF,cracker_scene4,70,old
9438,22.569762706756592,0.20366054547971224,CVPF,cracker_scene4,70,old
9439,22.5723876953125,0.20366054547971224,CVPF,cracker_scene4,70,old
9440,22.574615478515625,0.20366054547971224,CVPF,cracker_scene4,70,old
9441,22.5772225856781,0.2058001673838561,CVPF,cracker_scene4,70,old
9442,22.579843044281006,0.2058001673838561,CVPF,cracker_scene4,70,old
9443,22.582086324691772,0.2058001673838561,CVPF,cracker_scene4,70,old
9444,22.58452844619751,0.2058389734054522,CVPF,cracker_scene4,70,old
9445,22.58724284172058,0.2058389734054522,CVPF,cracker_scene4,70,old
9446,22.58959650993347,0.2058389734054522,CVPF,cracker_scene4,70,old
9447,22.591939687728882,0.20377867877966516,CVPF,cracker_scene4,70,old
9448,22.594526767730713,0.20377867877966516,CVPF,cracker_scene4,70,old
9449,22.597063064575195,0.20377867877966516,CVPF,cracker_scene4,70,old
9450,22.599491834640503,0.20377867877966516,CVPF,cracker_scene4,70,old
9451,22.602102756500244,0.20379106501373379,CVPF,cracker_scene4,70,old
9452,22.60476565361023,0.20379106501373379,CVPF,cracker_scene4,70,old
9453,22.606998443603516,0.20379106501373379,CVPF,cracker_scene4,70,old
9454,22.609330892562866,0.2036935227724186,CVPF,cracker_scene4,70,old
9455,22.61209225654602,0.2036935227724186,CVPF,cracker_scene4,70,old
9456,22.61430311203003,0.2036935227724186,CVPF,cracker_scene4,70,old
9457,22.616525173187256,0.2036935227724186,CVPF,cracker_scene4,70,old
9458,22.61913299560547,0.20373463089762645,CVPF,cracker_scene4,70,old
9459,22.62169122695923,0.20373463089762645,CVPF,cracker_scene4,70,old
9460,22.624028205871582,0.20373463089762645,CVPF,cracker_scene4,70,old
9461,22.626444339752197,0.20360291998274693,CVPF,cracker_scene4,70,old
9462,22.629228353500366,0.20360291998274693,CVPF,cracker_scene4,70,old
9463,22.63166046142578,0.20360291998274693,CVPF,cracker_scene4,70,old
9464,22.63408660888672,0.20580137485615158,CVPF,cracker_scene4,70,old
9465,22.636515140533447,0.20580137485615158,CVPF,cracker_scene4,70,old
9466,22.63894748687744,0.20580137485615158,CVPF,cracker_scene4,70,old
9467,22.641367197036743,0.20580137485615158,CVPF,cracker_scene4,70,old
9468,22.643963098526,0.20585271646808057,CVPF,cracker_scene4,70,old
9469,22.646446228027344,0.20585271646808057,CVPF,cracker_scene4,70,old
9470,22.648797750473022,0.20585271646808057,CVPF,cracker_scene4,70,old
9471,22.651365756988525,0.20377033275342527,CVPF,cracker_scene4,70,old
9472,22.653990983963013,0.20377033275342527,CVPF,cracker_scene4,70,old
9473,22.656432628631592,0.20377033275342527,CVPF,cracker_scene4,70,old
9474,22.658878803253174,0.20375522844609417,CVPF,cracker_scene4,70,old
9475,22.661444664001465,0.2037121168391245,CVPF,cracker_scene4,70,old
9476,22.66393518447876,0.2037121168391245,CVPF,cracker_scene4,70,old
9477,22.666289806365967,0.2037121168391245,CVPF,cracker_scene4,70,old
9478,22.668928146362305,0.20502332984029437,CVPF,cracker_scene4,70,old
9479,22.671567678451538,0.20502332984029437,CVPF,cracker_scene4,70,old
9480,22.67394471168518,0.20502332984029437,CVPF,cracker_scene4,70,old
9481,22.67659091949463,0.2055553689988816,CVPF,cracker_scene4,70,old
9482,22.679213523864746,0.2055553689988816,CVPF,cracker_scene4,70,old
9483,22.68164372444153,0.2055553689988816,CVPF,cracker_scene4,70,old
9484,22.684308290481567,0.20321435609772553,CVPF,cracker_scene4,70,old
9485,22.687134742736816,0.20321435609772553,CVPF,cracker_scene4,70,old
9486,22.68961763381958,0.20321435609772553,CVPF,cracker_scene4,70,old
9487,22.69217014312744,0.20327433528785566,CVPF,cracker_scene4,70,old
9488,22.694831609725952,0.203277121294426,CVPF,cracker_scene4,70,old
9489,22.698177099227905,0.21891155691302622,CVPF,cracker_scene4,70,old
9490,22.70071244239807,0.22103433819837637,CVPF,cracker_scene4,70,old
9491,22.70325493812561,0.22103433819837637,CVPF,cracker_scene4,70,old
9492,22.705788612365723,0.22103433819837637,CVPF,cracker_scene4,70,old
9493,22.708134651184082,0.2210291973351577,CVPF,cracker_scene4,70,old
9494,22.71051025390625,0.22110435978291942,CVPF,cracker_scene4,70,old
9495,22.712867259979248,0.22110435978291942,CVPF,cracker_scene4,70,old
9496,22.715166568756104,0.22110435978291942,CVPF,cracker_scene4,70,old
9497,22.71760106086731,0.22094791884684817,CVPF,cracker_scene4,70,old
9498,22.719948530197144,0.22094791884684817,CVPF,cracker_scene4,70,old
9499,22.72227382659912,0.22094791884684817,CVPF,cracker_scene4,70,old
9500,22.72464895248413,0.22094791884684817,CVPF,cracker_scene4,70,old
9501,22.727077960968018,0.22067429950014628,CVPF,cracker_scene4,70,old
9502,22.729337692260742,0.22067429950014628,CVPF,cracker_scene4,70,old
9503,22.731738328933716,0.22067429950014628,CVPF,cracker_scene4,70,old
9504,22.734599113464355,0.22121417257987375,CVPF,cracker_scene4,70,old
9505,22.73721170425415,0.22121417257987375,CVPF,cracker_scene4,70,old
9506,22.739697456359863,0.22121417257987375,CVPF,cracker_scene4,70,old
9507,22.742307424545288,0.22123970909403834,CVPF,cracker_scene4,70,old
9508,22.745068311691284,0.22123970909403834,CVPF,cracker_scene4,70,old
9509,22.747591018676758,0.22123970909403834,CVPF,cracker_scene4,70,old
9510,22.74991726875305,0.22104351331487493,CVPF,cracker_scene4,70,old
9511,22.752509117126465,0.22098485708379645,CVPF,cracker_scene4,70,old
9512,22.75493574142456,0.22098485708379645,CVPF,cracker_scene4,70,old
9513,22.75723671913147,0.22098485708379645,CVPF,cracker_scene4,70,old
9514,22.7598135471344,0.22123412277562515,CVPF,cracker_scene4,70,old
9515,22.762482404708862,0.22123412277562515,CVPF,cracker_scene4,70,old
9516,22.764742612838745,0.22123412277562515,CVPF,cracker_scene4,70,old
9517,22.76704478263855,0.22123412277562515,CVPF,cracker_scene4,70,old
9518,22.769578218460083,0.21906857047828066,CVPF,cracker_scene4,70,old
9519,22.772356748580933,0.21906857047828066,CVPF,cracker_scene4,70,old
9520,22.77468514442444,0.21906857047828066,CVPF,cracker_scene4,70,old
9521,22.777275562286377,0.22110686398273938,CVPF,cracker_scene4,70,old
9522,22.779778718948364,0.22110686398273938,CVPF,cracker_scene4,70,old
9523,22.78221607208252,0.22110686398273938,CVPF,cracker_scene4,70,old
9524,22.78484845161438,0.21918488512863465,CVPF,cracker_scene4,70,old
9525,22.78724718093872,0.21918488512863465,CVPF,cracker_scene4,70,old
9526,22.789425134658813,0.21918488512863465,CVPF,cracker_scene4,70,old
9527,22.791833877563477,0.21875681298260208,CVPF,cracker_scene4,70,old
9528,22.794370889663696,0.21875681298260208,CVPF,cracker_scene4,70,old
9529,22.796817779541016,0.21875681298260208,CVPF,cracker_scene4,70,old
9530,22.799247980117798,0.21875681298260208,CVPF,cracker_scene4,70,old
9531,22.801734685897827,0.21927115234439487,CVPF,cracker_scene4,70,old
9532,22.804229021072388,0.21927115234439487,CVPF,cracker_scene4,70,old
9533,22.806540489196777,0.21927115234439487,CVPF,cracker_scene4,70,old
9534,22.80879306793213,0.2191635663700353,CVPF,cracker_scene4,70,old
9535,22.81135106086731,0.21899374429257268,CVPF,cracker_scene4,70,old
9536,22.813817739486694,0.21899374429257268,CVPF,cracker_scene4,70,old
9537,22.816274642944336,0.21899374429257268,CVPF,cracker_scene4,70,old
9538,22.818866968154907,0.22110146752834492,CVPF,cracker_scene4,70,old
9539,22.821324348449707,0.22110146752834492,CVPF,cracker_scene4,70,old
9540,22.82377028465271,0.22110146752834492,CVPF,cracker_scene4,70,old
9541,22.826391220092773,0.21924227061654467,CVPF,cracker_scene4,70,old
9542,22.82897186279297,0.21924227061654467,CVPF,cracker_scene4,70,old
9543,22.83130645751953,0.21924227061654467,CVPF,cracker_scene4,70,old
9544,22.833845138549805,0.21934793499218852,CVPF,cracker_scene4,70,old
9545,22.83646297454834,0.21934793499218852,CVPF,cracker_scene4,70,old
9546,22.839035511016846,0.21934793499218852,CVPF,cracker_scene4,70,old
9547,22.841376066207886,0.21934793499218852,CVPF,cracker_scene4,70,old
9548,22.844923496246338,0.22134237258431266,CVPF,cracker_scene4,70,old
9549,22.84751582145691,0.22728372203597402,CVPF,cracker_scene4,70,old
9550,22.84993553161621,0.22505277675022928,CVPF,cracker_scene4,70,old
9551,22.852641820907593,0.22503518136204992,CVPF,cracker_scene4,70,old
9552,22.855066537857056,0.22503518136204992,CVPF,cracker_scene4,70,old
9553,22.85728645324707,0.22503518136204992,CVPF,cracker_scene4,70,old
9554,22.85998225212097,0.22734778766316666,CVPF,cracker_scene4,70,old
9555,22.862531900405884,0.22734778766316666,CVPF,cracker_scene4,70,old
9556,22.864967346191406,0.22734778766316666,CVPF,cracker_scene4,70,old
9557,22.867499589920044,0.22502040527436584,CVPF,cracker_scene4,70,old
9558,22.87004041671753,0.22502040527436584,CVPF,cracker_scene4,70,old
9559,22.872473001480103,0.22502040527436584,CVPF,cracker_scene4,70,old
9560,22.874820232391357,0.22502040527436584,CVPF,cracker_scene4,70,old
9561,22.877344369888306,0.2251629287040764,CVPF,cracker_scene4,70,old
9562,22.879883289337158,0.2251629287040764,CVPF,cracker_scene4,70,old
9563,22.88229537010193,0.2251629287040764,CVPF,cracker_scene4,70,old
9564,22.884824752807617,0.2250361211038321,CVPF,cracker_scene4,70,old
9565,22.887417793273926,0.2250361211038321,CVPF,cracker_scene4,70,old
9566,22.889919996261597,0.2250361211038321,CVPF,cracker_scene4,70,old
9567,22.892428398132324,0.2272566839250434,CVPF,cracker_scene4,70,old
9568,22.8950514793396,0.2272566839250434,CVPF,cracker_scene4,70,old
9569,22.897437572479248,0.2272566839250434,CVPF,cracker_scene4,70,old
9570,22.899710416793823,0.22518643049006037,CVPF,cracker_scene4,70,old
9571,22.902158498764038,0.22531439918280238,CVPF,cracker_scene4,70,old
9572,22.904911518096924,0.22531439918280238,CVPF,cracker_scene4,70,old
9573,22.907230138778687,0.22531439918280238,CVPF,cracker_scene4,70,old
9574,22.90974235534668,0.2273211547775862,CVPF,cracker_scene4,70,old
9575,22.91247320175171,0.2273211547775862,CVPF,cracker_scene4,70,old
9576,22.91473126411438,0.2273211547775862,CVPF,cracker_scene4,70,old
9577,22.91706085205078,0.22686390866914152,CVPF,cracker_scene4,70,old
9578,22.91960120201111,0.22687857501555353,CVPF,cracker_scene4,70,old
9579,22.922199010849,0.22687857501555353,CVPF,cracker_scene4,70,old
9580,22.92445707321167,0.22687857501555353,CVPF,cracker_scene4,70,old
9581,22.92715811729431,0.227199731124764,CVPF,cracker_scene4,70,old
9582,22.929763317108154,0.227199731124764,CVPF,cracker_scene4,70,old
9583,22.932119607925415,0.227199731124764,CVPF,cracker_scene4,70,old
9584,22.934819221496582,0.22737356249406027,CVPF,cracker_scene4,70,old
9585,22.937490940093994,0.22737356249406027,CVPF,cracker_scene4,70,old
9586,22.93996000289917,0.22737356249406027,CVPF,cracker_scene4,70,old
9587,22.942329168319702,0.22728731717220896,CVPF,cracker_scene4,70,old
9588,22.944751739501953,0.22728731717220896,CVPF,cracker_scene4,70,old
9589,22.947033643722534,0.22728731717220896,CVPF,cracker_scene4,70,old
9590,22.949217081069946,0.22728731717220896,CVPF,cracker_scene4,70,old
9591,22.95167827606201,0.225103298787241,CVPF,cracker_scene4,70,old
9592,22.95401644706726,0.225103298787241,CVPF,cracker_scene4,70,old
9593,22.956322193145752,0.225103298787241,CVPF,cracker_scene4,70,old
9594,22.958635568618774,0.22703332545762311,CVPF,cracker_scene4,70,old
9595,22.96098828315735,0.22710533003131417,CVPF,cracker_scene4,70,old
9596,22.963826894760132,0.22710533003131417,CVPF,cracker_scene4,70,old
9597,22.966145992279053,0.22710533003131417,CVPF,cracker_scene4,70,old
9598,22.96886944770813,0.22522488424957032,CVPF,cracker_scene4,70,old
9599,22.97151255607605,0.22522488424957032,CVPF,cracker_scene4,70,old
9600,22.97386407852173,0.22522488424957032,CVPF,cracker_scene4,70,old
9601,22.97641086578369,0.22522488424957032,CVPF,cracker_scene4,70,old
9602,22.97877860069275,0.22522488424957032,CVPF,cracker_scene4,70,old
9603,22.981087684631348,0.22684527773948826,CVPF,cracker_scene4,70,old
9604,22.983665466308594,0.22684527773948826,CVPF,cracker_scene4,70,old
9605,22.986230850219727,0.22684527773948826,CVPF,cracker_scene4,70,old
9606,22.98895239830017,0.22684527773948826,CVPF,cracker_scene4,70,old
9607,22.99133276939392,0.22684527773948826,CVPF,cracker_scene4,70,old
9608,22.99397110939026,0.22520917346738223,CVPF,cracker_scene4,70,old
9609,22.996373891830444,0.22520917346738223,CVPF,cracker_scene4,70,old
9610,22.998843669891357,0.22520917346738223,CVPF,cracker_scene4,70,old
9611,23.001465559005737,0.22520917346738223,CVPF,cracker_scene4,70,old
9612,23.00395107269287,0.22515232784872996,CVPF,cracker_scene4,70,old
9613,23.007429599761963,0.21880945803308915,CVPF,cracker_scene4,70,old
9614,23.0099675655365,0.21880945803308915,CVPF,cracker_scene4,70,old
9615,23.01220464706421,0.21880945803308915,CVPF,cracker_scene4,70,old
9616,23.014629364013672,0.21880472629632242,CVPF,cracker_scene4,70,old
9617,23.01711678504944,0.21880472629632242,CVPF,cracker_scene4,70,old
9618,23.019678115844727,0.21880472629632242,CVPF,cracker_scene4,70,old
9619,23.02198100090027,0.21880472629632242,CVPF,cracker_scene4,70,old
9620,23.02446937561035,0.2186902833224218,CVPF,cracker_scene4,70,old
9621,23.02710223197937,0.2186902833224218,CVPF,cracker_scene4,70,old
9622,23.02946138381958,0.2186902833224218,CVPF,cracker_scene4,70,old
9623,23.03188729286194,0.21878895532859124,CVPF,cracker_scene4,70,old
9624,23.03454852104187,0.21878895532859124,CVPF,cracker_scene4,70,old
9625,23.036954164505005,0.21878895532859124,CVPF,cracker_scene4,70,old
9626,23.039369821548462,0.21878895532859124,CVPF,cracker_scene4,70,old
9627,23.041902780532837,0.21862584456212153,CVPF,cracker_scene4,70,old
9628,23.044336080551147,0.21862584456212153,CVPF,cracker_scene4,70,old
9629,23.0467631816864,0.21862584456212153,CVPF,cracker_scene4,70,old
9630,23.049060583114624,0.21862584456212153,CVPF,cracker_scene4,70,old
9631,23.05160665512085,0.21883497639037855,CVPF,cracker_scene4,70,old
9632,23.05422854423523,0.21883497639037855,CVPF,cracker_scene4,70,old
9633,23.056642770767212,0.21883497639037855,CVPF,cracker_scene4,70,old
9634,23.059069633483887,0.21883497639037855,CVPF,cracker_scene4,70,old
9635,23.061563730239868,0.2188471866351371,CVPF,cracker_scene4,70,old
9636,23.06396770477295,0.2188471866351371,CVPF,cracker_scene4,70,old
9637,23.066333293914795,0.2188471866351371,CVPF,cracker_scene4,70,old
9638,23.068942070007324,0.2188471866351371,CVPF,cracker_scene4,70,old
9639,23.071465015411377,0.2204675471740894,CVPF,cracker_scene4,70,old
9640,23.07393765449524,0.2204675471740894,CVPF,cracker_scene4,70,old
9641,23.076505422592163,0.2204675471740894,CVPF,cracker_scene4,70,old
9642,23.07880163192749,0.2204675471740894,CVPF,cracker_scene4,70,old
9643,23.081050872802734,0.2204675471740894,CVPF,cracker_scene4,70,old
9644,23.08356809616089,0.21841364956982243,CVPF,cracker_scene4,70,old
9645,23.08606195449829,0.21841364956982243,CVPF,cracker_scene4,70,old
9646,23.088438987731934,0.21841364956982243,CVPF,cracker_scene4,70,old
9647,23.09076166152954,0.22083859649020582,CVPF,cracker_scene4,70,old
9648,23.093355178833008,0.22083859649020582,CVPF,cracker_scene4,70,old
9649,23.095852375030518,0.22083859649020582,CVPF,cracker_scene4,70,old
9650,23.09804916381836,0.22083859649020582,CVPF,cracker_scene4,70,old
9651,23.10039782524109,0.22083859649020582,CVPF,cracker_scene4,70,old
9652,23.10280966758728,0.22065220381919576,CVPF,cracker_scene4,70,old
9653,23.10547161102295,0.22065220381919576,CVPF,cracker_scene4,70,old
9654,23.1079740524292,0.2187824901695314,CVPF,cracker_scene4,70,old
9655,23.110445499420166,0.2187824901695314,CVPF,cracker_scene4,70,old
9656,23.112939834594727,0.21867334372283528,CVPF,cracker_scene4,70,old
9657,23.115489721298218,0.21867334372283528,CVPF,cracker_scene4,70,old
9658,23.117889642715454,0.21862815375035283,CVPF,cracker_scene4,70,old
9659,23.12039089202881,0.21862815375035283,CVPF,cracker_scene4,70,old
9660,23.123106718063354,0.21882772480664794,CVPF,cracker_scene4,70,old
9661,23.125727653503418,0.21882772480664794,CVPF,cracker_scene4,70,old
9662,23.128578901290894,0.21857469827014908,CVPF,cracker_scene4,70,old
9663,23.13116431236267,0.22075011684207718,CVPF,cracker_scene4,70,old
9664,23.133840799331665,0.22075011684207718,CVPF,cracker_scene4,70,old
9665,23.13650870323181,0.220372347938648,CVPF,cracker_scene4,70,old
9666,23.139411449432373,0.220372347938648,CVPF,cracker_scene4,70,old
9667,23.141765356063843,0.2203548388879169,CVPF,cracker_scene4,70,old
9668,23.144451379776,0.22034548627821685,CVPF,cracker_scene4,70,old
9669,23.14696168899536,0.22034548627821685,CVPF,cracker_scene4,70,old
9670,23.149250268936157,0.22034548627821685,CVPF,cracker_scene4,70,old
9671,23.15172553062439,0.2186493385962449,CVPF,cracker_scene4,70,old
9672,23.1543185710907,0.2186493385962449,CVPF,cracker_scene4,70,old
9673,23.15682554244995,0.2186493385962449,CVPF,cracker_scene4,70,old
9674,23.159180164337158,0.21865626345498948,CVPF,cracker_scene4,70,old
9675,23.162585496902466,0.21893752228747534,CVPF,cracker_scene4,70,old
9676,23.166507959365845,0.207862557513797,CVPF,cracker_scene4,70,old
9677,23.169082403182983,0.20764843407445766,CVPF,cracker_scene4,70,old
9678,23.171785831451416,0.20764843407445766,CVPF,cracker_scene4,70,old
9679,23.1741840839386,0.20764843407445766,CVPF,cracker_scene4,70,old
9680,23.176766872406006,0.2077304989162262,CVPF,cracker_scene4,70,old
9681,23.17940330505371,0.2077304989162262,CVPF,cracker_scene4,70,old
9682,23.181673526763916,0.2077304989162262,CVPF,cracker_scene4,70,old
9683,23.18399691581726,0.20770843349379975,CVPF,cracker_scene4,70,old
9684,23.186492204666138,0.20774007209773332,CVPF,cracker_scene4,70,old
9685,23.189160585403442,0.20774007209773332,CVPF,cracker_scene4,70,old
9686,23.19150424003601,0.20774007209773332,CVPF,cracker_scene4,70,old
9687,23.19410514831543,0.20986288737597886,CVPF,cracker_scene4,70,old
9688,23.196701049804688,0.20986288737597886,CVPF,cracker_scene4,70,old
9689,23.199044466018677,0.20986288737597886,CVPF,cracker_scene4,70,old
9690,23.201558589935303,0.2077217006142072,CVPF,cracker_scene4,70,old
9691,23.204324960708618,0.2077217006142072,CVPF,cracker_scene4,70,old
9692,23.20673108100891,0.2077217006142072,CVPF,cracker_scene4,70,old
9693,23.209174156188965,0.20766889401207256,CVPF,cracker_scene4,70,old
9694,23.21164107322693,0.20766889401207256,CVPF,cracker_scene4,70,old
9695,23.213967323303223,0.20766889401207256,CVPF,cracker_scene4,70,old
9696,23.21627402305603,0.20766889401207256,CVPF,cracker_scene4,70,old
9697,23.21876573562622,0.20768838297778885,CVPF,cracker_scene4,70,old
9698,23.22109079360962,0.20768838297778885,CVPF,cracker_scene4,70,old
9699,23.22353172302246,0.20768838297778885,CVPF,cracker_scene4,70,old
9700,23.226114988327026,0.20788041315430764,CVPF,cracker_scene4,70,old
9701,23.228641986846924,0.20788041315430764,CVPF,cracker_scene4,70,old
9702,23.231008291244507,0.20788041315430764,CVPF,cracker_scene4,70,old
9703,23.233366012573242,0.20788041315430764,CVPF,cracker_scene4,70,old
9704,23.236016750335693,0.20972967620023364,CVPF,cracker_scene4,70,old
9705,23.23853635787964,0.20972967620023364,CVPF,cracker_scene4,70,old
9706,23.240881204605103,0.20972967620023364,CVPF,cracker_scene4,70,old
9707,23.24335527420044,0.20771272256918522,CVPF,cracker_scene4,70,old
9708,23.245903730392456,0.20771272256918522,CVPF,cracker_scene4,70,old
9709,23.248229503631592,0.20771272256918522,CVPF,cracker_scene4,70,old
9710,23.250776767730713,0.20776032396022873,CVPF,cracker_scene4,70,old
9711,23.253254175186157,0.20776032396022873,CVPF,cracker_scene4,70,old
9712,23.25576138496399,0.20776032396022873,CVPF,cracker_scene4,70,old
9713,23.257948637008667,0.20776032396022873,CVPF,cracker_scene4,70,old
9714,23.260539531707764,0.2098552778968829,CVPF,cracker_scene4,70,old
9715,23.26313304901123,0.2098552778968829,CVPF,cracker_scene4,70,old
9716,23.265645027160645,0.2098552778968829,CVPF,cracker_scene4,70,old
9717,23.268168687820435,0.20788352281582434,CVPF,cracker_scene4,70,old
9718,23.270825386047363,0.20788352281582434,CVPF,cracker_scene4,70,old
9719,23.273168087005615,0.20788352281582434,CVPF,cracker_scene4,70,old
9720,23.275657653808594,0.20714126071051248,CVPF,cracker_scene4,70,old
9721,23.278058290481567,0.20714126071051248,CVPF,cracker_scene4,70,old
9722,23.280510663986206,0.20714126071051248,CVPF,cracker_scene4,70,old
9723,23.28287649154663,0.20714126071051248,CVPF,cracker_scene4,70,old
9724,23.285502433776855,0.2071284958585789,CVPF,cracker_scene4,70,old
9725,23.287922143936157,0.2071284958585789,CVPF,cracker_scene4,70,old
9726,23.29023003578186,0.2071284958585789,CVPF,cracker_scene4,70,old
9727,23.29275155067444,0.20718436584075567,CVPF,cracker_scene4,70,old
9728,23.29540181159973,0.20718436584075567,CVPF,cracker_scene4,70,old
9729,23.297821760177612,0.20718436584075567,CVPF,cracker_scene4,70,old
9730,23.300227403640747,0.20709432397398642,CVPF,cracker_scene4,70,old
9731,23.302669048309326,0.20707999923566173,CVPF,cracker_scene4,70,old
9732,23.305171966552734,0.20707999923566173,CVPF,cracker_scene4,70,old
9733,23.30745244026184,0.20707999923566173,CVPF,cracker_scene4,70,old
9734,23.30997395515442,0.20718244549903186,CVPF,cracker_scene4,70,old
9735,23.312445640563965,0.20718244549903186,CVPF,cracker_scene4,70,old
9736,23.314865350723267,0.20718244549903186,CVPF,cracker_scene4,70,old
9737,23.317426681518555,0.20712049028690405,CVPF,cracker_scene4,70,old
9738,23.319939136505127,0.20712049028690405,CVPF,cracker_scene4,70,old
9739,23.322299242019653,0.20712049028690405,CVPF,cracker_scene4,70,old
9740,23.324814081192017,0.20712049028690405,CVPF,cracker_scene4,70,old
9741,23.32731795310974,0.2071101393946815,CVPF,cracker_scene4,70,old
9742,23.329778909683228,0.2071101393946815,CVPF,cracker_scene4,70,old
9743,23.332117319107056,0.2071101393946815,CVPF,cracker_scene4,70,old
9744,23.334556818008423,0.2070009652395812,CVPF,cracker_scene4,70,old
9745,23.338210582733154,0.19217980420516412,CVPF,cracker_scene4,70,old
9746,23.34049916267395,0.19217980420516412,CVPF,cracker_scene4,70,old
9747,23.342989921569824,0.19234252742609678,CVPF,cracker_scene4,70,old
9748,23.34559392929077,0.19234252742609678,CVPF,cracker_scene4,70,old
9749,23.347832202911377,0.19234252742609678,CVPF,cracker_scene4,70,old
9750,23.3501718044281,0.19226008942743175,CVPF,cracker_scene4,70,old
9751,23.352587938308716,0.19226008942743175,CVPF,cracker_scene4,70,old
9752,23.355007886886597,0.19226008942743175,CVPF,cracker_scene4,70,old
9753,23.357308626174927,0.19226008942743175,CVPF,cracker_scene4,70,old
9754,23.359857082366943,0.19226378054958418,CVPF,cracker_scene4,70,old
9755,23.362264394760132,0.19226378054958418,CVPF,cracker_scene4,70,old
9756,23.364563703536987,0.19226378054958418,CVPF,cracker_scene4,70,old
9757,23.367078065872192,0.19225903928116372,CVPF,cracker_scene4,70,old
9758,23.36956238746643,0.19225903928116372,CVPF,cracker_scene4,70,old
9759,23.372255563735962,0.19225903928116372,CVPF,cracker_scene4,70,old
9760,23.37451410293579,0.19225903928116372,CVPF,cracker_scene4,70,old
9761,23.376900672912598,0.19421615126056993,CVPF,cracker_scene4,70,old
9762,23.37929391860962,0.19421615126056993,CVPF,cracker_scene4,70,old
9763,23.381633758544922,0.19421615126056993,CVPF,cracker_scene4,70,old
9764,23.38395094871521,0.19421615126056993,CVPF,cracker_scene4,70,old
9765,23.386234283447266,0.19421615126056993,CVPF,cracker_scene4,70,old
9766,23.3886239528656,0.19221602060593743,CVPF,cracker_scene4,70,old
9767,23.39099907875061,0.19221602060593743,CVPF,cracker_scene4,70,old
9768,23.393256664276123,0.19221602060593743,CVPF,cracker_scene4,70,old
9769,23.39552664756775,0.19221602060593743,CVPF,cracker_scene4,70,old
9770,23.397818565368652,0.19221602060593743,CVPF,cracker_scene4,70,old
9771,23.40024447441101,0.1921453413429401,CVPF,cracker_scene4,70,old
9772,23.402539491653442,0.1921453413429401,CVPF,cracker_scene4,70,old
9773,23.405471801757812,0.1921453413429401,CVPF,cracker_scene4,70,old
9774,23.407784700393677,0.1921453413429401,CVPF,cracker_scene4,70,old
9775,23.410284519195557,0.1920397823621564,CVPF,cracker_scene4,70,old
9776,23.41255021095276,0.1920397823621564,CVPF,cracker_scene4,70,old
9777,23.414989233016968,0.1920397823621564,CVPF,cracker_scene4,70,old
9778,23.41755247116089,0.1920397823621564,CVPF,cracker_scene4,70,old
9779,23.4199378490448,0.1920397823621564,CVPF,cracker_scene4,70,old
9780,23.42228388786316,0.1940761801300818,CVPF,cracker_scene4,70,old
9781,23.424862146377563,0.194117841958657,CVPF,cracker_scene4,70,old
9782,23.427425146102905,0.194117841958657,CVPF,cracker_scene4,70,old
9783,23.429763555526733,0.194117841958657,CVPF,cracker_scene4,70,old
9784,23.432281494140625,0.19415707398370477,CVPF,cracker_scene4,70,old
9785,23.434845685958862,0.19428926996862725,CVPF,cracker_scene4,70,old
9786,23.437506675720215,0.19428926996862725,CVPF,cracker_scene4,70,old
9787,23.43991994857788,0.19428926996862725,CVPF,cracker_scene4,70,old
9788,23.442317962646484,0.1937861835247956,CVPF,cracker_scene4,70,old
9789,23.444806575775146,0.19380216912681505,CVPF,cracker_scene4,70,old
9790,23.447357892990112,0.19380216912681505,CVPF,cracker_scene4,70,old
9791,23.44963836669922,0.19380216912681505,CVPF,cracker_scene4,70,old
9792,23.452131509780884,0.19380216912681505,CVPF,cracker_scene4,70,old
9793,23.454506874084473,0.19380216912681505,CVPF,cracker_scene4,70,old
9794,23.457135915756226,0.19414842235165453,CVPF,cracker_scene4,70,old
9795,23.4596209526062,0.19414842235165453,CVPF,cracker_scene4,70,old
9796,23.462085485458374,0.19414842235165453,CVPF,cracker_scene4,70,old
9797,23.464691162109375,0.19414842235165453,CVPF,cracker_scene4,70,old
9798,23.467063903808594,0.19414842235165453,CVPF,cracker_scene4,70,old
9799,23.46949291229248,0.19421983934912335,CVPF,cracker_scene4,70,old
9800,23.472169160842896,0.19421983934912335,CVPF,cracker_scene4,70,old
9801,23.474655389785767,0.19421983934912335,CVPF,cracker_scene4,70,old
9802,23.477388381958008,0.19421983934912335,CVPF,cracker_scene4,70,old
9803,23.479732513427734,0.19421983934912335,CVPF,cracker_scene4,70,old
9804,23.48206639289856,0.19421983934912335,CVPF,cracker_scene4,70,old
9805,23.484830617904663,0.19409595291633175,CVPF,cracker_scene4,70,old
9806,23.488388538360596,0.19653738027502748,CVPF,cracker_scene4,70,old
9807,23.490858793258667,0.1966898766006045,CVPF,cracker_scene4,70,old
9808,23.493173122406006,0.1966898766006045,CVPF,cracker_scene4,70,old
9809,23.495626211166382,0.1966898766006045,CVPF,cracker_scene4,70,old
9810,23.49803900718689,0.1966898766006045,CVPF,cracker_scene4,70,old
9811,23.500290632247925,0.1966898766006045,CVPF,cracker_scene4,70,old
9812,23.50270104408264,0.1966898766006045,CVPF,cracker_scene4,70,old
9813,23.50511336326599,0.1966898766006045,CVPF,cracker_scene4,70,old
9814,23.507537126541138,0.19607628013717396,CVPF,cracker_scene4,70,old
9815,23.51018238067627,0.19610023131396595,CVPF,cracker_scene4,70,old
9816,23.51264476776123,0.19661798914528994,CVPF,cracker_scene4,70,old
9817,23.515077352523804,0.1965057737037322,CVPF,cracker_scene4,70,old
9818,23.517648696899414,0.1965057737037322,CVPF,cracker_scene4,70,old
9819,23.52015733718872,0.1965133291721756,CVPF,cracker_scene4,70,old
9820,23.522669792175293,0.1965133291721756,CVPF,cracker_scene4,70,old
9821,23.525135040283203,0.1965645399200235,CVPF,cracker_scene4,70,old
9822,23.527836561203003,0.1964419915195932,CVPF,cracker_scene4,70,old
9823,23.530269622802734,0.1964419915195932,CVPF,cracker_scene4,70,old
9824,23.532800436019897,0.19462470675929405,CVPF,cracker_scene4,70,old
9825,23.53524613380432,0.19462470675929405,CVPF,cracker_scene4,70,old
9826,23.537800312042236,0.1944601965035642,CVPF,cracker_scene4,70,old
9827,23.540284395217896,0.1944601965035642,CVPF,cracker_scene4,70,old
9828,23.54275631904602,0.19454655601089088,CVPF,cracker_scene4,70,old
9829,23.545204877853394,0.19454655601089088,CVPF,cracker_scene4,70,old
9830,23.547757387161255,0.1964973585725575,CVPF,cracker_scene4,70,old
9831,23.550256490707397,0.1964973585725575,CVPF,cracker_scene4,70,old
9832,23.552793979644775,0.19447350074249925,CVPF,cracker_scene4,70,old
9833,23.55528998374939,0.19447350074249925,CVPF,cracker_scene4,70,old
9834,23.55769419670105,0.19447350074249925,CVPF,cracker_scene4,70,old
9835,23.560226678848267,0.19630785988546842,CVPF,cracker_scene4,70,old
9836,23.562699556350708,0.19630785988546842,CVPF,cracker_scene4,70,old
9837,23.564983367919922,0.19630785988546842,CVPF,cracker_scene4,70,old
9838,23.56752038002014,0.19632763924337374,CVPF,cracker_scene4,70,old
9839,23.570032596588135,0.19632763924337374,CVPF,cracker_scene4,70,old
9840,23.5725519657135,0.19632763924337374,CVPF,cracker_scene4,70,old
9841,23.575011491775513,0.19630263993308775,CVPF,cracker_scene4,70,old
9842,23.577641248703003,0.19645803917017962,CVPF,cracker_scene4,70,old
9843,23.579965829849243,0.19645803917017962,CVPF,cracker_scene4,70,old
9844,23.582170486450195,0.19645803917017962,CVPF,cracker_scene4,70,old
9845,23.584538221359253,0.19641277549451858,CVPF,cracker_scene4,70,old
9846,23.58711075782776,0.19641277549451858,CVPF,cracker_scene4,70,old
9847,23.589425563812256,0.19641277549451858,CVPF,cracker_scene4,70,old
9848,23.59177017211914,0.19641277549451858,CVPF,cracker_scene4,70,old
9849,23.594310522079468,0.19653154922438945,CVPF,cracker_scene4,70,old
9850,23.596909761428833,0.19653154922438945,CVPF,cracker_scene4,70,old
9851,23.599218368530273,0.19653154922438945,CVPF,cracker_scene4,70,old
9852,23.60161805152893,0.19647443491640246,CVPF,cracker_scene4,70,old
9853,23.604198217391968,0.19647443491640246,CVPF,cracker_scene4,70,old
9854,23.606823444366455,0.19647443491640246,CVPF,cracker_scene4,70,old
9855,23.609314918518066,0.19657728430659102,CVPF,cracker_scene4,70,old
9856,23.611720085144043,0.19657728430659102,CVPF,cracker_scene4,70,old
9857,23.614051580429077,0.19657728430659102,CVPF,cracker_scene4,70,old
9858,23.616400480270386,0.19657728430659102,CVPF,cracker_scene4,70,old
9859,23.618926763534546,0.19658596475599183,CVPF,cracker_scene4,70,old
9860,23.621249675750732,0.19658596475599183,CVPF,cracker_scene4,70,old
9861,23.62369465827942,0.19658596475599183,CVPF,cracker_scene4,70,old
9862,23.626262187957764,0.19449717358285107,CVPF,cracker_scene4,70,old
9863,23.628742456436157,0.19449717358285107,CVPF,cracker_scene4,70,old
9864,23.631268978118896,0.19449717358285107,CVPF,cracker_scene4,70,old
9865,23.633715391159058,0.19663456341353666,CVPF,cracker_scene4,70,old
9866,23.636215686798096,0.19663456341353666,CVPF,cracker_scene4,70,old
9867,23.63900089263916,0.19663456341353666,CVPF,cracker_scene4,70,old
9868,23.64142608642578,0.19663358358576843,CVPF,cracker_scene4,70,old
9869,23.64399552345276,0.1964999897644474,CVPF,cracker_scene4,70,old
9870,23.646600246429443,0.1964999897644474,CVPF,cracker_scene4,70,old
9871,23.649810075759888,0.1959550604793172,CVPF,cracker_scene4,70,old
9872,23.652374505996704,0.19550096297816122,CVPF,cracker_scene4,70,old
9873,23.654923677444458,0.19550096297816122,CVPF,cracker_scene4,70,old
9874,23.657388925552368,0.19550096297816122,CVPF,cracker_scene4,70,old
9875,23.66002917289734,0.19370195535005497,CVPF,cracker_scene4,70,old
9876,23.662657260894775,0.19370195535005497,CVPF,cracker_scene4,70,old
9877,23.665142059326172,0.19370195535005497,CVPF,cracker_scene4,70,old
9878,23.66774821281433,0.19371041820313106,CVPF,cracker_scene4,70,old
9879,23.670496225357056,0.19371041820313106,CVPF,cracker_scene4,70,old
9880,23.673043966293335,0.19371041820313106,CVPF,cracker_scene4,70,old
9881,23.675545930862427,0.19592705888036743,CVPF,cracker_scene4,70,old
9882,23.678224563598633,0.19592705888036743,CVPF,cracker_scene4,70,old
9883,23.680589199066162,0.19592705888036743,CVPF,cracker_scene4,70,old
9884,23.68299174308777,0.19592705888036743,CVPF,cracker_scene4,70,old
9885,23.68553900718689,0.19594091712227613,CVPF,cracker_scene4,70,old
9886,23.68800687789917,0.19594091712227613,CVPF,cracker_scene4,70,old
9887,23.690285444259644,0.19594091712227613,CVPF,cracker_scene4,70,old
9888,23.69270348548889,0.19578384686110528,CVPF,cracker_scene4,70,old
9889,23.69516348838806,0.19578384686110528,CVPF,cracker_scene4,70,old
9890,23.6974618434906,0.19578384686110528,CVPF,cracker_scene4,70,old
9891,23.699897050857544,0.19362029327928543,CVPF,cracker_scene4,70,old
9892,23.702366590499878,0.19363332188144877,CVPF,cracker_scene4,70,old
9893,23.704833507537842,0.19363332188144877,CVPF,cracker_scene4,70,old
9894,23.70717144012451,0.19363332188144877,CVPF,cracker_scene4,70,old
9895,23.70961284637451,0.19546125770151068,CVPF,cracker_scene4,70,old
9896,23.71210789680481,0.19546125770151068,CVPF,cracker_scene4,70,old
9897,23.71443486213684,0.19546125770151068,CVPF,cracker_scene4,70,old
9898,23.716732501983643,0.19546125770151068,CVPF,cracker_scene4,70,old
9899,23.719385623931885,0.19539602746847162,CVPF,cracker_scene4,70,old
9900,23.72185492515564,0.19539602746847162,CVPF,cracker_scene4,70,old
9901,23.724090099334717,0.19539602746847162,CVPF,cracker_scene4,70,old
9902,23.726815223693848,0.1937338407605802,CVPF,cracker_scene4,70,old
9903,23.729424715042114,0.1937338407605802,CVPF,cracker_scene4,70,old
9904,23.731757879257202,0.1937338407605802,CVPF,cracker_scene4,70,old
9905,23.734245538711548,0.1938997903245303,CVPF,cracker_scene4,70,old
9906,23.736798763275146,0.1938997903245303,CVPF,cracker_scene4,70,old
9907,23.739285707473755,0.1938997903245303,CVPF,cracker_scene4,70,old
9908,23.741726636886597,0.19528387842367323,CVPF,cracker_scene4,70,old
9909,23.744282960891724,0.19528387842367323,CVPF,cracker_scene4,70,old
9910,23.74671459197998,0.19528387842367323,CVPF,cracker_scene4,70,old
9911,23.74903392791748,0.19528387842367323,CVPF,cracker_scene4,70,old
9912,23.751495361328125,0.19388113937390816,CVPF,cracker_scene4,70,old
9913,23.753968238830566,0.19388113937390816,CVPF,cracker_scene4,70,old
9914,23.75636315345764,0.19388113937390816,CVPF,cracker_scene4,70,old
9915,23.75883722305298,0.19373977382188112,CVPF,cracker_scene4,70,old
9916,23.76151442527771,0.19373977382188112,CVPF,cracker_scene4,70,old
9917,23.76397180557251,0.19373977382188112,CVPF,cracker_scene4,70,old
9918,23.766502857208252,0.19369924807485717,CVPF,cracker_scene4,70,old
9919,23.769388675689697,0.1937364033250839,CVPF,cracker_scene4,70,old
9920,23.771800756454468,0.1937364033250839,CVPF,cracker_scene4,70,old
9921,23.774105548858643,0.1937364033250839,CVPF,cracker_scene4,70,old
9922,23.77682065963745,0.19375854736007003,CVPF,cracker_scene4,70,old
9923,23.779391050338745,0.19375854736007003,CVPF,cracker_scene4,70,old
9924,23.78177762031555,0.19375854736007003,CVPF,cracker_scene4,70,old
9925,23.784353494644165,0.19367799556661414,CVPF,cracker_scene4,70,old
9926,23.786985635757446,0.19367799556661414,CVPF,cracker_scene4,70,old
9927,23.789321899414062,0.19367799556661414,CVPF,cracker_scene4,70,old
9928,23.791767358779907,0.1940142611266351,CVPF,cracker_scene4,70,old
9929,23.794193744659424,0.1940142611266351,CVPF,cracker_scene4,70,old
9930,23.7967267036438,0.1940142611266351,CVPF,cracker_scene4,70,old
9931,23.799245357513428,0.1940142611266351,CVPF,cracker_scene4,70,old
9932,23.801871299743652,0.19531502184246996,CVPF,cracker_scene4,70,old
9933,23.804676055908203,0.19531502184246996,CVPF,cracker_scene4,70,old
9934,23.807015657424927,0.19531502184246996,CVPF,cracker_scene4,70,old
9935,23.80949568748474,0.1932988019514177,CVPF,cracker_scene4,70,old
9936,23.811835527420044,0.1932988019514177,CVPF,cracker_scene4,70,old
9937,23.81497311592102,0.19073995115209819,CVPF,cracker_scene4,70,old
9938,23.81743097305298,0.19147980655332564,CVPF,cracker_scene4,70,old
9939,23.819697856903076,0.19147980655332564,CVPF,cracker_scene4,70,old
9940,23.821945905685425,0.19147980655332564,CVPF,cracker_scene4,70,old
9941,23.824318885803223,0.19147980655332564,CVPF,cracker_scene4,70,old
9942,23.82676672935486,0.1911113061352827,CVPF,cracker_scene4,70,old
9943,23.829525232315063,0.1911113061352827,CVPF,cracker_scene4,70,old
9944,23.831762313842773,0.1911113061352827,CVPF,cracker_scene4,70,old
9945,23.83431315422058,0.1913810989673923,CVPF,cracker_scene4,70,old
9946,23.836902141571045,0.1913810989673923,CVPF,cracker_scene4,70,old
9947,23.839523792266846,0.1913810989673923,CVPF,cracker_scene4,70,old
9948,23.841936826705933,0.1912601340434259,CVPF,cracker_scene4,70,old
9949,23.844477891921997,0.1912601340434259,CVPF,cracker_scene4,70,old
9950,23.84695529937744,0.1912601340434259,CVPF,cracker_scene4,70,old
9951,23.849366664886475,0.1912601340434259,CVPF,cracker_scene4,70,old
9952,23.851890802383423,0.19077863995246158,CVPF,cracker_scene4,70,old
9953,23.85438346862793,0.19077863995246158,CVPF,cracker_scene4,70,old
9954,23.856706142425537,0.19077863995246158,CVPF,cracker_scene4,70,old
9955,23.859121799468994,0.19156388978794592,CVPF,cracker_scene4,70,old
9956,23.861671447753906,0.19156388978794592,CVPF,cracker_scene4,70,old
9957,23.864030838012695,0.19156388978794592,CVPF,cracker_scene4,70,old
9958,23.86640167236328,0.19156388978794592,CVPF,cracker_scene4,70,old
9959,23.868937492370605,0.19131929248287705,CVPF,cracker_scene4,70,old
9960,23.871668815612793,0.19131929248287705,CVPF,cracker_scene4,70,old
9961,23.874040365219116,0.19131929248287705,CVPF,cracker_scene4,70,old
9962,23.876583099365234,0.19131541084859904,CVPF,cracker_scene4,70,old
9963,23.87923526763916,0.19131541084859904,CVPF,cracker_scene4,70,old
9964,23.881606101989746,0.19131541084859904,CVPF,cracker_scene4,70,old
9965,23.884074449539185,0.19129447054687532,CVPF,cracker_scene4,70,old
9966,23.88646411895752,0.19129447054687532,CVPF,cracker_scene4,70,old
9967,23.888893604278564,0.19129447054687532,CVPF,cracker_scene4,70,old
9968,23.891231536865234,0.19129447054687532,CVPF,cracker_scene4,70,old
9969,23.893790245056152,0.19129584476708938,CVPF,cracker_scene4,70,old
9970,23.896263122558594,0.19129584476708938,CVPF,cracker_scene4,70,old
9971,23.898569583892822,0.19129584476708938,CVPF,cracker_scene4,70,old
9972,23.900968074798584,0.19109272878305195,CVPF,cracker_scene4,70,old
9973,23.903529405593872,0.19109272878305195,CVPF,cracker_scene4,70,old
9974,23.90581750869751,0.19109272878305195,CVPF,cracker_scene4,70,old
9975,23.9081928730011,0.1911146633839973,CVPF,cracker_scene4,70,old
9976,23.910909175872803,0.19134648816384736,CVPF,cracker_scene4,70,old
9977,23.913271188735962,0.19134648816384736,CVPF,cracker_scene4,70,old
9978,23.915503978729248,0.19134648816384736,CVPF,cracker_scene4,70,old
9979,23.91800570487976,0.19126022328695402,CVPF,cracker_scene4,70,old
9980,23.921773195266724,0.19126022328695402,CVPF,cracker_scene4,70,old
9981,23.92530083656311,0.1910928027488774,CVPF,cracker_scene4,70,old
9982,23.928987503051758,0.19104746257330962,CVPF,cracker_scene4,70,old
9983,23.932480573654175,0.19104746257330962,CVPF,cracker_scene4,70,old
9984,23.936315774917603,0.1913070667773109,CVPF,cracker_scene4,70,old
9985,23.940126657485962,0.1913070667773109,CVPF,cracker_scene4,70,old
9986,23.943852424621582,0.19132126421869344,CVPF,cracker_scene4,70,old
9987,23.94751501083374,0.19132126421869344,CVPF,cracker_scene4,70,old
9988,23.951281309127808,0.19086169790032148,CVPF,cracker_scene4,70,old
9989,23.954999685287476,0.19086169790032148,CVPF,cracker_scene4,70,old
9990,23.958508253097534,0.19086169790032148,CVPF,cracker_scene4,70,old
9991,23.962238788604736,0.19272188140461033,CVPF,cracker_scene4,70,old
9992,23.96567440032959,0.19272188140461033,CVPF,cracker_scene4,70,old
9993,23.969120025634766,0.19299314974965665,CVPF,cracker_scene4,70,old
9994,23.972496271133423,0.19299314974965665,CVPF,cracker_scene4,70,old
9995,23.976073026657104,0.19337131388971152,CVPF,cracker_scene4,70,old
9996,23.979490041732788,0.19337131388971152,CVPF,cracker_scene4,70,old
9997,23.982000827789307,0.19337131388971152,CVPF,cracker_scene4,70,old
9998,23.984636783599854,0.19335282718826008,CVPF,cracker_scene4,70,old
9999,23.98798108100891,0.18763725314232182,CVPF,cracker_scene4,70,old
10000,23.99036717414856,0.18763725314232182,CVPF,cracker_scene4,70,old
10001,23.992919921875,0.18765249649396232,CVPF,cracker_scene4,70,old
10002,23.995466947555542,0.18765249649396232,CVPF,cracker_scene4,70,old
10003,23.997841596603394,0.18765249649396232,CVPF,cracker_scene4,70,old
10004,24.000362634658813,0.18764497698442284,CVPF,cracker_scene4,70,old
10005,24.00282073020935,0.18799033049490355,CVPF,cracker_scene4,70,old
10006,24.005695581436157,0.18799033049490355,CVPF,cracker_scene4,70,old
10007,24.007959365844727,0.18799033049490355,CVPF,cracker_scene4,70,old
10008,24.010437965393066,0.18509435316979328,CVPF,cracker_scene4,70,old
10009,24.012800455093384,0.18509435316979328,CVPF,cracker_scene4,70,old
10010,24.01519227027893,0.18509435316979328,CVPF,cracker_scene4,70,old
10011,24.017555236816406,0.18720037248347232,CVPF,cracker_scene4,70,old
10012,24.01987361907959,0.18720037248347232,CVPF,cracker_scene4,70,old
10013,24.02213406562805,0.18720037248347232,CVPF,cracker_scene4,70,old
10014,24.024497985839844,0.18720037248347232,CVPF,cracker_scene4,70,old
10015,24.026973009109497,0.18567098619159061,CVPF,cracker_scene4,70,old
10016,24.029664278030396,0.18567098619159061,CVPF,cracker_scene4,70,old
10017,24.031912326812744,0.18567098619159061,CVPF,cracker_scene4,70,old
10018,24.03440523147583,0.1879197232254768,CVPF,cracker_scene4,70,old
10019,24.036735773086548,0.1879197232254768,CVPF,cracker_scene4,70,old
10020,24.0394606590271,0.1879197232254768,CVPF,cracker_scene4,70,old
10021,24.041799068450928,0.18735435468484507,CVPF,cracker_scene4,70,old
10022,24.04421877861023,0.18735435468484507,CVPF,cracker_scene4,70,old
10023,24.046584367752075,0.18735435468484507,CVPF,cracker_scene4,70,old
10024,24.04893183708191,0.18735435468484507,CVPF,cracker_scene4,70,old
10025,24.05133032798767,0.18565679605855667,CVPF,cracker_scene4,70,old
10026,24.05376696586609,0.18565679605855667,CVPF,cracker_scene4,70,old
10027,24.05615544319153,0.18565679605855667,CVPF,cracker_scene4,70,old
10028,24.058480262756348,0.18556065200657113,CVPF,cracker_scene4,70,old
10029,24.061098337173462,0.18556065200657113,CVPF,cracker_scene4,70,old
10030,24.063555002212524,0.18556065200657113,CVPF,cracker_scene4,70,old
10031,24.06591773033142,0.18556065200657113,CVPF,cracker_scene4,70,old
10032,24.068526029586792,0.1855833819194368,CVPF,cracker_scene4,70,old
10033,24.071228981018066,0.1855833819194368,CVPF,cracker_scene4,70,old
10034,24.073638200759888,0.1855833819194368,CVPF,cracker_scene4,70,old
10035,24.076165676116943,0.18557774783887293,CVPF,cracker_scene4,70,old
10036,24.078824758529663,0.18557774783887293,CVPF,cracker_scene4,70,old
10037,24.081183671951294,0.18557774783887293,CVPF,cracker_scene4,70,old
10038,24.08354949951172,0.18557774783887293,CVPF,cracker_scene4,70,old
10039,24.086146593093872,0.18558097067041412,CVPF,cracker_scene4,70,old
10040,24.088882207870483,0.18558097067041412,CVPF,cracker_scene4,70,old
10041,24.091266632080078,0.18558097067041412,CVPF,cracker_scene4,70,old
10042,24.09388780593872,0.18556838871616765,CVPF,cracker_scene4,70,old
10043,24.09649133682251,0.18556838871616765,CVPF,cracker_scene4,70,old
10044,24.09889554977417,0.18556838871616765,CVPF,cracker_scene4,70,old
10045,24.10150647163391,0.18708602118721718,CVPF,cracker_scene4,70,old
10046,24.10408854484558,0.18708602118721718,CVPF,cracker_scene4,70,old
10047,24.10652232170105,0.18708602118721718,CVPF,cracker_scene4,70,old
10048,24.10905146598816,0.18723437071533766,CVPF,cracker_scene4,70,old
10049,24.111676454544067,0.18723437071533766,CVPF,cracker_scene4,70,old
10050,24.113971710205078,0.18723437071533766,CVPF,cracker_scene4,70,old
10051,24.116456031799316,0.18562285585375893,CVPF,cracker_scene4,70,old
10052,24.119174003601074,0.18548415058508194,CVPF,cracker_scene4,70,old
10053,24.122487783432007,0.18997085294666602,CVPF,cracker_scene4,70,old
10054,24.124802589416504,0.18997085294666602,CVPF,cracker_scene4,70,old
10055,24.12733221054077,0.19021980297360994,CVPF,cracker_scene4,70,old
10056,24.129937648773193,0.19021980297360994,CVPF,cracker_scene4,70,old
10057,24.132283687591553,0.19021980297360994,CVPF,cracker_scene4,70,old
10058,24.134649515151978,0.19006716324230433,CVPF,cracker_scene4,70,old
10059,24.13735008239746,0.19006716324230433,CVPF,cracker_scene4,70,old
10060,24.139714241027832,0.19006716324230433,CVPF,cracker_scene4,70,old
10061,24.14210319519043,0.19024445757307004,CVPF,cracker_scene4,70,old
10062,24.1446635723114,0.19024445757307004,CVPF,cracker_scene4,70,old
10063,24.147145748138428,0.19024445757307004,CVPF,cracker_scene4,70,old
10064,24.149555683135986,0.19024445757307004,CVPF,cracker_scene4,70,old
10065,24.15214443206787,0.19016565284324077,CVPF,cracker_scene4,70,old
10066,24.15473699569702,0.19016565284324077,CVPF,cracker_scene4,70,old
10067,24.157174110412598,0.19016565284324077,CVPF,cracker_scene4,70,old
10068,24.15994930267334,0.19013798843194907,CVPF,cracker_scene4,70,old
10069,24.162416458129883,0.19013798843194907,CVPF,cracker_scene4,70,old
10070,24.164804697036743,0.19013798843194907,CVPF,cracker_scene4,70,old
10071,24.167192220687866,0.19011940941358188,CVPF,cracker_scene4,70,old
10072,24.16974186897278,0.19003559946982604,CVPF,cracker_scene4,70,old
10073,24.17233443260193,0.19003559946982604,CVPF,cracker_scene4,70,old
10074,24.17463183403015,0.19003559946982604,CVPF,cracker_scene4,70,old
10075,24.176909685134888,0.19003559946982604,CVPF,cracker_scene4,70,old
10076,24.179374933242798,0.18999212254480563,CVPF,cracker_scene4,70,old
10077,24.181838035583496,0.18999212254480563,CVPF,cracker_scene4,70,old
10078,24.184284925460815,0.18999212254480563,CVPF,cracker_scene4,70,old
10079,24.18664526939392,0.18999212254480563,CVPF,cracker_scene4,70,old
10080,24.189091682434082,0.18998675293521083,CVPF,cracker_scene4,70,old
10081,24.191529035568237,0.18998675293521083,CVPF,cracker_scene4,70,old
10082,24.19378113746643,0.18998675293521083,CVPF,cracker_scene4,70,old
10083,24.19625687599182,0.18998675293521083,CVPF,cracker_scene4,70,old
10084,24.198609352111816,0.18998675293521083,CVPF,cracker_scene4,70,old
10085,24.20122218132019,0.19002191996852716,CVPF,cracker_scene4,70,old
10086,24.203978061676025,0.19000993397539057,CVPF,cracker_scene4,70,old
10087,24.206714868545532,0.19000993397539057,CVPF,cracker_scene4,70,old
10088,24.20902156829834,0.19000993397539057,CVPF,cracker_scene4,70,old
10089,24.211580991744995,0.18999711000849065,CVPF,cracker_scene4,70,old
10090,24.21401357650757,0.18999711000849065,CVPF,cracker_scene4,70,old
10091,24.21657919883728,0.19012009597867724,CVPF,cracker_scene4,70,old
10092,24.218939781188965,0.19012009597867724,CVPF,cracker_scene4,70,old
10093,24.221457958221436,0.19012009597867724,CVPF,cracker_scene4,70,old
10094,24.2238290309906,0.19012009597867724,CVPF,cracker_scene4,70,old
10095,24.22605323791504,0.19012009597867724,CVPF,cracker_scene4,70,old
10096,24.22860074043274,0.1902598854073124,CVPF,cracker_scene4,70,old
10097,24.231033325195312,0.1902598854073124,CVPF,cracker_scene4,70,old
10098,24.233340740203857,0.1902598854073124,CVPF,cracker_scene4,70,old
10099,24.23594880104065,0.19019550417467793,CVPF,cracker_scene4,70,old
10100,24.238940954208374,0.19012141293797907,CVPF,cracker_scene4,70,old
10101,24.241361618041992,0.19012141293797907,CVPF,cracker_scene4,70,old
10102,24.243778705596924,0.19012141293797907,CVPF,cracker_scene4,70,old
10103,24.24634289741516,0.19015600690718837,CVPF,cracker_scene4,70,old
10104,24.248796224594116,0.19015600690718837,CVPF,cracker_scene4,70,old
10105,24.251431703567505,0.19015600690718837,CVPF,cracker_scene4,70,old
10106,24.2538902759552,0.19015600690718837,CVPF,cracker_scene4,70,old
10107,24.256470918655396,0.19013870572661148,CVPF,cracker_scene4,70,old
10108,24.258833646774292,0.19013870572661148,CVPF,cracker_scene4,70,old
10109,24.2612783908844,0.19013870572661148,CVPF,cracker_scene4,70,old
10110,24.26390290260315,0.19013870572661148,CVPF,cracker_scene4,70,old
10111,24.266539573669434,0.19002717840029557,CVPF,cracker_scene4,70,old
10112,24.268905878067017,0.19019235918676441,CVPF,cracker_scene4,70,old
10113,24.27169132232666,0.19019235918676441,CVPF,cracker_scene4,70,old
10114,24.274232864379883,0.19019235918676441,CVPF,cracker_scene4,70,old
10115,24.276893615722656,0.19054449351286845,CVPF,cracker_scene4,70,old
10116,24.27953028678894,0.19054449351286845,CVPF,cracker_scene4,70,old
10117,24.283018827438354,0.1948242272267476,CVPF,cracker_scene4,70,old
10118,24.285658836364746,0.19456323473842863,CVPF,cracker_scene4,70,old
10119,24.288063526153564,0.19456323473842863,CVPF,cracker_scene4,70,old
10120,24.29076862335205,0.19456323473842863,CVPF,cracker_scene4,70,old
10121,24.293145895004272,0.19456323473842863,CVPF,cracker_scene4,70,old
10122,24.29553771018982,0.19456323473842863,CVPF,cracker_scene4,70,old
10123,24.298032999038696,0.19464977410981865,CVPF,cracker_scene4,70,old
10124,24.30056643486023,0.19464977410981865,CVPF,cracker_scene4,70,old
10125,24.30307960510254,0.19464977410981865,CVPF,cracker_scene4,70,old
10126,24.305479288101196,0.19464977410981865,CVPF,cracker_scene4,70,old
10127,24.307815551757812,0.19464977410981865,CVPF,cracker_scene4,70,old
10128,24.310413122177124,0.19464977410981865,CVPF,cracker_scene4,70,old
10129,24.312993049621582,0.1963652869547573,CVPF,cracker_scene4,70,old
10130,24.31576371192932,0.1963652869547573,CVPF,cracker_scene4,70,old
10131,24.3183376789093,0.1945514487614174,CVPF,cracker_scene4,70,old
10132,24.32096838951111,0.1945514487614174,CVPF,cracker_scene4,70,old
10133,24.323601961135864,0.19435811383623885,CVPF,cracker_scene4,70,old
10134,24.326170921325684,0.19435811383623885,CVPF,cracker_scene4,70,old
10135,24.328663110733032,0.19661916450167066,CVPF,cracker_scene4,70,old
10136,24.331248998641968,0.19661916450167066,CVPF,cracker_scene4,70,old
10137,24.333930015563965,0.19473557922622253,CVPF,cracker_scene4,70,old
10138,24.336638689041138,0.19473557922622253,CVPF,cracker_scene4,70,old
10139,24.33912992477417,0.19460728932552396,CVPF,cracker_scene4,70,old
10140,24.34166407585144,0.19460728932552396,CVPF,cracker_scene4,70,old
10141,24.344306468963623,0.1947392796302492,CVPF,cracker_scene4,70,old
10142,24.34689688682556,0.1947392796302492,CVPF,cracker_scene4,70,old
10143,24.349412441253662,0.1947542592453641,CVPF,cracker_scene4,70,old
10144,24.351921796798706,0.1947542592453641,CVPF,cracker_scene4,70,old
10145,24.35440230369568,0.1961519935071875,CVPF,cracker_scene4,70,old
10146,24.356779098510742,0.1961519935071875,CVPF,cracker_scene4,70,old
10147,24.359235763549805,0.1961519935071875,CVPF,cracker_scene4,70,old
10148,24.361953496932983,0.19469403823218653,CVPF,cracker_scene4,70,old
10149,24.3646080493927,0.19469403823218653,CVPF,cracker_scene4,70,old
10150,24.36701011657715,0.19408322422903995,CVPF,cracker_scene4,70,old
10151,24.369598388671875,0.19408322422903995,CVPF,cracker_scene4,70,old
10152,24.372249126434326,0.19609019450930393,CVPF,cracker_scene4,70,old
10153,24.37459659576416,0.19609019450930393,CVPF,cracker_scene4,70,old
10154,24.37712550163269,0.1947652233884629,CVPF,cracker_scene4,70,old
10155,24.3796706199646,0.1947652233884629,CVPF,cracker_scene4,70,old
10156,24.382123708724976,0.1947652233884629,CVPF,cracker_scene4,70,old
10157,24.384721040725708,0.1962466371961437,CVPF,cracker_scene4,70,old
10158,24.387191772460938,0.1962466371961437,CVPF,cracker_scene4,70,old
10159,24.389418601989746,0.1962466371961437,CVPF,cracker_scene4,70,old
10160,24.391881465911865,0.1962466371961437,CVPF,cracker_scene4,70,old
10161,24.394584894180298,0.19479662804739223,CVPF,cracker_scene4,70,old
10162,24.397132396697998,0.19479662804739223,CVPF,cracker_scene4,70,old
10163,24.399457693099976,0.19479662804739223,CVPF,cracker_scene4,70,old
10164,24.40217924118042,0.19666121788085197,CVPF,cracker_scene4,70,old
10165,24.404808282852173,0.19666121788085197,CVPF,cracker_scene4,70,old
10166,24.40717053413391,0.19666121788085197,CVPF,cracker_scene4,70,old
10167,24.40962314605713,0.19475041695128092,CVPF,cracker_scene4,70,old
10168,24.412139892578125,0.19475041695128092,CVPF,cracker_scene4,70,old
10169,24.414520978927612,0.19475041695128092,CVPF,cracker_scene4,70,old
10170,24.41704821586609,0.1946339199326824,CVPF,cracker_scene4,70,old
10171,24.419553995132446,0.1946339199326824,CVPF,cracker_scene4,70,old
10172,24.421912670135498,0.1946339199326824,CVPF,cracker_scene4,70,old
10173,24.42424440383911,0.1946339199326824,CVPF,cracker_scene4,70,old
10174,24.4269015789032,0.19465301466975773,CVPF,cracker_scene4,70,old
10175,24.42915105819702,0.19465301466975773,CVPF,cracker_scene4,70,old
10176,24.431598663330078,0.19465301466975773,CVPF,cracker_scene4,70,old
10177,24.434106826782227,0.19461021929932504,CVPF,cracker_scene4,70,old
10178,24.437164783477783,0.19461021929932504,CVPF,cracker_scene4,70,old
10179,24.43972682952881,0.19461021929932504,CVPF,cracker_scene4,70,old
10180,24.443146228790283,0.20030996230352702,CVPF,cracker_scene4,70,old
10181,24.44571328163147,0.20030996230352702,CVPF,cracker_scene4,70,old
10182,24.448122262954712,0.20030996230352702,CVPF,cracker_scene4,70,old
10183,24.45074486732483,0.2018098935173838,CVPF,cracker_scene4,70,old
10184,24.453413486480713,0.2018098935173838,CVPF,cracker_scene4,70,old
10185,24.45567750930786,0.2018098935173838,CVPF,cracker_scene4,70,old
10186,24.458009243011475,0.2004272145000443,CVPF,cracker_scene4,70,old
10187,24.460631370544434,0.20032196134461736,CVPF,cracker_scene4,70,old
10188,24.463027954101562,0.20032196134461736,CVPF,cracker_scene4,70,old
10189,24.465277433395386,0.20032196134461736,CVPF,cracker_scene4,70,old
10190,24.467725038528442,0.20212673366604722,CVPF,cracker_scene4,70,old
10191,24.470309257507324,0.20212673366604722,CVPF,cracker_scene4,70,old
10192,24.472808599472046,0.20212673366604722,CVPF,cracker_scene4,70,old
10193,24.475168228149414,0.2021472254673039,CVPF,cracker_scene4,70,old
10194,24.477717399597168,0.20181972625081673,CVPF,cracker_scene4,70,old
10195,24.480323791503906,0.20181972625081673,CVPF,cracker_scene4,70,old
10196,24.482707262039185,0.20181972625081673,CVPF,cracker_scene4,70,old
10197,24.48531937599182,0.20219590121168762,CVPF,cracker_scene4,70,old
10198,24.487938404083252,0.20219590121168762,CVPF,cracker_scene4,70,old
10199,24.490312337875366,0.20219590121168762,CVPF,cracker_scene4,70,old
10200,24.492987155914307,0.20181976165665488,CVPF,cracker_scene4,70,old
10201,24.495545625686646,0.20181976165665488,CVPF,cracker_scene4,70,old
10202,24.4979145526886,0.20181976165665488,CVPF,cracker_scene4,70,old
10203,24.500398635864258,0.20232502258985918,CVPF,cracker_scene4,70,old
10204,24.502947568893433,0.20232502258985918,CVPF,cracker_scene4,70,old
10205,24.505523443222046,0.20232502258985918,CVPF,cracker_scene4,70,old
10206,24.50784468650818,0.20232502258985918,CVPF,cracker_scene4,70,old
10207,24.510377168655396,0.20041365464696884,CVPF,cracker_scene4,70,old
10208,24.512989044189453,0.20041365464696884,CVPF,cracker_scene4,70,old
10209,24.515506505966187,0.20041365464696884,CVPF,cracker_scene4,70,old
10210,24.51811695098877,0.20038377488680417,CVPF,cracker_scene4,70,old
10211,24.520650148391724,0.20038377488680417,CVPF,cracker_scene4,70,old
10212,24.523027420043945,0.20038377488680417,CVPF,cracker_scene4,70,old
10213,24.52554488182068,0.20226381792163167,CVPF,cracker_scene4,70,old
10214,24.52816653251648,0.20226381792163167,CVPF,cracker_scene4,70,old
10215,24.530656814575195,0.20226381792163167,CVPF,cracker_scene4,70,old
10216,24.533113718032837,0.20226381792163167,CVPF,cracker_scene4,70,old
10217,24.535824060440063,0.20218792762972296,CVPF,cracker_scene4,70,old
10218,24.538354873657227,0.20218792762972296,CVPF,cracker_scene4,70,old
10219,24.54062581062317,0.20218792762972296,CVPF,cracker_scene4,70,old
10220,24.54334855079651,0.20050257661803503,CVPF,cracker_scene4,70,old
10221,24.546744346618652,0.20050257661803503,CVPF,cracker_scene4,70,old
10222,24.549230337142944,0.20050257661803503,CVPF,cracker_scene4,70,old
10223,24.551772594451904,0.201697938752426,CVPF,cracker_scene4,70,old
10224,24.554200887680054,0.201697938752426,CVPF,cracker_scene4,70,old
10225,24.5564923286438,0.201697938752426,CVPF,cracker_scene4,70,old
10226,24.558829307556152,0.20037184130548996,CVPF,cracker_scene4,70,old
10227,24.561363697052002,0.20037184130548996,CVPF,cracker_scene4,70,old
10228,24.564019680023193,0.20037184130548996,CVPF,cracker_scene4,70,old
10229,24.566299438476562,0.20037184130548996,CVPF,cracker_scene4,70,old
10230,24.568949460983276,0.19921442247493334,CVPF,cracker_scene4,70,old
10231,24.571544408798218,0.19921442247493334,CVPF,cracker_scene4,70,old
10232,24.573909282684326,0.19921442247493334,CVPF,cracker_scene4,70,old
10233,24.57625699043274,0.19921442247493334,CVPF,cracker_scene4,70,old
10234,24.578588724136353,0.20026877310015515,CVPF,cracker_scene4,70,old
10235,24.58113193511963,0.20030266689616424,CVPF,cracker_scene4,70,old
10236,24.58367943763733,0.20030266689616424,CVPF,cracker_scene4,70,old
10237,24.586073637008667,0.20030266689616424,CVPF,cracker_scene4,70,old
10238,24.58847427368164,0.20030266689616424,CVPF,cracker_scene4,70,old
10239,24.591150522232056,0.2002767192973679,CVPF,cracker_scene4,70,old
10240,24.59366464614868,0.2002767192973679,CVPF,cracker_scene4,70,old
10241,24.595929384231567,0.2002767192973679,CVPF,cracker_scene4,70,old
10242,24.598417043685913,0.2004257628802866,CVPF,cracker_scene4,70,old
10243,24.601596355438232,0.20220673698433866,CVPF,cracker_scene4,70,old
10244,24.6041738986969,0.20220673698433866,CVPF,cracker_scene4,70,old
10245,24.606908082962036,0.20220673698433866,CVPF,cracker_scene4,70,old
10246,24.609358549118042,0.20207188520464017,CVPF,cracker_scene4,70,old
10247,24.61201763153076,0.20207188520464017,CVPF,cracker_scene4,70,old
10248,24.614308834075928,0.20207188520464017,CVPF,cracker_scene4,70,old
10249,24.61671018600464,0.20207188520464017,CVPF,cracker_scene4,70,old
10250,24.619131326675415,0.20369750189265057,CVPF,cracker_scene4,70,old
10251,24.621492385864258,0.20369750189265057,CVPF,cracker_scene4,70,old
10252,24.62408685684204,0.20369750189265057,CVPF,cracker_scene4,70,old
10253,24.626458406448364,0.20369750189265057,CVPF,cracker_scene4,70,old
10254,24.628843545913696,0.20369750189265057,CVPF,cracker_scene4,70,old
10255,24.63142728805542,0.2022219073915758,CVPF,cracker_scene4,70,old
10256,24.633955478668213,0.2022219073915758,CVPF,cracker_scene4,70,old
10257,24.63629651069641,0.2022219073915758,CVPF,cracker_scene4,70,old
10258,24.638915300369263,0.2022219073915758,CVPF,cracker_scene4,70,old
10259,24.641388416290283,0.20114371433251327,CVPF,cracker_scene4,70,old
10260,24.643836498260498,0.20114371433251327,CVPF,cracker_scene4,70,old
10261,24.64638090133667,0.20114371433251327,CVPF,cracker_scene4,70,old
10262,24.6488516330719,0.20114371433251327,CVPF,cracker_scene4,70,old
10263,24.651219606399536,0.20114371433251327,CVPF,cracker_scene4,70,old
10264,24.653594255447388,0.20114371433251327,CVPF,cracker_scene4,70,old
10265,24.656134128570557,0.20108137017232805,CVPF,cracker_scene4,70,old
10266,24.658705472946167,0.20108137017232805,CVPF,cracker_scene4,70,old
10267,24.661081790924072,0.20108137017232805,CVPF,cracker_scene4,70,old
10268,24.663634538650513,0.20220302944869523,CVPF,cracker_scene4,70,old
10269,24.66614007949829,0.20220302944869523,CVPF,cracker_scene4,70,old
10270,24.668689012527466,0.20220302944869523,CVPF,cracker_scene4,70,old
10271,24.671220541000366,0.20220302944869523,CVPF,cracker_scene4,70,old
10272,24.67357349395752,0.20220302944869523,CVPF,cracker_scene4,70,old
10273,24.676066637039185,0.2023124845812795,CVPF,cracker_scene4,70,old
10274,24.678580045700073,0.2023124845812795,CVPF,cracker_scene4,70,old
10275,24.68083095550537,0.2023124845812795,CVPF,cracker_scene4,70,old
10276,24.68335199356079,0.20417270520692635,CVPF,cracker_scene4,70,old
10277,24.685941457748413,0.20417270520692635,CVPF,cracker_scene4,70,old
10278,24.688356399536133,0.20417270520692635,CVPF,cracker_scene4,70,old
10279,24.690754175186157,0.20417270520692635,CVPF,cracker_scene4,70,old
10280,24.69345712661743,0.20414673799671224,CVPF,cracker_scene4,70,old
10281,24.695894479751587,0.20414673799671224,CVPF,cracker_scene4,70,old
10282,24.6982479095459,0.20414673799671224,CVPF,cracker_scene4,70,old
10283,24.70089554786682,0.20414673799671224,CVPF,cracker_scene4,70,old
10284,24.703462600708008,0.20414673799671224,CVPF,cracker_scene4,70,old
10285,24.706128358840942,0.20228933315239794,CVPF,cracker_scene4,70,old
10286,24.70885181427002,0.20223761660559547,CVPF,cracker_scene4,70,old
10287,24.711530923843384,0.20223761660559547,CVPF,cracker_scene4,70,old
10288,24.714240550994873,0.20417453020613885,CVPF,cracker_scene4,70,old
10289,24.71695327758789,0.20236528009875057,CVPF,cracker_scene4,70,old
10290,24.71970295906067,0.20236528009875057,CVPF,cracker_scene4,70,old
10291,24.722230911254883,0.20231558900014893,CVPF,cracker_scene4,70,old
10292,24.72487187385559,0.20231558900014893,CVPF,cracker_scene4,70,old
10293,24.727561950683594,0.20238940168441275,CVPF,cracker_scene4,70,old
10294,24.730283498764038,0.20238940168441275,CVPF,cracker_scene4,70,old
10295,24.73292636871338,0.20236757729676177,CVPF,cracker_scene4,70,old
10296,24.73557138442993,0.20236757729676177,CVPF,cracker_scene4,70,old
10297,24.738316774368286,0.2037367022503892,CVPF,cracker_scene4,70,old
10298,24.740890741348267,0.2037367022503892,CVPF,cracker_scene4,70,old
10299,24.743672370910645,0.20249481322606788,CVPF,cracker_scene4,70,old
10300,24.74629259109497,0.20249481322606788,CVPF,cracker_scene4,70,old
10301,24.748831033706665,0.20249481322606788,CVPF,cracker_scene4,70,old
10302,24.75137448310852,0.20249117390966784,CVPF,cracker_scene4,70,old
10303,24.75403094291687,0.20249117390966784,CVPF,cracker_scene4,70,old
10304,24.756497144699097,0.20249117390966784,CVPF,cracker_scene4,70,old
10305,24.75903844833374,0.20129331273168974,CVPF,cracker_scene4,70,old
10306,24.761517763137817,0.20129331273168974,CVPF,cracker_scene4,70,old
10307,24.764676094055176,0.19519132046582965,CVPF,cracker_scene4,70,old
10308,24.767003297805786,0.19639848553531988,CVPF,cracker_scene4,70,old
10309,24.769524335861206,0.19645088706391417,CVPF,cracker_scene4,70,old
10310,24.77205777168274,0.19645088706391417,CVPF,cracker_scene4,70,old
10311,24.77455163002014,0.19848548137252386,CVPF,cracker_scene4,70,old
10312,24.777189016342163,0.1985111715916041,CVPF,cracker_scene4,70,old
10313,24.77962327003479,0.1985111715916041,CVPF,cracker_scene4,70,old
10314,24.781860828399658,0.1985111715916041,CVPF,cracker_scene4,70,old
10315,24.784348487854004,0.1965022588016263,CVPF,cracker_scene4,70,old
10316,24.78691005706787,0.1965022588016263,CVPF,cracker_scene4,70,old
10317,24.789268016815186,0.1965022588016263,CVPF,cracker_scene4,70,old
10318,24.791567087173462,0.19848015856116652,CVPF,cracker_scene4,70,old
10319,24.794251918792725,0.19841368508502158,CVPF,cracker_scene4,70,old
10320,24.79677152633667,0.19841368508502158,CVPF,cracker_scene4,70,old
10321,24.799100160598755,0.19841368508502158,CVPF,cracker_scene4,70,old
10322,24.801714658737183,0.19663117972143654,CVPF,cracker_scene4,70,old
10323,24.804357290267944,0.19663117972143654,CVPF,cracker_scene4,70,old
10324,24.80682873725891,0.19663117972143654,CVPF,cracker_scene4,70,old
10325,24.8092839717865,0.19623223642959656,CVPF,cracker_scene4,70,old
10326,24.811535835266113,0.19623223642959656,CVPF,cracker_scene4,70,old
10327,24.81388568878174,0.19623223642959656,CVPF,cracker_scene4,70,old
10328,24.81611919403076,0.19623223642959656,CVPF,cracker_scene4,70,old
10329,24.818662643432617,0.19586038420739318,CVPF,cracker_scene4,70,old
10330,24.820948839187622,0.19586038420739318,CVPF,cracker_scene4,70,old
10331,24.82328486442566,0.19586038420739318,CVPF,cracker_scene4,70,old
10332,24.825668334960938,0.19451415412018824,CVPF,cracker_scene4,70,old
10333,24.827954292297363,0.19451415412018824,CVPF,cracker_scene4,70,old
10334,24.830206632614136,0.19451415412018824,CVPF,cracker_scene4,70,old
10335,24.832453966140747,0.19451415412018824,CVPF,cracker_scene4,70,old
10336,24.835061073303223,0.19647575192428895,CVPF,cracker_scene4,70,old
10337,24.838209867477417,0.19647575192428895,CVPF,cracker_scene4,70,old
10338,24.840599536895752,0.19647575192428895,CVPF,cracker_scene4,70,old
10339,24.84319543838501,0.1964435020199153,CVPF,cracker_scene4,70,old
10340,24.84578514099121,0.1964435020199153,CVPF,cracker_scene4,70,old
10341,24.848093271255493,0.1964435020199153,CVPF,cracker_scene4,70,old
10342,24.850592136383057,0.19637350989692975,CVPF,cracker_scene4,70,old
10343,24.853044033050537,0.19637350989692975,CVPF,cracker_scene4,70,old
10344,24.85553288459778,0.19637350989692975,CVPF,cracker_scene4,70,old
10345,24.85784101486206,0.19637350989692975,CVPF,cracker_scene4,70,old
10346,24.860590934753418,0.1964433295970055,CVPF,cracker_scene4,70,old
10347,24.863112688064575,0.1964433295970055,CVPF,cracker_scene4,70,old
10348,24.86544680595398,0.1964433295970055,CVPF,cracker_scene4,70,old
10349,24.867982625961304,0.1978778942783338,CVPF,cracker_scene4,70,old
10350,24.87063694000244,0.1978778942783338,CVPF,cracker_scene4,70,old
10351,24.873225212097168,0.1978778942783338,CVPF,cracker_scene4,70,old
10352,24.875814199447632,0.19640526058750002,CVPF,cracker_scene4,70,old
10353,24.878273010253906,0.19640526058750002,CVPF,cracker_scene4,70,old
10354,24.880701065063477,0.19640526058750002,CVPF,cracker_scene4,70,old
10355,24.88312005996704,0.19640526058750002,CVPF,cracker_scene4,70,old
10356,24.8857524394989,0.19645151912257056,CVPF,cracker_scene4,70,old
10357,24.888214349746704,0.19645151912257056,CVPF,cracker_scene4,70,old
10358,24.890477895736694,0.19645151912257056,CVPF,cracker_scene4,70,old
10359,24.89293622970581,0.19638050199704865,CVPF,cracker_scene4,70,old
10360,24.89549207687378,0.19638050199704865,CVPF,cracker_scene4,70,old
10361,24.897857666015625,0.19638050199704865,CVPF,cracker_scene4,70,old
10362,24.900349140167236,0.19635678024067257,CVPF,cracker_scene4,70,old
10363,24.90291118621826,0.19635678024067257,CVPF,cracker_scene4,70,old
10364,24.905468702316284,0.19635678024067257,CVPF,cracker_scene4,70,old
10365,24.907822132110596,0.19635678024067257,CVPF,cracker_scene4,70,old
10366,24.91043257713318,0.19845486168177948,CVPF,cracker_scene4,70,old
10367,24.912943840026855,0.19845486168177948,CVPF,cracker_scene4,70,old
10368,24.915494203567505,0.19845486168177948,CVPF,cracker_scene4,70,old
10369,24.918116569519043,0.19633095544348358,CVPF,cracker_scene4,70,old
10370,24.920883417129517,0.19633095544348358,CVPF,cracker_scene4,70,old
10371,24.923491954803467,0.19633095544348358,CVPF,cracker_scene4,70,old
10372,24.92669916152954,0.19051941551696888,CVPF,cracker_scene4,70,old
10373,24.92945885658264,0.19051941551696888,CVPF,cracker_scene4,70,old
10374,24.931970596313477,0.19051941551696888,CVPF,cracker_scene4,70,old
10375,24.934423685073853,0.19035363782216766,CVPF,cracker_scene4,70,old
10376,24.937063455581665,0.19035363782216766,CVPF,cracker_scene4,70,old
10377,24.93952989578247,0.19035363782216766,CVPF,cracker_scene4,70,old
10378,24.942073583602905,0.18900767736782592,CVPF,cracker_scene4,70,old
10379,24.944584369659424,0.18900767736782592,CVPF,cracker_scene4,70,old
10380,24.947149515151978,0.18900767736782592,CVPF,cracker_scene4,70,old
10381,24.949580669403076,0.1905892819984943,CVPF,cracker_scene4,70,old
10382,24.952157735824585,0.1906830304894335,CVPF,cracker_scene4,70,old
10383,24.954766035079956,0.1906830304894335,CVPF,cracker_scene4,70,old
10384,24.957270622253418,0.1906830304894335,CVPF,cracker_scene4,70,old
10385,24.95992136001587,0.19044013766893403,CVPF,cracker_scene4,70,old
10386,24.96252703666687,0.19044013766893403,CVPF,cracker_scene4,70,old
10387,24.96493911743164,0.19044013766893403,CVPF,cracker_scene4,70,old
10388,24.967522859573364,0.19056675463941353,CVPF,cracker_scene4,70,old
10389,24.9701828956604,0.19056675463941353,CVPF,cracker_scene4,70,old
10390,24.972636699676514,0.19056675463941353,CVPF,cracker_scene4,70,old
10391,24.975064039230347,0.19058388518072605,CVPF,cracker_scene4,70,old
10392,24.97754430770874,0.19052313118142514,CVPF,cracker_scene4,70,old
10393,24.979961156845093,0.19052313118142514,CVPF,cracker_scene4,70,old
10394,24.982213497161865,0.19052313118142514,CVPF,cracker_scene4,70,old
10395,24.98468780517578,0.1907378405318192,CVPF,cracker_scene4,70,old
10396,24.98718810081482,0.1907378405318192,CVPF,cracker_scene4,70,old
10397,24.989537715911865,0.1907378405318192,CVPF,cracker_scene4,70,old
10398,24.99188208580017,0.19051379000654206,CVPF,cracker_scene4,70,old
10399,24.994446516036987,0.19051379000654206,CVPF,cracker_scene4,70,old
10400,24.99695587158203,0.19051379000654206,CVPF,cracker_scene4,70,old
10401,24.99928593635559,0.19051379000654206,CVPF,cracker_scene4,70,old
10402,25.001710891723633,0.19211287515996422,CVPF,cracker_scene4,70,old
10403,25.00441288948059,0.19211287515996422,CVPF,cracker_scene4,70,old
10404,25.00689959526062,0.19211287515996422,CVPF,cracker_scene4,70,old
10405,25.00925612449646,0.19210789773092127,CVPF,cracker_scene4,70,old
10406,25.011658906936646,0.19210789773092127,CVPF,cracker_scene4,70,old
10407,25.014127492904663,0.19210789773092127,CVPF,cracker_scene4,70,old
10408,25.016430139541626,0.19210789773092127,CVPF,cracker_scene4,70,old
10409,25.01901412010193,0.19257736897581154,CVPF,cracker_scene4,70,old
10410,25.021241903305054,0.19257736897581154,CVPF,cracker_scene4,70,old
10411,25.02347159385681,0.19257736897581154,CVPF,cracker_scene4,70,old
10412,25.02614951133728,0.19064902459428154,CVPF,cracker_scene4,70,old
10413,25.028614044189453,0.19064902459428154,CVPF,cracker_scene4,70,old
10414,25.031255960464478,0.19064902459428154,CVPF,cracker_scene4,70,old
10415,25.033584594726562,0.19070415996314635,CVPF,cracker_scene4,70,old
10416,25.036263465881348,0.19057623380088354,CVPF,cracker_scene4,70,old
10417,25.03876233100891,0.19057623380088354,CVPF,cracker_scene4,70,old
10418,25.04105520248413,0.19057623380088354,CVPF,cracker_scene4,70,old
10419,25.043581247329712,0.19052381174503005,CVPF,cracker_scene4,70,old
10420,25.046130657196045,0.19052381174503005,CVPF,cracker_scene4,70,old
10421,25.048535585403442,0.19052381174503005,CVPF,cracker_scene4,70,old
10422,25.051225662231445,0.19269681363564525,CVPF,cracker_scene4,70,old
10423,25.053865671157837,0.19269681363564525,CVPF,cracker_scene4,70,old
10424,25.05619192123413,0.19269681363564525,CVPF,cracker_scene4,70,old
10425,25.058605194091797,0.19269681363564525,CVPF,cracker_scene4,70,old
10426,25.061323404312134,0.19266683303847104,CVPF,cracker_scene4,70,old
10427,25.063684225082397,0.19266683303847104,CVPF,cracker_scene4,70,old
10428,25.066248893737793,0.19266683303847104,CVPF,cracker_scene4,70,old
10429,25.06900405883789,0.19274061484172755,CVPF,cracker_scene4,70,old
10430,25.07178282737732,0.19274061484172755,CVPF,cracker_scene4,70,old
10431,25.074219465255737,0.19274061484172755,CVPF,cracker_scene4,70,old
10432,25.076843976974487,0.19115224449053791,CVPF,cracker_scene4,70,old
10433,25.079402685165405,0.19115224449053791,CVPF,cracker_scene4,70,old
10434,25.08179211616516,0.19115224449053791,CVPF,cracker_scene4,70,old
10435,25.084555625915527,0.19047790756809155,CVPF,cracker_scene4,70,old
10436,25.08773422241211,0.19393968204744194,CVPF,cracker_scene4,70,old
10437,25.090027809143066,0.19393968204744194,CVPF,cracker_scene4,70,old
10438,25.09250807762146,0.19402150642029348,CVPF,cracker_scene4,70,old
10439,25.0951509475708,0.19389169335821244,CVPF,cracker_scene4,70,old
10440,25.097434520721436,0.19389169335821244,CVPF,cracker_scene4,70,old
10441,25.099746704101562,0.1937699449694854,CVPF,cracker_scene4,70,old
10442,25.102216482162476,0.1938930872217508,CVPF,cracker_scene4,70,old
10443,25.104708671569824,0.1938930872217508,CVPF,cracker_scene4,70,old
10444,25.106964826583862,0.1938930872217508,CVPF,cracker_scene4,70,old
10445,25.109424114227295,0.1940358167089533,CVPF,cracker_scene4,70,old
10446,25.111948490142822,0.1940358167089533,CVPF,cracker_scene4,70,old
10447,25.114286422729492,0.1940358167089533,CVPF,cracker_scene4,70,old
10448,25.116658926010132,0.1940358167089533,CVPF,cracker_scene4,70,old
10449,25.119291305541992,0.19391075410086955,CVPF,cracker_scene4,70,old
10450,25.12181830406189,0.19391075410086955,CVPF,cracker_scene4,70,old
10451,25.12424325942993,0.19391075410086955,CVPF,cracker_scene4,70,old
10452,25.12700080871582,0.19233257325448427,CVPF,cracker_scene4,70,old
10453,25.12945556640625,0.19233257325448427,CVPF,cracker_scene4,70,old
10454,25.131946802139282,0.19233257325448427,CVPF,cracker_scene4,70,old
10455,25.134504556655884,0.19389570430167336,CVPF,cracker_scene4,70,old
10456,25.137102365493774,0.19389570430167336,CVPF,cracker_scene4,70,old
10457,25.139527559280396,0.19389570430167336,CVPF,cracker_scene4,70,old
10458,25.14195990562439,0.19384165219042515,CVPF,cracker_scene4,70,old
10459,25.14448094367981,0.19384165219042515,CVPF,cracker_scene4,70,old
10460,25.146945238113403,0.19384165219042515,CVPF,cracker_scene4,70,old
10461,25.149308443069458,0.19384165219042515,CVPF,cracker_scene4,70,old
10462,25.15194058418274,0.19383446426189987,CVPF,cracker_scene4,70,old
10463,25.154304027557373,0.19383446426189987,CVPF,cracker_scene4,70,old
10464,25.15665054321289,0.19383446426189987,CVPF,cracker_scene4,70,old
10465,25.15945553779602,0.1937648335132547,CVPF,cracker_scene4,70,old
10466,25.162109851837158,0.1937648335132547,CVPF,cracker_scene4,70,old
10467,25.164601802825928,0.1937648335132547,CVPF,cracker_scene4,70,old
10468,25.16721749305725,0.1923505121458735,CVPF,cracker_scene4,70,old
10469,25.169966459274292,0.1923505121458735,CVPF,cracker_scene4,70,old
10470,25.172361850738525,0.1923505121458735,CVPF,cracker_scene4,70,old
10471,25.17477297782898,0.1923505121458735,CVPF,cracker_scene4,70,old
10472,25.177374124526978,0.1934320217476051,CVPF,cracker_scene4,70,old
10473,25.179923057556152,0.1934320217476051,CVPF,cracker_scene4,70,old
10474,25.182295083999634,0.1934320217476051,CVPF,cracker_scene4,70,old
10475,25.184987545013428,0.1939096669136502,CVPF,cracker_scene4,70,old
10476,25.187490463256836,0.1939096669136502,CVPF,cracker_scene4,70,old
10477,25.189765691757202,0.1939096669136502,CVPF,cracker_scene4,70,old
10478,25.1921865940094,0.19385744750839073,CVPF,cracker_scene4,70,old
10479,25.194955587387085,0.1940106537958437,CVPF,cracker_scene4,70,old
10480,25.197367668151855,0.1940106537958437,CVPF,cracker_scene4,70,old
10481,25.19976305961609,0.1940106537958437,CVPF,cracker_scene4,70,old
10482,25.20235323905945,0.19390002393492534,CVPF,cracker_scene4,70,old
10483,25.204925775527954,0.19390002393492534,CVPF,cracker_scene4,70,old
10484,25.20737338066101,0.19390002393492534,CVPF,cracker_scene4,70,old
10485,25.20985770225525,0.19392333333580503,CVPF,cracker_scene4,70,old
10486,25.212167739868164,0.19392333333580503,CVPF,cracker_scene4,70,old
10487,25.214618921279907,0.19392333333580503,CVPF,cracker_scene4,70,old
10488,25.217113256454468,0.19392333333580503,CVPF,cracker_scene4,70,old
10489,25.219510078430176,0.19237591090686657,CVPF,cracker_scene4,70,old
10490,25.221962928771973,0.19237591090686657,CVPF,cracker_scene4,70,old
10491,25.22440814971924,0.19237591090686657,CVPF,cracker_scene4,70,old
10492,25.227015733718872,0.193926406346133,CVPF,cracker_scene4,70,old
10493,25.22932720184326,0.193926406346133,CVPF,cracker_scene4,70,old
10494,25.2316632270813,0.193926406346133,CVPF,cracker_scene4,70,old
10495,25.234119415283203,0.19396628280450479,CVPF,cracker_scene4,70,old
10496,25.237290143966675,0.19396628280450479,CVPF,cracker_scene4,70,old
10497,25.239901304244995,0.19396628280450479,CVPF,cracker_scene4,70,old
10498,25.24254608154297,0.19352509796406725,CVPF,cracker_scene4,70,old
10499,25.245834827423096,0.20643577605941527,CVPF,cracker_scene4,70,old
10500,25.24822688102722,0.20643577605941527,CVPF,cracker_scene4,70,old
10501,25.250713109970093,0.20687766143843106,CVPF,cracker_scene4,70,old
10502,25.25325298309326,0.20687766143843106,CVPF,cracker_scene4,70,old
10503,25.255627870559692,0.20687766143843106,CVPF,cracker_scene4,70,old
10504,25.258097171783447,0.20687766143843106,CVPF,cracker_scene4,70,old
10505,25.26079750061035,0.20840190777719383,CVPF,cracker_scene4,70,old
10506,25.263553857803345,0.20840190777719383,CVPF,cracker_scene4,70,old
10507,25.266053676605225,0.20840190777719383,CVPF,cracker_scene4,70,old
10508,25.26860284805298,0.20838293643576924,CVPF,cracker_scene4,70,old
10509,25.271263599395752,0.20838293643576924,CVPF,cracker_scene4,70,old
10510,25.2736873626709,0.20838293643576924,CVPF,cracker_scene4,70,old
10511,25.276246070861816,0.20690387283700956,CVPF,cracker_scene4,70,old
10512,25.278857469558716,0.20690387283700956,CVPF,cracker_scene4,70,old
10513,25.281322240829468,0.20690387283700956,CVPF,cracker_scene4,70,old
10514,25.283965587615967,0.20640393421598915,CVPF,cracker_scene4,70,old
10515,25.286534547805786,0.20640393421598915,CVPF,cracker_scene4,70,old
10516,25.28886389732361,0.20640393421598915,CVPF,cracker_scene4,70,old
10517,25.29121470451355,0.20640393421598915,CVPF,cracker_scene4,70,old
10518,25.293849229812622,0.2086887756359709,CVPF,cracker_scene4,70,old
10519,25.296518564224243,0.2086887756359709,CVPF,cracker_scene4,70,old
10520,25.298908710479736,0.2086887756359709,CVPF,cracker_scene4,70,old
10521,25.3013973236084,0.205266220511403,CVPF,cracker_scene4,70,old
10522,25.30394673347473,0.205266220511403,CVPF,cracker_scene4,70,old
10523,25.306323289871216,0.205266220511403,CVPF,cracker_scene4,70,old
10524,25.308772325515747,0.20837481337503935,CVPF,cracker_scene4,70,old
10525,25.31123948097229,0.20837481337503935,CVPF,cracker_scene4,70,old
10526,25.31364393234253,0.20837481337503935,CVPF,cracker_scene4,70,old
10527,25.31604528427124,0.20837481337503935,CVPF,cracker_scene4,70,old
10528,25.318519115447998,0.20685419779808437,CVPF,cracker_scene4,70,old
10529,25.321068286895752,0.20685419779808437,CVPF,cracker_scene4,70,old
10530,25.3234760761261,0.20685419779808437,CVPF,cracker_scene4,70,old
10531,25.326104402542114,0.20891197453086227,CVPF,cracker_scene4,70,old
10532,25.328786373138428,0.20891197453086227,CVPF,cracker_scene4,70,old
10533,25.331253051757812,0.20891197453086227,CVPF,cracker_scene4,70,old
10534,25.333735466003418,0.20640903291690593,CVPF,cracker_scene4,70,old
10535,25.336596727371216,0.20640903291690593,CVPF,cracker_scene4,70,old
10536,25.339056968688965,0.20640903291690593,CVPF,cracker_scene4,70,old
10537,25.341594696044922,0.20693615090651912,CVPF,cracker_scene4,70,old
10538,25.344269275665283,0.20693615090651912,CVPF,cracker_scene4,70,old
10539,25.346735954284668,0.20693615090651912,CVPF,cracker_scene4,70,old
10540,25.349196195602417,0.20693615090651912,CVPF,cracker_scene4,70,old
10541,25.351863861083984,0.208831929906712,CVPF,cracker_scene4,70,old
10542,25.354372024536133,0.208831929906712,CVPF,cracker_scene4,70,old
10543,25.356727123260498,0.208831929906712,CVPF,cracker_scene4,70,old
10544,25.359259605407715,0.2055215038061707,CVPF,cracker_scene4,70,old
10545,25.362051010131836,0.2055215038061707,CVPF,cracker_scene4,70,old
10546,25.3646879196167,0.2055215038061707,CVPF,cracker_scene4,70,old
10547,25.367215394973755,0.2054228112644481,CVPF,cracker_scene4,70,old
10548,25.370014190673828,0.2054228112644481,CVPF,cracker_scene4,70,old
10549,25.37257981300354,0.2054228112644481,CVPF,cracker_scene4,70,old
10550,25.375226259231567,0.20700695312282225,CVPF,cracker_scene4,70,old
10551,25.377796411514282,0.20700695312282225,CVPF,cracker_scene4,70,old
10552,25.380292177200317,0.20700695312282225,CVPF,cracker_scene4,70,old
10553,25.382848501205444,0.20700695312282225,CVPF,cracker_scene4,70,old
10554,25.385544538497925,0.20700695312282225,CVPF,cracker_scene4,70,old
10555,25.388023138046265,0.20700695312282225,CVPF,cracker_scene4,70,old
10556,25.39061951637268,0.2070041843907392,CVPF,cracker_scene4,70,old
10557,25.393260955810547,0.20689726965954464,CVPF,cracker_scene4,70,old
10558,25.39652442932129,0.20689726965954464,CVPF,cracker_scene4,70,old
10559,25.399805068969727,0.20689726965954464,CVPF,cracker_scene4,70,old
10560,25.403064250946045,0.20688930612563664,CVPF,cracker_scene4,70,old
10561,25.406410694122314,0.21207422963375314,CVPF,cracker_scene4,70,old
10562,25.41029405593872,0.21207407082775884,CVPF,cracker_scene4,70,old
10563,25.413373947143555,0.21207407082775884,CVPF,cracker_scene4,70,old
10564,25.4165518283844,0.21207407082775884,CVPF,cracker_scene4,70,old
10565,25.419615030288696,0.21207407082775884,CVPF,cracker_scene4,70,old
10566,25.422701597213745,0.213489759095036,CVPF,cracker_scene4,70,old
10567,25.425783157348633,0.21364806901872796,CVPF,cracker_scene4,70,old
10568,25.42884850502014,0.21364806901872796,CVPF,cracker_scene4,70,old
10569,25.432014226913452,0.21362708927400956,CVPF,cracker_scene4,70,old
10570,25.435445547103882,0.21362708927400956,CVPF,cracker_scene4,70,old
10571,25.438717126846313,0.21362708927400956,CVPF,cracker_scene4,70,old
10572,25.441964864730835,0.21212559971991873,CVPF,cracker_scene4,70,old
10573,25.44509243965149,0.21212559971991873,CVPF,cracker_scene4,70,old
10574,25.448378324508667,0.21212559971991873,CVPF,cracker_scene4,70,old
10575,25.451412200927734,0.21212559971991873,CVPF,cracker_scene4,70,old
10576,25.454533576965332,0.2119965146599245,CVPF,cracker_scene4,70,old
10577,25.457805395126343,0.2119965146599245,CVPF,cracker_scene4,70,old
10578,25.461052656173706,0.2119965146599245,CVPF,cracker_scene4,70,old
10579,25.463829278945923,0.2119965146599245,CVPF,cracker_scene4,70,old
10580,25.466299057006836,0.2119965146599245,CVPF,cracker_scene4,70,old
10581,25.468921422958374,0.21205741342393833,CVPF,cracker_scene4,70,old
10582,25.471539735794067,0.21205741342393833,CVPF,cracker_scene4,70,old
10583,25.473888874053955,0.21205741342393833,CVPF,cracker_scene4,70,old
10584,25.476423501968384,0.21205741342393833,CVPF,cracker_scene4,70,old
10585,25.4789137840271,0.21201865635532613,CVPF,cracker_scene4,70,old
10586,25.481348752975464,0.21201865635532613,CVPF,cracker_scene4,70,old
10587,25.483771800994873,0.21201865635532613,CVPF,cracker_scene4,70,old
10588,25.48633337020874,0.21166358585303716,CVPF,cracker_scene4,70,old
10589,25.488709211349487,0.21166358585303716,CVPF,cracker_scene4,70,old
10590,25.49120306968689,0.21166358585303716,CVPF,cracker_scene4,70,old
10591,25.49379587173462,0.21166358585303716,CVPF,cracker_scene4,70,old
10592,25.496187686920166,0.21171602002244966,CVPF,cracker_scene4,70,old
10593,25.498706579208374,0.21229647910208116,CVPF,cracker_scene4,70,old
10594,25.501241445541382,0.21229647910208116,CVPF,cracker_scene4,70,old
10595,25.50366520881653,0.21229647910208116,CVPF,cracker_scene4,70,old
10596,25.506185293197632,0.21229647910208116,CVPF,cracker_scene4,70,old
10597,25.508830785751343,0.2135001275453404,CVPF,cracker_scene4,70,old
10598,25.511446714401245,0.2135001275453404,CVPF,cracker_scene4,70,old
10599,25.513917684555054,0.21226106158435798,CVPF,cracker_scene4,70,old
10600,25.51654076576233,0.21226106158435798,CVPF,cracker_scene4,70,old
10601,25.519026517868042,0.21155648592016835,CVPF,cracker_scene4,70,old
10602,25.52162742614746,0.21155648592016835,CVPF,cracker_scene4,70,old
10603,25.524213552474976,0.21208051076017884,CVPF,cracker_scene4,70,old
10604,25.52681875228882,0.2107076023031482,CVPF,cracker_scene4,70,old
10605,25.529425859451294,0.2107076023031482,CVPF,cracker_scene4,70,old
10606,25.531923532485962,0.2134739865190736,CVPF,cracker_scene4,70,old
10607,25.53429079055786,0.2134739865190736,CVPF,cracker_scene4,70,old
10608,25.53716731071472,0.21061704272092777,CVPF,cracker_scene4,70,old
10609,25.539795875549316,0.21149176584539398,CVPF,cracker_scene4,70,old
10610,25.542283058166504,0.21149176584539398,CVPF,cracker_scene4,70,old
10611,25.54501700401306,0.21165024444365724,CVPF,cracker_scene4,70,old
10612,25.547632455825806,0.21165024444365724,CVPF,cracker_scene4,70,old
10613,25.550097227096558,0.21165024444365724,CVPF,cracker_scene4,70,old
10614,25.552823781967163,0.21224572308318712,CVPF,cracker_scene4,70,old
10615,25.555386543273926,0.21224572308318712,CVPF,cracker_scene4,70,old
10616,25.557729244232178,0.21224572308318712,CVPF,cracker_scene4,70,old
10617,25.56052565574646,0.2120895393201203,CVPF,cracker_scene4,70,old
10618,25.56331753730774,0.2120895393201203,CVPF,cracker_scene4,70,old
10619,25.565788984298706,0.2120895393201203,CVPF,cracker_scene4,70,old
10620,25.56965446472168,0.2182392048292945,CVPF,cracker_scene4,70,old
10621,25.57219099998474,0.2182392048292945,CVPF,cracker_scene4,70,old
10622,25.574609756469727,0.2182392048292945,CVPF,cracker_scene4,70,old
10623,25.577335596084595,0.21997858887242483,CVPF,cracker_scene4,70,old
10624,25.57990550994873,0.21997858887242483,CVPF,cracker_scene4,70,old
10625,25.582294464111328,0.21997858887242483,CVPF,cracker_scene4,70,old
10626,25.58485984802246,0.21816654952168868,CVPF,cracker_scene4,70,old
10627,25.58752727508545,0.21816654952168868,CVPF,cracker_scene4,70,old
10628,25.589921712875366,0.21816654952168868,CVPF,cracker_scene4,70,old
10629,25.59248447418213,0.21805854214983977,CVPF,cracker_scene4,70,old
10630,25.59515953063965,0.21805854214983977,CVPF,cracker_scene4,70,old
10631,25.597506999969482,0.21805854214983977,CVPF,cracker_scene4,70,old
10632,25.59986925125122,0.21805854214983977,CVPF,cracker_scene4,70,old
10633,25.602640628814697,0.21813990549405027,CVPF,cracker_scene4,70,old
10634,25.60549235343933,0.21813990549405027,CVPF,cracker_scene4,70,old
10635,25.6080482006073,0.21813990549405027,CVPF,cracker_scene4,70,old
10636,25.610822200775146,0.21797531945606696,CVPF,cracker_scene4,70,old
10637,25.613386154174805,0.21797531945606696,CVPF,cracker_scene4,70,old
10638,25.61570906639099,0.21797531945606696,CVPF,cracker_scene4,70,old
10639,25.61830425262451,0.21962917782278168,CVPF,cracker_scene4,70,old
10640,25.620894193649292,0.21962917782278168,CVPF,cracker_scene4,70,old
10641,25.623305320739746,0.21962917782278168,CVPF,cracker_scene4,70,old
10642,25.625776529312134,0.21817635596230733,CVPF,cracker_scene4,70,old
10643,25.628329753875732,0.21817635596230733,CVPF,cracker_scene4,70,old
10644,25.630658626556396,0.21817635596230733,CVPF,cracker_scene4,70,old
10645,25.63292121887207,0.21817635596230733,CVPF,cracker_scene4,70,old
10646,25.63572382926941,0.21823101878912876,CVPF,cracker_scene4,70,old
10647,25.638532161712646,0.21823101878912876,CVPF,cracker_scene4,70,old
10648,25.640901803970337,0.21823101878912876,CVPF,cracker_scene4,70,old
10649,25.64349055290222,0.21834897624601357,CVPF,cracker_scene4,70,old
10650,25.646095037460327,0.21834897624601357,CVPF,cracker_scene4,70,old
10651,25.648428440093994,0.21834897624601357,CVPF,cracker_scene4,70,old
10652,25.651227235794067,0.21839605588995425,CVPF,cracker_scene4,70,old
10653,25.653866052627563,0.21839605588995425,CVPF,cracker_scene4,70,old
10654,25.656221628189087,0.21839605588995425,CVPF,cracker_scene4,70,old
10655,25.658814191818237,0.2180451236878298,CVPF,cracker_scene4,70,old
10656,25.661314487457275,0.2180451236878298,CVPF,cracker_scene4,70,old
10657,25.66371989250183,0.2180451236878298,CVPF,cracker_scene4,70,old
10658,25.666162967681885,0.2180451236878298,CVPF,cracker_scene4,70,old
10659,25.668946504592896,0.2196875151378821,CVPF,cracker_scene4,70,old
10660,25.671629905700684,0.2196875151378821,CVPF,cracker_scene4,70,old
10661,25.673966884613037,0.2196875151378821,CVPF,cracker_scene4,70,old
10662,25.676624298095703,0.21710921370486513,CVPF,cracker_scene4,70,old
10663,25.679140329360962,0.21710921370486513,CVPF,cracker_scene4,70,old
10664,25.68151593208313,0.21710921370486513,CVPF,cracker_scene4,70,old
10665,25.684149742126465,0.21952800306586617,CVPF,cracker_scene4,70,old
10666,25.68669080734253,0.21952800306586617,CVPF,cracker_scene4,70,old
10667,25.68909764289856,0.21952800306586617,CVPF,cracker_scene4,70,old
10668,25.69145941734314,0.21952800306586617,CVPF,cracker_scene4,70,old
10669,25.693981409072876,0.2181750245209244,CVPF,cracker_scene4,70,old
10670,25.69646978378296,0.2181750245209244,CVPF,cracker_scene4,70,old
10671,25.698858976364136,0.2181750245209244,CVPF,cracker_scene4,70,old
10672,25.701512098312378,0.21803716164768172,CVPF,cracker_scene4,70,old
10673,25.704225301742554,0.21803716164768172,CVPF,cracker_scene4,70,old
10674,25.706698417663574,0.21803716164768172,CVPF,cracker_scene4,70,old
10675,25.709479570388794,0.2194945951488494,CVPF,cracker_scene4,70,old
10676,25.71206259727478,0.2194945951488494,CVPF,cracker_scene4,70,old
10677,25.7144615650177,0.2194945951488494,CVPF,cracker_scene4,70,old
10678,25.717101335525513,0.21802417393844387,CVPF,cracker_scene4,70,old
10679,25.71976590156555,0.21802417393844387,CVPF,cracker_scene4,70,old
10680,25.722161531448364,0.21802417393844387,CVPF,cracker_scene4,70,old
10681,25.724644660949707,0.2180512296436019,CVPF,cracker_scene4,70,old
10682,25.72741985321045,0.2180683115055384,CVPF,cracker_scene4,70,old
10683,25.730806350708008,0.1979815752297446,CVPF,cracker_scene4,70,old
10684,25.73316192626953,0.1968270187373824,CVPF,cracker_scene4,70,old
10685,25.735737800598145,0.19676358002158423,CVPF,cracker_scene4,70,old
10686,25.738492012023926,0.19676358002158423,CVPF,cracker_scene4,70,old
10687,25.74094557762146,0.19676358002158423,CVPF,cracker_scene4,70,old
10688,25.74355435371399,0.19751685685159795,CVPF,cracker_scene4,70,old
10689,25.745980501174927,0.19751685685159795,CVPF,cracker_scene4,70,old
10690,25.748409032821655,0.19751685685159795,CVPF,cracker_scene4,70,old
10691,25.750951051712036,0.1977845267815707,CVPF,cracker_scene4,70,old
10692,25.75348424911499,0.1977845267815707,CVPF,cracker_scene4,70,old
10693,25.755895853042603,0.1977845267815707,CVPF,cracker_scene4,70,old
10694,25.758481979370117,0.1980822987669234,CVPF,cracker_scene4,70,old
10695,25.761109590530396,0.1980822987669234,CVPF,cracker_scene4,70,old
10696,25.76341676712036,0.1980822987669234,CVPF,cracker_scene4,70,old
10697,25.765729904174805,0.1980822987669234,CVPF,cracker_scene4,70,old
10698,25.768545627593994,0.19792302366038872,CVPF,cracker_scene4,70,old
10699,25.771114110946655,0.19792302366038872,CVPF,cracker_scene4,70,old
10700,25.773503303527832,0.19792302366038872,CVPF,cracker_scene4,70,old
10701,25.77597188949585,0.19786879422239706,CVPF,cracker_scene4,70,old
10702,25.778442859649658,0.19786879422239706,CVPF,cracker_scene4,70,old
10703,25.78090476989746,0.19786879422239706,CVPF,cracker_scene4,70,old
10704,25.783445835113525,0.19786879422239706,CVPF,cracker_scene4,70,old
10705,25.78607439994812,0.20001006381870184,CVPF,cracker_scene4,70,old
10706,25.788644790649414,0.20001006381870184,CVPF,cracker_scene4,70,old
10707,25.791154146194458,0.20001006381870184,CVPF,cracker_scene4,70,old
10708,25.7938072681427,0.19814578879598038,CVPF,cracker_scene4,70,old
10709,25.796391248703003,0.19814578879598038,CVPF,cracker_scene4,70,old
10710,25.79889154434204,0.19814578879598038,CVPF,cracker_scene4,70,old
10711,25.801454067230225,0.19814578879598038,CVPF,cracker_scene4,70,old
10712,25.804073572158813,0.20018419780467275,CVPF,cracker_scene4,70,old
10713,25.806817054748535,0.20018419780467275,CVPF,cracker_scene4,70,old
10714,25.809365272521973,0.20018419780467275,CVPF,cracker_scene4,70,old
10715,25.811839818954468,0.20018419780467275,CVPF,cracker_scene4,70,old
10716,25.814325094223022,0.1983033728609997,CVPF,cracker_scene4,70,old
10717,25.81684899330139,0.1983033728609997,CVPF,cracker_scene4,70,old
10718,25.819408416748047,0.1983033728609997,CVPF,cracker_scene4,70,old
10719,25.82190704345703,0.1983033728609997,CVPF,cracker_scene4,70,old
10720,25.824422121047974,0.1976761147661914,CVPF,cracker_scene4,70,old
10721,25.826955318450928,0.1976761147661914,CVPF,cracker_scene4,70,old
10722,25.829526901245117,0.1976761147661914,CVPF,cracker_scene4,70,old
10723,25.831811666488647,0.1976761147661914,CVPF,cracker_scene4,70,old
10724,25.834221124649048,0.19951923536103258,CVPF,cracker_scene4,70,old
10725,25.837074041366577,0.19983609485589374,CVPF,cracker_scene4,70,old
10726,25.840423583984375,0.19983609485589374,CVPF,cracker_scene4,70,old
10727,25.844295501708984,0.20004269650137088,CVPF,cracker_scene4,70,old
10728,25.84807777404785,0.2000298329785513,CVPF,cracker_scene4,70,old
10729,25.8516788482666,0.2000298329785513,CVPF,cracker_scene4,70,old
10730,25.855411767959595,0.2000915640019155,CVPF,cracker_scene4,70,old
10731,25.859246253967285,0.20009816262677166,CVPF,cracker_scene4,70,old
10732,25.863070964813232,0.20009816262677166,CVPF,cracker_scene4,70,old
10733,25.86663031578064,0.20009816262677166,CVPF,cracker_scene4,70,old
10734,25.870349168777466,0.19812441820832769,CVPF,cracker_scene4,70,old
10735,25.87442684173584,0.19819358319017655,CVPF,cracker_scene4,70,old
10736,25.878023147583008,0.19817390416351,CVPF,cracker_scene4,70,old
10737,25.881897687911987,0.19802077253998454,CVPF,cracker_scene4,70,old
10738,25.885331869125366,0.19802077253998454,CVPF,cracker_scene4,70,old
10739,25.889045476913452,0.1981392665029961,CVPF,cracker_scene4,70,old
10740,25.892553091049194,0.19752622407514042,CVPF,cracker_scene4,70,old
10741,25.896154403686523,0.19752622407514042,CVPF,cracker_scene4,70,old
10742,25.899888277053833,0.19752622407514042,CVPF,cracker_scene4,70,old
10743,25.9036066532135,0.1976996856542367,CVPF,cracker_scene4,70,old
10744,25.907171726226807,0.1976996856542367,CVPF,cracker_scene4,70,old
10745,25.910647869110107,0.1976996856542367,CVPF,cracker_scene4,70,old
10746,25.91420841217041,0.17711373876986555,CVPF,cracker_scene4,70,old
10747,25.91678738594055,0.17711373876986555,CVPF,cracker_scene4,70,old
10748,25.919546365737915,0.175997634539275,CVPF,cracker_scene4,70,old
10749,25.92214560508728,0.175997634539275,CVPF,cracker_scene4,70,old
10750,25.924709796905518,0.1789890696567592,CVPF,cracker_scene4,70,old
10751,25.927300214767456,0.17712464197559627,CVPF,cracker_scene4,70,old
10752,25.930095672607422,0.17659036074520965,CVPF,cracker_scene4,70,old
10753,25.932539463043213,0.17659036074520965,CVPF,cracker_scene4,70,old
10754,25.934987545013428,0.1786506656265883,CVPF,cracker_scene4,70,old
10755,25.93759322166443,0.1786506656265883,CVPF,cracker_scene4,70,old
10756,25.94010877609253,0.1786506656265883,CVPF,cracker_scene4,70,old
10757,25.94272255897522,0.17710503533076266,CVPF,cracker_scene4,70,old
10758,25.945409059524536,0.17710503533076266,CVPF,cracker_scene4,70,old
10759,25.947867155075073,0.17710503533076266,CVPF,cracker_scene4,70,old
10760,25.950382471084595,0.17667546201290715,CVPF,cracker_scene4,70,old
10761,25.95304846763611,0.17667546201290715,CVPF,cracker_scene4,70,old
10762,25.955543041229248,0.17667546201290715,CVPF,cracker_scene4,70,old
10763,25.957868337631226,0.17667546201290715,CVPF,cracker_scene4,70,old
10764,25.960625648498535,0.17716077838155878,CVPF,cracker_scene4,70,old
10765,25.963165998458862,0.17716077838155878,CVPF,cracker_scene4,70,old
10766,25.965566635131836,0.17716077838155878,CVPF,cracker_scene4,70,old
10767,25.968151092529297,0.17701235125388654,CVPF,cracker_scene4,70,old
10768,25.97080636024475,0.17701235125388654,CVPF,cracker_scene4,70,old
10769,25.973122358322144,0.17701235125388654,CVPF,cracker_scene4,70,old
10770,25.97566866874695,0.1770171286466891,CVPF,cracker_scene4,70,old
10771,25.978419065475464,0.1764210063596808,CVPF,cracker_scene4,70,old
10772,25.980931282043457,0.1764210063596808,CVPF,cracker_scene4,70,old
10773,25.983392477035522,0.17646930805249286,CVPF,cracker_scene4,70,old
10774,25.98600721359253,0.1769533059613038,CVPF,cracker_scene4,70,old
10775,25.988441467285156,0.1769533059613038,CVPF,cracker_scene4,70,old
10776,25.990830659866333,0.1769533059613038,CVPF,cracker_scene4,70,old
10777,25.99342703819275,0.17581478519774973,CVPF,cracker_scene4,70,old
10778,25.995970964431763,0.17581478519774973,CVPF,cracker_scene4,70,old
10779,25.998329877853394,0.17581478519774973,CVPF,cracker_scene4,70,old
10780,26.0008385181427,0.17590720379948374,CVPF,cracker_scene4,70,old
10781,26.003713369369507,0.17590720379948374,CVPF,cracker_scene4,70,old
10782,26.006503105163574,0.17590720379948374,CVPF,cracker_scene4,70,old
10783,26.009219884872437,0.17661800485985363,CVPF,cracker_scene4,70,old
10784,26.011647701263428,0.17661800485985363,CVPF,cracker_scene4,70,old
10785,26.014085292816162,0.17661800485985363,CVPF,cracker_scene4,70,old
10786,26.016644954681396,0.17653994799254297,CVPF,cracker_scene4,70,old
10787,26.01936626434326,0.17722073259323465,CVPF,cracker_scene4,70,old
10788,26.022143602371216,0.17722073259323465,CVPF,cracker_scene4,70,old
10789,26.02480459213257,0.17720614276771673,CVPF,cracker_scene4,70,old
10790,26.02736496925354,0.17722644571486978,CVPF,cracker_scene4,70,old
10791,26.03001070022583,0.17722644571486978,CVPF,cracker_scene4,70,old
10792,26.032618284225464,0.17722644571486978,CVPF,cracker_scene4,70,old
10793,26.03534173965454,0.17709146847444943,CVPF,cracker_scene4,70,old
10794,26.038355588912964,0.17709146847444943,CVPF,cracker_scene4,70,old
10795,26.04175043106079,0.19131244407937886,CVPF,cracker_scene4,70,old
10796,26.044533014297485,0.1913026510864691,CVPF,cracker_scene4,70,old
10797,26.046996355056763,0.1913026510864691,CVPF,cracker_scene4,70,old
10798,26.049537181854248,0.1913026510864691,CVPF,cracker_scene4,70,old
10799,26.052310466766357,0.19202017475380118,CVPF,cracker_scene4,70,old
10800,26.05473804473877,0.19202017475380118,CVPF,cracker_scene4,70,old
10801,26.05712866783142,0.19202017475380118,CVPF,cracker_scene4,70,old
10802,26.059837579727173,0.1922141807252703,CVPF,cracker_scene4,70,old
10803,26.062524795532227,0.1922141807252703,CVPF,cracker_scene4,70,old
10804,26.064929962158203,0.1922141807252703,CVPF,cracker_scene4,70,old
10805,26.0675048828125,0.19262927453299167,CVPF,cracker_scene4,70,old
10806,26.070207118988037,0.19262927453299167,CVPF,cracker_scene4,70,old
10807,26.072635412216187,0.19262927453299167,CVPF,cracker_scene4,70,old
10808,26.075133800506592,0.19262927453299167,CVPF,cracker_scene4,70,old
10809,26.0777530670166,0.1940282675510006,CVPF,cracker_scene4,70,old
10810,26.080222368240356,0.1940282675510006,CVPF,cracker_scene4,70,old
10811,26.08248996734619,0.1940282675510006,CVPF,cracker_scene4,70,old
10812,26.085049390792847,0.19267845324238772,CVPF,cracker_scene4,70,old
10813,26.087491989135742,0.19267845324238772,CVPF,cracker_scene4,70,old
10814,26.089796543121338,0.19267845324238772,CVPF,cracker_scene4,70,old
10815,26.092236757278442,0.19268598926970676,CVPF,cracker_scene4,70,old
10816,26.0947527885437,0.19268598926970676,CVPF,cracker_scene4,70,old
10817,26.09708285331726,0.19268598926970676,CVPF,cracker_scene4,70,old
10818,26.09944248199463,0.19268598926970676,CVPF,cracker_scene4,70,old
10819,26.101857662200928,0.19243227816051264,CVPF,cracker_scene4,70,old
10820,26.104377031326294,0.19243227816051264,CVPF,cracker_scene4,70,old
10821,26.10673451423645,0.19243227816051264,CVPF,cracker_scene4,70,old
10822,26.10914635658264,0.19255810180120364,CVPF,cracker_scene4,70,old
10823,26.111716985702515,0.19255810180120364,CVPF,cracker_scene4,70,old
10824,26.114094257354736,0.19255810180120364,CVPF,cracker_scene4,70,old
10825,26.116499185562134,0.19262960693074538,CVPF,cracker_scene4,70,old
10826,26.119211673736572,0.19253262614727254,CVPF,cracker_scene4,70,old
10827,26.121737003326416,0.19253262614727254,CVPF,cracker_scene4,70,old
10828,26.124058961868286,0.19253262614727254,CVPF,cracker_scene4,70,old
10829,26.126685857772827,0.19257640876314508,CVPF,cracker_scene4,70,old
10830,26.129408597946167,0.19257640876314508,CVPF,cracker_scene4,70,old
10831,26.131773233413696,0.19257640876314508,CVPF,cracker_scene4,70,old
10832,26.134263515472412,0.1925847812863268,CVPF,cracker_scene4,70,old
10833,26.136903524398804,0.1925847812863268,CVPF,cracker_scene4,70,old
10834,26.139249563217163,0.1925847812863268,CVPF,cracker_scene4,70,old
10835,26.14172124862671,0.1944246104499125,CVPF,cracker_scene4,70,old
10836,26.14440631866455,0.1944246104499125,CVPF,cracker_scene4,70,old
10837,26.146778106689453,0.1944246104499125,CVPF,cracker_scene4,70,old
10838,26.14901828765869,0.1944246104499125,CVPF,cracker_scene4,70,old
10839,26.151700258255005,0.193390654544756,CVPF,cracker_scene4,70,old
10840,26.15434765815735,0.193390654544756,CVPF,cracker_scene4,70,old
10841,26.156733989715576,0.193390654544756,CVPF,cracker_scene4,70,old
10842,26.15927529335022,0.19247891932367814,CVPF,cracker_scene4,70,old
10843,26.161970615386963,0.19247891932367814,CVPF,cracker_scene4,70,old
10844,26.164279222488403,0.19247891932367814,CVPF,cracker_scene4,70,old
10845,26.166940212249756,0.19129935017065175,CVPF,cracker_scene4,70,old
10846,26.16976571083069,0.19129935017065175,CVPF,cracker_scene4,70,old
10847,26.17222237586975,0.19129935017065175,CVPF,cracker_scene4,70,old
10848,26.174566507339478,0.19129935017065175,CVPF,cracker_scene4,70,old
10849,26.177268981933594,0.19263300298538324,CVPF,cracker_scene4,70,old
10850,26.179938554763794,0.19263300298538324,CVPF,cracker_scene4,70,old
10851,26.18224596977234,0.19263300298538324,CVPF,cracker_scene4,70,old
10852,26.184834480285645,0.19256566872411726,CVPF,cracker_scene4,70,old
10853,26.187268018722534,0.19256566872411726,CVPF,cracker_scene4,70,old
10854,26.189720630645752,0.19256566872411726,CVPF,cracker_scene4,70,old
10855,26.19235110282898,0.1939452449756175,CVPF,cracker_scene4,70,old
10856,26.195005416870117,0.1939452449756175,CVPF,cracker_scene4,70,old
10857,26.19743537902832,0.1939452449756175,CVPF,cracker_scene4,70,old
10858,26.200881719589233,0.20515626313040108,CVPF,cracker_scene4,70,old
10859,26.203628540039062,0.20515626313040108,CVPF,cracker_scene4,70,old
10860,26.206244230270386,0.20515626313040108,CVPF,cracker_scene4,70,old
10861,26.20870590209961,0.20499834486290264,CVPF,cracker_scene4,70,old
10862,26.211033582687378,0.20499834486290264,CVPF,cracker_scene4,70,old
10863,26.2133207321167,0.20499834486290264,CVPF,cracker_scene4,70,old
10864,26.215687036514282,0.20499834486290264,CVPF,cracker_scene4,70,old
10865,26.2181179523468,0.2055281209274482,CVPF,cracker_scene4,70,old
10866,26.220523357391357,0.2055281209274482,CVPF,cracker_scene4,70,old
10867,26.222894191741943,0.2055281209274482,CVPF,cracker_scene4,70,old
10868,26.225351333618164,0.20381568495092603,CVPF,cracker_scene4,70,old
10869,26.22771692276001,0.20381568495092603,CVPF,cracker_scene4,70,old
10870,26.230186223983765,0.20381568495092603,CVPF,cracker_scene4,70,old
10871,26.23261022567749,0.20381568495092603,CVPF,cracker_scene4,70,old
10872,26.235157012939453,0.20547145455615873,CVPF,cracker_scene4,70,old
10873,26.238165378570557,0.20547145455615873,CVPF,cracker_scene4,70,old
10874,26.24065327644348,0.20547145455615873,CVPF,cracker_scene4,70,old
10875,26.243245601654053,0.20560226275210916,CVPF,cracker_scene4,70,old
10876,26.245858669281006,0.20560226275210916,CVPF,cracker_scene4,70,old
10877,26.248355627059937,0.20560226275210916,CVPF,cracker_scene4,70,old
10878,26.250905990600586,0.2048264895600672,CVPF,cracker_scene4,70,old
10879,26.253424882888794,0.2048264895600672,CVPF,cracker_scene4,70,old
10880,26.255855321884155,0.2048264895600672,CVPF,cracker_scene4,70,old
10881,26.258360862731934,0.20355025795518966,CVPF,cracker_scene4,70,old
10882,26.261242866516113,0.20355025795518966,CVPF,cracker_scene4,70,old
10883,26.263644218444824,0.20355025795518966,CVPF,cracker_scene4,70,old
10884,26.266039848327637,0.20355025795518966,CVPF,cracker_scene4,70,old
10885,26.268680572509766,0.20541175327692776,CVPF,cracker_scene4,70,old
10886,26.271491289138794,0.20541175327692776,CVPF,cracker_scene4,70,old
10887,26.274009704589844,0.20541175327692776,CVPF,cracker_scene4,70,old
10888,26.276628255844116,0.20549231902296397,CVPF,cracker_scene4,70,old
10889,26.279266595840454,0.20549231902296397,CVPF,cracker_scene4,70,old
10890,26.281660795211792,0.20549231902296397,CVPF,cracker_scene4,70,old
10891,26.28418731689453,0.20445148561845328,CVPF,cracker_scene4,70,old
10892,26.286806106567383,0.20445148561845328,CVPF,cracker_scene4,70,old
10893,26.289199829101562,0.20445148561845328,CVPF,cracker_scene4,70,old
10894,26.291595220565796,0.20445148561845328,CVPF,cracker_scene4,70,old
10895,26.29409170150757,0.2056521448709304,CVPF,cracker_scene4,70,old
10896,26.296501636505127,0.2056521448709304,CVPF,cracker_scene4,70,old
10897,26.29878568649292,0.2056521448709304,CVPF,cracker_scene4,70,old
10898,26.301374197006226,0.20290758929754524,CVPF,cracker_scene4,70,old
10899,26.304009914398193,0.20290758929754524,CVPF,cracker_scene4,70,old
10900,26.30633807182312,0.20290758929754524,CVPF,cracker_scene4,70,old
10901,26.308735847473145,0.20560540157023796,CVPF,cracker_scene4,70,old
10902,26.311338663101196,0.20560540157023796,CVPF,cracker_scene4,70,old
10903,26.31360387802124,0.20560540157023796,CVPF,cracker_scene4,70,old
10904,26.31610918045044,0.20560540157023796,CVPF,cracker_scene4,70,old
10905,26.31877040863037,0.20375448469489263,CVPF,cracker_scene4,70,old
10906,26.321242809295654,0.20375448469489263,CVPF,cracker_scene4,70,old
10907,26.32364559173584,0.20375448469489263,CVPF,cracker_scene4,70,old
10908,26.32630729675293,0.20505982158752614,CVPF,cracker_scene4,70,old
10909,26.32890486717224,0.20505982158752614,CVPF,cracker_scene4,70,old
10910,26.331461191177368,0.20505982158752614,CVPF,cracker_scene4,70,old
10911,26.334003448486328,0.20312080388802412,CVPF,cracker_scene4,70,old
10912,26.33657193183899,0.20312080388802412,CVPF,cracker_scene4,70,old
10913,26.33891010284424,0.20312080388802412,CVPF,cracker_scene4,70,old
10914,26.341301918029785,0.2018713969341114,CVPF,cracker_scene4,70,old
10915,26.343727588653564,0.20176330475825563,CVPF,cracker_scene4,70,old
10916,26.346096992492676,0.20176330475825563,CVPF,cracker_scene4,70,old
10917,26.348454475402832,0.20176330475825563,CVPF,cracker_scene4,70,old
10918,26.35106325149536,0.20345276716699542,CVPF,cracker_scene4,70,old
10919,26.35366201400757,0.20345276716699542,CVPF,cracker_scene4,70,old
10920,26.356077671051025,0.20345276716699542,CVPF,cracker_scene4,70,old
10921,26.358606576919556,0.20304690592455765,CVPF,cracker_scene4,70,old
10922,26.36117649078369,0.20304690592455765,CVPF,cracker_scene4,70,old
10923,26.36369514465332,0.20304690592455765,CVPF,cracker_scene4,70,old
10924,26.366236209869385,0.20304690592455765,CVPF,cracker_scene4,70,old
10925,26.368842840194702,0.20313849439025425,CVPF,cracker_scene4,70,old
10926,26.371488571166992,0.20313849439025425,CVPF,cracker_scene4,70,old
10927,26.373907327651978,0.20313849439025425,CVPF,cracker_scene4,70,old
10928,26.376609086990356,0.2032402624107785,CVPF,cracker_scene4,70,old
10929,26.379202365875244,0.2032402624107785,CVPF,cracker_scene4,70,old
10930,26.38173198699951,0.2032402624107785,CVPF,cracker_scene4,70,old
10931,26.385218620300293,0.20749989733704335,CVPF,cracker_scene4,70,old
10932,26.387738943099976,0.20749989733704335,CVPF,cracker_scene4,70,old
10933,26.39008378982544,0.20749989733704335,CVPF,cracker_scene4,70,old
10934,26.392778635025024,0.206209064167079,CVPF,cracker_scene4,70,old
10935,26.395385026931763,0.206209064167079,CVPF,cracker_scene4,70,old
10936,26.397722244262695,0.206209064167079,CVPF,cracker_scene4,70,old
10937,26.400126934051514,0.20751180707945682,CVPF,cracker_scene4,70,old
10938,26.40270686149597,0.207610590431179,CVPF,cracker_scene4,70,old
10939,26.405484199523926,0.207610590431179,CVPF,cracker_scene4,70,old
10940,26.40788459777832,0.207610590431179,CVPF,cracker_scene4,70,old
10941,26.41033387184143,0.20394521234665236,CVPF,cracker_scene4,70,old
10942,26.412685871124268,0.20394521234665236,CVPF,cracker_scene4,70,old
10943,26.415136337280273,0.20394521234665236,CVPF,cracker_scene4,70,old
10944,26.417643308639526,0.20529512737868963,CVPF,cracker_scene4,70,old
10945,26.42007613182068,0.20529512737868963,CVPF,cracker_scene4,70,old
10946,26.42248296737671,0.20529512737868963,CVPF,cracker_scene4,70,old
10947,26.42486047744751,0.20529512737868963,CVPF,cracker_scene4,70,old
10948,26.42736005783081,0.20510034031223232,CVPF,cracker_scene4,70,old
10949,26.42980670928955,0.20510034031223232,CVPF,cracker_scene4,70,old
10950,26.432239055633545,0.20510034031223232,CVPF,cracker_scene4,70,old
10951,26.43477511405945,0.2078332871673355,CVPF,cracker_scene4,70,old
10952,26.437739610671997,0.2078332871673355,CVPF,cracker_scene4,70,old
10953,26.440182209014893,0.2078332871673355,CVPF,cracker_scene4,70,old
10954,26.442807912826538,0.20530773612925687,CVPF,cracker_scene4,70,old
10955,26.445435285568237,0.20530773612925687,CVPF,cracker_scene4,70,old
10956,26.4479022026062,0.20530773612925687,CVPF,cracker_scene4,70,old
10957,26.45032787322998,0.205319375768441,CVPF,cracker_scene4,70,old
10958,26.453075647354126,0.20604122527476854,CVPF,cracker_scene4,70,old
10959,26.45551896095276,0.20604122527476854,CVPF,cracker_scene4,70,old
10960,26.457785844802856,0.20604122527476854,CVPF,cracker_scene4,70,old
10961,26.460423707962036,0.20529797804445618,CVPF,cracker_scene4,70,old
10962,26.463023900985718,0.20529797804445618,CVPF,cracker_scene4,70,old
10963,26.465437173843384,0.20529797804445618,CVPF,cracker_scene4,70,old
10964,26.46806025505066,0.20444445403376452,CVPF,cracker_scene4,70,old
10965,26.470686435699463,0.20444445403376452,CVPF,cracker_scene4,70,old
10966,26.473384380340576,0.20444445403376452,CVPF,cracker_scene4,70,old
10967,26.476078510284424,0.20601555943410027,CVPF,cracker_scene4,70,old
10968,26.478662252426147,0.20601555943410027,CVPF,cracker_scene4,70,old
10969,26.480986833572388,0.20601555943410027,CVPF,cracker_scene4,70,old
10970,26.483675718307495,0.20584187070258833,CVPF,cracker_scene4,70,old
10971,26.486319065093994,0.20584187070258833,CVPF,cracker_scene4,70,old
10972,26.488882064819336,0.20584187070258833,CVPF,cracker_scene4,70,old
10973,26.49148678779602,0.20580828835906,CVPF,cracker_scene4,70,old
10974,26.494209051132202,0.2060496590164457,CVPF,cracker_scene4,70,old
10975,26.496695518493652,0.2060496590164457,CVPF,cracker_scene4,70,old
10976,26.499204635620117,0.2060496590164457,CVPF,cracker_scene4,70,old
10977,26.501948356628418,0.20589907425955675,CVPF,cracker_scene4,70,old
10978,26.504502058029175,0.20589907425955675,CVPF,cracker_scene4,70,old
10979,26.506834506988525,0.20589907425955675,CVPF,cracker_scene4,70,old
10980,26.50948476791382,0.20462409901487555,CVPF,cracker_scene4,70,old
10981,26.512272357940674,0.20462409901487555,CVPF,cracker_scene4,70,old
10982,26.514833688735962,0.20462409901487555,CVPF,cracker_scene4,70,old
10983,26.517442226409912,0.20753610522796861,CVPF,cracker_scene4,70,old
10984,26.52012848854065,0.20753610522796861,CVPF,cracker_scene4,70,old
10985,26.52251434326172,0.20753610522796861,CVPF,cracker_scene4,70,old
10986,26.524989128112793,0.20585147570441104,CVPF,cracker_scene4,70,old
10987,26.527606964111328,0.20585147570441104,CVPF,cracker_scene4,70,old
10988,26.530267238616943,0.20585147570441104,CVPF,cracker_scene4,70,old
10989,26.53275442123413,0.20585147570441104,CVPF,cracker_scene4,70,old
10990,26.535279273986816,0.20592070593228148,CVPF,cracker_scene4,70,old
10991,26.53774333000183,0.20592070593228148,CVPF,cracker_scene4,70,old
10992,26.54018759727478,0.20592070593228148,CVPF,cracker_scene4,70,old
10993,26.54355263710022,0.21693722783376473,CVPF,cracker_scene4,70,old
10994,26.545955419540405,0.21693722783376473,CVPF,cracker_scene4,70,old
10995,26.548282861709595,0.21693722783376473,CVPF,cracker_scene4,70,old
10996,26.550634622573853,0.21693722783376473,CVPF,cracker_scene4,70,old
10997,26.553128242492676,0.21693722783376473,CVPF,cracker_scene4,70,old
10998,26.5555477142334,0.21693722783376473,CVPF,cracker_scene4,70,old
10999,26.557971239089966,0.21693722783376473,CVPF,cracker_scene4,70,old
11000,26.56038212776184,0.21693722783376473,CVPF,cracker_scene4,70,old
11001,26.562811374664307,0.21693722783376473,CVPF,cracker_scene4,70,old
11002,26.565128803253174,0.21693722783376473,CVPF,cracker_scene4,70,old
11003,26.56747055053711,0.21693722783376473,CVPF,cracker_scene4,70,old
11004,26.569897174835205,0.21693722783376473,CVPF,cracker_scene4,70,old
11005,26.57232165336609,0.21693722783376473,CVPF,cracker_scene4,70,old
11006,26.57477355003357,0.21693722783376473,CVPF,cracker_scene4,70,old
11007,26.577189922332764,0.21693722783376473,CVPF,cracker_scene4,70,old
11008,26.579622983932495,0.21693722783376473,CVPF,cracker_scene4,70,old
11009,26.58204960823059,0.21693722783376473,CVPF,cracker_scene4,70,old
11010,26.58448576927185,0.21693722783376473,CVPF,cracker_scene4,70,old
11011,26.586912631988525,0.21693722783376473,CVPF,cracker_scene4,70,old
11012,26.589280366897583,0.21693722783376473,CVPF,cracker_scene4,70,old
11013,26.59158754348755,0.21693722783376473,CVPF,cracker_scene4,70,old
11014,26.594000577926636,0.21693722783376473,CVPF,cracker_scene4,70,old
11015,26.59642744064331,0.21693722783376473,CVPF,cracker_scene4,70,old
11016,26.598782062530518,0.21693722783376473,CVPF,cracker_scene4,70,old
11017,26.60109782218933,0.21693722783376473,CVPF,cracker_scene4,70,old
11018,26.603414058685303,0.21693722783376473,CVPF,cracker_scene4,70,old
11019,26.60565423965454,0.21693722783376473,CVPF,cracker_scene4,70,old
11020,26.607868671417236,0.21693722783376473,CVPF,cracker_scene4,70,old
11021,26.610104084014893,0.21693722783376473,CVPF,cracker_scene4,70,old
11022,26.612438440322876,0.21693722783376473,CVPF,cracker_scene4,70,old
11023,26.614628791809082,0.21693722783376473,CVPF,cracker_scene4,70,old
11024,26.616799116134644,0.21693722783376473,CVPF,cracker_scene4,70,old
11025,26.619009256362915,0.21693722783376473,CVPF,cracker_scene4,70,old
11026,26.621165990829468,0.21693722783376473,CVPF,cracker_scene4,70,old
11027,26.623546600341797,0.21693722783376473,CVPF,cracker_scene4,70,old
11028,26.625829219818115,0.21693722783376473,CVPF,cracker_scene4,70,old
11029,26.628056287765503,0.21693722783376473,CVPF,cracker_scene4,70,old
11030,26.630271196365356,0.21693722783376473,CVPF,cracker_scene4,70,old
11031,26.6326744556427,0.21693722783376473,CVPF,cracker_scene4,70,old
11032,26.635067462921143,0.21693722783376473,CVPF,cracker_scene4,70,old
11033,26.63745427131653,0.21693722783376473,CVPF,cracker_scene4,70,old
11034,26.639841556549072,0.21693722783376473,CVPF,cracker_scene4,70,old
11035,26.642271995544434,0.21693722783376473,CVPF,cracker_scene4,70,old
11036,26.644465684890747,0.21693722783376473,CVPF,cracker_scene4,70,old
11037,26.646734714508057,0.21693722783376473,CVPF,cracker_scene4,70,old
11038,26.649045705795288,0.21693722783376473,CVPF,cracker_scene4,70,old
11039,26.651375770568848,0.21693722783376473,CVPF,cracker_scene4,70,old
11040,26.653668642044067,0.21693722783376473,CVPF,cracker_scene4,70,old
11041,26.655990600585938,0.21693722783376473,CVPF,cracker_scene4,70,old
11042,26.65833568572998,0.21693722783376473,CVPF,cracker_scene4,70,old
11043,26.66066312789917,0.21693722783376473,CVPF,cracker_scene4,70,old
11044,26.662991285324097,0.21693722783376473,CVPF,cracker_scene4,70,old
11045,26.665276527404785,0.21693722783376473,CVPF,cracker_scene4,70,old
11046,26.667575120925903,0.21693722783376473,CVPF,cracker_scene4,70,old
11047,26.669763326644897,0.21693722783376473,CVPF,cracker_scene4,70,old
11048,26.672078132629395,0.21693722783376473,CVPF,cracker_scene4,70,old
11049,26.67444920539856,0.21693722783376473,CVPF,cracker_scene4,70,old
11050,26.67669367790222,0.21693722783376473,CVPF,cracker_scene4,70,old
11051,26.67889976501465,0.21693722783376473,CVPF,cracker_scene4,70,old
11052,26.681094646453857,0.21693722783376473,CVPF,cracker_scene4,70,old
11053,26.68328595161438,0.21693722783376473,CVPF,cracker_scene4,70,old
11054,26.685457706451416,0.21693722783376473,CVPF,cracker_scene4,70,old
11055,26.687766313552856,0.21693722783376473,CVPF,cracker_scene4,70,old
11056,26.690062284469604,0.21693722783376473,CVPF,cracker_scene4,70,old
11057,26.69226861000061,0.21693722783376473,CVPF,cracker_scene4,70,old
11058,26.694483995437622,0.21693722783376473,CVPF,cracker_scene4,70,old
11059,26.69667100906372,0.21693722783376473,CVPF,cracker_scene4,70,old
11060,26.6988582611084,0.21693722783376473,CVPF,cracker_scene4,70,old
11061,26.701104164123535,0.21693722783376473,CVPF,cracker_scene4,70,old
11062,26.703463792800903,0.21693722783376473,CVPF,cracker_scene4,70,old
11063,26.705650091171265,0.21693722783376473,CVPF,cracker_scene4,70,old
11064,26.707913637161255,0.21693722783376473,CVPF,cracker_scene4,70,old
11065,26.710232734680176,0.21693722783376473,CVPF,cracker_scene4,70,old
11066,26.712582111358643,0.21693722783376473,CVPF,cracker_scene4,70,old
11067,26.714908599853516,0.21693722783376473,CVPF,cracker_scene4,70,old
11068,26.71718955039978,0.21693722783376473,CVPF,cracker_scene4,70,old
11069,26.72001338005066,0.21693722783376473,CVPF,cracker_scene4,70,old
11070,26.722761631011963,0.21693722783376473,CVPF,cracker_scene4,70,old
11071,26.72559094429016,0.21693722783376473,CVPF,cracker_scene4,70,old
11072,26.728273391723633,0.21693722783376473,CVPF,cracker_scene4,70,old
11073,26.730729341506958,0.21693722783376473,CVPF,cracker_scene4,70,old
11074,26.733357429504395,0.21693722783376473,CVPF,cracker_scene4,70,old
11075,26.735777378082275,0.21693722783376473,CVPF,cracker_scene4,70,old
11076,26.738157510757446,0.21693722783376473,CVPF,cracker_scene4,70,old
11077,26.74094319343567,0.21693722783376473,CVPF,cracker_scene4,70,old
11078,26.743462324142456,0.21693722783376473,CVPF,cracker_scene4,70,old
11079,26.7458758354187,0.21693722783376473,CVPF,cracker_scene4,70,old
11080,26.748446464538574,0.21693722783376473,CVPF,cracker_scene4,70,old
11081,26.750794172286987,0.21693722783376473,CVPF,cracker_scene4,70,old
11082,26.75340485572815,0.21693722783376473,CVPF,cracker_scene4,70,old
11083,26.755845546722412,0.21693722783376473,CVPF,cracker_scene4,70,old
11084,26.758366346359253,0.21693722783376473,CVPF,cracker_scene4,70,old
11085,26.760592699050903,0.21693722783376473,CVPF,cracker_scene4,70,old
11086,26.763131380081177,0.21693722783376473,CVPF,cracker_scene4,70,old
11087,26.76536774635315,0.21693722783376473,CVPF,cracker_scene4,70,old
11088,26.7678120136261,0.21693722783376473,CVPF,cracker_scene4,70,old
11089,26.77038025856018,0.21693722783376473,CVPF,cracker_scene4,70,old
11090,26.772825717926025,0.21693722783376473,CVPF,cracker_scene4,70,old
11091,26.775306224822998,0.21693722783376473,CVPF,cracker_scene4,70,old
11092,26.777592182159424,0.21693722783376473,CVPF,cracker_scene4,70,old
11093,26.77985119819641,0.21693722783376473,CVPF,cracker_scene4,70,old
11094,26.78204107284546,0.21693722783376473,CVPF,cracker_scene4,70,old
11095,26.784350872039795,0.21693722783376473,CVPF,cracker_scene4,70,old
11096,26.78669285774231,0.21693722783376473,CVPF,cracker_scene4,70,old
11097,26.788893222808838,0.21693722783376473,CVPF,cracker_scene4,70,old
11098,26.79116201400757,0.21693722783376473,CVPF,cracker_scene4,70,old
11099,26.79349112510681,0.21693722783376473,CVPF,cracker_scene4,70,old
11100,26.7958664894104,0.21693722783376473,CVPF,cracker_scene4,70,old
11101,26.798189878463745,0.21693722783376473,CVPF,cracker_scene4,70,old
11102,26.800562381744385,0.21693722783376473,CVPF,cracker_scene4,70,old
11103,26.802908182144165,0.21693722783376473,CVPF,cracker_scene4,70,old
11104,26.805114030838013,0.21693722783376473,CVPF,cracker_scene4,70,old
11105,26.8074152469635,0.21693722783376473,CVPF,cracker_scene4,70,old
11106,26.809728860855103,0.21693722783376473,CVPF,cracker_scene4,70,old
11107,26.81211519241333,0.21693722783376473,CVPF,cracker_scene4,70,old
11108,26.81447982788086,0.21693722783376473,CVPF,cracker_scene4,70,old
11109,26.816824913024902,0.21693722783376473,CVPF,cracker_scene4,70,old
11110,26.819205045700073,0.21693722783376473,CVPF,cracker_scene4,70,old
11111,26.821528911590576,0.21693722783376473,CVPF,cracker_scene4,70,old
11112,26.823880434036255,0.21693722783376473,CVPF,cracker_scene4,70,old
11113,26.826213598251343,0.21693722783376473,CVPF,cracker_scene4,70,old
11114,26.82849669456482,0.21693722783376473,CVPF,cracker_scene4,70,old
11115,26.83071279525757,0.21693722783376473,CVPF,cracker_scene4,70,old
11116,26.833038806915283,0.21693722783376473,CVPF,cracker_scene4,70,old
11117,26.835389137268066,0.21693722783376473,CVPF,cracker_scene4,70,old
11118,26.837703704833984,0.21693722783376473,CVPF,cracker_scene4,70,old
11119,26.83999466896057,0.21693722783376473,CVPF,cracker_scene4,70,old
11120,26.842301607131958,0.21693722783376473,CVPF,cracker_scene4,70,old
11121,26.84453535079956,0.21693722783376473,CVPF,cracker_scene4,70,old
11122,26.84675645828247,0.21693722783376473,CVPF,cracker_scene4,70,old
11123,26.84899878501892,0.21693722783376473,CVPF,cracker_scene4,70,old
11124,26.851356506347656,0.21693722783376473,CVPF,cracker_scene4,70,old
11125,26.85356044769287,0.21693722783376473,CVPF,cracker_scene4,70,old
11126,26.855796098709106,0.21693722783376473,CVPF,cracker_scene4,70,old
11127,26.857989072799683,0.21693722783376473,CVPF,cracker_scene4,70,old
11128,26.86025619506836,0.21693722783376473,CVPF,cracker_scene4,70,old
11129,26.862550497055054,0.21693722783376473,CVPF,cracker_scene4,70,old
11130,26.864864349365234,0.21693722783376473,CVPF,cracker_scene4,70,old
11131,26.86711573600769,0.21693722783376473,CVPF,cracker_scene4,70,old
11132,26.869359016418457,0.21693722783376473,CVPF,cracker_scene4,70,old
11133,26.871766805648804,0.21693722783376473,CVPF,cracker_scene4,70,old
11134,26.874157905578613,0.21693722783376473,CVPF,cracker_scene4,70,old
11135,26.876569509506226,0.21693722783376473,CVPF,cracker_scene4,70,old
11136,26.878989458084106,0.21693722783376473,CVPF,cracker_scene4,70,old
11137,26.881292581558228,0.21693722783376473,CVPF,cracker_scene4,70,old
11138,26.883577585220337,0.21693722783376473,CVPF,cracker_scene4,70,old
11139,26.885847330093384,0.21693722783376473,CVPF,cracker_scene4,70,old
11140,26.888177394866943,0.21693722783376473,CVPF,cracker_scene4,70,old
11141,26.890538215637207,0.21693722783376473,CVPF,cracker_scene4,70,old
11142,26.89284110069275,0.21693722783376473,CVPF,cracker_scene4,70,old
11143,26.89520263671875,0.21693722783376473,CVPF,cracker_scene4,70,old
11144,26.897542238235474,0.21693722783376473,CVPF,cracker_scene4,70,old
11145,26.899898529052734,0.21693722783376473,CVPF,cracker_scene4,70,old
11146,26.902202606201172,0.21693722783376473,CVPF,cracker_scene4,70,old
11147,26.904599905014038,0.21693722783376473,CVPF,cracker_scene4,70,old
11148,26.9068820476532,0.21693722783376473,CVPF,cracker_scene4,70,old
11149,26.909099102020264,0.21693722783376473,CVPF,cracker_scene4,70,old
11150,26.911436319351196,0.21693722783376473,CVPF,cracker_scene4,70,old
11151,26.913758277893066,0.21693722783376473,CVPF,cracker_scene4,70,old
11152,26.916045904159546,0.21693722783376473,CVPF,cracker_scene4,70,old
11153,26.918229341506958,0.21693722783376473,CVPF,cracker_scene4,70,old
11154,26.92046093940735,0.21693722783376473,CVPF,cracker_scene4,70,old
11155,26.92268705368042,0.21693722783376473,CVPF,cracker_scene4,70,old
11156,26.924910306930542,0.21693722783376473,CVPF,cracker_scene4,70,old
11157,26.92718744277954,0.21693722783376473,CVPF,cracker_scene4,70,old
11158,26.929504871368408,0.21693722783376473,CVPF,cracker_scene4,70,old
11159,26.93172860145569,0.21693722783376473,CVPF,cracker_scene4,70,old
11160,26.933915376663208,0.21693722783376473,CVPF,cracker_scene4,70,old
11161,26.93615221977234,0.21693722783376473,CVPF,cracker_scene4,70,old
11162,26.93834090232849,0.21693722783376473,CVPF,cracker_scene4,70,old
11163,26.940718173980713,0.21693722783376473,CVPF,cracker_scene4,70,old
11164,26.943241119384766,0.21693722783376473,CVPF,cracker_scene4,70,old
11165,26.945683240890503,0.21693722783376473,CVPF,cracker_scene4,70,old
11166,26.948243379592896,0.21693722783376473,CVPF,cracker_scene4,70,old
11167,26.95088815689087,0.21693722783376473,CVPF,cracker_scene4,70,old
11168,26.95347809791565,0.21693722783376473,CVPF,cracker_scene4,70,old
11169,26.956090450286865,0.21693722783376473,CVPF,cracker_scene4,70,old
11170,26.958718061447144,0.21693722783376473,CVPF,cracker_scene4,70,old
11171,26.961331129074097,0.21693722783376473,CVPF,cracker_scene4,70,old
11172,26.963732719421387,0.21693722783376473,CVPF,cracker_scene4,70,old
11173,26.96611475944519,0.21693722783376473,CVPF,cracker_scene4,70,old
11174,26.9685320854187,0.21693722783376473,CVPF,cracker_scene4,70,old
11175,26.9709632396698,0.21693722783376473,CVPF,cracker_scene4,70,old
11176,26.973345279693604,0.21693722783376473,CVPF,cracker_scene4,70,old
11177,26.97569513320923,0.21693722783376473,CVPF,cracker_scene4,70,old
11178,26.97802758216858,0.21693722783376473,CVPF,cracker_scene4,70,old
11179,26.980372190475464,0.21693722783376473,CVPF,cracker_scene4,70,old
11180,26.982737064361572,0.21693722783376473,CVPF,cracker_scene4,70,old
11181,26.985050916671753,0.21693722783376473,CVPF,cracker_scene4,70,old
11182,26.987385272979736,0.21693722783376473,CVPF,cracker_scene4,70,old
11183,26.989556312561035,0.21693722783376473,CVPF,cracker_scene4,70,old
11184,26.99193000793457,0.21693722783376473,CVPF,cracker_scene4,70,old
11185,26.994256019592285,0.21693722783376473,CVPF,cracker_scene4,70,old
11186,26.99653911590576,0.21693722783376473,CVPF,cracker_scene4,70,old
11187,26.998778581619263,0.21693722783376473,CVPF,cracker_scene4,70,old
11188,27.00096821784973,0.21693722783376473,CVPF,cracker_scene4,70,old
11189,27.003204345703125,0.21693722783376473,CVPF,cracker_scene4,70,old
11190,27.005404949188232,0.21693722783376473,CVPF,cracker_scene4,70,old
11191,27.00771403312683,0.21693722783376473,CVPF,cracker_scene4,70,old
11192,27.010013818740845,0.21693722783376473,CVPF,cracker_scene4,70,old
11193,27.012250423431396,0.21693722783376473,CVPF,cracker_scene4,70,old
11194,27.014463186264038,0.21693722783376473,CVPF,cracker_scene4,70,old
11195,27.016648292541504,0.21693722783376473,CVPF,cracker_scene4,70,old
11196,27.018889904022217,0.21693722783376473,CVPF,cracker_scene4,70,old
11197,27.021146059036255,0.21693722783376473,CVPF,cracker_scene4,70,old
11198,27.0235013961792,0.21693722783376473,CVPF,cracker_scene4,70,old
11199,27.02569270133972,0.21693722783376473,CVPF,cracker_scene4,70,old
11200,27.02798366546631,0.21693722783376473,CVPF,cracker_scene4,70,old
11201,27.03031635284424,0.21693722783376473,CVPF,cracker_scene4,70,old
11202,27.032665252685547,0.21693722783376473,CVPF,cracker_scene4,70,old
11203,27.03503108024597,0.21693722783376473,CVPF,cracker_scene4,70,old
11204,27.037343978881836,0.21693722783376473,CVPF,cracker_scene4,70,old
11205,27.039730548858643,0.21693722783376473,CVPF,cracker_scene4,70,old
11206,27.042022705078125,0.21693722783376473,CVPF,cracker_scene4,70,old
11207,27.04435420036316,0.21693722783376473,CVPF,cracker_scene4,70,old
11208,27.046687364578247,0.21693722783376473,CVPF,cracker_scene4,70,old
11209,27.049018144607544,0.21693722783376473,CVPF,cracker_scene4,70,old
11210,27.051348447799683,0.21693722783376473,CVPF,cracker_scene4,70,old
11211,27.053967714309692,0.21693722783376473,CVPF,cracker_scene4,70,old
11212,27.05637264251709,0.21693722783376473,CVPF,cracker_scene4,70,old
11213,27.058793544769287,0.21693722783376473,CVPF,cracker_scene4,70,old
11214,27.06118392944336,0.21693722783376473,CVPF,cracker_scene4,70,old
11215,27.06358289718628,0.21693722783376473,CVPF,cracker_scene4,70,old
11216,27.065828323364258,0.21693722783376473,CVPF,cracker_scene4,70,old
11217,27.068052291870117,0.21693722783376473,CVPF,cracker_scene4,70,old
11218,27.070352792739868,0.21693722783376473,CVPF,cracker_scene4,70,old
11219,27.072707891464233,0.21693722783376473,CVPF,cracker_scene4,70,old
11220,27.075053453445435,0.21693722783376473,CVPF,cracker_scene4,70,old
11221,27.07723355293274,0.21693722783376473,CVPF,cracker_scene4,70,old
11222,27.079473733901978,0.21693722783376473,CVPF,cracker_scene4,70,old
11223,27.081656455993652,0.21693722783376473,CVPF,cracker_scene4,70,old
11224,27.083894729614258,0.21693722783376473,CVPF,cracker_scene4,70,old
11225,27.086143732070923,0.21693722783376473,CVPF,cracker_scene4,70,old
11226,27.088499546051025,0.21693722783376473,CVPF,cracker_scene4,70,old
11227,27.09070920944214,0.21693722783376473,CVPF,cracker_scene4,70,old
11228,27.092910528182983,0.21693722783376473,CVPF,cracker_scene4,70,old
11229,27.095147132873535,0.21693722783376473,CVPF,cracker_scene4,70,old
11230,27.097343683242798,0.21693722783376473,CVPF,cracker_scene4,70,old
11231,27.09966230392456,0.21693722783376473,CVPF,cracker_scene4,70,old
11232,27.10205841064453,0.21693722783376473,CVPF,cracker_scene4,70,old
11233,27.10434603691101,0.21693722783376473,CVPF,cracker_scene4,70,old
11234,27.10671043395996,0.21693722783376473,CVPF,cracker_scene4,70,old
11235,27.109010219573975,0.21693722783376473,CVPF,cracker_scene4,70,old
11236,27.11137056350708,0.21693722783376473,CVPF,cracker_scene4,70,old
11237,27.113694190979004,0.21693722783376473,CVPF,cracker_scene4,70,old
11238,27.116052865982056,0.21693722783376473,CVPF,cracker_scene4,70,old
11239,27.118395566940308,0.21693722783376473,CVPF,cracker_scene4,70,old
11240,27.120606899261475,0.21693722783376473,CVPF,cracker_scene4,70,old
11241,27.12291383743286,0.21693722783376473,CVPF,cracker_scene4,70,old
11242,27.125211000442505,0.21693722783376473,CVPF,cracker_scene4,70,old
11243,27.12758731842041,0.21693722783376473,CVPF,cracker_scene4,70,old
11244,27.129881143569946,0.21693722783376473,CVPF,cracker_scene4,70,old
11245,27.13222885131836,0.21693722783376473,CVPF,cracker_scene4,70,old
11246,27.134570598602295,0.21693722783376473,CVPF,cracker_scene4,70,old
11247,27.136881113052368,0.21693722783376473,CVPF,cracker_scene4,70,old
11248,27.139250993728638,0.21693722783376473,CVPF,cracker_scene4,70,old
11249,27.141599655151367,0.21693722783376473,CVPF,cracker_scene4,70,old
11250,27.14390540122986,0.21693722783376473,CVPF,cracker_scene4,70,old
11251,27.14608407020569,0.21693722783376473,CVPF,cracker_scene4,70,old
11252,27.148457050323486,0.21693722783376473,CVPF,cracker_scene4,70,old
11253,27.150810480117798,0.21693722783376473,CVPF,cracker_scene4,70,old
11254,27.15306520462036,0.21693722783376473,CVPF,cracker_scene4,70,old
11255,27.155314922332764,0.21693722783376473,CVPF,cracker_scene4,70,old
11256,27.15749216079712,0.21693722783376473,CVPF,cracker_scene4,70,old
11257,27.15974235534668,0.21693722783376473,CVPF,cracker_scene4,70,old
11258,27.16192603111267,0.21693722783376473,CVPF,cracker_scene4,70,old
11259,27.164238214492798,0.21693722783376473,CVPF,cracker_scene4,70,old
11260,27.166572332382202,0.21693722783376473,CVPF,cracker_scene4,70,old
11261,27.168776988983154,0.21693722783376473,CVPF,cracker_scene4,70,old
11262,27.170993328094482,0.21693722783376473,CVPF,cracker_scene4,70,old
11263,27.173192501068115,0.21693722783376473,CVPF,cracker_scene4,70,old
11264,27.175500869750977,0.21693722783376473,CVPF,cracker_scene4,70,old
11265,27.177770137786865,0.21693722783376473,CVPF,cracker_scene4,70,old
11266,27.18010902404785,0.21693722783376473,CVPF,cracker_scene4,70,old
11267,27.182313680648804,0.21693722783376473,CVPF,cracker_scene4,70,old
11268,27.18459677696228,0.21693722783376473,CVPF,cracker_scene4,70,old
11269,27.186968088150024,0.21693722783376473,CVPF,cracker_scene4,70,old
11270,27.189287900924683,0.21693722783376473,CVPF,cracker_scene4,70,old
11271,27.191628456115723,0.21693722783376473,CVPF,cracker_scene4,70,old
11272,27.19395089149475,0.21693722783376473,CVPF,cracker_scene4,70,old
11273,27.196288585662842,0.21693722783376473,CVPF,cracker_scene4,70,old
11274,27.198532819747925,0.21693722783376473,CVPF,cracker_scene4,70,old
11275,27.200825214385986,0.21693722783376473,CVPF,cracker_scene4,70,old
11276,27.203168392181396,0.21693722783376473,CVPF,cracker_scene4,70,old
11277,27.20548939704895,0.21693722783376473,CVPF,cracker_scene4,70,old
11278,27.20785427093506,0.21693722783376473,CVPF,cracker_scene4,70,old
11279,27.21015191078186,0.21693722783376473,CVPF,cracker_scene4,70,old
11280,27.21252465248108,0.21693722783376473,CVPF,cracker_scene4,70,old
11281,27.214871883392334,0.21693722783376473,CVPF,cracker_scene4,70,old
11282,27.217187643051147,0.21693722783376473,CVPF,cracker_scene4,70,old
11283,27.21953821182251,0.21693722783376473,CVPF,cracker_scene4,70,old
11284,27.221782445907593,0.21693722783376473,CVPF,cracker_scene4,70,old
11285,27.224032163619995,0.21693722783376473,CVPF,cracker_scene4,70,old
11286,27.22633385658264,0.21693722783376473,CVPF,cracker_scene4,70,old
11287,27.22870969772339,0.21693722783376473,CVPF,cracker_scene4,70,old
11288,27.231002807617188,0.21693722783376473,CVPF,cracker_scene4,70,old
11289,27.233179330825806,0.21693722783376473,CVPF,cracker_scene4,70,old
11290,27.235413074493408,0.21693722783376473,CVPF,cracker_scene4,70,old
11291,27.237611293792725,0.21693722783376473,CVPF,cracker_scene4,70,old
11292,27.239838361740112,0.21693722783376473,CVPF,cracker_scene4,70,old
11293,27.24222993850708,0.21693722783376473,CVPF,cracker_scene4,70,old
11294,27.244570016860962,0.21693722783376473,CVPF,cracker_scene4,70,old
11295,27.24680733680725,0.21693722783376473,CVPF,cracker_scene4,70,old
11296,27.24898886680603,0.21693722783376473,CVPF,cracker_scene4,70,old
11297,27.25123691558838,0.21693722783376473,CVPF,cracker_scene4,70,old
11298,27.253451824188232,0.21693722783376473,CVPF,cracker_scene4,70,old
11299,27.255752563476562,0.21693722783376473,CVPF,cracker_scene4,70,old
11300,27.258073329925537,0.21693722783376473,CVPF,cracker_scene4,70,old
11301,27.260292530059814,0.21693722783376473,CVPF,cracker_scene4,70,old
11302,27.262614965438843,0.21693722783376473,CVPF,cracker_scene4,70,old
11303,27.26491403579712,0.21693722783376473,CVPF,cracker_scene4,70,old
11304,27.267277002334595,0.21693722783376473,CVPF,cracker_scene4,70,old
11305,27.269584894180298,0.21693722783376473,CVPF,cracker_scene4,70,old
11306,27.271950244903564,0.21693722783376473,CVPF,cracker_scene4,70,old
11307,27.274314641952515,0.21693722783376473,CVPF,cracker_scene4,70,old
11308,27.276521682739258,0.21693722783376473,CVPF,cracker_scene4,70,old
11309,27.278812646865845,0.21693722783376473,CVPF,cracker_scene4,70,old
11310,27.281117916107178,0.21693722783376473,CVPF,cracker_scene4,70,old
11311,27.283485174179077,0.21693722783376473,CVPF,cracker_scene4,70,old
11312,27.285789012908936,0.21693722783376473,CVPF,cracker_scene4,70,old
11313,27.288148641586304,0.21693722783376473,CVPF,cracker_scene4,70,old
11314,27.290491342544556,0.21693722783376473,CVPF,cracker_scene4,70,old
11315,27.292829990386963,0.21693722783376473,CVPF,cracker_scene4,70,old
11316,27.295175790786743,0.21693722783376473,CVPF,cracker_scene4,70,old
11317,27.2974853515625,0.21693722783376473,CVPF,cracker_scene4,70,old
11318,27.299768686294556,0.21693722783376473,CVPF,cracker_scene4,70,old
11319,27.301981925964355,0.21693722783376473,CVPF,cracker_scene4,70,old
11320,27.30431342124939,0.21693722783376473,CVPF,cracker_scene4,70,old
11321,27.306674003601074,0.21693722783376473,CVPF,cracker_scene4,70,old
11322,27.308913469314575,0.21693722783376473,CVPF,cracker_scene4,70,old
11323,27.311152696609497,0.21693722783376473,CVPF,cracker_scene4,70,old
11324,27.31334090232849,0.21693722783376473,CVPF,cracker_scene4,70,old
11325,27.315580368041992,0.21693722783376473,CVPF,cracker_scene4,70,old
11326,27.3177592754364,0.21693722783376473,CVPF,cracker_scene4,70,old
11327,27.320080995559692,0.21693722783376473,CVPF,cracker_scene4,70,old
11328,27.322375774383545,0.21693722783376473,CVPF,cracker_scene4,70,old
11329,27.324612379074097,0.21693722783376473,CVPF,cracker_scene4,70,old
11330,27.32682991027832,0.21693722783376473,CVPF,cracker_scene4,70,old
11331,27.32902765274048,0.21693722783376473,CVPF,cracker_scene4,70,old
11332,27.331247568130493,0.21693722783376473,CVPF,cracker_scene4,70,old
11333,27.33351469039917,0.21693722783376473,CVPF,cracker_scene4,70,old
11334,27.33590054512024,0.21693722783376473,CVPF,cracker_scene4,70,old
11335,27.338087558746338,0.21693722783376473,CVPF,cracker_scene4,70,old
11336,27.340377807617188,0.21693722783376473,CVPF,cracker_scene4,70,old
11337,27.342777967453003,0.21693722783376473,CVPF,cracker_scene4,70,old
11338,27.345099925994873,0.21693722783376473,CVPF,cracker_scene4,70,old
11339,27.34744095802307,0.21693722783376473,CVPF,cracker_scene4,70,old
11340,27.349778413772583,0.21693722783376473,CVPF,cracker_scene4,70,old
11341,27.352123737335205,0.21693722783376473,CVPF,cracker_scene4,70,old
11342,27.354308128356934,0.21693722783376473,CVPF,cracker_scene4,70,old
11343,27.356600284576416,0.21693722783376473,CVPF,cracker_scene4,70,old
11344,27.35896134376526,0.21693722783376473,CVPF,cracker_scene4,70,old
11345,27.36129403114319,0.21693722783376473,CVPF,cracker_scene4,70,old
11346,27.3636314868927,0.21693722783376473,CVPF,cracker_scene4,70,old
11347,27.365968465805054,0.21693722783376473,CVPF,cracker_scene4,70,old
11348,27.368295192718506,0.21693722783376473,CVPF,cracker_scene4,70,old
11349,27.37064480781555,0.21693722783376473,CVPF,cracker_scene4,70,old
11350,27.372969150543213,0.21693722783376473,CVPF,cracker_scene4,70,old
11351,27.375351428985596,0.21693722783376473,CVPF,cracker_scene4,70,old
11352,27.37761950492859,0.21693722783376473,CVPF,cracker_scene4,70,old
11353,27.37982988357544,0.21693722783376473,CVPF,cracker_scene4,70,old
11354,27.382159948349,0.21693722783376473,CVPF,cracker_scene4,70,old
11355,27.38456630706787,0.21693722783376473,CVPF,cracker_scene4,70,old
11356,27.386916637420654,0.21693722783376473,CVPF,cracker_scene4,70,old
11357,27.38916516304016,0.21693722783376473,CVPF,cracker_scene4,70,old
11358,27.39140295982361,0.21693722783376473,CVPF,cracker_scene4,70,old
11359,27.393591165542603,0.21693722783376473,CVPF,cracker_scene4,70,old
11360,27.39583992958069,0.21693722783376473,CVPF,cracker_scene4,70,old
11361,27.398090600967407,0.21693722783376473,CVPF,cracker_scene4,70,old
11362,27.4004647731781,0.21693722783376473,CVPF,cracker_scene4,70,old
11363,27.402683973312378,0.21693722783376473,CVPF,cracker_scene4,70,old
11364,27.404893398284912,0.21693722783376473,CVPF,cracker_scene4,70,old
11365,27.40711522102356,0.21693722783376473,CVPF,cracker_scene4,70,old
11366,27.409318208694458,0.21693722783376473,CVPF,cracker_scene4,70,old
11367,27.411593437194824,0.21693722783376473,CVPF,cracker_scene4,70,old
11368,27.413944721221924,0.21693722783376473,CVPF,cracker_scene4,70,old
11369,27.4161639213562,0.21693722783376473,CVPF,cracker_scene4,70,old
11370,27.418444633483887,0.21693722783376473,CVPF,cracker_scene4,70,old
11371,27.4207706451416,0.21693722783376473,CVPF,cracker_scene4,70,old
11372,27.42312741279602,0.21693722783376473,CVPF,cracker_scene4,70,old
11373,27.425482988357544,0.21693722783376473,CVPF,cracker_scene4,70,old
11374,27.427847862243652,0.21693722783376473,CVPF,cracker_scene4,70,old
11375,27.43016242980957,0.21693722783376473,CVPF,cracker_scene4,70,old
11376,27.432406663894653,0.21693722783376473,CVPF,cracker_scene4,70,old
11377,27.434696912765503,0.21693722783376473,CVPF,cracker_scene4,70,old
11378,27.437039852142334,0.21693722783376473,CVPF,cracker_scene4,70,old
11379,27.439390659332275,0.21693722783376473,CVPF,cracker_scene4,70,old
11380,27.441784620285034,0.21693722783376473,CVPF,cracker_scene4,70,old
11381,27.444148302078247,0.21693722783376473,CVPF,cracker_scene4,70,old
11382,27.446500539779663,0.21693722783376473,CVPF,cracker_scene4,70,old
11383,27.448830604553223,0.21693722783376473,CVPF,cracker_scene4,70,old
11384,27.451183080673218,0.21693722783376473,CVPF,cracker_scene4,70,old
11385,27.45350980758667,0.21693722783376473,CVPF,cracker_scene4,70,old
11386,27.45580291748047,0.21693722783376473,CVPF,cracker_scene4,70,old
11387,27.45801591873169,0.21693722783376473,CVPF,cracker_scene4,70,old
11388,27.460386276245117,0.21693722783376473,CVPF,cracker_scene4,70,old
11389,27.462758779525757,0.21693722783376473,CVPF,cracker_scene4,70,old
11390,27.46504044532776,0.21693722783376473,CVPF,cracker_scene4,70,old
11391,27.467250108718872,0.21693722783376473,CVPF,cracker_scene4,70,old
11392,27.469527006149292,0.21693722783376473,CVPF,cracker_scene4,70,old
11393,27.471790552139282,0.21693722783376473,CVPF,cracker_scene4,70,old
11394,27.474019527435303,0.21693722783376473,CVPF,cracker_scene4,70,old
11395,27.47632098197937,0.21693722783376473,CVPF,cracker_scene4,70,old
11396,27.478697538375854,0.21693722783376473,CVPF,cracker_scene4,70,old
11397,27.480896949768066,0.21693722783376473,CVPF,cracker_scene4,70,old
11398,27.483120679855347,0.21693722783376473,CVPF,cracker_scene4,70,old
11399,27.48531985282898,0.21693722783376473,CVPF,cracker_scene4,70,old
11400,27.487542629241943,0.21693722783376473,CVPF,cracker_scene4,70,old
11401,27.489818334579468,0.21693722783376473,CVPF,cracker_scene4,70,old
11402,27.492156744003296,0.21693722783376473,CVPF,cracker_scene4,70,old
11403,27.49436116218567,0.21693722783376473,CVPF,cracker_scene4,70,old
11404,27.496639728546143,0.21693722783376473,CVPF,cracker_scene4,70,old
11405,27.499005556106567,0.21693722783376473,CVPF,cracker_scene4,70,old
11406,27.50132131576538,0.21693722783376473,CVPF,cracker_scene4,70,old
11407,27.50369143486023,0.21693722783376473,CVPF,cracker_scene4,70,old
11408,27.50599694252014,0.21693722783376473,CVPF,cracker_scene4,70,old
11409,27.50838589668274,0.21693722783376473,CVPF,cracker_scene4,70,old
11410,27.51063370704651,0.21693722783376473,CVPF,cracker_scene4,70,old
11411,27.512906789779663,0.21693722783376473,CVPF,cracker_scene4,70,old
11412,27.515264987945557,0.21693722783376473,CVPF,cracker_scene4,70,old
11413,27.517592430114746,0.21693722783376473,CVPF,cracker_scene4,70,old
11414,27.519948720932007,0.21693722783376473,CVPF,cracker_scene4,70,old
11415,27.52228546142578,0.21693722783376473,CVPF,cracker_scene4,70,old
11416,27.524728775024414,0.21693722783376473,CVPF,cracker_scene4,70,old
11417,27.52707576751709,0.21693722783376473,CVPF,cracker_scene4,70,old
11418,27.529398441314697,0.21693722783376473,CVPF,cracker_scene4,70,old
11419,27.531736135482788,0.21693722783376473,CVPF,cracker_scene4,70,old
11420,27.534005880355835,0.21693722783376473,CVPF,cracker_scene4,70,old
11421,27.536219596862793,0.21693722783376473,CVPF,cracker_scene4,70,old
11422,27.53857922554016,0.21693722783376473,CVPF,cracker_scene4,70,old
11423,27.5409095287323,0.21693722783376473,CVPF,cracker_scene4,70,old
11424,27.54333782196045,0.21693722783376473,CVPF,cracker_scene4,70,old
11425,27.545528650283813,0.21693722783376473,CVPF,cracker_scene4,70,old
11426,27.547773838043213,0.21693722783376473,CVPF,cracker_scene4,70,old
11427,27.549957990646362,0.21693722783376473,CVPF,cracker_scene4,70,old
11428,27.55220603942871,0.21693722783376473,CVPF,cracker_scene4,70,old
11429,27.554672241210938,0.21693722783376473,CVPF,cracker_scene4,70,old
11430,27.55710768699646,0.21693722783376473,CVPF,cracker_scene4,70,old
11431,27.55938410758972,0.21693722783376473,CVPF,cracker_scene4,70,old
11432,27.561579942703247,0.21693722783376473,CVPF,cracker_scene4,70,old
11433,27.563815355300903,0.21693722783376473,CVPF,cracker_scene4,70,old
11434,27.56600785255432,0.21693722783376473,CVPF,cracker_scene4,70,old
11435,27.568296432495117,0.21693722783376473,CVPF,cracker_scene4,70,old
11436,27.570654153823853,0.21693722783376473,CVPF,cracker_scene4,70,old
11437,27.572858572006226,0.21693722783376473,CVPF,cracker_scene4,70,old
11438,27.575204849243164,0.21693722783376473,CVPF,cracker_scene4,70,old
11439,27.577513933181763,0.21693722783376473,CVPF,cracker_scene4,70,old
11440,27.579877853393555,0.21693722783376473,CVPF,cracker_scene4,70,old
11441,27.582180976867676,0.21693722783376473,CVPF,cracker_scene4,70,old
11442,27.584550380706787,0.21693722783376473,CVPF,cracker_scene4,70,old
11443,27.586915969848633,0.21693722783376473,CVPF,cracker_scene4,70,old
11444,27.589129209518433,0.21693722783376473,CVPF,cracker_scene4,70,old
11445,27.591423511505127,0.21693722783376473,CVPF,cracker_scene4,70,old
11446,27.593769311904907,0.21693722783376473,CVPF,cracker_scene4,70,old
11447,27.596127033233643,0.21693722783376473,CVPF,cracker_scene4,70,old
11448,27.598506450653076,0.21693722783376473,CVPF,cracker_scene4,70,old
11449,27.600820302963257,0.21693722783376473,CVPF,cracker_scene4,70,old
11450,27.603174448013306,0.21693722783376473,CVPF,cracker_scene4,70,old
11451,27.605529308319092,0.21693722783376473,CVPF,cracker_scene4,70,old
11452,27.607900142669678,0.21693722783376473,CVPF,cracker_scene4,70,old
11453,27.610232830047607,0.21693722783376473,CVPF,cracker_scene4,70,old
11454,27.61252498626709,0.21693722783376473,CVPF,cracker_scene4,70,old
11455,27.614813566207886,0.21693722783376473,CVPF,cracker_scene4,70,old
11456,27.617146015167236,0.21693722783376473,CVPF,cracker_scene4,70,old
11457,27.619491577148438,0.21693722783376473,CVPF,cracker_scene4,70,old
11458,27.621729850769043,0.21693722783376473,CVPF,cracker_scene4,70,old
11459,27.62397575378418,0.21693722783376473,CVPF,cracker_scene4,70,old
11460,27.626169443130493,0.21693722783376473,CVPF,cracker_scene4,70,old
11461,27.628402709960938,0.21693722783376473,CVPF,cracker_scene4,70,old
11462,27.630647659301758,0.21693722783376473,CVPF,cracker_scene4,70,old
11463,27.632886171340942,0.21693722783376473,CVPF,cracker_scene4,70,old
11464,27.635260343551636,0.21693722783376473,CVPF,cracker_scene4,70,old
11465,27.63744354248047,0.21693722783376473,CVPF,cracker_scene4,70,old
11466,27.639707803726196,0.21693722783376473,CVPF,cracker_scene4,70,old
11467,27.642004251480103,0.21693722783376473,CVPF,cracker_scene4,70,old
11468,27.6442608833313,0.21693722783376473,CVPF,cracker_scene4,70,old
11469,27.64657211303711,0.21693722783376473,CVPF,cracker_scene4,70,old
11470,27.648882389068604,0.21693722783376473,CVPF,cracker_scene4,70,old
11471,27.651126384735107,0.21693722783376473,CVPF,cracker_scene4,70,old
11472,27.653366565704346,0.21693722783376473,CVPF,cracker_scene4,70,old
11473,27.65575122833252,0.21693722783376473,CVPF,cracker_scene4,70,old
11474,27.658084630966187,0.21693722783376473,CVPF,cracker_scene4,70,old
11475,27.660425662994385,0.21693722783376473,CVPF,cracker_scene4,70,old
11476,27.66279625892639,0.21693722783376473,CVPF,cracker_scene4,70,old
11477,27.665119886398315,0.21693722783376473,CVPF,cracker_scene4,70,old
11478,27.66742253303528,0.21693722783376473,CVPF,cracker_scene4,70,old
11479,27.66967010498047,0.21693722783376473,CVPF,cracker_scene4,70,old
11480,27.67203974723816,0.21693722783376473,CVPF,cracker_scene4,70,old
11481,27.674424171447754,0.21693722783376473,CVPF,cracker_scene4,70,old
11482,27.67676043510437,0.21693722783376473,CVPF,cracker_scene4,70,old
11483,27.679124355316162,0.21693722783376473,CVPF,cracker_scene4,70,old
11484,27.681456327438354,0.21693722783376473,CVPF,cracker_scene4,70,old
11485,27.683794736862183,0.21693722783376473,CVPF,cracker_scene4,70,old
11486,27.6861355304718,0.21693722783376473,CVPF,cracker_scene4,70,old
11487,27.68848204612732,0.21693722783376473,CVPF,cracker_scene4,70,old
11488,27.69079613685608,0.21693722783376473,CVPF,cracker_scene4,70,old
11489,27.692988395690918,0.21693722783376473,CVPF,cracker_scene4,70,old
11490,27.695351362228394,0.21693722783376473,CVPF,cracker_scene4,70,old
11491,27.697674036026,0.21693722783376473,CVPF,cracker_scene4,70,old
11492,27.69997262954712,0.21693722783376473,CVPF,cracker_scene4,70,old
11493,27.702171564102173,0.21693722783376473,CVPF,cracker_scene4,70,old
11494,27.704448461532593,0.21693722783376473,CVPF,cracker_scene4,70,old
11495,27.70667791366577,0.21693722783376473,CVPF,cracker_scene4,70,old
11496,27.70887327194214,0.21693722783376473,CVPF,cracker_scene4,70,old
11497,27.711161851882935,0.21693722783376473,CVPF,cracker_scene4,70,old
11498,27.713490962982178,0.21693722783376473,CVPF,cracker_scene4,70,old
11499,27.71574091911316,0.21693722783376473,CVPF,cracker_scene4,70,old
11500,27.717934370040894,0.21693722783376473,CVPF,cracker_scene4,70,old
11501,27.720160245895386,0.21693722783376473,CVPF,cracker_scene4,70,old
11502,27.722339868545532,0.21693722783376473,CVPF,cracker_scene4,70,old
11503,27.724631786346436,0.21693722783376473,CVPF,cracker_scene4,70,old
11504,27.72700309753418,0.21693722783376473,CVPF,cracker_scene4,70,old
11505,27.729196786880493,0.21693722783376473,CVPF,cracker_scene4,70,old
11506,27.731494426727295,0.21693722783376473,CVPF,cracker_scene4,70,old
11507,27.733816385269165,0.21693722783376473,CVPF,cracker_scene4,70,old
11508,27.736177444458008,0.21693722783376473,CVPF,cracker_scene4,70,old
11509,27.7385413646698,0.21693722783376473,CVPF,cracker_scene4,70,old
11510,27.740867614746094,0.21693722783376473,CVPF,cracker_scene4,70,old
11511,27.743348598480225,0.21693722783376473,CVPF,cracker_scene4,70,old
11512,27.74553942680359,0.21693722783376473,CVPF,cracker_scene4,70,old
11513,27.74784541130066,0.21693722783376473,CVPF,cracker_scene4,70,old
11514,27.750154733657837,0.21693722783376473,CVPF,cracker_scene4,70,old
11515,27.752536296844482,0.21693722783376473,CVPF,cracker_scene4,70,old
11516,27.75487470626831,0.21693722783376473,CVPF,cracker_scene4,70,old
11517,27.757198333740234,0.21693722783376473,CVPF,cracker_scene4,70,old
11518,27.759536027908325,0.21693722783376473,CVPF,cracker_scene4,70,old
11519,27.76184916496277,0.21693722783376473,CVPF,cracker_scene4,70,old
11520,27.76421046257019,0.21693722783376473,CVPF,cracker_scene4,70,old
11521,27.766573190689087,0.21693722783376473,CVPF,cracker_scene4,70,old
11522,27.768840551376343,0.21693722783376473,CVPF,cracker_scene4,70,old
11523,27.771075963974,0.21693722783376473,CVPF,cracker_scene4,70,old
11524,27.773395776748657,0.21693722783376473,CVPF,cracker_scene4,70,old
11525,27.775774002075195,0.21693722783376473,CVPF,cracker_scene4,70,old
11526,27.778039693832397,0.21693722783376473,CVPF,cracker_scene4,70,old
11527,27.78026795387268,0.21693722783376473,CVPF,cracker_scene4,70,old
11528,27.782524585723877,0.21693722783376473,CVPF,cracker_scene4,70,old
11529,27.784722566604614,0.21693722783376473,CVPF,cracker_scene4,70,old
11530,27.786947011947632,0.21693722783376473,CVPF,cracker_scene4,70,old
11531,27.789201974868774,0.21693722783376473,CVPF,cracker_scene4,70,old
11532,27.79155921936035,0.21693722783376473,CVPF,cracker_scene4,70,old
11533,27.79374861717224,0.21693722783376473,CVPF,cracker_scene4,70,old
11534,27.796119451522827,0.21693722783376473,CVPF,cracker_scene4,70,old
11535,27.79829978942871,0.21693722783376473,CVPF,cracker_scene4,70,old
11536,27.80054521560669,0.21693722783376473,CVPF,cracker_scene4,70,old
11537,27.802873849868774,0.21693722783376473,CVPF,cracker_scene4,70,old
11538,27.805201053619385,0.21693722783376473,CVPF,cracker_scene4,70,old
11539,27.807443857192993,0.21693722783376473,CVPF,cracker_scene4,70,old
11540,27.8097186088562,0.21693722783376473,CVPF,cracker_scene4,70,old
11541,27.812071084976196,0.21693722783376473,CVPF,cracker_scene4,70,old
11542,27.814430713653564,0.21693722783376473,CVPF,cracker_scene4,70,old
11543,27.816757917404175,0.21693722783376473,CVPF,cracker_scene4,70,old
11544,27.81913924217224,0.21693722783376473,CVPF,cracker_scene4,70,old
11545,27.821459531784058,0.21693722783376473,CVPF,cracker_scene4,70,old
11546,27.823718547821045,0.21693722783376473,CVPF,cracker_scene4,70,old
11547,27.825971364974976,0.21693722783376473,CVPF,cracker_scene4,70,old
11548,27.82832932472229,0.21693722783376473,CVPF,cracker_scene4,70,old
11549,27.830692052841187,0.21693722783376473,CVPF,cracker_scene4,70,old
11550,27.83300542831421,0.21693722783376473,CVPF,cracker_scene4,70,old
11551,27.835378170013428,0.21693722783376473,CVPF,cracker_scene4,70,old
11552,27.83769989013672,0.21693722783376473,CVPF,cracker_scene4,70,old
11553,27.840059280395508,0.21693722783376473,CVPF,cracker_scene4,70,old
11554,27.84250521659851,0.21693722783376473,CVPF,cracker_scene4,70,old
11555,27.844846487045288,0.21693722783376473,CVPF,cracker_scene4,70,old
11556,27.84716796875,0.21693722783376473,CVPF,cracker_scene4,70,old
11557,27.84936761856079,0.21693722783376473,CVPF,cracker_scene4,70,old
11558,27.851786375045776,0.21693722783376473,CVPF,cracker_scene4,70,old
11559,27.85410785675049,0.21693722783376473,CVPF,cracker_scene4,70,old
11560,27.856422901153564,0.21693722783376473,CVPF,cracker_scene4,70,old
11561,27.858667612075806,0.21693722783376473,CVPF,cracker_scene4,70,old
11562,27.860851764678955,0.21693722783376473,CVPF,cracker_scene4,70,old
11563,27.863102197647095,0.21693722783376473,CVPF,cracker_scene4,70,old
11564,27.865325927734375,0.21693722783376473,CVPF,cracker_scene4,70,old
11565,27.86761474609375,0.21693722783376473,CVPF,cracker_scene4,70,old
11566,27.869957447052002,0.21693722783376473,CVPF,cracker_scene4,70,old
11567,27.872185707092285,0.21693722783376473,CVPF,cracker_scene4,70,old
11568,27.87442922592163,0.21693722783376473,CVPF,cracker_scene4,70,old
11569,27.87663459777832,0.21693722783376473,CVPF,cracker_scene4,70,old
11570,27.878867149353027,0.21693722783376473,CVPF,cracker_scene4,70,old
11571,27.881134271621704,0.21693722783376473,CVPF,cracker_scene4,70,old
11572,27.883495569229126,0.21693722783376473,CVPF,cracker_scene4,70,old
11573,27.885720252990723,0.21693722783376473,CVPF,cracker_scene4,70,old
11574,27.888017654418945,0.21693722783376473,CVPF,cracker_scene4,70,old
11575,27.890331506729126,0.21693722783376473,CVPF,cracker_scene4,70,old
11576,27.89269232749939,0.21693722783376473,CVPF,cracker_scene4,70,old
11577,27.89508628845215,0.21693722783376473,CVPF,cracker_scene4,70,old
11578,27.89743995666504,0.21693722783376473,CVPF,cracker_scene4,70,old
11579,27.89980983734131,0.21693722783376473,CVPF,cracker_scene4,70,old
11580,27.90201687812805,0.21693722783376473,CVPF,cracker_scene4,70,old
11581,27.90433645248413,0.21693722783376473,CVPF,cracker_scene4,70,old
11582,27.906715869903564,0.21693722783376473,CVPF,cracker_scene4,70,old
11583,27.909013748168945,0.21693722783376473,CVPF,cracker_scene4,70,old
11584,27.911386489868164,0.21693722783376473,CVPF,cracker_scene4,70,old
11585,27.913706064224243,0.21693722783376473,CVPF,cracker_scene4,70,old
11586,27.916075468063354,0.21693722783376473,CVPF,cracker_scene4,70,old
11587,27.918445348739624,0.21693722783376473,CVPF,cracker_scene4,70,old
11588,27.920772075653076,0.21693722783376473,CVPF,cracker_scene4,70,old
11589,27.92314648628235,0.21693722783376473,CVPF,cracker_scene4,70,old
11590,27.925408124923706,0.21693722783376473,CVPF,cracker_scene4,70,old
11591,27.92764711380005,0.21693722783376473,CVPF,cracker_scene4,70,old
11592,27.929961442947388,0.21693722783376473,CVPF,cracker_scene4,70,old
11593,27.93232250213623,0.21693722783376473,CVPF,cracker_scene4,70,old
11594,27.93464493751526,0.21693722783376473,CVPF,cracker_scene4,70,old
11595,27.936832666397095,0.21693722783376473,CVPF,cracker_scene4,70,old
11596,27.93908929824829,0.21693722783376473,CVPF,cracker_scene4,70,old
11597,27.941324949264526,0.21693722783376473,CVPF,cracker_scene4,70,old
11598,27.943634748458862,0.21693722783376473,CVPF,cracker_scene4,70,old
11599,27.945913553237915,0.21693722783376473,CVPF,cracker_scene4,70,old
11600,27.9482741355896,0.21693722783376473,CVPF,cracker_scene4,70,old
11601,27.95050883293152,0.21693722783376473,CVPF,cracker_scene4,70,old
11602,27.95270347595215,0.21693722783376473,CVPF,cracker_scene4,70,old
11603,27.954938411712646,0.21693722783376473,CVPF,cracker_scene4,70,old
11604,27.957159996032715,0.21693722783376473,CVPF,cracker_scene4,70,old
11605,27.959460258483887,0.21693722783376473,CVPF,cracker_scene4,70,old
11606,27.961796760559082,0.21693722783376473,CVPF,cracker_scene4,70,old
11607,27.96404218673706,0.21693722783376473,CVPF,cracker_scene4,70,old
11608,27.966362476348877,0.21693722783376473,CVPF,cracker_scene4,70,old
11609,27.968717098236084,0.21693722783376473,CVPF,cracker_scene4,70,old
11610,27.97108030319214,0.21693722783376473,CVPF,cracker_scene4,70,old
11611,27.97338318824768,0.21693722783376473,CVPF,cracker_scene4,70,old
11612,27.975788593292236,0.21693722783376473,CVPF,cracker_scene4,70,old
11613,27.97810411453247,0.21693722783376473,CVPF,cracker_scene4,70,old
11614,27.98034405708313,0.21693722783376473,CVPF,cracker_scene4,70,old
11615,27.982638359069824,0.21693722783376473,CVPF,cracker_scene4,70,old
11616,27.985013246536255,0.21693722783376473,CVPF,cracker_scene4,70,old
11617,27.987360954284668,0.21693722783376473,CVPF,cracker_scene4,70,old
