0,0.00017714500427246094,0.07563414167981984,obse,cracker_scene2,70,multiray
1,0.002570629119873047,0.07563414167981984,obse,cracker_scene2,70,multiray
2,0.007262468338012695,0.07563414167981984,obse,cracker_scene2,70,multiray
3,0.01179194450378418,0.07562826960418069,obse,cracker_scene2,70,multiray
4,0.016183853149414062,0.07553472008807927,obse,cracker_scene2,70,multiray
5,0.02062821388244629,0.07539940366823966,obse,cracker_scene2,70,multiray
6,0.02513885498046875,0.07539940366823966,obse,cracker_scene2,70,multiray
7,0.029575824737548828,0.07539940366823966,obse,cracker_scene2,70,multiray
8,0.03384208679199219,0.07539940366823966,obse,cracker_scene2,70,multiray
9,0.03814435005187988,0.07539940366823966,obse,cracker_scene2,70,multiray
10,0.04298281669616699,0.07502876065519451,obse,cracker_scene2,70,multiray
11,0.047547101974487305,0.07471582294273663,obse,cracker_scene2,70,multiray
12,0.051759958267211914,0.07471582294273663,obse,cracker_scene2,70,multiray
13,0.056038856506347656,0.07471582294273663,obse,cracker_scene2,70,multiray
14,0.06055307388305664,0.07451044995698757,obse,cracker_scene2,70,multiray
15,0.064727783203125,0.07451044995698757,obse,cracker_scene2,70,multiray
16,0.06942129135131836,0.07431989774125367,obse,cracker_scene2,70,multiray
17,0.07423233985900879,0.07315830953745749,obse,cracker_scene2,70,multiray
18,0.07887411117553711,0.07315830953745749,obse,cracker_scene2,70,multiray
19,0.08323979377746582,0.07294411085762535,obse,cracker_scene2,70,multiray
20,0.08754110336303711,0.07294411085762535,obse,cracker_scene2,70,multiray
21,0.0920567512512207,0.07294411085762535,obse,cracker_scene2,70,multiray
22,0.09633803367614746,0.07270592965211753,obse,cracker_scene2,70,multiray
23,0.1005396842956543,0.07270592965211753,obse,cracker_scene2,70,multiray
24,0.10515689849853516,0.07270592965211753,obse,cracker_scene2,70,multiray
25,0.11001801490783691,0.07262948303930737,obse,cracker_scene2,70,multiray
26,0.11475229263305664,0.07250303064124801,obse,cracker_scene2,70,multiray
27,0.11904668807983398,0.07250303064124801,obse,cracker_scene2,70,multiray
28,0.12363648414611816,0.07250303064124801,obse,cracker_scene2,70,multiray
29,0.1281588077545166,0.07250303064124801,obse,cracker_scene2,70,multiray
30,0.13251519203186035,0.07250303064124801,obse,cracker_scene2,70,multiray
31,0.13706016540527344,0.07251037494207425,obse,cracker_scene2,70,multiray
32,0.14143657684326172,0.07251037494207425,obse,cracker_scene2,70,multiray
33,0.14604401588439941,0.07251037494207425,obse,cracker_scene2,70,multiray
34,0.15032076835632324,0.0725060250829931,obse,cracker_scene2,70,multiray
35,0.15469098091125488,0.0725060250829931,obse,cracker_scene2,70,multiray
36,0.15895438194274902,0.0725060250829931,obse,cracker_scene2,70,multiray
37,0.16445422172546387,0.07146978353839523,obse,cracker_scene2,70,multiray
38,0.16878318786621094,0.07146978353839523,obse,cracker_scene2,70,multiray
39,0.17325592041015625,0.07146978353839523,obse,cracker_scene2,70,multiray
40,0.17742013931274414,0.07146978353839523,obse,cracker_scene2,70,multiray
41,0.18212199211120605,0.07128589192708051,obse,cracker_scene2,70,multiray
42,0.18638253211975098,0.07128589192708051,obse,cracker_scene2,70,multiray
43,0.1907036304473877,0.0711933100015825,obse,cracker_scene2,70,multiray
44,0.19476556777954102,0.0711933100015825,obse,cracker_scene2,70,multiray
45,0.19893884658813477,0.0711933100015825,obse,cracker_scene2,70,multiray
46,0.2032761573791504,0.07112389703615885,obse,cracker_scene2,70,multiray
47,0.2075972557067871,0.0710903035028113,obse,cracker_scene2,70,multiray
48,0.2123560905456543,0.0709461308215811,obse,cracker_scene2,70,multiray
49,0.21674323081970215,0.0708026015257629,obse,cracker_scene2,70,multiray
50,0.22110247611999512,0.0708026015257629,obse,cracker_scene2,70,multiray
51,0.22586679458618164,0.07067200366840974,obse,cracker_scene2,70,multiray
52,0.22988390922546387,0.07068008773575206,obse,cracker_scene2,70,multiray
53,0.23399853706359863,0.07072491049268693,obse,cracker_scene2,70,multiray
54,0.2381763458251953,0.07061579820643148,obse,cracker_scene2,70,multiray
55,0.2420787811279297,0.07061579820643148,obse,cracker_scene2,70,multiray
56,0.24659419059753418,0.07044690956057946,obse,cracker_scene2,70,multiray
57,0.2509267330169678,0.07044690956057946,obse,cracker_scene2,70,multiray
58,0.2550818920135498,0.07034111588940742,obse,cracker_scene2,70,multiray
59,0.259232759475708,0.0703374834126571,obse,cracker_scene2,70,multiray
60,0.26318931579589844,0.0703374834126571,obse,cracker_scene2,70,multiray
61,0.26766061782836914,0.07018037182152544,obse,cracker_scene2,70,multiray
62,0.27170395851135254,0.07011134186661819,obse,cracker_scene2,70,multiray
63,0.2761354446411133,0.07004954114239519,obse,cracker_scene2,70,multiray
64,0.2804720401763916,0.07004954114239519,obse,cracker_scene2,70,multiray
65,0.2848508358001709,0.06997256748375201,obse,cracker_scene2,70,multiray
66,0.2890899181365967,0.06997256748375201,obse,cracker_scene2,70,multiray
67,0.29353952407836914,0.0698623109789235,obse,cracker_scene2,70,multiray
68,0.29839158058166504,0.0698623109789235,obse,cracker_scene2,70,multiray
69,0.30266261100769043,0.0698623109789235,obse,cracker_scene2,70,multiray
70,0.3073451519012451,0.07010535731350888,obse,cracker_scene2,70,multiray
71,0.3118107318878174,0.07035070813507129,obse,cracker_scene2,70,multiray
72,0.3160710334777832,0.07035070813507129,obse,cracker_scene2,70,multiray
73,0.32037997245788574,0.07035070813507129,obse,cracker_scene2,70,multiray
74,0.32451438903808594,0.07035070813507129,obse,cracker_scene2,70,multiray
75,0.32994699478149414,0.07002150089492755,obse,cracker_scene2,70,multiray
76,0.33434152603149414,0.07002150089492755,obse,cracker_scene2,70,multiray
77,0.33886194229125977,0.07004611308917393,obse,cracker_scene2,70,multiray
78,0.3567976951599121,0.07003750971851809,obse,cracker_scene2,70,multiray
79,0.36236119270324707,0.06992496190088893,obse,cracker_scene2,70,multiray
80,0.3667266368865967,0.06988747157548482,obse,cracker_scene2,70,multiray
81,0.3711228370666504,0.06975165260603873,obse,cracker_scene2,70,multiray
82,0.37531065940856934,0.06975165260603873,obse,cracker_scene2,70,multiray
83,0.37983131408691406,0.06950487068872055,obse,cracker_scene2,70,multiray
84,0.3839445114135742,0.06950487068872055,obse,cracker_scene2,70,multiray
85,0.388324499130249,0.06903248961270002,obse,cracker_scene2,70,multiray
86,0.39255785942077637,0.06903248961270002,obse,cracker_scene2,70,multiray
87,0.3970026969909668,0.06901326965495512,obse,cracker_scene2,70,multiray
88,0.4014010429382324,0.06901326965495512,obse,cracker_scene2,70,multiray
89,0.405367374420166,0.06901326965495512,obse,cracker_scene2,70,multiray
90,0.4095437526702881,0.06901326965495512,obse,cracker_scene2,70,multiray
91,0.41368842124938965,0.06901326965495512,obse,cracker_scene2,70,multiray
92,0.41805410385131836,0.06884794171555615,obse,cracker_scene2,70,multiray
93,0.4224853515625,0.06909341727245565,obse,cracker_scene2,70,multiray
94,0.42677783966064453,0.06909341727245565,obse,cracker_scene2,70,multiray
95,0.431102991104126,0.06909341727245565,obse,cracker_scene2,70,multiray
96,0.43576765060424805,0.06850779786218174,obse,cracker_scene2,70,multiray
97,0.4403972625732422,0.06850779786218174,obse,cracker_scene2,70,multiray
98,0.4446277618408203,0.06842659364518788,obse,cracker_scene2,70,multiray
99,0.44889330863952637,0.06842659364518788,obse,cracker_scene2,70,multiray
100,0.4530327320098877,0.06837138649167578,obse,cracker_scene2,70,multiray
101,0.4575986862182617,0.06837138649167578,obse,cracker_scene2,70,multiray
102,0.46205878257751465,0.06828578225750549,obse,cracker_scene2,70,multiray
103,0.46648073196411133,0.06828908577721803,obse,cracker_scene2,70,multiray
104,0.4708740711212158,0.06828908577721803,obse,cracker_scene2,70,multiray
105,0.47536802291870117,0.06828908577721803,obse,cracker_scene2,70,multiray
106,0.47960615158081055,0.06815909476063814,obse,cracker_scene2,70,multiray
107,0.4839210510253906,0.0680690003226794,obse,cracker_scene2,70,multiray
108,0.4884328842163086,0.06798097012000148,obse,cracker_scene2,70,multiray
109,0.4928722381591797,0.06793355746977672,obse,cracker_scene2,70,multiray
110,0.4981038570404053,0.06784920414806446,obse,cracker_scene2,70,multiray
111,0.5022604465484619,0.06784920414806446,obse,cracker_scene2,70,multiray
112,0.5062611103057861,0.06784920414806446,obse,cracker_scene2,70,multiray
113,0.5108006000518799,0.06773870195405073,obse,cracker_scene2,70,multiray
114,0.5156304836273193,0.06880536219449797,obse,cracker_scene2,70,multiray
115,0.5198402404785156,0.06880536219449797,obse,cracker_scene2,70,multiray
116,0.52433180809021,0.06920147455617937,obse,cracker_scene2,70,multiray
117,0.5285611152648926,0.06920147455617937,obse,cracker_scene2,70,multiray
118,0.5331089496612549,0.06900838880295178,obse,cracker_scene2,70,multiray
119,0.5373303890228271,0.06900838880295178,obse,cracker_scene2,70,multiray
120,0.5415434837341309,0.06900838880295178,obse,cracker_scene2,70,multiray
121,0.5463106632232666,0.06888611226824731,obse,cracker_scene2,70,multiray
122,0.5509448051452637,0.06880375859471759,obse,cracker_scene2,70,multiray
123,0.5550518035888672,0.06880375859471759,obse,cracker_scene2,70,multiray
124,0.5593950748443604,0.06872662402044102,obse,cracker_scene2,70,multiray
125,0.5636768341064453,0.06872662402044102,obse,cracker_scene2,70,multiray
126,0.5679781436920166,0.06872662402044102,obse,cracker_scene2,70,multiray
127,0.5722880363464355,0.06867268968479022,obse,cracker_scene2,70,multiray
128,0.5765702724456787,0.06867268968479022,obse,cracker_scene2,70,multiray
129,0.5807545185089111,0.06867268968479022,obse,cracker_scene2,70,multiray
130,0.5852022171020508,0.06867268968479022,obse,cracker_scene2,70,multiray
131,0.5892989635467529,0.06845728422881292,obse,cracker_scene2,70,multiray
132,0.5935335159301758,0.06845472220391398,obse,cracker_scene2,70,multiray
133,0.5981886386871338,0.06836228564476965,obse,cracker_scene2,70,multiray
134,0.6024129390716553,0.06827142260567434,obse,cracker_scene2,70,multiray
135,0.6072766780853271,0.06812325363852982,obse,cracker_scene2,70,multiray
136,0.6115608215332031,0.06812325363852982,obse,cracker_scene2,70,multiray
137,0.615999698638916,0.06810587572348553,obse,cracker_scene2,70,multiray
138,0.6201238632202148,0.06810587572348553,obse,cracker_scene2,70,multiray
139,0.6243636608123779,0.0680273057248058,obse,cracker_scene2,70,multiray
140,0.6285767555236816,0.0680273057248058,obse,cracker_scene2,70,multiray
141,0.6326043605804443,0.06802199616233377,obse,cracker_scene2,70,multiray
142,0.636573314666748,0.06802199616233377,obse,cracker_scene2,70,multiray
143,0.6413166522979736,0.06795595428299148,obse,cracker_scene2,70,multiray
144,0.6455562114715576,0.06795595428299148,obse,cracker_scene2,70,multiray
145,0.6500585079193115,0.06790365588509208,obse,cracker_scene2,70,multiray
146,0.6543595790863037,0.06790365588509208,obse,cracker_scene2,70,multiray
147,0.6585378646850586,0.06790365588509208,obse,cracker_scene2,70,multiray
148,0.6626973152160645,0.06790365588509208,obse,cracker_scene2,70,multiray
149,0.6668121814727783,0.06790365588509208,obse,cracker_scene2,70,multiray
150,0.6716854572296143,0.06758196455880944,obse,cracker_scene2,70,multiray
151,0.6759343147277832,0.06758196455880944,obse,cracker_scene2,70,multiray
152,0.6803991794586182,0.06758196455880944,obse,cracker_scene2,70,multiray
153,0.6850199699401855,0.06745398851256967,obse,cracker_scene2,70,multiray
154,0.6890854835510254,0.06745398851256967,obse,cracker_scene2,70,multiray
155,0.6932430267333984,0.06742541247145958,obse,cracker_scene2,70,multiray
156,0.6973686218261719,0.06742541247145958,obse,cracker_scene2,70,multiray
157,0.7015550136566162,0.06727432427223709,obse,cracker_scene2,70,multiray
158,0.7056195735931396,0.06727432427223709,obse,cracker_scene2,70,multiray
159,0.7096743583679199,0.06727432427223709,obse,cracker_scene2,70,multiray
160,0.7145977020263672,0.06719132195779108,obse,cracker_scene2,70,multiray
161,0.7186985015869141,0.06719132195779108,obse,cracker_scene2,70,multiray
162,0.7227895259857178,0.06719210476326531,obse,cracker_scene2,70,multiray
163,0.7269225120544434,0.06719210476326531,obse,cracker_scene2,70,multiray
164,0.7309811115264893,0.06719210476326531,obse,cracker_scene2,70,multiray
165,0.7351126670837402,0.06719210476326531,obse,cracker_scene2,70,multiray
166,0.7395153045654297,0.06700934297628171,obse,cracker_scene2,70,multiray
167,0.7437913417816162,0.06705301610414455,obse,cracker_scene2,70,multiray
168,0.7480564117431641,0.06607504232870151,obse,cracker_scene2,70,multiray
169,0.7521803379058838,0.06607504232870151,obse,cracker_scene2,70,multiray
170,0.756563663482666,0.06605532912880581,obse,cracker_scene2,70,multiray
171,0.7610065937042236,0.06605532912880581,obse,cracker_scene2,70,multiray
172,0.7653145790100098,0.06616282203919395,obse,cracker_scene2,70,multiray
173,0.7695503234863281,0.06620282192539124,obse,cracker_scene2,70,multiray
174,0.7740733623504639,0.06555993460062856,obse,cracker_scene2,70,multiray
175,0.7787718772888184,0.06534943711849095,obse,cracker_scene2,70,multiray
176,0.7829287052154541,0.06534943711849095,obse,cracker_scene2,70,multiray
177,0.7872929573059082,0.06534943711849095,obse,cracker_scene2,70,multiray
178,0.7915480136871338,0.06534943711849095,obse,cracker_scene2,70,multiray
179,0.7956812381744385,0.06534943711849095,obse,cracker_scene2,70,multiray
180,0.7998776435852051,0.06534180581596259,obse,cracker_scene2,70,multiray
181,0.8039674758911133,0.06534180581596259,obse,cracker_scene2,70,multiray
182,0.8081510066986084,0.06534180581596259,obse,cracker_scene2,70,multiray
183,0.8124229907989502,0.06534180581596259,obse,cracker_scene2,70,multiray
184,0.8168590068817139,0.06534180581596259,obse,cracker_scene2,70,multiray
185,0.8211512565612793,0.06534180581596259,obse,cracker_scene2,70,multiray
186,0.8254697322845459,0.06529584897019604,obse,cracker_scene2,70,multiray
187,0.8297677040100098,0.06521802049162664,obse,cracker_scene2,70,multiray
188,0.8346765041351318,0.06474061642958538,obse,cracker_scene2,70,multiray
189,0.8394186496734619,0.06457690568902671,obse,cracker_scene2,70,multiray
190,0.8440821170806885,0.06457690568902671,obse,cracker_scene2,70,multiray
191,0.8484959602355957,0.06457690568902671,obse,cracker_scene2,70,multiray
192,0.852564811706543,0.06451236053061876,obse,cracker_scene2,70,multiray
193,0.8568131923675537,0.0644569053422621,obse,cracker_scene2,70,multiray
194,0.86110520362854,0.0644569053422621,obse,cracker_scene2,70,multiray
195,0.8652756214141846,0.0644569053422621,obse,cracker_scene2,70,multiray
196,0.869544267654419,0.06442295296636533,obse,cracker_scene2,70,multiray
197,0.8739969730377197,0.06431384875724348,obse,cracker_scene2,70,multiray
198,0.8783888816833496,0.06431384875724348,obse,cracker_scene2,70,multiray
199,0.8827731609344482,0.06428519240032761,obse,cracker_scene2,70,multiray
200,0.8869349956512451,0.06428519240032761,obse,cracker_scene2,70,multiray
201,0.891350507736206,0.06422818472084164,obse,cracker_scene2,70,multiray
202,0.8956043720245361,0.06422818472084164,obse,cracker_scene2,70,multiray
203,0.8996493816375732,0.06422818472084164,obse,cracker_scene2,70,multiray
204,0.9041850566864014,0.06400383074119939,obse,cracker_scene2,70,multiray
205,0.9084582328796387,0.06393336121524207,obse,cracker_scene2,70,multiray
206,0.9126791954040527,0.06393336121524207,obse,cracker_scene2,70,multiray
207,0.9171586036682129,0.0637146317112204,obse,cracker_scene2,70,multiray
208,0.9211573600769043,0.0637146317112204,obse,cracker_scene2,70,multiray
209,0.9253408908843994,0.0637146317112204,obse,cracker_scene2,70,multiray
210,0.9296355247497559,0.0637146317112204,obse,cracker_scene2,70,multiray
211,0.933905839920044,0.06362609650212377,obse,cracker_scene2,70,multiray
212,0.9383132457733154,0.06362609650212377,obse,cracker_scene2,70,multiray
213,0.942636251449585,0.06363865665233771,obse,cracker_scene2,70,multiray
214,0.9475080966949463,0.06340104667161847,obse,cracker_scene2,70,multiray
215,0.9519772529602051,0.0631373299193005,obse,cracker_scene2,70,multiray
216,0.9562077522277832,0.0631373299193005,obse,cracker_scene2,70,multiray
217,0.9605700969696045,0.06306388510056378,obse,cracker_scene2,70,multiray
218,0.9655413627624512,0.06298929999922205,obse,cracker_scene2,70,multiray
219,0.9698388576507568,0.06298929999922205,obse,cracker_scene2,70,multiray
220,0.974092960357666,0.06298929999922205,obse,cracker_scene2,70,multiray
221,0.9786732196807861,0.06316610370788818,obse,cracker_scene2,70,multiray
222,0.9829471111297607,0.06309701048919081,obse,cracker_scene2,70,multiray
223,0.9871938228607178,0.06309701048919081,obse,cracker_scene2,70,multiray
224,0.9921145439147949,0.06281170059518505,obse,cracker_scene2,70,multiray
225,0.9963412284851074,0.06281170059518505,obse,cracker_scene2,70,multiray
226,1.0005953311920166,0.0627844961818905,obse,cracker_scene2,70,multiray
227,1.0049464702606201,0.06269527025992197,obse,cracker_scene2,70,multiray
228,1.0095956325531006,0.06280844217134371,obse,cracker_scene2,70,multiray
229,1.0142722129821777,0.06277022980632545,obse,cracker_scene2,70,multiray
230,1.0187599658966064,0.06269531650831761,obse,cracker_scene2,70,multiray
231,1.0231773853302002,0.06698750669874845,obse,cracker_scene2,70,multiray
232,1.0274386405944824,0.06698750669874845,obse,cracker_scene2,70,multiray
233,1.0318207740783691,0.06688810309800186,obse,cracker_scene2,70,multiray
234,1.0359439849853516,0.06688810309800186,obse,cracker_scene2,70,multiray
235,1.0402028560638428,0.06688810309800186,obse,cracker_scene2,70,multiray
236,1.0445234775543213,0.06688810309800186,obse,cracker_scene2,70,multiray
237,1.0487298965454102,0.06688810309800186,obse,cracker_scene2,70,multiray
238,1.0533649921417236,0.0667536706553964,obse,cracker_scene2,70,multiray
239,1.0577480792999268,0.0667536706553964,obse,cracker_scene2,70,multiray
240,1.0624563694000244,0.06655763448570277,obse,cracker_scene2,70,multiray
241,1.0667932033538818,0.06647789510900157,obse,cracker_scene2,70,multiray
242,1.0709164142608643,0.06647789510900157,obse,cracker_scene2,70,multiray
243,1.0752501487731934,0.06647789510900157,obse,cracker_scene2,70,multiray
244,1.0793933868408203,0.06647789510900157,obse,cracker_scene2,70,multiray
245,1.084136962890625,0.066433146464382,obse,cracker_scene2,70,multiray
246,1.0882987976074219,0.066433146464382,obse,cracker_scene2,70,multiray
247,1.0926337242126465,0.066433146464382,obse,cracker_scene2,70,multiray
248,1.097212314605713,0.06634886439137028,obse,cracker_scene2,70,multiray
249,1.1015801429748535,0.06623267645588815,obse,cracker_scene2,70,multiray
250,1.1056861877441406,0.06615531148786007,obse,cracker_scene2,70,multiray
251,1.1102724075317383,0.0661065798991494,obse,cracker_scene2,70,multiray
252,1.114659070968628,0.06614064070723669,obse,cracker_scene2,70,multiray
253,1.1188828945159912,0.06614064070723669,obse,cracker_scene2,70,multiray
254,1.1230707168579102,0.06614064070723669,obse,cracker_scene2,70,multiray
255,1.127319097518921,0.06614064070723669,obse,cracker_scene2,70,multiray
256,1.131993055343628,0.06586403277357789,obse,cracker_scene2,70,multiray
257,1.136220932006836,0.06606569572139499,obse,cracker_scene2,70,multiray
258,1.1404314041137695,0.06587821641446598,obse,cracker_scene2,70,multiray
259,1.1447765827178955,0.06587821641446598,obse,cracker_scene2,70,multiray
260,1.1490323543548584,0.06594395622319268,obse,cracker_scene2,70,multiray
261,1.1533303260803223,0.06594395622319268,obse,cracker_scene2,70,multiray
262,1.1576025485992432,0.06594395622319268,obse,cracker_scene2,70,multiray
263,1.1625921726226807,0.06582282980069598,obse,cracker_scene2,70,multiray
264,1.1667120456695557,0.06582282980069598,obse,cracker_scene2,70,multiray
265,1.1711914539337158,0.06575818989526021,obse,cracker_scene2,70,multiray
266,1.17543363571167,0.06575818989526021,obse,cracker_scene2,70,multiray
267,1.1799437999725342,0.06561540937864478,obse,cracker_scene2,70,multiray
268,1.1843411922454834,0.06561540937864478,obse,cracker_scene2,70,multiray
269,1.1885581016540527,0.06559269057191923,obse,cracker_scene2,70,multiray
270,1.1926994323730469,0.06559269057191923,obse,cracker_scene2,70,multiray
271,1.1969037055969238,0.06553760692864836,obse,cracker_scene2,70,multiray
272,1.2009351253509521,0.06553760692864836,obse,cracker_scene2,70,multiray
273,1.2049891948699951,0.06553760692864836,obse,cracker_scene2,70,multiray
274,1.2096409797668457,0.06537154658967329,obse,cracker_scene2,70,multiray
275,1.2138385772705078,0.06537154658967329,obse,cracker_scene2,70,multiray
276,1.2182910442352295,0.06537154658967329,obse,cracker_scene2,70,multiray
277,1.2224137783050537,0.0653415958380707,obse,cracker_scene2,70,multiray
278,1.2265994548797607,0.0653415958380707,obse,cracker_scene2,70,multiray
279,1.230545997619629,0.0653415958380707,obse,cracker_scene2,70,multiray
280,1.2351927757263184,0.06506012060021793,obse,cracker_scene2,70,multiray
281,1.2391455173492432,0.06506012060021793,obse,cracker_scene2,70,multiray
282,1.2432286739349365,0.06506012060021793,obse,cracker_scene2,70,multiray
283,1.2474815845489502,0.06528472157185262,obse,cracker_scene2,70,multiray
284,1.25156569480896,0.06528472157185262,obse,cracker_scene2,70,multiray
285,1.2555816173553467,0.06528472157185262,obse,cracker_scene2,70,multiray
286,1.2604787349700928,0.06522120684602198,obse,cracker_scene2,70,multiray
287,1.2645211219787598,0.06522120684602198,obse,cracker_scene2,70,multiray
288,1.2689213752746582,0.06522120684602198,obse,cracker_scene2,70,multiray
289,1.2730228900909424,0.06522120684602198,obse,cracker_scene2,70,multiray
290,1.2776315212249756,0.06522120684602198,obse,cracker_scene2,70,multiray
291,1.2817273139953613,0.06514322357751957,obse,cracker_scene2,70,multiray
292,1.2859454154968262,0.0650939274866286,obse,cracker_scene2,70,multiray
293,1.2900307178497314,0.0650939274866286,obse,cracker_scene2,70,multiray
294,1.2943079471588135,0.06508695368077168,obse,cracker_scene2,70,multiray
295,1.2984998226165771,0.06508695368077168,obse,cracker_scene2,70,multiray
296,1.302847146987915,0.06509769801408144,obse,cracker_scene2,70,multiray
297,1.3071792125701904,0.06511360068478814,obse,cracker_scene2,70,multiray
298,1.3116235733032227,0.06506592849797921,obse,cracker_scene2,70,multiray
299,1.3158280849456787,0.06506592849797921,obse,cracker_scene2,70,multiray
300,1.320183277130127,0.06497145441283109,obse,cracker_scene2,70,multiray
301,1.324303150177002,0.06497145441283109,obse,cracker_scene2,70,multiray
302,1.328913927078247,0.06497145441283109,obse,cracker_scene2,70,multiray
303,1.3336167335510254,0.06705664020491965,obse,cracker_scene2,70,multiray
304,1.3377976417541504,0.06705664020491965,obse,cracker_scene2,70,multiray
305,1.3421413898468018,0.06705664020491965,obse,cracker_scene2,70,multiray
306,1.3466358184814453,0.06704406562711453,obse,cracker_scene2,70,multiray
307,1.3511288166046143,0.06695423569604371,obse,cracker_scene2,70,multiray
308,1.3553521633148193,0.06695423569604371,obse,cracker_scene2,70,multiray
309,1.360180139541626,0.06673965828186942,obse,cracker_scene2,70,multiray
310,1.3644530773162842,0.06664723858920854,obse,cracker_scene2,70,multiray
311,1.368760585784912,0.06676093505167963,obse,cracker_scene2,70,multiray
312,1.373155117034912,0.0667461831357673,obse,cracker_scene2,70,multiray
313,1.377612829208374,0.06657394893401399,obse,cracker_scene2,70,multiray
314,1.3821289539337158,0.06648877634131889,obse,cracker_scene2,70,multiray
315,1.3862814903259277,0.06643884509771386,obse,cracker_scene2,70,multiray
316,1.3903748989105225,0.06643884509771386,obse,cracker_scene2,70,multiray
317,1.3947060108184814,0.06640616218912745,obse,cracker_scene2,70,multiray
318,1.3989274501800537,0.06617334758105267,obse,cracker_scene2,70,multiray
319,1.4030611515045166,0.06617334758105267,obse,cracker_scene2,70,multiray
320,1.4078447818756104,0.06623083600681437,obse,cracker_scene2,70,multiray
321,1.4122860431671143,0.06623083600681437,obse,cracker_scene2,70,multiray
322,1.416449785232544,0.06623083600681437,obse,cracker_scene2,70,multiray
323,1.4205915927886963,0.06623083600681437,obse,cracker_scene2,70,multiray
324,1.4247386455535889,0.06623083600681437,obse,cracker_scene2,70,multiray
325,1.4290289878845215,0.06623083600681437,obse,cracker_scene2,70,multiray
326,1.4331634044647217,0.06623083600681437,obse,cracker_scene2,70,multiray
327,1.4373157024383545,0.06623083600681437,obse,cracker_scene2,70,multiray
328,1.442223310470581,0.0661607495580715,obse,cracker_scene2,70,multiray
329,1.4465677738189697,0.0661607495580715,obse,cracker_scene2,70,multiray
330,1.4507410526275635,0.0660490369281397,obse,cracker_scene2,70,multiray
331,1.4549717903137207,0.0660490369281397,obse,cracker_scene2,70,multiray
332,1.4595110416412354,0.0660931241320089,obse,cracker_scene2,70,multiray
333,1.4640893936157227,0.06591227970269374,obse,cracker_scene2,70,multiray
334,1.4682044982910156,0.06591227970269374,obse,cracker_scene2,70,multiray
335,1.4724950790405273,0.06584324942313478,obse,cracker_scene2,70,multiray
336,1.4769396781921387,0.06584324942313478,obse,cracker_scene2,70,multiray
337,1.4817173480987549,0.06569005736857965,obse,cracker_scene2,70,multiray
338,1.4861595630645752,0.06569005736857965,obse,cracker_scene2,70,multiray
339,1.490466594696045,0.06565402985867082,obse,cracker_scene2,70,multiray
340,1.4947144985198975,0.06565402985867082,obse,cracker_scene2,70,multiray
341,1.4988455772399902,0.06565402985867082,obse,cracker_scene2,70,multiray
342,1.5032739639282227,0.06553479436245409,obse,cracker_scene2,70,multiray
343,1.5075271129608154,0.06553479436245409,obse,cracker_scene2,70,multiray
344,1.5117089748382568,0.06553479436245409,obse,cracker_scene2,70,multiray
345,1.516315221786499,0.06573111415218749,obse,cracker_scene2,70,multiray
346,1.5204644203186035,0.06573111415218749,obse,cracker_scene2,70,multiray
347,1.5249381065368652,0.06573111415218749,obse,cracker_scene2,70,multiray
348,1.5291399955749512,0.06573111415218749,obse,cracker_scene2,70,multiray
349,1.5334844589233398,0.06573118543480769,obse,cracker_scene2,70,multiray
350,1.5376527309417725,0.06573118543480769,obse,cracker_scene2,70,multiray
351,1.5421621799468994,0.0656796497156742,obse,cracker_scene2,70,multiray
352,1.5467917919158936,0.06526651136408668,obse,cracker_scene2,70,multiray
353,1.5508992671966553,0.06526651136408668,obse,cracker_scene2,70,multiray
354,1.5551478862762451,0.065407598553892,obse,cracker_scene2,70,multiray
355,1.559715747833252,0.06536750774857651,obse,cracker_scene2,70,multiray
356,1.5641162395477295,0.06535475873496151,obse,cracker_scene2,70,multiray
357,1.5683226585388184,0.06530705578608838,obse,cracker_scene2,70,multiray
358,1.572638750076294,0.06530705578608838,obse,cracker_scene2,70,multiray
359,1.576970100402832,0.06527449091583648,obse,cracker_scene2,70,multiray
360,1.5816516876220703,0.06733485095006586,obse,cracker_scene2,70,multiray
361,1.585798740386963,0.06733485095006586,obse,cracker_scene2,70,multiray
362,1.5900721549987793,0.06730007817714247,obse,cracker_scene2,70,multiray
363,1.594841718673706,0.06729166957941876,obse,cracker_scene2,70,multiray
364,1.5990855693817139,0.06729166957941876,obse,cracker_scene2,70,multiray
365,1.603264331817627,0.06728220613134799,obse,cracker_scene2,70,multiray
366,1.6076791286468506,0.06739003926643883,obse,cracker_scene2,70,multiray
367,1.6119449138641357,0.06739003926643883,obse,cracker_scene2,70,multiray
368,1.6163594722747803,0.06739003926643883,obse,cracker_scene2,70,multiray
369,1.6208086013793945,0.06728364156003927,obse,cracker_scene2,70,multiray
370,1.6252751350402832,0.06730750373019372,obse,cracker_scene2,70,multiray
371,1.6299512386322021,0.06698891393484029,obse,cracker_scene2,70,multiray
372,1.6344242095947266,0.06697729551921416,obse,cracker_scene2,70,multiray
373,1.6386656761169434,0.06697729551921416,obse,cracker_scene2,70,multiray
374,1.643143653869629,0.06686538166181273,obse,cracker_scene2,70,multiray
375,1.6474673748016357,0.06687038406512533,obse,cracker_scene2,70,multiray
376,1.6517457962036133,0.06684680397827636,obse,cracker_scene2,70,multiray
377,1.6561250686645508,0.06684680397827636,obse,cracker_scene2,70,multiray
378,1.6608459949493408,0.06681803199059433,obse,cracker_scene2,70,multiray
379,1.66514253616333,0.06678174768039802,obse,cracker_scene2,70,multiray
380,1.6693401336669922,0.06678174768039802,obse,cracker_scene2,70,multiray
381,1.674036979675293,0.06671413935106503,obse,cracker_scene2,70,multiray
382,1.6786489486694336,0.06672070891782929,obse,cracker_scene2,70,multiray
383,1.6829438209533691,0.06664991768369256,obse,cracker_scene2,70,multiray
384,1.687150001525879,0.06664991768369256,obse,cracker_scene2,70,multiray
385,1.6915819644927979,0.06661632546829707,obse,cracker_scene2,70,multiray
386,1.695927381515503,0.06661632546829707,obse,cracker_scene2,70,multiray
387,1.7003238201141357,0.066590026005493,obse,cracker_scene2,70,multiray
388,1.704540491104126,0.066590026005493,obse,cracker_scene2,70,multiray
389,1.708789587020874,0.066590026005493,obse,cracker_scene2,70,multiray
390,1.7129733562469482,0.066590026005493,obse,cracker_scene2,70,multiray
391,1.7171056270599365,0.066590026005493,obse,cracker_scene2,70,multiray
392,1.7212591171264648,0.066590026005493,obse,cracker_scene2,70,multiray
393,1.726243019104004,0.06650830979831934,obse,cracker_scene2,70,multiray
394,1.7303166389465332,0.0664617656158114,obse,cracker_scene2,70,multiray
395,1.7345480918884277,0.0664617656158114,obse,cracker_scene2,70,multiray
396,1.7389521598815918,0.06637158653793727,obse,cracker_scene2,70,multiray
397,1.7431161403656006,0.06636825437937942,obse,cracker_scene2,70,multiray
398,1.7478485107421875,0.066150479306429,obse,cracker_scene2,70,multiray
399,1.7519805431365967,0.066150479306429,obse,cracker_scene2,70,multiray
400,1.7561652660369873,0.066150479306429,obse,cracker_scene2,70,multiray
401,1.7607002258300781,0.06628024937886903,obse,cracker_scene2,70,multiray
402,1.7649493217468262,0.06631894667175839,obse,cracker_scene2,70,multiray
403,1.7690956592559814,0.06631894667175839,obse,cracker_scene2,70,multiray
404,1.7733051776885986,0.06625038931852244,obse,cracker_scene2,70,multiray
405,1.7776994705200195,0.06621874333318659,obse,cracker_scene2,70,multiray
406,1.7819769382476807,0.06621874333318659,obse,cracker_scene2,70,multiray
407,1.7863273620605469,0.06604436714236732,obse,cracker_scene2,70,multiray
408,1.790475606918335,0.06604436714236732,obse,cracker_scene2,70,multiray
409,1.794628381729126,0.06612904055759636,obse,cracker_scene2,70,multiray
410,1.7987737655639648,0.06612904055759636,obse,cracker_scene2,70,multiray
411,1.8031458854675293,0.06612839914237711,obse,cracker_scene2,70,multiray
412,1.8074893951416016,0.0661300439015251,obse,cracker_scene2,70,multiray
413,1.8118371963500977,0.06605941148106531,obse,cracker_scene2,70,multiray
414,1.8162314891815186,0.06601550165927135,obse,cracker_scene2,70,multiray
415,1.8202929496765137,0.06601550165927135,obse,cracker_scene2,70,multiray
416,1.8246119022369385,0.06601550165927135,obse,cracker_scene2,70,multiray
417,1.8287949562072754,0.06601550165927135,obse,cracker_scene2,70,multiray
418,1.8331327438354492,0.06598443669813844,obse,cracker_scene2,70,multiray
419,1.8372852802276611,0.06598443669813844,obse,cracker_scene2,70,multiray
420,1.8420014381408691,0.06620263586323459,obse,cracker_scene2,70,multiray
421,1.8466041088104248,0.06620263586323459,obse,cracker_scene2,70,multiray
422,1.8506896495819092,0.06620263586323459,obse,cracker_scene2,70,multiray
423,1.8547792434692383,0.06620263586323459,obse,cracker_scene2,70,multiray
424,1.8588759899139404,0.06620263586323459,obse,cracker_scene2,70,multiray
425,1.8629820346832275,0.06620263586323459,obse,cracker_scene2,70,multiray
426,1.8681044578552246,0.06634621498841688,obse,cracker_scene2,70,multiray
427,1.8722422122955322,0.06634621498841688,obse,cracker_scene2,70,multiray
428,1.8763206005096436,0.06634621498841688,obse,cracker_scene2,70,multiray
429,1.8807902336120605,0.06626274216435467,obse,cracker_scene2,70,multiray
430,1.8846375942230225,0.06626274216435467,obse,cracker_scene2,70,multiray
431,1.8887264728546143,0.06626274216435467,obse,cracker_scene2,70,multiray
432,1.8929622173309326,0.06628850168191838,obse,cracker_scene2,70,multiray
433,1.8970868587493896,0.06625480552919624,obse,cracker_scene2,70,multiray
434,1.9012115001678467,0.06625480552919624,obse,cracker_scene2,70,multiray
435,1.905294418334961,0.06625480552919624,obse,cracker_scene2,70,multiray
436,1.9103434085845947,0.06621058519083932,obse,cracker_scene2,70,multiray
437,1.9149072170257568,0.06572538539943555,obse,cracker_scene2,70,multiray
438,1.9191296100616455,0.06572538539943555,obse,cracker_scene2,70,multiray
439,1.923614263534546,0.06625294238747272,obse,cracker_scene2,70,multiray
440,1.927985668182373,0.06625294238747272,obse,cracker_scene2,70,multiray
441,1.9323065280914307,0.06591790479565579,obse,cracker_scene2,70,multiray
442,1.9368171691894531,0.06587573591509209,obse,cracker_scene2,70,multiray
443,1.9410667419433594,0.06587573591509209,obse,cracker_scene2,70,multiray
444,1.9453072547912598,0.06587573591509209,obse,cracker_scene2,70,multiray
445,1.9500820636749268,0.0657694819021456,obse,cracker_scene2,70,multiray
446,1.9543936252593994,0.0657694819021456,obse,cracker_scene2,70,multiray
447,1.9588005542755127,0.06557023460966345,obse,cracker_scene2,70,multiray
448,1.9630167484283447,0.06557023460966345,obse,cracker_scene2,70,multiray
449,1.9675087928771973,0.06565993609185582,obse,cracker_scene2,70,multiray
450,1.9717326164245605,0.06565993609185582,obse,cracker_scene2,70,multiray
451,1.9759962558746338,0.06565993609185582,obse,cracker_scene2,70,multiray
452,1.980518102645874,0.06565488285847132,obse,cracker_scene2,70,multiray
453,1.984785795211792,0.06565488285847132,obse,cracker_scene2,70,multiray
454,1.989288091659546,0.06562965872646447,obse,cracker_scene2,70,multiray
455,1.9937410354614258,0.06561487835331539,obse,cracker_scene2,70,multiray
456,1.998302936553955,0.06537183735978878,obse,cracker_scene2,70,multiray
457,2.0027964115142822,0.06537183735978878,obse,cracker_scene2,70,multiray
458,2.0075042247772217,0.06523114526660082,obse,cracker_scene2,70,multiray
459,2.011728286743164,0.06545419968137081,obse,cracker_scene2,70,multiray
460,2.015953779220581,0.06522923532257899,obse,cracker_scene2,70,multiray
461,2.020261526107788,0.06528541273957167,obse,cracker_scene2,70,multiray
462,2.024484157562256,0.06528541273957167,obse,cracker_scene2,70,multiray
463,2.028917074203491,0.06524550995128496,obse,cracker_scene2,70,multiray
464,2.0333077907562256,0.06524550995128496,obse,cracker_scene2,70,multiray
465,2.037497043609619,0.065160642671351,obse,cracker_scene2,70,multiray
466,2.0417380332946777,0.07646566132083514,obse,cracker_scene2,70,multiray
467,2.0460216999053955,0.07726579605191121,obse,cracker_scene2,70,multiray
468,2.050240993499756,0.07726579605191121,obse,cracker_scene2,70,multiray
469,2.054347038269043,0.07726579605191121,obse,cracker_scene2,70,multiray
470,2.058906316757202,0.07683081561375124,obse,cracker_scene2,70,multiray
471,2.0630111694335938,0.07683081561375124,obse,cracker_scene2,70,multiray
472,2.0670251846313477,0.07684978493765422,obse,cracker_scene2,70,multiray
473,2.0710785388946533,0.07684978493765422,obse,cracker_scene2,70,multiray
474,2.07525897026062,0.07684978493765422,obse,cracker_scene2,70,multiray
475,2.0797107219696045,0.07670339989419736,obse,cracker_scene2,70,multiray
476,2.083916425704956,0.07667583829318309,obse,cracker_scene2,70,multiray
477,2.0882842540740967,0.07660844443494404,obse,cracker_scene2,70,multiray
478,2.0924017429351807,0.07660844443494404,obse,cracker_scene2,70,multiray
479,2.096672296524048,0.0769183208608946,obse,cracker_scene2,70,multiray
480,2.10072922706604,0.0769183208608946,obse,cracker_scene2,70,multiray
481,2.1048717498779297,0.0769183208608946,obse,cracker_scene2,70,multiray
482,2.109445095062256,0.07656513911208876,obse,cracker_scene2,70,multiray
483,2.1134634017944336,0.07656513911208876,obse,cracker_scene2,70,multiray
484,2.117615222930908,0.07654640654453324,obse,cracker_scene2,70,multiray
485,2.122187614440918,0.07651667827236118,obse,cracker_scene2,70,multiray
486,2.1261487007141113,0.07634456467515059,obse,cracker_scene2,70,multiray
487,2.1303815841674805,0.07634456467515059,obse,cracker_scene2,70,multiray
488,2.1350109577178955,0.07648735649850506,obse,cracker_scene2,70,multiray
489,2.1394236087799072,0.07648735649850506,obse,cracker_scene2,70,multiray
490,2.1438536643981934,0.07648735649850506,obse,cracker_scene2,70,multiray
491,2.1485595703125,0.07634654789487079,obse,cracker_scene2,70,multiray
492,2.153167963027954,0.07634358995069737,obse,cracker_scene2,70,multiray
493,2.157971143722534,0.0762316330583218,obse,cracker_scene2,70,multiray
494,2.162980318069458,0.07626653836981845,obse,cracker_scene2,70,multiray
495,2.1674888134002686,0.07625047422692087,obse,cracker_scene2,70,multiray
496,2.172224283218384,0.0761420526619222,obse,cracker_scene2,70,multiray
497,2.1765668392181396,0.07604126514816316,obse,cracker_scene2,70,multiray
498,2.1810901165008545,0.07606023013709935,obse,cracker_scene2,70,multiray
499,2.185753583908081,0.0760450002411662,obse,cracker_scene2,70,multiray
500,2.1910440921783447,0.0760570712845041,obse,cracker_scene2,70,multiray
501,2.1955010890960693,0.07599105314700745,obse,cracker_scene2,70,multiray
502,2.2000184059143066,0.07596542836028906,obse,cracker_scene2,70,multiray
503,2.2041594982147217,0.07596542836028906,obse,cracker_scene2,70,multiray
504,2.208428382873535,0.07597609410114792,obse,cracker_scene2,70,multiray
505,2.2128238677978516,0.07582672203335374,obse,cracker_scene2,70,multiray
506,2.2170510292053223,0.07571234891209815,obse,cracker_scene2,70,multiray
507,2.221240282058716,0.07571234891209815,obse,cracker_scene2,70,multiray
508,2.225452184677124,0.07571234891209815,obse,cracker_scene2,70,multiray
509,2.229961633682251,0.07577602705164195,obse,cracker_scene2,70,multiray
510,2.2343196868896484,0.07571222904517472,obse,cracker_scene2,70,multiray
511,2.2382678985595703,0.07571222904517472,obse,cracker_scene2,70,multiray
512,2.2423198223114014,0.07571222904517472,obse,cracker_scene2,70,multiray
513,2.2467703819274902,0.0755775382482702,obse,cracker_scene2,70,multiray
514,2.251293897628784,0.0755685622517813,obse,cracker_scene2,70,multiray
515,2.255528688430786,0.0755102367733564,obse,cracker_scene2,70,multiray
516,2.2600479125976562,0.07548553030291384,obse,cracker_scene2,70,multiray
517,2.2642295360565186,0.07531134435253255,obse,cracker_scene2,70,multiray
518,2.268523693084717,0.07531134435253255,obse,cracker_scene2,70,multiray
519,2.2728469371795654,0.07531134435253255,obse,cracker_scene2,70,multiray
520,2.277150869369507,0.07515638417170167,obse,cracker_scene2,70,multiray
521,2.2816762924194336,0.07529466854955132,obse,cracker_scene2,70,multiray
522,2.2861359119415283,0.07472309641379896,obse,cracker_scene2,70,multiray
523,2.2902848720550537,0.07472309641379896,obse,cracker_scene2,70,multiray
524,2.2946670055389404,0.07470888571884753,obse,cracker_scene2,70,multiray
525,2.2988014221191406,0.07472254524743575,obse,cracker_scene2,70,multiray
526,2.303112745285034,0.07468675371206411,obse,cracker_scene2,70,multiray
527,2.3075528144836426,0.07467993764368214,obse,cracker_scene2,70,multiray
528,2.3118815422058105,0.07463663957728943,obse,cracker_scene2,70,multiray
529,2.3167364597320557,0.07449407512120391,obse,cracker_scene2,70,multiray
530,2.3211021423339844,0.07449407512120391,obse,cracker_scene2,70,multiray
531,2.3258988857269287,0.07439056789350718,obse,cracker_scene2,70,multiray
532,2.3301310539245605,0.07439056789350718,obse,cracker_scene2,70,multiray
533,2.3345420360565186,0.074263279497721,obse,cracker_scene2,70,multiray
534,2.338928699493408,0.074263279497721,obse,cracker_scene2,70,multiray
535,2.3435404300689697,0.07436315750591932,obse,cracker_scene2,70,multiray
536,2.3479671478271484,0.07436315750591932,obse,cracker_scene2,70,multiray
537,2.3525314331054688,0.07432637526620292,obse,cracker_scene2,70,multiray
538,2.3569977283477783,0.0743413010322895,obse,cracker_scene2,70,multiray
539,2.361483097076416,0.07432489792753369,obse,cracker_scene2,70,multiray
540,2.3659310340881348,0.07426367283199087,obse,cracker_scene2,70,multiray
541,2.3703408241271973,0.07426367283199087,obse,cracker_scene2,70,multiray
542,2.3749499320983887,0.07415915069115221,obse,cracker_scene2,70,multiray
543,2.3792483806610107,0.07406170883422537,obse,cracker_scene2,70,multiray
544,2.3835694789886475,0.07393070835794975,obse,cracker_scene2,70,multiray
545,2.388122797012329,0.07388827959517939,obse,cracker_scene2,70,multiray
546,2.3925580978393555,0.07388827959517939,obse,cracker_scene2,70,multiray
547,2.396662950515747,0.07388827959517939,obse,cracker_scene2,70,multiray
548,2.400935173034668,0.07386059819744768,obse,cracker_scene2,70,multiray
549,2.405139923095703,0.07386059819744768,obse,cracker_scene2,70,multiray
550,2.4093406200408936,0.07386059819744768,obse,cracker_scene2,70,multiray
551,2.413771390914917,0.07389781317029913,obse,cracker_scene2,70,multiray
552,2.4181532859802246,0.0738955776787565,obse,cracker_scene2,70,multiray
553,2.4225637912750244,0.07385759260734032,obse,cracker_scene2,70,multiray
554,2.4267711639404297,0.07385759260734032,obse,cracker_scene2,70,multiray
555,2.4310476779937744,0.07364053791532804,obse,cracker_scene2,70,multiray
556,2.435375213623047,0.07364053791532804,obse,cracker_scene2,70,multiray
557,2.439692258834839,0.07369333936087517,obse,cracker_scene2,70,multiray
558,2.4436709880828857,0.07369333936087517,obse,cracker_scene2,70,multiray
559,2.448134183883667,0.07364083672009226,obse,cracker_scene2,70,multiray
560,2.4522604942321777,0.07364083672009226,obse,cracker_scene2,70,multiray
561,2.4564552307128906,0.07364083672009226,obse,cracker_scene2,70,multiray
562,2.4608266353607178,0.0736418086000766,obse,cracker_scene2,70,multiray
563,2.464815139770508,0.0736418086000766,obse,cracker_scene2,70,multiray
564,2.4690937995910645,0.07355467947389278,obse,cracker_scene2,70,multiray
565,2.4735074043273926,0.07354302965424972,obse,cracker_scene2,70,multiray
566,2.4779462814331055,0.07345759545847214,obse,cracker_scene2,70,multiray
567,2.4822630882263184,0.07345759545847214,obse,cracker_scene2,70,multiray
568,2.486527442932129,0.07345759545847214,obse,cracker_scene2,70,multiray
569,2.4911506175994873,0.07347038546337845,obse,cracker_scene2,70,multiray
570,2.495575428009033,0.07347038546337845,obse,cracker_scene2,70,multiray
571,2.500002384185791,0.0734015185128661,obse,cracker_scene2,70,multiray
572,2.5042343139648438,0.0734015185128661,obse,cracker_scene2,70,multiray
573,2.5084638595581055,0.0734015185128661,obse,cracker_scene2,70,multiray
574,2.5131654739379883,0.07330458856293902,obse,cracker_scene2,70,multiray
575,2.51759672164917,0.07322779694095734,obse,cracker_scene2,70,multiray
576,2.5223655700683594,0.07322779694095734,obse,cracker_scene2,70,multiray
577,2.5269742012023926,0.07297032629176296,obse,cracker_scene2,70,multiray
578,2.5316271781921387,0.07297032629176296,obse,cracker_scene2,70,multiray
579,2.5360591411590576,0.07294529443550365,obse,cracker_scene2,70,multiray
580,2.540255308151245,0.07294529443550365,obse,cracker_scene2,70,multiray
581,2.544743537902832,0.07294529443550365,obse,cracker_scene2,70,multiray
582,2.549583673477173,0.07307181974993628,obse,cracker_scene2,70,multiray
583,2.553870677947998,0.07307181974993628,obse,cracker_scene2,70,multiray
584,2.558819055557251,0.07304515741184625,obse,cracker_scene2,70,multiray
585,2.563479423522949,0.0729677564720726,obse,cracker_scene2,70,multiray
586,2.568016529083252,0.07292906420268426,obse,cracker_scene2,70,multiray
587,2.572723150253296,0.0725146509166229,obse,cracker_scene2,70,multiray
588,2.5767102241516113,0.0725146509166229,obse,cracker_scene2,70,multiray
589,2.58124041557312,0.0725797874580907,obse,cracker_scene2,70,multiray
590,2.5854885578155518,0.07247842902247541,obse,cracker_scene2,70,multiray
591,2.5900583267211914,0.07225861897639735,obse,cracker_scene2,70,multiray
592,2.594381093978882,0.07225861897639735,obse,cracker_scene2,70,multiray
593,2.5988693237304688,0.07217303411994334,obse,cracker_scene2,70,multiray
594,2.6031365394592285,0.07217303411994334,obse,cracker_scene2,70,multiray
595,2.6074984073638916,0.0721265481537099,obse,cracker_scene2,70,multiray
596,2.611743211746216,0.0721265481537099,obse,cracker_scene2,70,multiray
597,2.6161577701568604,0.07232715473765687,obse,cracker_scene2,70,multiray
598,2.6202967166900635,0.07232715473765687,obse,cracker_scene2,70,multiray
599,2.6246790885925293,0.0723037752767962,obse,cracker_scene2,70,multiray
600,2.628749370574951,0.0723037752767962,obse,cracker_scene2,70,multiray
601,2.633166790008545,0.07226366439940163,obse,cracker_scene2,70,multiray
602,2.6372714042663574,0.07226366439940163,obse,cracker_scene2,70,multiray
603,2.641542434692383,0.07203767922444866,obse,cracker_scene2,70,multiray
604,2.645531177520752,0.07203767922444866,obse,cracker_scene2,70,multiray
605,2.6497421264648438,0.07219348989516192,obse,cracker_scene2,70,multiray
606,2.653956651687622,0.07214715217062981,obse,cracker_scene2,70,multiray
607,2.6583251953125,0.07214256847889476,obse,cracker_scene2,70,multiray
608,2.6627492904663086,0.07214256847889476,obse,cracker_scene2,70,multiray
609,2.667555332183838,0.07214255012988388,obse,cracker_scene2,70,multiray
610,2.6717803478240967,0.07211723081251947,obse,cracker_scene2,70,multiray
611,2.676323652267456,0.0720985095059715,obse,cracker_scene2,70,multiray
612,2.6806652545928955,0.07214035368398215,obse,cracker_scene2,70,multiray
613,2.6849358081817627,0.07214035368398215,obse,cracker_scene2,70,multiray
614,2.6900296211242676,0.07207978938179382,obse,cracker_scene2,70,multiray
615,2.6968793869018555,0.07206274734465207,obse,cracker_scene2,70,multiray
616,2.7035820484161377,0.07206274734465207,obse,cracker_scene2,70,multiray
617,2.7101573944091797,0.07201208497333998,obse,cracker_scene2,70,multiray
618,2.7172372341156006,0.07198043907185524,obse,cracker_scene2,70,multiray
619,2.7237493991851807,0.07196318312046877,obse,cracker_scene2,70,multiray
620,2.7283575534820557,0.07197531582151248,obse,cracker_scene2,70,multiray
621,2.7327635288238525,0.07173142456417224,obse,cracker_scene2,70,multiray
622,2.737093687057495,0.07173142456417224,obse,cracker_scene2,70,multiray
623,2.741464138031006,0.07186732954909802,obse,cracker_scene2,70,multiray
624,2.7457871437072754,0.07186732954909802,obse,cracker_scene2,70,multiray
625,2.750192880630493,0.07187020395846262,obse,cracker_scene2,70,multiray
626,2.7541370391845703,0.07187020395846262,obse,cracker_scene2,70,multiray
627,2.758265256881714,0.07185666850537512,obse,cracker_scene2,70,multiray
628,2.7622604370117188,0.07185666850537512,obse,cracker_scene2,70,multiray
629,2.766481876373291,0.07180990855571759,obse,cracker_scene2,70,multiray
630,2.7704570293426514,0.07180990855571759,obse,cracker_scene2,70,multiray
631,2.7746121883392334,0.07192515892032607,obse,cracker_scene2,70,multiray
632,2.7791168689727783,0.07192515892032607,obse,cracker_scene2,70,multiray
633,2.7836403846740723,0.07182099170173532,obse,cracker_scene2,70,multiray
634,2.787752866744995,0.07182099170173532,obse,cracker_scene2,70,multiray
635,2.7922370433807373,0.07166940191843632,obse,cracker_scene2,70,multiray
636,2.7962796688079834,0.07182595724360537,obse,cracker_scene2,70,multiray
637,2.8006057739257812,0.0718165764303932,obse,cracker_scene2,70,multiray
638,2.8047232627868652,0.07183453485074588,obse,cracker_scene2,70,multiray
639,2.8089656829833984,0.07183453485074588,obse,cracker_scene2,70,multiray
640,2.8133139610290527,0.07183453485074588,obse,cracker_scene2,70,multiray
641,2.8175466060638428,0.07183453485074588,obse,cracker_scene2,70,multiray
642,2.8220245838165283,0.07180712959458384,obse,cracker_scene2,70,multiray
643,2.826422929763794,0.07164192945722074,obse,cracker_scene2,70,multiray
644,2.83056902885437,0.07164192945722074,obse,cracker_scene2,70,multiray
645,2.834876775741577,0.07180444343589909,obse,cracker_scene2,70,multiray
646,2.8389265537261963,0.07180444343589909,obse,cracker_scene2,70,multiray
647,2.8431782722473145,0.07177155781477468,obse,cracker_scene2,70,multiray
648,2.8477728366851807,0.06672423852029159,obse,cracker_scene2,70,multiray
649,2.8519680500030518,0.06672201275014188,obse,cracker_scene2,70,multiray
650,2.856228828430176,0.0667248102511909,obse,cracker_scene2,70,multiray
651,2.8606786727905273,0.06661562158860036,obse,cracker_scene2,70,multiray
652,2.8653619289398193,0.06661071519222682,obse,cracker_scene2,70,multiray
653,2.869746446609497,0.06661848081857502,obse,cracker_scene2,70,multiray
654,2.8741555213928223,0.0666957160769791,obse,cracker_scene2,70,multiray
655,2.878838300704956,0.0666957160769791,obse,cracker_scene2,70,multiray
656,2.883349657058716,0.0666957160769791,obse,cracker_scene2,70,multiray
657,2.8880257606506348,0.06667678022774444,obse,cracker_scene2,70,multiray
658,2.8927037715911865,0.06665471054546951,obse,cracker_scene2,70,multiray
659,2.8972184658050537,0.06656030458277187,obse,cracker_scene2,70,multiray
660,2.902007579803467,0.06654835047286835,obse,cracker_scene2,70,multiray
661,2.9063189029693604,0.0666270935122772,obse,cracker_scene2,70,multiray
662,2.910776138305664,0.0666270935122772,obse,cracker_scene2,70,multiray
663,2.9156205654144287,0.06655816684932045,obse,cracker_scene2,70,multiray
664,2.92002010345459,0.06655816684932045,obse,cracker_scene2,70,multiray
665,2.9243617057800293,0.06662614918280445,obse,cracker_scene2,70,multiray
666,2.9285130500793457,0.06662614918280445,obse,cracker_scene2,70,multiray
667,2.93294095993042,0.06662525402927547,obse,cracker_scene2,70,multiray
668,2.937070846557617,0.06662525402927547,obse,cracker_scene2,70,multiray
669,2.941561698913574,0.06665224150437249,obse,cracker_scene2,70,multiray
670,2.945957660675049,0.06665224150437249,obse,cracker_scene2,70,multiray
671,2.9503636360168457,0.06665716171144603,obse,cracker_scene2,70,multiray
672,2.9544715881347656,0.06671458024638761,obse,cracker_scene2,70,multiray
673,2.958834171295166,0.0665801877126179,obse,cracker_scene2,70,multiray
674,2.9628634452819824,0.0665801877126179,obse,cracker_scene2,70,multiray
675,2.967080593109131,0.06663687547266436,obse,cracker_scene2,70,multiray
676,2.9710800647735596,0.06663687547266436,obse,cracker_scene2,70,multiray
677,2.9750399589538574,0.06671121156986842,obse,cracker_scene2,70,multiray
678,2.9793736934661865,0.06671121156986842,obse,cracker_scene2,70,multiray
679,2.983477830886841,0.06670209409029274,obse,cracker_scene2,70,multiray
680,2.987414836883545,0.06670209409029274,obse,cracker_scene2,70,multiray
681,2.9915008544921875,0.06668253728163677,obse,cracker_scene2,70,multiray
682,2.995396852493286,0.06668253728163677,obse,cracker_scene2,70,multiray
683,2.9994988441467285,0.06669365981092015,obse,cracker_scene2,70,multiray
684,3.0033810138702393,0.06669365981092015,obse,cracker_scene2,70,multiray
685,3.0078439712524414,0.06668053501376485,obse,cracker_scene2,70,multiray
686,3.012061357498169,0.06668053501376485,obse,cracker_scene2,70,multiray
687,3.016387462615967,0.06672521733842351,obse,cracker_scene2,70,multiray
688,3.020390510559082,0.06672521733842351,obse,cracker_scene2,70,multiray
689,3.0246829986572266,0.0667261340102925,obse,cracker_scene2,70,multiray
690,3.028714895248413,0.0667261340102925,obse,cracker_scene2,70,multiray
691,3.033149480819702,0.06670041591905693,obse,cracker_scene2,70,multiray
692,3.037142515182495,0.06670041591905693,obse,cracker_scene2,70,multiray
693,3.041297435760498,0.06670669202424695,obse,cracker_scene2,70,multiray
694,3.045621633529663,0.06670669202424695,obse,cracker_scene2,70,multiray
695,3.049825668334961,0.0667292332161478,obse,cracker_scene2,70,multiray
696,3.054051637649536,0.0667292332161478,obse,cracker_scene2,70,multiray
697,3.0583317279815674,0.06675703832581467,obse,cracker_scene2,70,multiray
698,3.062303066253662,0.06675703832581467,obse,cracker_scene2,70,multiray
699,3.066701650619507,0.06667509150051865,obse,cracker_scene2,70,multiray
700,3.0706512928009033,0.06108621143913448,obse,cracker_scene2,70,multiray
701,3.0749130249023438,0.06110985436698898,obse,cracker_scene2,70,multiray
702,3.0791449546813965,0.06045318858602289,obse,cracker_scene2,70,multiray
703,3.083458662033081,0.06041250451053374,obse,cracker_scene2,70,multiray
704,3.0874249935150146,0.06041250451053374,obse,cracker_scene2,70,multiray
705,3.0925180912017822,0.06040442942667037,obse,cracker_scene2,70,multiray
706,3.096755266189575,0.06040442942667037,obse,cracker_scene2,70,multiray
707,3.1011998653411865,0.06039287866260088,obse,cracker_scene2,70,multiray
708,3.1052916049957275,0.06039287866260088,obse,cracker_scene2,70,multiray
709,3.1093430519104004,0.060293974246638286,obse,cracker_scene2,70,multiray
710,3.1138899326324463,0.06039857135910309,obse,cracker_scene2,70,multiray
711,3.1181397438049316,0.06040077872889234,obse,cracker_scene2,70,multiray
712,3.1223247051239014,0.06027911261973661,obse,cracker_scene2,70,multiray
713,3.1266303062438965,0.06027911261973661,obse,cracker_scene2,70,multiray
714,3.1307740211486816,0.06044237266672229,obse,cracker_scene2,70,multiray
715,3.1351282596588135,0.060450420839563875,obse,cracker_scene2,70,multiray
716,3.1392982006073,0.060431806684110356,obse,cracker_scene2,70,multiray
717,3.1435534954071045,0.060431806684110356,obse,cracker_scene2,70,multiray
718,3.1477084159851074,0.060374768876970276,obse,cracker_scene2,70,multiray
719,3.152090311050415,0.060374768876970276,obse,cracker_scene2,70,multiray
720,3.156282663345337,0.0604681498160286,obse,cracker_scene2,70,multiray
721,3.1605050563812256,0.0604681498160286,obse,cracker_scene2,70,multiray
722,3.164757490158081,0.06037571078791391,obse,cracker_scene2,70,multiray
723,3.1689045429229736,0.06037571078791391,obse,cracker_scene2,70,multiray
724,3.173119068145752,0.06041206471385956,obse,cracker_scene2,70,multiray
725,3.1770870685577393,0.06041206471385956,obse,cracker_scene2,70,multiray
726,3.1816141605377197,0.06043153209440337,obse,cracker_scene2,70,multiray
727,3.1859114170074463,0.06043153209440337,obse,cracker_scene2,70,multiray
728,3.1902453899383545,0.06040272298931861,obse,cracker_scene2,70,multiray
729,3.1942436695098877,0.06040272298931861,obse,cracker_scene2,70,multiray
730,3.1988182067871094,0.06042854817820026,obse,cracker_scene2,70,multiray
731,3.20302414894104,0.06042854817820026,obse,cracker_scene2,70,multiray
732,3.2074999809265137,0.060390086134903466,obse,cracker_scene2,70,multiray
733,3.2116997241973877,0.060390086134903466,obse,cracker_scene2,70,multiray
734,3.2159154415130615,0.060390086134903466,obse,cracker_scene2,70,multiray
735,3.2201619148254395,0.06024099507554105,obse,cracker_scene2,70,multiray
736,3.224228620529175,0.06024099507554105,obse,cracker_scene2,70,multiray
737,3.2284183502197266,0.060394547071277414,obse,cracker_scene2,70,multiray
738,3.232503652572632,0.060394547071277414,obse,cracker_scene2,70,multiray
739,3.236945152282715,0.060394547071277414,obse,cracker_scene2,70,multiray
740,3.241081714630127,0.06040055436692181,obse,cracker_scene2,70,multiray
741,3.2451775074005127,0.06040055436692181,obse,cracker_scene2,70,multiray
742,3.2499709129333496,0.06040055436692181,obse,cracker_scene2,70,multiray
743,3.254481792449951,0.06042871355974802,obse,cracker_scene2,70,multiray
744,3.258777141571045,0.06042247374028757,obse,cracker_scene2,70,multiray
745,3.2631070613861084,0.06039268883832685,obse,cracker_scene2,70,multiray
746,3.267324686050415,0.060374504543458864,obse,cracker_scene2,70,multiray
747,3.2716264724731445,0.060374504543458864,obse,cracker_scene2,70,multiray
748,3.2758631706237793,0.060374504543458864,obse,cracker_scene2,70,multiray
749,3.2802023887634277,0.060374504543458864,obse,cracker_scene2,70,multiray
750,3.2844772338867188,0.06043584139022759,obse,cracker_scene2,70,multiray
751,3.288604974746704,0.06043584139022759,obse,cracker_scene2,70,multiray
752,3.292747735977173,0.06036795083703821,obse,cracker_scene2,70,multiray
753,3.2968928813934326,0.06036795083703821,obse,cracker_scene2,70,multiray
754,3.3009705543518066,0.06036795083703821,obse,cracker_scene2,70,multiray
755,3.305285930633545,0.060380650926104076,obse,cracker_scene2,70,multiray
756,3.3095247745513916,0.06036989425140616,obse,cracker_scene2,70,multiray
757,3.3138608932495117,0.06036989425140616,obse,cracker_scene2,70,multiray
758,3.3180439472198486,0.06040249291306913,obse,cracker_scene2,70,multiray
759,3.3223304748535156,0.06040249291306913,obse,cracker_scene2,70,multiray
760,3.32627534866333,0.06040249291306913,obse,cracker_scene2,70,multiray
761,3.3306028842926025,0.06052469997700755,obse,cracker_scene2,70,multiray
762,3.3349215984344482,0.06088795422298406,obse,cracker_scene2,70,multiray
763,3.3390815258026123,0.06088795422298406,obse,cracker_scene2,70,multiray
764,3.343411922454834,0.060824688544505755,obse,cracker_scene2,70,multiray
765,3.347578763961792,0.06066743829246114,obse,cracker_scene2,70,multiray
766,3.3519091606140137,0.06061757611779453,obse,cracker_scene2,70,multiray
767,3.3564226627349854,0.06063117382596427,obse,cracker_scene2,70,multiray
768,3.3607795238494873,0.060610411216182755,obse,cracker_scene2,70,multiray
769,3.3652048110961914,0.06051372891755709,obse,cracker_scene2,70,multiray
770,3.3704416751861572,0.0605696980618251,obse,cracker_scene2,70,multiray
771,3.3748269081115723,0.06053067250750352,obse,cracker_scene2,70,multiray
772,3.3790805339813232,0.06048351406994911,obse,cracker_scene2,70,multiray
773,3.3839662075042725,0.06043633833491526,obse,cracker_scene2,70,multiray
774,3.3886795043945312,0.060330674302553684,obse,cracker_scene2,70,multiray
775,3.393160820007324,0.060330674302553684,obse,cracker_scene2,70,multiray
776,3.3973371982574463,0.06027639641779021,obse,cracker_scene2,70,multiray
777,3.4016172885894775,0.06027639641779021,obse,cracker_scene2,70,multiray
778,3.4059395790100098,0.060318440426432494,obse,cracker_scene2,70,multiray
779,3.4104440212249756,0.060318440426432494,obse,cracker_scene2,70,multiray
780,3.4147138595581055,0.06013209639509496,obse,cracker_scene2,70,multiray
781,3.419041872024536,0.06007650823999129,obse,cracker_scene2,70,multiray
782,3.4233977794647217,0.06017195443830266,obse,cracker_scene2,70,multiray
783,3.427647352218628,0.06017195443830266,obse,cracker_scene2,70,multiray
784,3.431946039199829,0.06016388905785214,obse,cracker_scene2,70,multiray
785,3.436112403869629,0.06016388905785214,obse,cracker_scene2,70,multiray
786,3.440251350402832,0.059999310259722646,obse,cracker_scene2,70,multiray
787,3.4443235397338867,0.059999310259722646,obse,cracker_scene2,70,multiray
788,3.4489738941192627,0.060083207483306485,obse,cracker_scene2,70,multiray
789,3.453042984008789,0.060083207483306485,obse,cracker_scene2,70,multiray
790,3.4573895931243896,0.06000358904853193,obse,cracker_scene2,70,multiray
791,3.461723804473877,0.06000358904853193,obse,cracker_scene2,70,multiray
792,3.466221332550049,0.05986635340943385,obse,cracker_scene2,70,multiray
793,3.470306634902954,0.05986635340943385,obse,cracker_scene2,70,multiray
794,3.474924087524414,0.05999159787009019,obse,cracker_scene2,70,multiray
795,3.479274034500122,0.05999159787009019,obse,cracker_scene2,70,multiray
796,3.483933448791504,0.05994022375374255,obse,cracker_scene2,70,multiray
797,3.4881670475006104,0.05994022375374255,obse,cracker_scene2,70,multiray
798,3.4927785396575928,0.05981730993819444,obse,cracker_scene2,70,multiray
799,3.49712872505188,0.05981730993819444,obse,cracker_scene2,70,multiray
800,3.501715660095215,0.05973277162314744,obse,cracker_scene2,70,multiray
801,3.5061638355255127,0.05971970569628213,obse,cracker_scene2,70,multiray
802,3.510371208190918,0.05971970569628213,obse,cracker_scene2,70,multiray
803,3.5148961544036865,0.05963625881836712,obse,cracker_scene2,70,multiray
804,3.5194246768951416,0.059594795512920164,obse,cracker_scene2,70,multiray
805,3.5238144397735596,0.059597177273291925,obse,cracker_scene2,70,multiray
806,3.5282392501831055,0.059597177273291925,obse,cracker_scene2,70,multiray
807,3.532585859298706,0.059496231469817557,obse,cracker_scene2,70,multiray
808,3.536917209625244,0.059496231469817557,obse,cracker_scene2,70,multiray
809,3.5420620441436768,0.05947742075384148,obse,cracker_scene2,70,multiray
810,3.546361207962036,0.05947742075384148,obse,cracker_scene2,70,multiray
811,3.550706386566162,0.05932495037331252,obse,cracker_scene2,70,multiray
812,3.554882526397705,0.05932495037331252,obse,cracker_scene2,70,multiray
813,3.5597596168518066,0.05920201790690948,obse,cracker_scene2,70,multiray
814,3.5637452602386475,0.05920201790690948,obse,cracker_scene2,70,multiray
815,3.568112373352051,0.059210269060272755,obse,cracker_scene2,70,multiray
816,3.572244644165039,0.059113869824071914,obse,cracker_scene2,70,multiray
817,3.5765326023101807,0.059180956965614546,obse,cracker_scene2,70,multiray
818,3.580568313598633,0.0599769093162196,obse,cracker_scene2,70,multiray
819,3.584949493408203,0.05979097939876919,obse,cracker_scene2,70,multiray
820,3.5891759395599365,0.05974515884062018,obse,cracker_scene2,70,multiray
821,3.593531608581543,0.05974515884062018,obse,cracker_scene2,70,multiray
822,3.5977566242218018,0.05971523487500945,obse,cracker_scene2,70,multiray
823,3.6019036769866943,0.05971523487500945,obse,cracker_scene2,70,multiray
824,3.6061840057373047,0.059595888524729364,obse,cracker_scene2,70,multiray
825,3.610478162765503,0.059595888524729364,obse,cracker_scene2,70,multiray
826,3.6146416664123535,0.059576868245859435,obse,cracker_scene2,70,multiray
827,3.6185061931610107,0.059576868245859435,obse,cracker_scene2,70,multiray
828,3.6226818561553955,0.059576868245859435,obse,cracker_scene2,70,multiray
829,3.6269419193267822,0.059576868245859435,obse,cracker_scene2,70,multiray
830,3.631289482116699,0.05933473408191559,obse,cracker_scene2,70,multiray
831,3.635422945022583,0.05933473408191559,obse,cracker_scene2,70,multiray
832,3.639594554901123,0.05918735278270866,obse,cracker_scene2,70,multiray
833,3.643951654434204,0.05918008055171361,obse,cracker_scene2,70,multiray
834,3.648313283920288,0.05918008055171361,obse,cracker_scene2,70,multiray
835,3.6525955200195312,0.05905990341396097,obse,cracker_scene2,70,multiray
836,3.656646728515625,0.05905990341396097,obse,cracker_scene2,70,multiray
837,3.6609015464782715,0.05899431814852936,obse,cracker_scene2,70,multiray
838,3.6648690700531006,0.058922931962068985,obse,cracker_scene2,70,multiray
839,3.669135332107544,0.058922931962068985,obse,cracker_scene2,70,multiray
840,3.673062562942505,0.058922931962068985,obse,cracker_scene2,70,multiray
841,3.6774301528930664,0.058928727907707285,obse,cracker_scene2,70,multiray
842,3.6815237998962402,0.058928727907707285,obse,cracker_scene2,70,multiray
843,3.685856580734253,0.058845472436643925,obse,cracker_scene2,70,multiray
844,3.6899335384368896,0.058845472436643925,obse,cracker_scene2,70,multiray
845,3.694375514984131,0.05879165602600209,obse,cracker_scene2,70,multiray
846,3.6984195709228516,0.05879165602600209,obse,cracker_scene2,70,multiray
847,3.7026562690734863,0.05867246872176124,obse,cracker_scene2,70,multiray
848,3.7066261768341064,0.05867246872176124,obse,cracker_scene2,70,multiray
849,3.7106728553771973,0.05867246872176124,obse,cracker_scene2,70,multiray
850,3.7149899005889893,0.058685275757854094,obse,cracker_scene2,70,multiray
851,3.7196078300476074,0.05854417735881819,obse,cracker_scene2,70,multiray
852,3.7239296436309814,0.05819480353132426,obse,cracker_scene2,70,multiray
853,3.7287895679473877,0.05819480353132426,obse,cracker_scene2,70,multiray
854,3.733048439025879,0.058176043992741434,obse,cracker_scene2,70,multiray
855,3.737128973007202,0.058098242679185556,obse,cracker_scene2,70,multiray
856,3.741217851638794,0.058098242679185556,obse,cracker_scene2,70,multiray
857,3.7453792095184326,0.058098242679185556,obse,cracker_scene2,70,multiray
858,3.7495601177215576,0.05808770898802043,obse,cracker_scene2,70,multiray
859,3.75380277633667,0.05779118002930439,obse,cracker_scene2,70,multiray
860,3.7580769062042236,0.05777281509817281,obse,cracker_scene2,70,multiray
861,3.7626161575317383,0.05772265762789378,obse,cracker_scene2,70,multiray
862,3.7669882774353027,0.0576038294065385,obse,cracker_scene2,70,multiray
863,3.7711880207061768,0.0576038294065385,obse,cracker_scene2,70,multiray
864,3.7753169536590576,0.057493229968996425,obse,cracker_scene2,70,multiray
865,3.779592990875244,0.057493229968996425,obse,cracker_scene2,70,multiray
866,3.7839934825897217,0.057639594379171294,obse,cracker_scene2,70,multiray
867,3.787997245788574,0.05754656176401673,obse,cracker_scene2,70,multiray
868,3.7923049926757812,0.057445544981584516,obse,cracker_scene2,70,multiray
869,3.796353578567505,0.057445544981584516,obse,cracker_scene2,70,multiray
870,3.8005380630493164,0.05732056269722228,obse,cracker_scene2,70,multiray
871,3.8047358989715576,0.05732056269722228,obse,cracker_scene2,70,multiray
872,3.80983567237854,0.05726504406347248,obse,cracker_scene2,70,multiray
873,3.814014196395874,0.05714015631599687,obse,cracker_scene2,70,multiray
874,3.8182504177093506,0.057015223656148285,obse,cracker_scene2,70,multiray
875,3.8222570419311523,0.057086946919851986,obse,cracker_scene2,70,multiray
876,3.826608419418335,0.057086946919851986,obse,cracker_scene2,70,multiray
877,3.830766439437866,0.05703754365489732,obse,cracker_scene2,70,multiray
878,3.8349039554595947,0.05703754365489732,obse,cracker_scene2,70,multiray
879,3.8389668464660645,0.05645541896126595,obse,cracker_scene2,70,multiray
880,3.8432624340057373,0.05640174129526246,obse,cracker_scene2,70,multiray
881,3.8476741313934326,0.05629550641945862,obse,cracker_scene2,70,multiray
882,3.852128028869629,0.05608123399893178,obse,cracker_scene2,70,multiray
883,3.856397867202759,0.05601199539627501,obse,cracker_scene2,70,multiray
884,3.8603851795196533,0.05601199539627501,obse,cracker_scene2,70,multiray
885,3.864403009414673,0.05590693540562347,obse,cracker_scene2,70,multiray
886,3.8683159351348877,0.05590693540562347,obse,cracker_scene2,70,multiray
887,3.8726227283477783,0.05574097126647326,obse,cracker_scene2,70,multiray
888,3.8767685890197754,0.05574097126647326,obse,cracker_scene2,70,multiray
889,3.8812527656555176,0.05565610631277885,obse,cracker_scene2,70,multiray
890,3.8855278491973877,0.05565610631277885,obse,cracker_scene2,70,multiray
891,3.889822244644165,0.05562892209718484,obse,cracker_scene2,70,multiray
892,3.8940176963806152,0.05552751453634049,obse,cracker_scene2,70,multiray
893,3.8984131813049316,0.055563146115138795,obse,cracker_scene2,70,multiray
894,3.9027531147003174,0.055563146115138795,obse,cracker_scene2,70,multiray
895,3.9073052406311035,0.055462603619992314,obse,cracker_scene2,70,multiray
896,3.911327838897705,0.055462603619992314,obse,cracker_scene2,70,multiray
897,3.9159600734710693,0.05537330735818516,obse,cracker_scene2,70,multiray
898,3.919857978820801,0.05537330735818516,obse,cracker_scene2,70,multiray
899,3.9240992069244385,0.055341752711019744,obse,cracker_scene2,70,multiray
900,3.928272247314453,0.055341752711019744,obse,cracker_scene2,70,multiray
901,3.932610273361206,0.055284238221191516,obse,cracker_scene2,70,multiray
902,3.936589002609253,0.055284238221191516,obse,cracker_scene2,70,multiray
903,3.9405410289764404,0.055284238221191516,obse,cracker_scene2,70,multiray
904,3.945019006729126,0.05521077108794638,obse,cracker_scene2,70,multiray
905,3.9493801593780518,0.055134250299371905,obse,cracker_scene2,70,multiray
906,3.953397274017334,0.055134250299371905,obse,cracker_scene2,70,multiray
907,3.957873582839966,0.055134250299371905,obse,cracker_scene2,70,multiray
908,3.9618048667907715,0.05504886241053455,obse,cracker_scene2,70,multiray
909,3.9660937786102295,0.054870244519918475,obse,cracker_scene2,70,multiray
910,3.9701573848724365,0.054870244519918475,obse,cracker_scene2,70,multiray
911,3.9744694232940674,0.05482251262939139,obse,cracker_scene2,70,multiray
912,3.978630781173706,0.05482251262939139,obse,cracker_scene2,70,multiray
913,3.982862710952759,0.054925837369886016,obse,cracker_scene2,70,multiray
914,3.9869251251220703,0.054925837369886016,obse,cracker_scene2,70,multiray
915,3.991183280944824,0.054813372679825986,obse,cracker_scene2,70,multiray
916,3.995281934738159,0.054813372679825986,obse,cracker_scene2,70,multiray
917,3.999622106552124,0.05479858287130125,obse,cracker_scene2,70,multiray
918,4.003728628158569,0.05479858287130125,obse,cracker_scene2,70,multiray
919,4.008167028427124,0.054789625283531346,obse,cracker_scene2,70,multiray
920,4.012331008911133,0.054789625283531346,obse,cracker_scene2,70,multiray
921,4.016559600830078,0.054734263068968995,obse,cracker_scene2,70,multiray
922,4.020679712295532,0.054734263068968995,obse,cracker_scene2,70,multiray
923,4.025374174118042,0.05465202646189074,obse,cracker_scene2,70,multiray
924,4.029358625411987,0.05465202646189074,obse,cracker_scene2,70,multiray
925,4.034024000167847,0.05443041485669704,obse,cracker_scene2,70,multiray
926,4.038367509841919,0.05443041485669704,obse,cracker_scene2,70,multiray
927,4.042817115783691,0.05453932803832102,obse,cracker_scene2,70,multiray
928,4.0470945835113525,0.05453932803832102,obse,cracker_scene2,70,multiray
929,4.051934003829956,0.05430670615054063,obse,cracker_scene2,70,multiray
930,4.056348562240601,0.054289823418164504,obse,cracker_scene2,70,multiray
931,4.060724258422852,0.054291154870943395,obse,cracker_scene2,70,multiray
932,4.064931869506836,0.05422217808207713,obse,cracker_scene2,70,multiray
933,4.069157600402832,0.05422217808207713,obse,cracker_scene2,70,multiray
934,4.073949337005615,0.05421658480442215,obse,cracker_scene2,70,multiray
935,4.078323841094971,0.05421658480442215,obse,cracker_scene2,70,multiray
936,4.083091974258423,0.05418576378462318,obse,cracker_scene2,70,multiray
937,4.0870513916015625,0.05418576378462318,obse,cracker_scene2,70,multiray
938,4.091136932373047,0.05411892311013128,obse,cracker_scene2,70,multiray
939,4.095240354537964,0.05411892311013128,obse,cracker_scene2,70,multiray
940,4.099409103393555,0.05399175673940287,obse,cracker_scene2,70,multiray
941,4.103277921676636,0.05399175673940287,obse,cracker_scene2,70,multiray
942,4.107490062713623,0.05386253942801283,obse,cracker_scene2,70,multiray
943,4.111578702926636,0.05386253942801283,obse,cracker_scene2,70,multiray
944,4.116523265838623,0.05377561235758407,obse,cracker_scene2,70,multiray
945,4.120527982711792,0.05377561235758407,obse,cracker_scene2,70,multiray
946,4.1249167919158936,0.053680440502947124,obse,cracker_scene2,70,multiray
947,4.129159450531006,0.053680440502947124,obse,cracker_scene2,70,multiray
948,4.1334145069122314,0.053525421373086086,obse,cracker_scene2,70,multiray
949,4.137485027313232,0.053525421373086086,obse,cracker_scene2,70,multiray
950,4.141944885253906,0.05351241534913203,obse,cracker_scene2,70,multiray
951,4.146057605743408,0.05351241534913203,obse,cracker_scene2,70,multiray
952,4.150643348693848,0.05335951487733611,obse,cracker_scene2,70,multiray
953,4.1546266078948975,0.05335951487733611,obse,cracker_scene2,70,multiray
954,4.159086227416992,0.053412622951798105,obse,cracker_scene2,70,multiray
955,4.163261413574219,0.053412622951798105,obse,cracker_scene2,70,multiray
956,4.167484760284424,0.05327051984281103,obse,cracker_scene2,70,multiray
957,4.171601295471191,0.05327051984281103,obse,cracker_scene2,70,multiray
958,4.175687551498413,0.053306109948579906,obse,cracker_scene2,70,multiray
959,4.18002986907959,0.05328738296492198,obse,cracker_scene2,70,multiray
960,4.184319019317627,0.053216280729227995,obse,cracker_scene2,70,multiray
961,4.188315153121948,0.053114785620579016,obse,cracker_scene2,70,multiray
962,4.192751407623291,0.05305286913671826,obse,cracker_scene2,70,multiray
963,4.196855783462524,0.05305286913671826,obse,cracker_scene2,70,multiray
964,4.201217412948608,0.05310691313629358,obse,cracker_scene2,70,multiray
965,4.205257177352905,0.05308849318481025,obse,cracker_scene2,70,multiray
966,4.209742307662964,0.05301061082326065,obse,cracker_scene2,70,multiray
967,4.213865280151367,0.0528804040808831,obse,cracker_scene2,70,multiray
968,4.2181360721588135,0.0528804040808831,obse,cracker_scene2,70,multiray
969,4.2221479415893555,0.05294599234596185,obse,cracker_scene2,70,multiray
970,4.226420164108276,0.05294599234596185,obse,cracker_scene2,70,multiray
971,4.230572700500488,0.05264744437799635,obse,cracker_scene2,70,multiray
972,4.234812021255493,0.05264744437799635,obse,cracker_scene2,70,multiray
973,4.238833427429199,0.05279086480039368,obse,cracker_scene2,70,multiray
974,4.242798089981079,0.05279086480039368,obse,cracker_scene2,70,multiray
975,4.247104644775391,0.05261393773560719,obse,cracker_scene2,70,multiray
976,4.251402378082275,0.0525801015424534,obse,cracker_scene2,70,multiray
977,4.255358695983887,0.05250579931162121,obse,cracker_scene2,70,multiray
978,4.259662628173828,0.05250579931162121,obse,cracker_scene2,70,multiray
979,4.264131546020508,0.05107761443031338,obse,cracker_scene2,70,multiray
980,4.268554925918579,0.051155506310514916,obse,cracker_scene2,70,multiray
981,4.272889852523804,0.0512939979831271,obse,cracker_scene2,70,multiray
982,4.27724814414978,0.051153581485903064,obse,cracker_scene2,70,multiray
983,4.281464576721191,0.05109897819789613,obse,cracker_scene2,70,multiray
984,4.285740375518799,0.05109897819789613,obse,cracker_scene2,70,multiray
985,4.2900049686431885,0.05104924980425677,obse,cracker_scene2,70,multiray
986,4.294189691543579,0.05104924980425677,obse,cracker_scene2,70,multiray
987,4.298401832580566,0.05092606671047943,obse,cracker_scene2,70,multiray
988,4.302652835845947,0.0508385855171628,obse,cracker_scene2,70,multiray
989,4.306820631027222,0.05099112787126634,obse,cracker_scene2,70,multiray
990,4.310797452926636,0.05099112787126634,obse,cracker_scene2,70,multiray
991,4.315476894378662,0.05095476273843114,obse,cracker_scene2,70,multiray
992,4.3195414543151855,0.05095476273843114,obse,cracker_scene2,70,multiray
993,4.3237714767456055,0.05092359695396081,obse,cracker_scene2,70,multiray
994,4.327904462814331,0.05092359695396081,obse,cracker_scene2,70,multiray
995,4.332125425338745,0.05091107283543635,obse,cracker_scene2,70,multiray
996,4.336228609085083,0.05091107283543635,obse,cracker_scene2,70,multiray
997,4.340511322021484,0.050818634733896514,obse,cracker_scene2,70,multiray
998,4.344835996627808,0.05086145647090147,obse,cracker_scene2,70,multiray
999,4.349124431610107,0.050779388277985386,obse,cracker_scene2,70,multiray
1000,4.353147268295288,0.050779388277985386,obse,cracker_scene2,70,multiray
1001,4.357501029968262,0.050659990472321455,obse,cracker_scene2,70,multiray
1002,4.361547946929932,0.050659990472321455,obse,cracker_scene2,70,multiray
1003,4.36577844619751,0.05066104529953845,obse,cracker_scene2,70,multiray
1004,4.3698670864105225,0.05066104529953845,obse,cracker_scene2,70,multiray
1005,4.374085187911987,0.05059158060421464,obse,cracker_scene2,70,multiray
1006,4.378109455108643,0.05059158060421464,obse,cracker_scene2,70,multiray
1007,4.382812023162842,0.0504978042862964,obse,cracker_scene2,70,multiray
1008,4.3867106437683105,0.0504978042862964,obse,cracker_scene2,70,multiray
1009,4.391001462936401,0.0505096785053879,obse,cracker_scene2,70,multiray
1010,4.3952436447143555,0.050413270818995756,obse,cracker_scene2,70,multiray
1011,4.3995654582977295,0.050390535855099755,obse,cracker_scene2,70,multiray
1012,4.4037840366363525,0.05041633749844619,obse,cracker_scene2,70,multiray
1013,4.407989025115967,0.05041847022205209,obse,cracker_scene2,70,multiray
1014,4.412261486053467,0.05041847022205209,obse,cracker_scene2,70,multiray
1015,4.416422367095947,0.050596293697387204,obse,cracker_scene2,70,multiray
1016,4.420308828353882,0.050596293697387204,obse,cracker_scene2,70,multiray
1017,4.424673557281494,0.050596293697387204,obse,cracker_scene2,70,multiray
1018,4.428687334060669,0.050596293697387204,obse,cracker_scene2,70,multiray
1019,4.433130502700806,0.05049564127908065,obse,cracker_scene2,70,multiray
1020,4.437152862548828,0.05049564127908065,obse,cracker_scene2,70,multiray
1021,4.441355466842651,0.050517618790940556,obse,cracker_scene2,70,multiray
1022,4.445521831512451,0.050517618790940556,obse,cracker_scene2,70,multiray
1023,4.449830770492554,0.050481997819124505,obse,cracker_scene2,70,multiray
1024,4.454123020172119,0.0504535301819422,obse,cracker_scene2,70,multiray
1025,4.458554029464722,0.0504535301819422,obse,cracker_scene2,70,multiray
1026,4.462846517562866,0.0504535301819422,obse,cracker_scene2,70,multiray
1027,4.467126369476318,0.05039710209684627,obse,cracker_scene2,70,multiray
1028,4.471559047698975,0.04805927400949789,obse,cracker_scene2,70,multiray
1029,4.475988864898682,0.04801429889811696,obse,cracker_scene2,70,multiray
1030,4.48054051399231,0.04846478691098324,obse,cracker_scene2,70,multiray
1031,4.484656095504761,0.04846478691098324,obse,cracker_scene2,70,multiray
1032,4.488840818405151,0.048429585979996,obse,cracker_scene2,70,multiray
1033,4.493012189865112,0.048418853007734394,obse,cracker_scene2,70,multiray
1034,4.497124195098877,0.04832666179182674,obse,cracker_scene2,70,multiray
1035,4.501115560531616,0.04832666179182674,obse,cracker_scene2,70,multiray
1036,4.505241870880127,0.048342896431559035,obse,cracker_scene2,70,multiray
1037,4.509640455245972,0.048306462390935806,obse,cracker_scene2,70,multiray
1038,4.5137951374053955,0.048306462390935806,obse,cracker_scene2,70,multiray
1039,4.518136024475098,0.04814982097404519,obse,cracker_scene2,70,multiray
1040,4.522285461425781,0.04814982097404519,obse,cracker_scene2,70,multiray
1041,4.526635646820068,0.04710799986429996,obse,cracker_scene2,70,multiray
1042,4.530834197998047,0.04710799986429996,obse,cracker_scene2,70,multiray
1043,4.534765720367432,0.04711999369339494,obse,cracker_scene2,70,multiray
1044,4.539174318313599,0.04701395713615311,obse,cracker_scene2,70,multiray
1045,4.543569326400757,0.04773962045300922,obse,cracker_scene2,70,multiray
1046,4.547976732254028,0.04773962045300922,obse,cracker_scene2,70,multiray
1047,4.5518388748168945,0.04773962045300922,obse,cracker_scene2,70,multiray
1048,4.556123733520508,0.04686122209872495,obse,cracker_scene2,70,multiray
1049,4.560278654098511,0.046771567417799136,obse,cracker_scene2,70,multiray
1050,4.564349412918091,0.04671334507743556,obse,cracker_scene2,70,multiray
1051,4.569297552108765,0.04666932542558071,obse,cracker_scene2,70,multiray
1052,4.573731184005737,0.04648116955757541,obse,cracker_scene2,70,multiray
1053,4.5777058601379395,0.04648116955757541,obse,cracker_scene2,70,multiray
1054,4.582453966140747,0.04642638615607528,obse,cracker_scene2,70,multiray
1055,4.5864105224609375,0.04642638615607528,obse,cracker_scene2,70,multiray
1056,4.590656042098999,0.046388660736008065,obse,cracker_scene2,70,multiray
1057,4.594835519790649,0.046388660736008065,obse,cracker_scene2,70,multiray
1058,4.599161148071289,0.04633719594990627,obse,cracker_scene2,70,multiray
1059,4.603233814239502,0.04633719594990627,obse,cracker_scene2,70,multiray
1060,4.607513666152954,0.046342423202366236,obse,cracker_scene2,70,multiray
1061,4.611912488937378,0.04621463186935918,obse,cracker_scene2,70,multiray
1062,4.616262912750244,0.04600730776194342,obse,cracker_scene2,70,multiray
1063,4.620290517807007,0.04600730776194342,obse,cracker_scene2,70,multiray
1064,4.6245810985565186,0.045844746059419864,obse,cracker_scene2,70,multiray
1065,4.628685474395752,0.045844746059419864,obse,cracker_scene2,70,multiray
1066,4.633236646652222,0.045917537589537864,obse,cracker_scene2,70,multiray
1067,4.637381553649902,0.045917537589537864,obse,cracker_scene2,70,multiray
1068,4.641838073730469,0.0456518089416473,obse,cracker_scene2,70,multiray
1069,4.646314382553101,0.0456518089416473,obse,cracker_scene2,70,multiray
1070,4.650766134262085,0.045621893832021525,obse,cracker_scene2,70,multiray
1071,4.655009031295776,0.04551096063053607,obse,cracker_scene2,70,multiray
1072,4.659563064575195,0.04551096063053607,obse,cracker_scene2,70,multiray
1073,4.664082288742065,0.04552247497242711,obse,cracker_scene2,70,multiray
1074,4.668283939361572,0.04552247497242711,obse,cracker_scene2,70,multiray
1075,4.672435522079468,0.04556152118199828,obse,cracker_scene2,70,multiray
1076,4.6768457889556885,0.04556152118199828,obse,cracker_scene2,70,multiray
1077,4.681121349334717,0.045604242063953714,obse,cracker_scene2,70,multiray
1078,4.685331583023071,0.045534526024902655,obse,cracker_scene2,70,multiray
1079,4.68951940536499,0.04545759548817453,obse,cracker_scene2,70,multiray
1080,4.693954944610596,0.05172841837000825,obse,cracker_scene2,70,multiray
1081,4.6981940269470215,0.05150391252118886,obse,cracker_scene2,70,multiray
1082,4.702587366104126,0.051639088354611624,obse,cracker_scene2,70,multiray
1083,4.706898212432861,0.05160969747016023,obse,cracker_scene2,70,multiray
1084,4.710965633392334,0.05160969747016023,obse,cracker_scene2,70,multiray
1085,4.715552806854248,0.05161773866735372,obse,cracker_scene2,70,multiray
1086,4.719778299331665,0.05161773866735372,obse,cracker_scene2,70,multiray
1087,4.724185943603516,0.051360754387430145,obse,cracker_scene2,70,multiray
1088,4.728334665298462,0.051360754387430145,obse,cracker_scene2,70,multiray
1089,4.732778787612915,0.05139853110296048,obse,cracker_scene2,70,multiray
1090,4.736944198608398,0.05139853110296048,obse,cracker_scene2,70,multiray
1091,4.741282939910889,0.051207943021201754,obse,cracker_scene2,70,multiray
1092,4.745619773864746,0.051207943021201754,obse,cracker_scene2,70,multiray
1093,4.7500083446502686,0.05124860884951472,obse,cracker_scene2,70,multiray
1094,4.754142999649048,0.05124860884951472,obse,cracker_scene2,70,multiray
1095,4.758659362792969,0.05116780767107221,obse,cracker_scene2,70,multiray
1096,4.762700319290161,0.05116780767107221,obse,cracker_scene2,70,multiray
1097,4.767177104949951,0.0510671114451531,obse,cracker_scene2,70,multiray
1098,4.771294116973877,0.051057280380056885,obse,cracker_scene2,70,multiray
1099,4.77546501159668,0.051057280380056885,obse,cracker_scene2,70,multiray
1100,4.779921531677246,0.05094537886613975,obse,cracker_scene2,70,multiray
1101,4.784424066543579,0.05089231497620862,obse,cracker_scene2,70,multiray
1102,4.789928674697876,0.05091873277205926,obse,cracker_scene2,70,multiray
1103,4.796708106994629,0.050903206014300734,obse,cracker_scene2,70,multiray
1104,4.803250789642334,0.050903206014300734,obse,cracker_scene2,70,multiray
1105,4.809871435165405,0.05079996693195214,obse,cracker_scene2,70,multiray
1106,4.816671848297119,0.050610456867123316,obse,cracker_scene2,70,multiray
1107,4.823290109634399,0.050536976668154855,obse,cracker_scene2,70,multiray
1108,4.82971978187561,0.050536976668154855,obse,cracker_scene2,70,multiray
1109,4.836439609527588,0.05056416932251107,obse,cracker_scene2,70,multiray
1110,4.842829465866089,0.05056416932251107,obse,cracker_scene2,70,multiray
1111,4.848690032958984,0.05052085548563418,obse,cracker_scene2,70,multiray
1112,4.853176116943359,0.05049862266810269,obse,cracker_scene2,70,multiray
1113,4.857596397399902,0.050407033543830124,obse,cracker_scene2,70,multiray
1114,4.8620383739471436,0.050407033543830124,obse,cracker_scene2,70,multiray
1115,4.866458892822266,0.05036244217060645,obse,cracker_scene2,70,multiray
1116,4.870725631713867,0.05036244217060645,obse,cracker_scene2,70,multiray
1117,4.875242710113525,0.05014446543402044,obse,cracker_scene2,70,multiray
1118,4.879829406738281,0.05014446543402044,obse,cracker_scene2,70,multiray
1119,4.884624719619751,0.05028222638480893,obse,cracker_scene2,70,multiray
1120,4.88900899887085,0.05028222638480893,obse,cracker_scene2,70,multiray
1121,4.893347978591919,0.05025839943895568,obse,cracker_scene2,70,multiray
1122,4.89765739440918,0.05021288976922402,obse,cracker_scene2,70,multiray
1123,4.901893138885498,0.05021288976922402,obse,cracker_scene2,70,multiray
1124,4.906122922897339,0.050166460984008274,obse,cracker_scene2,70,multiray
1125,4.910207986831665,0.050166460984008274,obse,cracker_scene2,70,multiray
1126,4.914805889129639,0.050123794929127156,obse,cracker_scene2,70,multiray
1127,4.9191248416900635,0.050123794929127156,obse,cracker_scene2,70,multiray
1128,4.923472881317139,0.050040145175969594,obse,cracker_scene2,70,multiray
1129,4.927720069885254,0.050040145175969594,obse,cracker_scene2,70,multiray
1130,4.931859493255615,0.050040145175969594,obse,cracker_scene2,70,multiray
1131,4.936338186264038,0.049947178436360935,obse,cracker_scene2,70,multiray
1132,4.940800666809082,0.049920946547161775,obse,cracker_scene2,70,multiray
1133,4.945064544677734,0.04987614484200077,obse,cracker_scene2,70,multiray
1134,4.9493818283081055,0.04987614484200077,obse,cracker_scene2,70,multiray
1135,4.953767776489258,0.04976250276402071,obse,cracker_scene2,70,multiray
1136,4.958303451538086,0.0497306444837116,obse,cracker_scene2,70,multiray
1137,4.962879657745361,0.04971661147727839,obse,cracker_scene2,70,multiray
1138,4.967401742935181,0.049629442939752785,obse,cracker_scene2,70,multiray
1139,4.971891403198242,0.0495632058460033,obse,cracker_scene2,70,multiray
1140,4.976205587387085,0.04951553681203754,obse,cracker_scene2,70,multiray
1141,4.9807655811309814,0.04946352281727423,obse,cracker_scene2,70,multiray
1142,4.985289096832275,0.04946352281727423,obse,cracker_scene2,70,multiray
1143,4.989784479141235,0.04943590942359128,obse,cracker_scene2,70,multiray
1144,4.994160175323486,0.04943590942359128,obse,cracker_scene2,70,multiray
1145,4.998448371887207,0.049339912216402694,obse,cracker_scene2,70,multiray
1146,5.002608776092529,0.049339912216402694,obse,cracker_scene2,70,multiray
1147,5.00690770149231,0.04928371840422323,obse,cracker_scene2,70,multiray
1148,5.011271953582764,0.04928371840422323,obse,cracker_scene2,70,multiray
1149,5.015756845474243,0.04906461248390484,obse,cracker_scene2,70,multiray
1150,5.020336151123047,0.04842242512051543,obse,cracker_scene2,70,multiray
1151,5.02459716796875,0.04842242512051543,obse,cracker_scene2,70,multiray
1152,5.029174327850342,0.04851169561319305,obse,cracker_scene2,70,multiray
1153,5.033926010131836,0.048375789002046185,obse,cracker_scene2,70,multiray
1154,5.038282155990601,0.048481662383256324,obse,cracker_scene2,70,multiray
1155,5.042754173278809,0.04842860173572877,obse,cracker_scene2,70,multiray
1156,5.047221899032593,0.04844860552730744,obse,cracker_scene2,70,multiray
1157,5.052017450332642,0.04838234080948766,obse,cracker_scene2,70,multiray
1158,5.056370973587036,0.04831288522128296,obse,cracker_scene2,70,multiray
1159,5.060619115829468,0.04831288522128296,obse,cracker_scene2,70,multiray
1160,5.064930438995361,0.04827892442012818,obse,cracker_scene2,70,multiray
1161,5.069559812545776,0.04828707488092929,obse,cracker_scene2,70,multiray
1162,5.073747396469116,0.04813320728226605,obse,cracker_scene2,70,multiray
1163,5.078015327453613,0.04813320728226605,obse,cracker_scene2,70,multiray
1164,5.0825159549713135,0.04803781410744058,obse,cracker_scene2,70,multiray
1165,5.086710691452026,0.04803781410744058,obse,cracker_scene2,70,multiray
1166,5.091254949569702,0.04796254430244915,obse,cracker_scene2,70,multiray
1167,5.095397233963013,0.04796254430244915,obse,cracker_scene2,70,multiray
1168,5.099771022796631,0.04791538260993248,obse,cracker_scene2,70,multiray
1169,5.103756427764893,0.04791538260993248,obse,cracker_scene2,70,multiray
1170,5.107944488525391,0.047719124954672475,obse,cracker_scene2,70,multiray
1171,5.11218786239624,0.047719124954672475,obse,cracker_scene2,70,multiray
1172,5.116695165634155,0.047825444475897476,obse,cracker_scene2,70,multiray
1173,5.120722532272339,0.047825444475897476,obse,cracker_scene2,70,multiray
1174,5.1250927448272705,0.0477301908120196,obse,cracker_scene2,70,multiray
1175,5.129237413406372,0.0477301908120196,obse,cracker_scene2,70,multiray
1176,5.133420705795288,0.04752910610320647,obse,cracker_scene2,70,multiray
1177,5.137650728225708,0.04752910610320647,obse,cracker_scene2,70,multiray
1178,5.14219331741333,0.04759841762582722,obse,cracker_scene2,70,multiray
1179,5.146331548690796,0.04748151727260173,obse,cracker_scene2,70,multiray
1180,5.150721549987793,0.04748151727260173,obse,cracker_scene2,70,multiray
1181,5.154872417449951,0.04748151727260173,obse,cracker_scene2,70,multiray
1182,5.15929913520813,0.047321328246318656,obse,cracker_scene2,70,multiray
1183,5.16341757774353,0.047415388274782894,obse,cracker_scene2,70,multiray
1184,5.16766881942749,0.047415388274782894,obse,cracker_scene2,70,multiray
1185,5.17175030708313,0.047415268876230175,obse,cracker_scene2,70,multiray
1186,5.175883531570435,0.047347684204318896,obse,cracker_scene2,70,multiray
1187,5.1801979541778564,0.047371725747066516,obse,cracker_scene2,70,multiray
1188,5.184696912765503,0.047304754833987134,obse,cracker_scene2,70,multiray
1189,5.188822269439697,0.04722055484180434,obse,cracker_scene2,70,multiray
1190,5.193231105804443,0.04722055484180434,obse,cracker_scene2,70,multiray
1191,5.197340488433838,0.04700015155436332,obse,cracker_scene2,70,multiray
1192,5.201680660247803,0.04700015155436332,obse,cracker_scene2,70,multiray
1193,5.205756664276123,0.0470158945395666,obse,cracker_scene2,70,multiray
1194,5.210019111633301,0.0470158945395666,obse,cracker_scene2,70,multiray
1195,5.21426248550415,0.0470158945395666,obse,cracker_scene2,70,multiray
1196,5.218713283538818,0.04692883224125127,obse,cracker_scene2,70,multiray
1197,5.222632169723511,0.04692883224125127,obse,cracker_scene2,70,multiray
1198,5.226541996002197,0.04692883224125127,obse,cracker_scene2,70,multiray
1199,5.231062889099121,0.04684187662462518,obse,cracker_scene2,70,multiray
1200,5.235174179077148,0.04684187662462518,obse,cracker_scene2,70,multiray
1201,5.23958420753479,0.04677482794751049,obse,cracker_scene2,70,multiray
1202,5.243732690811157,0.04677482794751049,obse,cracker_scene2,70,multiray
1203,5.247899770736694,0.04677482794751049,obse,cracker_scene2,70,multiray
1204,5.2525246143341064,0.04672678315976776,obse,cracker_scene2,70,multiray
1205,5.256887674331665,0.04663060987675325,obse,cracker_scene2,70,multiray
1206,5.261555194854736,0.04663060987675325,obse,cracker_scene2,70,multiray
1207,5.265839576721191,0.046595482771480255,obse,cracker_scene2,70,multiray
1208,5.269829034805298,0.046595482771480255,obse,cracker_scene2,70,multiray
1209,5.274333715438843,0.046573086051982786,obse,cracker_scene2,70,multiray
1210,5.278281927108765,0.046573086051982786,obse,cracker_scene2,70,multiray
1211,5.282216548919678,0.046573086051982786,obse,cracker_scene2,70,multiray
1212,5.286519527435303,0.046523364272638694,obse,cracker_scene2,70,multiray
1213,5.290530204772949,0.046523364272638694,obse,cracker_scene2,70,multiray
1214,5.294983625411987,0.04632692783737473,obse,cracker_scene2,70,multiray
1215,5.299289226531982,0.046221504268567914,obse,cracker_scene2,70,multiray
1216,5.303377389907837,0.046221504268567914,obse,cracker_scene2,70,multiray
1217,5.307653427124023,0.04634729788684744,obse,cracker_scene2,70,multiray
1218,5.311834096908569,0.04634729788684744,obse,cracker_scene2,70,multiray
1219,5.3162453174591064,0.04706779327373179,obse,cracker_scene2,70,multiray
1220,5.320274353027344,0.04733076494175978,obse,cracker_scene2,70,multiray
1221,5.324594497680664,0.0472796720349877,obse,cracker_scene2,70,multiray
1222,5.328758955001831,0.0472796720349877,obse,cracker_scene2,70,multiray
1223,5.332982778549194,0.04734410045344103,obse,cracker_scene2,70,multiray
1224,5.337137222290039,0.04734410045344103,obse,cracker_scene2,70,multiray
1225,5.341462135314941,0.04730633750669752,obse,cracker_scene2,70,multiray
1226,5.345529317855835,0.04730633750669752,obse,cracker_scene2,70,multiray
1227,5.349820137023926,0.04729293622250953,obse,cracker_scene2,70,multiray
1228,5.35387110710144,0.04729293622250953,obse,cracker_scene2,70,multiray
1229,5.3581602573394775,0.04711175026262619,obse,cracker_scene2,70,multiray
1230,5.362341642379761,0.04711175026262619,obse,cracker_scene2,70,multiray
1231,5.366408348083496,0.04718159349111697,obse,cracker_scene2,70,multiray
1232,5.370566368103027,0.04718159349111697,obse,cracker_scene2,70,multiray
1233,5.374801397323608,0.046914919622848786,obse,cracker_scene2,70,multiray
1234,5.378755569458008,0.046914919622848786,obse,cracker_scene2,70,multiray
1235,5.383105993270874,0.0469512615529949,obse,cracker_scene2,70,multiray
1236,5.387373924255371,0.0469512615529949,obse,cracker_scene2,70,multiray
1237,5.391613960266113,0.04689730162190518,obse,cracker_scene2,70,multiray
1238,5.395758390426636,0.04689730162190518,obse,cracker_scene2,70,multiray
1239,5.400545120239258,0.04655596914842905,obse,cracker_scene2,70,multiray
1240,5.4048357009887695,0.04652657927610399,obse,cracker_scene2,70,multiray
1241,5.409344911575317,0.04647430698628374,obse,cracker_scene2,70,multiray
1242,5.413857698440552,0.04649489741417601,obse,cracker_scene2,70,multiray
1243,5.4182610511779785,0.04641124190202949,obse,cracker_scene2,70,multiray
1244,5.422600030899048,0.04648250974041551,obse,cracker_scene2,70,multiray
1245,5.426892995834351,0.04648250974041551,obse,cracker_scene2,70,multiray
1246,5.431193113327026,0.046448906272681785,obse,cracker_scene2,70,multiray
1247,5.436076402664185,0.046448906272681785,obse,cracker_scene2,70,multiray
1248,5.440609693527222,0.04640160682876062,obse,cracker_scene2,70,multiray
1249,5.444758653640747,0.04640160682876062,obse,cracker_scene2,70,multiray
1250,5.449370622634888,0.04629650781117183,obse,cracker_scene2,70,multiray
1251,5.453472137451172,0.04629650781117183,obse,cracker_scene2,70,multiray
1252,5.4582600593566895,0.04607041791527367,obse,cracker_scene2,70,multiray
1253,5.462269067764282,0.04607041791527367,obse,cracker_scene2,70,multiray
1254,5.466386556625366,0.04618608918839923,obse,cracker_scene2,70,multiray
1255,5.470569610595703,0.04618608918839923,obse,cracker_scene2,70,multiray
1256,5.474884748458862,0.046092913847022646,obse,cracker_scene2,70,multiray
1257,5.479236125946045,0.046092913847022646,obse,cracker_scene2,70,multiray
1258,5.4835875034332275,0.04601797661214102,obse,cracker_scene2,70,multiray
1259,5.487557888031006,0.04601797661214102,obse,cracker_scene2,70,multiray
1260,5.491831541061401,0.04566620590800326,obse,cracker_scene2,70,multiray
1261,5.496063470840454,0.04566620590800326,obse,cracker_scene2,70,multiray
1262,5.500392913818359,0.04578076133134375,obse,cracker_scene2,70,multiray
1263,5.504336357116699,0.04578076133134375,obse,cracker_scene2,70,multiray
1264,5.508735179901123,0.04574799029632061,obse,cracker_scene2,70,multiray
1265,5.512882709503174,0.04574799029632061,obse,cracker_scene2,70,multiray
1266,5.517217636108398,0.045713384868557826,obse,cracker_scene2,70,multiray
1267,5.521400451660156,0.045452150396980494,obse,cracker_scene2,70,multiray
1268,5.525712490081787,0.045452150396980494,obse,cracker_scene2,70,multiray
1269,5.529860734939575,0.045418677487243,obse,cracker_scene2,70,multiray
1270,5.534059762954712,0.045624315367498426,obse,cracker_scene2,70,multiray
1271,5.538227558135986,0.04564516784474409,obse,cracker_scene2,70,multiray
1272,5.542544603347778,0.04553631485111356,obse,cracker_scene2,70,multiray
1273,5.546676874160767,0.04549215155502676,obse,cracker_scene2,70,multiray
1274,5.550991773605347,0.04541741121428152,obse,cracker_scene2,70,multiray
1275,5.555156707763672,0.04544208762892722,obse,cracker_scene2,70,multiray
1276,5.55954122543335,0.04538394264899109,obse,cracker_scene2,70,multiray
1277,5.563798427581787,0.045334533250887064,obse,cracker_scene2,70,multiray
1278,5.56827712059021,0.045334533250887064,obse,cracker_scene2,70,multiray
1279,5.572775840759277,0.0457750135400498,obse,cracker_scene2,70,multiray
1280,5.577045679092407,0.04575643578042181,obse,cracker_scene2,70,multiray
1281,5.58103609085083,0.04575643578042181,obse,cracker_scene2,70,multiray
1282,5.585601568222046,0.04567657084793106,obse,cracker_scene2,70,multiray
1283,5.590109586715698,0.04548466937732883,obse,cracker_scene2,70,multiray
1284,5.594533681869507,0.04548466937732883,obse,cracker_scene2,70,multiray
1285,5.599040508270264,0.045598962145762346,obse,cracker_scene2,70,multiray
1286,5.603423595428467,0.045598962145762346,obse,cracker_scene2,70,multiray
1287,5.608095645904541,0.045361590176818546,obse,cracker_scene2,70,multiray
1288,5.612454414367676,0.045361590176818546,obse,cracker_scene2,70,multiray
1289,5.616872787475586,0.04555742680368543,obse,cracker_scene2,70,multiray
1290,5.62106728553772,0.04555742680368543,obse,cracker_scene2,70,multiray
1291,5.625369548797607,0.045419530524343284,obse,cracker_scene2,70,multiray
1292,5.62958288192749,0.045419530524343284,obse,cracker_scene2,70,multiray
1293,5.633805990219116,0.04524700517843747,obse,cracker_scene2,70,multiray
1294,5.638071298599243,0.045120502536869896,obse,cracker_scene2,70,multiray
1295,5.642354249954224,0.045120502536869896,obse,cracker_scene2,70,multiray
1296,5.646982192993164,0.04507009734063733,obse,cracker_scene2,70,multiray
1297,5.651706218719482,0.044996385890273154,obse,cracker_scene2,70,multiray
1298,5.655843019485474,0.045175803727935934,obse,cracker_scene2,70,multiray
1299,5.660165071487427,0.04518775826610999,obse,cracker_scene2,70,multiray
1300,5.664448261260986,0.04516959661059923,obse,cracker_scene2,70,multiray
1301,5.66863489151001,0.045129899467620326,obse,cracker_scene2,70,multiray
1302,5.673106670379639,0.04511430065641814,obse,cracker_scene2,70,multiray
1303,5.677190780639648,0.04511430065641814,obse,cracker_scene2,70,multiray
1304,5.68173885345459,0.04505885560516801,obse,cracker_scene2,70,multiray
1305,5.685847759246826,0.04505885560516801,obse,cracker_scene2,70,multiray
1306,5.6899495124816895,0.04505885560516801,obse,cracker_scene2,70,multiray
1307,5.694488525390625,0.045047443984847675,obse,cracker_scene2,70,multiray
1308,5.69867730140686,0.045047443984847675,obse,cracker_scene2,70,multiray
1309,5.702866077423096,0.04483298830112708,obse,cracker_scene2,70,multiray
1310,5.706866264343262,0.04483298830112708,obse,cracker_scene2,70,multiray
1311,5.711100816726685,0.04483298830112708,obse,cracker_scene2,70,multiray
1312,5.715498924255371,0.044737272100830366,obse,cracker_scene2,70,multiray
1313,5.719899415969849,0.044737272100830366,obse,cracker_scene2,70,multiray
1314,5.724048614501953,0.044946897978333754,obse,cracker_scene2,70,multiray
1315,5.7285475730896,0.044905325989312836,obse,cracker_scene2,70,multiray
1316,5.732813835144043,0.044905325989312836,obse,cracker_scene2,70,multiray
1317,5.737295389175415,0.04484932416088647,obse,cracker_scene2,70,multiray
1318,5.741547346115112,0.04484932416088647,obse,cracker_scene2,70,multiray
1319,5.746030569076538,0.04478986256663201,obse,cracker_scene2,70,multiray
1320,5.75026273727417,0.04478986256663201,obse,cracker_scene2,70,multiray
1321,5.754610300064087,0.0447736971923033,obse,cracker_scene2,70,multiray
1322,5.759376049041748,0.0447553522659756,obse,cracker_scene2,70,multiray
1323,5.763885736465454,0.04474254128673375,obse,cracker_scene2,70,multiray
1324,5.768706560134888,0.044650744803342295,obse,cracker_scene2,70,multiray
1325,5.773285865783691,0.04455968367841503,obse,cracker_scene2,70,multiray
1326,5.777992248535156,0.04446347990807672,obse,cracker_scene2,70,multiray
1327,5.78204345703125,0.04446347990807672,obse,cracker_scene2,70,multiray
1328,5.786907196044922,0.044450961668437955,obse,cracker_scene2,70,multiray
1329,5.791179418563843,0.044386783536751705,obse,cracker_scene2,70,multiray
1330,5.795641660690308,0.044386783536751705,obse,cracker_scene2,70,multiray
1331,5.7999396324157715,0.04435674771516891,obse,cracker_scene2,70,multiray
1332,5.804265260696411,0.04435674771516891,obse,cracker_scene2,70,multiray
1333,5.808578968048096,0.04430089009225724,obse,cracker_scene2,70,multiray
1334,5.8128392696380615,0.04430089009225724,obse,cracker_scene2,70,multiray
1335,5.817143678665161,0.05187227221013803,obse,cracker_scene2,70,multiray
1336,5.821249961853027,0.052495097231856414,obse,cracker_scene2,70,multiray
1337,5.825709581375122,0.05243910481341633,obse,cracker_scene2,70,multiray
1338,5.829837083816528,0.05237830848229946,obse,cracker_scene2,70,multiray
1339,5.834559202194214,0.05237830848229946,obse,cracker_scene2,70,multiray
1340,5.838809251785278,0.052310265723958145,obse,cracker_scene2,70,multiray
1341,5.843108892440796,0.05235128236129594,obse,cracker_scene2,70,multiray
1342,5.84767746925354,0.052259386320030916,obse,cracker_scene2,70,multiray
1343,5.851657867431641,0.052259386320030916,obse,cracker_scene2,70,multiray
1344,5.855871915817261,0.05221450622431152,obse,cracker_scene2,70,multiray
1345,5.859910726547241,0.05221450622431152,obse,cracker_scene2,70,multiray
1346,5.864045858383179,0.05205319594495627,obse,cracker_scene2,70,multiray
1347,5.8680994510650635,0.05205319594495627,obse,cracker_scene2,70,multiray
1348,5.872232913970947,0.052107996111113115,obse,cracker_scene2,70,multiray
1349,5.876769542694092,0.052107996111113115,obse,cracker_scene2,70,multiray
1350,5.8811891078948975,0.051829312011512294,obse,cracker_scene2,70,multiray
1351,5.885594844818115,0.051829312011512294,obse,cracker_scene2,70,multiray
1352,5.889892816543579,0.0519525432867376,obse,cracker_scene2,70,multiray
1353,5.894186973571777,0.0519525432867376,obse,cracker_scene2,70,multiray
1354,5.898458957672119,0.051697788143383445,obse,cracker_scene2,70,multiray
1355,5.902663707733154,0.051697788143383445,obse,cracker_scene2,70,multiray
1356,5.906978607177734,0.05180677367310697,obse,cracker_scene2,70,multiray
1357,5.911204814910889,0.05180677367310697,obse,cracker_scene2,70,multiray
1358,5.915931224822998,0.051750120107172136,obse,cracker_scene2,70,multiray
1359,5.92026948928833,0.051750120107172136,obse,cracker_scene2,70,multiray
1360,5.9246954917907715,0.05172867171065779,obse,cracker_scene2,70,multiray
1361,5.928935289382935,0.05172867171065779,obse,cracker_scene2,70,multiray
1362,5.933542966842651,0.05167416873589393,obse,cracker_scene2,70,multiray
1363,5.9379284381866455,0.05142971221998031,obse,cracker_scene2,70,multiray
1364,5.94242787361145,0.05142971221998031,obse,cracker_scene2,70,multiray
1365,5.946912527084351,0.05143886210680997,obse,cracker_scene2,70,multiray
1366,5.951246976852417,0.05143886210680997,obse,cracker_scene2,70,multiray
1367,5.955739974975586,0.05130956080421398,obse,cracker_scene2,70,multiray
1368,5.9602251052856445,0.05130956080421398,obse,cracker_scene2,70,multiray
1369,5.964737415313721,0.051211756866859685,obse,cracker_scene2,70,multiray
1370,5.969099283218384,0.051211756866859685,obse,cracker_scene2,70,multiray
1371,5.973635196685791,0.051335190301034894,obse,cracker_scene2,70,multiray
1372,5.978098154067993,0.051335190301034894,obse,cracker_scene2,70,multiray
1373,5.9824745655059814,0.051248173548691295,obse,cracker_scene2,70,multiray
1374,5.9867331981658936,0.051248173548691295,obse,cracker_scene2,70,multiray
1375,5.9911932945251465,0.05120933411056598,obse,cracker_scene2,70,multiray
1376,5.99547004699707,0.05120933411056598,obse,cracker_scene2,70,multiray
1377,5.999793291091919,0.051155240509112215,obse,cracker_scene2,70,multiray
1378,6.0043556690216064,0.051155240509112215,obse,cracker_scene2,70,multiray
1379,6.008995056152344,0.05108155572535423,obse,cracker_scene2,70,multiray
1380,6.013306617736816,0.05108155572535423,obse,cracker_scene2,70,multiray
1381,6.017745018005371,0.05083033977153707,obse,cracker_scene2,70,multiray
1382,6.021839141845703,0.05083033977153707,obse,cracker_scene2,70,multiray
1383,6.026419162750244,0.05102880661560185,obse,cracker_scene2,70,multiray
1384,6.030893087387085,0.05101290286392865,obse,cracker_scene2,70,multiray
1385,6.035049200057983,0.05101290286392865,obse,cracker_scene2,70,multiray
1386,6.03934121131897,0.05096149152696796,obse,cracker_scene2,70,multiray
1387,6.043723821640015,0.05096149152696796,obse,cracker_scene2,70,multiray
1388,6.048368453979492,0.05088351149345466,obse,cracker_scene2,70,multiray
1389,6.052397727966309,0.05088351149345466,obse,cracker_scene2,70,multiray
1390,6.05669903755188,0.050827136277312474,obse,cracker_scene2,70,multiray
1391,6.060743570327759,0.050827136277312474,obse,cracker_scene2,70,multiray
1392,6.065096616744995,0.050827136277312474,obse,cracker_scene2,70,multiray
1393,6.06936502456665,0.050766616998358424,obse,cracker_scene2,70,multiray
1394,6.073911905288696,0.050909062085645815,obse,cracker_scene2,70,multiray
1395,6.078255891799927,0.050778083671693605,obse,cracker_scene2,70,multiray
1396,6.083000898361206,0.050611771390808614,obse,cracker_scene2,70,multiray
1397,6.087571859359741,0.05030346613592952,obse,cracker_scene2,70,multiray
1398,6.0917932987213135,0.05032038835144409,obse,cracker_scene2,70,multiray
1399,6.0962653160095215,0.05046052676822355,obse,cracker_scene2,70,multiray
1400,6.100505590438843,0.05046052676822355,obse,cracker_scene2,70,multiray
1401,6.105005979537964,0.050452744668017115,obse,cracker_scene2,70,multiray
1402,6.109214544296265,0.05035592662032151,obse,cracker_scene2,70,multiray
1403,6.113255262374878,0.05035592662032151,obse,cracker_scene2,70,multiray
1404,6.117767810821533,0.05032255876261926,obse,cracker_scene2,70,multiray
1405,6.122332334518433,0.05032255876261926,obse,cracker_scene2,70,multiray
1406,6.126563310623169,0.05030539285368793,obse,cracker_scene2,70,multiray
1407,6.1305742263793945,0.05030539285368793,obse,cracker_scene2,70,multiray
1408,6.135330677032471,0.05024753020572209,obse,cracker_scene2,70,multiray
1409,6.1396989822387695,0.05024753020572209,obse,cracker_scene2,70,multiray
1410,6.144096374511719,0.05018422851733507,obse,cracker_scene2,70,multiray
1411,6.1482460498809814,0.05018422851733507,obse,cracker_scene2,70,multiray
1412,6.152460813522339,0.05018422851733507,obse,cracker_scene2,70,multiray
1413,6.157092809677124,0.05008009553004474,obse,cracker_scene2,70,multiray
1414,6.161651372909546,0.050051357649306696,obse,cracker_scene2,70,multiray
1415,6.1665215492248535,0.049987908829705656,obse,cracker_scene2,70,multiray
1416,6.171439170837402,0.04965102999669016,obse,cracker_scene2,70,multiray
1417,6.176206111907959,0.04965329963981099,obse,cracker_scene2,70,multiray
1418,6.181218385696411,0.04965567780336475,obse,cracker_scene2,70,multiray
1419,6.18564510345459,0.04965567780336475,obse,cracker_scene2,70,multiray
1420,6.190067768096924,0.049634079995494504,obse,cracker_scene2,70,multiray
1421,6.194256544113159,0.049634079995494504,obse,cracker_scene2,70,multiray
1422,6.1986985206604,0.049574481015304636,obse,cracker_scene2,70,multiray
1423,6.202913999557495,0.049574481015304636,obse,cracker_scene2,70,multiray
1424,6.207404851913452,0.04950118313739014,obse,cracker_scene2,70,multiray
1425,6.211837291717529,0.04934459943789844,obse,cracker_scene2,70,multiray
1426,6.216487169265747,0.04944246021222516,obse,cracker_scene2,70,multiray
1427,6.2206971645355225,0.04944246021222516,obse,cracker_scene2,70,multiray
1428,6.225497007369995,0.04939763867836769,obse,cracker_scene2,70,multiray
1429,6.230238437652588,0.04912061018301525,obse,cracker_scene2,70,multiray
1430,6.234965562820435,0.04912061018301525,obse,cracker_scene2,70,multiray
1431,6.239502191543579,0.04927540788286553,obse,cracker_scene2,70,multiray
1432,6.243937253952026,0.04927540788286553,obse,cracker_scene2,70,multiray
1433,6.248626232147217,0.049041409610559104,obse,cracker_scene2,70,multiray
1434,6.252708911895752,0.049041409610559104,obse,cracker_scene2,70,multiray
1435,6.257144451141357,0.04925114283332265,obse,cracker_scene2,70,multiray
1436,6.2613794803619385,0.04925114283332265,obse,cracker_scene2,70,multiray
1437,6.26566743850708,0.04919987460545045,obse,cracker_scene2,70,multiray
1438,6.269863843917847,0.04919987460545045,obse,cracker_scene2,70,multiray
1439,6.274158000946045,0.049110822122490995,obse,cracker_scene2,70,multiray
1440,6.278574705123901,0.049110822122490995,obse,cracker_scene2,70,multiray
1441,6.282836675643921,0.04895233566886298,obse,cracker_scene2,70,multiray
1442,6.2868311405181885,0.04895233566886298,obse,cracker_scene2,70,multiray
1443,6.291054964065552,0.0486405827667356,obse,cracker_scene2,70,multiray
1444,6.29503870010376,0.0486405827667356,obse,cracker_scene2,70,multiray
1445,6.299307584762573,0.04881471404038367,obse,cracker_scene2,70,multiray
1446,6.30328369140625,0.04881471404038367,obse,cracker_scene2,70,multiray
1447,6.30779504776001,0.05064156253709771,obse,cracker_scene2,70,multiray
1448,6.312061309814453,0.05064156253709771,obse,cracker_scene2,70,multiray
1449,6.3160014152526855,0.05064156253709771,obse,cracker_scene2,70,multiray
1450,6.3204345703125,0.05058682214099858,obse,cracker_scene2,70,multiray
1451,6.324816942214966,0.05055999529073406,obse,cracker_scene2,70,multiray
1452,6.32892918586731,0.05055999529073406,obse,cracker_scene2,70,multiray
1453,6.33328652381897,0.050488446511505566,obse,cracker_scene2,70,multiray
1454,6.337311029434204,0.050488446511505566,obse,cracker_scene2,70,multiray
1455,6.341764211654663,0.0504930253666812,obse,cracker_scene2,70,multiray
1456,6.345980644226074,0.0504930253666812,obse,cracker_scene2,70,multiray
1457,6.350603342056274,0.050410323281658086,obse,cracker_scene2,70,multiray
1458,6.354847431182861,0.050410323281658086,obse,cracker_scene2,70,multiray
1459,6.359137535095215,0.05036283105139144,obse,cracker_scene2,70,multiray
1460,6.363357067108154,0.050155448231229964,obse,cracker_scene2,70,multiray
1461,6.367758512496948,0.05005966400908617,obse,cracker_scene2,70,multiray
1462,6.372086763381958,0.04992901047230445,obse,cracker_scene2,70,multiray
1463,6.3763346672058105,0.04992901047230445,obse,cracker_scene2,70,multiray
1464,6.380825519561768,0.04986059301465012,obse,cracker_scene2,70,multiray
1465,6.385091066360474,0.050108886114943636,obse,cracker_scene2,70,multiray
1466,6.389352321624756,0.050039542137036076,obse,cracker_scene2,70,multiray
1467,6.393745422363281,0.05003383888791201,obse,cracker_scene2,70,multiray
1468,6.397985935211182,0.04999265228305951,obse,cracker_scene2,70,multiray
1469,6.402230739593506,0.04999265228305951,obse,cracker_scene2,70,multiray
1470,6.406481027603149,0.049793108032296925,obse,cracker_scene2,70,multiray
1471,6.410784006118774,0.049793108032296925,obse,cracker_scene2,70,multiray
1472,6.415452718734741,0.049747833945597085,obse,cracker_scene2,70,multiray
1473,6.419539213180542,0.049747833945597085,obse,cracker_scene2,70,multiray
1474,6.423881769180298,0.04988982963123451,obse,cracker_scene2,70,multiray
1475,6.428123235702515,0.04988982963123451,obse,cracker_scene2,70,multiray
1476,6.432630777359009,0.04987921937109271,obse,cracker_scene2,70,multiray
1477,6.436729192733765,0.04987921937109271,obse,cracker_scene2,70,multiray
1478,6.441130638122559,0.04958965551067191,obse,cracker_scene2,70,multiray
1479,6.445268392562866,0.04958965551067191,obse,cracker_scene2,70,multiray
1480,6.4495251178741455,0.04959066881652104,obse,cracker_scene2,70,multiray
1481,6.4537599086761475,0.04949824221559475,obse,cracker_scene2,70,multiray
1482,6.458259344100952,0.049449988898643195,obse,cracker_scene2,70,multiray
1483,6.462355852127075,0.049449988898643195,obse,cracker_scene2,70,multiray
1484,6.466723203659058,0.049666469234576176,obse,cracker_scene2,70,multiray
1485,6.470793008804321,0.049666469234576176,obse,cracker_scene2,70,multiray
1486,6.47526741027832,0.04938103805575695,obse,cracker_scene2,70,multiray
1487,6.479660511016846,0.04938103805575695,obse,cracker_scene2,70,multiray
1488,6.48401403427124,0.05053615166878077,obse,cracker_scene2,70,multiray
1489,6.488091468811035,0.05053615166878077,obse,cracker_scene2,70,multiray
1490,6.492629289627075,0.05032724718597554,obse,cracker_scene2,70,multiray
1491,6.496752738952637,0.05043872027951286,obse,cracker_scene2,70,multiray
1492,6.501063823699951,0.05043872027951286,obse,cracker_scene2,70,multiray
1493,6.505238056182861,0.05015549358644159,obse,cracker_scene2,70,multiray
1494,6.509587526321411,0.05015549358644159,obse,cracker_scene2,70,multiray
1495,6.514055490493774,0.050361455346366386,obse,cracker_scene2,70,multiray
1496,6.5180439949035645,0.050361455346366386,obse,cracker_scene2,70,multiray
1497,6.522220134735107,0.050065112769499785,obse,cracker_scene2,70,multiray
1498,6.5262908935546875,0.050065112769499785,obse,cracker_scene2,70,multiray
1499,6.530581712722778,0.05003325871307896,obse,cracker_scene2,70,multiray
1500,6.534595489501953,0.04990583296844246,obse,cracker_scene2,70,multiray
1501,6.53873610496521,0.05004351439260095,obse,cracker_scene2,70,multiray
1502,6.543239593505859,0.05004351439260095,obse,cracker_scene2,70,multiray
1503,6.547697067260742,0.04995209567206743,obse,cracker_scene2,70,multiray
1504,6.55199670791626,0.04997354975464766,obse,cracker_scene2,70,multiray
1505,6.556474208831787,0.04997187492058191,obse,cracker_scene2,70,multiray
1506,6.561058282852173,0.04992047285614617,obse,cracker_scene2,70,multiray
1507,6.565066337585449,0.04992047285614617,obse,cracker_scene2,70,multiray
1508,6.569383382797241,0.04966254675977006,obse,cracker_scene2,70,multiray
1509,6.573909759521484,0.04983075659243496,obse,cracker_scene2,70,multiray
1510,6.578078985214233,0.04983075659243496,obse,cracker_scene2,70,multiray
1511,6.582759380340576,0.04955457420476482,obse,cracker_scene2,70,multiray
1512,6.586840391159058,0.04955457420476482,obse,cracker_scene2,70,multiray
1513,6.5912628173828125,0.04969847781511101,obse,cracker_scene2,70,multiray
1514,6.595389127731323,0.04969847781511101,obse,cracker_scene2,70,multiray
1515,6.599801540374756,0.049361555193924905,obse,cracker_scene2,70,multiray
1516,6.604063510894775,0.049361555193924905,obse,cracker_scene2,70,multiray
1517,6.608501195907593,0.049570912888278265,obse,cracker_scene2,70,multiray
1518,6.612819671630859,0.049570912888278265,obse,cracker_scene2,70,multiray
1519,6.617123126983643,0.0495258205300305,obse,cracker_scene2,70,multiray
1520,6.6219141483306885,0.04951858145249754,obse,cracker_scene2,70,multiray
1521,6.626348972320557,0.049475433252620694,obse,cracker_scene2,70,multiray
1522,6.630643367767334,0.04924373137952665,obse,cracker_scene2,70,multiray
1523,6.63512110710144,0.04923167370073372,obse,cracker_scene2,70,multiray
1524,6.639339208602905,0.04923167370073372,obse,cracker_scene2,70,multiray
1525,6.643826007843018,0.04916154480347156,obse,cracker_scene2,70,multiray
1526,6.647976398468018,0.049408475921628725,obse,cracker_scene2,70,multiray
1527,6.652352571487427,0.049408475921628725,obse,cracker_scene2,70,multiray
1528,6.657161712646484,0.04929515303322783,obse,cracker_scene2,70,multiray
1529,6.661380052566528,0.04929515303322783,obse,cracker_scene2,70,multiray
1530,6.66580057144165,0.04898717480366597,obse,cracker_scene2,70,multiray
1531,6.669774293899536,0.04898717480366597,obse,cracker_scene2,70,multiray
1532,6.674149036407471,0.048943678446084694,obse,cracker_scene2,70,multiray
1533,6.678317308425903,0.048943678446084694,obse,cracker_scene2,70,multiray
1534,6.682916879653931,0.049163730123791445,obse,cracker_scene2,70,multiray
1535,6.6873321533203125,0.049163730123791445,obse,cracker_scene2,70,multiray
1536,6.691786527633667,0.04914759575360461,obse,cracker_scene2,70,multiray
1537,6.695892095565796,0.04914759575360461,obse,cracker_scene2,70,multiray
1538,6.700300455093384,0.04907118450980886,obse,cracker_scene2,70,multiray
1539,6.7043397426605225,0.04907118450980886,obse,cracker_scene2,70,multiray
1540,6.708710432052612,0.049018715962798096,obse,cracker_scene2,70,multiray
1541,6.712725877761841,0.049018715962798096,obse,cracker_scene2,70,multiray
1542,6.717266798019409,0.04895285104633006,obse,cracker_scene2,70,multiray
1543,6.721455097198486,0.04895285104633006,obse,cracker_scene2,70,multiray
1544,6.7259228229522705,0.04891532716515745,obse,cracker_scene2,70,multiray
1545,6.730017900466919,0.04890234612370165,obse,cracker_scene2,70,multiray
1546,6.73459267616272,0.05271070600232686,obse,cracker_scene2,70,multiray
1547,6.738964080810547,0.05265377035662408,obse,cracker_scene2,70,multiray
1548,6.743300914764404,0.052652456151957336,obse,cracker_scene2,70,multiray
1549,6.747866868972778,0.05246147793429572,obse,cracker_scene2,70,multiray
1550,6.752136945724487,0.05246147793429572,obse,cracker_scene2,70,multiray
1551,6.75663161277771,0.05256099635089988,obse,cracker_scene2,70,multiray
1552,6.760875463485718,0.05256099635089988,obse,cracker_scene2,70,multiray
1553,6.7655158042907715,0.052452663838935466,obse,cracker_scene2,70,multiray
1554,6.769917964935303,0.052452663838935466,obse,cracker_scene2,70,multiray
1555,6.774734020233154,0.052370435120886925,obse,cracker_scene2,70,multiray
1556,6.779108047485352,0.052370435120886925,obse,cracker_scene2,70,multiray
1557,6.7836713790893555,0.05230928449560821,obse,cracker_scene2,70,multiray
1558,6.78793478012085,0.05231539681825438,obse,cracker_scene2,70,multiray
1559,6.7922844886779785,0.05227867067607755,obse,cracker_scene2,70,multiray
1560,6.796787738800049,0.052240474422818726,obse,cracker_scene2,70,multiray
1561,6.8011627197265625,0.052240474422818726,obse,cracker_scene2,70,multiray
1562,6.805896043777466,0.052206000757852346,obse,cracker_scene2,70,multiray
1563,6.810423374176025,0.05198305705387593,obse,cracker_scene2,70,multiray
1564,6.815166234970093,0.052153883551283184,obse,cracker_scene2,70,multiray
1565,6.81923508644104,0.052153883551283184,obse,cracker_scene2,70,multiray
1566,6.823262453079224,0.052153883551283184,obse,cracker_scene2,70,multiray
1567,6.8274877071380615,0.052146824748130295,obse,cracker_scene2,70,multiray
1568,6.831887245178223,0.052146824748130295,obse,cracker_scene2,70,multiray
1569,6.835996389389038,0.052146824748130295,obse,cracker_scene2,70,multiray
1570,6.840446472167969,0.05197880826791449,obse,cracker_scene2,70,multiray
1571,6.844713926315308,0.05197880826791449,obse,cracker_scene2,70,multiray
1572,6.848715305328369,0.05197880826791449,obse,cracker_scene2,70,multiray
1573,6.853316783905029,0.05169023739564854,obse,cracker_scene2,70,multiray
1574,6.857783794403076,0.0516624291172901,obse,cracker_scene2,70,multiray
1575,6.862243175506592,0.05200814898775398,obse,cracker_scene2,70,multiray
1576,6.86656379699707,0.05200814898775398,obse,cracker_scene2,70,multiray
1577,6.8708086013793945,0.05181866083199367,obse,cracker_scene2,70,multiray
1578,6.8750200271606445,0.05181866083199367,obse,cracker_scene2,70,multiray
1579,6.8793792724609375,0.05196570430685719,obse,cracker_scene2,70,multiray
1580,6.883694171905518,0.051915736765143876,obse,cracker_scene2,70,multiray
1581,6.887978553771973,0.051915736765143876,obse,cracker_scene2,70,multiray
1582,6.892251253128052,0.05164292025459448,obse,cracker_scene2,70,multiray
1583,6.8966333866119385,0.05164292025459448,obse,cracker_scene2,70,multiray
1584,6.900785207748413,0.05164292025459448,obse,cracker_scene2,70,multiray
1585,6.905282974243164,0.05188873656010778,obse,cracker_scene2,70,multiray
1586,6.909526109695435,0.05188873656010778,obse,cracker_scene2,70,multiray
1587,6.913955926895142,0.05186166197111094,obse,cracker_scene2,70,multiray
1588,6.918146371841431,0.05186166197111094,obse,cracker_scene2,70,multiray
1589,6.9224936962127686,0.05186166197111094,obse,cracker_scene2,70,multiray
1590,6.926841497421265,0.05180270924880823,obse,cracker_scene2,70,multiray
1591,6.9309587478637695,0.05180270924880823,obse,cracker_scene2,70,multiray
1592,6.935275316238403,0.05180270924880823,obse,cracker_scene2,70,multiray
1593,6.9397923946380615,0.05178882196064339,obse,cracker_scene2,70,multiray
1594,6.943897724151611,0.05178882196064339,obse,cracker_scene2,70,multiray
1595,6.948748588562012,0.055901183047811574,obse,cracker_scene2,70,multiray
1596,6.952990770339966,0.055901183047811574,obse,cracker_scene2,70,multiray
1597,6.957593679428101,0.055901183047811574,obse,cracker_scene2,70,multiray
1598,6.9628167152404785,0.05677689795333196,obse,cracker_scene2,70,multiray
1599,6.9675891399383545,0.05693243306651422,obse,cracker_scene2,70,multiray
1600,6.972281217575073,0.05677423710206606,obse,cracker_scene2,70,multiray
1601,6.97705340385437,0.056594860415520844,obse,cracker_scene2,70,multiray
1602,6.981734991073608,0.05678685876254838,obse,cracker_scene2,70,multiray
1603,6.9865076541900635,0.056638447841805856,obse,cracker_scene2,70,multiray
1604,6.99084734916687,0.05637695521919931,obse,cracker_scene2,70,multiray
1605,6.995527505874634,0.05637695521919931,obse,cracker_scene2,70,multiray
1606,6.999997615814209,0.05652365670667678,obse,cracker_scene2,70,multiray
1607,7.0040929317474365,0.05652365670667678,obse,cracker_scene2,70,multiray
1608,7.0088348388671875,0.056498263088665665,obse,cracker_scene2,70,multiray
1609,7.013259649276733,0.056498263088665665,obse,cracker_scene2,70,multiray
1610,7.017933368682861,0.05625739485658924,obse,cracker_scene2,70,multiray
1611,7.022172451019287,0.056244814617866457,obse,cracker_scene2,70,multiray
1612,7.026646614074707,0.056244814617866457,obse,cracker_scene2,70,multiray
1613,7.030987024307251,0.056166710341500274,obse,cracker_scene2,70,multiray
1614,7.035192489624023,0.056166710341500274,obse,cracker_scene2,70,multiray
1615,7.03943657875061,0.05636921354991327,obse,cracker_scene2,70,multiray
1616,7.04362416267395,0.05636921354991327,obse,cracker_scene2,70,multiray
1617,7.047778606414795,0.05636921354991327,obse,cracker_scene2,70,multiray
1618,7.051816940307617,0.05636921354991327,obse,cracker_scene2,70,multiray
1619,7.056067705154419,0.05615364878172903,obse,cracker_scene2,70,multiray
1620,7.060051679611206,0.05615364878172903,obse,cracker_scene2,70,multiray
1621,7.064008474349976,0.05615364878172903,obse,cracker_scene2,70,multiray
1622,7.0688276290893555,0.05609267803587341,obse,cracker_scene2,70,multiray
1623,7.07314658164978,0.05631005075978093,obse,cracker_scene2,70,multiray
1624,7.077425479888916,0.05631005075978093,obse,cracker_scene2,70,multiray
1625,7.081645727157593,0.05624955026651542,obse,cracker_scene2,70,multiray
1626,7.0857319831848145,0.05624955026651542,obse,cracker_scene2,70,multiray
1627,7.090031147003174,0.056225778154410974,obse,cracker_scene2,70,multiray
1628,7.0945258140563965,0.056225778154410974,obse,cracker_scene2,70,multiray
1629,7.099130630493164,0.05621347192033695,obse,cracker_scene2,70,multiray
1630,7.103436708450317,0.05621347192033695,obse,cracker_scene2,70,multiray
1631,7.108036518096924,0.05618945610450223,obse,cracker_scene2,70,multiray
1632,7.112165212631226,0.05618945610450223,obse,cracker_scene2,70,multiray
1633,7.116667747497559,0.055985709985336966,obse,cracker_scene2,70,multiray
1634,7.120642423629761,0.055991701366633506,obse,cracker_scene2,70,multiray
1635,7.124885082244873,0.05598226116732269,obse,cracker_scene2,70,multiray
1636,7.129374265670776,0.055944243824730684,obse,cracker_scene2,70,multiray
1637,7.1335296630859375,0.055930372754459244,obse,cracker_scene2,70,multiray
1638,7.138031721115112,0.056142232210114044,obse,cracker_scene2,70,multiray
1639,7.14251708984375,0.05613174264847045,obse,cracker_scene2,70,multiray
1640,7.146745443344116,0.05611598195527117,obse,cracker_scene2,70,multiray
1641,7.1509764194488525,0.05610239074325622,obse,cracker_scene2,70,multiray
1642,7.155137300491333,0.05610239074325622,obse,cracker_scene2,70,multiray
1643,7.1595518589019775,0.05590486345734396,obse,cracker_scene2,70,multiray
1644,7.1640894412994385,0.055906748652612574,obse,cracker_scene2,70,multiray
1645,7.168715238571167,0.056118786971134815,obse,cracker_scene2,70,multiray
1646,7.172961235046387,0.05610641968140642,obse,cracker_scene2,70,multiray
1647,7.177281379699707,0.05609750450175708,obse,cracker_scene2,70,multiray
1648,7.18176007270813,0.056124288992326,obse,cracker_scene2,70,multiray
1649,7.1863627433776855,0.056124288992326,obse,cracker_scene2,70,multiray
1650,7.190866947174072,0.05613975740505448,obse,cracker_scene2,70,multiray
1651,7.1954004764556885,0.05613975740505448,obse,cracker_scene2,70,multiray
1652,7.199944734573364,0.05613552883776541,obse,cracker_scene2,70,multiray
1653,7.2041175365448,0.05613552883776541,obse,cracker_scene2,70,multiray
1654,7.208546876907349,0.056132043442660824,obse,cracker_scene2,70,multiray
1655,7.212811470031738,0.056132043442660824,obse,cracker_scene2,70,multiray
1656,7.21708083152771,0.05613747686076548,obse,cracker_scene2,70,multiray
1657,7.221044301986694,0.05613747686076548,obse,cracker_scene2,70,multiray
1658,7.225095272064209,0.05612546449901398,obse,cracker_scene2,70,multiray
1659,7.229152202606201,0.05612546449901398,obse,cracker_scene2,70,multiray
1660,7.233183145523071,0.05612546449901398,obse,cracker_scene2,70,multiray
1661,7.237384557723999,0.055926078056109774,obse,cracker_scene2,70,multiray
1662,7.241619348526001,0.05593580644708833,obse,cracker_scene2,70,multiray
1663,7.245596408843994,0.05593580644708833,obse,cracker_scene2,70,multiray
1664,7.2495808601379395,0.05593580644708833,obse,cracker_scene2,70,multiray
1665,7.254438638687134,0.05988235081772934,obse,cracker_scene2,70,multiray
1666,7.258747339248657,0.05987377099697102,obse,cracker_scene2,70,multiray
1667,7.263000726699829,0.05987377099697102,obse,cracker_scene2,70,multiray
1668,7.26717209815979,0.05989506068583845,obse,cracker_scene2,70,multiray
1669,7.271316766738892,0.059897781166355614,obse,cracker_scene2,70,multiray
1670,7.275271892547607,0.059897781166355614,obse,cracker_scene2,70,multiray
1671,7.279983758926392,0.059853272129400746,obse,cracker_scene2,70,multiray
1672,7.284407615661621,0.05986126045944271,obse,cracker_scene2,70,multiray
1673,7.288734674453735,0.05987851493499375,obse,cracker_scene2,70,multiray
1674,7.293041467666626,0.05987851493499375,obse,cracker_scene2,70,multiray
1675,7.297314167022705,0.05969376043534086,obse,cracker_scene2,70,multiray
1676,7.301644802093506,0.05969376043534086,obse,cracker_scene2,70,multiray
1677,7.306170225143433,0.05969376043534086,obse,cracker_scene2,70,multiray
1678,7.310576677322388,0.059713365348605364,obse,cracker_scene2,70,multiray
1679,7.31486177444458,0.059713365348605364,obse,cracker_scene2,70,multiray
1680,7.3189697265625,0.05991297650477865,obse,cracker_scene2,70,multiray
1681,7.323235273361206,0.05991297650477865,obse,cracker_scene2,70,multiray
1682,7.327732563018799,0.05991297650477865,obse,cracker_scene2,70,multiray
1683,7.332092523574829,0.05991792017840454,obse,cracker_scene2,70,multiray
1684,7.336558103561401,0.05986585343777131,obse,cracker_scene2,70,multiray
1685,7.3410375118255615,0.05986585343777131,obse,cracker_scene2,70,multiray
1686,7.345422983169556,0.059890922988847066,obse,cracker_scene2,70,multiray
1687,7.3498430252075195,0.059890922988847066,obse,cracker_scene2,70,multiray
1688,7.35412859916687,0.059875881678670397,obse,cracker_scene2,70,multiray
1689,7.358423948287964,0.059875881678670397,obse,cracker_scene2,70,multiray
1690,7.363012075424194,0.0599186435271866,obse,cracker_scene2,70,multiray
1691,7.36758279800415,0.05992019793910713,obse,cracker_scene2,70,multiray
1692,7.3716301918029785,0.059713151813055095,obse,cracker_scene2,70,multiray
1693,7.376519203186035,0.05968927612214398,obse,cracker_scene2,70,multiray
1694,7.380525588989258,0.05968927612214398,obse,cracker_scene2,70,multiray
1695,7.384945631027222,0.05990760602364135,obse,cracker_scene2,70,multiray
1696,7.389928340911865,0.05993545328255057,obse,cracker_scene2,70,multiray
1697,7.394747972488403,0.05993545328255057,obse,cracker_scene2,70,multiray
1698,7.39937424659729,0.05987143788879689,obse,cracker_scene2,70,multiray
1699,7.403576850891113,0.05987143788879689,obse,cracker_scene2,70,multiray
1700,7.408215522766113,0.05993723858888645,obse,cracker_scene2,70,multiray
1701,7.412800312042236,0.06405101190202657,obse,cracker_scene2,70,multiray
1702,7.417383193969727,0.0641677206179492,obse,cracker_scene2,70,multiray
1703,7.421288728713989,0.0641677206179492,obse,cracker_scene2,70,multiray
1704,7.425920486450195,0.06430919578620821,obse,cracker_scene2,70,multiray
1705,7.430020809173584,0.06430160666258934,obse,cracker_scene2,70,multiray
1706,7.434226036071777,0.06431237742701856,obse,cracker_scene2,70,multiray
1707,7.438402891159058,0.0642304359672106,obse,cracker_scene2,70,multiray
1708,7.442645072937012,0.0642304359672106,obse,cracker_scene2,70,multiray
1709,7.446532249450684,0.0642304359672106,obse,cracker_scene2,70,multiray
1710,7.451010465621948,0.06432122276560397,obse,cracker_scene2,70,multiray
1711,7.45506739616394,0.0643271700011659,obse,cracker_scene2,70,multiray
1712,7.459460496902466,0.06432566580082805,obse,cracker_scene2,70,multiray
1713,7.463504076004028,0.06433936679101053,obse,cracker_scene2,70,multiray
1714,7.467846632003784,0.06433459291442935,obse,cracker_scene2,70,multiray
1715,7.47199559211731,0.06429635332138163,obse,cracker_scene2,70,multiray
1716,7.47637677192688,0.06429635332138163,obse,cracker_scene2,70,multiray
1717,7.480779647827148,0.06417836713406859,obse,cracker_scene2,70,multiray
1718,7.4850242137908936,0.06417836713406859,obse,cracker_scene2,70,multiray
1719,7.489241600036621,0.06429056616981349,obse,cracker_scene2,70,multiray
1720,7.493607044219971,0.06430883382911538,obse,cracker_scene2,70,multiray
1721,7.497750282287598,0.06427803038972747,obse,cracker_scene2,70,multiray
1722,7.501898527145386,0.06427803038972747,obse,cracker_scene2,70,multiray
1723,7.506094694137573,0.06443297246756205,obse,cracker_scene2,70,multiray
1724,7.510372638702393,0.06443297246756205,obse,cracker_scene2,70,multiray
1725,7.5142822265625,0.06443297246756205,obse,cracker_scene2,70,multiray
1726,7.5188493728637695,0.06413246518445306,obse,cracker_scene2,70,multiray
1727,7.523110628128052,0.06432193906057418,obse,cracker_scene2,70,multiray
1728,7.527476072311401,0.06432193906057418,obse,cracker_scene2,70,multiray
1729,7.53184962272644,0.06425839833312219,obse,cracker_scene2,70,multiray
1730,7.536015272140503,0.06425839833312219,obse,cracker_scene2,70,multiray
1731,7.540461540222168,0.06427018789278474,obse,cracker_scene2,70,multiray
1732,7.544793605804443,0.06427018789278474,obse,cracker_scene2,70,multiray
1733,7.5493292808532715,0.06425287632930267,obse,cracker_scene2,70,multiray
1734,7.553508520126343,0.06425287632930267,obse,cracker_scene2,70,multiray
1735,7.5580222606658936,0.06424672649972195,obse,cracker_scene2,70,multiray
1736,7.562149524688721,0.06424672649972195,obse,cracker_scene2,70,multiray
1737,7.566348075866699,0.06422547977242621,obse,cracker_scene2,70,multiray
1738,7.570521593093872,0.06422547977242621,obse,cracker_scene2,70,multiray
1739,7.575164318084717,0.0641519606777523,obse,cracker_scene2,70,multiray
1740,7.579169034957886,0.0641519606777523,obse,cracker_scene2,70,multiray
1741,7.583539724349976,0.06414403767730054,obse,cracker_scene2,70,multiray
1742,7.58801531791687,0.06414403767730054,obse,cracker_scene2,70,multiray
1743,7.592531204223633,0.06399224712134259,obse,cracker_scene2,70,multiray
1744,7.596503257751465,0.06399224712134259,obse,cracker_scene2,70,multiray
1745,7.601232528686523,0.0640841112995901,obse,cracker_scene2,70,multiray
1746,7.60537576675415,0.0640602467999275,obse,cracker_scene2,70,multiray
1747,7.609826326370239,0.0640602467999275,obse,cracker_scene2,70,multiray
1748,7.6140570640563965,0.06401773436562418,obse,cracker_scene2,70,multiray
1749,7.618470191955566,0.06400102230793497,obse,cracker_scene2,70,multiray
1750,7.622743129730225,0.06385972436228096,obse,cracker_scene2,70,multiray
1751,7.626996040344238,0.06385972436228096,obse,cracker_scene2,70,multiray
1752,7.631229400634766,0.06382697400011679,obse,cracker_scene2,70,multiray
1753,7.635483026504517,0.06382697400011679,obse,cracker_scene2,70,multiray
1754,7.639906167984009,0.06395634381981517,obse,cracker_scene2,70,multiray
1755,7.644186496734619,0.06395634381981517,obse,cracker_scene2,70,multiray
1756,7.648150444030762,0.06395634381981517,obse,cracker_scene2,70,multiray
1757,7.652702569961548,0.0639281840781862,obse,cracker_scene2,70,multiray
1758,7.65707802772522,0.06391065412243185,obse,cracker_scene2,70,multiray
1759,7.661435127258301,0.06391065412243185,obse,cracker_scene2,70,multiray
1760,7.665841579437256,0.06387447025276564,obse,cracker_scene2,70,multiray
1761,7.670145273208618,0.06387447025276564,obse,cracker_scene2,70,multiray
1762,7.67477011680603,0.06391227482964572,obse,cracker_scene2,70,multiray
1763,7.679069995880127,0.06386648784688477,obse,cracker_scene2,70,multiray
1764,7.683384656906128,0.06365441056272976,obse,cracker_scene2,70,multiray
1765,7.6872336864471436,0.06365441056272976,obse,cracker_scene2,70,multiray
1766,7.691410779953003,0.06382029372938258,obse,cracker_scene2,70,multiray
1767,7.695383787155151,0.06382029372938258,obse,cracker_scene2,70,multiray
1768,7.699594736099243,0.06360943001885037,obse,cracker_scene2,70,multiray
1769,7.703516483306885,0.06360943001885037,obse,cracker_scene2,70,multiray
1770,7.708159446716309,0.06466066814528604,obse,cracker_scene2,70,multiray
1771,7.712310314178467,0.06466066814528604,obse,cracker_scene2,70,multiray
1772,7.716435432434082,0.0647626670220494,obse,cracker_scene2,70,multiray
1773,7.720986604690552,0.0647626670220494,obse,cracker_scene2,70,multiray
1774,7.725579023361206,0.06452280840121254,obse,cracker_scene2,70,multiray
1775,7.729597806930542,0.06452280840121254,obse,cracker_scene2,70,multiray
1776,7.734166622161865,0.06448738714715446,obse,cracker_scene2,70,multiray
1777,7.738329648971558,0.06462939449481839,obse,cracker_scene2,70,multiray
1778,7.742978572845459,0.06459163609168839,obse,cracker_scene2,70,multiray
1779,7.74744176864624,0.06438419405707378,obse,cracker_scene2,70,multiray
1780,7.75178861618042,0.06438419405707378,obse,cracker_scene2,70,multiray
1781,7.756089448928833,0.06429109626445831,obse,cracker_scene2,70,multiray
1782,7.760646343231201,0.06429109626445831,obse,cracker_scene2,70,multiray
1783,7.7650861740112305,0.06421563838104893,obse,cracker_scene2,70,multiray
1784,7.769402742385864,0.06421563838104893,obse,cracker_scene2,70,multiray
1785,7.773853302001953,0.06416727552642888,obse,cracker_scene2,70,multiray
1786,7.778296947479248,0.06416727552642888,obse,cracker_scene2,70,multiray
1787,7.782219409942627,0.06416727552642888,obse,cracker_scene2,70,multiray
1788,7.786489248275757,0.06412314804828705,obse,cracker_scene2,70,multiray
1789,7.7908408641815186,0.06423535857940707,obse,cracker_scene2,70,multiray
1790,7.795402526855469,0.06423535857940707,obse,cracker_scene2,70,multiray
1791,7.800095558166504,0.0641453769997438,obse,cracker_scene2,70,multiray
1792,7.80420184135437,0.0641453769997438,obse,cracker_scene2,70,multiray
1793,7.808901786804199,0.06407059781993746,obse,cracker_scene2,70,multiray
1794,7.8130202293396,0.06407059781993746,obse,cracker_scene2,70,multiray
1795,7.817363262176514,0.06384314356058839,obse,cracker_scene2,70,multiray
1796,7.821342468261719,0.06384314356058839,obse,cracker_scene2,70,multiray
1797,7.825830698013306,0.06397215195827625,obse,cracker_scene2,70,multiray
1798,7.830106258392334,0.06378231809764787,obse,cracker_scene2,70,multiray
1799,7.834639310836792,0.06372400272828793,obse,cracker_scene2,70,multiray
1800,7.838744401931763,0.06391102702322916,obse,cracker_scene2,70,multiray
1801,7.843401193618774,0.06380670237100994,obse,cracker_scene2,70,multiray
1802,7.847825527191162,0.06377703470116936,obse,cracker_scene2,70,multiray
1803,7.8519065380096436,0.06377703470116936,obse,cracker_scene2,70,multiray
1804,7.856159210205078,0.06364702273855195,obse,cracker_scene2,70,multiray
1805,7.8605146408081055,0.06364702273855195,obse,cracker_scene2,70,multiray
1806,7.864862442016602,0.0636392498469696,obse,cracker_scene2,70,multiray
1807,7.869035720825195,0.0636392498469696,obse,cracker_scene2,70,multiray
1808,7.873173713684082,0.06342885828127952,obse,cracker_scene2,70,multiray
1809,7.877505302429199,0.06342885828127952,obse,cracker_scene2,70,multiray
1810,7.881422281265259,0.06342885828127952,obse,cracker_scene2,70,multiray
1811,7.88594388961792,0.06331843526070126,obse,cracker_scene2,70,multiray
1812,7.890315294265747,0.06323735469653091,obse,cracker_scene2,70,multiray
1813,7.894620180130005,0.06323735469653091,obse,cracker_scene2,70,multiray
1814,7.899122476577759,0.06045173253386081,obse,cracker_scene2,70,multiray
1815,7.903451442718506,0.05997202981660896,obse,cracker_scene2,70,multiray
1816,7.9081103801727295,0.05988497827768486,obse,cracker_scene2,70,multiray
1817,7.912076711654663,0.05988497827768486,obse,cracker_scene2,70,multiray
1818,7.916064023971558,0.05988497827768486,obse,cracker_scene2,70,multiray
1819,7.920535564422607,0.05976784234190369,obse,cracker_scene2,70,multiray
1820,7.9250993728637695,0.059656467766601454,obse,cracker_scene2,70,multiray
1821,7.929214000701904,0.059656467766601454,obse,cracker_scene2,70,multiray
1822,7.933729887008667,0.059345171859971145,obse,cracker_scene2,70,multiray
1823,7.937754154205322,0.059345171859971145,obse,cracker_scene2,70,multiray
1824,7.942327499389648,0.05920618431458646,obse,cracker_scene2,70,multiray
1825,7.946562767028809,0.05920618431458646,obse,cracker_scene2,70,multiray
1826,7.950874328613281,0.05927233673004599,obse,cracker_scene2,70,multiray
1827,7.95499849319458,0.05927233673004599,obse,cracker_scene2,70,multiray
1828,7.959206819534302,0.059058754841485366,obse,cracker_scene2,70,multiray
1829,7.963343381881714,0.059058754841485366,obse,cracker_scene2,70,multiray
1830,7.967840909957886,0.05915211511568606,obse,cracker_scene2,70,multiray
1831,7.972028970718384,0.05908607627803316,obse,cracker_scene2,70,multiray
1832,7.976266860961914,0.05908760621135948,obse,cracker_scene2,70,multiray
1833,7.980521202087402,0.05908760621135948,obse,cracker_scene2,70,multiray
1834,7.984942674636841,0.05883089797928211,obse,cracker_scene2,70,multiray
1835,7.989839792251587,0.058952796297934366,obse,cracker_scene2,70,multiray
1836,7.994290351867676,0.058952796297934366,obse,cracker_scene2,70,multiray
1837,7.998782157897949,0.0588497701102464,obse,cracker_scene2,70,multiray
1838,8.003225564956665,0.0588497701102464,obse,cracker_scene2,70,multiray
1839,8.008093357086182,0.05876935475476991,obse,cracker_scene2,70,multiray
1840,8.012404203414917,0.05876935475476991,obse,cracker_scene2,70,multiray
1841,8.016922235488892,0.058768804404233904,obse,cracker_scene2,70,multiray
1842,8.02109956741333,0.058768804404233904,obse,cracker_scene2,70,multiray
1843,8.025344848632812,0.05852151756569842,obse,cracker_scene2,70,multiray
1844,8.029827356338501,0.05852151756569842,obse,cracker_scene2,70,multiray
1845,8.03417444229126,0.05852151756569842,obse,cracker_scene2,70,multiray
1846,8.038528203964233,0.058711026997365925,obse,cracker_scene2,70,multiray
1847,8.042917728424072,0.058711026997365925,obse,cracker_scene2,70,multiray
1848,8.047025442123413,0.058711026997365925,obse,cracker_scene2,70,multiray
1849,8.051915168762207,0.05864739289617003,obse,cracker_scene2,70,multiray
1850,8.05613923072815,0.05870000915820778,obse,cracker_scene2,70,multiray
1851,8.060561418533325,0.05864475615767624,obse,cracker_scene2,70,multiray
1852,8.064737319946289,0.0584623105759548,obse,cracker_scene2,70,multiray
1853,8.068994522094727,0.058370607855950225,obse,cracker_scene2,70,multiray
1854,8.073184728622437,0.05838090495529323,obse,cracker_scene2,70,multiray
1855,8.077488899230957,0.05831169454935332,obse,cracker_scene2,70,multiray
1856,8.082016944885254,0.05853387850098613,obse,cracker_scene2,70,multiray
1857,8.086307525634766,0.05850026898622861,obse,cracker_scene2,70,multiray
1858,8.090307474136353,0.05850026898622861,obse,cracker_scene2,70,multiray
1859,8.094506978988647,0.05843971282463281,obse,cracker_scene2,70,multiray
1860,8.098830461502075,0.05843971282463281,obse,cracker_scene2,70,multiray
1861,8.102906465530396,0.05839627775244472,obse,cracker_scene2,70,multiray
1862,8.107094287872314,0.05839627775244472,obse,cracker_scene2,70,multiray
1863,8.11143445968628,0.05831554115986579,obse,cracker_scene2,70,multiray
1864,8.11544132232666,0.05831554115986579,obse,cracker_scene2,70,multiray
1865,8.120198011398315,0.058060129848350434,obse,cracker_scene2,70,multiray
1866,8.12439489364624,0.058060129848350434,obse,cracker_scene2,70,multiray
1867,8.128721952438354,0.05815192116880432,obse,cracker_scene2,70,multiray
1868,8.132857084274292,0.05815192116880432,obse,cracker_scene2,70,multiray
1869,8.136934041976929,0.05815192116880432,obse,cracker_scene2,70,multiray
1870,8.141085386276245,0.0575829371560428,obse,cracker_scene2,70,multiray
1871,8.145260334014893,0.0575829371560428,obse,cracker_scene2,70,multiray
1872,8.149771690368652,0.05754655480190267,obse,cracker_scene2,70,multiray
1873,8.153889417648315,0.05754655480190267,obse,cracker_scene2,70,multiray
1874,8.158134698867798,0.05754655480190267,obse,cracker_scene2,70,multiray
1875,8.16266655921936,0.05720624735778789,obse,cracker_scene2,70,multiray
1876,8.1671142578125,0.05746056747593293,obse,cracker_scene2,70,multiray
1877,8.171515941619873,0.057397837865389156,obse,cracker_scene2,70,multiray
1878,8.176008701324463,0.05727797264907169,obse,cracker_scene2,70,multiray
1879,8.179965019226074,0.05727797264907169,obse,cracker_scene2,70,multiray
1880,8.184800863265991,0.05825823298267603,obse,cracker_scene2,70,multiray
1881,8.189417123794556,0.0580422287080132,obse,cracker_scene2,70,multiray
1882,8.19373083114624,0.0580422287080132,obse,cracker_scene2,70,multiray
1883,8.198094844818115,0.058015216438831174,obse,cracker_scene2,70,multiray
1884,8.202277183532715,0.058015216438831174,obse,cracker_scene2,70,multiray
1885,8.2089364528656,0.05821505262550618,obse,cracker_scene2,70,multiray
1886,8.213801622390747,0.058201731958179584,obse,cracker_scene2,70,multiray
1887,8.2181077003479,0.058201731958179584,obse,cracker_scene2,70,multiray
1888,8.222571849822998,0.05816152497831673,obse,cracker_scene2,70,multiray
1889,8.227079391479492,0.058111601197038516,obse,cracker_scene2,70,multiray
1890,8.231504440307617,0.05808239992863195,obse,cracker_scene2,70,multiray
1891,8.235765218734741,0.05808239992863195,obse,cracker_scene2,70,multiray
1892,8.24017071723938,0.05799563681078263,obse,cracker_scene2,70,multiray
1893,8.244622707366943,0.05799563681078263,obse,cracker_scene2,70,multiray
1894,8.249133110046387,0.05798512587238421,obse,cracker_scene2,70,multiray
1895,8.25329875946045,0.05798512587238421,obse,cracker_scene2,70,multiray
1896,8.258236408233643,0.05793136629147134,obse,cracker_scene2,70,multiray
1897,8.26232123374939,0.05793136629147134,obse,cracker_scene2,70,multiray
1898,8.266899824142456,0.057894627059828535,obse,cracker_scene2,70,multiray
1899,8.271086931228638,0.057894627059828535,obse,cracker_scene2,70,multiray
1900,8.275562047958374,0.05761707340390083,obse,cracker_scene2,70,multiray
1901,8.2799551486969,0.057851929519464315,obse,cracker_scene2,70,multiray
1902,8.284344911575317,0.057851929519464315,obse,cracker_scene2,70,multiray
1903,8.288660287857056,0.05752824905280265,obse,cracker_scene2,70,multiray
1904,8.29302716255188,0.05752824905280265,obse,cracker_scene2,70,multiray
1905,8.297318696975708,0.05748447216517989,obse,cracker_scene2,70,multiray
1906,8.301684856414795,0.057767960227105876,obse,cracker_scene2,70,multiray
1907,8.30600643157959,0.057708588367298724,obse,cracker_scene2,70,multiray
1908,8.310410737991333,0.057708588367298724,obse,cracker_scene2,70,multiray
1909,8.314380168914795,0.057708588367298724,obse,cracker_scene2,70,multiray
1910,8.318931102752686,0.05766970053292601,obse,cracker_scene2,70,multiray
1911,8.323368787765503,0.05762734899988523,obse,cracker_scene2,70,multiray
1912,8.327696800231934,0.05762734899988523,obse,cracker_scene2,70,multiray
1913,8.332155466079712,0.05730286386038933,obse,cracker_scene2,70,multiray
1914,8.336475849151611,0.05730286386038933,obse,cracker_scene2,70,multiray
1915,8.340785264968872,0.05770492732745486,obse,cracker_scene2,70,multiray
1916,8.345130205154419,0.05770492732745486,obse,cracker_scene2,70,multiray
1917,8.349765539169312,0.057545291308883806,obse,cracker_scene2,70,multiray
1918,8.353884935379028,0.057545291308883806,obse,cracker_scene2,70,multiray
1919,8.358235359191895,0.05754402909813092,obse,cracker_scene2,70,multiray
1920,8.362302541732788,0.05754402909813092,obse,cracker_scene2,70,multiray
1921,8.366899013519287,0.05748849341541234,obse,cracker_scene2,70,multiray
1922,8.371262788772583,0.05748849341541234,obse,cracker_scene2,70,multiray
1923,8.375389337539673,0.05717314301172419,obse,cracker_scene2,70,multiray
1924,8.37967038154602,0.05717314301172419,obse,cracker_scene2,70,multiray
1925,8.383910417556763,0.05738823866533201,obse,cracker_scene2,70,multiray
1926,8.388113975524902,0.05738823866533201,obse,cracker_scene2,70,multiray
1927,8.392304420471191,0.05735836348534715,obse,cracker_scene2,70,multiray
1928,8.396777629852295,0.057315042476205745,obse,cracker_scene2,70,multiray
1929,8.401129245758057,0.057315042476205745,obse,cracker_scene2,70,multiray
1930,8.40527892112732,0.057036813470023505,obse,cracker_scene2,70,multiray
1931,8.409748315811157,0.056991647062570455,obse,cracker_scene2,70,multiray
1932,8.414170265197754,0.05725804597380111,obse,cracker_scene2,70,multiray
1933,8.418469905853271,0.05725804597380111,obse,cracker_scene2,70,multiray
1934,8.422815799713135,0.05723517097017868,obse,cracker_scene2,70,multiray
1935,8.426908016204834,0.05723517097017868,obse,cracker_scene2,70,multiray
1936,8.431112289428711,0.06340833055997892,obse,cracker_scene2,70,multiray
1937,8.435391187667847,0.06361588533958841,obse,cracker_scene2,70,multiray
1938,8.43978500366211,0.06434783284575014,obse,cracker_scene2,70,multiray
1939,8.443815231323242,0.06434783284575014,obse,cracker_scene2,70,multiray
1940,8.448034048080444,0.06434783284575014,obse,cracker_scene2,70,multiray
1941,8.453093528747559,0.0642663919507582,obse,cracker_scene2,70,multiray
1942,8.457323789596558,0.0642663919507582,obse,cracker_scene2,70,multiray
1943,8.461717367172241,0.06396856392534052,obse,cracker_scene2,70,multiray
1944,8.465959787368774,0.06396856392534052,obse,cracker_scene2,70,multiray
1945,8.470306158065796,0.0643644588823595,obse,cracker_scene2,70,multiray
1946,8.474483966827393,0.06433018788205405,obse,cracker_scene2,70,multiray
1947,8.478805303573608,0.06433018788205405,obse,cracker_scene2,70,multiray
1948,8.483040571212769,0.06433018788205405,obse,cracker_scene2,70,multiray
1949,8.487419843673706,0.06392303291634238,obse,cracker_scene2,70,multiray
1950,8.49190092086792,0.06392303291634238,obse,cracker_scene2,70,multiray
1951,8.496194124221802,0.06387383066674125,obse,cracker_scene2,70,multiray
1952,8.500419616699219,0.06387383066674125,obse,cracker_scene2,70,multiray
1953,8.5046226978302,0.0640723298693194,obse,cracker_scene2,70,multiray
1954,8.508688688278198,0.0640723298693194,obse,cracker_scene2,70,multiray
1955,8.513021469116211,0.0640723298693194,obse,cracker_scene2,70,multiray
1956,8.517083883285522,0.06377160654823798,obse,cracker_scene2,70,multiray
1957,8.521496057510376,0.06377160654823798,obse,cracker_scene2,70,multiray
1958,8.525773525238037,0.06374372994679149,obse,cracker_scene2,70,multiray
1959,8.529831886291504,0.06374372994679149,obse,cracker_scene2,70,multiray
1960,8.534233093261719,0.06395772428385263,obse,cracker_scene2,70,multiray
1961,8.538417100906372,0.06395772428385263,obse,cracker_scene2,70,multiray
1962,8.542779684066772,0.06388522993287357,obse,cracker_scene2,70,multiray
1963,8.54694128036499,0.06388522993287357,obse,cracker_scene2,70,multiray
1964,8.550899267196655,0.06388522993287357,obse,cracker_scene2,70,multiray
1965,8.555437564849854,0.06365238421612679,obse,cracker_scene2,70,multiray
1966,8.559726238250732,0.06365238421612679,obse,cracker_scene2,70,multiray
1967,8.56421160697937,0.06362415714941387,obse,cracker_scene2,70,multiray
1968,8.568651914596558,0.06378967757111362,obse,cracker_scene2,70,multiray
1969,8.572978973388672,0.06377647119889686,obse,cracker_scene2,70,multiray
1970,8.577350616455078,0.06377186160903547,obse,cracker_scene2,70,multiray
1971,8.58169174194336,0.06373707225003242,obse,cracker_scene2,70,multiray
1972,8.586551666259766,0.06369207114281063,obse,cracker_scene2,70,multiray
1973,8.591346263885498,0.06370658812738819,obse,cracker_scene2,70,multiray
1974,8.595848798751831,0.06370658812738819,obse,cracker_scene2,70,multiray
1975,8.60031771659851,0.06363553497770405,obse,cracker_scene2,70,multiray
1976,8.604506731033325,0.06363553497770405,obse,cracker_scene2,70,multiray
1977,8.609017848968506,0.0634598113912192,obse,cracker_scene2,70,multiray
1978,8.613659620285034,0.06341272557102001,obse,cracker_scene2,70,multiray
1979,8.61787724494934,0.06357990293686816,obse,cracker_scene2,70,multiray
1980,8.622195959091187,0.06350646720486207,obse,cracker_scene2,70,multiray
1981,8.626436471939087,0.05833081853174257,obse,cracker_scene2,70,multiray
1982,8.630717515945435,0.05824707499302256,obse,cracker_scene2,70,multiray
1983,8.635286808013916,0.05824707499302256,obse,cracker_scene2,70,multiray
1984,8.63962435722351,0.058171501236356116,obse,cracker_scene2,70,multiray
1985,8.64420485496521,0.058171501236356116,obse,cracker_scene2,70,multiray
1986,8.64815616607666,0.058171501236356116,obse,cracker_scene2,70,multiray
1987,8.652673482894897,0.05810277906649921,obse,cracker_scene2,70,multiray
1988,8.657125473022461,0.057827819156861755,obse,cracker_scene2,70,multiray
1989,8.661656379699707,0.057827819156861755,obse,cracker_scene2,70,multiray
1990,8.665974855422974,0.05807690279716524,obse,cracker_scene2,70,multiray
1991,8.670417547225952,0.05807690279716524,obse,cracker_scene2,70,multiray
1992,8.675066232681274,0.058045469196559105,obse,cracker_scene2,70,multiray
1993,8.679262638092041,0.058045469196559105,obse,cracker_scene2,70,multiray
1994,8.683860778808594,0.058019566689870024,obse,cracker_scene2,70,multiray
1995,8.68787169456482,0.058019566689870024,obse,cracker_scene2,70,multiray
1996,8.693287134170532,0.057979060805567424,obse,cracker_scene2,70,multiray
1997,8.69793438911438,0.05797779911596221,obse,cracker_scene2,70,multiray
1998,8.702195167541504,0.05797779911596221,obse,cracker_scene2,70,multiray
1999,8.70656418800354,0.05791642361796455,obse,cracker_scene2,70,multiray
2000,8.71061396598816,0.05791642361796455,obse,cracker_scene2,70,multiray
2001,8.71496295928955,0.05782888209586407,obse,cracker_scene2,70,multiray
2002,8.71911334991455,0.05782888209586407,obse,cracker_scene2,70,multiray
2003,8.723587274551392,0.05776678384246496,obse,cracker_scene2,70,multiray
2004,8.727711915969849,0.05776678384246496,obse,cracker_scene2,70,multiray
2005,8.731953144073486,0.057720510442881484,obse,cracker_scene2,70,multiray
2006,8.73612928390503,0.057720510442881484,obse,cracker_scene2,70,multiray
2007,8.740544557571411,0.05768191567279357,obse,cracker_scene2,70,multiray
2008,8.744740724563599,0.05768191567279357,obse,cracker_scene2,70,multiray
2009,8.749066352844238,0.05759722317054401,obse,cracker_scene2,70,multiray
2010,8.753155708312988,0.05759722317054401,obse,cracker_scene2,70,multiray
2011,8.757344007492065,0.05763385796977671,obse,cracker_scene2,70,multiray
2012,8.761576175689697,0.05755970562067549,obse,cracker_scene2,70,multiray
2013,8.766040086746216,0.05753111456971219,obse,cracker_scene2,70,multiray
2014,8.770106792449951,0.05753111456971219,obse,cracker_scene2,70,multiray
2015,8.774563550949097,0.062130501042584454,obse,cracker_scene2,70,multiray
2016,8.778653383255005,0.062130501042584454,obse,cracker_scene2,70,multiray
2017,8.782618761062622,0.062130501042584454,obse,cracker_scene2,70,multiray
2018,8.78710389137268,0.06207758739066059,obse,cracker_scene2,70,multiray
2019,8.791229486465454,0.06199108087656002,obse,cracker_scene2,70,multiray
2020,8.795213222503662,0.06199108087656002,obse,cracker_scene2,70,multiray
2021,8.79938793182373,0.06194912695634034,obse,cracker_scene2,70,multiray
2022,8.803370237350464,0.06194912695634034,obse,cracker_scene2,70,multiray
2023,8.807539224624634,0.06192945795384941,obse,cracker_scene2,70,multiray
2024,8.811585426330566,0.06192945795384941,obse,cracker_scene2,70,multiray
2025,8.816587924957275,0.06188862867865224,obse,cracker_scene2,70,multiray
2026,8.820595741271973,0.06188862867865224,obse,cracker_scene2,70,multiray
2027,8.824986219406128,0.06187782455801785,obse,cracker_scene2,70,multiray
2028,8.829160928726196,0.06187782455801785,obse,cracker_scene2,70,multiray
2029,8.833502292633057,0.06185242891291637,obse,cracker_scene2,70,multiray
2030,8.837668180465698,0.06185242891291637,obse,cracker_scene2,70,multiray
2031,8.842114686965942,0.06181199339097771,obse,cracker_scene2,70,multiray
2032,8.846906661987305,0.06181199339097771,obse,cracker_scene2,70,multiray
2033,8.851336240768433,0.061805398409915675,obse,cracker_scene2,70,multiray
2034,8.855906963348389,0.06143728130121459,obse,cracker_scene2,70,multiray
2035,8.860015630722046,0.06143728130121459,obse,cracker_scene2,70,multiray
2036,8.864308834075928,0.06168770456148541,obse,cracker_scene2,70,multiray
2037,8.868519067764282,0.06168770456148541,obse,cracker_scene2,70,multiray
2038,8.872931241989136,0.06158623508452381,obse,cracker_scene2,70,multiray
2039,8.877113103866577,0.06158623508452381,obse,cracker_scene2,70,multiray
2040,8.881441354751587,0.06158467479315627,obse,cracker_scene2,70,multiray
2041,8.885668992996216,0.06158467479315627,obse,cracker_scene2,70,multiray
2042,8.890061855316162,0.061261138554971444,obse,cracker_scene2,70,multiray
2043,8.894356489181519,0.061261138554971444,obse,cracker_scene2,70,multiray
2044,8.89862847328186,0.061458298768427455,obse,cracker_scene2,70,multiray
2045,8.902742385864258,0.061458298768427455,obse,cracker_scene2,70,multiray
2046,8.907118558883667,0.061431766376617965,obse,cracker_scene2,70,multiray
2047,8.911256313323975,0.061431766376617965,obse,cracker_scene2,70,multiray
2048,8.915238618850708,0.061431766376617965,obse,cracker_scene2,70,multiray
2049,8.919702768325806,0.06143150785342665,obse,cracker_scene2,70,multiray
2050,8.923967838287354,0.06112081747975345,obse,cracker_scene2,70,multiray
2051,8.92823576927185,0.06112081747975345,obse,cracker_scene2,70,multiray
2052,8.932509899139404,0.06138009557856461,obse,cracker_scene2,70,multiray
2053,8.93664288520813,0.06138009557856461,obse,cracker_scene2,70,multiray
2054,8.940910577774048,0.06130686843006745,obse,cracker_scene2,70,multiray
2055,8.945099592208862,0.06130686843006745,obse,cracker_scene2,70,multiray
2056,8.949530124664307,0.06132557264048807,obse,cracker_scene2,70,multiray
2057,8.953671216964722,0.06132557264048807,obse,cracker_scene2,70,multiray
2058,8.958350658416748,0.06124644991099007,obse,cracker_scene2,70,multiray
2059,8.962701082229614,0.06124644991099007,obse,cracker_scene2,70,multiray
2060,8.967245817184448,0.06096688566092979,obse,cracker_scene2,70,multiray
2061,8.971565008163452,0.064997273923628,obse,cracker_scene2,70,multiray
2062,8.975954532623291,0.06431738795722852,obse,cracker_scene2,70,multiray
2063,8.980103492736816,0.06431738795722852,obse,cracker_scene2,70,multiray
2064,8.98460865020752,0.06417823607522978,obse,cracker_scene2,70,multiray
2065,8.988937377929688,0.06416703828327869,obse,cracker_scene2,70,multiray
2066,8.993219137191772,0.06416703828327869,obse,cracker_scene2,70,multiray
2067,8.997689962387085,0.06408634361443577,obse,cracker_scene2,70,multiray
2068,9.00179123878479,0.06408634361443577,obse,cracker_scene2,70,multiray
2069,9.006128549575806,0.06431141354890049,obse,cracker_scene2,70,multiray
2070,9.010231256484985,0.06431141354890049,obse,cracker_scene2,70,multiray
2071,9.015249013900757,0.06426681824681067,obse,cracker_scene2,70,multiray
2072,9.019923686981201,0.06426681824681067,obse,cracker_scene2,70,multiray
2073,9.024536371231079,0.06415220384010055,obse,cracker_scene2,70,multiray
2074,9.029052972793579,0.06415220384010055,obse,cracker_scene2,70,multiray
2075,9.033635139465332,0.06388159546291346,obse,cracker_scene2,70,multiray
2076,9.038013219833374,0.06388159546291346,obse,cracker_scene2,70,multiray
2077,9.042508602142334,0.0638694443682507,obse,cracker_scene2,70,multiray
2078,9.04667067527771,0.0638694443682507,obse,cracker_scene2,70,multiray
2079,9.051162242889404,0.06411115674403006,obse,cracker_scene2,70,multiray
2080,9.055500030517578,0.06405360546059695,obse,cracker_scene2,70,multiray
2081,9.060228109359741,0.06405360546059695,obse,cracker_scene2,70,multiray
2082,9.064436197280884,0.06400266413331482,obse,cracker_scene2,70,multiray
2083,9.068639993667603,0.06400266413331482,obse,cracker_scene2,70,multiray
2084,9.072868347167969,0.06400025607599139,obse,cracker_scene2,70,multiray
2085,9.077137231826782,0.06400025607599139,obse,cracker_scene2,70,multiray
2086,9.08153510093689,0.0637280556963621,obse,cracker_scene2,70,multiray
2087,9.085683107376099,0.0637280556963621,obse,cracker_scene2,70,multiray
2088,9.089938402175903,0.06396850812261991,obse,cracker_scene2,70,multiray
2089,9.094019412994385,0.06396850812261991,obse,cracker_scene2,70,multiray
2090,9.098519325256348,0.06389131633892652,obse,cracker_scene2,70,multiray
2091,9.102772951126099,0.06389131633892652,obse,cracker_scene2,70,multiray
2092,9.107014656066895,0.06387148812162485,obse,cracker_scene2,70,multiray
2093,9.111344337463379,0.06387148812162485,obse,cracker_scene2,70,multiray
2094,9.115630388259888,0.06439095867718612,obse,cracker_scene2,70,multiray
2095,9.119784593582153,0.06439095867718612,obse,cracker_scene2,70,multiray
2096,9.12404727935791,0.06413059616213676,obse,cracker_scene2,70,multiray
2097,9.128288745880127,0.06413059616213676,obse,cracker_scene2,70,multiray
2098,9.133044958114624,0.0643340777719,obse,cracker_scene2,70,multiray
2099,9.139536380767822,0.06192425184316787,obse,cracker_scene2,70,multiray
2100,9.144960641860962,0.061806207070248365,obse,cracker_scene2,70,multiray
2101,9.149616479873657,0.06173054631700492,obse,cracker_scene2,70,multiray
2102,9.153899669647217,0.06173054631700492,obse,cracker_scene2,70,multiray
2103,9.158241748809814,0.061675164408876874,obse,cracker_scene2,70,multiray
2104,9.162672519683838,0.06167550528154679,obse,cracker_scene2,70,multiray
2105,9.16675615310669,0.06165046504632054,obse,cracker_scene2,70,multiray
2106,9.17080807685852,0.06165046504632054,obse,cracker_scene2,70,multiray
2107,9.174803018569946,0.06165046504632054,obse,cracker_scene2,70,multiray
2108,9.178826570510864,0.06165046504632054,obse,cracker_scene2,70,multiray
2109,9.182868480682373,0.06165046504632054,obse,cracker_scene2,70,multiray
2110,9.187212228775024,0.06165046504632054,obse,cracker_scene2,70,multiray
2111,9.192585945129395,0.061536134214355866,obse,cracker_scene2,70,multiray
2112,9.196786642074585,0.061536134214355866,obse,cracker_scene2,70,multiray
2113,9.201305389404297,0.061484807989845625,obse,cracker_scene2,70,multiray
2114,9.205504894256592,0.06121793354050338,obse,cracker_scene2,70,multiray
2115,9.209787368774414,0.061190339616149156,obse,cracker_scene2,70,multiray
2116,9.21426796913147,0.06143740404276792,obse,cracker_scene2,70,multiray
2117,9.218204259872437,0.06143740404276792,obse,cracker_scene2,70,multiray
2118,9.222323656082153,0.06139788196732265,obse,cracker_scene2,70,multiray
2119,9.226370334625244,0.06139788196732265,obse,cracker_scene2,70,multiray
2120,9.230364322662354,0.06139788196732265,obse,cracker_scene2,70,multiray
2121,9.234564781188965,0.061395722235485645,obse,cracker_scene2,70,multiray
2122,9.238548278808594,0.061395722235485645,obse,cracker_scene2,70,multiray
2123,9.242603063583374,0.06129573087592901,obse,cracker_scene2,70,multiray
2124,9.24661111831665,0.06129573087592901,obse,cracker_scene2,70,multiray
2125,9.25128960609436,0.06126134924706277,obse,cracker_scene2,70,multiray
2126,9.255860567092896,0.061028415956702546,obse,cracker_scene2,70,multiray
2127,9.259930610656738,0.061028415956702546,obse,cracker_scene2,70,multiray
2128,9.26423454284668,0.06124427426623737,obse,cracker_scene2,70,multiray
2129,9.268531799316406,0.06093739897422139,obse,cracker_scene2,70,multiray
2130,9.272707462310791,0.06090819507706365,obse,cracker_scene2,70,multiray
2131,9.276946544647217,0.06090819507706365,obse,cracker_scene2,70,multiray
2132,9.281110525131226,0.061173254600609996,obse,cracker_scene2,70,multiray
2133,9.285366535186768,0.061173254600609996,obse,cracker_scene2,70,multiray
2134,9.289822340011597,0.06114494704033035,obse,cracker_scene2,70,multiray
2135,9.294189453125,0.06114494704033035,obse,cracker_scene2,70,multiray
2136,9.298499822616577,0.061135694364368144,obse,cracker_scene2,70,multiray
2137,9.30329155921936,0.061135694364368144,obse,cracker_scene2,70,multiray
2138,9.307561159133911,0.06110177731548446,obse,cracker_scene2,70,multiray
2139,9.311835765838623,0.06110177731548446,obse,cracker_scene2,70,multiray
2140,9.316663265228271,0.06084200742982638,obse,cracker_scene2,70,multiray
2141,9.320741415023804,0.060806529003501426,obse,cracker_scene2,70,multiray
2142,9.325014591217041,0.060806529003501426,obse,cracker_scene2,70,multiray
2143,9.32931113243103,0.06102126057973349,obse,cracker_scene2,70,multiray
2144,9.333508253097534,0.06486718666433088,obse,cracker_scene2,70,multiray
2145,9.337630271911621,0.06486718666433088,obse,cracker_scene2,70,multiray
2146,9.34195876121521,0.06479518532546914,obse,cracker_scene2,70,multiray
2147,9.34626817703247,0.06467154280946522,obse,cracker_scene2,70,multiray
2148,9.350634098052979,0.06464480685359825,obse,cracker_scene2,70,multiray
2149,9.354801654815674,0.06464480685359825,obse,cracker_scene2,70,multiray
2150,9.359081745147705,0.06464480685359825,obse,cracker_scene2,70,multiray
2151,9.363458156585693,0.06432821621523574,obse,cracker_scene2,70,multiray
2152,9.368003368377686,0.06430308484183346,obse,cracker_scene2,70,multiray
2153,9.372345209121704,0.06427194144956193,obse,cracker_scene2,70,multiray
2154,9.377004861831665,0.06440060503065216,obse,cracker_scene2,70,multiray
2155,9.381500959396362,0.0643806033265247,obse,cracker_scene2,70,multiray
2156,9.385750532150269,0.06436899741746606,obse,cracker_scene2,70,multiray
2157,9.390117883682251,0.06411063677595882,obse,cracker_scene2,70,multiray
2158,9.394332647323608,0.06411063677595882,obse,cracker_scene2,70,multiray
2159,9.398648262023926,0.06408524665309594,obse,cracker_scene2,70,multiray
2160,9.402725219726562,0.06408524665309594,obse,cracker_scene2,70,multiray
2161,9.407010078430176,0.06432110451604081,obse,cracker_scene2,70,multiray
2162,9.411336421966553,0.06432110451604081,obse,cracker_scene2,70,multiray
2163,9.415647029876709,0.06428226589549431,obse,cracker_scene2,70,multiray
2164,9.419687271118164,0.06428226589549431,obse,cracker_scene2,70,multiray
2165,9.423879146575928,0.06420359602623021,obse,cracker_scene2,70,multiray
2166,9.4281005859375,0.06420359602623021,obse,cracker_scene2,70,multiray
2167,9.432274580001831,0.0640943037669144,obse,cracker_scene2,70,multiray
2168,9.436278581619263,0.0640943037669144,obse,cracker_scene2,70,multiray
2169,9.440284490585327,0.06406639710946288,obse,cracker_scene2,70,multiray
2170,9.444308757781982,0.06406639710946288,obse,cracker_scene2,70,multiray
2171,9.448590993881226,0.06406639710946288,obse,cracker_scene2,70,multiray
2172,9.453030824661255,0.06406639710946288,obse,cracker_scene2,70,multiray
2173,9.457344055175781,0.06404092930236739,obse,cracker_scene2,70,multiray
2174,9.461709260940552,0.06404092930236739,obse,cracker_scene2,70,multiray
2175,9.466242551803589,0.06404504462461805,obse,cracker_scene2,70,multiray
2176,9.470374345779419,0.06404504462461805,obse,cracker_scene2,70,multiray
2177,9.474513292312622,0.06378563285251661,obse,cracker_scene2,70,multiray
2178,9.478574275970459,0.06378563285251661,obse,cracker_scene2,70,multiray
2179,9.482775688171387,0.064052122049613,obse,cracker_scene2,70,multiray
2180,9.486825466156006,0.064052122049613,obse,cracker_scene2,70,multiray
2181,9.491478681564331,0.06400418922050274,obse,cracker_scene2,70,multiray
2182,9.496146202087402,0.0637411957715402,obse,cracker_scene2,70,multiray
2183,9.500666379928589,0.06395091870115306,obse,cracker_scene2,70,multiray
2184,9.50464415550232,0.06395091870115306,obse,cracker_scene2,70,multiray
2185,9.509175300598145,0.06395698705048165,obse,cracker_scene2,70,multiray
2186,9.513427972793579,0.06395698705048165,obse,cracker_scene2,70,multiray
2187,9.5176522731781,0.06386591523824528,obse,cracker_scene2,70,multiray
2188,9.521711111068726,0.06386591523824528,obse,cracker_scene2,70,multiray
2189,9.525904655456543,0.06354637382859228,obse,cracker_scene2,70,multiray
2190,9.52989673614502,0.06354637382859228,obse,cracker_scene2,70,multiray
2191,9.534013271331787,0.06380447234762211,obse,cracker_scene2,70,multiray
2192,9.538010120391846,0.06370235055960788,obse,cracker_scene2,70,multiray
2193,9.542234420776367,0.06370235055960788,obse,cracker_scene2,70,multiray
2194,9.546369552612305,0.06367442927793034,obse,cracker_scene2,70,multiray
2195,9.550488471984863,0.06370526196937328,obse,cracker_scene2,70,multiray
2196,9.55454683303833,0.0636410644908762,obse,cracker_scene2,70,multiray
2197,9.558870315551758,0.06354524865807487,obse,cracker_scene2,70,multiray
2198,9.56343960762024,0.06352229901229241,obse,cracker_scene2,70,multiray
2199,9.567450761795044,0.06352229901229241,obse,cracker_scene2,70,multiray
2200,9.571538209915161,0.06352229901229241,obse,cracker_scene2,70,multiray
2201,9.57576584815979,0.06344702592723998,obse,cracker_scene2,70,multiray
2202,9.579698324203491,0.06344702592723998,obse,cracker_scene2,70,multiray
2203,9.583908319473267,0.06340725323802227,obse,cracker_scene2,70,multiray
2204,9.587890148162842,0.06340725323802227,obse,cracker_scene2,70,multiray
2205,9.592036008834839,0.06337166359109148,obse,cracker_scene2,70,multiray
2206,9.59678053855896,0.06306665383257971,obse,cracker_scene2,70,multiray
2207,9.600746631622314,0.06306665383257971,obse,cracker_scene2,70,multiray
2208,9.604765176773071,0.06306665383257971,obse,cracker_scene2,70,multiray
2209,9.608778238296509,0.06306665383257971,obse,cracker_scene2,70,multiray
2210,9.613357305526733,0.06328117884037515,obse,cracker_scene2,70,multiray
2211,9.617730140686035,0.06325103106512389,obse,cracker_scene2,70,multiray
2212,9.622151851654053,0.06299477260708734,obse,cracker_scene2,70,multiray
2213,9.626441240310669,0.06299477260708734,obse,cracker_scene2,70,multiray
2214,9.630399942398071,0.06299477260708734,obse,cracker_scene2,70,multiray
2215,9.634726524353027,0.06320394236350138,obse,cracker_scene2,70,multiray
2216,9.638932466506958,0.06320394236350138,obse,cracker_scene2,70,multiray
2217,9.643335819244385,0.06317375682621408,obse,cracker_scene2,70,multiray
2218,9.647557973861694,0.06317375682621408,obse,cracker_scene2,70,multiray
2219,9.652446508407593,0.06315655200392963,obse,cracker_scene2,70,multiray
2220,9.656798124313354,0.06315655200392963,obse,cracker_scene2,70,multiray
2221,9.66117811203003,0.06312639112371965,obse,cracker_scene2,70,multiray
2222,9.665205478668213,0.06312639112371965,obse,cracker_scene2,70,multiray
2223,9.669517993927002,0.06309973809091113,obse,cracker_scene2,70,multiray
2224,9.67374563217163,0.06303652184081879,obse,cracker_scene2,70,multiray
2225,9.678082942962646,0.06303652184081879,obse,cracker_scene2,70,multiray
2226,9.682502746582031,0.06305857807917585,obse,cracker_scene2,70,multiray
2227,9.686673164367676,0.06305857807917585,obse,cracker_scene2,70,multiray
2228,9.690881967544556,0.058017333532179964,obse,cracker_scene2,70,multiray
2229,9.694967269897461,0.05796193371840177,obse,cracker_scene2,70,multiray
2230,9.699171304702759,0.05796193371840177,obse,cracker_scene2,70,multiray
2231,9.703521251678467,0.05794661939958431,obse,cracker_scene2,70,multiray
2232,9.70763611793518,0.057905911175456216,obse,cracker_scene2,70,multiray
2233,9.711821794509888,0.057905911175456216,obse,cracker_scene2,70,multiray
2234,9.716145992279053,0.05786481807861503,obse,cracker_scene2,70,multiray
2235,9.72046446800232,0.05786481807861503,obse,cracker_scene2,70,multiray
2236,9.724678754806519,0.05784750940087167,obse,cracker_scene2,70,multiray
2237,9.728882551193237,0.05784750940087167,obse,cracker_scene2,70,multiray
2238,9.733118772506714,0.05784750940087167,obse,cracker_scene2,70,multiray
2239,9.737318277359009,0.05805557498674891,obse,cracker_scene2,70,multiray
2240,9.741532325744629,0.05805557498674891,obse,cracker_scene2,70,multiray
2241,9.745910406112671,0.05774783167936114,obse,cracker_scene2,70,multiray
2242,9.75019907951355,0.05774783167936114,obse,cracker_scene2,70,multiray
2243,9.75447940826416,0.05794136521181335,obse,cracker_scene2,70,multiray
2244,9.75864863395691,0.05794136521181335,obse,cracker_scene2,70,multiray
2245,9.762935638427734,0.057698081989592656,obse,cracker_scene2,70,multiray
2246,9.767271757125854,0.05786745804603168,obse,cracker_scene2,70,multiray
2247,9.771729707717896,0.05762415473390609,obse,cracker_scene2,70,multiray
2248,9.776110649108887,0.05758862574078764,obse,cracker_scene2,70,multiray
2249,9.78063178062439,0.057505844277369024,obse,cracker_scene2,70,multiray
2250,9.785056114196777,0.05749125553560337,obse,cracker_scene2,70,multiray
2251,9.789235353469849,0.05771852996259134,obse,cracker_scene2,70,multiray
2252,9.793954133987427,0.05744762174498218,obse,cracker_scene2,70,multiray
2253,9.798394441604614,0.057659727630065764,obse,cracker_scene2,70,multiray
2254,9.802642822265625,0.057659727630065764,obse,cracker_scene2,70,multiray
2255,9.806957721710205,0.057591831552428537,obse,cracker_scene2,70,multiray
2256,9.811341524124146,0.057591831552428537,obse,cracker_scene2,70,multiray
2257,9.815786123275757,0.05709499045850381,obse,cracker_scene2,70,multiray
2258,9.820078134536743,0.05709499045850381,obse,cracker_scene2,70,multiray
2259,9.824484586715698,0.056999060473348705,obse,cracker_scene2,70,multiray
2260,9.82875108718872,0.056999060473348705,obse,cracker_scene2,70,multiray
2261,9.833114862442017,0.05702604344629044,obse,cracker_scene2,70,multiray
2262,9.837436199188232,0.05702604344629044,obse,cracker_scene2,70,multiray
2263,9.842047691345215,0.05667922324880817,obse,cracker_scene2,70,multiray
2264,9.846161603927612,0.05667922324880817,obse,cracker_scene2,70,multiray
2265,9.850200653076172,0.05667922324880817,obse,cracker_scene2,70,multiray
2266,9.854817152023315,0.05669666108988283,obse,cracker_scene2,70,multiray
2267,9.85916805267334,0.05670147038863379,obse,cracker_scene2,70,multiray
2268,9.863258838653564,0.05670147038863379,obse,cracker_scene2,70,multiray
2269,9.867608785629272,0.05670434356325897,obse,cracker_scene2,70,multiray
2270,9.871705770492554,0.05666521529789202,obse,cracker_scene2,70,multiray
2271,9.87616753578186,0.058975476785661715,obse,cracker_scene2,70,multiray
2272,9.880588054656982,0.058893721861220646,obse,cracker_scene2,70,multiray
2273,9.884980201721191,0.0590336146613279,obse,cracker_scene2,70,multiray
2274,9.889224529266357,0.058966764011177474,obse,cracker_scene2,70,multiray
2275,9.89350152015686,0.058966764011177474,obse,cracker_scene2,70,multiray
2276,9.897708892822266,0.058888469249498795,obse,cracker_scene2,70,multiray
2277,9.901952266693115,0.05895145734243455,obse,cracker_scene2,70,multiray
2278,9.906187295913696,0.058880529625103976,obse,cracker_scene2,70,multiray
2279,9.910442352294922,0.058880529625103976,obse,cracker_scene2,70,multiray
2280,9.91440486907959,0.058880529625103976,obse,cracker_scene2,70,multiray
2281,9.918928384780884,0.05886623001401163,obse,cracker_scene2,70,multiray
2282,9.92319655418396,0.05888010225110604,obse,cracker_scene2,70,multiray
2283,9.927547931671143,0.058849659587314786,obse,cracker_scene2,70,multiray
2284,9.93182635307312,0.05870993564987044,obse,cracker_scene2,70,multiray
2285,9.93593168258667,0.05870993564987044,obse,cracker_scene2,70,multiray
2286,9.940117120742798,0.05891158095565524,obse,cracker_scene2,70,multiray
2287,9.944387674331665,0.05891158095565524,obse,cracker_scene2,70,multiray
2288,9.94872260093689,0.058899410614009856,obse,cracker_scene2,70,multiray
2289,9.952821493148804,0.058899410614009856,obse,cracker_scene2,70,multiray
2290,9.957086324691772,0.058873820396254654,obse,cracker_scene2,70,multiray
2291,9.961511135101318,0.058873820396254654,obse,cracker_scene2,70,multiray
2292,9.965801239013672,0.05867201019173552,obse,cracker_scene2,70,multiray
2293,9.96987533569336,0.05867201019173552,obse,cracker_scene2,70,multiray
2294,9.97408413887024,0.05883631575674564,obse,cracker_scene2,70,multiray
2295,9.97829556465149,0.05883631575674564,obse,cracker_scene2,70,multiray
2296,9.982228994369507,0.05883631575674564,obse,cracker_scene2,70,multiray
2297,9.986643314361572,0.05883849849173799,obse,cracker_scene2,70,multiray
2298,9.990864992141724,0.05876189571144152,obse,cracker_scene2,70,multiray
2299,9.995014190673828,0.05876189571144152,obse,cracker_scene2,70,multiray
2300,9.999378204345703,0.058760058165381886,obse,cracker_scene2,70,multiray
2301,10.003487348556519,0.058760058165381886,obse,cracker_scene2,70,multiray
2302,10.007767915725708,0.05877786877359965,obse,cracker_scene2,70,multiray
2303,10.012117862701416,0.05877786877359965,obse,cracker_scene2,70,multiray
2304,10.016595363616943,0.058551493470531284,obse,cracker_scene2,70,multiray
2305,10.020931482315063,0.058551493470531284,obse,cracker_scene2,70,multiray
2306,10.025345802307129,0.05879584586926315,obse,cracker_scene2,70,multiray
2307,10.029926061630249,0.05876393184082805,obse,cracker_scene2,70,multiray
2308,10.034266710281372,0.05877661913945475,obse,cracker_scene2,70,multiray
2309,10.038646936416626,0.058766477011951555,obse,cracker_scene2,70,multiray
2310,10.042997360229492,0.058766477011951555,obse,cracker_scene2,70,multiray
2311,10.047070503234863,0.058766477011951555,obse,cracker_scene2,70,multiray
2312,10.05250597000122,0.0588039516828307,obse,cracker_scene2,70,multiray
2313,10.056748628616333,0.05874906671968994,obse,cracker_scene2,70,multiray
2314,10.060932159423828,0.05874906671968994,obse,cracker_scene2,70,multiray
2315,10.065211772918701,0.058750996867571376,obse,cracker_scene2,70,multiray
2316,10.069615840911865,0.061142766708651826,obse,cracker_scene2,70,multiray
2317,10.074077606201172,0.061089078321518296,obse,cracker_scene2,70,multiray
2318,10.078315019607544,0.061089078321518296,obse,cracker_scene2,70,multiray
2319,10.082993030548096,0.06110193813679965,obse,cracker_scene2,70,multiray
2320,10.086981534957886,0.06110193813679965,obse,cracker_scene2,70,multiray
2321,10.09147572517395,0.06100522802833794,obse,cracker_scene2,70,multiray
2322,10.095740795135498,0.06100522802833794,obse,cracker_scene2,70,multiray
2323,10.10019850730896,0.060777961716295736,obse,cracker_scene2,70,multiray
2324,10.104397296905518,0.060777961716295736,obse,cracker_scene2,70,multiray
2325,10.10881781578064,0.06080351410890906,obse,cracker_scene2,70,multiray
2326,10.11290168762207,0.06080351410890906,obse,cracker_scene2,70,multiray
2327,10.117474555969238,0.06064582891165324,obse,cracker_scene2,70,multiray
2328,10.121903657913208,0.06078091933414675,obse,cracker_scene2,70,multiray
2329,10.1262948513031,0.06078091933414675,obse,cracker_scene2,70,multiray
2330,10.13058876991272,0.06088456279345744,obse,cracker_scene2,70,multiray
2331,10.134860277175903,0.06088456279345744,obse,cracker_scene2,70,multiray
2332,10.139205932617188,0.06085020897722375,obse,cracker_scene2,70,multiray
2333,10.143536806106567,0.060882098717144555,obse,cracker_scene2,70,multiray
2334,10.147873878479004,0.060655000236885886,obse,cracker_scene2,70,multiray
2335,10.152202606201172,0.060655000236885886,obse,cracker_scene2,70,multiray
2336,10.157354831695557,0.06085074109676424,obse,cracker_scene2,70,multiray
2337,10.16167426109314,0.06085074109676424,obse,cracker_scene2,70,multiray
2338,10.166008234024048,0.060576349408844446,obse,cracker_scene2,70,multiray
2339,10.170542240142822,0.060576349408844446,obse,cracker_scene2,70,multiray
2340,10.175189018249512,0.060518039871304025,obse,cracker_scene2,70,multiray
2341,10.179598808288574,0.060518039871304025,obse,cracker_scene2,70,multiray
2342,10.183794975280762,0.060518039871304025,obse,cracker_scene2,70,multiray
2343,10.188133478164673,0.06053808022590844,obse,cracker_scene2,70,multiray
2344,10.192970991134644,0.06077139248078385,obse,cracker_scene2,70,multiray
2345,10.197441577911377,0.060197436839212776,obse,cracker_scene2,70,multiray
2346,10.20173192024231,0.060197436839212776,obse,cracker_scene2,70,multiray
2347,10.205963134765625,0.06013536197023489,obse,cracker_scene2,70,multiray
2348,10.210442304611206,0.06039668084342099,obse,cracker_scene2,70,multiray
2349,10.214892148971558,0.06007498376381492,obse,cracker_scene2,70,multiray
2350,10.21918511390686,0.06007498376381492,obse,cracker_scene2,70,multiray
2351,10.223644971847534,0.060276374735587716,obse,cracker_scene2,70,multiray
2352,10.228253841400146,0.060276374735587716,obse,cracker_scene2,70,multiray
2353,10.232658386230469,0.060223331813561834,obse,cracker_scene2,70,multiray
2354,10.236838340759277,0.060223331813561834,obse,cracker_scene2,70,multiray
2355,10.240989923477173,0.0602729688887815,obse,cracker_scene2,70,multiray
2356,10.245240449905396,0.0602729688887815,obse,cracker_scene2,70,multiray
2357,10.249741077423096,0.06019623294123742,obse,cracker_scene2,70,multiray
2358,10.253861904144287,0.06019623294123742,obse,cracker_scene2,70,multiray
2359,10.258009910583496,0.06022754971530876,obse,cracker_scene2,70,multiray
2360,10.262166023254395,0.06022754971530876,obse,cracker_scene2,70,multiray
2361,10.266272068023682,0.05992966117664859,obse,cracker_scene2,70,multiray
2362,10.270262002944946,0.05992966117664859,obse,cracker_scene2,70,multiray
2363,10.274943113327026,0.05966680984395266,obse,cracker_scene2,70,multiray
2364,10.279198408126831,0.05966680984395266,obse,cracker_scene2,70,multiray
2365,10.283580780029297,0.05990334574429992,obse,cracker_scene2,70,multiray
2366,10.287729263305664,0.05990334574429992,obse,cracker_scene2,70,multiray
2367,10.292267084121704,0.059782706019931214,obse,cracker_scene2,70,multiray
2368,10.296396493911743,0.05977075393605015,obse,cracker_scene2,70,multiray
2369,10.3007071018219,0.05977075393605015,obse,cracker_scene2,70,multiray
2370,10.304730892181396,0.05977075393605015,obse,cracker_scene2,70,multiray
2371,10.309218883514404,0.059654968155220825,obse,cracker_scene2,70,multiray
2372,10.313332319259644,0.059654968155220825,obse,cracker_scene2,70,multiray
2373,10.317907094955444,0.05964927508843558,obse,cracker_scene2,70,multiray
2374,10.322111368179321,0.05963427531007132,obse,cracker_scene2,70,multiray
2375,10.326381921768188,0.05963427531007132,obse,cracker_scene2,70,multiray
2376,10.330725193023682,0.05965366649591057,obse,cracker_scene2,70,multiray
2377,10.335010051727295,0.05937630065896936,obse,cracker_scene2,70,multiray
2378,10.339241027832031,0.05958225589525222,obse,cracker_scene2,70,multiray
2379,10.343601703643799,0.05958225589525222,obse,cracker_scene2,70,multiray
2380,10.347676753997803,0.05958225589525222,obse,cracker_scene2,70,multiray
2381,10.352190732955933,0.05931705425983561,obse,cracker_scene2,70,multiray
2382,10.356797456741333,0.05958400953540214,obse,cracker_scene2,70,multiray
2383,10.361603021621704,0.05952154307652143,obse,cracker_scene2,70,multiray
2384,10.366182565689087,0.059463158176642175,obse,cracker_scene2,70,multiray
2385,10.370657682418823,0.059463158176642175,obse,cracker_scene2,70,multiray
2386,10.375105857849121,0.05942616680458291,obse,cracker_scene2,70,multiray
2387,10.379348516464233,0.05942616680458291,obse,cracker_scene2,70,multiray
2388,10.383746862411499,0.05942616680458291,obse,cracker_scene2,70,multiray
2389,10.388343095779419,0.059314565281222836,obse,cracker_scene2,70,multiray
2390,10.392751216888428,0.059314565281222836,obse,cracker_scene2,70,multiray
2391,10.397311210632324,0.0592548785631538,obse,cracker_scene2,70,multiray
2392,10.401954174041748,0.05926641876268159,obse,cracker_scene2,70,multiray
2393,10.406255006790161,0.05928508437692121,obse,cracker_scene2,70,multiray
2394,10.410355806350708,0.05928508437692121,obse,cracker_scene2,70,multiray
2395,10.414602041244507,0.05927926095114013,obse,cracker_scene2,70,multiray
2396,10.418715953826904,0.05927926095114013,obse,cracker_scene2,70,multiray
2397,10.423375844955444,0.05925948896969406,obse,cracker_scene2,70,multiray
2398,10.427546501159668,0.05925948896969406,obse,cracker_scene2,70,multiray
2399,10.432092905044556,0.059233979934238436,obse,cracker_scene2,70,multiray
2400,10.436491012573242,0.05919702711731049,obse,cracker_scene2,70,multiray
2401,10.440768480300903,0.059181484862118564,obse,cracker_scene2,70,multiray
2402,10.445046186447144,0.05916306518679447,obse,cracker_scene2,70,multiray
2403,10.44928765296936,0.05916306518679447,obse,cracker_scene2,70,multiray
2404,10.453596591949463,0.05884378935356718,obse,cracker_scene2,70,multiray
2405,10.457801580429077,0.05884378935356718,obse,cracker_scene2,70,multiray
2406,10.462149143218994,0.05902838568166755,obse,cracker_scene2,70,multiray
2407,10.466406106948853,0.05902838568166755,obse,cracker_scene2,70,multiray
2408,10.470583200454712,0.05902838568166755,obse,cracker_scene2,70,multiray
2409,10.475008249282837,0.06344544771136995,obse,cracker_scene2,70,multiray
2410,10.479418754577637,0.06344544771136995,obse,cracker_scene2,70,multiray
2411,10.483732223510742,0.06341473532659914,obse,cracker_scene2,70,multiray
2412,10.487777709960938,0.06341473532659914,obse,cracker_scene2,70,multiray
2413,10.491806507110596,0.06341473532659914,obse,cracker_scene2,70,multiray
2414,10.496093273162842,0.0633625447925112,obse,cracker_scene2,70,multiray
2415,10.500051498413086,0.0633625447925112,obse,cracker_scene2,70,multiray
2416,10.504341840744019,0.06334608911994118,obse,cracker_scene2,70,multiray
2417,10.508345603942871,0.06334608911994118,obse,cracker_scene2,70,multiray
2418,10.51293683052063,0.06352675421436739,obse,cracker_scene2,70,multiray
2419,10.517330169677734,0.06322587936713431,obse,cracker_scene2,70,multiray
2420,10.521597146987915,0.06322587936713431,obse,cracker_scene2,70,multiray
2421,10.525951862335205,0.0631409452843899,obse,cracker_scene2,70,multiray
2422,10.53014612197876,0.0631409452843899,obse,cracker_scene2,70,multiray
2423,10.534435272216797,0.06331458310982471,obse,cracker_scene2,70,multiray
2424,10.538742542266846,0.06331458310982471,obse,cracker_scene2,70,multiray
2425,10.542810201644897,0.06331458310982471,obse,cracker_scene2,70,multiray
2426,10.547407627105713,0.06332352319202234,obse,cracker_scene2,70,multiray
2427,10.551677465438843,0.06305116030512614,obse,cracker_scene2,70,multiray
2428,10.556171178817749,0.06301646234014978,obse,cracker_scene2,70,multiray
2429,10.560588359832764,0.06301646234014978,obse,cracker_scene2,70,multiray
2430,10.56506896018982,0.0632026217345594,obse,cracker_scene2,70,multiray
2431,10.569568872451782,0.06322105913771216,obse,cracker_scene2,70,multiray
2432,10.57415246963501,0.06319453024862624,obse,cracker_scene2,70,multiray
2433,10.578784942626953,0.06314501272705239,obse,cracker_scene2,70,multiray
2434,10.58319091796875,0.06281392326407505,obse,cracker_scene2,70,multiray
2435,10.587934494018555,0.06302125470964086,obse,cracker_scene2,70,multiray
2436,10.592616558074951,0.06295644015802718,obse,cracker_scene2,70,multiray
2437,10.597162961959839,0.06295644015802718,obse,cracker_scene2,70,multiray
2438,10.601653337478638,0.06270770204546927,obse,cracker_scene2,70,multiray
2439,10.606043100357056,0.06294433671690788,obse,cracker_scene2,70,multiray
2440,10.61046314239502,0.06294433671690788,obse,cracker_scene2,70,multiray
2441,10.614829063415527,0.06264217518460136,obse,cracker_scene2,70,multiray
2442,10.619516372680664,0.06264217518460136,obse,cracker_scene2,70,multiray
2443,10.623693704605103,0.06256657935286865,obse,cracker_scene2,70,multiray
2444,10.628075122833252,0.06256657935286865,obse,cracker_scene2,70,multiray
2445,10.632376194000244,0.06284588334870644,obse,cracker_scene2,70,multiray
2446,10.636669635772705,0.06284588334870644,obse,cracker_scene2,70,multiray
2447,10.641044855117798,0.0625337590925897,obse,cracker_scene2,70,multiray
2448,10.645067691802979,0.0625337590925897,obse,cracker_scene2,70,multiray
2449,10.649177551269531,0.0625337590925897,obse,cracker_scene2,70,multiray
2450,10.653478145599365,0.06277441760475408,obse,cracker_scene2,70,multiray
2451,10.6579008102417,0.06273649507526943,obse,cracker_scene2,70,multiray
2452,10.66230821609497,0.06246656020574751,obse,cracker_scene2,70,multiray
2453,10.666794538497925,0.062404521698187866,obse,cracker_scene2,70,multiray
2454,10.67091965675354,0.062404521698187866,obse,cracker_scene2,70,multiray
2455,10.675410747528076,0.06234523120827657,obse,cracker_scene2,70,multiray
2456,10.679763078689575,0.06234523120827657,obse,cracker_scene2,70,multiray
2457,10.684135913848877,0.06240574461817335,obse,cracker_scene2,70,multiray
2458,10.688354015350342,0.06261811120006329,obse,cracker_scene2,70,multiray
2459,10.6927330493927,0.06261811120006329,obse,cracker_scene2,70,multiray
2460,10.697000503540039,0.062319313742817184,obse,cracker_scene2,70,multiray
2461,10.70131778717041,0.062327129535525494,obse,cracker_scene2,70,multiray
2462,10.705717086791992,0.06258832711168075,obse,cracker_scene2,70,multiray
2463,10.711029052734375,0.06258832711168075,obse,cracker_scene2,70,multiray
2464,10.715535879135132,0.062220084702801416,obse,cracker_scene2,70,multiray
2465,10.719578981399536,0.062220084702801416,obse,cracker_scene2,70,multiray
2466,10.723752975463867,0.06246888093058468,obse,cracker_scene2,70,multiray
2467,10.72782826423645,0.06246888093058468,obse,cracker_scene2,70,multiray
2468,10.732030630111694,0.06219178967155559,obse,cracker_scene2,70,multiray
2469,10.736298561096191,0.06219178967155559,obse,cracker_scene2,70,multiray
2470,10.74064588546753,0.06212281968274219,obse,cracker_scene2,70,multiray
2471,10.745273113250732,0.0695306238973988,obse,cracker_scene2,70,multiray
2472,10.749821662902832,0.06952529828917167,obse,cracker_scene2,70,multiray
2473,10.753884077072144,0.06956011664696095,obse,cracker_scene2,70,multiray
2474,10.758255243301392,0.06979106930130911,obse,cracker_scene2,70,multiray
2475,10.762467622756958,0.06979106930130911,obse,cracker_scene2,70,multiray
2476,10.766885757446289,0.06975352436626787,obse,cracker_scene2,70,multiray
2477,10.771240234375,0.06944478183907629,obse,cracker_scene2,70,multiray
2478,10.77552056312561,0.06944478183907629,obse,cracker_scene2,70,multiray
2479,10.779550075531006,0.06944478183907629,obse,cracker_scene2,70,multiray
2480,10.78384804725647,0.0697062961054497,obse,cracker_scene2,70,multiray
2481,10.788130283355713,0.06942299248858884,obse,cracker_scene2,70,multiray
2482,10.792463302612305,0.06940516635284555,obse,cracker_scene2,70,multiray
2483,10.79640793800354,0.06940516635284555,obse,cracker_scene2,70,multiray
2484,10.800925731658936,0.0696526805331131,obse,cracker_scene2,70,multiray
2485,10.805368423461914,0.06965904520620067,obse,cracker_scene2,70,multiray
2486,10.809750080108643,0.06965904520620067,obse,cracker_scene2,70,multiray
2487,10.81410813331604,0.06962182356746491,obse,cracker_scene2,70,multiray
2488,10.81891417503357,0.06962182356746491,obse,cracker_scene2,70,multiray
2489,10.823512077331543,0.06958767437467417,obse,cracker_scene2,70,multiray
2490,10.827661514282227,0.06958767437467417,obse,cracker_scene2,70,multiray
2491,10.831625699996948,0.06958767437467417,obse,cracker_scene2,70,multiray
2492,10.835983276367188,0.06923570426064354,obse,cracker_scene2,70,multiray
2493,10.840331315994263,0.06923570426064354,obse,cracker_scene2,70,multiray
2494,10.844597578048706,0.0695761091208984,obse,cracker_scene2,70,multiray
2495,10.84874153137207,0.0695761091208984,obse,cracker_scene2,70,multiray
2496,10.853078603744507,0.06960605413660795,obse,cracker_scene2,70,multiray
2497,10.857228517532349,0.06960605413660795,obse,cracker_scene2,70,multiray
2498,10.861577987670898,0.06960605413660795,obse,cracker_scene2,70,multiray
2499,10.865991592407227,0.06960771011305189,obse,cracker_scene2,70,multiray
2500,10.870318412780762,0.06960771011305189,obse,cracker_scene2,70,multiray
2501,10.874566793441772,0.06955220199443078,obse,cracker_scene2,70,multiray
2502,10.878790616989136,0.06955220199443078,obse,cracker_scene2,70,multiray
2503,10.883142948150635,0.06956323352264975,obse,cracker_scene2,70,multiray
2504,10.887465238571167,0.06955371348872413,obse,cracker_scene2,70,multiray
2505,10.891649007797241,0.06955371348872413,obse,cracker_scene2,70,multiray
2506,10.895966291427612,0.0692222913367406,obse,cracker_scene2,70,multiray
2507,10.900048017501831,0.0692222913367406,obse,cracker_scene2,70,multiray
2508,10.904422283172607,0.06953730128842463,obse,cracker_scene2,70,multiray
2509,10.908819675445557,0.06953730128842463,obse,cracker_scene2,70,multiray
2510,10.913130760192871,0.06920097442497965,obse,cracker_scene2,70,multiray
2511,10.917137861251831,0.06920097442497965,obse,cracker_scene2,70,multiray
2512,10.921631574630737,0.06880364864792841,obse,cracker_scene2,70,multiray
2513,10.926002740859985,0.06845326691208843,obse,cracker_scene2,70,multiray
2514,10.930297613143921,0.06845326691208843,obse,cracker_scene2,70,multiray
2515,10.934390783309937,0.06845326691208843,obse,cracker_scene2,70,multiray
2516,10.938843250274658,0.06870090175933066,obse,cracker_scene2,70,multiray
2517,10.942954301834106,0.06870090175933066,obse,cracker_scene2,70,multiray
2518,10.947593212127686,0.06863868205645256,obse,cracker_scene2,70,multiray
2519,10.951733350753784,0.06863868205645256,obse,cracker_scene2,70,multiray
2520,10.956070184707642,0.06860924807619563,obse,cracker_scene2,70,multiray
2521,10.960286855697632,0.06860924807619563,obse,cracker_scene2,70,multiray
2522,10.964447259902954,0.06832467617175376,obse,cracker_scene2,70,multiray
2523,10.968907117843628,0.06828031054269713,obse,cracker_scene2,70,multiray
2524,10.973369598388672,0.06847635747740781,obse,cracker_scene2,70,multiray
2525,10.977913856506348,0.06815207286622689,obse,cracker_scene2,70,multiray
2526,10.982606410980225,0.06837228938859158,obse,cracker_scene2,70,multiray
2527,10.98716425895691,0.06801483525568454,obse,cracker_scene2,70,multiray
2528,10.991583585739136,0.06829061477412367,obse,cracker_scene2,70,multiray
2529,10.99610424041748,0.06827281374195687,obse,cracker_scene2,70,multiray
2530,11.000516891479492,0.06794171583126944,obse,cracker_scene2,70,multiray
2531,11.00485634803772,0.06793505238536388,obse,cracker_scene2,70,multiray
2532,11.009501934051514,0.06789240460993634,obse,cracker_scene2,70,multiray
2533,11.014002799987793,0.06816605249428156,obse,cracker_scene2,70,multiray
2534,11.018154382705688,0.06816605249428156,obse,cracker_scene2,70,multiray
2535,11.022341012954712,0.06789237853747493,obse,cracker_scene2,70,multiray
2536,11.026700496673584,0.06789237853747493,obse,cracker_scene2,70,multiray
2537,11.031038999557495,0.06783390756405136,obse,cracker_scene2,70,multiray
2538,11.035264730453491,0.06783390756405136,obse,cracker_scene2,70,multiray
2539,11.039519309997559,0.06807251465746667,obse,cracker_scene2,70,multiray
2540,11.043907165527344,0.06807251465746667,obse,cracker_scene2,70,multiray
2541,11.047904968261719,0.06807251465746667,obse,cracker_scene2,70,multiray
2542,11.052347421646118,0.06805696476888497,obse,cracker_scene2,70,multiray
2543,11.056649446487427,0.06802053074085612,obse,cracker_scene2,70,multiray
2544,11.060876369476318,0.06802053074085612,obse,cracker_scene2,70,multiray
2545,11.065065383911133,0.06766905038402066,obse,cracker_scene2,70,multiray
2546,11.069210767745972,0.06766905038402066,obse,cracker_scene2,70,multiray
2547,11.073604583740234,0.06766737066050661,obse,cracker_scene2,70,multiray
2548,11.077908277511597,0.06766737066050661,obse,cracker_scene2,70,multiray
2549,11.082428693771362,0.06792754353953023,obse,cracker_scene2,70,multiray
2550,11.0864737033844,0.06792754353953023,obse,cracker_scene2,70,multiray
2551,11.09094500541687,0.06792526141651041,obse,cracker_scene2,70,multiray
2552,11.095013618469238,0.06792526141651041,obse,cracker_scene2,70,multiray
2553,11.099446773529053,0.0676057824669644,obse,cracker_scene2,70,multiray
2554,11.10354471206665,0.0676057824669644,obse,cracker_scene2,70,multiray
2555,11.108114242553711,0.06787143164589671,obse,cracker_scene2,70,multiray
2556,11.11234712600708,0.06787143164589671,obse,cracker_scene2,70,multiray
2557,11.116305351257324,0.06787143164589671,obse,cracker_scene2,70,multiray
2558,11.120612144470215,0.07158824678877691,obse,cracker_scene2,70,multiray
2559,11.125077962875366,0.07152118282489951,obse,cracker_scene2,70,multiray
2560,11.129301309585571,0.07150035516983298,obse,cracker_scene2,70,multiray
2561,11.133605241775513,0.07181069917557843,obse,cracker_scene2,70,multiray
2562,11.137648344039917,0.07181069917557843,obse,cracker_scene2,70,multiray
2563,11.142163276672363,0.07141885614955878,obse,cracker_scene2,70,multiray
2564,11.14659595489502,0.07172504033673326,obse,cracker_scene2,70,multiray
2565,11.150770902633667,0.07172504033673326,obse,cracker_scene2,70,multiray
2566,11.154765844345093,0.07172504033673326,obse,cracker_scene2,70,multiray
2567,11.158799886703491,0.07172504033673326,obse,cracker_scene2,70,multiray
2568,11.163090705871582,0.07142520359375171,obse,cracker_scene2,70,multiray
2569,11.167265892028809,0.07167734496246929,obse,cracker_scene2,70,multiray
2570,11.17137598991394,0.0716754421226132,obse,cracker_scene2,70,multiray
2571,11.176095008850098,0.07166009929526453,obse,cracker_scene2,70,multiray
2572,11.180202722549438,0.07166009929526453,obse,cracker_scene2,70,multiray
2573,11.184589862823486,0.07163851020118173,obse,cracker_scene2,70,multiray
2574,11.188734769821167,0.07159980813811351,obse,cracker_scene2,70,multiray
2575,11.193049907684326,0.07159980813811351,obse,cracker_scene2,70,multiray
2576,11.197291374206543,0.07158507355744406,obse,cracker_scene2,70,multiray
2577,11.201577425003052,0.07159260446486604,obse,cracker_scene2,70,multiray
2578,11.20610761642456,0.07156543582740289,obse,cracker_scene2,70,multiray
2579,11.210536241531372,0.07156543582740289,obse,cracker_scene2,70,multiray
2580,11.215083599090576,0.07156083863214292,obse,cracker_scene2,70,multiray
2581,11.219521045684814,0.07156083863214292,obse,cracker_scene2,70,multiray
2582,11.223977088928223,0.07156047063504885,obse,cracker_scene2,70,multiray
2583,11.228291749954224,0.07156047063504885,obse,cracker_scene2,70,multiray
2584,11.232682228088379,0.0715653349897203,obse,cracker_scene2,70,multiray
2585,11.236876964569092,0.0715653349897203,obse,cracker_scene2,70,multiray
2586,11.241380214691162,0.07154980992164656,obse,cracker_scene2,70,multiray
2587,11.245761156082153,0.07154980992164656,obse,cracker_scene2,70,multiray
2588,11.249824047088623,0.07154980992164656,obse,cracker_scene2,70,multiray
2589,11.254216432571411,0.07155952522489896,obse,cracker_scene2,70,multiray
2590,11.258691549301147,0.07153333649280273,obse,cracker_scene2,70,multiray
2591,11.262910604476929,0.07153333649280273,obse,cracker_scene2,70,multiray
2592,11.267383098602295,0.07152770170872097,obse,cracker_scene2,70,multiray
2593,11.271554946899414,0.07147547570597064,obse,cracker_scene2,70,multiray
2594,11.27592945098877,0.07147547570597064,obse,cracker_scene2,70,multiray
2595,11.280307531356812,0.07147192403104598,obse,cracker_scene2,70,multiray
2596,11.284729957580566,0.0714479850798471,obse,cracker_scene2,70,multiray
2597,11.289125919342041,0.0714597131852978,obse,cracker_scene2,70,multiray
2598,11.293334245681763,0.0714597131852978,obse,cracker_scene2,70,multiray
2599,11.297741174697876,0.07142897312923656,obse,cracker_scene2,70,multiray
2600,11.301998853683472,0.07693166111963967,obse,cracker_scene2,70,multiray
2601,11.306576490402222,0.07691632181187458,obse,cracker_scene2,70,multiray
2602,11.310719966888428,0.07689029616810807,obse,cracker_scene2,70,multiray
2603,11.31479024887085,0.07689029616810807,obse,cracker_scene2,70,multiray
2604,11.31950044631958,0.07688859617854268,obse,cracker_scene2,70,multiray
2605,11.323924541473389,0.07660630358696552,obse,cracker_scene2,70,multiray
2606,11.328084230422974,0.07660630358696552,obse,cracker_scene2,70,multiray
2607,11.332483291625977,0.0769114676671621,obse,cracker_scene2,70,multiray
2608,11.336652517318726,0.0769114676671621,obse,cracker_scene2,70,multiray
2609,11.34121298789978,0.07690472011456469,obse,cracker_scene2,70,multiray
2610,11.345524549484253,0.07690472011456469,obse,cracker_scene2,70,multiray
2611,11.350175380706787,0.07689324280722394,obse,cracker_scene2,70,multiray
2612,11.354247331619263,0.07689324280722394,obse,cracker_scene2,70,multiray
2613,11.35886025428772,0.07689348940322976,obse,cracker_scene2,70,multiray
2614,11.363141775131226,0.07686084558997078,obse,cracker_scene2,70,multiray
2615,11.367542266845703,0.07686084558997078,obse,cracker_scene2,70,multiray
2616,11.371791124343872,0.07656205650483404,obse,cracker_scene2,70,multiray
2617,11.376269340515137,0.07656205650483404,obse,cracker_scene2,70,multiray
2618,11.380558729171753,0.07656205650483404,obse,cracker_scene2,70,multiray
2619,11.384902477264404,0.07685698997037779,obse,cracker_scene2,70,multiray
2620,11.389528036117554,0.07683672920725376,obse,cracker_scene2,70,multiray
2621,11.393953800201416,0.07683672920725376,obse,cracker_scene2,70,multiray
2622,11.398271799087524,0.07682392545926292,obse,cracker_scene2,70,multiray
2623,11.402553081512451,0.07682392545926292,obse,cracker_scene2,70,multiray
2624,11.406985998153687,0.07681834384346217,obse,cracker_scene2,70,multiray
2625,11.41171145439148,0.07681834384346217,obse,cracker_scene2,70,multiray
2626,11.416014671325684,0.07679638005061211,obse,cracker_scene2,70,multiray
2627,11.420363903045654,0.07679638005061211,obse,cracker_scene2,70,multiray
2628,11.4248628616333,0.07680668875067084,obse,cracker_scene2,70,multiray
2629,11.42903733253479,0.07680668875067084,obse,cracker_scene2,70,multiray
2630,11.433542728424072,0.07679431189948052,obse,cracker_scene2,70,multiray
2631,11.437729597091675,0.0767810460270886,obse,cracker_scene2,70,multiray
2632,11.442177772521973,0.076797397952796,obse,cracker_scene2,70,multiray
2633,11.446256160736084,0.076797397952796,obse,cracker_scene2,70,multiray
2634,11.450597524642944,0.07681563772064379,obse,cracker_scene2,70,multiray
2635,11.455059289932251,0.07652935852968483,obse,cracker_scene2,70,multiray
2636,11.459658145904541,0.07653293724051016,obse,cracker_scene2,70,multiray
2637,11.463897228240967,0.07680664291003862,obse,cracker_scene2,70,multiray
2638,11.468274116516113,0.07679972368528305,obse,cracker_scene2,70,multiray
2639,11.472665071487427,0.07683773511151495,obse,cracker_scene2,70,multiray
2640,11.47707486152649,0.07416460064793545,obse,cracker_scene2,70,multiray
2641,11.481745481491089,0.07424021387130164,obse,cracker_scene2,70,multiray
2642,11.485942125320435,0.07424021387130164,obse,cracker_scene2,70,multiray
2643,11.490437746047974,0.0742011405862971,obse,cracker_scene2,70,multiray
2644,11.494696140289307,0.0742011405862971,obse,cracker_scene2,70,multiray
2645,11.499146223068237,0.07420690478204722,obse,cracker_scene2,70,multiray
2646,11.503513097763062,0.07420690478204722,obse,cracker_scene2,70,multiray
2647,11.507845163345337,0.07418988404981142,obse,cracker_scene2,70,multiray
2648,11.512144804000854,0.07418988404981142,obse,cracker_scene2,70,multiray
2649,11.51619267463684,0.07418988404981142,obse,cracker_scene2,70,multiray
2650,11.520932912826538,0.0742151330501287,obse,cracker_scene2,70,multiray
2651,11.525438785552979,0.0742151330501287,obse,cracker_scene2,70,multiray
2652,11.529551982879639,0.07422544999950659,obse,cracker_scene2,70,multiray
2653,11.533986330032349,0.07422104571076368,obse,cracker_scene2,70,multiray
2654,11.538227796554565,0.07423515784079537,obse,cracker_scene2,70,multiray
2655,11.542858123779297,0.07422857583429876,obse,cracker_scene2,70,multiray
2656,11.547395944595337,0.0739674917716128,obse,cracker_scene2,70,multiray
2657,11.551766157150269,0.0739674917716128,obse,cracker_scene2,70,multiray
2658,11.556071519851685,0.07390423889442693,obse,cracker_scene2,70,multiray
2659,11.560336589813232,0.07390423889442693,obse,cracker_scene2,70,multiray
2660,11.564680337905884,0.07418020948941895,obse,cracker_scene2,70,multiray
2661,11.56890082359314,0.07418020948941895,obse,cracker_scene2,70,multiray
2662,11.573280334472656,0.07392716152580782,obse,cracker_scene2,70,multiray
2663,11.57745623588562,0.07392716152580782,obse,cracker_scene2,70,multiray
2664,11.581716537475586,0.07419577034639226,obse,cracker_scene2,70,multiray
2665,11.586057901382446,0.07416253376788301,obse,cracker_scene2,70,multiray
2666,11.590277433395386,0.07422304174828316,obse,cracker_scene2,70,multiray
2667,11.594300270080566,0.07422304174828316,obse,cracker_scene2,70,multiray
2668,11.598614692687988,0.0741543413187407,obse,cracker_scene2,70,multiray
2669,11.603085041046143,0.0741543413187407,obse,cracker_scene2,70,multiray
2670,11.607780933380127,0.07418070808143862,obse,cracker_scene2,70,multiray
2671,11.612058401107788,0.07418070808143862,obse,cracker_scene2,70,multiray
2672,11.616312265396118,0.07422288036072713,obse,cracker_scene2,70,multiray
2673,11.62058711051941,0.07422288036072713,obse,cracker_scene2,70,multiray
2674,11.625132322311401,0.07420557358901192,obse,cracker_scene2,70,multiray
2675,11.629090547561646,0.07420557358901192,obse,cracker_scene2,70,multiray
2676,11.633202314376831,0.0739430481863865,obse,cracker_scene2,70,multiray
2677,11.63730788230896,0.0739430481863865,obse,cracker_scene2,70,multiray
2678,11.641693592071533,0.07414962576100224,obse,cracker_scene2,70,multiray
2679,11.645845890045166,0.07414962576100224,obse,cracker_scene2,70,multiray
2680,11.649887561798096,0.07414962576100224,obse,cracker_scene2,70,multiray
2681,11.654610633850098,0.07418271049413461,obse,cracker_scene2,70,multiray
2682,11.65900707244873,0.07419503275632545,obse,cracker_scene2,70,multiray
2683,11.662903785705566,0.07419503275632545,obse,cracker_scene2,70,multiray
2684,11.667177677154541,0.07419503275632545,obse,cracker_scene2,70,multiray
2685,11.67154598236084,0.07419011935879734,obse,cracker_scene2,70,multiray
2686,11.675866842269897,0.07419011935879734,obse,cracker_scene2,70,multiray
2687,11.680009126663208,0.07419011935879734,obse,cracker_scene2,70,multiray
2688,11.684406280517578,0.07391127433961053,obse,cracker_scene2,70,multiray
2689,11.689217567443848,0.07421442871595449,obse,cracker_scene2,70,multiray
2690,11.693264961242676,0.07421442871595449,obse,cracker_scene2,70,multiray
2691,11.697533130645752,0.0741569617310277,obse,cracker_scene2,70,multiray
2692,11.701877117156982,0.0741569617310277,obse,cracker_scene2,70,multiray
2693,11.706254243850708,0.074181187304786,obse,cracker_scene2,70,multiray
2694,11.710443496704102,0.074181187304786,obse,cracker_scene2,70,multiray
2695,11.71460747718811,0.074181187304786,obse,cracker_scene2,70,multiray
2696,11.718734502792358,0.074181187304786,obse,cracker_scene2,70,multiray
2697,11.72314167022705,0.07397577524622549,obse,cracker_scene2,70,multiray
2698,11.727349996566772,0.07397577524622549,obse,cracker_scene2,70,multiray
2699,11.7318594455719,0.0741852970101367,obse,cracker_scene2,70,multiray
2700,11.736132144927979,0.0741852970101367,obse,cracker_scene2,70,multiray
2701,11.74059009552002,0.0738804520320137,obse,cracker_scene2,70,multiray
2702,11.744879007339478,0.0738804520320137,obse,cracker_scene2,70,multiray
2703,11.749218463897705,0.07399340208360274,obse,cracker_scene2,70,multiray
2704,11.753345251083374,0.07399340208360274,obse,cracker_scene2,70,multiray
2705,11.757865190505981,0.07633007905785666,obse,cracker_scene2,70,multiray
2706,11.762003421783447,0.07633639931862428,obse,cracker_scene2,70,multiray
2707,11.76650094985962,0.076757329244469,obse,cracker_scene2,70,multiray
2708,11.771385908126831,0.07682913384109774,obse,cracker_scene2,70,multiray
2709,11.775854587554932,0.07677501478437156,obse,cracker_scene2,70,multiray
2710,11.780651569366455,0.0765051955488295,obse,cracker_scene2,70,multiray
2711,11.785318613052368,0.07674391341627204,obse,cracker_scene2,70,multiray
2712,11.789996862411499,0.07653746463985209,obse,cracker_scene2,70,multiray
2713,11.794363021850586,0.07653540139617275,obse,cracker_scene2,70,multiray
2714,11.798860549926758,0.07656595439714321,obse,cracker_scene2,70,multiray
2715,11.802964448928833,0.07656595439714321,obse,cracker_scene2,70,multiray
2716,11.807379484176636,0.07677243963754841,obse,cracker_scene2,70,multiray
2717,11.811690092086792,0.07677243963754841,obse,cracker_scene2,70,multiray
2718,11.816227912902832,0.07650055024437197,obse,cracker_scene2,70,multiray
2719,11.820234060287476,0.07650055024437197,obse,cracker_scene2,70,multiray
2720,11.824417114257812,0.07648474189666997,obse,cracker_scene2,70,multiray
2721,11.828383207321167,0.07648474189666997,obse,cracker_scene2,70,multiray
2722,11.832639455795288,0.07677900800760493,obse,cracker_scene2,70,multiray
2723,11.837073802947998,0.07677900800760493,obse,cracker_scene2,70,multiray
2724,11.841578245162964,0.0767591734048681,obse,cracker_scene2,70,multiray
2725,11.845839500427246,0.0767591734048681,obse,cracker_scene2,70,multiray
2726,11.849855899810791,0.0767591734048681,obse,cracker_scene2,70,multiray
2727,11.854361295700073,0.07653059702429622,obse,cracker_scene2,70,multiray
2728,11.85884428024292,0.0765152510177789,obse,cracker_scene2,70,multiray
2729,11.863074779510498,0.07646109452343558,obse,cracker_scene2,70,multiray
2730,11.867269277572632,0.07647606414739262,obse,cracker_scene2,70,multiray
2731,11.871718168258667,0.07649791387492738,obse,cracker_scene2,70,multiray
2732,11.875959157943726,0.07649791387492738,obse,cracker_scene2,70,multiray
2733,11.880324840545654,0.07648905407896796,obse,cracker_scene2,70,multiray
2734,11.884556770324707,0.07648905407896796,obse,cracker_scene2,70,multiray
2735,11.888723373413086,0.07649940494095397,obse,cracker_scene2,70,multiray
2736,11.893075466156006,0.07649940494095397,obse,cracker_scene2,70,multiray
2737,11.897143363952637,0.07647242218888446,obse,cracker_scene2,70,multiray
2738,11.901522636413574,0.07645566261350208,obse,cracker_scene2,70,multiray
2739,11.905949354171753,0.0764529279959613,obse,cracker_scene2,70,multiray
2740,11.910175561904907,0.07641372632884423,obse,cracker_scene2,70,multiray
2741,11.914393901824951,0.07641372632884423,obse,cracker_scene2,70,multiray
2742,11.918797969818115,0.07636149280473101,obse,cracker_scene2,70,multiray
2743,11.92324161529541,0.07660213192160795,obse,cracker_scene2,70,multiray
2744,11.927498817443848,0.07660213192160795,obse,cracker_scene2,70,multiray
2745,11.931986331939697,0.07732402536147721,obse,cracker_scene2,70,multiray
2746,11.936194896697998,0.0767181077482147,obse,cracker_scene2,70,multiray
2747,11.940675735473633,0.07677558229529274,obse,cracker_scene2,70,multiray
2748,11.944934606552124,0.07677558229529274,obse,cracker_scene2,70,multiray
2749,11.949376821517944,0.07670147253379468,obse,cracker_scene2,70,multiray
2750,11.953522443771362,0.07670147253379468,obse,cracker_scene2,70,multiray
2751,11.957923889160156,0.07668634856084226,obse,cracker_scene2,70,multiray
2752,11.962295770645142,0.07668634856084226,obse,cracker_scene2,70,multiray
2753,11.966731071472168,0.07665966382449496,obse,cracker_scene2,70,multiray
2754,11.970820665359497,0.07665966382449496,obse,cracker_scene2,70,multiray
2755,11.975385427474976,0.07663944755599096,obse,cracker_scene2,70,multiray
2756,11.97960877418518,0.07663944755599096,obse,cracker_scene2,70,multiray
2757,11.983787298202515,0.07663944755599096,obse,cracker_scene2,70,multiray
2758,11.988308429718018,0.0765784475498529,obse,cracker_scene2,70,multiray
2759,11.992661476135254,0.0765784475498529,obse,cracker_scene2,70,multiray
2760,11.997183322906494,0.07628490007151079,obse,cracker_scene2,70,multiray
2761,12.001459121704102,0.07628490007151079,obse,cracker_scene2,70,multiray
2762,12.00583791732788,0.0765276567932054,obse,cracker_scene2,70,multiray
2763,12.010132551193237,0.0765276567932054,obse,cracker_scene2,70,multiray
2764,12.014802932739258,0.07618257456683263,obse,cracker_scene2,70,multiray
2765,12.018800497055054,0.07618257456683263,obse,cracker_scene2,70,multiray
2766,12.022993326187134,0.07648216933057057,obse,cracker_scene2,70,multiray
2767,12.027098655700684,0.07648216933057057,obse,cracker_scene2,70,multiray
2768,12.031073093414307,0.07648216933057057,obse,cracker_scene2,70,multiray
2769,12.035358667373657,0.07643105679770017,obse,cracker_scene2,70,multiray
2770,12.039866209030151,0.07643105679770017,obse,cracker_scene2,70,multiray
2771,12.044397354125977,0.07645497965570612,obse,cracker_scene2,70,multiray
2772,12.048508405685425,0.07645497965570612,obse,cracker_scene2,70,multiray
2773,12.053020000457764,0.07641323160752006,obse,cracker_scene2,70,multiray
2774,12.057185649871826,0.07641323160752006,obse,cracker_scene2,70,multiray
2775,12.061575412750244,0.07639199225137007,obse,cracker_scene2,70,multiray
2776,12.065747499465942,0.07639199225137007,obse,cracker_scene2,70,multiray
2777,12.070059061050415,0.07625229233687852,obse,cracker_scene2,70,multiray
2778,12.074266195297241,0.07625229233687852,obse,cracker_scene2,70,multiray
2779,12.07892894744873,0.07625229233687852,obse,cracker_scene2,70,multiray
2780,12.08347773551941,0.07593072827772233,obse,cracker_scene2,70,multiray
2781,12.087822437286377,0.07593072827772233,obse,cracker_scene2,70,multiray
2782,12.092090845108032,0.07593072827772233,obse,cracker_scene2,70,multiray
2783,12.096924543380737,0.07587052961506535,obse,cracker_scene2,70,multiray
2784,12.101505041122437,0.07612404930483269,obse,cracker_scene2,70,multiray
2785,12.105685710906982,0.07612404930483269,obse,cracker_scene2,70,multiray
2786,12.109951734542847,0.07612404930483269,obse,cracker_scene2,70,multiray
2787,12.11404275894165,0.07612404930483269,obse,cracker_scene2,70,multiray
2788,12.118478298187256,0.07608206606505508,obse,cracker_scene2,70,multiray
2789,12.122705221176147,0.07608206606505508,obse,cracker_scene2,70,multiray
2790,12.127133131027222,0.07577528427612448,obse,cracker_scene2,70,multiray
2791,12.131479978561401,0.07577528427612448,obse,cracker_scene2,70,multiray
2792,12.135798692703247,0.07573641523822656,obse,cracker_scene2,70,multiray
2793,12.140056133270264,0.07573641523822656,obse,cracker_scene2,70,multiray
2794,12.144366025924683,0.07599093752771714,obse,cracker_scene2,70,multiray
2795,12.148576498031616,0.07599093752771714,obse,cracker_scene2,70,multiray
2796,12.152827024459839,0.07599093752771714,obse,cracker_scene2,70,multiray
2797,12.157057523727417,0.0757015144671027,obse,cracker_scene2,70,multiray
2798,12.161661386489868,0.0757015144671027,obse,cracker_scene2,70,multiray
2799,12.166204929351807,0.07498307281333609,obse,cracker_scene2,70,multiray
2800,12.171094179153442,0.07487467721112687,obse,cracker_scene2,70,multiray
2801,12.175829648971558,0.07501139560595911,obse,cracker_scene2,70,multiray
2802,12.180655241012573,0.0752491380338398,obse,cracker_scene2,70,multiray
2803,12.18543267250061,0.07521770860107523,obse,cracker_scene2,70,multiray
2804,12.190264463424683,0.07507728125287177,obse,cracker_scene2,70,multiray
2805,12.194885969161987,0.07477139300151704,obse,cracker_scene2,70,multiray
2806,12.199808597564697,0.07477472760287354,obse,cracker_scene2,70,multiray
2807,12.204640626907349,0.07495562698157927,obse,cracker_scene2,70,multiray
2808,12.209460020065308,0.07462042919124263,obse,cracker_scene2,70,multiray
2809,12.214064121246338,0.07481938087420081,obse,cracker_scene2,70,multiray
2810,12.218850374221802,0.07481938087420081,obse,cracker_scene2,70,multiray
2811,12.22334337234497,0.07482144046362853,obse,cracker_scene2,70,multiray
2812,12.227606296539307,0.07482144046362853,obse,cracker_scene2,70,multiray
2813,12.231956958770752,0.07475256831199557,obse,cracker_scene2,70,multiray
2814,12.236071109771729,0.07475256831199557,obse,cracker_scene2,70,multiray
2815,12.240442514419556,0.07445617751242684,obse,cracker_scene2,70,multiray
2816,12.244771957397461,0.07445617751242684,obse,cracker_scene2,70,multiray
2817,12.248741865158081,0.07445617751242684,obse,cracker_scene2,70,multiray
2818,12.253157138824463,0.07469471834249514,obse,cracker_scene2,70,multiray
2819,12.257422924041748,0.07465922081960295,obse,cracker_scene2,70,multiray
2820,12.261485576629639,0.07465922081960295,obse,cracker_scene2,70,multiray
2821,12.265742063522339,0.07436470291463124,obse,cracker_scene2,70,multiray
2822,12.269723892211914,0.07436470291463124,obse,cracker_scene2,70,multiray
2823,12.273962020874023,0.07460296328353815,obse,cracker_scene2,70,multiray
2824,12.278593301773071,0.07460296328353815,obse,cracker_scene2,70,multiray
2825,12.28315806388855,0.07428273519096833,obse,cracker_scene2,70,multiray
2826,12.287341594696045,0.07428273519096833,obse,cracker_scene2,70,multiray
2827,12.291831493377686,0.07455905075119912,obse,cracker_scene2,70,multiray
2828,12.296109676361084,0.07455905075119912,obse,cracker_scene2,70,multiray
2829,12.300377368927002,0.07452830986404888,obse,cracker_scene2,70,multiray
2830,12.30474305152893,0.07425266768658187,obse,cracker_scene2,70,multiray
2831,12.309115648269653,0.07417845516469966,obse,cracker_scene2,70,multiray
2832,12.313211441040039,0.07417845516469966,obse,cracker_scene2,70,multiray
2833,12.317559003829956,0.07445897002450287,obse,cracker_scene2,70,multiray
2834,12.322150468826294,0.07439959549387953,obse,cracker_scene2,70,multiray
2835,12.326457738876343,0.07439959549387953,obse,cracker_scene2,70,multiray
2836,12.330792665481567,0.07413059224851766,obse,cracker_scene2,70,multiray
2837,12.335114479064941,0.074120335826837,obse,cracker_scene2,70,multiray
2838,12.339375972747803,0.0743968545359938,obse,cracker_scene2,70,multiray
2839,12.343559503555298,0.0743968545359938,obse,cracker_scene2,70,multiray
2840,12.347941398620605,0.07411700874664807,obse,cracker_scene2,70,multiray
2841,12.352233648300171,0.07411700874664807,obse,cracker_scene2,70,multiray
2842,12.356566190719604,0.0740846441431687,obse,cracker_scene2,70,multiray
2843,12.360953569412231,0.0740846441431687,obse,cracker_scene2,70,multiray
2844,12.365651607513428,0.07397784133163858,obse,cracker_scene2,70,multiray
2845,12.370228052139282,0.07397784133163858,obse,cracker_scene2,70,multiray
2846,12.374832153320312,0.07427849724926865,obse,cracker_scene2,70,multiray
2847,12.379149675369263,0.07427849724926865,obse,cracker_scene2,70,multiray
2848,12.38370394706726,0.07427961268668087,obse,cracker_scene2,70,multiray
2849,12.388131856918335,0.07426715118965105,obse,cracker_scene2,70,multiray
2850,12.392596960067749,0.07426715118965105,obse,cracker_scene2,70,multiray
2851,12.397303104400635,0.07424006610899891,obse,cracker_scene2,70,multiray
2852,12.401962995529175,0.07424006610899891,obse,cracker_scene2,70,multiray
2853,12.406593799591064,0.07420309339767533,obse,cracker_scene2,70,multiray
2854,12.41111159324646,0.07420309339767533,obse,cracker_scene2,70,multiray
2855,12.41553521156311,0.0742052119985088,obse,cracker_scene2,70,multiray
2856,12.419788122177124,0.0742052119985088,obse,cracker_scene2,70,multiray
2857,12.424084901809692,0.07415983187747582,obse,cracker_scene2,70,multiray
2858,12.428388357162476,0.07415983187747582,obse,cracker_scene2,70,multiray
2859,12.433261632919312,0.07383738813986715,obse,cracker_scene2,70,multiray
2860,12.43773603439331,0.07446723730383895,obse,cracker_scene2,70,multiray
2861,12.442314863204956,0.07451536802991716,obse,cracker_scene2,70,multiray
2862,12.446824073791504,0.07451536802991716,obse,cracker_scene2,70,multiray
2863,12.450988292694092,0.07453665343821322,obse,cracker_scene2,70,multiray
2864,12.455447673797607,0.07451135234231282,obse,cracker_scene2,70,multiray
2865,12.45983076095581,0.07451135234231282,obse,cracker_scene2,70,multiray
2866,12.46419644355774,0.0745348004338752,obse,cracker_scene2,70,multiray
2867,12.4685537815094,0.0745348004338752,obse,cracker_scene2,70,multiray
2868,12.47281789779663,0.07446602310119513,obse,cracker_scene2,70,multiray
2869,12.477190256118774,0.07446602310119513,obse,cracker_scene2,70,multiray
2870,12.481607675552368,0.07444157448249596,obse,cracker_scene2,70,multiray
2871,12.485697507858276,0.07444157448249596,obse,cracker_scene2,70,multiray
2872,12.489840984344482,0.07441033058425557,obse,cracker_scene2,70,multiray
2873,12.493963479995728,0.07441033058425557,obse,cracker_scene2,70,multiray
2874,12.498214960098267,0.07411611176972009,obse,cracker_scene2,70,multiray
2875,12.502707481384277,0.07411611176972009,obse,cracker_scene2,70,multiray
2876,12.507117986679077,0.07410029077491746,obse,cracker_scene2,70,multiray
2877,12.511378288269043,0.07410029077491746,obse,cracker_scene2,70,multiray
2878,12.515787363052368,0.07435494339051912,obse,cracker_scene2,70,multiray
2879,12.520068407058716,0.07435494339051912,obse,cracker_scene2,70,multiray
2880,12.524490594863892,0.07435341276410655,obse,cracker_scene2,70,multiray
2881,12.528859376907349,0.07435341276410655,obse,cracker_scene2,70,multiray
2882,12.533172130584717,0.07404795568476598,obse,cracker_scene2,70,multiray
2883,12.537614345550537,0.07419290070643328,obse,cracker_scene2,70,multiray
2884,12.542065382003784,0.07415650943712075,obse,cracker_scene2,70,multiray
2885,12.546534776687622,0.0742865816278334,obse,cracker_scene2,70,multiray
2886,12.550884008407593,0.0742865816278334,obse,cracker_scene2,70,multiray
2887,12.555211067199707,0.07426556693182305,obse,cracker_scene2,70,multiray
2888,12.559643268585205,0.07426556693182305,obse,cracker_scene2,70,multiray
2889,12.563952445983887,0.07381812815922816,obse,cracker_scene2,70,multiray
2890,12.56832766532898,0.07381812815922816,obse,cracker_scene2,70,multiray
2891,12.572692394256592,0.0741769819946992,obse,cracker_scene2,70,multiray
2892,12.577202081680298,0.0741769819946992,obse,cracker_scene2,70,multiray
2893,12.581369876861572,0.0738185419792835,obse,cracker_scene2,70,multiray
2894,12.585702657699585,0.07376336267618341,obse,cracker_scene2,70,multiray
2895,12.590428829193115,0.07379079712146369,obse,cracker_scene2,70,multiray
2896,12.594735145568848,0.07379079712146369,obse,cracker_scene2,70,multiray
2897,12.599121809005737,0.07378856798025613,obse,cracker_scene2,70,multiray
2898,12.603360652923584,0.07378856798025613,obse,cracker_scene2,70,multiray
2899,12.607961654663086,0.074069923965947,obse,cracker_scene2,70,multiray
2900,12.612264394760132,0.07132393184008218,obse,cracker_scene2,70,multiray
2901,12.617407083511353,0.07133481073686647,obse,cracker_scene2,70,multiray
2902,12.621584177017212,0.07133127212844374,obse,cracker_scene2,70,multiray
2903,12.625942945480347,0.07133127212844374,obse,cracker_scene2,70,multiray
2904,12.630220174789429,0.07102152440004655,obse,cracker_scene2,70,multiray
2905,12.634455442428589,0.07102152440004655,obse,cracker_scene2,70,multiray
2906,12.638881921768188,0.07104623806634501,obse,cracker_scene2,70,multiray
2907,12.64325213432312,0.07100777048605081,obse,cracker_scene2,70,multiray
2908,12.647409439086914,0.07100777048605081,obse,cracker_scene2,70,multiray
2909,12.651768445968628,0.07096684767776826,obse,cracker_scene2,70,multiray
2910,12.655982732772827,0.07117198805254162,obse,cracker_scene2,70,multiray
2911,12.660267353057861,0.07117198805254162,obse,cracker_scene2,70,multiray
2912,12.664527177810669,0.07080591806992437,obse,cracker_scene2,70,multiray
2913,12.668786525726318,0.07080591806992437,obse,cracker_scene2,70,multiray
2914,12.672995328903198,0.07114857237418361,obse,cracker_scene2,70,multiray
2915,12.677672624588013,0.07114857237418361,obse,cracker_scene2,70,multiray
2916,12.681965112686157,0.07112626072268284,obse,cracker_scene2,70,multiray
2917,12.686204433441162,0.07112626072268284,obse,cracker_scene2,70,multiray
2918,12.690537929534912,0.07080004811296219,obse,cracker_scene2,70,multiray
2919,12.694746971130371,0.07080004811296219,obse,cracker_scene2,70,multiray
2920,12.699229001998901,0.07112075765502798,obse,cracker_scene2,70,multiray
2921,12.703244686126709,0.07112075765502798,obse,cracker_scene2,70,multiray
2922,12.707855701446533,0.07078623354249007,obse,cracker_scene2,70,multiray
2923,12.712144374847412,0.07078623354249007,obse,cracker_scene2,70,multiray
2924,12.716193199157715,0.07078623354249007,obse,cracker_scene2,70,multiray
2925,12.720583438873291,0.07103440231319672,obse,cracker_scene2,70,multiray
2926,12.724781274795532,0.07102026797260143,obse,cracker_scene2,70,multiray
2927,12.728905200958252,0.07057557059825374,obse,cracker_scene2,70,multiray
2928,12.733003377914429,0.07050822043327533,obse,cracker_scene2,70,multiray
2929,12.737059831619263,0.07081460380796237,obse,cracker_scene2,70,multiray
2930,12.741626977920532,0.07079276506156869,obse,cracker_scene2,70,multiray
2931,12.74586033821106,0.07079276506156869,obse,cracker_scene2,70,multiray
2932,12.750416994094849,0.07048438348738328,obse,cracker_scene2,70,multiray
2933,12.754767894744873,0.07078152216762593,obse,cracker_scene2,70,multiray
2934,12.759313583374023,0.07077135523146509,obse,cracker_scene2,70,multiray
2935,12.763720273971558,0.07076185628545094,obse,cracker_scene2,70,multiray
2936,12.768157243728638,0.07076185628545094,obse,cracker_scene2,70,multiray
2937,12.772644758224487,0.07065174481305742,obse,cracker_scene2,70,multiray
2938,12.777082681655884,0.07065174481305742,obse,cracker_scene2,70,multiray
2939,12.781404256820679,0.08036515248799561,obse,cracker_scene2,70,multiray
2940,12.785909652709961,0.08034623831924251,obse,cracker_scene2,70,multiray
2941,12.79067325592041,0.08037490740693584,obse,cracker_scene2,70,multiray
2942,12.794915437698364,0.08037490740693584,obse,cracker_scene2,70,multiray
2943,12.7995445728302,0.08065284315481122,obse,cracker_scene2,70,multiray
2944,12.803667068481445,0.08065284315481122,obse,cracker_scene2,70,multiray
2945,12.808495044708252,0.08062899029835639,obse,cracker_scene2,70,multiray
2946,12.812768936157227,0.08062899029835639,obse,cracker_scene2,70,multiray
2947,12.817509651184082,0.08062851842736261,obse,cracker_scene2,70,multiray
2948,12.821616411209106,0.08062851842736261,obse,cracker_scene2,70,multiray
2949,12.826177835464478,0.08060704051056726,obse,cracker_scene2,70,multiray
2950,12.83042311668396,0.08059672274871389,obse,cracker_scene2,70,multiray
2951,12.83437466621399,0.08059672274871389,obse,cracker_scene2,70,multiray
2952,12.838659286499023,0.0805594597955167,obse,cracker_scene2,70,multiray
2953,12.842872858047485,0.0805594597955167,obse,cracker_scene2,70,multiray
2954,12.847173929214478,0.080281880697127,obse,cracker_scene2,70,multiray
2955,12.851679563522339,0.08055214226925664,obse,cracker_scene2,70,multiray
2956,12.8559730052948,0.08055214226925664,obse,cracker_scene2,70,multiray
2957,12.860393285751343,0.08057692395248875,obse,cracker_scene2,70,multiray
2958,12.8648521900177,0.0806163110207032,obse,cracker_scene2,70,multiray
2959,12.869040727615356,0.0806163110207032,obse,cracker_scene2,70,multiray
2960,12.873603582382202,0.08055701655506405,obse,cracker_scene2,70,multiray
2961,12.877923965454102,0.08055701655506405,obse,cracker_scene2,70,multiray
2962,12.882498502731323,0.08055701655506405,obse,cracker_scene2,70,multiray
2963,12.886860370635986,0.08024792392176641,obse,cracker_scene2,70,multiray
2964,12.891223907470703,0.08024792392176641,obse,cracker_scene2,70,multiray
2965,12.895735025405884,0.0802295486957668,obse,cracker_scene2,70,multiray
2966,12.900049686431885,0.0802295486957668,obse,cracker_scene2,70,multiray
2967,12.904486894607544,0.08019967002315286,obse,cracker_scene2,70,multiray
2968,12.908973693847656,0.08051509829470545,obse,cracker_scene2,70,multiray
2969,12.913479566574097,0.08051509829470545,obse,cracker_scene2,70,multiray
2970,12.917590141296387,0.08051509829470545,obse,cracker_scene2,70,multiray
2971,12.922196626663208,0.08046283210291227,obse,cracker_scene2,70,multiray
2972,12.926719903945923,0.08048971966587609,obse,cracker_scene2,70,multiray
2973,12.9309823513031,0.08048971966587609,obse,cracker_scene2,70,multiray
2974,12.935216665267944,0.08048971966587609,obse,cracker_scene2,70,multiray
2975,12.939620733261108,0.08045789291736209,obse,cracker_scene2,70,multiray
2976,12.944007396697998,0.08045789291736209,obse,cracker_scene2,70,multiray
2977,12.94860553741455,0.08016262413365495,obse,cracker_scene2,70,multiray
2978,12.953091382980347,0.08016262413365495,obse,cracker_scene2,70,multiray
2979,12.957969665527344,0.07241993306168261,obse,cracker_scene2,70,multiray
2980,12.96256160736084,0.07192777047695446,obse,cracker_scene2,70,multiray
2981,12.96701169013977,0.07192777047695446,obse,cracker_scene2,70,multiray
2982,12.9713716506958,0.07221390887057669,obse,cracker_scene2,70,multiray
2983,12.975960969924927,0.07201252230536419,obse,cracker_scene2,70,multiray
2984,12.980618000030518,0.07184284653697838,obse,cracker_scene2,70,multiray
2985,12.984864711761475,0.07184284653697838,obse,cracker_scene2,70,multiray
2986,12.989805698394775,0.07178767907290545,obse,cracker_scene2,70,multiray
2987,12.995080471038818,0.07203473183547142,obse,cracker_scene2,70,multiray
2988,12.999862432479858,0.07155508399537185,obse,cracker_scene2,70,multiray
2989,13.004135847091675,0.07155508399537185,obse,cracker_scene2,70,multiray
2990,13.008827686309814,0.07198042690221808,obse,cracker_scene2,70,multiray
2991,13.01341462135315,0.07197648571794518,obse,cracker_scene2,70,multiray
2992,13.018052816390991,0.07197648571794518,obse,cracker_scene2,70,multiray
2993,13.02252197265625,0.07195859764705034,obse,cracker_scene2,70,multiray
2994,13.027024507522583,0.07195859764705034,obse,cracker_scene2,70,multiray
2995,13.031526803970337,0.07162904375332947,obse,cracker_scene2,70,multiray
2996,13.035797357559204,0.07162904375332947,obse,cracker_scene2,70,multiray
2997,13.040266513824463,0.07164802776242568,obse,cracker_scene2,70,multiray
2998,13.0446617603302,0.07164802776242568,obse,cracker_scene2,70,multiray
2999,13.048896074295044,0.07164802776242568,obse,cracker_scene2,70,multiray
3000,13.053383588790894,0.07155572960282014,obse,cracker_scene2,70,multiray
3001,13.058084726333618,0.07142796889227311,obse,cracker_scene2,70,multiray
3002,13.06224513053894,0.07142796889227311,obse,cracker_scene2,70,multiray
3003,13.066911697387695,0.0714819354896499,obse,cracker_scene2,70,multiray
3004,13.07118821144104,0.0718412148104844,obse,cracker_scene2,70,multiray
3005,13.075800895690918,0.0718412148104844,obse,cracker_scene2,70,multiray
3006,13.080288171768188,0.07189236901888818,obse,cracker_scene2,70,multiray
3007,13.084615468978882,0.07431409006086608,obse,cracker_scene2,70,multiray
3008,13.089048862457275,0.07414988870400904,obse,cracker_scene2,70,multiray
3009,13.093871355056763,0.07395577931151898,obse,cracker_scene2,70,multiray
3010,13.098591327667236,0.07364439678891765,obse,cracker_scene2,70,multiray
3011,13.10296106338501,0.07364439678891765,obse,cracker_scene2,70,multiray
3012,13.107630968093872,0.07387416223791303,obse,cracker_scene2,70,multiray
3013,13.112190961837769,0.07387416223791303,obse,cracker_scene2,70,multiray
3014,13.1163911819458,0.07361751982817488,obse,cracker_scene2,70,multiray
3015,13.121209383010864,0.0736976017546495,obse,cracker_scene2,70,multiray
3016,13.125755548477173,0.07401025139069577,obse,cracker_scene2,70,multiray
3017,13.130223751068115,0.07400577944496221,obse,cracker_scene2,70,multiray
3018,13.134788990020752,0.07400577944496221,obse,cracker_scene2,70,multiray
3019,13.13917875289917,0.07381428041258646,obse,cracker_scene2,70,multiray
3020,13.14356255531311,0.07381428041258646,obse,cracker_scene2,70,multiray
3021,13.148101806640625,0.07348444244143863,obse,cracker_scene2,70,multiray
3022,13.15215802192688,0.07348444244143863,obse,cracker_scene2,70,multiray
3023,13.15640115737915,0.07375884348363525,obse,cracker_scene2,70,multiray
3024,13.160765647888184,0.07375884348363525,obse,cracker_scene2,70,multiray
3025,13.165130853652954,0.07361766817794721,obse,cracker_scene2,70,multiray
3026,13.169778823852539,0.07361766817794721,obse,cracker_scene2,70,multiray
3027,13.174454927444458,0.07391616591452124,obse,cracker_scene2,70,multiray
3028,13.179355144500732,0.07391616591452124,obse,cracker_scene2,70,multiray
3029,13.183647394180298,0.07391616591452124,obse,cracker_scene2,70,multiray
3030,13.1885085105896,0.07341979377915737,obse,cracker_scene2,70,multiray
3031,13.193264245986938,0.07341979377915737,obse,cracker_scene2,70,multiray
3032,13.197762727737427,0.07340670675289236,obse,cracker_scene2,70,multiray
3033,13.202042579650879,0.07340670675289236,obse,cracker_scene2,70,multiray
3034,13.206488370895386,0.0734542209218971,obse,cracker_scene2,70,multiray
3035,13.211261510848999,0.0734542209218971,obse,cracker_scene2,70,multiray
3036,13.216813325881958,0.07338874027061068,obse,cracker_scene2,70,multiray
3037,13.221583843231201,0.0735464338618417,obse,cracker_scene2,70,multiray
3038,13.226186990737915,0.0735464338618417,obse,cracker_scene2,70,multiray
3039,13.2304527759552,0.07385939275572029,obse,cracker_scene2,70,multiray
3040,13.23452615737915,0.07385939275572029,obse,cracker_scene2,70,multiray
3041,13.238923072814941,0.07100295609093922,obse,cracker_scene2,70,multiray
3042,13.243723630905151,0.07025994788181698,obse,cracker_scene2,70,multiray
3043,13.24812650680542,0.06986351186806336,obse,cracker_scene2,70,multiray
3044,13.252565860748291,0.0695930175151202,obse,cracker_scene2,70,multiray
3045,13.25696587562561,0.06957920209246515,obse,cracker_scene2,70,multiray
3046,13.261454582214355,0.06957920209246515,obse,cracker_scene2,70,multiray
3047,13.265844106674194,0.0698589033539984,obse,cracker_scene2,70,multiray
3048,13.270277976989746,0.0698020255266587,obse,cracker_scene2,70,multiray
3049,13.27493405342102,0.06980048205159757,obse,cracker_scene2,70,multiray
3050,13.279370307922363,0.06976836166925598,obse,cracker_scene2,70,multiray
3051,13.283852815628052,0.06976053237714822,obse,cracker_scene2,70,multiray
3052,13.288128852844238,0.06974753378425018,obse,cracker_scene2,70,multiray
3053,13.29271650314331,0.06974753378425018,obse,cracker_scene2,70,multiray
3054,13.297046422958374,0.06975731283450123,obse,cracker_scene2,70,multiray
3055,13.301817178726196,0.06975731283450123,obse,cracker_scene2,70,multiray
3056,13.305984497070312,0.0697523821363005,obse,cracker_scene2,70,multiray
3057,13.310643434524536,0.0697696720301434,obse,cracker_scene2,70,multiray
3058,13.314984321594238,0.3315229966005034,obse,cracker_scene2,70,multiray
3059,13.319243431091309,0.33190397575095165,obse,cracker_scene2,70,multiray
3060,13.323798894882202,0.33187006888754744,obse,cracker_scene2,70,multiray
3061,13.328859806060791,0.38739972764694347,obse,cracker_scene2,70,multiray
3062,13.333305358886719,0.38689310554655176,obse,cracker_scene2,70,multiray
3063,13.337470531463623,0.38689310554655176,obse,cracker_scene2,70,multiray
3064,13.34227204322815,0.3868234676742774,obse,cracker_scene2,70,multiray
3065,13.347169399261475,0.3871521438385382,obse,cracker_scene2,70,multiray
3066,13.35166597366333,0.3871521438385382,obse,cracker_scene2,70,multiray
3067,13.356040477752686,0.3871521438385382,obse,cracker_scene2,70,multiray
3068,13.361443281173706,0.38671282882466734,obse,cracker_scene2,70,multiray
3069,13.365968704223633,0.38671282882466734,obse,cracker_scene2,70,multiray
3070,13.37044382095337,0.3867157151943258,obse,cracker_scene2,70,multiray
3071,13.375134229660034,0.3865405783510583,obse,cracker_scene2,70,multiray
3072,13.380131244659424,0.3863942128644153,obse,cracker_scene2,70,multiray
3073,13.384280443191528,0.3863942128644153,obse,cracker_scene2,70,multiray
3074,13.389413833618164,0.3861934340892758,obse,cracker_scene2,70,multiray
3075,13.394163846969604,0.3858780291123757,obse,cracker_scene2,70,multiray
3076,13.39889669418335,0.3861275827275126,obse,cracker_scene2,70,multiray
3077,13.403418779373169,0.3861275827275126,obse,cracker_scene2,70,multiray
3078,13.408240556716919,0.38603616406839963,obse,cracker_scene2,70,multiray
3079,13.413052797317505,0.30845351657291115,obse,cracker_scene2,70,multiray
3080,13.417392492294312,0.3083073225382279,obse,cracker_scene2,70,multiray
3081,13.422029972076416,0.3047710508598917,obse,cracker_scene2,70,multiray
3082,13.426818370819092,0.3047710508598917,obse,cracker_scene2,70,multiray
3083,13.431302309036255,0.30471348755244143,obse,cracker_scene2,70,multiray
3084,13.435588359832764,0.30471348755244143,obse,cracker_scene2,70,multiray
3085,13.440009355545044,0.305212750871434,obse,cracker_scene2,70,multiray
3086,13.444677829742432,0.305212750871434,obse,cracker_scene2,70,multiray
3087,13.4490647315979,0.3047744628703625,obse,cracker_scene2,70,multiray
3088,13.453405380249023,0.3047744628703625,obse,cracker_scene2,70,multiray
3089,13.457880973815918,0.304705713940711,obse,cracker_scene2,70,multiray
3090,13.462376594543457,0.304705713940711,obse,cracker_scene2,70,multiray
3091,13.466783046722412,0.3049108766245656,obse,cracker_scene2,70,multiray
3092,13.470903396606445,0.304608931653809,obse,cracker_scene2,70,multiray
3093,13.475626707077026,0.3044457958367395,obse,cracker_scene2,70,multiray
3094,13.480002164840698,0.3047456555808272,obse,cracker_scene2,70,multiray
3095,13.484272241592407,0.3047456555808272,obse,cracker_scene2,70,multiray
3096,13.488510847091675,0.3047293602905003,obse,cracker_scene2,70,multiray
3097,13.493309736251831,0.3047293602905003,obse,cracker_scene2,70,multiray
3098,13.497732877731323,0.23542915406379486,obse,cracker_scene2,70,multiray
3099,13.501933097839355,0.22988747163607454,obse,cracker_scene2,70,multiray
3100,13.506315231323242,0.23010708681087583,obse,cracker_scene2,70,multiray
3101,13.510872602462769,0.23010708681087583,obse,cracker_scene2,70,multiray
3102,13.515217781066895,0.22968799868141998,obse,cracker_scene2,70,multiray
3103,13.51955270767212,0.22968799868141998,obse,cracker_scene2,70,multiray
3104,13.523989915847778,0.22952911013982744,obse,cracker_scene2,70,multiray
3105,13.528440237045288,0.22952911013982744,obse,cracker_scene2,70,multiray
3106,13.532925605773926,0.22947798360153007,obse,cracker_scene2,70,multiray
3107,13.536908864974976,0.22947798360153007,obse,cracker_scene2,70,multiray
3108,13.54135799407959,0.22934028737223533,obse,cracker_scene2,70,multiray
3109,13.545965433120728,0.22923914230675094,obse,cracker_scene2,70,multiray
3110,13.55035400390625,0.22956301326575346,obse,cracker_scene2,70,multiray
3111,13.554665565490723,0.16747892209432902,obse,cracker_scene2,70,multiray
3112,13.559396266937256,0.1600803287444672,obse,cracker_scene2,70,multiray
3113,13.563749551773071,0.16028218234403252,obse,cracker_scene2,70,multiray
3114,13.567886114120483,0.16028218234403252,obse,cracker_scene2,70,multiray
3115,13.572120428085327,0.15989137484892763,obse,cracker_scene2,70,multiray
3116,13.576669216156006,0.15989137484892763,obse,cracker_scene2,70,multiray
3117,13.580942392349243,0.15989137484892763,obse,cracker_scene2,70,multiray
3118,13.585444211959839,0.1598210278309999,obse,cracker_scene2,70,multiray
3119,13.589827537536621,0.16014618917359802,obse,cracker_scene2,70,multiray
3120,13.594342231750488,0.16014618917359802,obse,cracker_scene2,70,multiray
3121,13.598729372024536,0.15966922282625498,obse,cracker_scene2,70,multiray
3122,13.60282826423645,0.15966922282625498,obse,cracker_scene2,70,multiray
3123,13.607187747955322,0.5593860555752136,obse,cracker_scene2,70,multiray
3124,13.611862897872925,0.6358535505680539,obse,cracker_scene2,70,multiray
3125,13.616203784942627,0.6358153780749698,obse,cracker_scene2,70,multiray
3126,13.620421171188354,0.6358153780749698,obse,cracker_scene2,70,multiray
3127,13.624791145324707,0.6357273118443476,obse,cracker_scene2,70,multiray
3128,13.62951111793518,0.6357245294777789,obse,cracker_scene2,70,multiray
3129,13.633968591690063,0.640687436759688,obse,cracker_scene2,70,multiray
3130,13.638084173202515,0.6410633650764046,obse,cracker_scene2,70,multiray
3131,13.642885208129883,0.6409320183781012,obse,cracker_scene2,70,multiray
3132,13.647263288497925,0.6404954791797063,obse,cracker_scene2,70,multiray
3133,13.65156602859497,0.6404954791797063,obse,cracker_scene2,70,multiray
3134,13.655901670455933,0.6405040572666671,obse,cracker_scene2,70,multiray
3135,13.660445928573608,0.6405040572666671,obse,cracker_scene2,70,multiray
3136,13.66488003730774,0.59139282563542,obse,cracker_scene2,70,multiray
3137,13.66908049583435,0.58326210043761,obse,cracker_scene2,70,multiray
3138,13.673478603363037,0.5831827556179279,obse,cracker_scene2,70,multiray
3139,13.678037405014038,0.5818257638113142,obse,cracker_scene2,70,multiray
3140,13.68271780014038,0.5817516655027843,obse,cracker_scene2,70,multiray
3141,13.687046766281128,0.5817516655027843,obse,cracker_scene2,70,multiray
3142,13.692042589187622,0.581659039958811,obse,cracker_scene2,70,multiray
3143,13.696500062942505,0.5819822546003323,obse,cracker_scene2,70,multiray
3144,13.700946807861328,0.5819822546003323,obse,cracker_scene2,70,multiray
3145,13.705256938934326,0.5818195502254637,obse,cracker_scene2,70,multiray
3146,13.71007752418518,0.5814291814153334,obse,cracker_scene2,70,multiray
3147,13.714374780654907,0.5812980740585089,obse,cracker_scene2,70,multiray
3148,13.718716144561768,0.5812980740585089,obse,cracker_scene2,70,multiray
3149,13.72343635559082,0.06253417403730886,obse,cracker_scene2,70,multiray
3150,13.727999448776245,0.07778778765518121,obse,cracker_scene2,70,multiray
3151,13.732537031173706,0.08051858445245962,obse,cracker_scene2,70,multiray
3152,13.736989974975586,0.08051858445245962,obse,cracker_scene2,70,multiray
3153,13.741658210754395,0.08046096970285264,obse,cracker_scene2,70,multiray
3154,13.745927333831787,0.08046096970285264,obse,cracker_scene2,70,multiray
3155,13.75060749053955,0.08047107895059956,obse,cracker_scene2,70,multiray
3156,13.755089282989502,0.08043354555885127,obse,cracker_scene2,70,multiray
3157,13.759592533111572,0.08043354555885127,obse,cracker_scene2,70,multiray
3158,13.764052629470825,0.08047828331532281,obse,cracker_scene2,70,multiray
3159,13.76843547821045,0.08047828331532281,obse,cracker_scene2,70,multiray
3160,13.772939682006836,0.08038124907412128,obse,cracker_scene2,70,multiray
3161,13.777413606643677,0.08038124907412128,obse,cracker_scene2,70,multiray
3162,13.78164029121399,0.08045741178714234,obse,cracker_scene2,70,multiray
3163,13.786112785339355,0.8703386413191768,obse,cracker_scene2,70,multiray
3164,13.790666341781616,0.9004635429809608,obse,cracker_scene2,70,multiray
3165,13.79490327835083,0.9004635429809608,obse,cracker_scene2,70,multiray
3166,13.799410581588745,0.9008333639235624,obse,cracker_scene2,70,multiray
3167,13.803658485412598,0.9005359462044706,obse,cracker_scene2,70,multiray
3168,13.808417797088623,0.9006028865492226,obse,cracker_scene2,70,multiray
3169,13.812930583953857,0.9009944785053944,obse,cracker_scene2,70,multiray
3170,13.81714153289795,0.9009944785053944,obse,cracker_scene2,70,multiray
3171,13.821540832519531,0.9010440763121933,obse,cracker_scene2,70,multiray
3172,13.825869798660278,0.9010273568590198,obse,cracker_scene2,70,multiray
3173,13.83055830001831,0.9010373840645612,obse,cracker_scene2,70,multiray
3174,13.835228443145752,0.9011168398990642,obse,cracker_scene2,70,multiray
3175,13.83967113494873,0.9007941941979517,obse,cracker_scene2,70,multiray
3176,13.844499826431274,0.2852656054255984,obse,cracker_scene2,70,multiray
3177,13.849027633666992,0.2853179379438541,obse,cracker_scene2,70,multiray
3178,13.85359239578247,0.26225535189633975,obse,cracker_scene2,70,multiray
3179,13.858263492584229,0.2626527983691683,obse,cracker_scene2,70,multiray
3180,13.862756252288818,0.2626527983691683,obse,cracker_scene2,70,multiray
3181,13.867319345474243,0.2627255571441824,obse,cracker_scene2,70,multiray
3182,13.87169599533081,0.2624438270718113,obse,cracker_scene2,70,multiray
3183,13.876245021820068,0.2624438270718113,obse,cracker_scene2,70,multiray
3184,13.880834817886353,0.2628699391559646,obse,cracker_scene2,70,multiray
3185,13.885253190994263,0.2628699391559646,obse,cracker_scene2,70,multiray
3186,13.889859676361084,0.26292841153010404,obse,cracker_scene2,70,multiray
3187,13.894392490386963,0.511989867409255,obse,cracker_scene2,70,multiray
3188,13.898988485336304,0.5500782104434964,obse,cracker_scene2,70,multiray
3189,13.90324330329895,0.5500782104434964,obse,cracker_scene2,70,multiray
3190,13.90786075592041,0.5502223783174499,obse,cracker_scene2,70,multiray
3191,13.912294387817383,0.5502223783174499,obse,cracker_scene2,70,multiray
3192,13.916765451431274,0.5500042318935536,obse,cracker_scene2,70,multiray
3193,13.921481847763062,0.5499888095394945,obse,cracker_scene2,70,multiray
3194,13.925981283187866,0.5499888095394945,obse,cracker_scene2,70,multiray
3195,13.930453300476074,0.5504634770997194,obse,cracker_scene2,70,multiray
3196,13.93489146232605,0.5504634770997194,obse,cracker_scene2,70,multiray
3197,13.9393310546875,0.5501544667699579,obse,cracker_scene2,70,multiray
3198,13.943941116333008,0.5501544667699579,obse,cracker_scene2,70,multiray
3199,13.94848108291626,0.5505194913434853,obse,cracker_scene2,70,multiray
3200,13.953003644943237,0.5505194913434853,obse,cracker_scene2,70,multiray
3201,13.957536458969116,0.5506065416012711,obse,cracker_scene2,70,multiray
3202,13.961871862411499,0.5506065416012711,obse,cracker_scene2,70,multiray
3203,13.966632604598999,0.6488253142142365,obse,cracker_scene2,70,multiray
3204,13.971043825149536,0.6488253142142365,obse,cracker_scene2,70,multiray
3205,13.975626468658447,0.6488529045057113,obse,cracker_scene2,70,multiray
3206,13.980007886886597,0.6490012318265507,obse,cracker_scene2,70,multiray
3207,13.984174251556396,0.6490012318265507,obse,cracker_scene2,70,multiray
3208,13.988966464996338,0.6486922436084402,obse,cracker_scene2,70,multiray
3209,13.993330955505371,0.6486922436084402,obse,cracker_scene2,70,multiray
3210,13.99787712097168,0.6487263275212594,obse,cracker_scene2,70,multiray
3211,14.002362728118896,0.6487263275212594,obse,cracker_scene2,70,multiray
3212,14.007007122039795,0.6487369924767818,obse,cracker_scene2,70,multiray
3213,14.011424541473389,0.6487369924767818,obse,cracker_scene2,70,multiray
3214,14.016098022460938,0.6491205111539563,obse,cracker_scene2,70,multiray
3215,14.020503282546997,0.6491205111539563,obse,cracker_scene2,70,multiray
3216,14.02479887008667,0.6491324283965557,obse,cracker_scene2,70,multiray
3217,14.029287576675415,0.6491324283965557,obse,cracker_scene2,70,multiray
3218,14.034106969833374,0.6488074615313888,obse,cracker_scene2,70,multiray
3219,14.038858890533447,0.6488074615313888,obse,cracker_scene2,70,multiray
3220,14.04329228401184,0.6488792186006253,obse,cracker_scene2,70,multiray
3221,14.047970294952393,0.6488792186006253,obse,cracker_scene2,70,multiray
3222,14.052474975585938,0.648999252816394,obse,cracker_scene2,70,multiray
3223,14.056806087493896,0.648999252816394,obse,cracker_scene2,70,multiray
3224,14.061154127120972,0.6493867111196888,obse,cracker_scene2,70,multiray
3225,14.065484046936035,0.649414976350025,obse,cracker_scene2,70,multiray
3226,14.06991720199585,0.649414976350025,obse,cracker_scene2,70,multiray
3227,14.074029207229614,0.649414976350025,obse,cracker_scene2,70,multiray
3228,14.078631162643433,0.6494162470996492,obse,cracker_scene2,70,multiray
3229,14.083333730697632,0.6490651572350296,obse,cracker_scene2,70,multiray
3230,14.08794641494751,0.6490933034611971,obse,cracker_scene2,70,multiray
3231,14.092187881469727,0.6490933034611971,obse,cracker_scene2,70,multiray
3232,14.096781015396118,0.6494957441861294,obse,cracker_scene2,70,multiray
3233,14.101228713989258,0.6494957441861294,obse,cracker_scene2,70,multiray
3234,14.105610847473145,0.6494957441861294,obse,cracker_scene2,70,multiray
3235,14.110146045684814,0.64922085135301,obse,cracker_scene2,70,multiray
3236,14.11451268196106,0.6492231109404571,obse,cracker_scene2,70,multiray
3237,14.118665218353271,0.6492231109404571,obse,cracker_scene2,70,multiray
3238,14.123244524002075,0.6492209282830399,obse,cracker_scene2,70,multiray
3239,14.128154277801514,0.6492835409992924,obse,cracker_scene2,70,multiray
3240,14.132384061813354,0.6496477420275324,obse,cracker_scene2,70,multiray
3241,14.13692855834961,0.6497913166807349,obse,cracker_scene2,70,multiray
3242,14.141071319580078,0.6497913166807349,obse,cracker_scene2,70,multiray
3243,14.145716428756714,0.6494938912067076,obse,cracker_scene2,70,multiray
3244,14.15019941329956,0.6494938912067076,obse,cracker_scene2,70,multiray
3245,14.15449070930481,0.6494938912067076,obse,cracker_scene2,70,multiray
3246,14.158965826034546,0.6495537475134656,obse,cracker_scene2,70,multiray
3247,14.16374397277832,0.6500452238183362,obse,cracker_scene2,70,multiray
3248,14.168272733688354,0.6500452238183362,obse,cracker_scene2,70,multiray
3249,14.17299747467041,0.6500545003563655,obse,cracker_scene2,70,multiray
3250,14.177928447723389,0.6496888760788476,obse,cracker_scene2,70,multiray
3251,14.182496070861816,0.6498014206910343,obse,cracker_scene2,70,multiray
3252,14.187269687652588,0.6498447609156802,obse,cracker_scene2,70,multiray
3253,14.192411184310913,0.6503524373491791,obse,cracker_scene2,70,multiray
3254,14.197755098342896,0.6503314783620284,obse,cracker_scene2,70,multiray
3255,14.203449964523315,0.6503314783620284,obse,cracker_scene2,70,multiray
3256,14.207798957824707,0.6503850213979699,obse,cracker_scene2,70,multiray
3257,14.212110757827759,0.6503871336862331,obse,cracker_scene2,70,multiray
3258,14.216347932815552,0.6504044737956886,obse,cracker_scene2,70,multiray
3259,14.220377206802368,0.6504044737956886,obse,cracker_scene2,70,multiray
3260,14.224471092224121,0.6504044737956886,obse,cracker_scene2,70,multiray
3261,14.228640794754028,0.6504044737956886,obse,cracker_scene2,70,multiray
3262,14.232689380645752,0.6504044737956886,obse,cracker_scene2,70,multiray
3263,14.237779140472412,0.6503157838253888,obse,cracker_scene2,70,multiray
3264,14.243323564529419,0.6503157838253888,obse,cracker_scene2,70,multiray
3265,14.248008012771606,0.6506062186484908,obse,cracker_scene2,70,multiray
3266,14.252226829528809,0.6507242189412865,obse,cracker_scene2,70,multiray
3267,14.256593704223633,0.6504532334434242,obse,cracker_scene2,70,multiray
3268,14.260948896408081,0.6504532334434242,obse,cracker_scene2,70,multiray
3269,14.265242099761963,0.6504556037730673,obse,cracker_scene2,70,multiray
3270,14.269302368164062,0.6504556037730673,obse,cracker_scene2,70,multiray
3271,14.273620367050171,0.6504805551940912,obse,cracker_scene2,70,multiray
3272,14.277989387512207,0.6504805551940912,obse,cracker_scene2,70,multiray
3273,14.283151865005493,0.6508683860229072,obse,cracker_scene2,70,multiray
3274,14.287580013275146,0.6509283837907893,obse,cracker_scene2,70,multiray
3275,14.29215383529663,0.6509283837907893,obse,cracker_scene2,70,multiray
3276,14.296631097793579,0.6505665283832004,obse,cracker_scene2,70,multiray
3277,14.301128387451172,0.650621304522756,obse,cracker_scene2,70,multiray
3278,14.305553674697876,0.6510505546528564,obse,cracker_scene2,70,multiray
3279,14.310163259506226,0.6510505546528564,obse,cracker_scene2,70,multiray
3280,14.314671754837036,0.6507428809978308,obse,cracker_scene2,70,multiray
3281,14.318794250488281,0.6507428809978308,obse,cracker_scene2,70,multiray
3282,14.323365926742554,0.6512135056564741,obse,cracker_scene2,70,multiray
3283,14.327646493911743,0.6512135056564741,obse,cracker_scene2,70,multiray
3284,14.332191228866577,0.6512615375864842,obse,cracker_scene2,70,multiray
3285,14.336551427841187,0.6512615375864842,obse,cracker_scene2,70,multiray
3286,14.341225862503052,0.6513087960505415,obse,cracker_scene2,70,multiray
3287,14.345437288284302,0.6513087960505415,obse,cracker_scene2,70,multiray
3288,14.350009679794312,0.6513459230933454,obse,cracker_scene2,70,multiray
3289,14.354260206222534,0.6513449764809891,obse,cracker_scene2,70,multiray
3290,14.358626365661621,0.6513637565788389,obse,cracker_scene2,70,multiray
3291,14.36307430267334,0.6510463222842657,obse,cracker_scene2,70,multiray
3292,14.367568016052246,0.6510463222842657,obse,cracker_scene2,70,multiray
3293,14.371933460235596,0.6513961776440331,obse,cracker_scene2,70,multiray
3294,14.37630558013916,0.6513961776440331,obse,cracker_scene2,70,multiray
3295,14.380684852600098,0.6515064452261586,obse,cracker_scene2,70,multiray
3296,14.38472032546997,0.6515064452261586,obse,cracker_scene2,70,multiray
3297,14.389370441436768,0.6515578511497365,obse,cracker_scene2,70,multiray
3298,14.393654108047485,0.6515578511497365,obse,cracker_scene2,70,multiray
3299,14.398165225982666,0.6513049396328601,obse,cracker_scene2,70,multiray
3300,14.402257442474365,0.6513049396328601,obse,cracker_scene2,70,multiray
3301,14.406716108322144,0.6514293139887044,obse,cracker_scene2,70,multiray
3302,14.411240577697754,0.6514293139887044,obse,cracker_scene2,70,multiray
3303,14.41589641571045,0.6517748431418573,obse,cracker_scene2,70,multiray
3304,14.420018434524536,0.6517748431418573,obse,cracker_scene2,70,multiray
3305,14.424569606781006,0.6517798627864134,obse,cracker_scene2,70,multiray
3306,14.428898811340332,0.6517633350631354,obse,cracker_scene2,70,multiray
3307,14.433418989181519,0.6518079165572683,obse,cracker_scene2,70,multiray
3308,14.437825441360474,0.6518094697671653,obse,cracker_scene2,70,multiray
3309,14.442575216293335,0.6518474057863778,obse,cracker_scene2,70,multiray
3310,14.447012662887573,0.6518474057863778,obse,cracker_scene2,70,multiray
3311,14.451264142990112,0.6518593661682642,obse,cracker_scene2,70,multiray
3312,14.455727577209473,0.6519002568258541,obse,cracker_scene2,70,multiray
3313,14.45997405052185,0.65198058207296,obse,cracker_scene2,70,multiray
3314,14.464319944381714,0.65198058207296,obse,cracker_scene2,70,multiray
3315,14.468566656112671,0.65198058207296,obse,cracker_scene2,70,multiray
3316,14.472981452941895,0.6517477745829792,obse,cracker_scene2,70,multiray
3317,14.477550745010376,0.6517477745829792,obse,cracker_scene2,70,multiray
3318,14.482015132904053,0.6518210104304086,obse,cracker_scene2,70,multiray
3319,14.486287117004395,0.6518210104304086,obse,cracker_scene2,70,multiray
3320,14.49050784111023,0.6518210104304086,obse,cracker_scene2,70,multiray
3321,14.4949471950531,0.6508247913659442,obse,cracker_scene2,70,multiray
3322,14.499189138412476,0.6512112163649136,obse,cracker_scene2,70,multiray
3323,14.503270387649536,0.6512112163649136,obse,cracker_scene2,70,multiray
3324,14.507858753204346,0.6508217096554041,obse,cracker_scene2,70,multiray
3325,14.512542724609375,0.6508217096554041,obse,cracker_scene2,70,multiray
3326,14.516658782958984,0.6508217096554041,obse,cracker_scene2,70,multiray
3327,14.520781517028809,0.6508217096554041,obse,cracker_scene2,70,multiray
3328,14.525361061096191,0.6505439452335947,obse,cracker_scene2,70,multiray
3329,14.52961540222168,0.6509136375816565,obse,cracker_scene2,70,multiray
3330,14.533859729766846,0.6509303881612182,obse,cracker_scene2,70,multiray
3331,14.538241863250732,0.6509303881612182,obse,cracker_scene2,70,multiray
3332,14.54255986213684,0.6506915518546942,obse,cracker_scene2,70,multiray
3333,14.547215223312378,0.650988085551051,obse,cracker_scene2,70,multiray
3334,14.551509141921997,0.6511092212881344,obse,cracker_scene2,70,multiray
3335,14.555951595306396,0.6511092212881344,obse,cracker_scene2,70,multiray
3336,14.560616254806519,0.6511886510621143,obse,cracker_scene2,70,multiray
3337,14.565053462982178,0.6511886510621143,obse,cracker_scene2,70,multiray
3338,14.569588899612427,0.6512224146818061,obse,cracker_scene2,70,multiray
3339,14.573684692382812,0.6512224146818061,obse,cracker_scene2,70,multiray
3340,14.578418970108032,0.6509277015866658,obse,cracker_scene2,70,multiray
3341,14.582672357559204,0.6513570703448432,obse,cracker_scene2,70,multiray
3342,14.587458372116089,0.651391097169936,obse,cracker_scene2,70,multiray
3343,14.592120885848999,0.6510970674113176,obse,cracker_scene2,70,multiray
3344,14.596871137619019,0.6514821935249586,obse,cracker_scene2,70,multiray
3345,14.601307153701782,0.6516146075343215,obse,cracker_scene2,70,multiray
3346,14.605767726898193,0.6513386600378183,obse,cracker_scene2,70,multiray
3347,14.610484600067139,0.6513386600378183,obse,cracker_scene2,70,multiray
3348,14.614901304244995,0.6513614797245246,obse,cracker_scene2,70,multiray
3349,14.619032621383667,0.6513614797245246,obse,cracker_scene2,70,multiray
3350,14.623287439346313,0.6518257954514061,obse,cracker_scene2,70,multiray
3351,14.627991914749146,0.6518257954514061,obse,cracker_scene2,70,multiray
3352,14.63252067565918,0.6515225127161899,obse,cracker_scene2,70,multiray
3353,14.637045621871948,0.6515225127161899,obse,cracker_scene2,70,multiray
3354,14.641779661178589,0.6518872152345331,obse,cracker_scene2,70,multiray
3355,14.64616084098816,0.6518872152345331,obse,cracker_scene2,70,multiray
3356,14.650399208068848,0.6519412068500336,obse,cracker_scene2,70,multiray
3357,14.654619693756104,0.6516262855933649,obse,cracker_scene2,70,multiray
3358,14.658944129943848,0.6516262855933649,obse,cracker_scene2,70,multiray
3359,14.663162469863892,0.6521242671521179,obse,cracker_scene2,70,multiray
3360,14.667261600494385,0.6521242671521179,obse,cracker_scene2,70,multiray
3361,14.671442031860352,0.6522019837817885,obse,cracker_scene2,70,multiray
3362,14.67580533027649,0.6522019837817885,obse,cracker_scene2,70,multiray
3363,14.680579900741577,0.6522745734747936,obse,cracker_scene2,70,multiray
3364,14.68473744392395,0.6522745734747936,obse,cracker_scene2,70,multiray
3365,14.68914270401001,0.6523266832126269,obse,cracker_scene2,70,multiray
3366,14.693684816360474,0.6523266832126269,obse,cracker_scene2,70,multiray
3367,14.698034286499023,0.6519849103584098,obse,cracker_scene2,70,multiray
3368,14.702230215072632,0.6519849103584098,obse,cracker_scene2,70,multiray
3369,14.70650029182434,0.6520803892141626,obse,cracker_scene2,70,multiray
3370,14.711171865463257,0.6520803892141626,obse,cracker_scene2,70,multiray
3371,14.715590953826904,0.6521154296537637,obse,cracker_scene2,70,multiray
3372,14.719647407531738,0.6521154296537637,obse,cracker_scene2,70,multiray
3373,14.724175930023193,0.6522039636792057,obse,cracker_scene2,70,multiray
3374,14.728786706924438,0.6522039636792057,obse,cracker_scene2,70,multiray
3375,14.733227729797363,0.6523011603317139,obse,cracker_scene2,70,multiray
3376,14.737338542938232,0.6523011603317139,obse,cracker_scene2,70,multiray
3377,14.741960287094116,0.6524076357100055,obse,cracker_scene2,70,multiray
3378,14.746366024017334,0.6528086647759875,obse,cracker_scene2,70,multiray
3379,14.750367879867554,0.6528086647759875,obse,cracker_scene2,70,multiray
3380,14.754838228225708,0.6528086647759875,obse,cracker_scene2,70,multiray
3381,14.75958800315857,0.6528703484005635,obse,cracker_scene2,70,multiray
3382,14.764082670211792,0.6525670110303394,obse,cracker_scene2,70,multiray
3383,14.768414735794067,0.6525670110303394,obse,cracker_scene2,70,multiray
3384,14.772927045822144,0.6526872682079019,obse,cracker_scene2,70,multiray
3385,14.777477025985718,0.6526872682079019,obse,cracker_scene2,70,multiray
3386,14.782164812088013,0.6531601183072093,obse,cracker_scene2,70,multiray
3387,14.786467552185059,0.6531601183072093,obse,cracker_scene2,70,multiray
3388,14.791212797164917,0.6529899509888001,obse,cracker_scene2,70,multiray
3389,14.796016693115234,0.6533384168790276,obse,cracker_scene2,70,multiray
3390,14.80084753036499,0.6533513925748623,obse,cracker_scene2,70,multiray
3391,14.805176496505737,0.6534000118581065,obse,cracker_scene2,70,multiray
3392,14.809912204742432,0.6534000118581065,obse,cracker_scene2,70,multiray
3393,14.814480543136597,0.6534729106579065,obse,cracker_scene2,70,multiray
3394,14.818924188613892,0.6534729106579065,obse,cracker_scene2,70,multiray
3395,14.823495149612427,0.6532026980091589,obse,cracker_scene2,70,multiray
3396,14.8280770778656,0.6532026980091589,obse,cracker_scene2,70,multiray
3397,14.832661867141724,0.6537164065679972,obse,cracker_scene2,70,multiray
3398,14.837319135665894,0.6537164065679972,obse,cracker_scene2,70,multiray
3399,14.84204649925232,0.6534748237712045,obse,cracker_scene2,70,multiray
3400,14.846672534942627,0.6535508983904412,obse,cracker_scene2,70,multiray
3401,14.85074257850647,0.6535508983904412,obse,cracker_scene2,70,multiray
3402,14.854884624481201,0.6539308004497818,obse,cracker_scene2,70,multiray
3403,14.859424352645874,0.654009847255782,obse,cracker_scene2,70,multiray
3404,14.863683938980103,0.6540542210856086,obse,cracker_scene2,70,multiray
3405,14.867988109588623,0.6540542210856086,obse,cracker_scene2,70,multiray
3406,14.872204780578613,0.6538634173702796,obse,cracker_scene2,70,multiray
3407,14.877133131027222,0.6538634173702796,obse,cracker_scene2,70,multiray
3408,14.881754636764526,0.653822604797291,obse,cracker_scene2,70,multiray
3409,14.886308670043945,0.653822604797291,obse,cracker_scene2,70,multiray
3410,14.890899181365967,0.654317493268826,obse,cracker_scene2,70,multiray
3411,14.895468711853027,0.654317493268826,obse,cracker_scene2,70,multiray
3412,14.90026044845581,0.6544779065684011,obse,cracker_scene2,70,multiray
3413,14.90453314781189,0.6540774289313783,obse,cracker_scene2,70,multiray
3414,14.909272193908691,0.6541812826804992,obse,cracker_scene2,70,multiray
3415,14.913899660110474,0.6542515242849959,obse,cracker_scene2,70,multiray
3416,14.91797423362732,0.6542515242849959,obse,cracker_scene2,70,multiray
3417,14.92255163192749,0.6547389955335767,obse,cracker_scene2,70,multiray
3418,14.927086353302002,0.6547389955335767,obse,cracker_scene2,70,multiray
3419,14.931626319885254,0.6544634935225946,obse,cracker_scene2,70,multiray
3420,14.935966730117798,0.6544634935225946,obse,cracker_scene2,70,multiray
3421,14.940417051315308,0.654944030596246,obse,cracker_scene2,70,multiray
3422,14.944887161254883,0.654944030596246,obse,cracker_scene2,70,multiray
3423,14.949381113052368,0.6544065887431019,obse,cracker_scene2,70,multiray
3424,14.953807592391968,0.654449783746611,obse,cracker_scene2,70,multiray
3425,14.958481311798096,0.6545104567307715,obse,cracker_scene2,70,multiray
3426,14.963053941726685,0.6549990381089817,obse,cracker_scene2,70,multiray
3427,14.967369079589844,0.6549990381089817,obse,cracker_scene2,70,multiray
3428,14.971737384796143,0.655039398538437,obse,cracker_scene2,70,multiray
3429,14.976308584213257,0.655039398538437,obse,cracker_scene2,70,multiray
3430,14.980628728866577,0.6551642829207339,obse,cracker_scene2,70,multiray
3431,14.984776973724365,0.6551642829207339,obse,cracker_scene2,70,multiray
3432,14.98926830291748,0.655256435895197,obse,cracker_scene2,70,multiray
3433,14.993662118911743,0.655256435895197,obse,cracker_scene2,70,multiray
3434,14.998284339904785,0.65538986591059,obse,cracker_scene2,70,multiray
3435,15.002653360366821,0.65538986591059,obse,cracker_scene2,70,multiray
3436,15.007296562194824,0.655470030893245,obse,cracker_scene2,70,multiray
3437,15.011862516403198,0.655470030893245,obse,cracker_scene2,70,multiray
3438,15.016296863555908,0.6551693632216481,obse,cracker_scene2,70,multiray
3439,15.020734071731567,0.6552095127262936,obse,cracker_scene2,70,multiray
3440,15.02544093132019,0.6552203944940242,obse,cracker_scene2,70,multiray
3441,15.029785633087158,0.6556123588629267,obse,cracker_scene2,70,multiray
3442,15.034569025039673,0.6556738490083651,obse,cracker_scene2,70,multiray
3443,15.038947820663452,0.6557440940333875,obse,cracker_scene2,70,multiray
3444,15.04354453086853,0.6557440940333875,obse,cracker_scene2,70,multiray
3445,15.047698259353638,0.6557440940333875,obse,cracker_scene2,70,multiray
3446,15.052217721939087,0.6558227292268451,obse,cracker_scene2,70,multiray
3447,15.056477308273315,0.6555301172087145,obse,cracker_scene2,70,multiray
3448,15.060818910598755,0.6555301172087145,obse,cracker_scene2,70,multiray
3449,15.065121412277222,0.6559565728395745,obse,cracker_scene2,70,multiray
3450,15.069213151931763,0.6559565728395745,obse,cracker_scene2,70,multiray
3451,15.073610782623291,0.6560576791798721,obse,cracker_scene2,70,multiray
3452,15.078675985336304,0.6560576791798721,obse,cracker_scene2,70,multiray
3453,15.083331823348999,0.6561231118319293,obse,cracker_scene2,70,multiray
3454,15.087669610977173,0.6557515932673957,obse,cracker_scene2,70,multiray
3455,15.092321634292603,0.6557515932673957,obse,cracker_scene2,70,multiray
3456,15.0966317653656,0.6562002378430074,obse,cracker_scene2,70,multiray
3457,15.101067304611206,0.6562002378430074,obse,cracker_scene2,70,multiray
3458,15.105611562728882,0.6558883729678543,obse,cracker_scene2,70,multiray
3459,15.110308170318604,0.6558883729678543,obse,cracker_scene2,70,multiray
3460,15.114818096160889,0.6559161946482955,obse,cracker_scene2,70,multiray
3461,15.119170904159546,0.6559161946482955,obse,cracker_scene2,70,multiray
3462,15.123836278915405,0.656036762347911,obse,cracker_scene2,70,multiray
3463,15.128267049789429,0.656036762347911,obse,cracker_scene2,70,multiray
3464,15.132731676101685,0.6560420572192299,obse,cracker_scene2,70,multiray
3465,15.137099266052246,0.6560420572192299,obse,cracker_scene2,70,multiray
3466,15.141576766967773,0.6561230161450207,obse,cracker_scene2,70,multiray
3467,15.14610242843628,0.656555948018267,obse,cracker_scene2,70,multiray
3468,15.150605916976929,0.656555948018267,obse,cracker_scene2,70,multiray
3469,15.154978513717651,0.6562140961927831,obse,cracker_scene2,70,multiray
3470,15.15966272354126,0.6562140961927831,obse,cracker_scene2,70,multiray
3471,15.164114236831665,0.6562650491997312,obse,cracker_scene2,70,multiray
3472,15.168542385101318,0.6562650491997312,obse,cracker_scene2,70,multiray
3473,15.172930479049683,0.6563138510947513,obse,cracker_scene2,70,multiray
3474,15.177308559417725,0.6563138510947513,obse,cracker_scene2,70,multiray
3475,15.18193793296814,0.6565904273350716,obse,cracker_scene2,70,multiray
3476,15.186071872711182,0.6565904273350716,obse,cracker_scene2,70,multiray
3477,15.190944910049438,0.6567346547897657,obse,cracker_scene2,70,multiray
3478,15.195381879806519,0.6567346547897657,obse,cracker_scene2,70,multiray
3479,15.200226783752441,0.6563785547177944,obse,cracker_scene2,70,multiray
3480,15.204412460327148,0.656354795937851,obse,cracker_scene2,70,multiray
3481,15.209062814712524,0.6563607148295799,obse,cracker_scene2,70,multiray
3482,15.213757514953613,0.656381219180909,obse,cracker_scene2,70,multiray
3483,15.218233346939087,0.656381219180909,obse,cracker_scene2,70,multiray
3484,15.224723815917969,0.6568063854434953,obse,cracker_scene2,70,multiray
3485,15.231515169143677,0.6568032798719117,obse,cracker_scene2,70,multiray
3486,15.23806095123291,0.6568032798719117,obse,cracker_scene2,70,multiray
3487,15.243125915527344,0.6567944310136907,obse,cracker_scene2,70,multiray
3488,15.247983932495117,0.6567944310136907,obse,cracker_scene2,70,multiray
3489,15.252912282943726,0.6567836083274033,obse,cracker_scene2,70,multiray
3490,15.258161544799805,0.6567836083274033,obse,cracker_scene2,70,multiray
3491,15.263032674789429,0.6568241265143577,obse,cracker_scene2,70,multiray
3492,15.267597436904907,0.6568241265143577,obse,cracker_scene2,70,multiray
3493,15.272186994552612,0.6568387495290585,obse,cracker_scene2,70,multiray
3494,15.277113676071167,0.6568387495290585,obse,cracker_scene2,70,multiray
3495,15.282931804656982,0.6564705026643399,obse,cracker_scene2,70,multiray
3496,15.286989688873291,0.6564705026643399,obse,cracker_scene2,70,multiray
3497,15.291300773620605,0.6568526779592055,obse,cracker_scene2,70,multiray
3498,15.295398712158203,0.656866583538861,obse,cracker_scene2,70,multiray
3499,15.299579858779907,0.656878941378316,obse,cracker_scene2,70,multiray
3500,15.30360746383667,0.656878941378316,obse,cracker_scene2,70,multiray
3501,15.30827260017395,0.6568712733119039,obse,cracker_scene2,70,multiray
3502,15.31256365776062,0.6568712733119039,obse,cracker_scene2,70,multiray
3503,15.31695008277893,0.6568637882266161,obse,cracker_scene2,70,multiray
3504,15.321110486984253,0.6568637882266161,obse,cracker_scene2,70,multiray
3505,15.32566785812378,0.6564822262410861,obse,cracker_scene2,70,multiray
3506,15.329909563064575,0.6564822262410861,obse,cracker_scene2,70,multiray
3507,15.334100484848022,0.6564822262410861,obse,cracker_scene2,70,multiray
3508,15.338872909545898,0.6568730105916046,obse,cracker_scene2,70,multiray
3509,15.343293905258179,0.6568730105916046,obse,cracker_scene2,70,multiray
3510,15.347973346710205,0.6568443504334635,obse,cracker_scene2,70,multiray
3511,15.352492094039917,0.6568352736345405,obse,cracker_scene2,70,multiray
3512,15.356718063354492,0.6564751294266404,obse,cracker_scene2,70,multiray
3513,15.361381769180298,0.6568354999033058,obse,cracker_scene2,70,multiray
3514,15.36565613746643,0.6568244274316042,obse,cracker_scene2,70,multiray
3515,15.37001371383667,0.6568244274316042,obse,cracker_scene2,70,multiray
3516,15.374510049819946,0.6564487889017956,obse,cracker_scene2,70,multiray
3517,15.379037380218506,0.6564487889017956,obse,cracker_scene2,70,multiray
3518,15.383512020111084,0.6564608646967012,obse,cracker_scene2,70,multiray
3519,15.388164520263672,0.6564497355109029,obse,cracker_scene2,70,multiray
3520,15.392876863479614,0.6568436209693564,obse,cracker_scene2,70,multiray
3521,15.398884057998657,0.6568169696055021,obse,cracker_scene2,70,multiray
3522,15.403061389923096,0.6568169696055021,obse,cracker_scene2,70,multiray
3523,15.407546758651733,0.6564461977053013,obse,cracker_scene2,70,multiray
3524,15.41194224357605,0.6564461977053013,obse,cracker_scene2,70,multiray
3525,15.41749119758606,0.656833220077969,obse,cracker_scene2,70,multiray
3526,15.422486782073975,0.656833945617988,obse,cracker_scene2,70,multiray
3527,15.427160263061523,0.6568231622587679,obse,cracker_scene2,70,multiray
3528,15.431859016418457,0.6568191176424055,obse,cracker_scene2,70,multiray
3529,15.436435461044312,0.6564319284211356,obse,cracker_scene2,70,multiray
3530,15.44094705581665,0.6568466477543903,obse,cracker_scene2,70,multiray
3531,15.445430278778076,0.6568466477543903,obse,cracker_scene2,70,multiray
3532,15.44987440109253,0.656801728368428,obse,cracker_scene2,70,multiray
3533,15.454460144042969,0.6568406973645162,obse,cracker_scene2,70,multiray
3534,15.45940899848938,0.6568406973645162,obse,cracker_scene2,70,multiray
3535,15.463930606842041,0.6568196232536331,obse,cracker_scene2,70,multiray
3536,15.468218088150024,0.6568196232536331,obse,cracker_scene2,70,multiray
3537,15.472635269165039,0.6564433327106891,obse,cracker_scene2,70,multiray
3538,15.47716236114502,0.6564433327106891,obse,cracker_scene2,70,multiray
3539,15.48160195350647,0.6565394323903451,obse,cracker_scene2,70,multiray
3540,15.485802412033081,0.6565394323903451,obse,cracker_scene2,70,multiray
3541,15.489994764328003,0.6564346021762174,obse,cracker_scene2,70,multiray
3542,15.494630813598633,0.6564429113517449,obse,cracker_scene2,70,multiray
3543,15.499183416366577,0.6568591442675318,obse,cracker_scene2,70,multiray
3544,15.50328016281128,0.6568591442675318,obse,cracker_scene2,70,multiray
3545,15.508148193359375,0.6568473731240982,obse,cracker_scene2,70,multiray
3546,15.51246166229248,0.6568567126875076,obse,cracker_scene2,70,multiray
3547,15.516820907592773,0.6568453264785657,obse,cracker_scene2,70,multiray
3548,15.520997285842896,0.6568453264785657,obse,cracker_scene2,70,multiray
3549,15.525553226470947,0.6568328253218008,obse,cracker_scene2,70,multiray
3550,15.529907941818237,0.6565665745485026,obse,cracker_scene2,70,multiray
3551,15.533930540084839,0.6565665745485026,obse,cracker_scene2,70,multiray
3552,15.538191318511963,0.6568336925726752,obse,cracker_scene2,70,multiray
3553,15.54229211807251,0.6568336925726752,obse,cracker_scene2,70,multiray
3554,15.547433376312256,0.6568380304198643,obse,cracker_scene2,70,multiray
3555,15.551920652389526,0.6568523507253976,obse,cracker_scene2,70,multiray
3556,15.556289434432983,0.6564481192993589,obse,cracker_scene2,70,multiray
3557,15.56061863899231,0.6564481192993589,obse,cracker_scene2,70,multiray
3558,15.564891815185547,0.6568293505538242,obse,cracker_scene2,70,multiray
3559,15.569152116775513,0.6568293505538242,obse,cracker_scene2,70,multiray
3560,15.573636770248413,0.6568248289009491,obse,cracker_scene2,70,multiray
3561,15.577963829040527,0.6568248289009491,obse,cracker_scene2,70,multiray
3562,15.582503080368042,0.6568609905406604,obse,cracker_scene2,70,multiray
3563,15.586639165878296,0.6568609905406604,obse,cracker_scene2,70,multiray
3564,15.591329097747803,0.6564747566865191,obse,cracker_scene2,70,multiray
3565,15.595708847045898,0.6564747566865191,obse,cracker_scene2,70,multiray
3566,15.600275754928589,0.6568321480743903,obse,cracker_scene2,70,multiray
3567,15.604617834091187,0.6564449151315566,obse,cracker_scene2,70,multiray
3568,15.609148025512695,0.6564449151315566,obse,cracker_scene2,70,multiray
3569,15.613479852676392,0.6568032243505819,obse,cracker_scene2,70,multiray
3570,15.61771535873413,0.6568032243505819,obse,cracker_scene2,70,multiray
3571,15.622007369995117,0.6567977339094137,obse,cracker_scene2,70,multiray
3572,15.626311302185059,0.6567977339094137,obse,cracker_scene2,70,multiray
3573,15.630725860595703,0.6568441940758696,obse,cracker_scene2,70,multiray
3574,15.634912252426147,0.6568441940758696,obse,cracker_scene2,70,multiray
3575,15.6390380859375,0.6568441940758696,obse,cracker_scene2,70,multiray
3576,15.643465280532837,0.6568157709069676,obse,cracker_scene2,70,multiray
3577,15.64757227897644,0.6568157709069676,obse,cracker_scene2,70,multiray
3578,15.651582956314087,0.6568157709069676,obse,cracker_scene2,70,multiray
3579,15.655914545059204,0.6568247206069587,obse,cracker_scene2,70,multiray
3580,15.660459041595459,0.6568247206069587,obse,cracker_scene2,70,multiray
3581,15.664624214172363,0.6568247206069587,obse,cracker_scene2,70,multiray
3582,15.66916799545288,0.6564412717470699,obse,cracker_scene2,70,multiray
3583,15.6734459400177,0.6564412717470699,obse,cracker_scene2,70,multiray
3584,15.677923679351807,0.6568388453505412,obse,cracker_scene2,70,multiray
3585,15.68228530883789,0.6568463617834944,obse,cracker_scene2,70,multiray
3586,15.686394929885864,0.6568463617834944,obse,cracker_scene2,70,multiray
3587,15.690669775009155,0.6568463617834944,obse,cracker_scene2,70,multiray
3588,15.695036172866821,0.656492597387177,obse,cracker_scene2,70,multiray
3589,15.699260473251343,0.656492597387177,obse,cracker_scene2,70,multiray
3590,15.703548431396484,0.656492597387177,obse,cracker_scene2,70,multiray
3591,15.70788860321045,0.656597668668272,obse,cracker_scene2,70,multiray
3592,15.712429523468018,0.656597668668272,obse,cracker_scene2,70,multiray
3593,15.71644926071167,0.656597668668272,obse,cracker_scene2,70,multiray
3594,15.72041368484497,0.656597668668272,obse,cracker_scene2,70,multiray
3595,15.72507643699646,0.6565035689825309,obse,cracker_scene2,70,multiray
3596,15.729391813278198,0.6568882098051881,obse,cracker_scene2,70,multiray
3597,15.73365330696106,0.6568882098051881,obse,cracker_scene2,70,multiray
3598,15.737978219985962,0.6569213455722167,obse,cracker_scene2,70,multiray
3599,15.742278575897217,0.6569213455722167,obse,cracker_scene2,70,multiray
3600,15.746657371520996,0.6569213455722167,obse,cracker_scene2,70,multiray
3601,15.750922918319702,0.6569869336165453,obse,cracker_scene2,70,multiray
3602,15.75505518913269,0.6569869336165453,obse,cracker_scene2,70,multiray
3603,15.759265184402466,0.6569869336165453,obse,cracker_scene2,70,multiray
3604,15.763501644134521,0.6570001661616797,obse,cracker_scene2,70,multiray
3605,15.767747640609741,0.6570001661616797,obse,cracker_scene2,70,multiray
3606,15.772221565246582,0.6570073110812934,obse,cracker_scene2,70,multiray
3607,15.777355432510376,0.6566529530968918,obse,cracker_scene2,70,multiray
3608,15.781885862350464,0.6570726405112693,obse,cracker_scene2,70,multiray
3609,15.786070585250854,0.6570681334590419,obse,cracker_scene2,70,multiray
3610,15.790832757949829,0.6571494777793795,obse,cracker_scene2,70,multiray
3611,15.795528173446655,0.6571591143483193,obse,cracker_scene2,70,multiray
3612,15.799928903579712,0.6571930839834116,obse,cracker_scene2,70,multiray
3613,15.804530382156372,0.6572392017462895,obse,cracker_scene2,70,multiray
3614,15.808925867080688,0.6572138597367668,obse,cracker_scene2,70,multiray
3615,15.813514232635498,0.6572621228346496,obse,cracker_scene2,70,multiray
3616,15.817744970321655,0.6572621228346496,obse,cracker_scene2,70,multiray
3617,15.8219575881958,0.6572917263190758,obse,cracker_scene2,70,multiray
3618,15.826281309127808,0.6572917263190758,obse,cracker_scene2,70,multiray
3619,15.830532550811768,0.6573557341902361,obse,cracker_scene2,70,multiray
3620,15.834825038909912,0.6573557341902361,obse,cracker_scene2,70,multiray
3621,15.839348793029785,0.6573664088015275,obse,cracker_scene2,70,multiray
3622,15.843640565872192,0.6573664088015275,obse,cracker_scene2,70,multiray
3623,15.848154544830322,0.6574415534027466,obse,cracker_scene2,70,multiray
3624,15.852179765701294,0.6574415534027466,obse,cracker_scene2,70,multiray
3625,15.856741189956665,0.6574668323118837,obse,cracker_scene2,70,multiray
3626,15.860926151275635,0.6574668323118837,obse,cracker_scene2,70,multiray
3627,15.865278244018555,0.6574414158540905,obse,cracker_scene2,70,multiray
3628,15.86942434310913,0.6574414158540905,obse,cracker_scene2,70,multiray
3629,15.873689651489258,0.657105557904738,obse,cracker_scene2,70,multiray
3630,15.87793755531311,0.657105557904738,obse,cracker_scene2,70,multiray
3631,15.882262945175171,0.6575250532967377,obse,cracker_scene2,70,multiray
3632,15.886362075805664,0.6575250532967377,obse,cracker_scene2,70,multiray
3633,15.890804052352905,0.6574693065403738,obse,cracker_scene2,70,multiray
3634,15.894922733306885,0.6574693065403738,obse,cracker_scene2,70,multiray
3635,15.899250507354736,0.6572009266630714,obse,cracker_scene2,70,multiray
3636,15.903525352478027,0.6572009266630714,obse,cracker_scene2,70,multiray
3637,15.90791630744934,0.6572233967240086,obse,cracker_scene2,70,multiray
3638,15.912293910980225,0.6575628721239755,obse,cracker_scene2,70,multiray
3639,15.916577339172363,0.6576202595224357,obse,cracker_scene2,70,multiray
3640,15.920722007751465,0.6576460738244879,obse,cracker_scene2,70,multiray
3641,15.925210952758789,0.6576942717386657,obse,cracker_scene2,70,multiray
3642,15.929688453674316,0.6577477907176493,obse,cracker_scene2,70,multiray
3643,15.93392539024353,0.6577477907176493,obse,cracker_scene2,70,multiray
3644,15.938194990158081,0.6578414202326431,obse,cracker_scene2,70,multiray
3645,15.942710638046265,0.6574675095459293,obse,cracker_scene2,70,multiray
3646,15.947227716445923,0.6578261620738642,obse,cracker_scene2,70,multiray
3647,15.951550483703613,0.6578681986052436,obse,cracker_scene2,70,multiray
3648,15.955954551696777,0.6579133195031112,obse,cracker_scene2,70,multiray
3649,15.960381984710693,0.6579133195031112,obse,cracker_scene2,70,multiray
3650,15.964855909347534,0.6580336151741829,obse,cracker_scene2,70,multiray
3651,15.969109058380127,0.6580336151741829,obse,cracker_scene2,70,multiray
3652,15.973639011383057,0.6576977567087673,obse,cracker_scene2,70,multiray
3653,15.977941989898682,0.6576977567087673,obse,cracker_scene2,70,multiray
3654,15.982398509979248,0.6577699121648716,obse,cracker_scene2,70,multiray
3655,15.986515760421753,0.6577699121648716,obse,cracker_scene2,70,multiray
3656,15.990855693817139,0.6581518188024356,obse,cracker_scene2,70,multiray
3657,15.995129823684692,0.6581518188024356,obse,cracker_scene2,70,multiray
3658,15.99944257736206,0.658220039415667,obse,cracker_scene2,70,multiray
3659,16.003494024276733,0.658220039415667,obse,cracker_scene2,70,multiray
3660,16.007946252822876,0.6580332556681927,obse,cracker_scene2,70,multiray
3661,16.012759685516357,0.6583156109748379,obse,cracker_scene2,70,multiray
3662,16.01717758178711,0.6583822006079768,obse,cracker_scene2,70,multiray
3663,16.021557092666626,0.658150894168509,obse,cracker_scene2,70,multiray
3664,16.02603054046631,0.658150894168509,obse,cracker_scene2,70,multiray
3665,16.03032398223877,0.658434080901578,obse,cracker_scene2,70,multiray
3666,16.034820318222046,0.6584710650636083,obse,cracker_scene2,70,multiray
3667,16.039355039596558,0.6582333093068701,obse,cracker_scene2,70,multiray
3668,16.043737649917603,0.6582333093068701,obse,cracker_scene2,70,multiray
3669,16.048370122909546,0.6585611330592569,obse,cracker_scene2,70,multiray
3670,16.052407264709473,0.6585611330592569,obse,cracker_scene2,70,multiray
3671,16.05701494216919,0.6585852459523042,obse,cracker_scene2,70,multiray
3672,16.0613112449646,0.6585852459523042,obse,cracker_scene2,70,multiray
3673,16.06587290763855,0.6586428266037548,obse,cracker_scene2,70,multiray
3674,16.070046186447144,0.6586428266037548,obse,cracker_scene2,70,multiray
3675,16.074713230133057,0.6583458625773397,obse,cracker_scene2,70,multiray
3676,16.079132795333862,0.6586150022626052,obse,cracker_scene2,70,multiray
3677,16.083651781082153,0.658628806005148,obse,cracker_scene2,70,multiray
3678,16.087945222854614,0.6583604901408465,obse,cracker_scene2,70,multiray
3679,16.09248113632202,0.6583785869731646,obse,cracker_scene2,70,multiray
3680,16.09701704978943,0.6587108567418636,obse,cracker_scene2,70,multiray
3681,16.101494550704956,0.6587108567418636,obse,cracker_scene2,70,multiray
3682,16.105987787246704,0.6587672686980584,obse,cracker_scene2,70,multiray
3683,16.110469341278076,0.6587672686980584,obse,cracker_scene2,70,multiray
3684,16.11505961418152,0.65849238079854,obse,cracker_scene2,70,multiray
3685,16.119216680526733,0.65849238079854,obse,cracker_scene2,70,multiray
3686,16.12407159805298,0.6584030292609603,obse,cracker_scene2,70,multiray
3687,16.128339529037476,0.6584030292609603,obse,cracker_scene2,70,multiray
3688,16.13336157798767,0.6585744253400692,obse,cracker_scene2,70,multiray
3689,16.13769817352295,0.6585744253400692,obse,cracker_scene2,70,multiray
3690,16.14230990409851,0.6588727311883035,obse,cracker_scene2,70,multiray
3691,16.14667320251465,0.6585582546274262,obse,cracker_scene2,70,multiray
3692,16.151216983795166,0.6585582546274262,obse,cracker_scene2,70,multiray
3693,16.155564308166504,0.6590276456660846,obse,cracker_scene2,70,multiray
3694,16.160144329071045,0.6590276456660846,obse,cracker_scene2,70,multiray
3695,16.16471767425537,0.6587183459515554,obse,cracker_scene2,70,multiray
3696,16.16902256011963,0.6587183459515554,obse,cracker_scene2,70,multiray
3697,16.173627614974976,0.6588134857543728,obse,cracker_scene2,70,multiray
3698,16.178070545196533,0.6588134857543728,obse,cracker_scene2,70,multiray
3699,16.18259048461914,0.6591590919320475,obse,cracker_scene2,70,multiray
3700,16.187015056610107,0.6591590919320475,obse,cracker_scene2,70,multiray
3701,16.19183039665222,0.6587864163187936,obse,cracker_scene2,70,multiray
3702,16.1962308883667,0.6591555903871005,obse,cracker_scene2,70,multiray
3703,16.200722217559814,0.6591685048191347,obse,cracker_scene2,70,multiray
3704,16.205044507980347,0.6592648422394884,obse,cracker_scene2,70,multiray
3705,16.209656476974487,0.6592648422394884,obse,cracker_scene2,70,multiray
3706,16.214292764663696,0.6593034229008017,obse,cracker_scene2,70,multiray
3707,16.218441009521484,0.6593034229008017,obse,cracker_scene2,70,multiray
3708,16.222801685333252,0.6592900007969386,obse,cracker_scene2,70,multiray
3709,16.227049350738525,0.6592900007969386,obse,cracker_scene2,70,multiray
3710,16.23142099380493,0.6593879378177959,obse,cracker_scene2,70,multiray
3711,16.23555040359497,0.6593879378177959,obse,cracker_scene2,70,multiray
3712,16.240265130996704,0.6594237635094681,obse,cracker_scene2,70,multiray
3713,16.24482750892639,0.6594237635094681,obse,cracker_scene2,70,multiray
3714,16.249503135681152,0.659463183589775,obse,cracker_scene2,70,multiray
3715,16.25389552116394,0.6594746220097828,obse,cracker_scene2,70,multiray
3716,16.258482933044434,0.6595175713873596,obse,cracker_scene2,70,multiray
3717,16.262895822525024,0.6595469920307955,obse,cracker_scene2,70,multiray
3718,16.267335176467896,0.6595469920307955,obse,cracker_scene2,70,multiray
3719,16.271671772003174,0.6596394831295459,obse,cracker_scene2,70,multiray
3720,16.2762610912323,0.6596394831295459,obse,cracker_scene2,70,multiray
3721,16.28072714805603,0.6596563097486057,obse,cracker_scene2,70,multiray
3722,16.285378217697144,0.6596563097486057,obse,cracker_scene2,70,multiray
3723,16.28998327255249,0.6596859021678547,obse,cracker_scene2,70,multiray
3724,16.2944598197937,0.6596859021678547,obse,cracker_scene2,70,multiray
3725,16.298760652542114,0.6597414547851472,obse,cracker_scene2,70,multiray
3726,16.303168058395386,0.6597414547851472,obse,cracker_scene2,70,multiray
3727,16.307810068130493,0.659757650301236,obse,cracker_scene2,70,multiray
3728,16.312415838241577,0.6598187688849639,obse,cracker_scene2,70,multiray
3729,16.316822052001953,0.6598187688849639,obse,cracker_scene2,70,multiray
3730,16.321316242218018,0.6594652500545313,obse,cracker_scene2,70,multiray
3731,16.325910329818726,0.6594877829172558,obse,cracker_scene2,70,multiray
3732,16.330732583999634,0.6598851327034178,obse,cracker_scene2,70,multiray
3733,16.335145473480225,0.6598851327034178,obse,cracker_scene2,70,multiray
3734,16.339325428009033,0.6598589539710729,obse,cracker_scene2,70,multiray
3735,16.343855619430542,0.659932269934262,obse,cracker_scene2,70,multiray
3736,16.34842324256897,0.6599720007668235,obse,cracker_scene2,70,multiray
3737,16.35256052017212,0.6599720007668235,obse,cracker_scene2,70,multiray
3738,16.357324600219727,0.6597088044541218,obse,cracker_scene2,70,multiray
3739,16.3614764213562,0.6597088044541218,obse,cracker_scene2,70,multiray
3740,16.36628794670105,0.6600053474908161,obse,cracker_scene2,70,multiray
3741,16.37043070793152,0.6600053474908161,obse,cracker_scene2,70,multiray
3742,16.375112295150757,0.6600219923349407,obse,cracker_scene2,70,multiray
3743,16.379647254943848,0.6597616868483955,obse,cracker_scene2,70,multiray
3744,16.384034633636475,0.6597616868483955,obse,cracker_scene2,70,multiray
3745,16.38860273361206,0.6600319856302352,obse,cracker_scene2,70,multiray
3746,16.3930447101593,0.6600567599324213,obse,cracker_scene2,70,multiray
3747,16.39750337600708,0.6598372651390126,obse,cracker_scene2,70,multiray
3748,16.40187096595764,0.6598372651390126,obse,cracker_scene2,70,multiray
3749,16.406303882598877,0.6601360556983883,obse,cracker_scene2,70,multiray
3750,16.410555124282837,0.6601360556983883,obse,cracker_scene2,70,multiray
3751,16.415403842926025,0.6600259999565882,obse,cracker_scene2,70,multiray
3752,16.419697523117065,0.6600259999565882,obse,cracker_scene2,70,multiray
3753,16.424277544021606,0.6598060002810247,obse,cracker_scene2,70,multiray
3754,16.428666830062866,0.6600746663616159,obse,cracker_scene2,70,multiray
3755,16.433125734329224,0.6600851316993683,obse,cracker_scene2,70,multiray
3756,16.437276363372803,0.6600851316993683,obse,cracker_scene2,70,multiray
3757,16.441702604293823,0.6601280865357759,obse,cracker_scene2,70,multiray
3758,16.446328163146973,0.6601280865357759,obse,cracker_scene2,70,multiray
3759,16.45067834854126,0.6601280865357759,obse,cracker_scene2,70,multiray
3760,16.45525026321411,0.6601569704657964,obse,cracker_scene2,70,multiray
3761,16.45954394340515,0.6601569704657964,obse,cracker_scene2,70,multiray
3762,16.464057207107544,0.6602790601947442,obse,cracker_scene2,70,multiray
3763,16.4683678150177,0.6602790601947442,obse,cracker_scene2,70,multiray
3764,16.472720861434937,0.6602799997215192,obse,cracker_scene2,70,multiray
3765,16.477123022079468,0.6602931986213822,obse,cracker_scene2,70,multiray
3766,16.48161292076111,0.6602931986213822,obse,cracker_scene2,70,multiray
3767,16.485780239105225,0.6602931986213822,obse,cracker_scene2,70,multiray
3768,16.49025869369507,0.6603110607594528,obse,cracker_scene2,70,multiray
3769,16.494733333587646,0.6603110607594528,obse,cracker_scene2,70,multiray
3770,16.49927306175232,0.6600276930799701,obse,cracker_scene2,70,multiray
3771,16.50368618965149,0.6600276930799701,obse,cracker_scene2,70,multiray
3772,16.508357524871826,0.6600419496287377,obse,cracker_scene2,70,multiray
3773,16.513041973114014,0.6603524692627618,obse,cracker_scene2,70,multiray
3774,16.51738142967224,0.6603524692627618,obse,cracker_scene2,70,multiray
3775,16.522002458572388,0.66034381463734,obse,cracker_scene2,70,multiray
3776,16.52677035331726,0.6604054895918838,obse,cracker_scene2,70,multiray
3777,16.53130578994751,0.6604588666275866,obse,cracker_scene2,70,multiray
3778,16.535960912704468,0.6604588666275866,obse,cracker_scene2,70,multiray
3779,16.540647983551025,0.6604682188747527,obse,cracker_scene2,70,multiray
3780,16.54532480239868,0.6604682188747527,obse,cracker_scene2,70,multiray
3781,16.549578189849854,0.6604682188747527,obse,cracker_scene2,70,multiray
3782,16.554182052612305,0.6601375730899027,obse,cracker_scene2,70,multiray
3783,16.55882215499878,0.6601375730899027,obse,cracker_scene2,70,multiray
3784,16.563437938690186,0.6605279897992369,obse,cracker_scene2,70,multiray
3785,16.56769824028015,0.6605279897992369,obse,cracker_scene2,70,multiray
3786,16.572110414505005,0.6605279897992369,obse,cracker_scene2,70,multiray
3787,16.577047109603882,0.6605671197544454,obse,cracker_scene2,70,multiray
3788,16.58161950111389,0.6606153139483611,obse,cracker_scene2,70,multiray
3789,16.586339712142944,0.660395794684373,obse,cracker_scene2,70,multiray
3790,16.590860605239868,0.660395794684373,obse,cracker_scene2,70,multiray
3791,16.59581685066223,0.6607341758428361,obse,cracker_scene2,70,multiray
3792,16.600467205047607,0.6607913523452625,obse,cracker_scene2,70,multiray
3793,16.605324029922485,0.6604726024542386,obse,cracker_scene2,70,multiray
3794,16.609771013259888,0.6604726024542386,obse,cracker_scene2,70,multiray
3795,16.614546537399292,0.6608602814274536,obse,cracker_scene2,70,multiray
3796,16.618797302246094,0.6608602814274536,obse,cracker_scene2,70,multiray
3797,16.623389720916748,0.6604857833962966,obse,cracker_scene2,70,multiray
3798,16.627575397491455,0.6604857833962966,obse,cracker_scene2,70,multiray
3799,16.63208508491516,0.6608946198366374,obse,cracker_scene2,70,multiray
3800,16.636432886123657,0.6608946198366374,obse,cracker_scene2,70,multiray
3801,16.640634536743164,0.6608902147127564,obse,cracker_scene2,70,multiray
3802,16.6455020904541,0.6609457241679672,obse,cracker_scene2,70,multiray
3803,16.649770259857178,0.6609511515058891,obse,cracker_scene2,70,multiray
3804,16.65398669242859,0.6605335402485532,obse,cracker_scene2,70,multiray
3805,16.658222675323486,0.6605335402485532,obse,cracker_scene2,70,multiray
3806,16.662739276885986,0.6609739911124757,obse,cracker_scene2,70,multiray
3807,16.667198181152344,0.6610126453782733,obse,cracker_scene2,70,multiray
3808,16.67143154144287,0.661021797797982,obse,cracker_scene2,70,multiray
3809,16.676036834716797,0.6611184877458535,obse,cracker_scene2,70,multiray
3810,16.68062448501587,0.6611882065380371,obse,cracker_scene2,70,multiray
3811,16.685210704803467,0.6611882065380371,obse,cracker_scene2,70,multiray
3812,16.689628839492798,0.6607763358411582,obse,cracker_scene2,70,multiray
3813,16.693914890289307,0.6607763358411582,obse,cracker_scene2,70,multiray
3814,16.69828987121582,0.6608171253238442,obse,cracker_scene2,70,multiray
3815,16.702849864959717,0.6608171253238442,obse,cracker_scene2,70,multiray
3816,16.707537174224854,0.6612140014304481,obse,cracker_scene2,70,multiray
3817,16.71189785003662,0.6612140014304481,obse,cracker_scene2,70,multiray
3818,16.71643900871277,0.6612579861329723,obse,cracker_scene2,70,multiray
3819,16.721145153045654,0.6612512862239159,obse,cracker_scene2,70,multiray
3820,16.72597098350525,0.6612512862239159,obse,cracker_scene2,70,multiray
3821,16.730414390563965,0.6612649395651121,obse,cracker_scene2,70,multiray
3822,16.73477816581726,0.6612649395651121,obse,cracker_scene2,70,multiray
3823,16.739161729812622,0.6612924774542215,obse,cracker_scene2,70,multiray
3824,16.74367904663086,0.6612924774542215,obse,cracker_scene2,70,multiray
3825,16.748275995254517,0.6609205301982191,obse,cracker_scene2,70,multiray
3826,16.752639770507812,0.6609205301982191,obse,cracker_scene2,70,multiray
3827,16.757270336151123,0.6610087841729956,obse,cracker_scene2,70,multiray
3828,16.761389017105103,0.6610087841729956,obse,cracker_scene2,70,multiray
3829,16.765995264053345,0.6609530269298789,obse,cracker_scene2,70,multiray
3830,16.770150423049927,0.6613303601899868,obse,cracker_scene2,70,multiray
3831,16.774784803390503,0.6613574869856165,obse,cracker_scene2,70,multiray
3832,16.779093503952026,0.6613574869856165,obse,cracker_scene2,70,multiray
3833,16.783726692199707,0.6610216302270068,obse,cracker_scene2,70,multiray
3834,16.787931442260742,0.6610216302270068,obse,cracker_scene2,70,multiray
3835,16.792566776275635,0.6610748313334307,obse,cracker_scene2,70,multiray
3836,16.796871662139893,0.6610737815771289,obse,cracker_scene2,70,multiray
3837,16.80143713951111,0.6610737815771289,obse,cracker_scene2,70,multiray
3838,16.805994272232056,0.6613579270847892,obse,cracker_scene2,70,multiray
3839,16.81027340888977,0.6613579270847892,obse,cracker_scene2,70,multiray
3840,16.814797163009644,0.6613796227141499,obse,cracker_scene2,70,multiray
3841,16.818990468978882,0.6613796227141499,obse,cracker_scene2,70,multiray
3842,16.8233642578125,0.6614056461003869,obse,cracker_scene2,70,multiray
3843,16.82778525352478,0.6614056461003869,obse,cracker_scene2,70,multiray
3844,16.83232545852661,0.6614030245843189,obse,cracker_scene2,70,multiray
3845,16.83651328086853,0.6614030245843189,obse,cracker_scene2,70,multiray
3846,16.84079647064209,0.6610127348584983,obse,cracker_scene2,70,multiray
3847,16.84526300430298,0.6611599823152432,obse,cracker_scene2,70,multiray
3848,16.849714040756226,0.6611599823152432,obse,cracker_scene2,70,multiray
3849,16.85417890548706,0.6611599923394662,obse,cracker_scene2,70,multiray
3850,16.858513355255127,0.6611599923394662,obse,cracker_scene2,70,multiray
3851,16.863043546676636,0.6615667215929637,obse,cracker_scene2,70,multiray
3852,16.86724019050598,0.6615667215929637,obse,cracker_scene2,70,multiray
3853,16.87156844139099,0.6611769358279196,obse,cracker_scene2,70,multiray
3854,16.87598204612732,0.6611769358279196,obse,cracker_scene2,70,multiray
3855,16.880736112594604,0.6613387105502972,obse,cracker_scene2,70,multiray
3856,16.885202169418335,0.6613387105502972,obse,cracker_scene2,70,multiray
3857,16.889673709869385,0.6613387105502972,obse,cracker_scene2,70,multiray
3858,16.894266605377197,0.6616106313412883,obse,cracker_scene2,70,multiray
3859,16.898845911026,0.6616106313412883,obse,cracker_scene2,70,multiray
3860,16.903307676315308,0.6617795045910895,obse,cracker_scene2,70,multiray
3861,16.907759189605713,0.6617795045910895,obse,cracker_scene2,70,multiray
3862,16.91254425048828,0.6613102507162683,obse,cracker_scene2,70,multiray
3863,16.9171302318573,0.6613102507162683,obse,cracker_scene2,70,multiray
3864,16.921804428100586,0.6613669015993853,obse,cracker_scene2,70,multiray
3865,16.926421403884888,0.6613669015993853,obse,cracker_scene2,70,multiray
3866,16.93142056465149,0.661910898003059,obse,cracker_scene2,70,multiray
3867,16.935832977294922,0.661910898003059,obse,cracker_scene2,70,multiray
3868,16.940406799316406,0.6619826515730054,obse,cracker_scene2,70,multiray
3869,16.944847583770752,0.6619826515730054,obse,cracker_scene2,70,multiray
3870,16.949580907821655,0.661616513945279,obse,cracker_scene2,70,multiray
3871,16.9539954662323,0.661616513945279,obse,cracker_scene2,70,multiray
3872,16.958805799484253,0.6616276277079424,obse,cracker_scene2,70,multiray
3873,16.96327042579651,0.6616276277079424,obse,cracker_scene2,70,multiray
3874,16.96759819984436,0.66202047964172,obse,cracker_scene2,70,multiray
3875,16.97191548347473,0.66202047964172,obse,cracker_scene2,70,multiray
3876,16.976698875427246,0.6620321884999163,obse,cracker_scene2,70,multiray
3877,16.9813232421875,0.6616665696138662,obse,cracker_scene2,70,multiray
3878,16.985525846481323,0.6616665696138662,obse,cracker_scene2,70,multiray
3879,16.990113496780396,0.661703441619089,obse,cracker_scene2,70,multiray
3880,16.995121479034424,0.6616901471506946,obse,cracker_scene2,70,multiray
3881,16.99998164176941,0.6621587173990888,obse,cracker_scene2,70,multiray
3882,17.004786014556885,0.6621897914285501,obse,cracker_scene2,70,multiray
3883,17.009395360946655,0.6621897914285501,obse,cracker_scene2,70,multiray
3884,17.0139377117157,0.6619648952060332,obse,cracker_scene2,70,multiray
3885,17.018401384353638,0.6619648952060332,obse,cracker_scene2,70,multiray
3886,17.022952556610107,0.6622682567251821,obse,cracker_scene2,70,multiray
3887,17.027331829071045,0.6622682567251821,obse,cracker_scene2,70,multiray
3888,17.03189182281494,0.6622859601505559,obse,cracker_scene2,70,multiray
3889,17.03612208366394,0.6622859601505559,obse,cracker_scene2,70,multiray
3890,17.040865659713745,0.6623076690912778,obse,cracker_scene2,70,multiray
3891,17.04530906677246,0.6623076690912778,obse,cracker_scene2,70,multiray
3892,17.04987120628357,0.6620370940752313,obse,cracker_scene2,70,multiray
3893,17.054155111312866,0.6620370940752313,obse,cracker_scene2,70,multiray
3894,17.058701038360596,0.6620370940752313,obse,cracker_scene2,70,multiray
3895,17.06359362602234,0.6620581147012911,obse,cracker_scene2,70,multiray
3896,17.06809401512146,0.6620581147012911,obse,cracker_scene2,70,multiray
3897,17.072656393051147,0.6623872989383371,obse,cracker_scene2,70,multiray
3898,17.07713508605957,0.6623872989383371,obse,cracker_scene2,70,multiray
3899,17.08187484741211,0.6623890314815051,obse,cracker_scene2,70,multiray
3900,17.0861976146698,0.6623890314815051,obse,cracker_scene2,70,multiray
3901,17.090662956237793,0.6623906453399953,obse,cracker_scene2,70,multiray
3902,17.094900131225586,0.6623906453399953,obse,cracker_scene2,70,multiray
3903,17.099265336990356,0.6624115666767402,obse,cracker_scene2,70,multiray
3904,17.103427410125732,0.6624115666767402,obse,cracker_scene2,70,multiray
3905,17.108317613601685,0.6621610008127471,obse,cracker_scene2,70,multiray
3906,17.113255739212036,0.6621842562296026,obse,cracker_scene2,70,multiray
3907,17.11772394180298,0.6621842562296026,obse,cracker_scene2,70,multiray
3908,17.122208833694458,0.6624815708080227,obse,cracker_scene2,70,multiray
3909,17.126657962799072,0.6624815708080227,obse,cracker_scene2,70,multiray
3910,17.13120126724243,0.6625849376038164,obse,cracker_scene2,70,multiray
3911,17.13551139831543,0.6625849376038164,obse,cracker_scene2,70,multiray
3912,17.140207529067993,0.6626252237779953,obse,cracker_scene2,70,multiray
3913,17.1444730758667,0.6626252237779953,obse,cracker_scene2,70,multiray
3914,17.14909029006958,0.6626357534740178,obse,cracker_scene2,70,multiray
3915,17.153332710266113,0.6626357534740178,obse,cracker_scene2,70,multiray
3916,17.158227682113647,0.6627062282538846,obse,cracker_scene2,70,multiray
3917,17.16275978088379,0.6627557580487589,obse,cracker_scene2,70,multiray
3918,17.16732883453369,0.6627557580487589,obse,cracker_scene2,70,multiray
3919,17.171798944473267,0.6627319955192089,obse,cracker_scene2,70,multiray
3920,17.176294088363647,0.6627319955192089,obse,cracker_scene2,70,multiray
3921,17.180786848068237,0.6627900464898883,obse,cracker_scene2,70,multiray
3922,17.18503189086914,0.6627900464898883,obse,cracker_scene2,70,multiray
3923,17.189757347106934,0.6628004668420312,obse,cracker_scene2,70,multiray
3924,17.19398856163025,0.6628004668420312,obse,cracker_scene2,70,multiray
3925,17.198620796203613,0.6628407789429374,obse,cracker_scene2,70,multiray
3926,17.202922821044922,0.6628407789429374,obse,cracker_scene2,70,multiray
3927,17.20753002166748,0.6628624913926926,obse,cracker_scene2,70,multiray
3928,17.211954832077026,0.6629380239756754,obse,cracker_scene2,70,multiray
3929,17.216427087783813,0.6629380239756754,obse,cracker_scene2,70,multiray
3930,17.220675706863403,0.6625508196818974,obse,cracker_scene2,70,multiray
3931,17.225253343582153,0.6625657987723356,obse,cracker_scene2,70,multiray
3932,17.229764938354492,0.6629556440180651,obse,cracker_scene2,70,multiray
3933,17.234258890151978,0.6629556440180651,obse,cracker_scene2,70,multiray
3934,17.2386372089386,0.6628010585128402,obse,cracker_scene2,70,multiray
3935,17.24298405647278,0.6628010585128402,obse,cracker_scene2,70,multiray
3936,17.247472047805786,0.6628386263277781,obse,cracker_scene2,70,multiray
3937,17.251850366592407,0.6628386263277781,obse,cracker_scene2,70,multiray
3938,17.255916357040405,0.6628386263277781,obse,cracker_scene2,70,multiray
3939,17.260465621948242,0.6628730808652625,obse,cracker_scene2,70,multiray
3940,17.264754056930542,0.6628644794278297,obse,cracker_scene2,70,multiray
3941,17.269179344177246,0.6628802501031588,obse,cracker_scene2,70,multiray
3942,17.273700952529907,0.6625163794671415,obse,cracker_scene2,70,multiray
3943,17.27815270423889,0.6625163794671415,obse,cracker_scene2,70,multiray
3944,17.28274703025818,0.6629679392716946,obse,cracker_scene2,70,multiray
3945,17.28688955307007,0.6625446237968107,obse,cracker_scene2,70,multiray
3946,17.29149103164673,0.6625598287657957,obse,cracker_scene2,70,multiray
3947,17.295698165893555,0.6625820524619667,obse,cracker_scene2,70,multiray
3948,17.300312995910645,0.6625977056278857,obse,cracker_scene2,70,multiray
3949,17.304676294326782,0.6626833375335459,obse,cracker_scene2,70,multiray
3950,17.309295415878296,0.6626833375335459,obse,cracker_scene2,70,multiray
3951,17.313852548599243,0.6626691410872607,obse,cracker_scene2,70,multiray
3952,17.318533897399902,0.6626682356124791,obse,cracker_scene2,70,multiray
3953,17.322762727737427,0.6626682356124791,obse,cracker_scene2,70,multiray
3954,17.327094316482544,0.6630570003832397,obse,cracker_scene2,70,multiray
3955,17.33155608177185,0.6630453907484736,obse,cracker_scene2,70,multiray
3956,17.33570647239685,0.6630453907484736,obse,cracker_scene2,70,multiray
3957,17.34007453918457,0.6626747633483102,obse,cracker_scene2,70,multiray
3958,17.345046043395996,0.6626747633483102,obse,cracker_scene2,70,multiray
3959,17.349724531173706,0.6630693375366045,obse,cracker_scene2,70,multiray
3960,17.353909015655518,0.6630693375366045,obse,cracker_scene2,70,multiray
3961,17.358500957489014,0.6626403096584517,obse,cracker_scene2,70,multiray
3962,17.362778186798096,0.6626403096584517,obse,cracker_scene2,70,multiray
3963,17.367445468902588,0.663005651190766,obse,cracker_scene2,70,multiray
3964,17.37189793586731,0.6630970515116417,obse,cracker_scene2,70,multiray
3965,17.376286029815674,0.6630970515116417,obse,cracker_scene2,70,multiray
3966,17.380825757980347,0.6630970515116417,obse,cracker_scene2,70,multiray
3967,17.385457277297974,0.662721053842078,obse,cracker_scene2,70,multiray
3968,17.3900089263916,0.6631238131629635,obse,cracker_scene2,70,multiray
3969,17.394363164901733,0.6631238131629635,obse,cracker_scene2,70,multiray
3970,17.398838996887207,0.6627260937369088,obse,cracker_scene2,70,multiray
3971,17.403132915496826,0.6627260937369088,obse,cracker_scene2,70,multiray
3972,17.40768551826477,0.6632455558717004,obse,cracker_scene2,70,multiray
3973,17.412070751190186,0.6628661208608274,obse,cracker_scene2,70,multiray
3974,17.416545391082764,0.6628779778419008,obse,cracker_scene2,70,multiray
3975,17.420907258987427,0.6632726118439742,obse,cracker_scene2,70,multiray
3976,17.42551898956299,0.6632726118439742,obse,cracker_scene2,70,multiray
3977,17.43001103401184,0.6628758200320454,obse,cracker_scene2,70,multiray
3978,17.434581518173218,0.6628758200320454,obse,cracker_scene2,70,multiray
3979,17.438907861709595,0.6630069469024237,obse,cracker_scene2,70,multiray
3980,17.443329572677612,0.6630069469024237,obse,cracker_scene2,70,multiray
3981,17.447768449783325,0.6632924505330476,obse,cracker_scene2,70,multiray
3982,17.452099084854126,0.6632924505330476,obse,cracker_scene2,70,multiray
3983,17.456255435943604,0.6632924505330476,obse,cracker_scene2,70,multiray
3984,17.46081566810608,0.6629485477343594,obse,cracker_scene2,70,multiray
3985,17.46536636352539,0.6629990108350814,obse,cracker_scene2,70,multiray
3986,17.46961545944214,0.6629990108350814,obse,cracker_scene2,70,multiray
3987,17.474051237106323,0.6633775540268336,obse,cracker_scene2,70,multiray
3988,17.47868061065674,0.6633775540268336,obse,cracker_scene2,70,multiray
3989,17.485121488571167,0.6634454101771463,obse,cracker_scene2,70,multiray
3990,17.489851474761963,0.6634496099930267,obse,cracker_scene2,70,multiray
3991,17.49413275718689,0.6634496099930267,obse,cracker_scene2,70,multiray
3992,17.498718976974487,0.6630773142920333,obse,cracker_scene2,70,multiray
3993,17.503002166748047,0.6630773142920333,obse,cracker_scene2,70,multiray
3994,17.507570028305054,0.6634852973354849,obse,cracker_scene2,70,multiray
3995,17.512324333190918,0.6634852973354849,obse,cracker_scene2,70,multiray
3996,17.516817092895508,0.6631006822893543,obse,cracker_scene2,70,multiray
3997,17.52104640007019,0.6631006822893543,obse,cracker_scene2,70,multiray
3998,17.52530312538147,0.6631006822893543,obse,cracker_scene2,70,multiray
3999,17.52993106842041,0.6631409768134565,obse,cracker_scene2,70,multiray
4000,17.534308433532715,0.6631409768134565,obse,cracker_scene2,70,multiray
4001,17.538477897644043,0.663159466318048,obse,cracker_scene2,70,multiray
4002,17.543114185333252,0.663159466318048,obse,cracker_scene2,70,multiray
4003,17.547585248947144,0.6632202742692894,obse,cracker_scene2,70,multiray
4004,17.551705598831177,0.6632202742692894,obse,cracker_scene2,70,multiray
4005,17.555965185165405,0.663222182561978,obse,cracker_scene2,70,multiray
4006,17.560146808624268,0.663222182561978,obse,cracker_scene2,70,multiray
4007,17.564497232437134,0.6635984010682846,obse,cracker_scene2,70,multiray
4008,17.568543910980225,0.6635984010682846,obse,cracker_scene2,70,multiray
4009,17.573079824447632,0.6636382053086998,obse,cracker_scene2,70,multiray
4010,17.577449321746826,0.6636382053086998,obse,cracker_scene2,70,multiray
4011,17.582186222076416,0.663275893493589,obse,cracker_scene2,70,multiray
4012,17.58622407913208,0.663275893493589,obse,cracker_scene2,70,multiray
4013,17.59029746055603,0.663275893493589,obse,cracker_scene2,70,multiray
4014,17.595076322555542,0.6636672200762426,obse,cracker_scene2,70,multiray
4015,17.599558115005493,0.6635126843269904,obse,cracker_scene2,70,multiray
4016,17.603769063949585,0.6635126843269904,obse,cracker_scene2,70,multiray
4017,17.608433485031128,0.6635558479743083,obse,cracker_scene2,70,multiray
4018,17.61294436454773,0.6635336230181141,obse,cracker_scene2,70,multiray
4019,17.61715340614319,0.6635336230181141,obse,cracker_scene2,70,multiray
4020,17.621591806411743,0.6639466879931967,obse,cracker_scene2,70,multiray
4021,17.62628960609436,0.6639466879931967,obse,cracker_scene2,70,multiray
4022,17.63091015815735,0.6639374888290978,obse,cracker_scene2,70,multiray
4023,17.63527822494507,0.6639374888290978,obse,cracker_scene2,70,multiray
4024,17.63983178138733,0.6635565349525568,obse,cracker_scene2,70,multiray
4025,17.64408230781555,0.6635565349525568,obse,cracker_scene2,70,multiray
4026,17.648875951766968,0.6640257437004977,obse,cracker_scene2,70,multiray
4027,17.653359174728394,0.6640257437004977,obse,cracker_scene2,70,multiray
4028,17.657879114151,0.6640257437004977,obse,cracker_scene2,70,multiray
4029,17.662468910217285,0.6636126575361977,obse,cracker_scene2,70,multiray
4030,17.666711807250977,0.6636126575361977,obse,cracker_scene2,70,multiray
4031,17.671143770217896,0.6635987526603444,obse,cracker_scene2,70,multiray
4032,17.675968170166016,0.6635987526603444,obse,cracker_scene2,70,multiray
4033,17.680380821228027,0.6635987526603444,obse,cracker_scene2,70,multiray
4034,17.684901237487793,0.6639745678740193,obse,cracker_scene2,70,multiray
4035,17.689380884170532,0.6639745678740193,obse,cracker_scene2,70,multiray
4036,17.694132566452026,0.6636217595909211,obse,cracker_scene2,70,multiray
4037,17.698580741882324,0.6636217595909211,obse,cracker_scene2,70,multiray
4038,17.702958583831787,0.6636454253816644,obse,cracker_scene2,70,multiray
4039,17.709118843078613,0.6635837963525366,obse,cracker_scene2,70,multiray
4040,17.715850830078125,0.6635837963525366,obse,cracker_scene2,70,multiray
4041,17.722437620162964,0.6635677026724828,obse,cracker_scene2,70,multiray
4042,17.728917121887207,0.6639300706961443,obse,cracker_scene2,70,multiray
4043,17.73410439491272,0.6639115649469695,obse,cracker_scene2,70,multiray
4044,17.73828363418579,0.6639115649469695,obse,cracker_scene2,70,multiray
4045,17.742690324783325,0.6639024499506269,obse,cracker_scene2,70,multiray
4046,17.747106552124023,0.6639024499506269,obse,cracker_scene2,70,multiray
4047,17.7517511844635,0.6638429287716608,obse,cracker_scene2,70,multiray
4048,17.755942821502686,0.6638429287716608,obse,cracker_scene2,70,multiray
4049,17.760690927505493,0.6638506462597665,obse,cracker_scene2,70,multiray
4050,17.76510524749756,0.6638460789274989,obse,cracker_scene2,70,multiray
4051,17.769567251205444,0.6638460789274989,obse,cracker_scene2,70,multiray
4052,17.77563452720642,0.6634776883295084,obse,cracker_scene2,70,multiray
4053,17.780245304107666,0.6638726451573631,obse,cracker_scene2,70,multiray
4054,17.78461742401123,0.6634926050922276,obse,cracker_scene2,70,multiray
4055,17.78911280632019,0.663487172920948,obse,cracker_scene2,70,multiray
4056,17.793758153915405,0.6635509967832943,obse,cracker_scene2,70,multiray
4057,17.798308610916138,0.66354942299853,obse,cracker_scene2,70,multiray
4058,17.802700757980347,0.66354942299853,obse,cracker_scene2,70,multiray
4059,17.80714225769043,0.6635280083471526,obse,cracker_scene2,70,multiray
4060,17.811556339263916,0.6635280083471526,obse,cracker_scene2,70,multiray
4061,17.816225051879883,0.663601191274558,obse,cracker_scene2,70,multiray
4062,17.820375442504883,0.663601191274558,obse,cracker_scene2,70,multiray
4063,17.824939250946045,0.6639537633693731,obse,cracker_scene2,70,multiray
4064,17.829185962677002,0.6639537633693731,obse,cracker_scene2,70,multiray
4065,17.833672046661377,0.6635931219361216,obse,cracker_scene2,70,multiray
4066,17.83783769607544,0.6635975734171436,obse,cracker_scene2,70,multiray
4067,17.842422485351562,0.6636096681398483,obse,cracker_scene2,70,multiray
4068,17.846986293792725,0.6638914550538909,obse,cracker_scene2,70,multiray
4069,17.851317644119263,0.6638914550538909,obse,cracker_scene2,70,multiray
4070,17.85537576675415,0.6638914550538909,obse,cracker_scene2,70,multiray
4071,17.85961937904358,0.6639019637635832,obse,cracker_scene2,70,multiray
4072,17.86411952972412,0.6636781015480283,obse,cracker_scene2,70,multiray
4073,17.868332624435425,0.6636781015480283,obse,cracker_scene2,70,multiray
4074,17.87271285057068,0.6638924801974532,obse,cracker_scene2,70,multiray
4075,17.87701940536499,0.6638924801974532,obse,cracker_scene2,70,multiray
4076,17.881617546081543,0.6636861890785334,obse,cracker_scene2,70,multiray
4077,17.885691165924072,0.6636861890785334,obse,cracker_scene2,70,multiray
4078,17.890251636505127,0.6636233676646954,obse,cracker_scene2,70,multiray
4079,17.894521713256836,0.6636233676646954,obse,cracker_scene2,70,multiray
4080,17.898875951766968,0.6635309648706649,obse,cracker_scene2,70,multiray
4081,17.903116703033447,0.6635309648706649,obse,cracker_scene2,70,multiray
4082,17.907649755477905,0.6635375633864834,obse,cracker_scene2,70,multiray
4083,17.911980152130127,0.6635375633864834,obse,cracker_scene2,70,multiray
4084,17.916375637054443,0.6635281759689788,obse,cracker_scene2,70,multiray
4085,17.920480251312256,0.6635281759689788,obse,cracker_scene2,70,multiray
4086,17.924559831619263,0.6635281759689788,obse,cracker_scene2,70,multiray
4087,17.929094552993774,0.6639021088666743,obse,cracker_scene2,70,multiray
4088,17.933681964874268,0.6639044980909256,obse,cracker_scene2,70,multiray
4089,17.938369035720825,0.6635944244730182,obse,cracker_scene2,70,multiray
4090,17.94281816482544,0.6635944244730182,obse,cracker_scene2,70,multiray
4091,17.947205543518066,0.6638948983061775,obse,cracker_scene2,70,multiray
4092,17.951571702957153,0.6638948983061775,obse,cracker_scene2,70,multiray
4093,17.955925703048706,0.6635063148302222,obse,cracker_scene2,70,multiray
4094,17.960344552993774,0.6635063148302222,obse,cracker_scene2,70,multiray
4095,17.9646954536438,0.663531618215814,obse,cracker_scene2,70,multiray
4096,17.968863010406494,0.663531618215814,obse,cracker_scene2,70,multiray
4097,17.973381280899048,0.6635865176255394,obse,cracker_scene2,70,multiray
4098,17.97765588760376,0.6635865176255394,obse,cracker_scene2,70,multiray
4099,17.98216199874878,0.6635768619315661,obse,cracker_scene2,70,multiray
4100,17.98629355430603,0.6635768619315661,obse,cracker_scene2,70,multiray
4101,17.990352630615234,0.6635768619315661,obse,cracker_scene2,70,multiray
4102,17.99499821662903,0.6636100202723103,obse,cracker_scene2,70,multiray
4103,17.99944567680359,0.6637282255203176,obse,cracker_scene2,70,multiray
4104,18.003603219985962,0.6637282255203176,obse,cracker_scene2,70,multiray
4105,18.008009672164917,0.6636318961367556,obse,cracker_scene2,70,multiray
4106,18.01263189315796,0.6640481774873118,obse,cracker_scene2,70,multiray
4107,18.016863107681274,0.6640481774873118,obse,cracker_scene2,70,multiray
4108,18.021092891693115,0.6636637905236796,obse,cracker_scene2,70,multiray
4109,18.025252103805542,0.6636637905236796,obse,cracker_scene2,70,multiray
4110,18.029587030410767,0.6636723413671713,obse,cracker_scene2,70,multiray
4111,18.033684968948364,0.6636927529690494,obse,cracker_scene2,70,multiray
4112,18.037811517715454,0.663657867044331,obse,cracker_scene2,70,multiray
4113,18.042402505874634,0.6636393745486051,obse,cracker_scene2,70,multiray
4114,18.046841382980347,0.6636393745486051,obse,cracker_scene2,70,multiray
4115,18.050915241241455,0.6636393745486051,obse,cracker_scene2,70,multiray
4116,18.055564165115356,0.663755607850749,obse,cracker_scene2,70,multiray
4117,18.05965518951416,0.663755607850749,obse,cracker_scene2,70,multiray
4118,18.064195156097412,0.6640656704349788,obse,cracker_scene2,70,multiray
4119,18.068527936935425,0.6640518342013062,obse,cracker_scene2,70,multiray
4120,18.072648525238037,0.6640518342013062,obse,cracker_scene2,70,multiray
4121,18.077165842056274,0.6637671463393364,obse,cracker_scene2,70,multiray
4122,18.08160138130188,0.6637671463393364,obse,cracker_scene2,70,multiray
4123,18.08590340614319,0.6637671463393364,obse,cracker_scene2,70,multiray
4124,18.090048789978027,0.6640610489967141,obse,cracker_scene2,70,multiray
4125,18.094484567642212,0.6640610489967141,obse,cracker_scene2,70,multiray
4126,18.09882140159607,0.6637600116891437,obse,cracker_scene2,70,multiray
4127,18.103058338165283,0.6637600116891437,obse,cracker_scene2,70,multiray
4128,18.107332706451416,0.6640456286042936,obse,cracker_scene2,70,multiray
4129,18.1116681098938,0.664064083230475,obse,cracker_scene2,70,multiray
4130,18.11607336997986,0.664064083230475,obse,cracker_scene2,70,multiray
4131,18.12041187286377,0.6636354111704161,obse,cracker_scene2,70,multiray
4132,18.12455916404724,0.6636354111704161,obse,cracker_scene2,70,multiray
4133,18.12908363342285,0.664039480376804,obse,cracker_scene2,70,multiray
4134,18.13363528251648,0.6640495725262696,obse,cracker_scene2,70,multiray
4135,18.137893199920654,0.6640495725262696,obse,cracker_scene2,70,multiray
4136,18.14227271080017,0.6640126988941902,obse,cracker_scene2,70,multiray
4137,18.146777391433716,0.6640126988941902,obse,cracker_scene2,70,multiray
4138,18.15117645263672,0.6636690870478864,obse,cracker_scene2,70,multiray
4139,18.155447244644165,0.6636690870478864,obse,cracker_scene2,70,multiray
4140,18.159845113754272,0.663764289629304,obse,cracker_scene2,70,multiray
4141,18.164259672164917,0.663764289629304,obse,cracker_scene2,70,multiray
4142,18.168545484542847,0.6636558588565897,obse,cracker_scene2,70,multiray
4143,18.172807693481445,0.6636558588565897,obse,cracker_scene2,70,multiray
4144,18.177408456802368,0.6637701244703973,obse,cracker_scene2,70,multiray
4145,18.181931257247925,0.6637118359389362,obse,cracker_scene2,70,multiray
4146,18.186553955078125,0.6639982114078697,obse,cracker_scene2,70,multiray
4147,18.191137552261353,0.6636442760823024,obse,cracker_scene2,70,multiray
4148,18.195452213287354,0.6636442760823024,obse,cracker_scene2,70,multiray
4149,18.200168132781982,0.6640191865335944,obse,cracker_scene2,70,multiray
4150,18.20462131500244,0.6639857038572952,obse,cracker_scene2,70,multiray
4151,18.209242820739746,0.6636743636124245,obse,cracker_scene2,70,multiray
4152,18.213634252548218,0.6639651891839626,obse,cracker_scene2,70,multiray
4153,18.218003749847412,0.6639651891839626,obse,cracker_scene2,70,multiray
4154,18.222350597381592,0.6635959376899684,obse,cracker_scene2,70,multiray
4155,18.226723194122314,0.6635959376899684,obse,cracker_scene2,70,multiray
4156,18.23122239112854,0.6636119171934726,obse,cracker_scene2,70,multiray
4157,18.23534321784973,0.6636119171934726,obse,cracker_scene2,70,multiray
4158,18.23967742919922,0.6640779706686937,obse,cracker_scene2,70,multiray
4159,18.243995666503906,0.6640779706686937,obse,cracker_scene2,70,multiray
4160,18.24852967262268,0.663779684712341,obse,cracker_scene2,70,multiray
4161,18.252609968185425,0.663779684712341,obse,cracker_scene2,70,multiray
4162,18.256852865219116,0.6637588629402821,obse,cracker_scene2,70,multiray
4163,18.26095962524414,0.6637588629402821,obse,cracker_scene2,70,multiray
4164,18.26551651954651,0.6637150206436055,obse,cracker_scene2,70,multiray
4165,18.269756078720093,0.6637150206436055,obse,cracker_scene2,70,multiray
4166,18.274585247039795,0.6640567049761101,obse,cracker_scene2,70,multiray
4167,18.279253482818604,0.6640342954620615,obse,cracker_scene2,70,multiray
4168,18.283955335617065,0.6640277234136899,obse,cracker_scene2,70,multiray
4169,18.288482427597046,0.6636637556196426,obse,cracker_scene2,70,multiray
4170,18.293108701705933,0.6636637556196426,obse,cracker_scene2,70,multiray
4171,18.297380447387695,0.6636637556196426,obse,cracker_scene2,70,multiray
4172,18.30158281326294,0.6636637556196426,obse,cracker_scene2,70,multiray
4173,18.30577564239502,0.6636637556196426,obse,cracker_scene2,70,multiray
4174,18.310092449188232,0.6636637556196426,obse,cracker_scene2,70,multiray
4175,18.314287900924683,0.6636637556196426,obse,cracker_scene2,70,multiray
4176,18.31978726387024,0.6640478981141911,obse,cracker_scene2,70,multiray
4177,18.32462430000305,0.6637931310763613,obse,cracker_scene2,70,multiray
4178,18.32922124862671,0.6640730713127184,obse,cracker_scene2,70,multiray
4179,18.334102869033813,0.664068833209999,obse,cracker_scene2,70,multiray
4180,18.338650941848755,0.6636887895951725,obse,cracker_scene2,70,multiray
4181,18.3431339263916,0.6636887895951725,obse,cracker_scene2,70,multiray
4182,18.348525047302246,0.6640655611767239,obse,cracker_scene2,70,multiray
4183,18.353161573410034,0.6640655611767239,obse,cracker_scene2,70,multiray
4184,18.35779094696045,0.6637000229419557,obse,cracker_scene2,70,multiray
4185,18.36208415031433,0.6640902991451001,obse,cracker_scene2,70,multiray
4186,18.366270303726196,0.6640902991451001,obse,cracker_scene2,70,multiray
4187,18.37053108215332,0.6640902991451001,obse,cracker_scene2,70,multiray
4188,18.375243663787842,0.6642248406315424,obse,cracker_scene2,70,multiray
4189,18.379650831222534,0.6639491325105442,obse,cracker_scene2,70,multiray
4190,18.384188175201416,0.6639491325105442,obse,cracker_scene2,70,multiray
4191,18.38874864578247,0.6639347550863853,obse,cracker_scene2,70,multiray
4192,18.393239974975586,0.6639347550863853,obse,cracker_scene2,70,multiray
4193,18.39762806892395,0.6641101325939791,obse,cracker_scene2,70,multiray
4194,18.40340232849121,0.6641101325939791,obse,cracker_scene2,70,multiray
4195,18.408863067626953,0.6638945340321929,obse,cracker_scene2,70,multiray
4196,18.4140465259552,0.6642949450600539,obse,cracker_scene2,70,multiray
4197,18.418517112731934,0.6642949450600539,obse,cracker_scene2,70,multiray
4198,18.423356771469116,0.6642906117609179,obse,cracker_scene2,70,multiray
4199,18.42786955833435,0.6642906117609179,obse,cracker_scene2,70,multiray
4200,18.43219804763794,0.6642855281318211,obse,cracker_scene2,70,multiray
4201,18.43654203414917,0.6642812645086982,obse,cracker_scene2,70,multiray
4202,18.441193103790283,0.6642951089120301,obse,cracker_scene2,70,multiray
4203,18.445806741714478,0.6639542843577921,obse,cracker_scene2,70,multiray
4204,18.45033597946167,0.6639542843577921,obse,cracker_scene2,70,multiray
4205,18.454765796661377,0.6643009944989903,obse,cracker_scene2,70,multiray
4206,18.45932149887085,0.6643009944989903,obse,cracker_scene2,70,multiray
4207,18.463751554489136,0.6638996573489392,obse,cracker_scene2,70,multiray
4208,18.4680392742157,0.6638996573489392,obse,cracker_scene2,70,multiray
4209,18.472527503967285,0.6639221094161374,obse,cracker_scene2,70,multiray
4210,18.47699785232544,0.6639221094161374,obse,cracker_scene2,70,multiray
4211,18.4816734790802,0.6639790586425645,obse,cracker_scene2,70,multiray
4212,18.485745429992676,0.6639790586425645,obse,cracker_scene2,70,multiray
4213,18.490082263946533,0.663981564714932,obse,cracker_scene2,70,multiray
4214,18.494309902191162,0.663981564714932,obse,cracker_scene2,70,multiray
4215,18.498689889907837,0.664419622402917,obse,cracker_scene2,70,multiray
4216,18.502755880355835,0.664419622402917,obse,cracker_scene2,70,multiray
4217,18.507795095443726,0.6641562187076634,obse,cracker_scene2,70,multiray
4218,18.512346029281616,0.6644254728943323,obse,cracker_scene2,70,multiray
4219,18.516839027404785,0.6644254728943323,obse,cracker_scene2,70,multiray
4220,18.521045207977295,0.6644254728943323,obse,cracker_scene2,70,multiray
4221,18.525450706481934,0.6644254728943323,obse,cracker_scene2,70,multiray
4222,18.530275344848633,0.6641053837926529,obse,cracker_scene2,70,multiray
4223,18.534815549850464,0.6641053837926529,obse,cracker_scene2,70,multiray
4224,18.539549350738525,0.6640957324472441,obse,cracker_scene2,70,multiray
4225,18.544146299362183,0.6640957324472441,obse,cracker_scene2,70,multiray
4226,18.548601627349854,0.6644862289877631,obse,cracker_scene2,70,multiray
4227,18.5528666973114,0.6644862289877631,obse,cracker_scene2,70,multiray
4228,18.557605743408203,0.6644822510058094,obse,cracker_scene2,70,multiray
4229,18.5624098777771,0.6644871765492071,obse,cracker_scene2,70,multiray
4230,18.566742181777954,0.6644871765492071,obse,cracker_scene2,70,multiray
4231,18.57116436958313,0.6641436907811713,obse,cracker_scene2,70,multiray
4232,18.575621128082275,0.6641436907811713,obse,cracker_scene2,70,multiray
4233,18.58023738861084,0.6641188189465955,obse,cracker_scene2,70,multiray
4234,18.584516048431396,0.6641188189465955,obse,cracker_scene2,70,multiray
4235,18.588751316070557,0.6641188189465955,obse,cracker_scene2,70,multiray
4236,18.593389987945557,0.664115589598407,obse,cracker_scene2,70,multiray
4237,18.597923755645752,0.664133753740613,obse,cracker_scene2,70,multiray
4238,18.602206230163574,0.664133753740613,obse,cracker_scene2,70,multiray
4239,18.606689453125,0.6645070980817481,obse,cracker_scene2,70,multiray
4240,18.61097550392151,0.6645070980817481,obse,cracker_scene2,70,multiray
4241,18.61524772644043,0.664506051147147,obse,cracker_scene2,70,multiray
4242,18.619484901428223,0.664499695312802,obse,cracker_scene2,70,multiray
4243,18.623945236206055,0.6644854006768741,obse,cracker_scene2,70,multiray
4244,18.628509521484375,0.6644854006768741,obse,cracker_scene2,70,multiray
4245,18.633075714111328,0.6640677605269603,obse,cracker_scene2,70,multiray
4246,18.637531280517578,0.6644569605048747,obse,cracker_scene2,70,multiray
4247,18.642074584960938,0.6644569605048747,obse,cracker_scene2,70,multiray
4248,18.646528005599976,0.6641084717970597,obse,cracker_scene2,70,multiray
4249,18.650935411453247,0.6641084717970597,obse,cracker_scene2,70,multiray
4250,18.65512990951538,0.6641084717970597,obse,cracker_scene2,70,multiray
4251,18.659918546676636,0.6644931246078564,obse,cracker_scene2,70,multiray
4252,18.664501190185547,0.6644100688318542,obse,cracker_scene2,70,multiray
4253,18.668936014175415,0.6644100688318542,obse,cracker_scene2,70,multiray
4254,18.673556566238403,0.6644231468952532,obse,cracker_scene2,70,multiray
4255,18.67806887626648,0.6644231468952532,obse,cracker_scene2,70,multiray
4256,18.68253803253174,0.6644394350757101,obse,cracker_scene2,70,multiray
4257,18.686764240264893,0.664464260778232,obse,cracker_scene2,70,multiray
4258,18.691197156906128,0.6644531338030439,obse,cracker_scene2,70,multiray
4259,18.69551920890808,0.6644531338030439,obse,cracker_scene2,70,multiray
4260,18.700276613235474,0.663975496890088,obse,cracker_scene2,70,multiray
4261,18.70465898513794,0.6643179769039469,obse,cracker_scene2,70,multiray
4262,18.709014892578125,0.6643179769039469,obse,cracker_scene2,70,multiray
4263,18.713611364364624,0.6639273949420378,obse,cracker_scene2,70,multiray
4264,18.717700481414795,0.6639273949420378,obse,cracker_scene2,70,multiray
4265,18.721830129623413,0.6639273949420378,obse,cracker_scene2,70,multiray
4266,18.726366996765137,0.6639863966896296,obse,cracker_scene2,70,multiray
4267,18.73079228401184,0.6639535779537449,obse,cracker_scene2,70,multiray
4268,18.734880924224854,0.6639535779537449,obse,cracker_scene2,70,multiray
4269,18.739136457443237,0.6640112121729151,obse,cracker_scene2,70,multiray
4270,18.743878602981567,0.6640112121729151,obse,cracker_scene2,70,multiray
4271,18.748668670654297,0.6643807281681834,obse,cracker_scene2,70,multiray
4272,18.752924919128418,0.6643807281681834,obse,cracker_scene2,70,multiray
4273,18.757566928863525,0.6643465882899382,obse,cracker_scene2,70,multiray
4274,18.762222290039062,0.6643067870822612,obse,cracker_scene2,70,multiray
4275,18.767241954803467,0.6643519516009126,obse,cracker_scene2,70,multiray
4276,18.77167057991028,0.6644309832476211,obse,cracker_scene2,70,multiray
4277,18.776344537734985,0.6644309832476211,obse,cracker_scene2,70,multiray
4278,18.78095245361328,0.6640325977854942,obse,cracker_scene2,70,multiray
4279,18.785360097885132,0.6640325977854942,obse,cracker_scene2,70,multiray
4280,18.789552688598633,0.6640325977854942,obse,cracker_scene2,70,multiray
4281,18.79425024986267,0.664442860605468,obse,cracker_scene2,70,multiray
4282,18.798779726028442,0.6641568661661008,obse,cracker_scene2,70,multiray
4283,18.803154706954956,0.6641568661661008,obse,cracker_scene2,70,multiray
4284,18.807841539382935,0.6641462680718131,obse,cracker_scene2,70,multiray
4285,18.81236720085144,0.6641405838125044,obse,cracker_scene2,70,multiray
4286,18.817102193832397,0.6641463066774945,obse,cracker_scene2,70,multiray
4287,18.821462392807007,0.6641607093996081,obse,cracker_scene2,70,multiray
4288,18.826092958450317,0.6641607093996081,obse,cracker_scene2,70,multiray
4289,18.8305606842041,0.6641366473974644,obse,cracker_scene2,70,multiray
4290,18.83489465713501,0.6641366473974644,obse,cracker_scene2,70,multiray
4291,18.83946681022644,0.6645305705423162,obse,cracker_scene2,70,multiray
4292,18.843833684921265,0.6645305705423162,obse,cracker_scene2,70,multiray
4293,18.8483624458313,0.6645305705423162,obse,cracker_scene2,70,multiray
4294,18.85277819633484,0.6641692030761354,obse,cracker_scene2,70,multiray
4295,18.85734486579895,0.6641692030761354,obse,cracker_scene2,70,multiray
4296,18.861767053604126,0.6641528233526706,obse,cracker_scene2,70,multiray
4297,18.866300106048584,0.6641528233526706,obse,cracker_scene2,70,multiray
4298,18.87074089050293,0.6641488401444454,obse,cracker_scene2,70,multiray
4299,18.875303745269775,0.6641488401444454,obse,cracker_scene2,70,multiray
4300,18.88015055656433,0.6643949438617167,obse,cracker_scene2,70,multiray
4301,18.88438105583191,0.6643949438617167,obse,cracker_scene2,70,multiray
4302,18.888911485671997,0.6640004453297861,obse,cracker_scene2,70,multiray
4303,18.893144369125366,0.6640004453297861,obse,cracker_scene2,70,multiray
4304,18.897947311401367,0.6640004453297861,obse,cracker_scene2,70,multiray
4305,18.902459383010864,0.6640148222446342,obse,cracker_scene2,70,multiray
4306,18.906923055648804,0.6640148222446342,obse,cracker_scene2,70,multiray
4307,18.911471843719482,0.6640254931881838,obse,cracker_scene2,70,multiray
4308,18.916078090667725,0.6640280200362791,obse,cracker_scene2,70,multiray
4309,18.920440435409546,0.6640280200362791,obse,cracker_scene2,70,multiray
4310,18.924691677093506,0.6640280200362791,obse,cracker_scene2,70,multiray
4311,18.929210901260376,0.6646300259187611,obse,cracker_scene2,70,multiray
4312,18.933419942855835,0.6646300259187611,obse,cracker_scene2,70,multiray
4313,18.93787455558777,0.6646558842476977,obse,cracker_scene2,70,multiray
4314,18.94219207763672,0.6646558842476977,obse,cracker_scene2,70,multiray
4315,18.946789979934692,0.6645181090458124,obse,cracker_scene2,70,multiray
4316,18.951899528503418,0.6645181090458124,obse,cracker_scene2,70,multiray
4317,18.956239700317383,0.6641357190408903,obse,cracker_scene2,70,multiray
4318,18.961010456085205,0.6641357190408903,obse,cracker_scene2,70,multiray
4319,18.965548276901245,0.664508879642041,obse,cracker_scene2,70,multiray
4320,18.970669269561768,0.664508879642041,obse,cracker_scene2,70,multiray
4321,18.97503972053528,0.6645020528440032,obse,cracker_scene2,70,multiray
4322,18.979844331741333,0.6642618410473,obse,cracker_scene2,70,multiray
4323,18.984752893447876,0.6641272389313827,obse,cracker_scene2,70,multiray
4324,18.98950433731079,0.6641182159826382,obse,cracker_scene2,70,multiray
4325,18.99458909034729,0.6641265412512248,obse,cracker_scene2,70,multiray
4326,18.99936580657959,0.6644916532744927,obse,cracker_scene2,70,multiray
4327,19.00400996208191,0.6641357282167449,obse,cracker_scene2,70,multiray
4328,19.00889825820923,0.6641500634783988,obse,cracker_scene2,70,multiray
4329,19.013409852981567,0.6641562915767407,obse,cracker_scene2,70,multiray
4330,19.01795506477356,0.6641562915767407,obse,cracker_scene2,70,multiray
4331,19.022595167160034,0.6645382648586965,obse,cracker_scene2,70,multiray
4332,19.027077436447144,0.6645382648586965,obse,cracker_scene2,70,multiray
4333,19.031811237335205,0.6641729702982838,obse,cracker_scene2,70,multiray
4334,19.03604769706726,0.6641729702982838,obse,cracker_scene2,70,multiray
4335,19.04075288772583,0.6645364632748051,obse,cracker_scene2,70,multiray
4336,19.045199632644653,0.6645328186661918,obse,cracker_scene2,70,multiray
4337,19.049938917160034,0.6645330088394233,obse,cracker_scene2,70,multiray
4338,19.05411171913147,0.6645330088394233,obse,cracker_scene2,70,multiray
4339,19.05836296081543,0.6645330088394233,obse,cracker_scene2,70,multiray
4340,19.063138961791992,0.6641787104850401,obse,cracker_scene2,70,multiray
4341,19.067673921585083,0.6641787104850401,obse,cracker_scene2,70,multiray
4342,19.072307109832764,0.6641779476796499,obse,cracker_scene2,70,multiray
4343,19.076653480529785,0.6641779476796499,obse,cracker_scene2,70,multiray
4344,19.081369638442993,0.6645260087723976,obse,cracker_scene2,70,multiray
4345,19.08565402030945,0.6645260087723976,obse,cracker_scene2,70,multiray
4346,19.090381383895874,0.66453146569423,obse,cracker_scene2,70,multiray
4347,19.094929933547974,0.66453146569423,obse,cracker_scene2,70,multiray
4348,19.099618196487427,0.6642034849032306,obse,cracker_scene2,70,multiray
4349,19.10567045211792,0.6645323847933968,obse,cracker_scene2,70,multiray
4350,19.111372232437134,0.6645323847933968,obse,cracker_scene2,70,multiray
4351,19.116493225097656,0.6641483388518563,obse,cracker_scene2,70,multiray
4352,19.12069821357727,0.6641483388518563,obse,cracker_scene2,70,multiray
4353,19.124927520751953,0.6641483388518563,obse,cracker_scene2,70,multiray
4354,19.129780292510986,0.664164938043405,obse,cracker_scene2,70,multiray
4355,19.134459495544434,0.6641417353048068,obse,cracker_scene2,70,multiray
4356,19.13900637626648,0.66452166015735,obse,cracker_scene2,70,multiray
4357,19.14348840713501,0.66452166015735,obse,cracker_scene2,70,multiray
4358,19.148215770721436,0.6641261591561143,obse,cracker_scene2,70,multiray
4359,19.15248417854309,0.6641261591561143,obse,cracker_scene2,70,multiray
4360,19.156941652297974,0.6641140935514755,obse,cracker_scene2,70,multiray
4361,19.161193370819092,0.6641140935514755,obse,cracker_scene2,70,multiray
4362,19.165698766708374,0.6644808600932939,obse,cracker_scene2,70,multiray
4363,19.17073917388916,0.6640894314267467,obse,cracker_scene2,70,multiray
4364,19.17528009414673,0.6640894314267467,obse,cracker_scene2,70,multiray
4365,19.179916620254517,0.664111960809955,obse,cracker_scene2,70,multiray
4366,19.184479236602783,0.664111960809955,obse,cracker_scene2,70,multiray
4367,19.18863320350647,0.664111960809955,obse,cracker_scene2,70,multiray
4368,19.193298816680908,0.6645082409007129,obse,cracker_scene2,70,multiray
4369,19.197978258132935,0.6645006074487784,obse,cracker_scene2,70,multiray
4370,19.202389240264893,0.6645006074487784,obse,cracker_scene2,70,multiray
4371,19.207104921340942,0.6641158059729656,obse,cracker_scene2,70,multiray
4372,19.21140742301941,0.6641158059729656,obse,cracker_scene2,70,multiray
4373,19.216296911239624,0.6641059209572326,obse,cracker_scene2,70,multiray
4374,19.22061800956726,0.6645030880521391,obse,cracker_scene2,70,multiray
4375,19.22527313232422,0.6645030880521391,obse,cracker_scene2,70,multiray
4376,19.229755401611328,0.6644817949748612,obse,cracker_scene2,70,multiray
4377,19.23427176475525,0.6644817949748612,obse,cracker_scene2,70,multiray
4378,19.238882064819336,0.6644547153390405,obse,cracker_scene2,70,multiray
4379,19.243427276611328,0.6644547153390405,obse,cracker_scene2,70,multiray
4380,19.247845888137817,0.6644677206062544,obse,cracker_scene2,70,multiray
4381,19.252140760421753,0.6644677206062544,obse,cracker_scene2,70,multiray
4382,19.256656408309937,0.6644677206062544,obse,cracker_scene2,70,multiray
4383,19.2612407207489,0.66409427224617,obse,cracker_scene2,70,multiray
4384,19.265624046325684,0.66409427224617,obse,cracker_scene2,70,multiray
4385,19.269996404647827,0.6640853588331819,obse,cracker_scene2,70,multiray
4386,19.274569272994995,0.6640853588331819,obse,cracker_scene2,70,multiray
4387,19.279232025146484,0.6644834151370367,obse,cracker_scene2,70,multiray
4388,19.28360605239868,0.6644834151370367,obse,cracker_scene2,70,multiray
4389,19.28817391395569,0.6642045050872597,obse,cracker_scene2,70,multiray
4390,19.292465448379517,0.6642045050872597,obse,cracker_scene2,70,multiray
4391,19.297008991241455,0.6642045050872597,obse,cracker_scene2,70,multiray
4392,19.30146026611328,0.6644750667270776,obse,cracker_scene2,70,multiray
4393,19.306053161621094,0.6644750667270776,obse,cracker_scene2,70,multiray
4394,19.31030535697937,0.6644750667270776,obse,cracker_scene2,70,multiray
4395,19.315200090408325,0.6640860935348174,obse,cracker_scene2,70,multiray
4396,19.319637537002563,0.6640860935348174,obse,cracker_scene2,70,multiray
4397,19.323904752731323,0.6640860935348174,obse,cracker_scene2,70,multiray
4398,19.329068183898926,0.6640896721336664,obse,cracker_scene2,70,multiray
4399,19.333504676818848,0.6640896721336664,obse,cracker_scene2,70,multiray
4400,19.337907075881958,0.6640896721336664,obse,cracker_scene2,70,multiray
4401,19.342661142349243,0.6641056674039804,obse,cracker_scene2,70,multiray
4402,19.347318410873413,0.6641057009901558,obse,cracker_scene2,70,multiray
4403,19.35191559791565,0.6641057009901558,obse,cracker_scene2,70,multiray
4404,19.356522798538208,0.6641216670646148,obse,cracker_scene2,70,multiray
4405,19.361101388931274,0.6641023932369376,obse,cracker_scene2,70,multiray
4406,19.36552333831787,0.6641023932369376,obse,cracker_scene2,70,multiray
4407,19.370055198669434,0.6644742295102581,obse,cracker_scene2,70,multiray
4408,19.374905347824097,0.6644742295102581,obse,cracker_scene2,70,multiray
4409,19.37999391555786,0.6641155594008429,obse,cracker_scene2,70,multiray
4410,19.384682416915894,0.6644774286905532,obse,cracker_scene2,70,multiray
4411,19.389538526535034,0.6644874454247572,obse,cracker_scene2,70,multiray
4412,19.394124269485474,0.6641257017183491,obse,cracker_scene2,70,multiray
4413,19.398751497268677,0.6641106386706291,obse,cracker_scene2,70,multiray
4414,19.403512716293335,0.664108877999873,obse,cracker_scene2,70,multiray
4415,19.408225536346436,0.6640991226247771,obse,cracker_scene2,70,multiray
4416,19.412647008895874,0.6644634121628907,obse,cracker_scene2,70,multiray
4417,19.417041540145874,0.6644634121628907,obse,cracker_scene2,70,multiray
4418,19.42140030860901,0.6640861471019598,obse,cracker_scene2,70,multiray
4419,19.425888776779175,0.6640861471019598,obse,cracker_scene2,70,multiray
4420,19.430291175842285,0.6640624690664406,obse,cracker_scene2,70,multiray
4421,19.43484354019165,0.6640624690664406,obse,cracker_scene2,70,multiray
4422,19.439398527145386,0.6641003343643598,obse,cracker_scene2,70,multiray
4423,19.44362735748291,0.6641003343643598,obse,cracker_scene2,70,multiray
4424,19.448298454284668,0.6644676722285937,obse,cracker_scene2,70,multiray
4425,19.452570915222168,0.6644676722285937,obse,cracker_scene2,70,multiray
4426,19.456603288650513,0.6644676722285937,obse,cracker_scene2,70,multiray
4427,19.461095571517944,0.6644713368678634,obse,cracker_scene2,70,multiray
4428,19.46570372581482,0.6641075089209556,obse,cracker_scene2,70,multiray
4429,19.46980571746826,0.6641075089209556,obse,cracker_scene2,70,multiray
4430,19.474497318267822,0.6644645872847385,obse,cracker_scene2,70,multiray
4431,19.479044437408447,0.6644653140825147,obse,cracker_scene2,70,multiray
4432,19.483633279800415,0.664094972559625,obse,cracker_scene2,70,multiray
4433,19.48771071434021,0.6644777399010522,obse,cracker_scene2,70,multiray
4434,19.49226474761963,0.664477719443267,obse,cracker_scene2,70,multiray
4435,19.49654269218445,0.6644824028337628,obse,cracker_scene2,70,multiray
4436,19.501230001449585,0.6644824028337628,obse,cracker_scene2,70,multiray
4437,19.505794048309326,0.6644883748198739,obse,cracker_scene2,70,multiray
4438,19.510412454605103,0.6644883748198739,obse,cracker_scene2,70,multiray
4439,19.51496386528015,0.6644837039491273,obse,cracker_scene2,70,multiray
4440,19.51911735534668,0.6644837039491273,obse,cracker_scene2,70,multiray
4441,19.523244619369507,0.6644837039491273,obse,cracker_scene2,70,multiray
4442,19.527711153030396,0.664100144017086,obse,cracker_scene2,70,multiray
4443,19.532390356063843,0.6644768339493698,obse,cracker_scene2,70,multiray
4444,19.536744356155396,0.6644768339493698,obse,cracker_scene2,70,multiray
4445,19.541477918624878,0.664217312941004,obse,cracker_scene2,70,multiray
4446,19.545982599258423,0.6644821196933313,obse,cracker_scene2,70,multiray
4447,19.550727367401123,0.6644821196933313,obse,cracker_scene2,70,multiray
4448,19.555097103118896,0.6644907188957122,obse,cracker_scene2,70,multiray
4449,19.55949640274048,0.6644907188957122,obse,cracker_scene2,70,multiray
4450,19.563981533050537,0.6645272354089555,obse,cracker_scene2,70,multiray
4451,19.568567276000977,0.6645272354089555,obse,cracker_scene2,70,multiray
4452,19.573232173919678,0.6644887497634093,obse,cracker_scene2,70,multiray
4453,19.577765941619873,0.6644887497634093,obse,cracker_scene2,70,multiray
4454,19.582475423812866,0.6645155439452993,obse,cracker_scene2,70,multiray
4455,19.586548805236816,0.6645155439452993,obse,cracker_scene2,70,multiray
4456,19.590638637542725,0.6645155439452993,obse,cracker_scene2,70,multiray
4457,19.595604181289673,0.6644684918582534,obse,cracker_scene2,70,multiray
4458,19.600216150283813,0.664470541010533,obse,cracker_scene2,70,multiray
4459,19.60448384284973,0.6644729423571956,obse,cracker_scene2,70,multiray
4460,19.609116792678833,0.664191287810722,obse,cracker_scene2,70,multiray
4461,19.613800287246704,0.6641278613548027,obse,cracker_scene2,70,multiray
4462,19.61796736717224,0.6641278613548027,obse,cracker_scene2,70,multiray
4463,19.6223566532135,0.6641180537164239,obse,cracker_scene2,70,multiray
4464,19.626550436019897,0.6641180537164239,obse,cracker_scene2,70,multiray
4465,19.630985021591187,0.6642121673723547,obse,cracker_scene2,70,multiray
4466,19.635197639465332,0.6642121673723547,obse,cracker_scene2,70,multiray
4467,19.63984489440918,0.6644657309400429,obse,cracker_scene2,70,multiray
4468,19.6442449092865,0.6644657309400429,obse,cracker_scene2,70,multiray
4469,19.648829698562622,0.6644787397589409,obse,cracker_scene2,70,multiray
4470,19.652992486953735,0.6644787397589409,obse,cracker_scene2,70,multiray
4471,19.657264947891235,0.6644787397589409,obse,cracker_scene2,70,multiray
4472,19.662015199661255,0.6644423148190379,obse,cracker_scene2,70,multiray
4473,19.66648268699646,0.6644528811460566,obse,cracker_scene2,70,multiray
4474,19.670799732208252,0.6644744791660969,obse,cracker_scene2,70,multiray
4475,19.675312757492065,0.6644744791660969,obse,cracker_scene2,70,multiray
4476,19.67976951599121,0.6641078259706608,obse,cracker_scene2,70,multiray
4477,19.68433666229248,0.6641078259706608,obse,cracker_scene2,70,multiray
4478,19.688726663589478,0.6640906215714271,obse,cracker_scene2,70,multiray
4479,19.693150520324707,0.6640906215714271,obse,cracker_scene2,70,multiray
4480,19.697577953338623,0.6644684393958792,obse,cracker_scene2,70,multiray
4481,19.70189595222473,0.6644684393958792,obse,cracker_scene2,70,multiray
4482,19.706571340560913,0.6644823168615805,obse,cracker_scene2,70,multiray
4483,19.710901975631714,0.6644823168615805,obse,cracker_scene2,70,multiray
4484,19.715665578842163,0.6644835038602308,obse,cracker_scene2,70,multiray
4485,19.719818353652954,0.6644835038602308,obse,cracker_scene2,70,multiray
4486,19.723955154418945,0.6644835038602308,obse,cracker_scene2,70,multiray
4487,19.728505611419678,0.6644464085519616,obse,cracker_scene2,70,multiray
4488,19.732950687408447,0.6641146132282563,obse,cracker_scene2,70,multiray
4489,19.737174034118652,0.6641058923982165,obse,cracker_scene2,70,multiray
4490,19.741517305374146,0.6641058923982165,obse,cracker_scene2,70,multiray
4491,19.745827436447144,0.6641944599540058,obse,cracker_scene2,70,multiray
4492,19.75016474723816,0.6641896889645036,obse,cracker_scene2,70,multiray
4493,19.754373788833618,0.6644738022985881,obse,cracker_scene2,70,multiray
4494,19.75872564315796,0.6644738022985881,obse,cracker_scene2,70,multiray
4495,19.762826204299927,0.6644682985559571,obse,cracker_scene2,70,multiray
4496,19.76729726791382,0.6644803618982298,obse,cracker_scene2,70,multiray
4497,19.771337270736694,0.6644803618982298,obse,cracker_scene2,70,multiray
4498,19.775402545928955,0.6644803618982298,obse,cracker_scene2,70,multiray
4499,19.77948260307312,0.6644803618982298,obse,cracker_scene2,70,multiray
4500,19.783491373062134,0.6644803618982298,obse,cracker_scene2,70,multiray
4501,19.78831720352173,0.6644749431834553,obse,cracker_scene2,70,multiray
4502,19.792590141296387,0.6641094114313095,obse,cracker_scene2,70,multiray
4503,19.79683828353882,0.6640905325163216,obse,cracker_scene2,70,multiray
4504,19.800842761993408,0.6640905325163216,obse,cracker_scene2,70,multiray
4505,19.80504560470581,0.6640970340457433,obse,cracker_scene2,70,multiray
4506,19.809152364730835,0.6640970340457433,obse,cracker_scene2,70,multiray
4507,19.813503742218018,0.6642034980918746,obse,cracker_scene2,70,multiray
4508,19.818230152130127,0.6642034980918746,obse,cracker_scene2,70,multiray
4509,19.82281804084778,0.6641095779108652,obse,cracker_scene2,70,multiray
4510,19.827184677124023,0.6641095779108652,obse,cracker_scene2,70,multiray
4511,19.83174180984497,0.6644769526002402,obse,cracker_scene2,70,multiray
4512,19.83584713935852,0.6644769526002402,obse,cracker_scene2,70,multiray
4513,19.840394973754883,0.664192485675299,obse,cracker_scene2,70,multiray
4514,19.844552755355835,0.664192485675299,obse,cracker_scene2,70,multiray
4515,19.849003791809082,0.6644695897514233,obse,cracker_scene2,70,multiray
4516,19.85312032699585,0.6644695897514233,obse,cracker_scene2,70,multiray
4517,19.857253074645996,0.6644695897514233,obse,cracker_scene2,70,multiray
4518,19.861666440963745,0.6642143852370661,obse,cracker_scene2,70,multiray
4519,19.865837574005127,0.664486466443598,obse,cracker_scene2,70,multiray
4520,19.869991302490234,0.664486466443598,obse,cracker_scene2,70,multiray
4521,19.87448811531067,0.6644854058165668,obse,cracker_scene2,70,multiray
4522,19.878737211227417,0.6644854058165668,obse,cracker_scene2,70,multiray
4523,19.883388996124268,0.6642110416659879,obse,cracker_scene2,70,multiray
4524,19.887611627578735,0.6642029553562994,obse,cracker_scene2,70,multiray
4525,19.892027378082275,0.6642029553562994,obse,cracker_scene2,70,multiray
4526,19.896230459213257,0.6644646341651762,obse,cracker_scene2,70,multiray
4527,19.90065860748291,0.664470131239448,obse,cracker_scene2,70,multiray
4528,19.904876232147217,0.6642081856595426,obse,cracker_scene2,70,multiray
4529,19.909270524978638,0.6642081856595426,obse,cracker_scene2,70,multiray
4530,19.91362762451172,0.664325724278094,obse,cracker_scene2,70,multiray
4531,19.917956590652466,0.664325724278094,obse,cracker_scene2,70,multiray
4532,19.922072649002075,0.664325724278094,obse,cracker_scene2,70,multiray
4533,19.92642831802368,0.6641258465502721,obse,cracker_scene2,70,multiray
4534,19.93087863922119,0.6644943649426747,obse,cracker_scene2,70,multiray
4535,19.935083150863647,0.6644943649426747,obse,cracker_scene2,70,multiray
4536,19.939492225646973,0.6644910662738335,obse,cracker_scene2,70,multiray
4537,19.943742990493774,0.6644910662738335,obse,cracker_scene2,70,multiray
4538,19.94817066192627,0.6646544093788989,obse,cracker_scene2,70,multiray
4539,19.952369928359985,0.6646544093788989,obse,cracker_scene2,70,multiray
4540,19.9569149017334,0.6641347937500609,obse,cracker_scene2,70,multiray
4541,19.961107969284058,0.6641347937500609,obse,cracker_scene2,70,multiray
4542,19.965542316436768,0.6644825886897336,obse,cracker_scene2,70,multiray
4543,19.96964144706726,0.6644825886897336,obse,cracker_scene2,70,multiray
4544,19.97411799430847,0.6641234760672242,obse,cracker_scene2,70,multiray
4545,19.978223085403442,0.6641234760672242,obse,cracker_scene2,70,multiray
4546,19.982412099838257,0.66449716226236,obse,cracker_scene2,70,multiray
4547,19.98718571662903,0.6645060591758103,obse,cracker_scene2,70,multiray
4548,19.99169611930847,0.6644939560425782,obse,cracker_scene2,70,multiray
4549,19.99583077430725,0.6644826931796991,obse,cracker_scene2,70,multiray
4550,20.00012755393982,0.6644905896485682,obse,cracker_scene2,70,multiray
4551,20.004374742507935,0.6644905896485682,obse,cracker_scene2,70,multiray
4552,20.008755207061768,0.6644853410847225,obse,cracker_scene2,70,multiray
4553,20.01356554031372,0.6644851473893817,obse,cracker_scene2,70,multiray
4554,20.01788854598999,0.6644955177860956,obse,cracker_scene2,70,multiray
4555,20.022397994995117,0.6644901758936945,obse,cracker_scene2,70,multiray
4556,20.026684999465942,0.6641900692080067,obse,cracker_scene2,70,multiray
4557,20.031419038772583,0.6644904000936921,obse,cracker_scene2,70,multiray
4558,20.035430431365967,0.6644904000936921,obse,cracker_scene2,70,multiray
4559,20.039876222610474,0.6642130353746617,obse,cracker_scene2,70,multiray
4560,20.044255256652832,0.6642130353746617,obse,cracker_scene2,70,multiray
4561,20.048628091812134,0.664118693238073,obse,cracker_scene2,70,multiray
4562,20.052741289138794,0.664118693238073,obse,cracker_scene2,70,multiray
4563,20.05683994293213,0.664118693238073,obse,cracker_scene2,70,multiray
4564,20.061724424362183,0.6642109674510218,obse,cracker_scene2,70,multiray
4565,20.066263675689697,0.6644953369646986,obse,cracker_scene2,70,multiray
4566,20.0707106590271,0.6644953369646986,obse,cracker_scene2,70,multiray
4567,20.075270652770996,0.6644799193116978,obse,cracker_scene2,70,multiray
4568,20.079899787902832,0.6644799193116978,obse,cracker_scene2,70,multiray
4569,20.084097623825073,0.6642098076532993,obse,cracker_scene2,70,multiray
4570,20.088173866271973,0.6642098076532993,obse,cracker_scene2,70,multiray
4571,20.092424392700195,0.6641157914463337,obse,cracker_scene2,70,multiray
4572,20.09663414955139,0.6644731883359187,obse,cracker_scene2,70,multiray
4573,20.10096526145935,0.6644731883359187,obse,cracker_scene2,70,multiray
4574,20.10515785217285,0.6644731883359187,obse,cracker_scene2,70,multiray
4575,20.10965085029602,0.6640922270113597,obse,cracker_scene2,70,multiray
4576,20.114161014556885,0.6640989853873535,obse,cracker_scene2,70,multiray
4577,20.118550777435303,0.6640989853873535,obse,cracker_scene2,70,multiray
4578,20.12266254425049,0.6640989853873535,obse,cracker_scene2,70,multiray
4579,20.12749934196472,0.6644722195788202,obse,cracker_scene2,70,multiray
4580,20.13177514076233,0.6644722195788202,obse,cracker_scene2,70,multiray
4581,20.136584043502808,0.6644713543265708,obse,cracker_scene2,70,multiray
4582,20.141192197799683,0.6644610878932394,obse,cracker_scene2,70,multiray
4583,20.145776510238647,0.6644638688467221,obse,cracker_scene2,70,multiray
4584,20.150423526763916,0.6641889351746538,obse,cracker_scene2,70,multiray
4585,20.154908657073975,0.6641889351746538,obse,cracker_scene2,70,multiray
4586,20.159477710723877,0.6641084315166118,obse,cracker_scene2,70,multiray
4587,20.163817644119263,0.6641084315166118,obse,cracker_scene2,70,multiray
4588,20.168145895004272,0.6640980614950568,obse,cracker_scene2,70,multiray
4589,20.172218799591064,0.6640980614950568,obse,cracker_scene2,70,multiray
4590,20.176597356796265,0.6640980614950568,obse,cracker_scene2,70,multiray
4591,20.181076288223267,0.6641071317922325,obse,cracker_scene2,70,multiray
4592,20.18570375442505,0.6644812939497929,obse,cracker_scene2,70,multiray
4593,20.189868688583374,0.6644812939497929,obse,cracker_scene2,70,multiray
4594,20.194347620010376,0.6644893234266819,obse,cracker_scene2,70,multiray
4595,20.198782444000244,0.664480978986182,obse,cracker_scene2,70,multiray
4596,20.202902793884277,0.664480978986182,obse,cracker_scene2,70,multiray
4597,20.207393169403076,0.6644656419406789,obse,cracker_scene2,70,multiray
4598,20.211697816848755,0.6644656419406789,obse,cracker_scene2,70,multiray
4599,20.216197729110718,0.66449502035319,obse,cracker_scene2,70,multiray
4600,20.22035264968872,0.66449502035319,obse,cracker_scene2,70,multiray
4601,20.224799633026123,0.6641241987809884,obse,cracker_scene2,70,multiray
4602,20.229018211364746,0.6641287745779179,obse,cracker_scene2,70,multiray
4603,20.23344135284424,0.6641287745779179,obse,cracker_scene2,70,multiray
4604,20.237702131271362,0.6644927515829191,obse,cracker_scene2,70,multiray
4605,20.24203395843506,0.6644927515829191,obse,cracker_scene2,70,multiray
4606,20.24638843536377,0.664097863575342,obse,cracker_scene2,70,multiray
4607,20.25067377090454,0.664097863575342,obse,cracker_scene2,70,multiray
4608,20.254743576049805,0.664097863575342,obse,cracker_scene2,70,multiray
4609,20.259230852127075,0.664471843347037,obse,cracker_scene2,70,multiray
4610,20.263540983200073,0.6641100783195598,obse,cracker_scene2,70,multiray
4611,20.267767906188965,0.6641100783195598,obse,cracker_scene2,70,multiray
4612,20.272122383117676,0.6644983230684527,obse,cracker_scene2,70,multiray
4613,20.276515245437622,0.6644983230684527,obse,cracker_scene2,70,multiray
4614,20.2808940410614,0.66450038723092,obse,cracker_scene2,70,multiray
4615,20.285126209259033,0.66450038723092,obse,cracker_scene2,70,multiray
4616,20.289677619934082,0.6641398879190158,obse,cracker_scene2,70,multiray
4617,20.293816089630127,0.6641398879190158,obse,cracker_scene2,70,multiray
4618,20.298546075820923,0.6645093581552541,obse,cracker_scene2,70,multiray
4619,20.302628993988037,0.6645093581552541,obse,cracker_scene2,70,multiray
4620,20.30714988708496,0.664093108919719,obse,cracker_scene2,70,multiray
4621,20.311404943466187,0.664093108919719,obse,cracker_scene2,70,multiray
4622,20.31586003303528,0.6641026034403932,obse,cracker_scene2,70,multiray
4623,20.319984912872314,0.6641026034403932,obse,cracker_scene2,70,multiray
4624,20.324073314666748,0.6641026034403932,obse,cracker_scene2,70,multiray
4625,20.32855534553528,0.6644575334006141,obse,cracker_scene2,70,multiray
4626,20.332684755325317,0.6644700567320174,obse,cracker_scene2,70,multiray
4627,20.336888313293457,0.6641052615947146,obse,cracker_scene2,70,multiray
4628,20.341041564941406,0.6641052615947146,obse,cracker_scene2,70,multiray
4629,20.34532380104065,0.6644627164742974,obse,cracker_scene2,70,multiray
4630,20.350034952163696,0.6644627164742974,obse,cracker_scene2,70,multiray
4631,20.35424518585205,0.6641051605978335,obse,cracker_scene2,70,multiray
4632,20.358585119247437,0.6641051605978335,obse,cracker_scene2,70,multiray
4633,20.362866401672363,0.6645032229179721,obse,cracker_scene2,70,multiray
4634,20.36733365058899,0.6645050467459229,obse,cracker_scene2,70,multiray
4635,20.371643781661987,0.6640855382150361,obse,cracker_scene2,70,multiray
4636,20.375977039337158,0.6640855382150361,obse,cracker_scene2,70,multiray
4637,20.380507707595825,0.6644814320849336,obse,cracker_scene2,70,multiray
4638,20.384735107421875,0.6644814320849336,obse,cracker_scene2,70,multiray
4639,20.388814687728882,0.6644814320849336,obse,cracker_scene2,70,multiray
4640,20.393667697906494,0.6644810114347905,obse,cracker_scene2,70,multiray
4641,20.398069143295288,0.6641143788698358,obse,cracker_scene2,70,multiray
4642,20.402257919311523,0.6641143788698358,obse,cracker_scene2,70,multiray
4643,20.406656980514526,0.6644553518646259,obse,cracker_scene2,70,multiray
4644,20.410908937454224,0.6644553518646259,obse,cracker_scene2,70,multiray
4645,20.41548442840576,0.664471275557896,obse,cracker_scene2,70,multiray
4646,20.41955804824829,0.664471275557896,obse,cracker_scene2,70,multiray
4647,20.424197673797607,0.6644645533351708,obse,cracker_scene2,70,multiray
4648,20.42848253250122,0.6640743322662865,obse,cracker_scene2,70,multiray
4649,20.432892560958862,0.6640893132055196,obse,cracker_scene2,70,multiray
4650,20.437106132507324,0.664470947975524,obse,cracker_scene2,70,multiray
4651,20.441560745239258,0.6644709890361346,obse,cracker_scene2,70,multiray
4652,20.44568681716919,0.6644709890361346,obse,cracker_scene2,70,multiray
4653,20.450082063674927,0.6644744720647037,obse,cracker_scene2,70,multiray
4654,20.454532623291016,0.6644744720647037,obse,cracker_scene2,70,multiray
4655,20.45912766456604,0.6640744654356332,obse,cracker_scene2,70,multiray
4656,20.46366262435913,0.6640744654356332,obse,cracker_scene2,70,multiray
4657,20.468031406402588,0.6640851095052539,obse,cracker_scene2,70,multiray
4658,20.472187280654907,0.6640851095052539,obse,cracker_scene2,70,multiray
4659,20.47662878036499,0.6644509505074239,obse,cracker_scene2,70,multiray
4660,20.480909824371338,0.6644509505074239,obse,cracker_scene2,70,multiray
4661,20.4852876663208,0.6640856699407164,obse,cracker_scene2,70,multiray
4662,20.489602088928223,0.6644770542009443,obse,cracker_scene2,70,multiray
4663,20.493910551071167,0.6644770542009443,obse,cracker_scene2,70,multiray
4664,20.498180150985718,0.6644770542009443,obse,cracker_scene2,70,multiray
4665,20.502392053604126,0.6644928322783683,obse,cracker_scene2,70,multiray
4666,20.50680446624756,0.6644780129571565,obse,cracker_scene2,70,multiray
4667,20.511038541793823,0.6644780129571565,obse,cracker_scene2,70,multiray
4668,20.515465021133423,0.6644773592959186,obse,cracker_scene2,70,multiray
4669,20.5196533203125,0.6641989390309737,obse,cracker_scene2,70,multiray
4670,20.523852348327637,0.6641989390309737,obse,cracker_scene2,70,multiray
4671,20.528534173965454,0.6641053546922538,obse,cracker_scene2,70,multiray
4672,20.532888174057007,0.664499011482162,obse,cracker_scene2,70,multiray
4673,20.537185192108154,0.664499011482162,obse,cracker_scene2,70,multiray
4674,20.541443347930908,0.6641983751504899,obse,cracker_scene2,70,multiray
4675,20.545655965805054,0.6641983751504899,obse,cracker_scene2,70,multiray
4676,20.550280570983887,0.6645104074537056,obse,cracker_scene2,70,multiray
4677,20.554596424102783,0.6645104074537056,obse,cracker_scene2,70,multiray
4678,20.55897879600525,0.6641180484183371,obse,cracker_scene2,70,multiray
4679,20.56322479248047,0.6641180484183371,obse,cracker_scene2,70,multiray
4680,20.56763219833374,0.6642130855059815,obse,cracker_scene2,70,multiray
4681,20.57188868522644,0.6642130855059815,obse,cracker_scene2,70,multiray
4682,20.576054096221924,0.6642130855059815,obse,cracker_scene2,70,multiray
4683,20.58056139945984,0.6642097548010464,obse,cracker_scene2,70,multiray
4684,20.58502721786499,0.6644936724977847,obse,cracker_scene2,70,multiray
4685,20.589587688446045,0.6642109305940506,obse,cracker_scene2,70,multiray
4686,20.593780040740967,0.6642109305940506,obse,cracker_scene2,70,multiray
4687,20.59833073616028,0.6642014159964494,obse,cracker_scene2,70,multiray
4688,20.602381229400635,0.6642014159964494,obse,cracker_scene2,70,multiray
4689,20.606776237487793,0.6641281547784702,obse,cracker_scene2,70,multiray
4690,20.610984325408936,0.6641281547784702,obse,cracker_scene2,70,multiray
4691,20.615545988082886,0.6641239532345152,obse,cracker_scene2,70,multiray
4692,20.61963176727295,0.6641239532345152,obse,cracker_scene2,70,multiray
4693,20.624277114868164,0.6644818555489629,obse,cracker_scene2,70,multiray
4694,20.628500938415527,0.6644818555489629,obse,cracker_scene2,70,multiray
4695,20.632968187332153,0.6641435871692262,obse,cracker_scene2,70,multiray
4696,20.63721251487732,0.6641435871692262,obse,cracker_scene2,70,multiray
4697,20.641567707061768,0.6642145024380507,obse,cracker_scene2,70,multiray
4698,20.645843267440796,0.6642255804526898,obse,cracker_scene2,70,multiray
4699,20.650118827819824,0.6642255804526898,obse,cracker_scene2,70,multiray
4700,20.654215574264526,0.6642255804526898,obse,cracker_scene2,70,multiray
4701,20.65879797935486,0.6644919487725655,obse,cracker_scene2,70,multiray
4702,20.66313600540161,0.6644863134091957,obse,cracker_scene2,70,multiray
4703,20.667457342147827,0.6644863134091957,obse,cracker_scene2,70,multiray
4704,20.6718430519104,0.6644882941802651,obse,cracker_scene2,70,multiray
4705,20.676137685775757,0.6644882941802651,obse,cracker_scene2,70,multiray
4706,20.680526971817017,0.6645072448394415,obse,cracker_scene2,70,multiray
4707,20.6847186088562,0.6645072448394415,obse,cracker_scene2,70,multiray
4708,20.689088582992554,0.6644815013882044,obse,cracker_scene2,70,multiray
4709,20.69335651397705,0.6644815013882044,obse,cracker_scene2,70,multiray
4710,20.697860956192017,0.6641970701693194,obse,cracker_scene2,70,multiray
4711,20.702082633972168,0.6641970701693194,obse,cracker_scene2,70,multiray
4712,20.706571340560913,0.6641040599079194,obse,cracker_scene2,70,multiray
4713,20.71081018447876,0.6641040599079194,obse,cracker_scene2,70,multiray
4714,20.715288400650024,0.6644937869276983,obse,cracker_scene2,70,multiray
4715,20.719399452209473,0.6644937869276983,obse,cracker_scene2,70,multiray
4716,20.723477602005005,0.6644937869276983,obse,cracker_scene2,70,multiray
4717,20.727954149246216,0.6644797113501973,obse,cracker_scene2,70,multiray
4718,20.732463836669922,0.6641036174696333,obse,cracker_scene2,70,multiray
4719,20.736692905426025,0.6641036174696333,obse,cracker_scene2,70,multiray
4720,20.74115538597107,0.6641244449739652,obse,cracker_scene2,70,multiray
4721,20.745673894882202,0.664195056614893,obse,cracker_scene2,70,multiray
4722,20.749976873397827,0.664195056614893,obse,cracker_scene2,70,multiray
4723,20.75426483154297,0.6641973895320316,obse,cracker_scene2,70,multiray
4724,20.758729219436646,0.6642083749469538,obse,cracker_scene2,70,multiray
4725,20.762954473495483,0.6644844014722056,obse,cracker_scene2,70,multiray
4726,20.76730704307556,0.6644844014722056,obse,cracker_scene2,70,multiray
4727,20.771821975708008,0.6644751884272169,obse,cracker_scene2,70,multiray
4728,20.775978326797485,0.6644751884272169,obse,cracker_scene2,70,multiray
4729,20.780521869659424,0.6640979239835477,obse,cracker_scene2,70,multiray
4730,20.784831285476685,0.6640979239835477,obse,cracker_scene2,70,multiray
4731,20.7891743183136,0.6644756261741501,obse,cracker_scene2,70,multiray
4732,20.793278694152832,0.6644756261741501,obse,cracker_scene2,70,multiray
4733,20.797543048858643,0.66411942196152,obse,cracker_scene2,70,multiray
4734,20.801605701446533,0.66411942196152,obse,cracker_scene2,70,multiray
4735,20.806251287460327,0.6644748792591406,obse,cracker_scene2,70,multiray
4736,20.8104190826416,0.6644748792591406,obse,cracker_scene2,70,multiray
4737,20.815037488937378,0.6642001523940607,obse,cracker_scene2,70,multiray
4738,20.81915545463562,0.6642001523940607,obse,cracker_scene2,70,multiray
4739,20.823626041412354,0.6644855963144509,obse,cracker_scene2,70,multiray
4740,20.82770085334778,0.6644855963144509,obse,cracker_scene2,70,multiray
4741,20.83235812187195,0.6644773255613099,obse,cracker_scene2,70,multiray
4742,20.83658242225647,0.6644773255613099,obse,cracker_scene2,70,multiray
4743,20.841127395629883,0.664513133681279,obse,cracker_scene2,70,multiray
4744,20.84537935256958,0.6641008818986298,obse,cracker_scene2,70,multiray
4745,20.849651336669922,0.6641008818986298,obse,cracker_scene2,70,multiray
4746,20.853704690933228,0.6641008818986298,obse,cracker_scene2,70,multiray
4747,20.85784935951233,0.6641008818986298,obse,cracker_scene2,70,multiray
4748,20.86188268661499,0.6641008818986298,obse,cracker_scene2,70,multiray
4749,20.865898370742798,0.6641008818986298,obse,cracker_scene2,70,multiray
4750,20.869911193847656,0.6641008818986298,obse,cracker_scene2,70,multiray
4751,20.873990774154663,0.6641008818986298,obse,cracker_scene2,70,multiray
4752,20.87802529335022,0.6641008818986298,obse,cracker_scene2,70,multiray
4753,20.882044553756714,0.6641008818986298,obse,cracker_scene2,70,multiray
4754,20.886021852493286,0.6641008818986298,obse,cracker_scene2,70,multiray
4755,20.890034437179565,0.6641008818986298,obse,cracker_scene2,70,multiray
4756,20.894197702407837,0.6641008818986298,obse,cracker_scene2,70,multiray
4757,20.8981990814209,0.6641008818986298,obse,cracker_scene2,70,multiray
4758,20.902225732803345,0.6641008818986298,obse,cracker_scene2,70,multiray
4759,20.906251430511475,0.6641008818986298,obse,cracker_scene2,70,multiray
4760,20.910314321517944,0.6641008818986298,obse,cracker_scene2,70,multiray
4761,20.914313554763794,0.6641008818986298,obse,cracker_scene2,70,multiray
4762,20.918315649032593,0.6641008818986298,obse,cracker_scene2,70,multiray
4763,20.922354459762573,0.6641008818986298,obse,cracker_scene2,70,multiray
4764,20.926406145095825,0.6641008818986298,obse,cracker_scene2,70,multiray
4765,20.930484294891357,0.6641008818986298,obse,cracker_scene2,70,multiray
4766,20.934475421905518,0.6641008818986298,obse,cracker_scene2,70,multiray
4767,20.938515186309814,0.6641008818986298,obse,cracker_scene2,70,multiray
4768,20.942580461502075,0.6641008818986298,obse,cracker_scene2,70,multiray
4769,20.946600198745728,0.6641008818986298,obse,cracker_scene2,70,multiray
4770,20.950580835342407,0.6641008818986298,obse,cracker_scene2,70,multiray
4771,20.954591274261475,0.6641008818986298,obse,cracker_scene2,70,multiray
4772,20.958627939224243,0.6641008818986298,obse,cracker_scene2,70,multiray
4773,20.963073253631592,0.6641008818986298,obse,cracker_scene2,70,multiray
4774,20.96855330467224,0.6641008818986298,obse,cracker_scene2,70,multiray
4775,20.973140001296997,0.6641008818986298,obse,cracker_scene2,70,multiray
4776,20.97723388671875,0.6641008818986298,obse,cracker_scene2,70,multiray
4777,20.981310844421387,0.6641008818986298,obse,cracker_scene2,70,multiray
4778,20.98536705970764,0.6641008818986298,obse,cracker_scene2,70,multiray
4779,20.98943567276001,0.6641008818986298,obse,cracker_scene2,70,multiray
4780,20.99350595474243,0.6641008818986298,obse,cracker_scene2,70,multiray
4781,20.99781107902527,0.6641008818986298,obse,cracker_scene2,70,multiray
4782,21.002448081970215,0.6641008818986298,obse,cracker_scene2,70,multiray
4783,21.006940364837646,0.6641008818986298,obse,cracker_scene2,70,multiray
4784,21.011281728744507,0.6641008818986298,obse,cracker_scene2,70,multiray
4785,21.015331029891968,0.6641008818986298,obse,cracker_scene2,70,multiray
4786,21.01935911178589,0.6641008818986298,obse,cracker_scene2,70,multiray
4787,21.023483276367188,0.6641008818986298,obse,cracker_scene2,70,multiray
4788,21.027683973312378,0.6641008818986298,obse,cracker_scene2,70,multiray
4789,21.03171467781067,0.6641008818986298,obse,cracker_scene2,70,multiray
4790,21.035733461380005,0.6641008818986298,obse,cracker_scene2,70,multiray
4791,21.0397789478302,0.6641008818986298,obse,cracker_scene2,70,multiray
4792,21.043887615203857,0.6641008818986298,obse,cracker_scene2,70,multiray
4793,21.04792332649231,0.6641008818986298,obse,cracker_scene2,70,multiray
4794,21.05193853378296,0.6641008818986298,obse,cracker_scene2,70,multiray
4795,21.056012392044067,0.6641008818986298,obse,cracker_scene2,70,multiray
4796,21.06013035774231,0.6641008818986298,obse,cracker_scene2,70,multiray
4797,21.06412935256958,0.6641008818986298,obse,cracker_scene2,70,multiray
4798,21.068191051483154,0.6641008818986298,obse,cracker_scene2,70,multiray
4799,21.07231903076172,0.6641008818986298,obse,cracker_scene2,70,multiray
4800,21.076412439346313,0.6641008818986298,obse,cracker_scene2,70,multiray
4801,21.080456972122192,0.6641008818986298,obse,cracker_scene2,70,multiray
4802,21.084486722946167,0.6641008818986298,obse,cracker_scene2,70,multiray
4803,21.088563203811646,0.6641008818986298,obse,cracker_scene2,70,multiray
4804,21.092610120773315,0.6641008818986298,obse,cracker_scene2,70,multiray
4805,21.096754550933838,0.6641008818986298,obse,cracker_scene2,70,multiray
4806,21.100837469100952,0.6641008818986298,obse,cracker_scene2,70,multiray
4807,21.10496234893799,0.6641008818986298,obse,cracker_scene2,70,multiray
4808,21.10902762413025,0.6641008818986298,obse,cracker_scene2,70,multiray
4809,21.113088369369507,0.6641008818986298,obse,cracker_scene2,70,multiray
4810,21.117115020751953,0.6641008818986298,obse,cracker_scene2,70,multiray
4811,21.12122917175293,0.6641008818986298,obse,cracker_scene2,70,multiray
4812,21.125330209732056,0.6641008818986298,obse,cracker_scene2,70,multiray
4813,21.12945556640625,0.6641008818986298,obse,cracker_scene2,70,multiray
4814,21.133506059646606,0.6641008818986298,obse,cracker_scene2,70,multiray
4815,21.137627124786377,0.6641008818986298,obse,cracker_scene2,70,multiray
4816,21.141706705093384,0.6641008818986298,obse,cracker_scene2,70,multiray
4817,21.145787954330444,0.6641008818986298,obse,cracker_scene2,70,multiray
4818,21.149803638458252,0.6641008818986298,obse,cracker_scene2,70,multiray
4819,21.153898239135742,0.6641008818986298,obse,cracker_scene2,70,multiray
4820,21.158019065856934,0.6641008818986298,obse,cracker_scene2,70,multiray
4821,21.162097215652466,0.6641008818986298,obse,cracker_scene2,70,multiray
4822,21.166139364242554,0.6641008818986298,obse,cracker_scene2,70,multiray
4823,21.170262336730957,0.6641008818986298,obse,cracker_scene2,70,multiray
4824,21.174336910247803,0.6641008818986298,obse,cracker_scene2,70,multiray
4825,21.178514003753662,0.6641008818986298,obse,cracker_scene2,70,multiray
4826,21.18253254890442,0.6641008818986298,obse,cracker_scene2,70,multiray
4827,21.186593532562256,0.6641008818986298,obse,cracker_scene2,70,multiray
4828,21.190682888031006,0.6641008818986298,obse,cracker_scene2,70,multiray
4829,21.194744110107422,0.6641008818986298,obse,cracker_scene2,70,multiray
4830,21.19875693321228,0.6641008818986298,obse,cracker_scene2,70,multiray
4831,21.202863216400146,0.6641008818986298,obse,cracker_scene2,70,multiray
4832,21.20714282989502,0.6641008818986298,obse,cracker_scene2,70,multiray
4833,21.211570739746094,0.6641008818986298,obse,cracker_scene2,70,multiray
4834,21.215831756591797,0.6641008818986298,obse,cracker_scene2,70,multiray
4835,21.22009038925171,0.6641008818986298,obse,cracker_scene2,70,multiray
4836,21.224406957626343,0.6641008818986298,obse,cracker_scene2,70,multiray
4837,21.228562593460083,0.6641008818986298,obse,cracker_scene2,70,multiray
4838,21.23263144493103,0.6641008818986298,obse,cracker_scene2,70,multiray
4839,21.2366840839386,0.6641008818986298,obse,cracker_scene2,70,multiray
4840,21.24084210395813,0.6641008818986298,obse,cracker_scene2,70,multiray
4841,21.244948863983154,0.6641008818986298,obse,cracker_scene2,70,multiray
4842,21.249004364013672,0.6641008818986298,obse,cracker_scene2,70,multiray
4843,21.253026723861694,0.6641008818986298,obse,cracker_scene2,70,multiray
4844,21.257107973098755,0.6641008818986298,obse,cracker_scene2,70,multiray
4845,21.261168718338013,0.6641008818986298,obse,cracker_scene2,70,multiray
4846,21.265204429626465,0.6641008818986298,obse,cracker_scene2,70,multiray
4847,21.269357442855835,0.6641008818986298,obse,cracker_scene2,70,multiray
4848,21.273433446884155,0.6641008818986298,obse,cracker_scene2,70,multiray
4849,21.27753186225891,0.6641008818986298,obse,cracker_scene2,70,multiray
4850,21.281588554382324,0.6641008818986298,obse,cracker_scene2,70,multiray
4851,21.285613536834717,0.6641008818986298,obse,cracker_scene2,70,multiray
4852,21.28969168663025,0.6641008818986298,obse,cracker_scene2,70,multiray
4853,21.293884992599487,0.6641008818986298,obse,cracker_scene2,70,multiray
4854,21.297887802124023,0.6641008818986298,obse,cracker_scene2,70,multiray
4855,21.301921129226685,0.6641008818986298,obse,cracker_scene2,70,multiray
4856,21.306020498275757,0.6641008818986298,obse,cracker_scene2,70,multiray
4857,21.31011176109314,0.6641008818986298,obse,cracker_scene2,70,multiray
4858,21.31416606903076,0.6641008818986298,obse,cracker_scene2,70,multiray
4859,21.318163633346558,0.6641008818986298,obse,cracker_scene2,70,multiray
4860,21.322384357452393,0.6641008818986298,obse,cracker_scene2,70,multiray
4861,21.32652235031128,0.6641008818986298,obse,cracker_scene2,70,multiray
4862,21.330641984939575,0.6641008818986298,obse,cracker_scene2,70,multiray
4863,21.334683418273926,0.6641008818986298,obse,cracker_scene2,70,multiray
4864,21.338773012161255,0.6641008818986298,obse,cracker_scene2,70,multiray
4865,21.342901706695557,0.6641008818986298,obse,cracker_scene2,70,multiray
4866,21.346951723098755,0.6641008818986298,obse,cracker_scene2,70,multiray
4867,21.35096001625061,0.6641008818986298,obse,cracker_scene2,70,multiray
4868,21.35505485534668,0.6641008818986298,obse,cracker_scene2,70,multiray
4869,21.359477043151855,0.6641008818986298,obse,cracker_scene2,70,multiray
4870,21.36352515220642,0.6641008818986298,obse,cracker_scene2,70,multiray
4871,21.36751627922058,0.6641008818986298,obse,cracker_scene2,70,multiray
4872,21.37162733078003,0.6641008818986298,obse,cracker_scene2,70,multiray
4873,21.375728130340576,0.6641008818986298,obse,cracker_scene2,70,multiray
4874,21.379838466644287,0.6641008818986298,obse,cracker_scene2,70,multiray
4875,21.383853673934937,0.6641008818986298,obse,cracker_scene2,70,multiray
4876,21.38790273666382,0.6641008818986298,obse,cracker_scene2,70,multiray
4877,21.391982316970825,0.6641008818986298,obse,cracker_scene2,70,multiray
4878,21.396049976348877,0.6641008818986298,obse,cracker_scene2,70,multiray
4879,21.40004563331604,0.6641008818986298,obse,cracker_scene2,70,multiray
4880,21.404123783111572,0.6641008818986298,obse,cracker_scene2,70,multiray
4881,21.408193111419678,0.6641008818986298,obse,cracker_scene2,70,multiray
4882,21.412293434143066,0.6641008818986298,obse,cracker_scene2,70,multiray
4883,21.416321277618408,0.6641008818986298,obse,cracker_scene2,70,multiray
4884,21.42042326927185,0.6641008818986298,obse,cracker_scene2,70,multiray
4885,21.424564361572266,0.6641008818986298,obse,cracker_scene2,70,multiray
4886,21.42879867553711,0.6641008818986298,obse,cracker_scene2,70,multiray
4887,21.432814121246338,0.6641008818986298,obse,cracker_scene2,70,multiray
4888,21.436954021453857,0.6641008818986298,obse,cracker_scene2,70,multiray
4889,21.441044092178345,0.6641008818986298,obse,cracker_scene2,70,multiray
4890,21.445194721221924,0.6641008818986298,obse,cracker_scene2,70,multiray
4891,21.44920802116394,0.6641008818986298,obse,cracker_scene2,70,multiray
4892,21.45331907272339,0.6641008818986298,obse,cracker_scene2,70,multiray
4893,21.457380771636963,0.6641008818986298,obse,cracker_scene2,70,multiray
4894,21.46152973175049,0.6641008818986298,obse,cracker_scene2,70,multiray
4895,21.465531587600708,0.6641008818986298,obse,cracker_scene2,70,multiray
4896,21.469600915908813,0.6641008818986298,obse,cracker_scene2,70,multiray
4897,21.4736647605896,0.6641008818986298,obse,cracker_scene2,70,multiray
4898,21.477715253829956,0.6641008818986298,obse,cracker_scene2,70,multiray
4899,21.481741666793823,0.6641008818986298,obse,cracker_scene2,70,multiray
4900,21.485782384872437,0.6641008818986298,obse,cracker_scene2,70,multiray
4901,21.489919185638428,0.6641008818986298,obse,cracker_scene2,70,multiray
4902,21.4940505027771,0.6641008818986298,obse,cracker_scene2,70,multiray
4903,21.498048305511475,0.6641008818986298,obse,cracker_scene2,70,multiray
4904,21.502256631851196,0.6641008818986298,obse,cracker_scene2,70,multiray
4905,21.506325721740723,0.6641008818986298,obse,cracker_scene2,70,multiray
4906,21.510393857955933,0.6641008818986298,obse,cracker_scene2,70,multiray
4907,21.514454126358032,0.6641008818986298,obse,cracker_scene2,70,multiray
4908,21.51854920387268,0.6641008818986298,obse,cracker_scene2,70,multiray
4909,21.52265453338623,0.6641008818986298,obse,cracker_scene2,70,multiray
4910,21.526760816574097,0.6641008818986298,obse,cracker_scene2,70,multiray
4911,21.53083610534668,0.6641008818986298,obse,cracker_scene2,70,multiray
4912,21.53489589691162,0.6641008818986298,obse,cracker_scene2,70,multiray
4913,21.538983821868896,0.6641008818986298,obse,cracker_scene2,70,multiray
4914,21.54304075241089,0.6641008818986298,obse,cracker_scene2,70,multiray
4915,21.54709815979004,0.6641008818986298,obse,cracker_scene2,70,multiray
4916,21.55111598968506,0.6641008818986298,obse,cracker_scene2,70,multiray
4917,21.55515956878662,0.6641008818986298,obse,cracker_scene2,70,multiray
4918,21.559322834014893,0.6641008818986298,obse,cracker_scene2,70,multiray
4919,21.563382148742676,0.6641008818986298,obse,cracker_scene2,70,multiray
4920,21.567429542541504,0.6641008818986298,obse,cracker_scene2,70,multiray
4921,21.571539402008057,0.6641008818986298,obse,cracker_scene2,70,multiray
4922,21.575610637664795,0.6641008818986298,obse,cracker_scene2,70,multiray
4923,21.579652309417725,0.6641008818986298,obse,cracker_scene2,70,multiray
4924,21.583715438842773,0.6641008818986298,obse,cracker_scene2,70,multiray
4925,21.587775945663452,0.6641008818986298,obse,cracker_scene2,70,multiray
4926,21.59185242652893,0.6641008818986298,obse,cracker_scene2,70,multiray
4927,21.59595489501953,0.6641008818986298,obse,cracker_scene2,70,multiray
4928,21.599977493286133,0.6641008818986298,obse,cracker_scene2,70,multiray
4929,21.604002475738525,0.6641008818986298,obse,cracker_scene2,70,multiray
4930,21.60810685157776,0.6641008818986298,obse,cracker_scene2,70,multiray
4931,21.612199783325195,0.6641008818986298,obse,cracker_scene2,70,multiray
4932,21.616214275360107,0.6641008818986298,obse,cracker_scene2,70,multiray
4933,21.620327711105347,0.6641008818986298,obse,cracker_scene2,70,multiray
4934,21.62440037727356,0.6641008818986298,obse,cracker_scene2,70,multiray
4935,21.62859058380127,0.6641008818986298,obse,cracker_scene2,70,multiray
4936,21.63261079788208,0.6641008818986298,obse,cracker_scene2,70,multiray
4937,21.636720657348633,0.6641008818986298,obse,cracker_scene2,70,multiray
4938,21.640732288360596,0.6641008818986298,obse,cracker_scene2,70,multiray
4939,21.64486598968506,0.6641008818986298,obse,cracker_scene2,70,multiray
4940,21.648932218551636,0.6641008818986298,obse,cracker_scene2,70,multiray
4941,21.652951955795288,0.6641008818986298,obse,cracker_scene2,70,multiray
4942,21.65696954727173,0.6641008818986298,obse,cracker_scene2,70,multiray
4943,21.661112785339355,0.6641008818986298,obse,cracker_scene2,70,multiray
4944,21.665127754211426,0.6641008818986298,obse,cracker_scene2,70,multiray
4945,21.669164180755615,0.6641008818986298,obse,cracker_scene2,70,multiray
4946,21.673316478729248,0.6641008818986298,obse,cracker_scene2,70,multiray
4947,21.677409172058105,0.6641008818986298,obse,cracker_scene2,70,multiray
4948,21.68144702911377,0.6641008818986298,obse,cracker_scene2,70,multiray
4949,21.685468912124634,0.6641008818986298,obse,cracker_scene2,70,multiray
4950,21.68957757949829,0.6641008818986298,obse,cracker_scene2,70,multiray
4951,21.693714380264282,0.6641008818986298,obse,cracker_scene2,70,multiray
4952,21.697747945785522,0.6641008818986298,obse,cracker_scene2,70,multiray
4953,21.70177149772644,0.6641008818986298,obse,cracker_scene2,70,multiray
4954,21.705847024917603,0.6641008818986298,obse,cracker_scene2,70,multiray
4955,21.709980964660645,0.6641008818986298,obse,cracker_scene2,70,multiray
4956,21.714038133621216,0.6641008818986298,obse,cracker_scene2,70,multiray
4957,21.718077659606934,0.6641008818986298,obse,cracker_scene2,70,multiray
4958,21.722238063812256,0.6641008818986298,obse,cracker_scene2,70,multiray
4959,21.726320505142212,0.6641008818986298,obse,cracker_scene2,70,multiray
4960,21.73042941093445,0.6641008818986298,obse,cracker_scene2,70,multiray
4961,21.734461069107056,0.6641008818986298,obse,cracker_scene2,70,multiray
4962,21.738595962524414,0.6641008818986298,obse,cracker_scene2,70,multiray
4963,21.7427077293396,0.6641008818986298,obse,cracker_scene2,70,multiray
4964,21.746778964996338,0.6641008818986298,obse,cracker_scene2,70,multiray
4965,21.75083827972412,0.6641008818986298,obse,cracker_scene2,70,multiray
4966,21.754864931106567,0.6641008818986298,obse,cracker_scene2,70,multiray
4967,21.758946418762207,0.6641008818986298,obse,cracker_scene2,70,multiray
4968,21.763065338134766,0.6641008818986298,obse,cracker_scene2,70,multiray
4969,21.767052173614502,0.6641008818986298,obse,cracker_scene2,70,multiray
4970,21.77117156982422,0.6641008818986298,obse,cracker_scene2,70,multiray
4971,21.775226354599,0.6641008818986298,obse,cracker_scene2,70,multiray
4972,21.779292106628418,0.6641008818986298,obse,cracker_scene2,70,multiray
4973,21.78333067893982,0.6641008818986298,obse,cracker_scene2,70,multiray
4974,21.787379026412964,0.6641008818986298,obse,cracker_scene2,70,multiray
4975,21.791529417037964,0.6641008818986298,obse,cracker_scene2,70,multiray
4976,21.795581340789795,0.6641008818986298,obse,cracker_scene2,70,multiray
4977,21.799569129943848,0.6641008818986298,obse,cracker_scene2,70,multiray
4978,21.80364418029785,0.6641008818986298,obse,cracker_scene2,70,multiray
4979,21.807701110839844,0.6641008818986298,obse,cracker_scene2,70,multiray
4980,21.81187891960144,0.6641008818986298,obse,cracker_scene2,70,multiray
4981,21.8159077167511,0.6641008818986298,obse,cracker_scene2,70,multiray
4982,21.820005893707275,0.6641008818986298,obse,cracker_scene2,70,multiray
4983,21.824016332626343,0.6641008818986298,obse,cracker_scene2,70,multiray
4984,21.828169345855713,0.6641008818986298,obse,cracker_scene2,70,multiray
4985,21.8322274684906,0.6641008818986298,obse,cracker_scene2,70,multiray
4986,21.836377143859863,0.6641008818986298,obse,cracker_scene2,70,multiray
4987,21.840441465377808,0.6641008818986298,obse,cracker_scene2,70,multiray
4988,21.84463405609131,0.6641008818986298,obse,cracker_scene2,70,multiray
4989,21.848683834075928,0.6641008818986298,obse,cracker_scene2,70,multiray
4990,21.852771997451782,0.6641008818986298,obse,cracker_scene2,70,multiray
4991,21.85683536529541,0.6641008818986298,obse,cracker_scene2,70,multiray
4992,21.86103367805481,0.6641008818986298,obse,cracker_scene2,70,multiray
4993,21.8650484085083,0.6641008818986298,obse,cracker_scene2,70,multiray
4994,21.869102001190186,0.6641008818986298,obse,cracker_scene2,70,multiray
4995,21.873212337493896,0.6641008818986298,obse,cracker_scene2,70,multiray
4996,21.877323865890503,0.6641008818986298,obse,cracker_scene2,70,multiray
4997,21.881372213363647,0.6641008818986298,obse,cracker_scene2,70,multiray
4998,21.88538408279419,0.6641008818986298,obse,cracker_scene2,70,multiray
4999,21.889463663101196,0.6641008818986298,obse,cracker_scene2,70,multiray
5000,21.893595933914185,0.6641008818986298,obse,cracker_scene2,70,multiray
5001,21.897587060928345,0.6641008818986298,obse,cracker_scene2,70,multiray
5002,21.90160346031189,0.6641008818986298,obse,cracker_scene2,70,multiray
5003,21.905677556991577,0.6641008818986298,obse,cracker_scene2,70,multiray
5004,21.909761905670166,0.6641008818986298,obse,cracker_scene2,70,multiray
5005,21.913851737976074,0.6641008818986298,obse,cracker_scene2,70,multiray
5006,21.917876482009888,0.6641008818986298,obse,cracker_scene2,70,multiray
5007,21.92197060585022,0.6641008818986298,obse,cracker_scene2,70,multiray
5008,21.926040172576904,0.6641008818986298,obse,cracker_scene2,70,multiray
5009,21.930228233337402,0.6641008818986298,obse,cracker_scene2,70,multiray
5010,21.934234380722046,0.6641008818986298,obse,cracker_scene2,70,multiray
5011,21.938412189483643,0.6641008818986298,obse,cracker_scene2,70,multiray
5012,21.94251251220703,0.6641008818986298,obse,cracker_scene2,70,multiray
5013,21.946587085723877,0.6641008818986298,obse,cracker_scene2,70,multiray
5014,21.950567722320557,0.6641008818986298,obse,cracker_scene2,70,multiray
5015,21.954664945602417,0.6641008818986298,obse,cracker_scene2,70,multiray
5016,21.958735704421997,0.6641008818986298,obse,cracker_scene2,70,multiray
5017,21.96286177635193,0.6641008818986298,obse,cracker_scene2,70,multiray
5018,21.96688723564148,0.6641008818986298,obse,cracker_scene2,70,multiray
5019,21.97099542617798,0.6641008818986298,obse,cracker_scene2,70,multiray
5020,21.97508668899536,0.6641008818986298,obse,cracker_scene2,70,multiray
5021,21.9792160987854,0.6641008818986298,obse,cracker_scene2,70,multiray
5022,21.983227968215942,0.6641008818986298,obse,cracker_scene2,70,multiray
5023,21.987247467041016,0.6641008818986298,obse,cracker_scene2,70,multiray
5024,21.991382598876953,0.6641008818986298,obse,cracker_scene2,70,multiray
5025,21.995423078536987,0.6641008818986298,obse,cracker_scene2,70,multiray
5026,21.999454021453857,0.6641008818986298,obse,cracker_scene2,70,multiray
5027,22.003610372543335,0.6641008818986298,obse,cracker_scene2,70,multiray
5028,22.007617235183716,0.6641008818986298,obse,cracker_scene2,70,multiray
5029,22.011769771575928,0.6641008818986298,obse,cracker_scene2,70,multiray
5030,22.01581072807312,0.6641008818986298,obse,cracker_scene2,70,multiray
5031,22.019834280014038,0.6641008818986298,obse,cracker_scene2,70,multiray
5032,22.023890018463135,0.6641008818986298,obse,cracker_scene2,70,multiray
5033,22.028011798858643,0.6641008818986298,obse,cracker_scene2,70,multiray
5034,22.03208303451538,0.6641008818986298,obse,cracker_scene2,70,multiray
5035,22.036140203475952,0.6641008818986298,obse,cracker_scene2,70,multiray
5036,22.040196180343628,0.6641008818986298,obse,cracker_scene2,70,multiray
5037,22.044288396835327,0.6641008818986298,obse,cracker_scene2,70,multiray
5038,22.048409700393677,0.6641008818986298,obse,cracker_scene2,70,multiray
5039,22.052414894104004,0.6641008818986298,obse,cracker_scene2,70,multiray
5040,22.056541681289673,0.6641008818986298,obse,cracker_scene2,70,multiray
5041,22.060620546340942,0.6641008818986298,obse,cracker_scene2,70,multiray
5042,22.064702033996582,0.6641008818986298,obse,cracker_scene2,70,multiray
5043,22.068734169006348,0.6641008818986298,obse,cracker_scene2,70,multiray
5044,22.072798013687134,0.6641008818986298,obse,cracker_scene2,70,multiray
5045,22.076999187469482,0.6641008818986298,obse,cracker_scene2,70,multiray
5046,22.081050872802734,0.6641008818986298,obse,cracker_scene2,70,multiray
5047,22.08510684967041,0.6641008818986298,obse,cracker_scene2,70,multiray
5048,22.08916211128235,0.6641008818986298,obse,cracker_scene2,70,multiray
5049,22.093923568725586,0.6641008818986298,obse,cracker_scene2,70,multiray
5050,22.098045825958252,0.6641008818986298,obse,cracker_scene2,70,multiray
5051,22.10210919380188,0.6641008818986298,obse,cracker_scene2,70,multiray
5052,22.106248140335083,0.6641008818986298,obse,cracker_scene2,70,multiray
5053,22.11046314239502,0.6641008818986298,obse,cracker_scene2,70,multiray
5054,22.114516258239746,0.6641008818986298,obse,cracker_scene2,70,multiray
5055,22.118563175201416,0.6641008818986298,obse,cracker_scene2,70,multiray
5056,22.122616052627563,0.6641008818986298,obse,cracker_scene2,70,multiray
5057,22.126789331436157,0.6641008818986298,obse,cracker_scene2,70,multiray
5058,22.130886554718018,0.6641008818986298,obse,cracker_scene2,70,multiray
5059,22.13489603996277,0.6641008818986298,obse,cracker_scene2,70,multiray
5060,22.139036893844604,0.6641008818986298,obse,cracker_scene2,70,multiray
5061,22.14309072494507,0.6641008818986298,obse,cracker_scene2,70,multiray
5062,22.14719796180725,0.6641008818986298,obse,cracker_scene2,70,multiray
5063,22.15121293067932,0.6641008818986298,obse,cracker_scene2,70,multiray
5064,22.155347108840942,0.6641008818986298,obse,cracker_scene2,70,multiray
5065,22.159456253051758,0.6641008818986298,obse,cracker_scene2,70,multiray
5066,22.1635422706604,0.6641008818986298,obse,cracker_scene2,70,multiray
5067,22.167554140090942,0.6641008818986298,obse,cracker_scene2,70,multiray
5068,22.17165446281433,0.6641008818986298,obse,cracker_scene2,70,multiray
5069,22.175769090652466,0.6641008818986298,obse,cracker_scene2,70,multiray
5070,22.179890632629395,0.6641008818986298,obse,cracker_scene2,70,multiray
5071,22.183922290802002,0.6641008818986298,obse,cracker_scene2,70,multiray
5072,22.18802309036255,0.6641008818986298,obse,cracker_scene2,70,multiray
5073,22.19212245941162,0.6641008818986298,obse,cracker_scene2,70,multiray
5074,22.196163415908813,0.6641008818986298,obse,cracker_scene2,70,multiray
5075,22.20021891593933,0.6641008818986298,obse,cracker_scene2,70,multiray
5076,22.204311847686768,0.6641008818986298,obse,cracker_scene2,70,multiray
5077,22.208375453948975,0.6641008818986298,obse,cracker_scene2,70,multiray
5078,22.21247959136963,0.6641008818986298,obse,cracker_scene2,70,multiray
5079,22.216474056243896,0.6641008818986298,obse,cracker_scene2,70,multiray
5080,22.220547437667847,0.6641008818986298,obse,cracker_scene2,70,multiray
5081,22.2246253490448,0.6641008818986298,obse,cracker_scene2,70,multiray
5082,22.228806257247925,0.6641008818986298,obse,cracker_scene2,70,multiray
5083,22.232851266860962,0.6641008818986298,obse,cracker_scene2,70,multiray
5084,22.236957550048828,0.6641008818986298,obse,cracker_scene2,70,multiray
5085,22.24108386039734,0.6641008818986298,obse,cracker_scene2,70,multiray
5086,22.24520993232727,0.6641008818986298,obse,cracker_scene2,70,multiray
5087,22.249288320541382,0.6641008818986298,obse,cracker_scene2,70,multiray
5088,22.25339674949646,0.6641008818986298,obse,cracker_scene2,70,multiray
5089,22.25743579864502,0.6641008818986298,obse,cracker_scene2,70,multiray
5090,22.261571168899536,0.6641008818986298,obse,cracker_scene2,70,multiray
5091,22.265584230422974,0.6641008818986298,obse,cracker_scene2,70,multiray
5092,22.269595623016357,0.6641008818986298,obse,cracker_scene2,70,multiray
5093,22.27365732192993,0.6641008818986298,obse,cracker_scene2,70,multiray
5094,22.277825593948364,0.6641008818986298,obse,cracker_scene2,70,multiray
5095,22.28186345100403,0.6641008818986298,obse,cracker_scene2,70,multiray
5096,22.28588557243347,0.6641008818986298,obse,cracker_scene2,70,multiray
5097,22.289954662322998,0.6641008818986298,obse,cracker_scene2,70,multiray
5098,22.29407787322998,0.6641008818986298,obse,cracker_scene2,70,multiray
5099,22.298075914382935,0.6641008818986298,obse,cracker_scene2,70,multiray
