0,0.0001659393310546875,0.08322765625290547,obse,cracker_scene1,70,old
1,0.002260923385620117,0.08322765625290547,obse,cracker_scene1,70,old
2,0.0069811344146728516,0.08318690205375205,obse,cracker_scene1,70,old
3,0.011164426803588867,0.08326701059633962,obse,cracker_scene1,70,old
4,0.015413284301757812,0.08325992230652843,obse,cracker_scene1,70,old
5,0.01964592933654785,0.08325992230652843,obse,cracker_scene1,70,old
6,0.024137258529663086,0.08319284973970513,obse,cracker_scene1,70,old
7,0.028362512588500977,0.08319284973970513,obse,cracker_scene1,70,old
8,0.03270459175109863,0.08319284973970513,obse,cracker_scene1,70,old
9,0.03699517250061035,0.08319284973970513,obse,cracker_scene1,70,old
10,0.04130697250366211,0.08321752608315405,obse,cracker_scene1,70,old
11,0.04552030563354492,0.08321752608315405,obse,cracker_scene1,70,old
12,0.04968690872192383,0.08321752608315405,obse,cracker_scene1,70,old
13,0.05413031578063965,0.08318593850827609,obse,cracker_scene1,70,old
14,0.05882573127746582,0.08319427967266044,obse,cracker_scene1,70,old
15,0.06337738037109375,0.08319427967266044,obse,cracker_scene1,70,old
16,0.0676736831665039,0.08319427967266044,obse,cracker_scene1,70,old
17,0.07247543334960938,0.08319427967266044,obse,cracker_scene1,70,old
18,0.07672762870788574,0.08319427967266044,obse,cracker_scene1,70,old
19,0.08141160011291504,0.0831422869011498,obse,cracker_scene1,70,old
20,0.08595824241638184,0.0831422869011498,obse,cracker_scene1,70,old
21,0.09037065505981445,0.0832515691154239,obse,cracker_scene1,70,old
22,0.09473586082458496,0.08304935384525644,obse,cracker_scene1,70,old
23,0.09893250465393066,0.08304935384525644,obse,cracker_scene1,70,old
24,0.10318875312805176,0.08304935384525644,obse,cracker_scene1,70,old
25,0.10747981071472168,0.08304935384525644,obse,cracker_scene1,70,old
26,0.11224818229675293,0.08251661379245404,obse,cracker_scene1,70,old
27,0.11715865135192871,0.0823756305569866,obse,cracker_scene1,70,old
28,0.1216895580291748,0.0813706009303035,obse,cracker_scene1,70,old
29,0.12604308128356934,0.0813706009303035,obse,cracker_scene1,70,old
30,0.130415678024292,0.0813706009303035,obse,cracker_scene1,70,old
31,0.13547301292419434,0.08082041689351555,obse,cracker_scene1,70,old
32,0.1399061679840088,0.080626444998356,obse,cracker_scene1,70,old
33,0.1441035270690918,0.080626444998356,obse,cracker_scene1,70,old
34,0.14819955825805664,0.080626444998356,obse,cracker_scene1,70,old
35,0.15252375602722168,0.08057169947809602,obse,cracker_scene1,70,old
36,0.15702199935913086,0.08044427070037581,obse,cracker_scene1,70,old
37,0.1613476276397705,0.08044427070037581,obse,cracker_scene1,70,old
38,0.16584038734436035,0.0803022093577296,obse,cracker_scene1,70,old
39,0.17020463943481445,0.08008802794829759,obse,cracker_scene1,70,old
40,0.17516207695007324,0.08012197177830159,obse,cracker_scene1,70,old
41,0.17985939979553223,0.08008257776590641,obse,cracker_scene1,70,old
42,0.18434619903564453,0.0798420215393682,obse,cracker_scene1,70,old
43,0.18875789642333984,0.07966659528762918,obse,cracker_scene1,70,old
44,0.1930370330810547,0.07966659528762918,obse,cracker_scene1,70,old
45,0.19742989540100098,0.07963982003677957,obse,cracker_scene1,70,old
46,0.20149707794189453,0.07963982003677957,obse,cracker_scene1,70,old
47,0.20593929290771484,0.079782199451216,obse,cracker_scene1,70,old
48,0.21033906936645508,0.07970446679684282,obse,cracker_scene1,70,old
49,0.21457886695861816,0.07970446679684282,obse,cracker_scene1,70,old
50,0.21929097175598145,0.07954832856839232,obse,cracker_scene1,70,old
51,0.2241661548614502,0.07928034813225668,obse,cracker_scene1,70,old
52,0.22853612899780273,0.07928034813225668,obse,cracker_scene1,70,old
53,0.2327713966369629,0.07928034813225668,obse,cracker_scene1,70,old
54,0.23707294464111328,0.07928034813225668,obse,cracker_scene1,70,old
55,0.24133610725402832,0.07930613704301857,obse,cracker_scene1,70,old
56,0.24566411972045898,0.07930613704301857,obse,cracker_scene1,70,old
57,0.24996590614318848,0.07929382082087386,obse,cracker_scene1,70,old
58,0.2542092800140381,0.07929382082087386,obse,cracker_scene1,70,old
59,0.274139404296875,0.07891361790628489,obse,cracker_scene1,70,old
60,0.2785155773162842,0.07891361790628489,obse,cracker_scene1,70,old
61,0.2829000949859619,0.07891361790628489,obse,cracker_scene1,70,old
62,0.2876698970794678,0.07894872929117121,obse,cracker_scene1,70,old
63,0.29190611839294434,0.07894872929117121,obse,cracker_scene1,70,old
64,0.29645586013793945,0.07882002332293783,obse,cracker_scene1,70,old
65,0.30135130882263184,0.07846297434808557,obse,cracker_scene1,70,old
66,0.30560994148254395,0.07846297434808557,obse,cracker_scene1,70,old
67,0.310168981552124,0.07837632314383267,obse,cracker_scene1,70,old
68,0.3145174980163574,0.07837632314383267,obse,cracker_scene1,70,old
69,0.31905674934387207,0.07815303198735764,obse,cracker_scene1,70,old
70,0.3236393928527832,0.07815303198735764,obse,cracker_scene1,70,old
71,0.3279716968536377,0.07815303198735764,obse,cracker_scene1,70,old
72,0.33278822898864746,0.07793231360452328,obse,cracker_scene1,70,old
73,0.33750343322753906,0.0779616299264878,obse,cracker_scene1,70,old
74,0.3418426513671875,0.0779616299264878,obse,cracker_scene1,70,old
75,0.3462677001953125,0.07786060370506058,obse,cracker_scene1,70,old
76,0.35048985481262207,0.07786060370506058,obse,cracker_scene1,70,old
77,0.35469889640808105,0.07786060370506058,obse,cracker_scene1,70,old
78,0.358858585357666,0.07786060370506058,obse,cracker_scene1,70,old
79,0.3630213737487793,0.07786060370506058,obse,cracker_scene1,70,old
80,0.3681483268737793,0.07779360840703883,obse,cracker_scene1,70,old
81,0.37252068519592285,0.07739674430110514,obse,cracker_scene1,70,old
82,0.37708401679992676,0.07728736244296577,obse,cracker_scene1,70,old
83,0.38123345375061035,0.07728736244296577,obse,cracker_scene1,70,old
84,0.3856658935546875,0.07715708981551228,obse,cracker_scene1,70,old
85,0.3899574279785156,0.07715708981551228,obse,cracker_scene1,70,old
86,0.3941776752471924,0.07715708981551228,obse,cracker_scene1,70,old
87,0.39827871322631836,0.07715708981551228,obse,cracker_scene1,70,old
88,0.4028186798095703,0.07703430149694619,obse,cracker_scene1,70,old
89,0.4070718288421631,0.07703430149694619,obse,cracker_scene1,70,old
90,0.4115011692047119,0.07703430149694619,obse,cracker_scene1,70,old
91,0.4157290458679199,0.07689398416857138,obse,cracker_scene1,70,old
92,0.42003798484802246,0.07689398416857138,obse,cracker_scene1,70,old
93,0.4246504306793213,0.07675942235464946,obse,cracker_scene1,70,old
94,0.4290649890899658,0.07662437303879073,obse,cracker_scene1,70,old
95,0.4332461357116699,0.07662437303879073,obse,cracker_scene1,70,old
96,0.4375343322753906,0.07662437303879073,obse,cracker_scene1,70,old
97,0.44171667098999023,0.07662437303879073,obse,cracker_scene1,70,old
98,0.4462707042694092,0.07617993737776219,obse,cracker_scene1,70,old
99,0.45059943199157715,0.07617576595601384,obse,cracker_scene1,70,old
100,0.45507335662841797,0.07604616937630236,obse,cracker_scene1,70,old
101,0.45938920974731445,0.07604616937630236,obse,cracker_scene1,70,old
102,0.46458983421325684,0.07586191595746891,obse,cracker_scene1,70,old
103,0.4688088893890381,0.07586191595746891,obse,cracker_scene1,70,old
104,0.4734649658203125,0.07596594930912853,obse,cracker_scene1,70,old
105,0.4780101776123047,0.07594485210460991,obse,cracker_scene1,70,old
106,0.48232007026672363,0.07588557691075849,obse,cracker_scene1,70,old
107,0.4867427349090576,0.07588498280526751,obse,cracker_scene1,70,old
108,0.4913191795349121,0.07588498280526751,obse,cracker_scene1,70,old
109,0.4962594509124756,0.07728663030767896,obse,cracker_scene1,70,old
110,0.5004708766937256,0.07728663030767896,obse,cracker_scene1,70,old
111,0.505056619644165,0.07722531297552217,obse,cracker_scene1,70,old
112,0.5092270374298096,0.07722531297552217,obse,cracker_scene1,70,old
113,0.5133869647979736,0.07722531297552217,obse,cracker_scene1,70,old
114,0.5176782608032227,0.07695603250208853,obse,cracker_scene1,70,old
115,0.5222127437591553,0.07695218360391917,obse,cracker_scene1,70,old
116,0.5263822078704834,0.07695218360391917,obse,cracker_scene1,70,old
117,0.5305929183959961,0.07695218360391917,obse,cracker_scene1,70,old
118,0.5349936485290527,0.07683637881831462,obse,cracker_scene1,70,old
119,0.5395681858062744,0.07670837903998984,obse,cracker_scene1,70,old
120,0.5437350273132324,0.07670837903998984,obse,cracker_scene1,70,old
121,0.5481939315795898,0.07659062911024268,obse,cracker_scene1,70,old
122,0.5526657104492188,0.07658303722011138,obse,cracker_scene1,70,old
123,0.5571098327636719,0.07642137627553053,obse,cracker_scene1,70,old
124,0.5615756511688232,0.07636824150085465,obse,cracker_scene1,70,old
125,0.5659677982330322,0.07629921615535556,obse,cracker_scene1,70,old
126,0.5704495906829834,0.07630452919057465,obse,cracker_scene1,70,old
127,0.5748786926269531,0.07630452919057465,obse,cracker_scene1,70,old
128,0.5791687965393066,0.07629796554754277,obse,cracker_scene1,70,old
129,0.5833723545074463,0.0761827547290324,obse,cracker_scene1,70,old
130,0.5878524780273438,0.07603078678705918,obse,cracker_scene1,70,old
131,0.5923106670379639,0.07603078678705918,obse,cracker_scene1,70,old
132,0.5966835021972656,0.07597809769480945,obse,cracker_scene1,70,old
133,0.6008338928222656,0.07597809769480945,obse,cracker_scene1,70,old
134,0.6052289009094238,0.07584638457347898,obse,cracker_scene1,70,old
135,0.6094441413879395,0.07584638457347898,obse,cracker_scene1,70,old
136,0.6141462326049805,0.0756083086314059,obse,cracker_scene1,70,old
137,0.6184828281402588,0.0756083086314059,obse,cracker_scene1,70,old
138,0.6233086585998535,0.07541673553277643,obse,cracker_scene1,70,old
139,0.6278181076049805,0.07529211749192119,obse,cracker_scene1,70,old
140,0.6320080757141113,0.07529211749192119,obse,cracker_scene1,70,old
141,0.6364691257476807,0.07529211749192119,obse,cracker_scene1,70,old
142,0.6434872150421143,0.0753512902574171,obse,cracker_scene1,70,old
143,0.6498880386352539,0.07524533832517516,obse,cracker_scene1,70,old
144,0.656059980392456,0.07515648024682543,obse,cracker_scene1,70,old
145,0.6616408824920654,0.07515648024682543,obse,cracker_scene1,70,old
146,0.6685752868652344,0.07488737796765865,obse,cracker_scene1,70,old
147,0.6733250617980957,0.07474780979234494,obse,cracker_scene1,70,old
148,0.6775288581848145,0.07474780979234494,obse,cracker_scene1,70,old
149,0.6816296577453613,0.07465600884464693,obse,cracker_scene1,70,old
150,0.6858243942260742,0.07465600884464693,obse,cracker_scene1,70,old
151,0.6920452117919922,0.07457291791523894,obse,cracker_scene1,70,old
152,0.6966512203216553,0.07457291791523894,obse,cracker_scene1,70,old
153,0.7032392024993896,0.07447478983917982,obse,cracker_scene1,70,old
154,0.7088329792022705,0.07447478983917982,obse,cracker_scene1,70,old
155,0.7132449150085449,0.07441736604206563,obse,cracker_scene1,70,old
156,0.7176575660705566,0.07433245722517431,obse,cracker_scene1,70,old
157,0.7218670845031738,0.07433245722517431,obse,cracker_scene1,70,old
158,0.7267279624938965,0.07433245722517431,obse,cracker_scene1,70,old
159,0.7310965061187744,0.07425051457622707,obse,cracker_scene1,70,old
160,0.7358489036560059,0.0746441942593517,obse,cracker_scene1,70,old
161,0.7404189109802246,0.07426280091859441,obse,cracker_scene1,70,old
162,0.7448327541351318,0.07413920897690757,obse,cracker_scene1,70,old
163,0.7492966651916504,0.07413920897690757,obse,cracker_scene1,70,old
164,0.7535734176635742,0.07413920897690757,obse,cracker_scene1,70,old
165,0.7579202651977539,0.07401324812332777,obse,cracker_scene1,70,old
166,0.7625288963317871,0.07403950577354755,obse,cracker_scene1,70,old
167,0.767258882522583,0.07396803036789294,obse,cracker_scene1,70,old
168,0.7715201377868652,0.07396803036789294,obse,cracker_scene1,70,old
169,0.7764520645141602,0.07374388771089804,obse,cracker_scene1,70,old
170,0.780897855758667,0.07374388771089804,obse,cracker_scene1,70,old
171,0.7852170467376709,0.07359291647075406,obse,cracker_scene1,70,old
172,0.7898869514465332,0.07359291647075406,obse,cracker_scene1,70,old
173,0.7941200733184814,0.07359291647075406,obse,cracker_scene1,70,old
174,0.7984194755554199,0.07355775909951759,obse,cracker_scene1,70,old
175,0.8028416633605957,0.07355775909951759,obse,cracker_scene1,70,old
176,0.8074901103973389,0.07358397844102685,obse,cracker_scene1,70,old
177,0.8131072521209717,0.07358397844102685,obse,cracker_scene1,70,old
178,0.819446325302124,0.07358397844102685,obse,cracker_scene1,70,old
179,0.8257789611816406,0.07347149095085281,obse,cracker_scene1,70,old
180,0.8300185203552246,0.07327417419345177,obse,cracker_scene1,70,old
181,0.8340890407562256,0.07327417419345177,obse,cracker_scene1,70,old
182,0.8386201858520508,0.07327417419345177,obse,cracker_scene1,70,old
183,0.8430778980255127,0.07318394476169399,obse,cracker_scene1,70,old
184,0.8481631278991699,0.07250419837356105,obse,cracker_scene1,70,old
185,0.8545706272125244,0.07249425019476541,obse,cracker_scene1,70,old
186,0.8590254783630371,0.072402548470282,obse,cracker_scene1,70,old
187,0.8639419078826904,0.07240876667223282,obse,cracker_scene1,70,old
188,0.8682618141174316,0.07240876667223282,obse,cracker_scene1,70,old
189,0.8726668357849121,0.0724949032919759,obse,cracker_scene1,70,old
190,0.8773477077484131,0.07219787630570583,obse,cracker_scene1,70,old
191,0.8818588256835938,0.07201715268004867,obse,cracker_scene1,70,old
192,0.88590407371521,0.07201715268004867,obse,cracker_scene1,70,old
193,0.8902835845947266,0.0719915170675764,obse,cracker_scene1,70,old
194,0.8947353363037109,0.07188073358897966,obse,cracker_scene1,70,old
195,0.898928165435791,0.07188073358897966,obse,cracker_scene1,70,old
196,0.9032628536224365,0.07178969216991118,obse,cracker_scene1,70,old
197,0.9075226783752441,0.07178969216991118,obse,cracker_scene1,70,old
198,0.9116826057434082,0.07186912383127882,obse,cracker_scene1,70,old
199,0.9158241748809814,0.07186912383127882,obse,cracker_scene1,70,old
200,0.9207403659820557,0.07179172063278007,obse,cracker_scene1,70,old
201,0.9252426624298096,0.07419638342419546,obse,cracker_scene1,70,old
202,0.9295332431793213,0.07419638342419546,obse,cracker_scene1,70,old
203,0.934948205947876,0.07399614672682853,obse,cracker_scene1,70,old
204,0.940284013748169,0.07390735952996383,obse,cracker_scene1,70,old
205,0.9447202682495117,0.07390735952996383,obse,cracker_scene1,70,old
206,0.9490561485290527,0.07380432551601039,obse,cracker_scene1,70,old
207,0.9533584117889404,0.07380432551601039,obse,cracker_scene1,70,old
208,0.9581611156463623,0.07380432551601039,obse,cracker_scene1,70,old
209,0.964038610458374,0.07380432551601039,obse,cracker_scene1,70,old
210,0.9701902866363525,0.07380432551601039,obse,cracker_scene1,70,old
211,0.9764702320098877,0.07380432551601039,obse,cracker_scene1,70,old
212,0.980914831161499,0.07380432551601039,obse,cracker_scene1,70,old
213,0.9853668212890625,0.07380432551601039,obse,cracker_scene1,70,old
214,0.9903261661529541,0.07357413361459036,obse,cracker_scene1,70,old
215,0.9946119785308838,0.07300618434536921,obse,cracker_scene1,70,old
216,0.9988250732421875,0.07287851929057332,obse,cracker_scene1,70,old
217,1.0029335021972656,0.07287851929057332,obse,cracker_scene1,70,old
218,1.006990909576416,0.07287851929057332,obse,cracker_scene1,70,old
219,1.01285719871521,0.07287851929057332,obse,cracker_scene1,70,old
220,1.0182483196258545,0.07292506457153693,obse,cracker_scene1,70,old
221,1.0232281684875488,0.07253264347107204,obse,cracker_scene1,70,old
222,1.0274157524108887,0.07253264347107204,obse,cracker_scene1,70,old
223,1.0315883159637451,0.07253264347107204,obse,cracker_scene1,70,old
224,1.0360796451568604,0.07253264347107204,obse,cracker_scene1,70,old
225,1.0412688255310059,0.07246214699611375,obse,cracker_scene1,70,old
226,1.045341968536377,0.07246214699611375,obse,cracker_scene1,70,old
227,1.0494766235351562,0.07246214699611375,obse,cracker_scene1,70,old
228,1.0542118549346924,0.07249288557738343,obse,cracker_scene1,70,old
229,1.058335304260254,0.07241477125722341,obse,cracker_scene1,70,old
230,1.0627038478851318,0.07227489332296815,obse,cracker_scene1,70,old
231,1.0671534538269043,0.07210368552782324,obse,cracker_scene1,70,old
232,1.0712559223175049,0.07194963142226798,obse,cracker_scene1,70,old
233,1.075465202331543,0.07202832905796044,obse,cracker_scene1,70,old
234,1.079556941986084,0.07202832905796044,obse,cracker_scene1,70,old
235,1.0840084552764893,0.07191789738419424,obse,cracker_scene1,70,old
236,1.088334083557129,0.07179890132203767,obse,cracker_scene1,70,old
237,1.092651128768921,0.07179890132203767,obse,cracker_scene1,70,old
238,1.0969107151031494,0.07179890132203767,obse,cracker_scene1,70,old
239,1.101196050643921,0.07167439581774228,obse,cracker_scene1,70,old
240,1.1053571701049805,0.07167439581774228,obse,cracker_scene1,70,old
241,1.1095855236053467,0.07166759965068249,obse,cracker_scene1,70,old
242,1.1136817932128906,0.07166759965068249,obse,cracker_scene1,70,old
243,1.1186251640319824,0.07156502338820987,obse,cracker_scene1,70,old
244,1.1231558322906494,0.07141644955663347,obse,cracker_scene1,70,old
245,1.1273541450500488,0.07141644955663347,obse,cracker_scene1,70,old
246,1.1322481632232666,0.07134265867038438,obse,cracker_scene1,70,old
247,1.1364247798919678,0.07134265867038438,obse,cracker_scene1,70,old
248,1.1405515670776367,0.07134265867038438,obse,cracker_scene1,70,old
249,1.144815444946289,0.0713417965813147,obse,cracker_scene1,70,old
250,1.1490342617034912,0.0713417965813147,obse,cracker_scene1,70,old
251,1.153855800628662,0.07088949427998453,obse,cracker_scene1,70,old
252,1.158139705657959,0.07088949427998453,obse,cracker_scene1,70,old
253,1.1622602939605713,0.07088949427998453,obse,cracker_scene1,70,old
254,1.1666524410247803,0.0710907228547999,obse,cracker_scene1,70,old
255,1.1709775924682617,0.07099466496272198,obse,cracker_scene1,70,old
256,1.1753902435302734,0.07099466496272198,obse,cracker_scene1,70,old
257,1.1799602508544922,0.07085263625346555,obse,cracker_scene1,70,old
258,1.1841893196105957,0.07085263625346555,obse,cracker_scene1,70,old
259,1.1887826919555664,0.07074936256179094,obse,cracker_scene1,70,old
260,1.1930744647979736,0.07074936256179094,obse,cracker_scene1,70,old
261,1.1971774101257324,0.07074936256179094,obse,cracker_scene1,70,old
262,1.2014155387878418,0.07067763519956255,obse,cracker_scene1,70,old
263,1.2060799598693848,0.07177829675458294,obse,cracker_scene1,70,old
264,1.2105045318603516,0.07179437346654666,obse,cracker_scene1,70,old
265,1.2147538661956787,0.07159585356856224,obse,cracker_scene1,70,old
266,1.2189090251922607,0.07159585356856224,obse,cracker_scene1,70,old
267,1.223421573638916,0.07133417718578008,obse,cracker_scene1,70,old
268,1.2276651859283447,0.07132785581406285,obse,cracker_scene1,70,old
269,1.23179030418396,0.07132785581406285,obse,cracker_scene1,70,old
270,1.2360997200012207,0.07151597075827387,obse,cracker_scene1,70,old
271,1.2402985095977783,0.07151597075827387,obse,cracker_scene1,70,old
272,1.2445783615112305,0.07148650061625195,obse,cracker_scene1,70,old
273,1.2488200664520264,0.07129977776740046,obse,cracker_scene1,70,old
274,1.2529792785644531,0.07129977776740046,obse,cracker_scene1,70,old
275,1.2575037479400635,0.07123170143028569,obse,cracker_scene1,70,old
276,1.2625517845153809,0.07115088604438138,obse,cracker_scene1,70,old
277,1.2678618431091309,0.07120419706249555,obse,cracker_scene1,70,old
278,1.272294044494629,0.07108933347391357,obse,cracker_scene1,70,old
279,1.2765860557556152,0.07108933347391357,obse,cracker_scene1,70,old
280,1.2812836170196533,0.0710151755925327,obse,cracker_scene1,70,old
281,1.2854797840118408,0.0710151755925327,obse,cracker_scene1,70,old
282,1.2902543544769287,0.07088098610620559,obse,cracker_scene1,70,old
283,1.2942869663238525,0.07088098610620559,obse,cracker_scene1,70,old
284,1.2991340160369873,0.07076190176769483,obse,cracker_scene1,70,old
285,1.3031995296478271,0.07076190176769483,obse,cracker_scene1,70,old
286,1.3075995445251465,0.07059958135412905,obse,cracker_scene1,70,old
287,1.3119423389434814,0.07052877948160349,obse,cracker_scene1,70,old
288,1.3161070346832275,0.07052877948160349,obse,cracker_scene1,70,old
289,1.3203871250152588,0.07051137081640411,obse,cracker_scene1,70,old
290,1.3250250816345215,0.07056897754323915,obse,cracker_scene1,70,old
291,1.329113245010376,0.070490424321072,obse,cracker_scene1,70,old
292,1.3335325717926025,0.07051969658720936,obse,cracker_scene1,70,old
293,1.3378045558929443,0.07051969658720936,obse,cracker_scene1,70,old
294,1.341944932937622,0.07051969658720936,obse,cracker_scene1,70,old
295,1.3461198806762695,0.07051969658720936,obse,cracker_scene1,70,old
296,1.3502109050750732,0.07048479327466933,obse,cracker_scene1,70,old
297,1.3548624515533447,0.07026492774424563,obse,cracker_scene1,70,old
298,1.35984206199646,0.07043375819779321,obse,cracker_scene1,70,old
299,1.3640501499176025,0.07043375819779321,obse,cracker_scene1,70,old
300,1.3686251640319824,0.07042787099649082,obse,cracker_scene1,70,old
301,1.3729991912841797,0.07021080511587903,obse,cracker_scene1,70,old
302,1.377702236175537,0.0813501048919033,obse,cracker_scene1,70,old
303,1.381969928741455,0.0813501048919033,obse,cracker_scene1,70,old
304,1.3865234851837158,0.08130353706987672,obse,cracker_scene1,70,old
305,1.3909156322479248,0.0812369618616601,obse,cracker_scene1,70,old
306,1.39534592628479,0.0812325982580312,obse,cracker_scene1,70,old
307,1.3997142314910889,0.08121054048641622,obse,cracker_scene1,70,old
308,1.4038586616516113,0.08121054048641622,obse,cracker_scene1,70,old
309,1.4085538387298584,0.08107043559364727,obse,cracker_scene1,70,old
310,1.4129095077514648,0.08109222872494684,obse,cracker_scene1,70,old
311,1.4172954559326172,0.08109222872494684,obse,cracker_scene1,70,old
312,1.42149019241333,0.08109222872494684,obse,cracker_scene1,70,old
313,1.425783395767212,0.08106244191388624,obse,cracker_scene1,70,old
314,1.4302656650543213,0.08106244191388624,obse,cracker_scene1,70,old
315,1.4343585968017578,0.08102435874765854,obse,cracker_scene1,70,old
316,1.4389386177062988,0.08102118637051288,obse,cracker_scene1,70,old
317,1.443359375,0.08102118637051288,obse,cracker_scene1,70,old
318,1.4478769302368164,0.08102118637051288,obse,cracker_scene1,70,old
319,1.452561378479004,0.08102118637051288,obse,cracker_scene1,70,old
320,1.45668625831604,0.08092192889249897,obse,cracker_scene1,70,old
321,1.4608068466186523,0.08092192889249897,obse,cracker_scene1,70,old
322,1.4648864269256592,0.08092192889249897,obse,cracker_scene1,70,old
323,1.4689557552337646,0.08092192889249897,obse,cracker_scene1,70,old
324,1.4730770587921143,0.08092192889249897,obse,cracker_scene1,70,old
325,1.477112054824829,0.08092192889249897,obse,cracker_scene1,70,old
326,1.481518268585205,0.08077294768405599,obse,cracker_scene1,70,old
327,1.4855999946594238,0.08077294768405599,obse,cracker_scene1,70,old
328,1.490201473236084,0.08085926805948165,obse,cracker_scene1,70,old
329,1.4952082633972168,0.08060635819034129,obse,cracker_scene1,70,old
330,1.4994375705718994,0.08060635819034129,obse,cracker_scene1,70,old
331,1.5036630630493164,0.08060635819034129,obse,cracker_scene1,70,old
332,1.507805585861206,0.08060635819034129,obse,cracker_scene1,70,old
333,1.5125691890716553,0.08051916365698927,obse,cracker_scene1,70,old
334,1.5168156623840332,0.08056803701694087,obse,cracker_scene1,70,old
335,1.5214838981628418,0.08023818831779102,obse,cracker_scene1,70,old
336,1.525968313217163,0.08023818831779102,obse,cracker_scene1,70,old
337,1.5305378437042236,0.08027690841097908,obse,cracker_scene1,70,old
338,1.5347630977630615,0.08027690841097908,obse,cracker_scene1,70,old
339,1.5389478206634521,0.08027690841097908,obse,cracker_scene1,70,old
340,1.5433931350708008,0.08033998995560131,obse,cracker_scene1,70,old
341,1.547633409500122,0.08033998995560131,obse,cracker_scene1,70,old
342,1.552154302597046,0.08036616863573355,obse,cracker_scene1,70,old
343,1.55637526512146,0.08036616863573355,obse,cracker_scene1,70,old
344,1.560591220855713,0.08030153835952049,obse,cracker_scene1,70,old
345,1.56473970413208,0.08030153835952049,obse,cracker_scene1,70,old
346,1.5693724155426025,0.07885807402674663,obse,cracker_scene1,70,old
347,1.5735185146331787,0.07822377992021366,obse,cracker_scene1,70,old
348,1.5780417919158936,0.07820737023804794,obse,cracker_scene1,70,old
349,1.5820872783660889,0.07820737023804794,obse,cracker_scene1,70,old
350,1.586395025253296,0.07807343849932775,obse,cracker_scene1,70,old
351,1.5904850959777832,0.07807343849932775,obse,cracker_scene1,70,old
352,1.594745397567749,0.07802970350173595,obse,cracker_scene1,70,old
353,1.59891939163208,0.07802970350173595,obse,cracker_scene1,70,old
354,1.6029908657073975,0.07802970350173595,obse,cracker_scene1,70,old
355,1.607187271118164,0.07793839577372007,obse,cracker_scene1,70,old
356,1.6118168830871582,0.07775051289695839,obse,cracker_scene1,70,old
357,1.6160144805908203,0.07775051289695839,obse,cracker_scene1,70,old
358,1.6205205917358398,0.07761438223634023,obse,cracker_scene1,70,old
359,1.625126600265503,0.07763902863253454,obse,cracker_scene1,70,old
360,1.6293015480041504,0.07763902863253454,obse,cracker_scene1,70,old
361,1.633366346359253,0.07763902863253454,obse,cracker_scene1,70,old
362,1.6374766826629639,0.07763902863253454,obse,cracker_scene1,70,old
363,1.6418075561523438,0.07758098045111354,obse,cracker_scene1,70,old
364,1.6461031436920166,0.07752545986690676,obse,cracker_scene1,70,old
365,1.6503233909606934,0.07733866252730057,obse,cracker_scene1,70,old
366,1.6550650596618652,0.07728171329060148,obse,cracker_scene1,70,old
367,1.6597206592559814,0.0772873836376669,obse,cracker_scene1,70,old
368,1.6643118858337402,0.07710068432539549,obse,cracker_scene1,70,old
369,1.668217420578003,0.07710068432539549,obse,cracker_scene1,70,old
370,1.6726727485656738,0.0770922638913703,obse,cracker_scene1,70,old
371,1.6768858432769775,0.0770922638913703,obse,cracker_scene1,70,old
372,1.6811718940734863,0.07699522251685124,obse,cracker_scene1,70,old
373,1.6854383945465088,0.07699522251685124,obse,cracker_scene1,70,old
374,1.6898176670074463,0.07699522251685124,obse,cracker_scene1,70,old
375,1.694300651550293,0.07684178236905224,obse,cracker_scene1,70,old
376,1.698585033416748,0.07684178236905224,obse,cracker_scene1,70,old
377,1.7026503086090088,0.07684178236905224,obse,cracker_scene1,70,old
378,1.7070715427398682,0.07683534175177599,obse,cracker_scene1,70,old
379,1.7112455368041992,0.07683534175177599,obse,cracker_scene1,70,old
380,1.7155389785766602,0.07673795222783039,obse,cracker_scene1,70,old
381,1.7199339866638184,0.07675475168862186,obse,cracker_scene1,70,old
382,1.7243506908416748,0.07665273752389544,obse,cracker_scene1,70,old
383,1.728633165359497,0.07657653520566145,obse,cracker_scene1,70,old
384,1.733060598373413,0.07650355341539809,obse,cracker_scene1,70,old
385,1.7372825145721436,0.07650355341539809,obse,cracker_scene1,70,old
386,1.7414805889129639,0.07650355341539809,obse,cracker_scene1,70,old
387,1.7465794086456299,0.07916407306684597,obse,cracker_scene1,70,old
388,1.7508416175842285,0.07908491047985909,obse,cracker_scene1,70,old
389,1.755112648010254,0.07901259390841192,obse,cracker_scene1,70,old
390,1.7591960430145264,0.07901259390841192,obse,cracker_scene1,70,old
391,1.7635951042175293,0.07888304068787517,obse,cracker_scene1,70,old
392,1.7678239345550537,0.07888304068787517,obse,cracker_scene1,70,old
393,1.7725648880004883,0.0788993220735885,obse,cracker_scene1,70,old
394,1.7771904468536377,0.0788993220735885,obse,cracker_scene1,70,old
395,1.7814140319824219,0.07880707954557313,obse,cracker_scene1,70,old
396,1.7857575416564941,0.07876597968797648,obse,cracker_scene1,70,old
397,1.790226697921753,0.07876597968797648,obse,cracker_scene1,70,old
398,1.7944104671478271,0.07876597968797648,obse,cracker_scene1,70,old
399,1.7986135482788086,0.07876597968797648,obse,cracker_scene1,70,old
400,1.8028967380523682,0.07868910080816308,obse,cracker_scene1,70,old
401,1.8074729442596436,0.07864002238822028,obse,cracker_scene1,70,old
402,1.8117530345916748,0.07847560513725145,obse,cracker_scene1,70,old
403,1.8164222240447998,0.07847560513725145,obse,cracker_scene1,70,old
404,1.8208510875701904,0.07852009130970165,obse,cracker_scene1,70,old
405,1.8251376152038574,0.07852009130970165,obse,cracker_scene1,70,old
406,1.82969331741333,0.07845129942079107,obse,cracker_scene1,70,old
407,1.8337304592132568,0.07845129942079107,obse,cracker_scene1,70,old
408,1.8380227088928223,0.07847203870921356,obse,cracker_scene1,70,old
409,1.842156171798706,0.07847203870921356,obse,cracker_scene1,70,old
410,1.846447229385376,0.07839137266242993,obse,cracker_scene1,70,old
411,1.8504729270935059,0.07839137266242993,obse,cracker_scene1,70,old
412,1.8549683094024658,0.07841784581414024,obse,cracker_scene1,70,old
413,1.8593525886535645,0.07833760246271393,obse,cracker_scene1,70,old
414,1.8635711669921875,0.0782518339170984,obse,cracker_scene1,70,old
415,1.8679347038269043,0.07832157115544842,obse,cracker_scene1,70,old
416,1.872272253036499,0.07832157115544842,obse,cracker_scene1,70,old
417,1.8764612674713135,0.07828945210516211,obse,cracker_scene1,70,old
418,1.8811464309692383,0.07817458376534073,obse,cracker_scene1,70,old
419,1.8852827548980713,0.07817458376534073,obse,cracker_scene1,70,old
420,1.8894479274749756,0.07817458376534073,obse,cracker_scene1,70,old
421,1.8941402435302734,0.07812149718805303,obse,cracker_scene1,70,old
422,1.8983869552612305,0.07800824977404194,obse,cracker_scene1,70,old
423,1.9024035930633545,0.07800824977404194,obse,cracker_scene1,70,old
424,1.906846046447754,0.07270606929827714,obse,cracker_scene1,70,old
425,1.9109842777252197,0.07271295538632477,obse,cracker_scene1,70,old
426,1.9152915477752686,0.07271295538632477,obse,cracker_scene1,70,old
427,1.9200124740600586,0.07234746684195556,obse,cracker_scene1,70,old
428,1.924391746520996,0.07233252656284346,obse,cracker_scene1,70,old
429,1.9289612770080566,0.07233252656284346,obse,cracker_scene1,70,old
430,1.9333689212799072,0.0724050924626546,obse,cracker_scene1,70,old
431,1.937715768814087,0.0724050924626546,obse,cracker_scene1,70,old
432,1.942622184753418,0.07230203449580598,obse,cracker_scene1,70,old
433,1.9467358589172363,0.07230203449580598,obse,cracker_scene1,70,old
434,1.9510293006896973,0.07230203449580598,obse,cracker_scene1,70,old
435,1.9553296566009521,0.07238437336737784,obse,cracker_scene1,70,old
436,1.9597561359405518,0.07227969477471002,obse,cracker_scene1,70,old
437,1.9639201164245605,0.07227969477471002,obse,cracker_scene1,70,old
438,1.968376874923706,0.07220076213669582,obse,cracker_scene1,70,old
439,1.9728178977966309,0.0721579802401749,obse,cracker_scene1,70,old
440,1.977656602859497,0.0721579802401749,obse,cracker_scene1,70,old
441,1.9818596839904785,0.0721579802401749,obse,cracker_scene1,70,old
442,1.9863228797912598,0.07200199526824184,obse,cracker_scene1,70,old
443,1.9916720390319824,0.07200100390307705,obse,cracker_scene1,70,old
444,1.9960966110229492,0.07200100390307705,obse,cracker_scene1,70,old
445,2.000746011734009,0.07195613862671875,obse,cracker_scene1,70,old
446,2.005594253540039,0.07195613862671875,obse,cracker_scene1,70,old
447,2.0101020336151123,0.07186972882654626,obse,cracker_scene1,70,old
448,2.0153138637542725,0.07180229574347903,obse,cracker_scene1,70,old
449,2.0197503566741943,0.07180229574347903,obse,cracker_scene1,70,old
450,2.025164842605591,0.07129505564795607,obse,cracker_scene1,70,old
451,2.029963493347168,0.07129505564795607,obse,cracker_scene1,70,old
452,2.0351858139038086,0.07123770617308772,obse,cracker_scene1,70,old
453,2.040219783782959,0.07102896599657403,obse,cracker_scene1,70,old
454,2.045011043548584,0.0710789310826238,obse,cracker_scene1,70,old
455,2.0497615337371826,0.0710789310826238,obse,cracker_scene1,70,old
456,2.05458927154541,0.07107091091155049,obse,cracker_scene1,70,old
457,2.059610605239868,0.07100969717240434,obse,cracker_scene1,70,old
458,2.064748525619507,0.07100421301535055,obse,cracker_scene1,70,old
459,2.069265365600586,0.07086088790665583,obse,cracker_scene1,70,old
460,2.0741066932678223,0.07084038238209954,obse,cracker_scene1,70,old
461,2.079277276992798,0.07255569690871319,obse,cracker_scene1,70,old
462,2.083380937576294,0.07255569690871319,obse,cracker_scene1,70,old
463,2.08785080909729,0.07246566526218835,obse,cracker_scene1,70,old
464,2.0924220085144043,0.07246566526218835,obse,cracker_scene1,70,old
465,2.0972557067871094,0.0723994193141218,obse,cracker_scene1,70,old
466,2.1020655632019043,0.0723994193141218,obse,cracker_scene1,70,old
467,2.1064774990081787,0.0722130624924961,obse,cracker_scene1,70,old
468,2.110672950744629,0.0722130624924961,obse,cracker_scene1,70,old
469,2.115233898162842,0.07222874235714793,obse,cracker_scene1,70,old
470,2.119657516479492,0.07223716135117711,obse,cracker_scene1,70,old
471,2.124587297439575,0.07223716135117711,obse,cracker_scene1,70,old
472,2.129812717437744,0.07215057357230516,obse,cracker_scene1,70,old
473,2.1345760822296143,0.07215057357230516,obse,cracker_scene1,70,old
474,2.139526844024658,0.07213921679577576,obse,cracker_scene1,70,old
475,2.1448278427124023,0.07205984409131233,obse,cracker_scene1,70,old
476,2.1496832370758057,0.07205984409131233,obse,cracker_scene1,70,old
477,2.1541130542755127,0.07203537099073808,obse,cracker_scene1,70,old
478,2.158541679382324,0.07194327238369565,obse,cracker_scene1,70,old
479,2.1628048419952393,0.07194327238369565,obse,cracker_scene1,70,old
480,2.167405605316162,0.0718251029646831,obse,cracker_scene1,70,old
481,2.1717262268066406,0.07182049634854615,obse,cracker_scene1,70,old
482,2.1758925914764404,0.07182049634854615,obse,cracker_scene1,70,old
483,2.180105209350586,0.0717111816071168,obse,cracker_scene1,70,old
484,2.1843700408935547,0.0717111816071168,obse,cracker_scene1,70,old
485,2.188591718673706,0.07159269541996208,obse,cracker_scene1,70,old
486,2.192802667617798,0.07159269541996208,obse,cracker_scene1,70,old
487,2.197420835494995,0.07155206239474851,obse,cracker_scene1,70,old
488,2.2020578384399414,0.07155206239474851,obse,cracker_scene1,70,old
489,2.206665515899658,0.07149750967993244,obse,cracker_scene1,70,old
490,2.21097731590271,0.07160579461640573,obse,cracker_scene1,70,old
491,2.2153708934783936,0.07153741873806761,obse,cracker_scene1,70,old
492,2.219635009765625,0.07137514006180853,obse,cracker_scene1,70,old
493,2.2239632606506348,0.07137514006180853,obse,cracker_scene1,70,old
494,2.2283313274383545,0.07137514006180853,obse,cracker_scene1,70,old
495,2.2331933975219727,0.07136919384170903,obse,cracker_scene1,70,old
496,2.238257646560669,0.07184725798752124,obse,cracker_scene1,70,old
497,2.2430002689361572,0.07192381255577626,obse,cracker_scene1,70,old
498,2.248016119003296,0.07177585657494892,obse,cracker_scene1,70,old
499,2.252638816833496,0.07177585657494892,obse,cracker_scene1,70,old
500,2.257615804672241,0.07170382412066935,obse,cracker_scene1,70,old
501,2.262786626815796,0.07207227828183659,obse,cracker_scene1,70,old
502,2.2674241065979004,0.07208327952603096,obse,cracker_scene1,70,old
503,2.27180814743042,0.07211761429321151,obse,cracker_scene1,70,old
504,2.2761034965515137,0.07211761429321151,obse,cracker_scene1,70,old
505,2.2804863452911377,0.07198549708342968,obse,cracker_scene1,70,old
506,2.284595489501953,0.07198549708342968,obse,cracker_scene1,70,old
507,2.2894248962402344,0.07170729290136603,obse,cracker_scene1,70,old
508,2.2944982051849365,0.07162958847335267,obse,cracker_scene1,70,old
509,2.2990715503692627,0.07162958847335267,obse,cracker_scene1,70,old
510,2.303269386291504,0.07162958847335267,obse,cracker_scene1,70,old
511,2.3078033924102783,0.07158551876420503,obse,cracker_scene1,70,old
512,2.3124420642852783,0.07172143228782892,obse,cracker_scene1,70,old
513,2.316964626312256,0.07166057673388142,obse,cracker_scene1,70,old
514,2.321337938308716,0.07153435004095438,obse,cracker_scene1,70,old
515,2.3259024620056152,0.07135384567232896,obse,cracker_scene1,70,old
516,2.330329656600952,0.0712918290422623,obse,cracker_scene1,70,old
517,2.3343722820281982,0.0712918290422623,obse,cracker_scene1,70,old
518,2.3389086723327637,0.07142920819133403,obse,cracker_scene1,70,old
519,2.3433268070220947,0.07142920819133403,obse,cracker_scene1,70,old
520,2.347858190536499,0.07128237029478385,obse,cracker_scene1,70,old
521,2.351959228515625,0.07128237029478385,obse,cracker_scene1,70,old
522,2.3564624786376953,0.07141224905033693,obse,cracker_scene1,70,old
523,2.3610000610351562,0.07133318040409045,obse,cracker_scene1,70,old
524,2.3653781414031982,0.07133318040409045,obse,cracker_scene1,70,old
525,2.369771718978882,0.07133318040409045,obse,cracker_scene1,70,old
526,2.3742358684539795,0.07112310776357962,obse,cracker_scene1,70,old
527,2.3786582946777344,0.0711188374388359,obse,cracker_scene1,70,old
528,2.3831822872161865,0.07104647542462991,obse,cracker_scene1,70,old
529,2.3877434730529785,0.07104429648673086,obse,cracker_scene1,70,old
530,2.3920702934265137,0.07104429648673086,obse,cracker_scene1,70,old
531,2.396483898162842,0.0710533271655981,obse,cracker_scene1,70,old
532,2.4007723331451416,0.07092400769207396,obse,cracker_scene1,70,old
533,2.405280828475952,0.0710676296440658,obse,cracker_scene1,70,old
534,2.409686803817749,0.07100107562654025,obse,cracker_scene1,70,old
535,2.414292097091675,0.07092561793409508,obse,cracker_scene1,70,old
536,2.4185829162597656,0.07092561793409508,obse,cracker_scene1,70,old
537,2.4231998920440674,0.07087694859585868,obse,cracker_scene1,70,old
538,2.4281599521636963,0.07070672873021018,obse,cracker_scene1,70,old
539,2.432716131210327,0.07070672873021018,obse,cracker_scene1,70,old
540,2.4369821548461914,0.0708754477813965,obse,cracker_scene1,70,old
541,2.441453695297241,0.07107883012391024,obse,cracker_scene1,70,old
542,2.445629596710205,0.07107883012391024,obse,cracker_scene1,70,old
543,2.4499311447143555,0.08140472525805127,obse,cracker_scene1,70,old
544,2.454482078552246,0.08151229827297722,obse,cracker_scene1,70,old
545,2.458998680114746,0.0813349541037282,obse,cracker_scene1,70,old
546,2.46360445022583,0.08126237902188728,obse,cracker_scene1,70,old
547,2.4679598808288574,0.08126237902188728,obse,cracker_scene1,70,old
548,2.472376823425293,0.08127399063584682,obse,cracker_scene1,70,old
549,2.4767587184906006,0.08106667999368662,obse,cracker_scene1,70,old
550,2.4811346530914307,0.08059839644879077,obse,cracker_scene1,70,old
551,2.4854564666748047,0.08059839644879077,obse,cracker_scene1,70,old
552,2.489927291870117,0.08092817604056657,obse,cracker_scene1,70,old
553,2.494096517562866,0.08092817604056657,obse,cracker_scene1,70,old
554,2.4984357357025146,0.08085786707413851,obse,cracker_scene1,70,old
555,2.503140687942505,0.08088619881634454,obse,cracker_scene1,70,old
556,2.5077626705169678,0.08080489709117698,obse,cracker_scene1,70,old
557,2.512470245361328,0.08041650995688795,obse,cracker_scene1,70,old
558,2.5168168544769287,0.08041650995688795,obse,cracker_scene1,70,old
559,2.5217995643615723,0.08040523668793559,obse,cracker_scene1,70,old
560,2.5266051292419434,0.08040523668793559,obse,cracker_scene1,70,old
561,2.5318398475646973,0.08057852368966846,obse,cracker_scene1,70,old
562,2.5367064476013184,0.08034445070420537,obse,cracker_scene1,70,old
563,2.5413169860839844,0.08034445070420537,obse,cracker_scene1,70,old
564,2.545506000518799,0.0805133442170894,obse,cracker_scene1,70,old
565,2.5503127574920654,0.080198677237996,obse,cracker_scene1,70,old
566,2.5551657676696777,0.08020586295802819,obse,cracker_scene1,70,old
567,2.5599594116210938,0.08020586295802819,obse,cracker_scene1,70,old
568,2.5647575855255127,0.08014945557498095,obse,cracker_scene1,70,old
569,2.5694782733917236,0.08028544403872906,obse,cracker_scene1,70,old
570,2.5744786262512207,0.08028544403872906,obse,cracker_scene1,70,old
571,2.5793111324310303,0.07986316142726019,obse,cracker_scene1,70,old
572,2.584185838699341,0.07986316142726019,obse,cracker_scene1,70,old
573,2.589177370071411,0.07990590642050677,obse,cracker_scene1,70,old
574,2.5940566062927246,0.07990590642050677,obse,cracker_scene1,70,old
575,2.5991411209106445,0.07988408236138657,obse,cracker_scene1,70,old
576,2.603807210922241,0.07988408236138657,obse,cracker_scene1,70,old
577,2.608503818511963,0.07987279103271368,obse,cracker_scene1,70,old
578,2.612900972366333,0.0814382821100861,obse,cracker_scene1,70,old
579,2.6171417236328125,0.08149594384299814,obse,cracker_scene1,70,old
580,2.621429681777954,0.08121623381941304,obse,cracker_scene1,70,old
581,2.6256816387176514,0.08124876315587208,obse,cracker_scene1,70,old
582,2.6301801204681396,0.0814274348371586,obse,cracker_scene1,70,old
583,2.634255886077881,0.0814274348371586,obse,cracker_scene1,70,old
584,2.6385698318481445,0.08131552237507618,obse,cracker_scene1,70,old
585,2.642779588699341,0.08131552237507618,obse,cracker_scene1,70,old
586,2.6469764709472656,0.08133888002020528,obse,cracker_scene1,70,old
587,2.651028633117676,0.08133888002020528,obse,cracker_scene1,70,old
588,2.6551291942596436,0.08133888002020528,obse,cracker_scene1,70,old
589,2.659942388534546,0.08106078487377312,obse,cracker_scene1,70,old
590,2.664287805557251,0.08106078487377312,obse,cracker_scene1,70,old
591,2.669452667236328,0.08127005821174224,obse,cracker_scene1,70,old
592,2.6742422580718994,0.08127005821174224,obse,cracker_scene1,70,old
593,2.6797115802764893,0.08120638081283187,obse,cracker_scene1,70,old
594,2.6838409900665283,0.08098381287628335,obse,cracker_scene1,70,old
595,2.6882007122039795,0.08101131028781429,obse,cracker_scene1,70,old
596,2.6924664974212646,0.08101131028781429,obse,cracker_scene1,70,old
597,2.696415901184082,0.08101131028781429,obse,cracker_scene1,70,old
598,2.7017719745635986,0.08120153444489432,obse,cracker_scene1,70,old
599,2.705862045288086,0.0811641817533601,obse,cracker_scene1,70,old
600,2.7098309993743896,0.0811641817533601,obse,cracker_scene1,70,old
601,2.713740587234497,0.0811641817533601,obse,cracker_scene1,70,old
602,2.7176568508148193,0.0811641817533601,obse,cracker_scene1,70,old
603,2.7222509384155273,0.08117679119591273,obse,cracker_scene1,70,old
604,2.7266640663146973,0.08103630848618677,obse,cracker_scene1,70,old
605,2.7308661937713623,0.08103630848618677,obse,cracker_scene1,70,old
606,2.7351415157318115,0.08092133111470536,obse,cracker_scene1,70,old
607,2.739408016204834,0.08092133111470536,obse,cracker_scene1,70,old
608,2.7436838150024414,0.08092133111470536,obse,cracker_scene1,70,old
609,2.7480199337005615,0.08060528581786322,obse,cracker_scene1,70,old
610,2.7521119117736816,0.08060528581786322,obse,cracker_scene1,70,old
611,2.7566237449645996,0.08058485488672645,obse,cracker_scene1,70,old
612,2.7611308097839355,0.08058485488672645,obse,cracker_scene1,70,old
613,2.7651686668395996,0.08058485488672645,obse,cracker_scene1,70,old
614,2.7695319652557373,0.08077555547510186,obse,cracker_scene1,70,old
615,2.773510217666626,0.08077555547510186,obse,cracker_scene1,70,old
616,2.7778632640838623,0.08076032461507199,obse,cracker_scene1,70,old
617,2.781968832015991,0.08076032461507199,obse,cracker_scene1,70,old
618,2.786328077316284,0.08071179582667412,obse,cracker_scene1,70,old
619,2.7906408309936523,0.08071179582667412,obse,cracker_scene1,70,old
620,2.794945001602173,0.0806912741598703,obse,cracker_scene1,70,old
621,2.799131155014038,0.0806912741598703,obse,cracker_scene1,70,old
622,2.8036651611328125,0.08067288708124724,obse,cracker_scene1,70,old
623,2.808119058609009,0.08045852714738894,obse,cracker_scene1,70,old
624,2.8127684593200684,0.08044232309624089,obse,cracker_scene1,70,old
625,2.8181653022766113,0.08035218417406288,obse,cracker_scene1,70,old
626,2.82273006439209,0.08030489366639135,obse,cracker_scene1,70,old
627,2.8273532390594482,0.08032415465408227,obse,cracker_scene1,70,old
628,2.8325917720794678,0.0908446670023358,obse,cracker_scene1,70,old
629,2.8376307487487793,0.09117586309130768,obse,cracker_scene1,70,old
630,2.842864513397217,0.0911922011858457,obse,cracker_scene1,70,old
631,2.8478634357452393,0.09106676403637425,obse,cracker_scene1,70,old
632,2.8523809909820557,0.09105714066144178,obse,cracker_scene1,70,old
633,2.8573789596557617,0.09105799952788461,obse,cracker_scene1,70,old
634,2.862278938293457,0.09105799952788461,obse,cracker_scene1,70,old
635,2.8673276901245117,0.0912177295070562,obse,cracker_scene1,70,old
636,2.8722121715545654,0.09120691611728005,obse,cracker_scene1,70,old
637,2.876844882965088,0.09120691611728005,obse,cracker_scene1,70,old
638,2.8820815086364746,0.09103829738505007,obse,cracker_scene1,70,old
639,2.886767864227295,0.0911365663650395,obse,cracker_scene1,70,old
640,2.891817569732666,0.0911365663650395,obse,cracker_scene1,70,old
641,2.8968377113342285,0.09098644557233135,obse,cracker_scene1,70,old
642,2.9013257026672363,0.09098644557233135,obse,cracker_scene1,70,old
643,2.9061806201934814,0.09097243596049226,obse,cracker_scene1,70,old
644,2.911188840866089,0.09097243596049226,obse,cracker_scene1,70,old
645,2.916224479675293,0.09097735516792171,obse,cracker_scene1,70,old
646,2.921053171157837,0.09095883833731142,obse,cracker_scene1,70,old
647,2.9259090423583984,0.09095883833731142,obse,cracker_scene1,70,old
648,2.9307563304901123,0.09095346518314548,obse,cracker_scene1,70,old
649,2.9356184005737305,0.09112811908381709,obse,cracker_scene1,70,old
650,2.940534830093384,0.09112215676616563,obse,cracker_scene1,70,old
651,2.94529390335083,0.09111579987811945,obse,cracker_scene1,70,old
652,2.949610471725464,0.09111579987811945,obse,cracker_scene1,70,old
653,2.953827142715454,0.09108395135174045,obse,cracker_scene1,70,old
654,2.958463668823242,0.09108395135174045,obse,cracker_scene1,70,old
655,2.96254825592041,0.09108395135174045,obse,cracker_scene1,70,old
656,2.9668235778808594,0.09108093022367168,obse,cracker_scene1,70,old
657,2.971928119659424,0.09110442268210701,obse,cracker_scene1,70,old
658,2.9766266345977783,0.09110442268210701,obse,cracker_scene1,70,old
659,2.980832815170288,0.0911085806176103,obse,cracker_scene1,70,old
660,2.984860420227051,0.0911085806176103,obse,cracker_scene1,70,old
661,2.9906206130981445,0.09091252382505281,obse,cracker_scene1,70,old
662,2.994795083999634,0.0909110786469125,obse,cracker_scene1,70,old
663,2.9990527629852295,0.09110925546156182,obse,cracker_scene1,70,old
664,3.0031957626342773,0.09096356527641875,obse,cracker_scene1,70,old
665,3.0074799060821533,0.09096356527641875,obse,cracker_scene1,70,old
666,3.0117459297180176,0.09092877802164588,obse,cracker_scene1,70,old
667,3.0160317420959473,0.09092877802164588,obse,cracker_scene1,70,old
668,3.0201785564422607,0.09113448426015014,obse,cracker_scene1,70,old
669,3.0244696140289307,0.09113448426015014,obse,cracker_scene1,70,old
670,3.028850793838501,0.3077292639097642,obse,cracker_scene1,70,old
671,3.033263683319092,0.31419181969665455,obse,cracker_scene1,70,old
672,3.0375897884368896,0.31406409488933357,obse,cracker_scene1,70,old
673,3.0418126583099365,0.31406409488933357,obse,cracker_scene1,70,old
674,3.0461068153381348,0.3141716225494656,obse,cracker_scene1,70,old
675,3.0501174926757812,0.3141716225494656,obse,cracker_scene1,70,old
676,3.0541064739227295,0.3141716225494656,obse,cracker_scene1,70,old
677,3.059037923812866,0.31416288831722444,obse,cracker_scene1,70,old
678,3.0638339519500732,0.31416288831722444,obse,cracker_scene1,70,old
679,3.0686264038085938,0.3141719567123652,obse,cracker_scene1,70,old
680,3.0736663341522217,0.31405210043128934,obse,cracker_scene1,70,old
681,3.078630208969116,0.3140442326707592,obse,cracker_scene1,70,old
682,3.0832579135894775,0.3140442326707592,obse,cracker_scene1,70,old
683,3.088064670562744,0.3141467482289703,obse,cracker_scene1,70,old
684,3.0928549766540527,0.3141467482289703,obse,cracker_scene1,70,old
685,3.0977654457092285,0.31415351383925355,obse,cracker_scene1,70,old
686,3.102564573287964,0.31416385649083417,obse,cracker_scene1,70,old
687,3.1074612140655518,0.31414823103824807,obse,cracker_scene1,70,old
688,3.1121485233306885,0.31414823103824807,obse,cracker_scene1,70,old
689,3.116511344909668,0.314149949813132,obse,cracker_scene1,70,old
690,3.120687961578369,0.314149949813132,obse,cracker_scene1,70,old
691,3.125147581100464,0.3141606732770198,obse,cracker_scene1,70,old
692,3.1293561458587646,0.31416533429782767,obse,cracker_scene1,70,old
693,3.133565664291382,0.31416533429782767,obse,cracker_scene1,70,old
694,3.137728691101074,0.3141552514612953,obse,cracker_scene1,70,old
695,3.14203143119812,0.31417355174074446,obse,cracker_scene1,70,old
696,3.1462032794952393,0.31417355174074446,obse,cracker_scene1,70,old
697,3.15027117729187,0.31417355174074446,obse,cracker_scene1,70,old
698,3.15435528755188,0.3141603452490226,obse,cracker_scene1,70,old
699,3.158567190170288,0.3141603452490226,obse,cracker_scene1,70,old
700,3.162827253341675,0.3141451286508609,obse,cracker_scene1,70,old
701,3.1669366359710693,0.3141451286508609,obse,cracker_scene1,70,old
702,3.170839548110962,0.3141451286508609,obse,cracker_scene1,70,old
703,3.174724817276001,0.3141451286508609,obse,cracker_scene1,70,old
704,3.179168224334717,0.3141608689129223,obse,cracker_scene1,70,old
705,3.183307409286499,0.3140411050000343,obse,cracker_scene1,70,old
706,3.1873795986175537,0.3140411050000343,obse,cracker_scene1,70,old
707,3.1916451454162598,0.31416734146174,obse,cracker_scene1,70,old
708,3.195962429046631,0.3141412157701145,obse,cracker_scene1,70,old
709,3.2000064849853516,0.314145349156467,obse,cracker_scene1,70,old
710,3.203997850418091,0.314145349156467,obse,cracker_scene1,70,old
711,3.207979679107666,0.314145349156467,obse,cracker_scene1,70,old
712,3.2123520374298096,0.3141370365279741,obse,cracker_scene1,70,old
713,3.2167084217071533,0.3141583622277131,obse,cracker_scene1,70,old
714,3.221182346343994,0.3140588128940151,obse,cracker_scene1,70,old
715,3.2256438732147217,0.3140578614111123,obse,cracker_scene1,70,old
716,3.2298433780670166,0.3140377379623184,obse,cracker_scene1,70,old
717,3.233886241912842,0.3140377379623184,obse,cracker_scene1,70,old
718,3.2380597591400146,0.31414936570023294,obse,cracker_scene1,70,old
719,3.242232322692871,0.2930419214218812,obse,cracker_scene1,70,old
720,3.2464301586151123,0.2929572551483939,obse,cracker_scene1,70,old
721,3.251136302947998,0.29266002123104073,obse,cracker_scene1,70,old
722,3.2574820518493652,0.2927335903307265,obse,cracker_scene1,70,old
723,3.2626943588256836,0.2927528014268502,obse,cracker_scene1,70,old
724,3.267429828643799,0.2927528014268502,obse,cracker_scene1,70,old
725,3.2717058658599854,0.2926435492122507,obse,cracker_scene1,70,old
726,3.2757809162139893,0.2926435492122507,obse,cracker_scene1,70,old
727,3.280001401901245,0.2927293671920587,obse,cracker_scene1,70,old
728,3.284123182296753,0.2927293671920587,obse,cracker_scene1,70,old
729,3.2882895469665527,0.29265436717017823,obse,cracker_scene1,70,old
730,3.2923598289489746,0.29265436717017823,obse,cracker_scene1,70,old
731,3.296555280685425,0.29264363503791707,obse,cracker_scene1,70,old
732,3.30069899559021,0.29264363503791707,obse,cracker_scene1,70,old
733,3.3049347400665283,0.29275378538578867,obse,cracker_scene1,70,old
734,3.308882713317871,0.29275378538578867,obse,cracker_scene1,70,old
735,3.313324213027954,0.29265827656335486,obse,cracker_scene1,70,old
736,3.3173341751098633,0.29265827656335486,obse,cracker_scene1,70,old
737,3.3215956687927246,0.2927592287405563,obse,cracker_scene1,70,old
738,3.325767993927002,0.2927592287405563,obse,cracker_scene1,70,old
739,3.3300602436065674,0.29275195185695546,obse,cracker_scene1,70,old
740,3.33414626121521,0.29275195185695546,obse,cracker_scene1,70,old
741,3.3383750915527344,0.2927499751743677,obse,cracker_scene1,70,old
742,3.3426153659820557,0.2927499751743677,obse,cracker_scene1,70,old
743,3.3469974994659424,0.29265663747822873,obse,cracker_scene1,70,old
744,3.3510355949401855,0.29265663747822873,obse,cracker_scene1,70,old
745,3.3553903102874756,0.2927584220817472,obse,cracker_scene1,70,old
746,3.3594677448272705,0.2927584220817472,obse,cracker_scene1,70,old
747,3.363853693008423,0.2927438199499201,obse,cracker_scene1,70,old
748,3.3677361011505127,0.2927438199499201,obse,cracker_scene1,70,old
749,3.3719258308410645,0.2927462888426908,obse,cracker_scene1,70,old
750,3.375960111618042,0.2927462888426908,obse,cracker_scene1,70,old
751,3.380232810974121,0.2927478518313193,obse,cracker_scene1,70,old
752,3.384471893310547,0.2927478518313193,obse,cracker_scene1,70,old
753,3.388725519180298,0.2927260568252082,obse,cracker_scene1,70,old
754,3.393099546432495,0.2927260568252082,obse,cracker_scene1,70,old
755,3.397286891937256,0.2927229736018171,obse,cracker_scene1,70,old
756,3.401256561279297,0.2927229736018171,obse,cracker_scene1,70,old
757,3.4054055213928223,0.29273154927295697,obse,cracker_scene1,70,old
758,3.4092929363250732,0.29273154927295697,obse,cracker_scene1,70,old
759,3.415151596069336,0.29261802153033134,obse,cracker_scene1,70,old
760,3.4211061000823975,0.2927381912586123,obse,cracker_scene1,70,old
761,3.4261605739593506,0.2927381912586123,obse,cracker_scene1,70,old
762,3.430518388748169,0.29264826334435307,obse,cracker_scene1,70,old
763,3.4346024990081787,0.29264826334435307,obse,cracker_scene1,70,old
764,3.4388186931610107,0.29270874751137194,obse,cracker_scene1,70,old
765,3.442906141281128,0.29270874751137194,obse,cracker_scene1,70,old
766,3.447150707244873,0.29259570363488374,obse,cracker_scene1,70,old
767,3.4512200355529785,0.29259570363488374,obse,cracker_scene1,70,old
768,3.455486297607422,0.29252959691996194,obse,cracker_scene1,70,old
769,3.4596023559570312,0.29252959691996194,obse,cracker_scene1,70,old
770,3.4640257358551025,0.29251133294739523,obse,cracker_scene1,70,old
771,3.4679441452026367,0.29251133294739523,obse,cracker_scene1,70,old
772,3.472217082977295,0.29265808387060055,obse,cracker_scene1,70,old
773,3.4762895107269287,0.29265808387060055,obse,cracker_scene1,70,old
774,3.4805490970611572,0.29262847135197817,obse,cracker_scene1,70,old
775,3.484686851501465,0.29262847135197817,obse,cracker_scene1,70,old
776,3.4890201091766357,0.29257851124633105,obse,cracker_scene1,70,old
777,3.4933488368988037,0.29257851124633105,obse,cracker_scene1,70,old
778,3.4976396560668945,0.2925210726939828,obse,cracker_scene1,70,old
779,3.5018651485443115,0.2925210726939828,obse,cracker_scene1,70,old
780,3.5063207149505615,0.29250347687701533,obse,cracker_scene1,70,old
781,3.5103321075439453,0.2924723410929136,obse,cracker_scene1,70,old
782,3.5146915912628174,0.29236952223447354,obse,cracker_scene1,70,old
783,3.5187222957611084,0.29236952223447354,obse,cracker_scene1,70,old
784,3.523186445236206,0.29243968359135675,obse,cracker_scene1,70,old
785,3.527151584625244,0.29243968359135675,obse,cracker_scene1,70,old
786,3.531411647796631,0.2924669945876891,obse,cracker_scene1,70,old
787,3.535290241241455,0.2924669945876891,obse,cracker_scene1,70,old
788,3.53949236869812,0.29229551680505067,obse,cracker_scene1,70,old
789,3.543623447418213,0.29229551680505067,obse,cracker_scene1,70,old
790,3.547933578491211,0.29236052153254055,obse,cracker_scene1,70,old
791,3.5522401332855225,0.29236052153254055,obse,cracker_scene1,70,old
792,3.556764602661133,0.2923245087777915,obse,cracker_scene1,70,old
793,3.5609869956970215,0.2923006149203096,obse,cracker_scene1,70,old
794,3.565314531326294,0.2923006149203096,obse,cracker_scene1,70,old
795,3.56962513923645,0.2920860429577313,obse,cracker_scene1,70,old
796,3.5739152431488037,0.2920860429577313,obse,cracker_scene1,70,old
797,3.578015089035034,0.2920860429577313,obse,cracker_scene1,70,old
798,3.58246111869812,0.2921936850518087,obse,cracker_scene1,70,old
799,3.5866878032684326,0.2920791303737143,obse,cracker_scene1,70,old
800,3.591367244720459,0.29208864691980124,obse,cracker_scene1,70,old
801,3.59558367729187,0.2921611195640639,obse,cracker_scene1,70,old
802,3.599566698074341,0.2921611195640639,obse,cracker_scene1,70,old
803,3.6038522720336914,0.2919720445141846,obse,cracker_scene1,70,old
804,3.6078152656555176,0.2919720445141846,obse,cracker_scene1,70,old
805,3.61210036277771,0.292097721770095,obse,cracker_scene1,70,old
806,3.616100311279297,0.292097721770095,obse,cracker_scene1,70,old
807,3.620776414871216,0.29203987829931205,obse,cracker_scene1,70,old
808,3.625267267227173,0.29203987829931205,obse,cracker_scene1,70,old
809,3.6295371055603027,0.2918697436375128,obse,cracker_scene1,70,old
810,3.633714199066162,0.2918697436375128,obse,cracker_scene1,70,old
811,3.6381847858428955,0.29196191953349976,obse,cracker_scene1,70,old
812,3.642399311065674,0.29196191953349976,obse,cracker_scene1,70,old
813,3.6468160152435303,0.291784803940308,obse,cracker_scene1,70,old
814,3.6509642601013184,0.291784803940308,obse,cracker_scene1,70,old
815,3.655487537384033,0.29197057090086204,obse,cracker_scene1,70,old
816,3.6598942279815674,0.2919197328412219,obse,cracker_scene1,70,old
817,3.664368152618408,0.2916992399254347,obse,cracker_scene1,70,old
818,3.668405294418335,0.2916992399254347,obse,cracker_scene1,70,old
819,3.6727705001831055,0.2918092007182951,obse,cracker_scene1,70,old
820,3.6770107746124268,0.2918092007182951,obse,cracker_scene1,70,old
821,3.6814284324645996,0.2915929350864887,obse,cracker_scene1,70,old
822,3.6855578422546387,0.29158438352918836,obse,cracker_scene1,70,old
823,3.6900618076324463,0.29154946493619927,obse,cracker_scene1,70,old
824,3.694265127182007,0.29162070592839556,obse,cracker_scene1,70,old
825,3.6986260414123535,0.29162070592839556,obse,cracker_scene1,70,old
826,3.702901601791382,0.2916559677578467,obse,cracker_scene1,70,old
827,3.707218647003174,0.2916559677578467,obse,cracker_scene1,70,old
828,3.711764097213745,0.29156610051822485,obse,cracker_scene1,70,old
829,3.71602201461792,0.29157445385597724,obse,cracker_scene1,70,old
830,3.7203073501586914,0.29151348069398597,obse,cracker_scene1,70,old
831,3.7246253490448,0.29151348069398597,obse,cracker_scene1,70,old
832,3.72873592376709,0.2914751894744406,obse,cracker_scene1,70,old
833,3.7328853607177734,0.2914751894744406,obse,cracker_scene1,70,old
834,3.7372212409973145,0.29144055917751543,obse,cracker_scene1,70,old
835,3.741318941116333,0.29144055917751543,obse,cracker_scene1,70,old
836,3.7455713748931885,0.29144055917751543,obse,cracker_scene1,70,old
837,3.7499988079071045,0.29123727254948567,obse,cracker_scene1,70,old
838,3.7543654441833496,0.29137394130879435,obse,cracker_scene1,70,old
839,3.7586512565612793,0.29137394130879435,obse,cracker_scene1,70,old
840,3.7630670070648193,0.2913018779334779,obse,cracker_scene1,70,old
841,3.7672624588012695,0.2913018779334779,obse,cracker_scene1,70,old
842,3.7716269493103027,0.2912692668246094,obse,cracker_scene1,70,old
843,3.775815010070801,0.2912692668246094,obse,cracker_scene1,70,old
844,3.7801618576049805,0.2912667420061924,obse,cracker_scene1,70,old
845,3.7842824459075928,0.2912667420061924,obse,cracker_scene1,70,old
846,3.7889208793640137,0.2911949543681842,obse,cracker_scene1,70,old
847,3.7932960987091064,0.2911949543681842,obse,cracker_scene1,70,old
848,3.7976901531219482,0.29098271892397154,obse,cracker_scene1,70,old
849,3.801724672317505,0.29098271892397154,obse,cracker_scene1,70,old
850,3.8062069416046143,0.2909350243163027,obse,cracker_scene1,70,old
851,3.810375452041626,0.2909350243163027,obse,cracker_scene1,70,old
852,3.8156073093414307,0.29107596993047735,obse,cracker_scene1,70,old
853,3.820502281188965,0.291040243779302,obse,cracker_scene1,70,old
854,3.8257105350494385,0.291040243779302,obse,cracker_scene1,70,old
855,3.830047607421875,0.29100404531348234,obse,cracker_scene1,70,old
856,3.8340768814086914,0.29100404531348234,obse,cracker_scene1,70,old
857,3.838186740875244,0.2909566136131949,obse,cracker_scene1,70,old
858,3.8421120643615723,0.2909566136131949,obse,cracker_scene1,70,old
859,3.8463199138641357,0.2907637434962669,obse,cracker_scene1,70,old
860,3.850210428237915,0.2907637434962669,obse,cracker_scene1,70,old
861,3.8542768955230713,0.2907637434962669,obse,cracker_scene1,70,old
862,3.859001398086548,0.2909198816397545,obse,cracker_scene1,70,old
863,3.863502025604248,0.29085311398780767,obse,cracker_scene1,70,old
864,3.8681275844573975,0.29085311398780767,obse,cracker_scene1,70,old
865,3.8723714351654053,0.290763335496417,obse,cracker_scene1,70,old
866,3.8767096996307373,0.290763335496417,obse,cracker_scene1,70,old
867,3.8808722496032715,0.290691054577634,obse,cracker_scene1,70,old
868,3.885272264480591,0.290691054577634,obse,cracker_scene1,70,old
869,3.889714002609253,0.2906393617763057,obse,cracker_scene1,70,old
870,3.893908739089966,0.2906393617763057,obse,cracker_scene1,70,old
871,3.8983867168426514,0.2905959240317799,obse,cracker_scene1,70,old
872,3.902927875518799,0.2905959240317799,obse,cracker_scene1,70,old
873,3.90761399269104,0.29056937933163607,obse,cracker_scene1,70,old
874,3.9120163917541504,0.2905739709669901,obse,cracker_scene1,70,old
875,3.916496753692627,0.29051856251169694,obse,cracker_scene1,70,old
876,3.920799970626831,0.2905311444385823,obse,cracker_scene1,70,old
877,3.9251015186309814,0.29049986323893073,obse,cracker_scene1,70,old
878,3.929327964782715,0.29049986323893073,obse,cracker_scene1,70,old
879,3.9337923526763916,0.290474813649698,obse,cracker_scene1,70,old
880,3.938462018966675,0.290474813649698,obse,cracker_scene1,70,old
881,3.9426939487457275,0.29029894589147814,obse,cracker_scene1,70,old
882,3.94718599319458,0.29029894589147814,obse,cracker_scene1,70,old
883,3.95141863822937,0.2903906629182943,obse,cracker_scene1,70,old
884,3.9555842876434326,0.2903906629182943,obse,cracker_scene1,70,old
885,3.9601900577545166,0.2903645745657506,obse,cracker_scene1,70,old
886,3.9644620418548584,0.2903645745657506,obse,cracker_scene1,70,old
887,3.968751907348633,0.29035872696969595,obse,cracker_scene1,70,old
888,3.973123550415039,0.29035872696969595,obse,cracker_scene1,70,old
889,3.977342367172241,0.29035872696969595,obse,cracker_scene1,70,old
890,3.9816415309906006,0.29026789696568983,obse,cracker_scene1,70,old
891,3.9861152172088623,0.29026789696568983,obse,cracker_scene1,70,old
892,3.9905059337615967,0.290241129997952,obse,cracker_scene1,70,old
893,3.9950077533721924,0.2902477934633984,obse,cracker_scene1,70,old
894,3.999476194381714,0.29022844126362535,obse,cracker_scene1,70,old
895,4.0036890506744385,0.29022844126362535,obse,cracker_scene1,70,old
896,4.007937431335449,0.29022844126362535,obse,cracker_scene1,70,old
897,4.01220703125,0.2902090243388669,obse,cracker_scene1,70,old
898,4.016852378845215,0.29023760804451465,obse,cracker_scene1,70,old
899,4.021300554275513,0.29008967282941933,obse,cracker_scene1,70,old
900,4.025725364685059,0.2900450398635584,obse,cracker_scene1,70,old
901,4.030729055404663,0.29011324337792416,obse,cracker_scene1,70,old
902,4.035590171813965,0.2900014007036618,obse,cracker_scene1,70,old
903,4.039825916290283,0.2900014007036618,obse,cracker_scene1,70,old
904,4.043970108032227,0.2899840848851359,obse,cracker_scene1,70,old
905,4.0483078956604,0.28996884054555677,obse,cracker_scene1,70,old
906,4.052443981170654,0.28992777379611717,obse,cracker_scene1,70,old
907,4.0572829246521,0.28992777379611717,obse,cracker_scene1,70,old
908,4.061978101730347,0.2898822356357763,obse,cracker_scene1,70,old
909,4.066232442855835,0.2898822356357763,obse,cracker_scene1,70,old
910,4.070472240447998,0.28987527084487424,obse,cracker_scene1,70,old
911,4.07460618019104,0.28987527084487424,obse,cracker_scene1,70,old
912,4.07883095741272,0.2898804699299367,obse,cracker_scene1,70,old
913,4.082823276519775,0.28984456602344594,obse,cracker_scene1,70,old
914,4.087390422821045,0.2898332793370363,obse,cracker_scene1,70,old
915,4.091747283935547,0.2898332793370363,obse,cracker_scene1,70,old
916,4.096266508102417,0.2898567361249879,obse,cracker_scene1,70,old
917,4.100331783294678,0.2898567361249879,obse,cracker_scene1,70,old
918,4.104854345321655,0.2898316383768529,obse,cracker_scene1,70,old
919,4.108963251113892,0.2898316383768529,obse,cracker_scene1,70,old
920,4.113366365432739,0.28978834082613003,obse,cracker_scene1,70,old
921,4.117542743682861,0.28978834082613003,obse,cracker_scene1,70,old
922,4.12188720703125,0.28975454157330993,obse,cracker_scene1,70,old
923,4.126183032989502,0.28975454157330993,obse,cracker_scene1,70,old
924,4.130695581436157,0.2897513899768701,obse,cracker_scene1,70,old
925,4.134639263153076,0.2897513899768701,obse,cracker_scene1,70,old
926,4.139045715332031,0.2897529102467377,obse,cracker_scene1,70,old
927,4.143336057662964,0.2897529102467377,obse,cracker_scene1,70,old
928,4.147494077682495,0.2897761033870137,obse,cracker_scene1,70,old
929,4.151793718338013,0.2897761033870137,obse,cracker_scene1,70,old
930,4.156288385391235,0.2896376795427719,obse,cracker_scene1,70,old
931,4.160536527633667,0.2896376795427719,obse,cracker_scene1,70,old
932,4.165052890777588,0.28974964597203373,obse,cracker_scene1,70,old
933,4.169531345367432,0.28975132852094826,obse,cracker_scene1,70,old
934,4.173839807510376,0.28975132852094826,obse,cracker_scene1,70,old
935,4.17803955078125,0.2897535219381335,obse,cracker_scene1,70,old
936,4.182306528091431,0.2897696506761519,obse,cracker_scene1,70,old
937,4.186448097229004,0.2897696506761519,obse,cracker_scene1,70,old
938,4.191043138504028,0.28979408991379685,obse,cracker_scene1,70,old
939,4.195530652999878,0.2898036732415224,obse,cracker_scene1,70,old
940,4.199651479721069,0.2898036732415224,obse,cracker_scene1,70,old
941,4.203737020492554,0.2897950624570827,obse,cracker_scene1,70,old
942,4.208014488220215,0.2897950624570827,obse,cracker_scene1,70,old
943,4.212127685546875,0.28968712937528146,obse,cracker_scene1,70,old
944,4.216394424438477,0.28967616728932666,obse,cracker_scene1,70,old
945,4.22074031829834,0.28979150451639873,obse,cracker_scene1,70,old
946,4.225065469741821,0.28979150451639873,obse,cracker_scene1,70,old
947,4.229325294494629,0.28962085639605684,obse,cracker_scene1,70,old
948,4.233514785766602,0.28962085639605684,obse,cracker_scene1,70,old
949,4.237900495529175,0.28972996426648484,obse,cracker_scene1,70,old
950,4.242057800292969,0.28972996426648484,obse,cracker_scene1,70,old
951,4.246368885040283,0.2896704087304711,obse,cracker_scene1,70,old
952,4.250518798828125,0.2896704087304711,obse,cracker_scene1,70,old
953,4.254612445831299,0.2896704087304711,obse,cracker_scene1,70,old
954,4.25948166847229,0.2895245565159774,obse,cracker_scene1,70,old
955,4.263767242431641,0.2895244456380741,obse,cracker_scene1,70,old
956,4.26830267906189,0.2895244456380741,obse,cracker_scene1,70,old
957,4.272953033447266,0.2896551076840048,obse,cracker_scene1,70,old
958,4.277251482009888,0.2896551076840048,obse,cracker_scene1,70,old
959,4.281463146209717,0.2896555741415519,obse,cracker_scene1,70,old
960,4.2856667041778564,0.2896555741415519,obse,cracker_scene1,70,old
961,4.289651155471802,0.2896555741415519,obse,cracker_scene1,70,old
962,4.294438600540161,0.28953004220642875,obse,cracker_scene1,70,old
963,4.298996210098267,0.289573589344646,obse,cracker_scene1,70,old
964,4.303496837615967,0.2895743086648073,obse,cracker_scene1,70,old
965,4.30775785446167,0.28959609038046097,obse,cracker_scene1,70,old
966,4.31232762336731,0.28959609038046097,obse,cracker_scene1,70,old
967,4.3169355392456055,0.2897637221954374,obse,cracker_scene1,70,old
968,4.321369647979736,0.2897637221954374,obse,cracker_scene1,70,old
969,4.325923681259155,0.2897720081264549,obse,cracker_scene1,70,old
970,4.3306286334991455,0.2897434127905724,obse,cracker_scene1,70,old
971,4.335155725479126,0.28972358830625056,obse,cracker_scene1,70,old
972,4.339658737182617,0.28972358830625056,obse,cracker_scene1,70,old
973,4.343771696090698,0.28972358830625056,obse,cracker_scene1,70,old
974,4.3483240604400635,0.2897025565367608,obse,cracker_scene1,70,old
975,4.352792978286743,0.28969856171034014,obse,cracker_scene1,70,old
976,4.357786178588867,0.28969856171034014,obse,cracker_scene1,70,old
977,4.361987113952637,0.2895495113252525,obse,cracker_scene1,70,old
978,4.366241216659546,0.2895495113252525,obse,cracker_scene1,70,old
979,4.370607614517212,0.2895567495785464,obse,cracker_scene1,70,old
980,4.374804735183716,0.2895567495785464,obse,cracker_scene1,70,old
981,4.379249811172485,0.28979833820627626,obse,cracker_scene1,70,old
982,4.38352632522583,0.28979833820627626,obse,cracker_scene1,70,old
983,4.387624740600586,0.28979833820627626,obse,cracker_scene1,70,old
984,4.392287969589233,0.28978071739402755,obse,cracker_scene1,70,old
985,4.396792888641357,0.2897903712959458,obse,cracker_scene1,70,old
986,4.400967359542847,0.2897903712959458,obse,cracker_scene1,70,old
987,4.404887437820435,0.2897903712959458,obse,cracker_scene1,70,old
988,4.409072399139404,0.2897903712959458,obse,cracker_scene1,70,old
989,4.413400411605835,0.28980952629978224,obse,cracker_scene1,70,old
990,4.417953014373779,0.28980298918725556,obse,cracker_scene1,70,old
991,4.422562837600708,0.28967821859442094,obse,cracker_scene1,70,old
992,4.427314281463623,0.28981079579786995,obse,cracker_scene1,70,old
993,4.4326841831207275,0.2897070367581832,obse,cracker_scene1,70,old
994,4.437638282775879,0.28983620405385574,obse,cracker_scene1,70,old
995,4.442095041275024,0.28983620405385574,obse,cracker_scene1,70,old
996,4.446696043014526,0.2898689556354565,obse,cracker_scene1,70,old
997,4.450889348983765,0.2898689556354565,obse,cracker_scene1,70,old
998,4.455460548400879,0.2898708170421726,obse,cracker_scene1,70,old
999,4.459939956665039,0.2898708170421726,obse,cracker_scene1,70,old
1000,4.464359760284424,0.2899262363473041,obse,cracker_scene1,70,old
1001,4.468613386154175,0.2899262363473041,obse,cracker_scene1,70,old
1002,4.473137617111206,0.2898801155891594,obse,cracker_scene1,70,old
1003,4.477385997772217,0.289718414892205,obse,cracker_scene1,70,old
1004,4.481738805770874,0.28970544988265595,obse,cracker_scene1,70,old
1005,4.485974073410034,0.2897185375097731,obse,cracker_scene1,70,old
1006,4.4905314445495605,0.2897391954654452,obse,cracker_scene1,70,old
1007,4.495015382766724,0.28983566969391616,obse,cracker_scene1,70,old
1008,4.499130725860596,0.28983566969391616,obse,cracker_scene1,70,old
1009,4.5034215450286865,0.2898819016841458,obse,cracker_scene1,70,old
1010,4.508516788482666,0.28989022463261044,obse,cracker_scene1,70,old
1011,4.512758493423462,0.2900725975014747,obse,cracker_scene1,70,old
1012,4.517901182174683,0.2900725975014747,obse,cracker_scene1,70,old
1013,4.52347469329834,0.29005785762800973,obse,cracker_scene1,70,old
1014,4.530091762542725,0.28988376122342097,obse,cracker_scene1,70,old
1015,4.534919261932373,0.28988376122342097,obse,cracker_scene1,70,old
1016,4.541262865066528,0.29008495130016326,obse,cracker_scene1,70,old
1017,4.54728627204895,0.29008495130016326,obse,cracker_scene1,70,old
1018,4.551717758178711,0.2901043072651298,obse,cracker_scene1,70,old
1019,4.556267023086548,0.2901457567558762,obse,cracker_scene1,70,old
1020,4.560716867446899,0.2901389539920223,obse,cracker_scene1,70,old
1021,4.5651023387908936,0.29013215161572975,obse,cracker_scene1,70,old
1022,4.5696258544921875,0.28996932041736406,obse,cracker_scene1,70,old
1023,4.573886156082153,0.28996932041736406,obse,cracker_scene1,70,old
1024,4.57815408706665,0.2901360340809969,obse,cracker_scene1,70,old
1025,4.582472801208496,0.2901085753440372,obse,cracker_scene1,70,old
1026,4.586707592010498,0.28947764852858976,obse,cracker_scene1,70,old
1027,4.59116005897522,0.28947764852858976,obse,cracker_scene1,70,old
1028,4.5955517292022705,0.28964390102793836,obse,cracker_scene1,70,old
1029,4.600029706954956,0.28964390102793836,obse,cracker_scene1,70,old
1030,4.604491472244263,0.2896412801662533,obse,cracker_scene1,70,old
1031,4.608733654022217,0.2896412801662533,obse,cracker_scene1,70,old
1032,4.613192081451416,0.28951815412062093,obse,cracker_scene1,70,old
1033,4.617467164993286,0.28951815412062093,obse,cracker_scene1,70,old
1034,4.622042417526245,0.2895234029604334,obse,cracker_scene1,70,old
1035,4.6260764598846436,0.2895234029604334,obse,cracker_scene1,70,old
1036,4.630506992340088,0.2895348238941881,obse,cracker_scene1,70,old
1037,4.634548187255859,0.2895348238941881,obse,cracker_scene1,70,old
1038,4.639067649841309,0.2897281553068917,obse,cracker_scene1,70,old
1039,4.643271446228027,0.2897281553068917,obse,cracker_scene1,70,old
1040,4.647855281829834,0.2895918782626077,obse,cracker_scene1,70,old
1041,4.652648210525513,0.2896042972345512,obse,cracker_scene1,70,old
1042,4.657128095626831,0.28977419957897743,obse,cracker_scene1,70,old
1043,4.661408185958862,0.28959256939962924,obse,cracker_scene1,70,old
1044,4.66565465927124,0.28959256939962924,obse,cracker_scene1,70,old
1045,4.669964551925659,0.28960687820082137,obse,cracker_scene1,70,old
1046,4.6742565631866455,0.28960687820082137,obse,cracker_scene1,70,old
1047,4.678685188293457,0.28976543542435834,obse,cracker_scene1,70,old
1048,4.683272123336792,0.28976543542435834,obse,cracker_scene1,70,old
1049,4.687534332275391,0.2897764498850265,obse,cracker_scene1,70,old
1050,4.691875457763672,0.2897764498850265,obse,cracker_scene1,70,old
1051,4.696216106414795,0.28977257751372953,obse,cracker_scene1,70,old
1052,4.70040225982666,0.28976921912135,obse,cracker_scene1,70,old
1053,4.704827070236206,0.2897467048376486,obse,cracker_scene1,70,old
1054,4.709147214889526,0.2897467048376486,obse,cracker_scene1,70,old
1055,4.713462829589844,0.2897190067233056,obse,cracker_scene1,70,old
1056,4.717688083648682,0.2897190067233056,obse,cracker_scene1,70,old
1057,4.72211766242981,0.2895479713714547,obse,cracker_scene1,70,old
1058,4.726720571517944,0.2895479713714547,obse,cracker_scene1,70,old
1059,4.7310521602630615,0.2897342021348057,obse,cracker_scene1,70,old
1060,4.735158205032349,0.2895541610937497,obse,cracker_scene1,70,old
1061,4.739430665969849,0.28955016699790037,obse,cracker_scene1,70,old
1062,4.743492603302002,0.28955016699790037,obse,cracker_scene1,70,old
1063,4.7478413581848145,0.2897315837031062,obse,cracker_scene1,70,old
1064,4.751967430114746,0.2897315837031062,obse,cracker_scene1,70,old
1065,4.756298065185547,0.2897341975082901,obse,cracker_scene1,70,old
1066,4.7604734897613525,0.2897341975082901,obse,cracker_scene1,70,old
1067,4.765254497528076,0.28973613808675425,obse,cracker_scene1,70,old
1068,4.769437074661255,0.28976085504947136,obse,cracker_scene1,70,old
1069,4.77438759803772,0.28976085504947136,obse,cracker_scene1,70,old
1070,4.7786619663238525,0.28975510489766254,obse,cracker_scene1,70,old
1071,4.78292989730835,0.28975510489766254,obse,cracker_scene1,70,old
1072,4.787298679351807,0.2897052478228981,obse,cracker_scene1,70,old
1073,4.792060613632202,0.2897052478228981,obse,cracker_scene1,70,old
1074,4.796483516693115,0.28968963846536455,obse,cracker_scene1,70,old
1075,4.800693511962891,0.28968963846536455,obse,cracker_scene1,70,old
1076,4.805274486541748,0.2896821658341357,obse,cracker_scene1,70,old
1077,4.809822082519531,0.2896821658341357,obse,cracker_scene1,70,old
1078,4.81618595123291,0.28949903366865426,obse,cracker_scene1,70,old
1079,4.82262396812439,0.28966455691293835,obse,cracker_scene1,70,old
1080,4.827124357223511,0.28966455691293835,obse,cracker_scene1,70,old
1081,4.831663608551025,0.28965572575368564,obse,cracker_scene1,70,old
1082,4.835848331451416,0.28947062185777056,obse,cracker_scene1,70,old
1083,4.8404152393341064,0.2894821167678266,obse,cracker_scene1,70,old
1084,4.846450328826904,0.2896608986841413,obse,cracker_scene1,70,old
1085,4.852982521057129,0.28953773991752224,obse,cracker_scene1,70,old
1086,4.858193635940552,0.28953773991752224,obse,cracker_scene1,70,old
1087,4.862638473510742,0.2897074850264034,obse,cracker_scene1,70,old
1088,4.866788148880005,0.2897074850264034,obse,cracker_scene1,70,old
1089,4.871138572692871,0.2896777471800135,obse,cracker_scene1,70,old
1090,4.875450611114502,0.2896777471800135,obse,cracker_scene1,70,old
1091,4.88002347946167,0.28967393313388873,obse,cracker_scene1,70,old
1092,4.884175539016724,0.28967393313388873,obse,cracker_scene1,70,old
1093,4.888659477233887,0.2896624082932287,obse,cracker_scene1,70,old
1094,4.892874002456665,0.2896624082932287,obse,cracker_scene1,70,old
1095,4.897366285324097,0.2895466858292404,obse,cracker_scene1,70,old
1096,4.901432037353516,0.2895466858292404,obse,cracker_scene1,70,old
1097,4.905842542648315,0.289544345643488,obse,cracker_scene1,70,old
1098,4.910535097122192,0.289544345643488,obse,cracker_scene1,70,old
1099,4.914920806884766,0.2897374245720765,obse,cracker_scene1,70,old
1100,4.919075965881348,0.2897518970636581,obse,cracker_scene1,70,old
1101,4.9236695766448975,0.28976363531276206,obse,cracker_scene1,70,old
1102,4.927884578704834,0.2895769439283955,obse,cracker_scene1,70,old
1103,4.932135820388794,0.2895769439283955,obse,cracker_scene1,70,old
1104,4.936299085617065,0.28977159603254626,obse,cracker_scene1,70,old
1105,4.940693616867065,0.28977159603254626,obse,cracker_scene1,70,old
1106,4.944879055023193,0.28980514306448424,obse,cracker_scene1,70,old
1107,4.949207067489624,0.28980514306448424,obse,cracker_scene1,70,old
1108,4.953397035598755,0.2896357028022382,obse,cracker_scene1,70,old
1109,4.957969427108765,0.2896200371606137,obse,cracker_scene1,70,old
1110,4.9624857902526855,0.28964256118564446,obse,cracker_scene1,70,old
1111,4.967036962509155,0.28964256118564446,obse,cracker_scene1,70,old
1112,4.971838712692261,0.2898266214799448,obse,cracker_scene1,70,old
1113,4.9761035442352295,0.2898266214799448,obse,cracker_scene1,70,old
1114,4.981097221374512,0.2898232718180779,obse,cracker_scene1,70,old
1115,4.985670804977417,0.2898232718180779,obse,cracker_scene1,70,old
1116,4.991153955459595,0.2897907190344395,obse,cracker_scene1,70,old
1117,4.995488882064819,0.2897911408448266,obse,cracker_scene1,70,old
1118,4.999799966812134,0.2897911408448266,obse,cracker_scene1,70,old
1119,5.004250526428223,0.28976001529699474,obse,cracker_scene1,70,old
1120,5.008491039276123,0.28976001529699474,obse,cracker_scene1,70,old
1121,5.013117551803589,0.2897739225197749,obse,cracker_scene1,70,old
1122,5.017337799072266,0.2897739225197749,obse,cracker_scene1,70,old
1123,5.022142171859741,0.2897902099487499,obse,cracker_scene1,70,old
1124,5.026886463165283,0.2897902099487499,obse,cracker_scene1,70,old
1125,5.031475067138672,0.2898191791556692,obse,cracker_scene1,70,old
1126,5.035619258880615,0.2898443441964124,obse,cracker_scene1,70,old
1127,5.040454864501953,0.2898308063178505,obse,cracker_scene1,70,old
1128,5.045055627822876,0.2898536338925394,obse,cracker_scene1,70,old
1129,5.049418687820435,0.2898536338925394,obse,cracker_scene1,70,old
1130,5.053672552108765,0.2898536338925394,obse,cracker_scene1,70,old
1131,5.057950258255005,0.2898715575806388,obse,cracker_scene1,70,old
1132,5.062200546264648,0.2898715575806388,obse,cracker_scene1,70,old
1133,5.066555738449097,0.2896802805238379,obse,cracker_scene1,70,old
1134,5.070943355560303,0.2896802805238379,obse,cracker_scene1,70,old
1135,5.075105667114258,0.2896802805238379,obse,cracker_scene1,70,old
1136,5.079293727874756,0.2898303782563678,obse,cracker_scene1,70,old
1137,5.083739280700684,0.28982744780059844,obse,cracker_scene1,70,old
1138,5.08810019493103,0.2898187934229153,obse,cracker_scene1,70,old
1139,5.092974901199341,0.28964746028662386,obse,cracker_scene1,70,old
1140,5.097414970397949,0.28964746028662386,obse,cracker_scene1,70,old
1141,5.1020143032073975,0.28984259238222543,obse,cracker_scene1,70,old
1142,5.10642671585083,0.28984259238222543,obse,cracker_scene1,70,old
1143,5.110726356506348,0.28964811149108344,obse,cracker_scene1,70,old
1144,5.115382671356201,0.2896457851237049,obse,cracker_scene1,70,old
1145,5.1197803020477295,0.2898218840713379,obse,cracker_scene1,70,old
1146,5.124191045761108,0.2898218840713379,obse,cracker_scene1,70,old
1147,5.128503799438477,0.2898245237496196,obse,cracker_scene1,70,old
1148,5.13304328918457,0.2898245237496196,obse,cracker_scene1,70,old
1149,5.137213706970215,0.2896360901779211,obse,cracker_scene1,70,old
1150,5.141720294952393,0.28962738817027506,obse,cracker_scene1,70,old
1151,5.145797967910767,0.28962738817027506,obse,cracker_scene1,70,old
1152,5.150418996810913,0.28984351268570596,obse,cracker_scene1,70,old
1153,5.155190467834473,0.28984804337892056,obse,cracker_scene1,70,old
1154,5.159775495529175,0.28986253993227556,obse,cracker_scene1,70,old
1155,5.164243221282959,0.2898551659862655,obse,cracker_scene1,70,old
1156,5.168390989303589,0.28986864639022974,obse,cracker_scene1,70,old
1157,5.172747611999512,0.2898785897135972,obse,cracker_scene1,70,old
1158,5.177021265029907,0.28987277231474295,obse,cracker_scene1,70,old
1159,5.181570053100586,0.28987462936663205,obse,cracker_scene1,70,old
1160,5.185859680175781,0.28968789057884076,obse,cracker_scene1,70,old
1161,5.1903581619262695,0.28987999720723784,obse,cracker_scene1,70,old
1162,5.194712400436401,0.2898838415856504,obse,cracker_scene1,70,old
1163,5.1990203857421875,0.2898838415856504,obse,cracker_scene1,70,old
1164,5.20328426361084,0.2899365905200407,obse,cracker_scene1,70,old
1165,5.207727670669556,0.2899220734855334,obse,cracker_scene1,70,old
1166,5.2118613719940186,0.2899373610904865,obse,cracker_scene1,70,old
1167,5.216310977935791,0.2899373610904865,obse,cracker_scene1,70,old
1168,5.220961332321167,0.2897360254737976,obse,cracker_scene1,70,old
1169,5.226048707962036,0.28973069953982566,obse,cracker_scene1,70,old
1170,5.2310895919799805,0.2897089744527085,obse,cracker_scene1,70,old
1171,5.235780477523804,0.28990598285973795,obse,cracker_scene1,70,old
1172,5.240332365036011,0.2899076926325665,obse,cracker_scene1,70,old
1173,5.244617938995361,0.2897368093912715,obse,cracker_scene1,70,old
1174,5.24885892868042,0.2897368093912715,obse,cracker_scene1,70,old
1175,5.253453969955444,0.2899444680114813,obse,cracker_scene1,70,old
1176,5.257816553115845,0.2899444680114813,obse,cracker_scene1,70,old
1177,5.262512445449829,0.290007810910282,obse,cracker_scene1,70,old
1178,5.266949415206909,0.290007810910282,obse,cracker_scene1,70,old
1179,5.271580696105957,0.2900162593491843,obse,cracker_scene1,70,old
1180,5.275883674621582,0.2900162593491843,obse,cracker_scene1,70,old
1181,5.280304908752441,0.29002453465742617,obse,cracker_scene1,70,old
1182,5.284565210342407,0.29002453465742617,obse,cracker_scene1,70,old
1183,5.28897762298584,0.2900101270835286,obse,cracker_scene1,70,old
1184,5.293313503265381,0.2900101270835286,obse,cracker_scene1,70,old
1185,5.297887086868286,0.2898580493716368,obse,cracker_scene1,70,old
1186,5.302096128463745,0.2900630114931231,obse,cracker_scene1,70,old
1187,5.30659556388855,0.290035475571221,obse,cracker_scene1,70,old
1188,5.310775518417358,0.2900449197696106,obse,cracker_scene1,70,old
1189,5.315570831298828,0.29003741542810757,obse,cracker_scene1,70,old
1190,5.319668769836426,0.2900298101630508,obse,cracker_scene1,70,old
1191,5.324141979217529,0.29000281912828424,obse,cracker_scene1,70,old
1192,5.328425884246826,0.29002900619447053,obse,cracker_scene1,70,old
1193,5.332763433456421,0.29002900619447053,obse,cracker_scene1,70,old
1194,5.336983919143677,0.29004933132379873,obse,cracker_scene1,70,old
1195,5.341256380081177,0.29004933132379873,obse,cracker_scene1,70,old
1196,5.345553159713745,0.2900663627474033,obse,cracker_scene1,70,old
1197,5.3498005867004395,0.2900663627474033,obse,cracker_scene1,70,old
1198,5.354247093200684,0.29007561749021005,obse,cracker_scene1,70,old
1199,5.358659029006958,0.29007561749021005,obse,cracker_scene1,70,old
1200,5.36310601234436,0.2898967070075608,obse,cracker_scene1,70,old
1201,5.367254972457886,0.2898967070075608,obse,cracker_scene1,70,old
1202,5.3718178272247314,0.29006592257899994,obse,cracker_scene1,70,old
1203,5.375788688659668,0.29006592257899994,obse,cracker_scene1,70,old
1204,5.380352973937988,0.2901205619316444,obse,cracker_scene1,70,old
1205,5.3844313621521,0.2901205619316444,obse,cracker_scene1,70,old
1206,5.389052867889404,0.29016112796365945,obse,cracker_scene1,70,old
1207,5.393740892410278,0.29016112796365945,obse,cracker_scene1,70,old
1208,5.397874116897583,0.28994256429861887,obse,cracker_scene1,70,old
1209,5.401959419250488,0.28994256429861887,obse,cracker_scene1,70,old
1210,5.406107425689697,0.28993461976018486,obse,cracker_scene1,70,old
1211,5.410138130187988,0.28993461976018486,obse,cracker_scene1,70,old
1212,5.4143078327178955,0.28995683772229686,obse,cracker_scene1,70,old
1213,5.418323755264282,0.28995683772229686,obse,cracker_scene1,70,old
1214,5.422525405883789,0.28993680645799186,obse,cracker_scene1,70,old
1215,5.426619291305542,0.28993680645799186,obse,cracker_scene1,70,old
1216,5.431380271911621,0.2899393964989778,obse,cracker_scene1,70,old
1217,5.4356489181518555,0.2901196303614668,obse,cracker_scene1,70,old
1218,5.440219402313232,0.2901196303614668,obse,cracker_scene1,70,old
1219,5.444384574890137,0.2901171880589744,obse,cracker_scene1,70,old
1220,5.4488959312438965,0.2901171880589744,obse,cracker_scene1,70,old
1221,5.452902555465698,0.2901171880589744,obse,cracker_scene1,70,old
1222,5.457041501998901,0.2901171880589744,obse,cracker_scene1,70,old
1223,5.461773872375488,0.29016414327101986,obse,cracker_scene1,70,old
1224,5.466522216796875,0.2900010616260204,obse,cracker_scene1,70,old
1225,5.472939491271973,0.2902490718662239,obse,cracker_scene1,70,old
1226,5.478688716888428,0.2902490718662239,obse,cracker_scene1,70,old
1227,5.482830286026001,0.2902490718662239,obse,cracker_scene1,70,old
1228,5.487107276916504,0.29026449317024344,obse,cracker_scene1,70,old
1229,5.492049217224121,0.2902634126479461,obse,cracker_scene1,70,old
1230,5.498742341995239,0.29010602799788465,obse,cracker_scene1,70,old
1231,5.503138065338135,0.29010602799788465,obse,cracker_scene1,70,old
1232,5.507907390594482,0.29032704722264446,obse,cracker_scene1,70,old
1233,5.512866973876953,0.29032704722264446,obse,cracker_scene1,70,old
1234,5.5176661014556885,0.2903176400952847,obse,cracker_scene1,70,old
1235,5.522836208343506,0.2903176400952847,obse,cracker_scene1,70,old
1236,5.527831315994263,0.29032774021995894,obse,cracker_scene1,70,old
1237,5.5326924324035645,0.29032774021995894,obse,cracker_scene1,70,old
1238,5.537567853927612,0.2903412853987762,obse,cracker_scene1,70,old
1239,5.54248833656311,0.2903412853987762,obse,cracker_scene1,70,old
1240,5.547291994094849,0.29036772408924727,obse,cracker_scene1,70,old
1241,5.552132844924927,0.29036772408924727,obse,cracker_scene1,70,old
1242,5.557093143463135,0.29036596749871807,obse,cracker_scene1,70,old
1243,5.561248064041138,0.29036596749871807,obse,cracker_scene1,70,old
1244,5.565624475479126,0.29038369748867543,obse,cracker_scene1,70,old
1245,5.5697712898254395,0.29038369748867543,obse,cracker_scene1,70,old
1246,5.574354887008667,0.29039653973697793,obse,cracker_scene1,70,old
1247,5.578567028045654,0.29039653973697793,obse,cracker_scene1,70,old
1248,5.582939863204956,0.29041470076618353,obse,cracker_scene1,70,old
1249,5.5871336460113525,0.29041470076618353,obse,cracker_scene1,70,old
1250,5.591642141342163,0.29041470076618353,obse,cracker_scene1,70,old
1251,5.595906019210815,0.2904178632410949,obse,cracker_scene1,70,old
1252,5.6003358364105225,0.2902342599416426,obse,cracker_scene1,70,old
1253,5.604710340499878,0.2902342599416426,obse,cracker_scene1,70,old
1254,5.608752012252808,0.2902342599416426,obse,cracker_scene1,70,old
1255,5.613169431686401,0.290476741113023,obse,cracker_scene1,70,old
1256,5.617769241333008,0.29049315898890926,obse,cracker_scene1,70,old
1257,5.622465372085571,0.2905045858354697,obse,cracker_scene1,70,old
1258,5.62735390663147,0.2905117811018153,obse,cracker_scene1,70,old
1259,5.632153749465942,0.2905264512882429,obse,cracker_scene1,70,old
1260,5.637119770050049,0.29054421267546204,obse,cracker_scene1,70,old
1261,5.6415019035339355,0.29054421267546204,obse,cracker_scene1,70,old
1262,5.645911455154419,0.2905439996820283,obse,cracker_scene1,70,old
1263,5.65005087852478,0.2905439996820283,obse,cracker_scene1,70,old
1264,5.654503107070923,0.2905377899722064,obse,cracker_scene1,70,old
1265,5.659062385559082,0.29056848323606405,obse,cracker_scene1,70,old
1266,5.663485050201416,0.2905543896232546,obse,cracker_scene1,70,old
1267,5.667830228805542,0.2905543896232546,obse,cracker_scene1,70,old
1268,5.672365188598633,0.2903255428931265,obse,cracker_scene1,70,old
1269,5.676580190658569,0.2903255428931265,obse,cracker_scene1,70,old
1270,5.681056261062622,0.29053202615248513,obse,cracker_scene1,70,old
1271,5.685326099395752,0.29032198980219337,obse,cracker_scene1,70,old
1272,5.689804315567017,0.2903287988390626,obse,cracker_scene1,70,old
1273,5.694216012954712,0.2903610607794146,obse,cracker_scene1,70,old
1274,5.698689222335815,0.29058635767063495,obse,cracker_scene1,70,old
1275,5.7029290199279785,0.29058377664073,obse,cracker_scene1,70,old
1276,5.707359313964844,0.2906342725755637,obse,cracker_scene1,70,old
1277,5.711708307266235,0.290409924324288,obse,cracker_scene1,70,old
1278,5.715952396392822,0.290409924324288,obse,cracker_scene1,70,old
1279,5.720323324203491,0.29064305463587237,obse,cracker_scene1,70,old
1280,5.724676609039307,0.29064305463587237,obse,cracker_scene1,70,old
1281,5.729180812835693,0.29067375595429396,obse,cracker_scene1,70,old
1282,5.7333903312683105,0.29067375595429396,obse,cracker_scene1,70,old
1283,5.737780332565308,0.2904516960433357,obse,cracker_scene1,70,old
1284,5.7419445514678955,0.2904516960433357,obse,cracker_scene1,70,old
1285,5.7465291023254395,0.290717729585487,obse,cracker_scene1,70,old
1286,5.750816822052002,0.290717729585487,obse,cracker_scene1,70,old
1287,5.75524115562439,0.2904923522551994,obse,cracker_scene1,70,old
1288,5.759605646133423,0.2904923522551994,obse,cracker_scene1,70,old
1289,5.764236927032471,0.29072316000006815,obse,cracker_scene1,70,old
1290,5.768567800521851,0.2904991077969811,obse,cracker_scene1,70,old
1291,5.772921800613403,0.29050134852954473,obse,cracker_scene1,70,old
1292,5.777129173278809,0.29050134852954473,obse,cracker_scene1,70,old
1293,5.781522512435913,0.2907374852129742,obse,cracker_scene1,70,old
1294,5.785726070404053,0.2907502168962539,obse,cracker_scene1,70,old
1295,5.790900468826294,0.29076643858618734,obse,cracker_scene1,70,old
1296,5.795091152191162,0.29078831356543833,obse,cracker_scene1,70,old
1297,5.79905104637146,0.29078831356543833,obse,cracker_scene1,70,old
1298,5.803220987319946,0.2908008243814111,obse,cracker_scene1,70,old
1299,5.807215929031372,0.2908008243814111,obse,cracker_scene1,70,old
1300,5.81141471862793,0.2906054547844212,obse,cracker_scene1,70,old
1301,5.815420866012573,0.2906054547844212,obse,cracker_scene1,70,old
1302,5.8196046352386475,0.2908286651056631,obse,cracker_scene1,70,old
1303,5.82432746887207,0.2908706189746185,obse,cracker_scene1,70,old
1304,5.828554630279541,0.29064147507227356,obse,cracker_scene1,70,old
1305,5.83298134803772,0.290646840246272,obse,cracker_scene1,70,old
1306,5.83729887008667,0.2908815039532237,obse,cracker_scene1,70,old
1307,5.841382265090942,0.2908815039532237,obse,cracker_scene1,70,old
1308,5.8457701206207275,0.290866893640755,obse,cracker_scene1,70,old
1309,5.850005865097046,0.290866893640755,obse,cracker_scene1,70,old
1310,5.854423999786377,0.2908743122902771,obse,cracker_scene1,70,old
1311,5.8587024211883545,0.2908743122902771,obse,cracker_scene1,70,old
1312,5.8629655838012695,0.2909315697535664,obse,cracker_scene1,70,old
1313,5.867276191711426,0.2909315697535664,obse,cracker_scene1,70,old
1314,5.871838808059692,0.2907286288249419,obse,cracker_scene1,70,old
1315,5.876018762588501,0.2907286288249419,obse,cracker_scene1,70,old
1316,5.880563497543335,0.2909885685992591,obse,cracker_scene1,70,old
1317,5.8846800327301025,0.2909885685992591,obse,cracker_scene1,70,old
1318,5.889249801635742,0.29099101184037884,obse,cracker_scene1,70,old
1319,5.893572568893433,0.29099101184037884,obse,cracker_scene1,70,old
1320,5.898165464401245,0.2910125996838606,obse,cracker_scene1,70,old
1321,5.902592897415161,0.2910400348925305,obse,cracker_scene1,70,old
1322,5.907023668289185,0.29104285599412816,obse,cracker_scene1,70,old
1323,5.911214351654053,0.29103735279492104,obse,cracker_scene1,70,old
1324,5.915647268295288,0.29103735279492104,obse,cracker_scene1,70,old
1325,5.919865846633911,0.29103641691455584,obse,cracker_scene1,70,old
1326,5.924407482147217,0.2910357757354271,obse,cracker_scene1,70,old
1327,5.928828477859497,0.2910603881951447,obse,cracker_scene1,70,old
1328,5.933084011077881,0.2910603881951447,obse,cracker_scene1,70,old
1329,5.937400817871094,0.2910700603186598,obse,cracker_scene1,70,old
1330,5.941701889038086,0.2910700603186598,obse,cracker_scene1,70,old
1331,5.946173906326294,0.2910632995524428,obse,cracker_scene1,70,old
1332,5.950789213180542,0.2910632995524428,obse,cracker_scene1,70,old
1333,5.955293893814087,0.2910649832796771,obse,cracker_scene1,70,old
1334,5.959449291229248,0.2910649832796771,obse,cracker_scene1,70,old
1335,5.964208364486694,0.2910670734714296,obse,cracker_scene1,70,old
1336,5.9682776927948,0.2910670734714296,obse,cracker_scene1,70,old
1337,5.972838640213013,0.2910790224698731,obse,cracker_scene1,70,old
1338,5.9770214557647705,0.2910790224698731,obse,cracker_scene1,70,old
1339,5.981585741043091,0.2909002730878889,obse,cracker_scene1,70,old
1340,5.985782623291016,0.29115065122592215,obse,cracker_scene1,70,old
1341,5.990196466445923,0.29115065122592215,obse,cracker_scene1,70,old
1342,5.994460344314575,0.2911905040515013,obse,cracker_scene1,70,old
1343,5.999104738235474,0.29098233491418074,obse,cracker_scene1,70,old
1344,6.003387451171875,0.2911863863565911,obse,cracker_scene1,70,old
1345,6.00783371925354,0.2911863863565911,obse,cracker_scene1,70,old
1346,6.0123131275177,0.2912206563600084,obse,cracker_scene1,70,old
1347,6.016611337661743,0.2912206563600084,obse,cracker_scene1,70,old
1348,6.021095037460327,0.291250101257027,obse,cracker_scene1,70,old
1349,6.025762557983398,0.291250101257027,obse,cracker_scene1,70,old
1350,6.030080080032349,0.29127911874916423,obse,cracker_scene1,70,old
1351,6.034158229827881,0.29127911874916423,obse,cracker_scene1,70,old
1352,6.038447380065918,0.29129761642794894,obse,cracker_scene1,70,old
1353,6.042428731918335,0.29129761642794894,obse,cracker_scene1,70,old
1354,6.047125339508057,0.2910463957080534,obse,cracker_scene1,70,old
1355,6.051212310791016,0.2910463957080534,obse,cracker_scene1,70,old
1356,6.055920600891113,0.2910795725256856,obse,cracker_scene1,70,old
1357,6.060118675231934,0.2910795725256856,obse,cracker_scene1,70,old
1358,6.064804792404175,0.29135163592524943,obse,cracker_scene1,70,old
1359,6.06918740272522,0.2913384092541632,obse,cracker_scene1,70,old
1360,6.073774099349976,0.29136418023099697,obse,cracker_scene1,70,old
1361,6.0780930519104,0.29135365151666454,obse,cracker_scene1,70,old
1362,6.082825422286987,0.29135365151666454,obse,cracker_scene1,70,old
1363,6.087314128875732,0.29138341348753,obse,cracker_scene1,70,old
1364,6.0916759967803955,0.29138341348753,obse,cracker_scene1,70,old
1365,6.0961997509002686,0.2914101486743062,obse,cracker_scene1,70,old
1366,6.100725173950195,0.2914101486743062,obse,cracker_scene1,70,old
1367,6.105433225631714,0.2914308332462355,obse,cracker_scene1,70,old
1368,6.109947204589844,0.2914308332462355,obse,cracker_scene1,70,old
1369,6.1146886348724365,0.29146684637189474,obse,cracker_scene1,70,old
1370,6.119137287139893,0.2912336906662973,obse,cracker_scene1,70,old
1371,6.123678684234619,0.2912336906662973,obse,cracker_scene1,70,old
1372,6.127897024154663,0.291477478598265,obse,cracker_scene1,70,old
1373,6.1322104930877686,0.29148560973351084,obse,cracker_scene1,70,old
1374,6.136814832687378,0.2914828363760113,obse,cracker_scene1,70,old
1375,6.141392707824707,0.2914964192610414,obse,cracker_scene1,70,old
1376,6.145802974700928,0.29152553301678596,obse,cracker_scene1,70,old
1377,6.150092840194702,0.29152553301678596,obse,cracker_scene1,70,old
1378,6.154452562332153,0.29152553301678596,obse,cracker_scene1,70,old
1379,6.159348011016846,0.291309434363192,obse,cracker_scene1,70,old
1380,6.164490461349487,0.2915925401113486,obse,cracker_scene1,70,old
1381,6.169440746307373,0.2915984095686121,obse,cracker_scene1,70,old
1382,6.173826456069946,0.2915984095686121,obse,cracker_scene1,70,old
1383,6.178524017333984,0.2913938630882135,obse,cracker_scene1,70,old
1384,6.183424949645996,0.2913938630882135,obse,cracker_scene1,70,old
1385,6.1884284019470215,0.2916245784846248,obse,cracker_scene1,70,old
1386,6.192885398864746,0.2916245784846248,obse,cracker_scene1,70,old
1387,6.197951555252075,0.29140600369420505,obse,cracker_scene1,70,old
1388,6.202831983566284,0.29160929057123786,obse,cracker_scene1,70,old
1389,6.207792520523071,0.29160929057123786,obse,cracker_scene1,70,old
1390,6.212583541870117,0.2916302843650983,obse,cracker_scene1,70,old
1391,6.217143535614014,0.2916302843650983,obse,cracker_scene1,70,old
1392,6.222043514251709,0.2916486535257696,obse,cracker_scene1,70,old
1393,6.2264368534088135,0.2916486535257696,obse,cracker_scene1,70,old
1394,6.231101751327515,0.2916896422408336,obse,cracker_scene1,70,old
1395,6.235156059265137,0.2916896422408336,obse,cracker_scene1,70,old
1396,6.239736557006836,0.2917243712637322,obse,cracker_scene1,70,old
1397,6.2438414096832275,0.2917114476103586,obse,cracker_scene1,70,old
1398,6.248464345932007,0.2914836918979758,obse,cracker_scene1,70,old
1399,6.252814054489136,0.29171514637176177,obse,cracker_scene1,70,old
1400,6.257055997848511,0.29171514637176177,obse,cracker_scene1,70,old
1401,6.261332988739014,0.29171514637176177,obse,cracker_scene1,70,old
1402,6.2655110359191895,0.2917175521320736,obse,cracker_scene1,70,old
1403,6.269585847854614,0.29177866823908594,obse,cracker_scene1,70,old
1404,6.273662328720093,0.29177866823908594,obse,cracker_scene1,70,old
1405,6.278354644775391,0.29154756050647507,obse,cracker_scene1,70,old
1406,6.2825963497161865,0.29154756050647507,obse,cracker_scene1,70,old
1407,6.286928415298462,0.29158920733842747,obse,cracker_scene1,70,old
1408,6.291430234909058,0.29158920733842747,obse,cracker_scene1,70,old
1409,6.29571270942688,0.29162680541472596,obse,cracker_scene1,70,old
1410,6.300194501876831,0.29162680541472596,obse,cracker_scene1,70,old
1411,6.304456472396851,0.29162680541472596,obse,cracker_scene1,70,old
1412,6.309101819992065,0.2919052852553516,obse,cracker_scene1,70,old
1413,6.313430070877075,0.29190256675013265,obse,cracker_scene1,70,old
1414,6.317591428756714,0.29190256675013265,obse,cracker_scene1,70,old
1415,6.321897029876709,0.29190256675013265,obse,cracker_scene1,70,old
1416,6.327666759490967,0.2916894103557116,obse,cracker_scene1,70,old
1417,6.332133769989014,0.2919679678029784,obse,cracker_scene1,70,old
1418,6.336443185806274,0.2919679678029784,obse,cracker_scene1,70,old
1419,6.3407933712005615,0.2919679678029784,obse,cracker_scene1,70,old
1420,6.345066785812378,0.2917436831954954,obse,cracker_scene1,70,old
1421,6.349461078643799,0.2917436831954954,obse,cracker_scene1,70,old
1422,6.353705167770386,0.29203294581912737,obse,cracker_scene1,70,old
1423,6.358086585998535,0.29203294581912737,obse,cracker_scene1,70,old
1424,6.3624348640441895,0.29203294581912737,obse,cracker_scene1,70,old
1425,6.3666980266571045,0.2920437951555244,obse,cracker_scene1,70,old
1426,6.371065378189087,0.2920437951555244,obse,cracker_scene1,70,old
1427,6.37514853477478,0.2920437951555244,obse,cracker_scene1,70,old
1428,6.3795576095581055,0.2920288130109223,obse,cracker_scene1,70,old
1429,6.383801221847534,0.2920460156126699,obse,cracker_scene1,70,old
1430,6.388309001922607,0.2918038902465671,obse,cracker_scene1,70,old
1431,6.392373085021973,0.2918038902465671,obse,cracker_scene1,70,old
1432,6.39727783203125,0.29183625949697073,obse,cracker_scene1,70,old
1433,6.402122497558594,0.29183625949697073,obse,cracker_scene1,70,old
1434,6.40710711479187,0.29214674645089783,obse,cracker_scene1,70,old
1435,6.41181755065918,0.29214674645089783,obse,cracker_scene1,70,old
1436,6.416923999786377,0.292149252998284,obse,cracker_scene1,70,old
1437,6.422065734863281,0.2918916929716553,obse,cracker_scene1,70,old
1438,6.427326202392578,0.2922238562669147,obse,cracker_scene1,70,old
1439,6.432352781295776,0.29227865093696725,obse,cracker_scene1,70,old
1440,6.437495231628418,0.2920468211827308,obse,cracker_scene1,70,old
1441,6.442865371704102,0.29230618298339234,obse,cracker_scene1,70,old
1442,6.447927951812744,0.2923551049064238,obse,cracker_scene1,70,old
1443,6.452513217926025,0.2923551049064238,obse,cracker_scene1,70,old
1444,6.457485914230347,0.29236318305762043,obse,cracker_scene1,70,old
1445,6.46260142326355,0.2924028537504779,obse,cracker_scene1,70,old
1446,6.467422246932983,0.2924028537504779,obse,cracker_scene1,70,old
1447,6.4723124504089355,0.2924314528230476,obse,cracker_scene1,70,old
1448,6.477004289627075,0.2924314528230476,obse,cracker_scene1,70,old
1449,6.481874227523804,0.29243189193871033,obse,cracker_scene1,70,old
1450,6.486734390258789,0.292205629528499,obse,cracker_scene1,70,old
1451,6.4917590618133545,0.292205629528499,obse,cracker_scene1,70,old
1452,6.496538400650024,0.292464255125493,obse,cracker_scene1,70,old
1453,6.501420736312866,0.292464255125493,obse,cracker_scene1,70,old
1454,6.506366491317749,0.29249835150577536,obse,cracker_scene1,70,old
1455,6.511154651641846,0.2925560024816318,obse,cracker_scene1,70,old
1456,6.516139268875122,0.2925573783405147,obse,cracker_scene1,70,old
1457,6.521091461181641,0.29259716778655764,obse,cracker_scene1,70,old
1458,6.526139736175537,0.29259716778655764,obse,cracker_scene1,70,old
1459,6.531127452850342,0.2926397200727489,obse,cracker_scene1,70,old
1460,6.535972595214844,0.29268168345509726,obse,cracker_scene1,70,old
1461,6.54095983505249,0.29268168345509726,obse,cracker_scene1,70,old
1462,6.545638799667358,0.29267358349383593,obse,cracker_scene1,70,old
1463,6.550436973571777,0.29267358349383593,obse,cracker_scene1,70,old
1464,6.555495023727417,0.2926884096016013,obse,cracker_scene1,70,old
1465,6.560291767120361,0.2926884096016013,obse,cracker_scene1,70,old
1466,6.565276622772217,0.29269383606781946,obse,cracker_scene1,70,old
1467,6.570432186126709,0.29270109203476075,obse,cracker_scene1,70,old
1468,6.575082540512085,0.29270109203476075,obse,cracker_scene1,70,old
1469,6.579442262649536,0.29278209953204576,obse,cracker_scene1,70,old
1470,6.583557605743408,0.29278209953204576,obse,cracker_scene1,70,old
1471,6.587955951690674,0.292840230809879,obse,cracker_scene1,70,old
1472,6.59215784072876,0.292840230809879,obse,cracker_scene1,70,old
1473,6.596479177474976,0.29288148679449966,obse,cracker_scene1,70,old
1474,6.601079702377319,0.29288148679449966,obse,cracker_scene1,70,old
1475,6.605440616607666,0.2928950674256108,obse,cracker_scene1,70,old
1476,6.609433889389038,0.2928950674256108,obse,cracker_scene1,70,old
1477,6.6138434410095215,0.2927317331727038,obse,cracker_scene1,70,old
1478,6.618059873580933,0.2927317331727038,obse,cracker_scene1,70,old
1479,6.622550010681152,0.29298646678189716,obse,cracker_scene1,70,old
1480,6.626544713973999,0.29298646678189716,obse,cracker_scene1,70,old
1481,6.630969047546387,0.2930394775043008,obse,cracker_scene1,70,old
1482,6.634952068328857,0.2930394775043008,obse,cracker_scene1,70,old
1483,6.639341592788696,0.29307394093407335,obse,cracker_scene1,70,old
1484,6.643399715423584,0.29307394093407335,obse,cracker_scene1,70,old
1485,6.6478166580200195,0.29310645852543665,obse,cracker_scene1,70,old
1486,6.651975154876709,0.2931100800461405,obse,cracker_scene1,70,old
1487,6.6562135219573975,0.2931493344259681,obse,cracker_scene1,70,old
1488,6.660527467727661,0.2931493344259681,obse,cracker_scene1,70,old
1489,6.664715528488159,0.29313982129860366,obse,cracker_scene1,70,old
1490,6.668935060501099,0.29313982129860366,obse,cracker_scene1,70,old
1491,6.6731226444244385,0.293199825468071,obse,cracker_scene1,70,old
1492,6.67735743522644,0.293199825468071,obse,cracker_scene1,70,old
1493,6.681684255599976,0.2929662316097717,obse,cracker_scene1,70,old
1494,6.685887575149536,0.2929662316097717,obse,cracker_scene1,70,old
1495,6.690444469451904,0.2933025627134562,obse,cracker_scene1,70,old
1496,6.694416284561157,0.2933025627134562,obse,cracker_scene1,70,old
1497,6.6985039710998535,0.2933025627134562,obse,cracker_scene1,70,old
1498,6.702592849731445,0.2933365171437406,obse,cracker_scene1,70,old
1499,6.706596374511719,0.2933365171437406,obse,cracker_scene1,70,old
1500,6.710739612579346,0.2931168272198637,obse,cracker_scene1,70,old
1501,6.715198755264282,0.29338984337269874,obse,cracker_scene1,70,old
1502,6.7195820808410645,0.29345704934834116,obse,cracker_scene1,70,old
1503,6.7238733768463135,0.2934925896517962,obse,cracker_scene1,70,old
1504,6.727879285812378,0.2934925896517962,obse,cracker_scene1,70,old
1505,6.73223614692688,0.29347959690570113,obse,cracker_scene1,70,old
1506,6.736403703689575,0.29347838233321394,obse,cracker_scene1,70,old
1507,6.740817308425903,0.29351139191047604,obse,cracker_scene1,70,old
1508,6.744861841201782,0.2935055564336262,obse,cracker_scene1,70,old
1509,6.7492451667785645,0.29356686672506666,obse,cracker_scene1,70,old
1510,6.7537360191345215,0.29356686672506666,obse,cracker_scene1,70,old
1511,6.758094549179077,0.29356686672506666,obse,cracker_scene1,70,old
1512,6.762367010116577,0.2933408525360011,obse,cracker_scene1,70,old
1513,6.7666871547698975,0.2933408525360011,obse,cracker_scene1,70,old
1514,6.77096152305603,0.2936359512197059,obse,cracker_scene1,70,old
1515,6.775153160095215,0.2936359512197059,obse,cracker_scene1,70,old
1516,6.779458045959473,0.29373384371710165,obse,cracker_scene1,70,old
1517,6.783774137496948,0.29373384371710165,obse,cracker_scene1,70,old
1518,6.788163185119629,0.2937275975787471,obse,cracker_scene1,70,old
1519,6.7924675941467285,0.2937275975787471,obse,cracker_scene1,70,old
1520,6.796785116195679,0.2937523741069349,obse,cracker_scene1,70,old
1521,6.800838232040405,0.2937523741069349,obse,cracker_scene1,70,old
1522,6.8053343296051025,0.2938058543237005,obse,cracker_scene1,70,old
1523,6.80950140953064,0.2938058543237005,obse,cracker_scene1,70,old
1524,6.813641309738159,0.2938058543237005,obse,cracker_scene1,70,old
1525,6.8182408809661865,0.2938466551649426,obse,cracker_scene1,70,old
1526,6.824020147323608,0.29390509988532676,obse,cracker_scene1,70,old
1527,6.829395771026611,0.2940195619130017,obse,cracker_scene1,70,old
1528,6.834262371063232,0.2940093719826528,obse,cracker_scene1,70,old
1529,6.838943958282471,0.2940190947716058,obse,cracker_scene1,70,old
1530,6.843102693557739,0.2940190947716058,obse,cracker_scene1,70,old
1531,6.848499059677124,0.29378268536564256,obse,cracker_scene1,70,old
1532,6.853017091751099,0.2940439619696683,obse,cracker_scene1,70,old
1533,6.858452796936035,0.2940439619696683,obse,cracker_scene1,70,old
1534,6.863201856613159,0.2937935000799265,obse,cracker_scene1,70,old
1535,6.867333889007568,0.2937935000799265,obse,cracker_scene1,70,old
1536,6.87188458442688,0.2938662411771514,obse,cracker_scene1,70,old
1537,6.876291990280151,0.2938662411771514,obse,cracker_scene1,70,old
1538,6.8809003829956055,0.2941613778935521,obse,cracker_scene1,70,old
1539,6.885232925415039,0.2941538676317599,obse,cracker_scene1,70,old
1540,6.889855623245239,0.2942315135011781,obse,cracker_scene1,70,old
1541,6.8943095207214355,0.2940269475479551,obse,cracker_scene1,70,old
1542,6.898628234863281,0.2940269475479551,obse,cracker_scene1,70,old
1543,6.9029200077056885,0.2943062562051661,obse,cracker_scene1,70,old
1544,6.90705132484436,0.2943062562051661,obse,cracker_scene1,70,old
1545,6.911702394485474,0.29431909658444777,obse,cracker_scene1,70,old
1546,6.9180169105529785,0.2943461117863095,obse,cracker_scene1,70,old
1547,6.924117803573608,0.29436279288320083,obse,cracker_scene1,70,old
1548,6.928408622741699,0.29440216294557653,obse,cracker_scene1,70,old
1549,6.934771537780762,0.29440216294557653,obse,cracker_scene1,70,old
1550,6.939837217330933,0.2944074278646425,obse,cracker_scene1,70,old
1551,6.944225311279297,0.294464035757541,obse,cracker_scene1,70,old
1552,6.948633432388306,0.294464035757541,obse,cracker_scene1,70,old
1553,6.953058958053589,0.29452990375667265,obse,cracker_scene1,70,old
1554,6.957509756088257,0.29452990375667265,obse,cracker_scene1,70,old
1555,6.962082147598267,0.2942575895071277,obse,cracker_scene1,70,old
1556,6.96635627746582,0.2942575895071277,obse,cracker_scene1,70,old
1557,6.970870018005371,0.29458059425877503,obse,cracker_scene1,70,old
1558,6.975052356719971,0.29458059425877503,obse,cracker_scene1,70,old
1559,6.979467868804932,0.2945945912641155,obse,cracker_scene1,70,old
1560,6.9837915897369385,0.2945945912641155,obse,cracker_scene1,70,old
1561,6.988262414932251,0.2946555791860396,obse,cracker_scene1,70,old
1562,6.9925501346588135,0.2946555791860396,obse,cracker_scene1,70,old
1563,6.996995449066162,0.2946554046836844,obse,cracker_scene1,70,old
1564,7.001351833343506,0.2946554046836844,obse,cracker_scene1,70,old
1565,7.005863428115845,0.2947050080670673,obse,cracker_scene1,70,old
1566,7.010296821594238,0.2946935846417732,obse,cracker_scene1,70,old
1567,7.0146400928497314,0.2947249292675716,obse,cracker_scene1,70,old
1568,7.018965005874634,0.2947449847824522,obse,cracker_scene1,70,old
1569,7.0234761238098145,0.2947449847824522,obse,cracker_scene1,70,old
1570,7.027939319610596,0.2947551626394576,obse,cracker_scene1,70,old
1571,7.032318353652954,0.2947551626394576,obse,cracker_scene1,70,old
1572,7.036612510681152,0.29477679961269326,obse,cracker_scene1,70,old
1573,7.0409581661224365,0.29477679961269326,obse,cracker_scene1,70,old
1574,7.046123027801514,0.29479835392886194,obse,cracker_scene1,70,old
1575,7.050501346588135,0.29479835392886194,obse,cracker_scene1,70,old
1576,7.055365324020386,0.2948412563259928,obse,cracker_scene1,70,old
1577,7.059418678283691,0.2948412563259928,obse,cracker_scene1,70,old
1578,7.063872337341309,0.29485227750473,obse,cracker_scene1,70,old
1579,7.068192481994629,0.29485227750473,obse,cracker_scene1,70,old
1580,7.0728232860565186,0.2948957624533328,obse,cracker_scene1,70,old
1581,7.0772764682769775,0.2948957624533328,obse,cracker_scene1,70,old
1582,7.082010507583618,0.29492115270164804,obse,cracker_scene1,70,old
1583,7.08627986907959,0.29490765772059413,obse,cracker_scene1,70,old
1584,7.090614080429077,0.2949225236260106,obse,cracker_scene1,70,old
1585,7.09526252746582,0.2949457083923841,obse,cracker_scene1,70,old
1586,7.099545478820801,0.2949457083923841,obse,cracker_scene1,70,old
1587,7.10394024848938,0.2949692540563178,obse,cracker_scene1,70,old
1588,7.108190536499023,0.2949692540563178,obse,cracker_scene1,70,old
1589,7.112601280212402,0.29466280275484175,obse,cracker_scene1,70,old
1590,7.1167237758636475,0.29466280275484175,obse,cracker_scene1,70,old
1591,7.121103763580322,0.29498653053591667,obse,cracker_scene1,70,old
1592,7.125659942626953,0.29498653053591667,obse,cracker_scene1,70,old
1593,7.130203485488892,0.2949770621084187,obse,cracker_scene1,70,old
1594,7.134608745574951,0.2949770621084187,obse,cracker_scene1,70,old
1595,7.139162302017212,0.29497516188166223,obse,cracker_scene1,70,old
1596,7.143400192260742,0.29497516188166223,obse,cracker_scene1,70,old
1597,7.14786696434021,0.2950092658309261,obse,cracker_scene1,70,old
1598,7.152147054672241,0.2949928091422118,obse,cracker_scene1,70,old
1599,7.156848192214966,0.29500877590044633,obse,cracker_scene1,70,old
1600,7.161205530166626,0.2950114456678184,obse,cracker_scene1,70,old
1601,7.165809631347656,0.2950114456678184,obse,cracker_scene1,70,old
1602,7.170095443725586,0.2947938205094803,obse,cracker_scene1,70,old
1603,7.17446231842041,0.2947938205094803,obse,cracker_scene1,70,old
1604,7.178798675537109,0.29480700960920153,obse,cracker_scene1,70,old
1605,7.183263778686523,0.2948174916086633,obse,cracker_scene1,70,old
1606,7.187715530395508,0.29481050466453845,obse,cracker_scene1,70,old
1607,7.192175626754761,0.29481050466453845,obse,cracker_scene1,70,old
1608,7.196814775466919,0.2950741880056016,obse,cracker_scene1,70,old
1609,7.2010345458984375,0.2950741880056016,obse,cracker_scene1,70,old
1610,7.205420017242432,0.2950948682460351,obse,cracker_scene1,70,old
1611,7.209816217422485,0.2950948682460351,obse,cracker_scene1,70,old
1612,7.214328289031982,0.29483948853254566,obse,cracker_scene1,70,old
1613,7.218581914901733,0.29483948853254566,obse,cracker_scene1,70,old
1614,7.223347425460815,0.2950816808795075,obse,cracker_scene1,70,old
1615,7.228156089782715,0.29476993839953114,obse,cracker_scene1,70,old
1616,7.232747793197632,0.2947747972105031,obse,cracker_scene1,70,old
1617,7.237112522125244,0.295123098642614,obse,cracker_scene1,70,old
1618,7.241495370864868,0.295123098642614,obse,cracker_scene1,70,old
1619,7.2458271980285645,0.29512401983815195,obse,cracker_scene1,70,old
1620,7.2503087520599365,0.29512401983815195,obse,cracker_scene1,70,old
1621,7.254582166671753,0.2951311597192611,obse,cracker_scene1,70,old
1622,7.259114027023315,0.2951311597192611,obse,cracker_scene1,70,old
1623,7.263822078704834,0.294815661642455,obse,cracker_scene1,70,old
1624,7.267943859100342,0.294815661642455,obse,cracker_scene1,70,old
1625,7.272666931152344,0.29514091574514406,obse,cracker_scene1,70,old
1626,7.2768394947052,0.29514091574514406,obse,cracker_scene1,70,old
1627,7.281419277191162,0.2951158436642572,obse,cracker_scene1,70,old
1628,7.285943269729614,0.29511946950061657,obse,cracker_scene1,70,old
1629,7.290630340576172,0.29511946950061657,obse,cracker_scene1,70,old
1630,7.2952330112457275,0.2951134569383208,obse,cracker_scene1,70,old
1631,7.299916982650757,0.2951134569383208,obse,cracker_scene1,70,old
1632,7.30452299118042,0.29485746832695636,obse,cracker_scene1,70,old
1633,7.308744192123413,0.29485746832695636,obse,cracker_scene1,70,old
1634,7.3133225440979,0.2951211845264273,obse,cracker_scene1,70,old
1635,7.317523002624512,0.2951211845264273,obse,cracker_scene1,70,old
1636,7.3221046924591064,0.29511553387680106,obse,cracker_scene1,70,old
1637,7.3267693519592285,0.29511553387680106,obse,cracker_scene1,70,old
1638,7.3314197063446045,0.29481893212453725,obse,cracker_scene1,70,old
1639,7.335741996765137,0.2951056717347202,obse,cracker_scene1,70,old
1640,7.340367078781128,0.2951056717347202,obse,cracker_scene1,70,old
1641,7.344602108001709,0.29511252391281795,obse,cracker_scene1,70,old
1642,7.349140167236328,0.29511252391281795,obse,cracker_scene1,70,old
1643,7.353668928146362,0.2951144003572524,obse,cracker_scene1,70,old
1644,7.358088731765747,0.2951144003572524,obse,cracker_scene1,70,old
1645,7.3624444007873535,0.29510667845181915,obse,cracker_scene1,70,old
1646,7.3665690422058105,0.29510667845181915,obse,cracker_scene1,70,old
1647,7.370974779129028,0.2951151613291333,obse,cracker_scene1,70,old
1648,7.375243663787842,0.2951151613291333,obse,cracker_scene1,70,old
1649,7.379690647125244,0.2950948000351274,obse,cracker_scene1,70,old
1650,7.383849859237671,0.2950948000351274,obse,cracker_scene1,70,old
1651,7.3883373737335205,0.2951051394215886,obse,cracker_scene1,70,old
1652,7.392688512802124,0.2951051394215886,obse,cracker_scene1,70,old
1653,7.397123575210571,0.2948524677743474,obse,cracker_scene1,70,old
1654,7.401609659194946,0.2948524677743474,obse,cracker_scene1,70,old
1655,7.406013011932373,0.2951191709490073,obse,cracker_scene1,70,old
1656,7.410202741622925,0.2951191709490073,obse,cracker_scene1,70,old
1657,7.41517186164856,0.2951117450313854,obse,cracker_scene1,70,old
1658,7.41959810256958,0.2951118050676409,obse,cracker_scene1,70,old
1659,7.424586772918701,0.2951118050676409,obse,cracker_scene1,70,old
1660,7.429734468460083,0.2951112789255237,obse,cracker_scene1,70,old
1661,7.434562921524048,0.2951112789255237,obse,cracker_scene1,70,old
1662,7.439549207687378,0.2951248996977568,obse,cracker_scene1,70,old
1663,7.444460153579712,0.294809911258893,obse,cracker_scene1,70,old
1664,7.4495062828063965,0.29481715013310567,obse,cracker_scene1,70,old
1665,7.4544737339019775,0.29511314149897094,obse,cracker_scene1,70,old
1666,7.459291219711304,0.29511314149897094,obse,cracker_scene1,70,old
1667,7.464294672012329,0.2951138059759057,obse,cracker_scene1,70,old
1668,7.469088315963745,0.2951138059759057,obse,cracker_scene1,70,old
1669,7.474202871322632,0.29512649044857037,obse,cracker_scene1,70,old
1670,7.479021310806274,0.29512649044857037,obse,cracker_scene1,70,old
1671,7.483933687210083,0.2951247746363628,obse,cracker_scene1,70,old
1672,7.489030838012695,0.2951006021014671,obse,cracker_scene1,70,old
1673,7.494108438491821,0.2951006021014671,obse,cracker_scene1,70,old
1674,7.498892545700073,0.2951051655677988,obse,cracker_scene1,70,old
1675,7.503626823425293,0.2951051655677988,obse,cracker_scene1,70,old
1676,7.508591175079346,0.2951180857450623,obse,cracker_scene1,70,old
1677,7.513446092605591,0.29512139148488586,obse,cracker_scene1,70,old
1678,7.518229961395264,0.2951246514572333,obse,cracker_scene1,70,old
1679,7.5233378410339355,0.2951071684641933,obse,cracker_scene1,70,old
1680,7.5276501178741455,0.29482593771862037,obse,cracker_scene1,70,old
1681,7.532108545303345,0.29482593771862037,obse,cracker_scene1,70,old
1682,7.536280870437622,0.29482593771862037,obse,cracker_scene1,70,old
1683,7.541350841522217,0.294821616101759,obse,cracker_scene1,70,old
1684,7.5456414222717285,0.2948191932752184,obse,cracker_scene1,70,old
1685,7.550183534622192,0.2951097208092092,obse,cracker_scene1,70,old
1686,7.554436206817627,0.29510878530182627,obse,cracker_scene1,70,old
1687,7.558636426925659,0.29510878530182627,obse,cracker_scene1,70,old
1688,7.562918663024902,0.2951134960942718,obse,cracker_scene1,70,old
1689,7.567269325256348,0.29512171829499423,obse,cracker_scene1,70,old
1690,7.571689605712891,0.2948612577213212,obse,cracker_scene1,70,old
1691,7.575851678848267,0.2948612577213212,obse,cracker_scene1,70,old
1692,7.58055853843689,0.29511054828052097,obse,cracker_scene1,70,old
1693,7.5847086906433105,0.29511054828052097,obse,cracker_scene1,70,old
1694,7.589245796203613,0.2951211872023105,obse,cracker_scene1,70,old
1695,7.593740701675415,0.2951211872023105,obse,cracker_scene1,70,old
1696,7.5983593463897705,0.29511071459035254,obse,cracker_scene1,70,old
1697,7.602907657623291,0.29511071459035254,obse,cracker_scene1,70,old
1698,7.607215166091919,0.29512304478508994,obse,cracker_scene1,70,old
1699,7.611734867095947,0.29512304478508994,obse,cracker_scene1,70,old
1700,7.616380929946899,0.29510723177695825,obse,cracker_scene1,70,old
1701,7.62129282951355,0.295117649876953,obse,cracker_scene1,70,old
1702,7.625927209854126,0.2951190203303784,obse,cracker_scene1,70,old
1703,7.630321741104126,0.29514583419259793,obse,cracker_scene1,70,old
1704,7.634577035903931,0.29514583419259793,obse,cracker_scene1,70,old
1705,7.6389665603637695,0.29515520556293495,obse,cracker_scene1,70,old
1706,7.643193244934082,0.29515520556293495,obse,cracker_scene1,70,old
1707,7.647547006607056,0.29516016771809955,obse,cracker_scene1,70,old
1708,7.6518776416778564,0.29515828450033843,obse,cracker_scene1,70,old
1709,7.656241416931152,0.29515828450033843,obse,cracker_scene1,70,old
1710,7.6605165004730225,0.29515828450033843,obse,cracker_scene1,70,old
1711,7.664969444274902,0.29518243876703915,obse,cracker_scene1,70,old
1712,7.669161796569824,0.2951894185653979,obse,cracker_scene1,70,old
1713,7.673602342605591,0.2952058608276288,obse,cracker_scene1,70,old
1714,7.677908658981323,0.29521074265895225,obse,cracker_scene1,70,old
1715,7.682239055633545,0.29521074265895225,obse,cracker_scene1,70,old
1716,7.686652660369873,0.2949537145899202,obse,cracker_scene1,70,old
1717,7.691110372543335,0.2949537145899202,obse,cracker_scene1,70,old
1718,7.695383071899414,0.2952467055284649,obse,cracker_scene1,70,old
1719,7.699353218078613,0.2952467055284649,obse,cracker_scene1,70,old
1720,7.70362401008606,0.2952324900188109,obse,cracker_scene1,70,old
1721,7.707613468170166,0.2952324900188109,obse,cracker_scene1,70,old
1722,7.711802959442139,0.2952470694984957,obse,cracker_scene1,70,old
1723,7.716131210327148,0.2952470694984957,obse,cracker_scene1,70,old
1724,7.720480918884277,0.29498763260681854,obse,cracker_scene1,70,old
1725,7.724913597106934,0.29498763260681854,obse,cracker_scene1,70,old
1726,7.729340553283691,0.29494170638346234,obse,cracker_scene1,70,old
1727,7.733608245849609,0.29494170638346234,obse,cracker_scene1,70,old
1728,7.738175630569458,0.29528095963817497,obse,cracker_scene1,70,old
1729,7.742433309555054,0.29528095963817497,obse,cracker_scene1,70,old
1730,7.746983051300049,0.2949899052536548,obse,cracker_scene1,70,old
1731,7.751116991043091,0.2949899052536548,obse,cracker_scene1,70,old
1732,7.755725860595703,0.29500109669180524,obse,cracker_scene1,70,old
1733,7.75993275642395,0.29500109669180524,obse,cracker_scene1,70,old
1734,7.764380931854248,0.2953096128675303,obse,cracker_scene1,70,old
1735,7.768653869628906,0.2950187321509035,obse,cracker_scene1,70,old
1736,7.773074150085449,0.2950328892502808,obse,cracker_scene1,70,old
1737,7.777313470840454,0.29533241183715553,obse,cracker_scene1,70,old
1738,7.781582832336426,0.2953710329490881,obse,cracker_scene1,70,old
1739,7.785714387893677,0.2953710329490881,obse,cracker_scene1,70,old
1740,7.790540933609009,0.2954392111192358,obse,cracker_scene1,70,old
1741,7.794930934906006,0.29543270060999804,obse,cracker_scene1,70,old
1742,7.79912805557251,0.29543270060999804,obse,cracker_scene1,70,old
1743,7.803511142730713,0.29546934740868624,obse,cracker_scene1,70,old
1744,7.8078343868255615,0.29546934740868624,obse,cracker_scene1,70,old
1745,7.812179327011108,0.2954883148809268,obse,cracker_scene1,70,old
1746,7.816465139389038,0.2954883148809268,obse,cracker_scene1,70,old
1747,7.820838689804077,0.29551582259987463,obse,cracker_scene1,70,old
1748,7.825157403945923,0.29551582259987463,obse,cracker_scene1,70,old
1749,7.829631805419922,0.2955261727134666,obse,cracker_scene1,70,old
1750,7.833739280700684,0.2955261727134666,obse,cracker_scene1,70,old
1751,7.838207483291626,0.2955472544990542,obse,cracker_scene1,70,old
1752,7.842313051223755,0.2955472544990542,obse,cracker_scene1,70,old
1753,7.846703290939331,0.2955982247582931,obse,cracker_scene1,70,old
1754,7.850989818572998,0.2955982247582931,obse,cracker_scene1,70,old
1755,7.855353593826294,0.29531744137017024,obse,cracker_scene1,70,old
1756,7.859521150588989,0.29531744137017024,obse,cracker_scene1,70,old
1757,7.863815069198608,0.29537389657871244,obse,cracker_scene1,70,old
1758,7.868069648742676,0.29537389657871244,obse,cracker_scene1,70,old
1759,7.872421503067017,0.29539436364557403,obse,cracker_scene1,70,old
1760,7.876834869384766,0.29539436364557403,obse,cracker_scene1,70,old
1761,7.8810484409332275,0.2954083963657438,obse,cracker_scene1,70,old
1762,7.885355234146118,0.29548735531594483,obse,cracker_scene1,70,old
1763,7.889644145965576,0.2958319211057214,obse,cracker_scene1,70,old
1764,7.894079685211182,0.2958319211057214,obse,cracker_scene1,70,old
1765,7.898281812667847,0.2958862804133982,obse,cracker_scene1,70,old
1766,7.902534008026123,0.2958862804133982,obse,cracker_scene1,70,old
1767,7.906932592391968,0.2956307448089368,obse,cracker_scene1,70,old
1768,7.910974025726318,0.2956307448089368,obse,cracker_scene1,70,old
1769,7.915064573287964,0.2956307448089368,obse,cracker_scene1,70,old
1770,7.919653415679932,0.2959400250592579,obse,cracker_scene1,70,old
1771,7.924046993255615,0.2959400250592579,obse,cracker_scene1,70,old
1772,7.928488731384277,0.2956509831103811,obse,cracker_scene1,70,old
1773,7.9328293800354,0.29566154491544,obse,cracker_scene1,70,old
1774,7.937194585800171,0.29566154491544,obse,cracker_scene1,70,old
1775,7.941472291946411,0.2959748245999393,obse,cracker_scene1,70,old
1776,7.946027517318726,0.2959862347774632,obse,cracker_scene1,70,old
1777,7.950230360031128,0.2960387776163805,obse,cracker_scene1,70,old
1778,7.954687833786011,0.2960387776163805,obse,cracker_scene1,70,old
1779,7.959136724472046,0.29605317363010836,obse,cracker_scene1,70,old
1780,7.96356463432312,0.2960979378777289,obse,cracker_scene1,70,old
1781,7.9678874015808105,0.29612989937177536,obse,cracker_scene1,70,old
1782,7.972296714782715,0.29612989937177536,obse,cracker_scene1,70,old
1783,7.976559400558472,0.2961938302248655,obse,cracker_scene1,70,old
1784,7.980926990509033,0.29626190344504394,obse,cracker_scene1,70,old
1785,7.985291481018066,0.29626190344504394,obse,cracker_scene1,70,old
1786,7.989837646484375,0.2962959164964546,obse,cracker_scene1,70,old
1787,7.994075059890747,0.2962959164964546,obse,cracker_scene1,70,old
1788,7.9985785484313965,0.29604333941512107,obse,cracker_scene1,70,old
1789,8.002935647964478,0.29604333941512107,obse,cracker_scene1,70,old
1790,8.007398128509521,0.29640151731538045,obse,cracker_scene1,70,old
1791,8.011518001556396,0.29640151731538045,obse,cracker_scene1,70,old
1792,8.015907526016235,0.29640151731538045,obse,cracker_scene1,70,old
1793,8.02040147781372,0.2961612008056584,obse,cracker_scene1,70,old
1794,8.025164127349854,0.29645644645011043,obse,cracker_scene1,70,old
1795,8.029685735702515,0.29648392870745827,obse,cracker_scene1,70,old
1796,8.033978462219238,0.29648392870745827,obse,cracker_scene1,70,old
1797,8.03887414932251,0.29626251213866495,obse,cracker_scene1,70,old
1798,8.04307508468628,0.29626251213866495,obse,cracker_scene1,70,old
1799,8.04769253730774,0.29666226366170273,obse,cracker_scene1,70,old
1800,8.051865100860596,0.29666226366170273,obse,cracker_scene1,70,old
1801,8.05626916885376,0.2966905753410679,obse,cracker_scene1,70,old
1802,8.06057095527649,0.2966905753410679,obse,cracker_scene1,70,old
1803,8.064982891082764,0.29673867170373514,obse,cracker_scene1,70,old
1804,8.069223642349243,0.29674666199606836,obse,cracker_scene1,70,old
1805,8.073637962341309,0.2968071484379691,obse,cracker_scene1,70,old
1806,8.078016519546509,0.29686129968975367,obse,cracker_scene1,70,old
1807,8.082311153411865,0.29686129968975367,obse,cracker_scene1,70,old
1808,8.086662530899048,0.29657872675064173,obse,cracker_scene1,70,old
1809,8.091179609298706,0.29657872675064173,obse,cracker_scene1,70,old
1810,8.095508337020874,0.29695183247686274,obse,cracker_scene1,70,old
1811,8.099749565124512,0.29695183247686274,obse,cracker_scene1,70,old
1812,8.10425329208374,0.29703388287292376,obse,cracker_scene1,70,old
1813,8.109439373016357,0.29703388287292376,obse,cracker_scene1,70,old
1814,8.11402678489685,0.2970356647790036,obse,cracker_scene1,70,old
1815,8.11834192276001,0.29673551132480286,obse,cracker_scene1,70,old
1816,8.122822761535645,0.2968201545802792,obse,cracker_scene1,70,old
1817,8.12742567062378,0.2971458982982049,obse,cracker_scene1,70,old
1818,8.131494998931885,0.2971458982982049,obse,cracker_scene1,70,old
1819,8.135650396347046,0.2971458982982049,obse,cracker_scene1,70,old
1820,8.139801979064941,0.29690382945223076,obse,cracker_scene1,70,old
1821,8.143956422805786,0.2969524709342011,obse,cracker_scene1,70,old
1822,8.148266077041626,0.2972739221448769,obse,cracker_scene1,70,old
1823,8.152576446533203,0.29729425189039443,obse,cracker_scene1,70,old
1824,8.157298564910889,0.29729425189039443,obse,cracker_scene1,70,old
1825,8.161840677261353,0.2973817408524869,obse,cracker_scene1,70,old
1826,8.166166067123413,0.2973863864252672,obse,cracker_scene1,70,old
1827,8.170575857162476,0.2971708619735081,obse,cracker_scene1,70,old
1828,8.174751043319702,0.2971708619735081,obse,cracker_scene1,70,old
1829,8.179357051849365,0.2974791885518621,obse,cracker_scene1,70,old
1830,8.1835618019104,0.2974791885518621,obse,cracker_scene1,70,old
1831,8.188266515731812,0.2974732402025104,obse,cracker_scene1,70,old
1832,8.1928071975708,0.2974732402025104,obse,cracker_scene1,70,old
1833,8.19772720336914,0.2975139012660713,obse,cracker_scene1,70,old
1834,8.202037811279297,0.29755333999209377,obse,cracker_scene1,70,old
1835,8.206409454345703,0.29755333999209377,obse,cracker_scene1,70,old
1836,8.21068525314331,0.29755333999209377,obse,cracker_scene1,70,old
1837,8.215266942977905,0.29762208938179746,obse,cracker_scene1,70,old
1838,8.219618082046509,0.2976808288685132,obse,cracker_scene1,70,old
1839,8.223958492279053,0.2976808288685132,obse,cracker_scene1,70,old
1840,8.228422164916992,0.2977258413952894,obse,cracker_scene1,70,old
1841,8.232910871505737,0.2977258413952894,obse,cracker_scene1,70,old
1842,8.237408876419067,0.29779316008312323,obse,cracker_scene1,70,old
1843,8.241586446762085,0.29779316008312323,obse,cracker_scene1,70,old
1844,8.246097564697266,0.2978106993535872,obse,cracker_scene1,70,old
1845,8.250523805618286,0.2978027727159445,obse,cracker_scene1,70,old
1846,8.254956483840942,0.2978628135981856,obse,cracker_scene1,70,old
1847,8.259351015090942,0.2978628135981856,obse,cracker_scene1,70,old
1848,8.263777017593384,0.2979183663827466,obse,cracker_scene1,70,old
1849,8.268084049224854,0.2979183663827466,obse,cracker_scene1,70,old
1850,8.272412538528442,0.2979848690036789,obse,cracker_scene1,70,old
1851,8.276578187942505,0.2979848690036789,obse,cracker_scene1,70,old
1852,8.281193494796753,0.29773071450979244,obse,cracker_scene1,70,old
1853,8.285627603530884,0.2980685824080221,obse,cracker_scene1,70,old
1854,8.29030156135559,0.2981344962523103,obse,cracker_scene1,70,old
1855,8.294680833816528,0.2979087212064537,obse,cracker_scene1,70,old
1856,8.299030780792236,0.2979087212064537,obse,cracker_scene1,70,old
1857,8.303368091583252,0.2982084749929232,obse,cracker_scene1,70,old
1858,8.307772874832153,0.2982084749929232,obse,cracker_scene1,70,old
1859,8.312328815460205,0.29826355038204816,obse,cracker_scene1,70,old
1860,8.316832780838013,0.29826355038204816,obse,cracker_scene1,70,old
1861,8.321763038635254,0.29827513111114845,obse,cracker_scene1,70,old
1862,8.326170444488525,0.29827513111114845,obse,cracker_scene1,70,old
1863,8.330901384353638,0.2983047523884354,obse,cracker_scene1,70,old
1864,8.33536434173584,0.2983127109229302,obse,cracker_scene1,70,old
1865,8.339784860610962,0.2983423714638711,obse,cracker_scene1,70,old
1866,8.344030618667603,0.2983561116806479,obse,cracker_scene1,70,old
1867,8.348472833633423,0.29841401915260407,obse,cracker_scene1,70,old
1868,8.352665662765503,0.29851546033927157,obse,cracker_scene1,70,old
1869,8.357355117797852,0.29851546033927157,obse,cracker_scene1,70,old
1870,8.361767768859863,0.29857947584543687,obse,cracker_scene1,70,old
1871,8.365792989730835,0.29857947584543687,obse,cracker_scene1,70,old
1872,8.37022876739502,0.2986238688969002,obse,cracker_scene1,70,old
1873,8.374483585357666,0.2986238688969002,obse,cracker_scene1,70,old
1874,8.378973722457886,0.298650135455163,obse,cracker_scene1,70,old
1875,8.383663177490234,0.298650135455163,obse,cracker_scene1,70,old
1876,8.388111591339111,0.2983504395707222,obse,cracker_scene1,70,old
1877,8.392557621002197,0.2983504395707222,obse,cracker_scene1,70,old
1878,8.397209167480469,0.2987278680772095,obse,cracker_scene1,70,old
1879,8.401434659957886,0.29871858149582503,obse,cracker_scene1,70,old
1880,8.405819416046143,0.29875369262371604,obse,cracker_scene1,70,old
1881,8.410123348236084,0.29875369262371604,obse,cracker_scene1,70,old
1882,8.414419412612915,0.298803651018635,obse,cracker_scene1,70,old
1883,8.418740034103394,0.2988402796021901,obse,cracker_scene1,70,old
1884,8.423340797424316,0.2988402796021901,obse,cracker_scene1,70,old
1885,8.427537441253662,0.29887434410504904,obse,cracker_scene1,70,old
1886,8.432071685791016,0.29885114702615,obse,cracker_scene1,70,old
1887,8.436230182647705,0.2988883196854695,obse,cracker_scene1,70,old
1888,8.440826654434204,0.2988883196854695,obse,cracker_scene1,70,old
1889,8.445156812667847,0.2989420417220928,obse,cracker_scene1,70,old
1890,8.44946813583374,0.2989420417220928,obse,cracker_scene1,70,old
1891,8.453775644302368,0.29899580691432165,obse,cracker_scene1,70,old
1892,8.458041429519653,0.29899580691432165,obse,cracker_scene1,70,old
1893,8.462343692779541,0.29881895065778646,obse,cracker_scene1,70,old
1894,8.46650767326355,0.29881895065778646,obse,cracker_scene1,70,old
1895,8.471163988113403,0.29912822944031886,obse,cracker_scene1,70,old
1896,8.475234746932983,0.29912822944031886,obse,cracker_scene1,70,old
1897,8.479740858078003,0.2991440983399213,obse,cracker_scene1,70,old
1898,8.483821392059326,0.2991440983399213,obse,cracker_scene1,70,old
1899,8.488320350646973,0.2988577453623538,obse,cracker_scene1,70,old
1900,8.492435932159424,0.2988577453623538,obse,cracker_scene1,70,old
1901,8.496907711029053,0.2992297949242677,obse,cracker_scene1,70,old
1902,8.501353740692139,0.29927490610232066,obse,cracker_scene1,70,old
1903,8.505789041519165,0.29927490610232066,obse,cracker_scene1,70,old
1904,8.509918689727783,0.29927490610232066,obse,cracker_scene1,70,old
1905,8.514572143554688,0.29906089750517656,obse,cracker_scene1,70,old
1906,8.518915891647339,0.29934390733682026,obse,cracker_scene1,70,old
1907,8.524014711380005,0.2994016551557989,obse,cracker_scene1,70,old
1908,8.528552532196045,0.2993936689684693,obse,cracker_scene1,70,old
1909,8.53303837776184,0.2993936689684693,obse,cracker_scene1,70,old
1910,8.537587404251099,0.2994245484218934,obse,cracker_scene1,70,old
1911,8.542142391204834,0.2994245484218934,obse,cracker_scene1,70,old
1912,8.54679536819458,0.299447229344781,obse,cracker_scene1,70,old
1913,8.55126142501831,0.299447229344781,obse,cracker_scene1,70,old
1914,8.556074857711792,0.29946848607307414,obse,cracker_scene1,70,old
1915,8.560338735580444,0.29946848607307414,obse,cracker_scene1,70,old
1916,8.564889907836914,0.2994961651469486,obse,cracker_scene1,70,old
1917,8.569207429885864,0.29960289921146516,obse,cracker_scene1,70,old
1918,8.573779582977295,0.29960289921146516,obse,cracker_scene1,70,old
1919,8.577987909317017,0.2996471255467934,obse,cracker_scene1,70,old
1920,8.582433938980103,0.29964979594028807,obse,cracker_scene1,70,old
1921,8.586912155151367,0.29973933074713444,obse,cracker_scene1,70,old
1922,8.591898679733276,0.29973933074713444,obse,cracker_scene1,70,old
1923,8.59631085395813,0.2998233470870438,obse,cracker_scene1,70,old
1924,8.600391149520874,0.2998233470870438,obse,cracker_scene1,70,old
1925,8.604646921157837,0.29984555596692664,obse,cracker_scene1,70,old
1926,8.608692407608032,0.29984555596692664,obse,cracker_scene1,70,old
1927,8.612929821014404,0.2998944246554308,obse,cracker_scene1,70,old
1928,8.6169912815094,0.2998944246554308,obse,cracker_scene1,70,old
1929,8.621675491333008,0.2995292764183592,obse,cracker_scene1,70,old
1930,8.626055717468262,0.2995292764183592,obse,cracker_scene1,70,old
1931,8.630744218826294,0.2999090133961942,obse,cracker_scene1,70,old
1932,8.634841918945312,0.2999123613771561,obse,cracker_scene1,70,old
1933,8.639281034469604,0.29993911848223065,obse,cracker_scene1,70,old
1934,8.643358707427979,0.29993911848223065,obse,cracker_scene1,70,old
1935,8.647844552993774,0.2999684989704863,obse,cracker_scene1,70,old
1936,8.65231204032898,0.3000179686252309,obse,cracker_scene1,70,old
1937,8.656731128692627,0.3000179686252309,obse,cracker_scene1,70,old
1938,8.661226749420166,0.30005532643049443,obse,cracker_scene1,70,old
1939,8.665690422058105,0.30005532643049443,obse,cracker_scene1,70,old
1940,8.670544385910034,0.30005261812287465,obse,cracker_scene1,70,old
1941,8.674983978271484,0.30012981010783013,obse,cracker_scene1,70,old
1942,8.67929458618164,0.3002555366474681,obse,cracker_scene1,70,old
1943,8.68350863456726,0.3002555366474681,obse,cracker_scene1,70,old
1944,8.687734365463257,0.3003092100189401,obse,cracker_scene1,70,old
1945,8.692410945892334,0.3003092100189401,obse,cracker_scene1,70,old
1946,8.696732521057129,0.30031746559103006,obse,cracker_scene1,70,old
1947,8.701210975646973,0.30032598591568144,obse,cracker_scene1,70,old
1948,8.705338954925537,0.3003928578892132,obse,cracker_scene1,70,old
1949,8.709485530853271,0.3003928578892132,obse,cracker_scene1,70,old
1950,8.713995218276978,0.3001159797461625,obse,cracker_scene1,70,old
1951,8.7181077003479,0.3001159797461625,obse,cracker_scene1,70,old
1952,8.72261643409729,0.30045391873238814,obse,cracker_scene1,70,old
1953,8.726983308792114,0.30045391873238814,obse,cracker_scene1,70,old
1954,8.731361865997314,0.30046626379179786,obse,cracker_scene1,70,old
1955,8.735549926757812,0.30046626379179786,obse,cracker_scene1,70,old
1956,8.739638328552246,0.30046626379179786,obse,cracker_scene1,70,old
1957,8.74414849281311,0.30049254249272184,obse,cracker_scene1,70,old
1958,8.748349666595459,0.30049254249272184,obse,cracker_scene1,70,old
1959,8.75275182723999,0.30057594004468957,obse,cracker_scene1,70,old
1960,8.757118701934814,0.3005676938181087,obse,cracker_scene1,70,old
1961,8.761314153671265,0.3005676938181087,obse,cracker_scene1,70,old
1962,8.765673398971558,0.3005974162569851,obse,cracker_scene1,70,old
1963,8.769901037216187,0.3006388076179877,obse,cracker_scene1,70,old
1964,8.77428674697876,0.3006388076179877,obse,cracker_scene1,70,old
1965,8.778453826904297,0.3006425237056513,obse,cracker_scene1,70,old
1966,8.78290319442749,0.3006946505067373,obse,cracker_scene1,70,old
1967,8.78725266456604,0.3007828261669044,obse,cracker_scene1,70,old
1968,8.791962385177612,0.3007828261669044,obse,cracker_scene1,70,old
1969,8.79643726348877,0.300468096738435,obse,cracker_scene1,70,old
1970,8.800593137741089,0.300468096738435,obse,cracker_scene1,70,old
1971,8.804922342300415,0.3005094925401964,obse,cracker_scene1,70,old
1972,8.809189081192017,0.3005094925401964,obse,cracker_scene1,70,old
1973,8.813281536102295,0.3005094925401964,obse,cracker_scene1,70,old
1974,8.817792415618896,0.3009367931189967,obse,cracker_scene1,70,old
1975,8.82252287864685,0.3006003178056822,obse,cracker_scene1,70,old
1976,8.827499151229858,0.3009998035425265,obse,cracker_scene1,70,old
1977,8.832368612289429,0.3010791011492855,obse,cracker_scene1,70,old
1978,8.836591005325317,0.30109702928996235,obse,cracker_scene1,70,old
1979,8.840853214263916,0.30109702928996235,obse,cracker_scene1,70,old
1980,8.845039367675781,0.3010864782112707,obse,cracker_scene1,70,old
1981,8.849287509918213,0.30113311038349455,obse,cracker_scene1,70,old
1982,8.853615283966064,0.30084725406139473,obse,cracker_scene1,70,old
1983,8.858087062835693,0.30084725406139473,obse,cracker_scene1,70,old
1984,8.862643241882324,0.3011970202357331,obse,cracker_scene1,70,old
1985,8.866798162460327,0.3011970202357331,obse,cracker_scene1,70,old
1986,8.871331453323364,0.3012744614023791,obse,cracker_scene1,70,old
1987,8.875775575637817,0.3012744614023791,obse,cracker_scene1,70,old
1988,8.880408763885498,0.30133966410802715,obse,cracker_scene1,70,old
1989,8.884459972381592,0.30133966410802715,obse,cracker_scene1,70,old
1990,8.889009237289429,0.3014436593709812,obse,cracker_scene1,70,old
1991,8.893413305282593,0.3014436593709812,obse,cracker_scene1,70,old
1992,8.89776611328125,0.3014556550869729,obse,cracker_scene1,70,old
1993,8.902104139328003,0.3014477614721135,obse,cracker_scene1,70,old
1994,8.906464338302612,0.30148191126188034,obse,cracker_scene1,70,old
1995,8.910857439041138,0.30150672413176277,obse,cracker_scene1,70,old
1996,8.915245294570923,0.30150672413176277,obse,cracker_scene1,70,old
1997,8.91961407661438,0.30127040085986523,obse,cracker_scene1,70,old
1998,8.923875570297241,0.30127040085986523,obse,cracker_scene1,70,old
1999,8.928051233291626,0.30155608561789915,obse,cracker_scene1,70,old
2000,8.932620763778687,0.3016082711550462,obse,cracker_scene1,70,old
2001,8.937172889709473,0.30168497769466307,obse,cracker_scene1,70,old
2002,8.94152021408081,0.30168497769466307,obse,cracker_scene1,70,old
2003,8.946015357971191,0.30171096325029273,obse,cracker_scene1,70,old
2004,8.95028281211853,0.30171096325029273,obse,cracker_scene1,70,old
2005,8.954711437225342,0.30175794438616543,obse,cracker_scene1,70,old
2006,8.95900297164917,0.30175794438616543,obse,cracker_scene1,70,old
2007,8.963449478149414,0.30147333837939166,obse,cracker_scene1,70,old
2008,8.967566728591919,0.30147333837939166,obse,cracker_scene1,70,old
2009,8.972150802612305,0.3018894624595921,obse,cracker_scene1,70,old
2010,8.976358652114868,0.3018894624595921,obse,cracker_scene1,70,old
2011,8.98088002204895,0.3018781370043194,obse,cracker_scene1,70,old
2012,8.986730337142944,0.3015985374112958,obse,cracker_scene1,70,old
2013,8.992624998092651,0.3015985374112958,obse,cracker_scene1,70,old
2014,8.99740481376648,0.3020561586368681,obse,cracker_scene1,70,old
2015,9.00162124633789,0.3020580164030786,obse,cracker_scene1,70,old
2016,9.005954027175903,0.30211761001813614,obse,cracker_scene1,70,old
2017,9.010011434555054,0.30211761001813614,obse,cracker_scene1,70,old
2018,9.014568567276001,0.3021560387603913,obse,cracker_scene1,70,old
2019,9.018736362457275,0.30216299833611243,obse,cracker_scene1,70,old
2020,9.02334475517273,0.3022053829875901,obse,cracker_scene1,70,old
2021,9.02779221534729,0.3022300693575609,obse,cracker_scene1,70,old
2022,9.032449007034302,0.3022300693575609,obse,cracker_scene1,70,old
2023,9.036792755126953,0.3022820699306707,obse,cracker_scene1,70,old
2024,9.0413339138031,0.3022820699306707,obse,cracker_scene1,70,old
2025,9.04569697380066,0.30199775831689524,obse,cracker_scene1,70,old
2026,9.049944639205933,0.30199775831689524,obse,cracker_scene1,70,old
2027,9.054378032684326,0.30239501778069927,obse,cracker_scene1,70,old
2028,9.058898687362671,0.30239501778069927,obse,cracker_scene1,70,old
2029,9.063104629516602,0.30239501778069927,obse,cracker_scene1,70,old
2030,9.067518711090088,0.3020744481717031,obse,cracker_scene1,70,old
2031,9.07177996635437,0.3020744481717031,obse,cracker_scene1,70,old
2032,9.076200246810913,0.30248539724651097,obse,cracker_scene1,70,old
2033,9.0803382396698,0.30248539724651097,obse,cracker_scene1,70,old
2034,9.085379600524902,0.30252031637272847,obse,cracker_scene1,70,old
2035,9.089589357376099,0.30252031637272847,obse,cracker_scene1,70,old
2036,9.093913316726685,0.3022188071477947,obse,cracker_scene1,70,old
2037,9.098796606063843,0.3022188071477947,obse,cracker_scene1,70,old
2038,9.104053258895874,0.3022188071477947,obse,cracker_scene1,70,old
2039,9.108549356460571,0.3026158745368019,obse,cracker_scene1,70,old
2040,9.112670421600342,0.3026158745368019,obse,cracker_scene1,70,old
2041,9.117111682891846,0.30269278143485095,obse,cracker_scene1,70,old
2042,9.121251821517944,0.30269278143485095,obse,cracker_scene1,70,old
2043,9.12590503692627,0.3027407104470365,obse,cracker_scene1,70,old
2044,9.130140542984009,0.30273475886809637,obse,cracker_scene1,70,old
2045,9.134590148925781,0.30280457824041096,obse,cracker_scene1,70,old
2046,9.138862371444702,0.3028952183719052,obse,cracker_scene1,70,old
2047,9.143123388290405,0.3028952183719052,obse,cracker_scene1,70,old
2048,9.148943901062012,0.3028952183719052,obse,cracker_scene1,70,old
2049,9.155298709869385,0.3029325675211013,obse,cracker_scene1,70,old
2050,9.159864902496338,0.3029719166904974,obse,cracker_scene1,70,old
2051,9.164289236068726,0.3029632968095675,obse,cracker_scene1,70,old
2052,9.168815851211548,0.3030114845411862,obse,cracker_scene1,70,old
2053,9.174644231796265,0.30265436907220733,obse,cracker_scene1,70,old
2054,9.181188106536865,0.3026991784899984,obse,cracker_scene1,70,old
2055,9.185713052749634,0.3027363908430875,obse,cracker_scene1,70,old
2056,9.191047668457031,0.3027554036268024,obse,cracker_scene1,70,old
2057,9.195497751235962,0.30280420097770755,obse,cracker_scene1,70,old
2058,9.199762105941772,0.30280420097770755,obse,cracker_scene1,70,old
2059,9.204243659973145,0.3032371931734054,obse,cracker_scene1,70,old
2060,9.20857834815979,0.3035607728149534,obse,cracker_scene1,70,old
2061,9.212917804718018,0.3035607728149534,obse,cracker_scene1,70,old
2062,9.217313051223755,0.3035607728149534,obse,cracker_scene1,70,old
2063,9.221882581710815,0.3036069933997431,obse,cracker_scene1,70,old
2064,9.226547241210938,0.3036411060357633,obse,cracker_scene1,70,old
2065,9.23308515548706,0.3037216316925676,obse,cracker_scene1,70,old
2066,9.237895011901855,0.30377292220823915,obse,cracker_scene1,70,old
2067,9.242148160934448,0.30377292220823915,obse,cracker_scene1,70,old
2068,9.246578216552734,0.3034902470244237,obse,cracker_scene1,70,old
2069,9.250741243362427,0.3034902470244237,obse,cracker_scene1,70,old
2070,9.255651712417603,0.3038412090115134,obse,cracker_scene1,70,old
2071,9.260188817977905,0.3038412090115134,obse,cracker_scene1,70,old
2072,9.264891624450684,0.30355461695124586,obse,cracker_scene1,70,old
2073,9.269281387329102,0.3039456127982157,obse,cracker_scene1,70,old
2074,9.273924350738525,0.3039456127982157,obse,cracker_scene1,70,old
2075,9.278470993041992,0.3040105398556688,obse,cracker_scene1,70,old
2076,9.283129692077637,0.3040105398556688,obse,cracker_scene1,70,old
2077,9.28780460357666,0.30405138697040157,obse,cracker_scene1,70,old
2078,9.293355226516724,0.30405138697040157,obse,cracker_scene1,70,old
2079,9.297602653503418,0.30377140867427,obse,cracker_scene1,70,old
2080,9.301851511001587,0.30377140867427,obse,cracker_scene1,70,old
2081,9.306021213531494,0.30421873163616003,obse,cracker_scene1,70,old
2082,9.310163736343384,0.30421873163616003,obse,cracker_scene1,70,old
2083,9.314433574676514,0.30432828358311725,obse,cracker_scene1,70,old
2084,9.318588495254517,0.30432828358311725,obse,cracker_scene1,70,old
2085,9.323866367340088,0.3040585232698703,obse,cracker_scene1,70,old
2086,9.328516721725464,0.3043590597602917,obse,cracker_scene1,70,old
2087,9.332883834838867,0.3043590597602917,obse,cracker_scene1,70,old
2088,9.337343454360962,0.30404605382676403,obse,cracker_scene1,70,old
2089,9.341598749160767,0.30404605382676403,obse,cracker_scene1,70,old
2090,9.346030235290527,0.30441082889446736,obse,cracker_scene1,70,old
2091,9.350308895111084,0.30441082889446736,obse,cracker_scene1,70,old
2092,9.35498571395874,0.3041153780669896,obse,cracker_scene1,70,old
2093,9.359426498413086,0.3041153780669896,obse,cracker_scene1,70,old
2094,9.363994359970093,0.304159082086608,obse,cracker_scene1,70,old
2095,9.368278503417969,0.304159082086608,obse,cracker_scene1,70,old
2096,9.372731685638428,0.3041760888612566,obse,cracker_scene1,70,old
2097,9.376838445663452,0.3044953069796781,obse,cracker_scene1,70,old
2098,9.381164312362671,0.3045434609347132,obse,cracker_scene1,70,old
2099,9.38527226448059,0.3045434609347132,obse,cracker_scene1,70,old
2100,9.389729499816895,0.3046480384967998,obse,cracker_scene1,70,old
2101,9.394060611724854,0.3046949267781055,obse,cracker_scene1,70,old
2102,9.398337364196777,0.3046949267781055,obse,cracker_scene1,70,old
2103,9.402846097946167,0.30436929741128543,obse,cracker_scene1,70,old
2104,9.407355070114136,0.30441572523878063,obse,cracker_scene1,70,old
2105,9.411922454833984,0.3045024576040131,obse,cracker_scene1,70,old
2106,9.416228294372559,0.3045024576040131,obse,cracker_scene1,70,old
2107,9.420661211013794,0.30493325256035103,obse,cracker_scene1,70,old
2108,9.425060033798218,0.30493325256035103,obse,cracker_scene1,70,old
2109,9.429455518722534,0.30496583362235224,obse,cracker_scene1,70,old
2110,9.43359637260437,0.30496583362235224,obse,cracker_scene1,70,old
2111,9.438201904296875,0.304662935884575,obse,cracker_scene1,70,old
2112,9.44240689277649,0.304662935884575,obse,cracker_scene1,70,old
2113,9.447044134140015,0.3050259051294235,obse,cracker_scene1,70,old
2114,9.451412677764893,0.3050259051294235,obse,cracker_scene1,70,old
2115,9.456039667129517,0.30506664382732535,obse,cracker_scene1,70,old
2116,9.46044111251831,0.30509640498542245,obse,cracker_scene1,70,old
2117,9.465060234069824,0.30509640498542245,obse,cracker_scene1,70,old
2118,9.469449520111084,0.3051571416198143,obse,cracker_scene1,70,old
2119,9.474237203598022,0.3051571416198143,obse,cracker_scene1,70,old
2120,9.478545904159546,0.30492088058912653,obse,cracker_scene1,70,old
2121,9.482864141464233,0.30492088058912653,obse,cracker_scene1,70,old
2122,9.48714303970337,0.30533323803954654,obse,cracker_scene1,70,old
2123,9.491455554962158,0.30533323803954654,obse,cracker_scene1,70,old
2124,9.495912790298462,0.30534689044134083,obse,cracker_scene1,70,old
2125,9.500095129013062,0.30534689044134083,obse,cracker_scene1,70,old
2126,9.504802227020264,0.3053891435479031,obse,cracker_scene1,70,old
2127,9.508831024169922,0.3053891435479031,obse,cracker_scene1,70,old
2128,9.513181209564209,0.3051171688667067,obse,cracker_scene1,70,old
2129,9.51753544807434,0.3051171688667067,obse,cracker_scene1,70,old
2130,9.521654605865479,0.30546245393008054,obse,cracker_scene1,70,old
2131,9.526605129241943,0.30523145994635026,obse,cracker_scene1,70,old
2132,9.531142711639404,0.30530274020747017,obse,cracker_scene1,70,old
2133,9.535592794418335,0.305349147107358,obse,cracker_scene1,70,old
2134,9.54017686843872,0.30537650438524006,obse,cracker_scene1,70,old
2135,9.544614791870117,0.3057847893918588,obse,cracker_scene1,70,old
2136,9.548986434936523,0.3057847893918588,obse,cracker_scene1,70,old
2137,9.553497552871704,0.30584798578003153,obse,cracker_scene1,70,old
2138,9.557981491088867,0.30584798578003153,obse,cracker_scene1,70,old
2139,9.562564134597778,0.3056141049438739,obse,cracker_scene1,70,old
2140,9.566966772079468,0.3056141049438739,obse,cracker_scene1,70,old
2141,9.571464776992798,0.30590964830896394,obse,cracker_scene1,70,old
2142,9.575768947601318,0.30590964830896394,obse,cracker_scene1,70,old
2143,9.580247402191162,0.305944704535061,obse,cracker_scene1,70,old
2144,9.584607601165771,0.305944704535061,obse,cracker_scene1,70,old
2145,9.589205503463745,0.3056601343061744,obse,cracker_scene1,70,old
2146,9.593674898147583,0.3056601343061744,obse,cracker_scene1,70,old
2147,9.598299741744995,0.30575514685352767,obse,cracker_scene1,70,old
2148,9.6026029586792,0.30603679759780905,obse,cracker_scene1,70,old
2149,9.607121467590332,0.3061737875657503,obse,cracker_scene1,70,old
2150,9.611433267593384,0.3061701666657604,obse,cracker_scene1,70,old
2151,9.615808010101318,0.3062368742507239,obse,cracker_scene1,70,old
2152,9.620455980300903,0.30597489018351176,obse,cracker_scene1,70,old
2153,9.624980688095093,0.30597489018351176,obse,cracker_scene1,70,old
2154,9.629345893859863,0.3063870002514867,obse,cracker_scene1,70,old
2155,9.634125709533691,0.3063870002514867,obse,cracker_scene1,70,old
2156,9.639386177062988,0.30644225164496997,obse,cracker_scene1,70,old
2157,9.643568754196167,0.30644225164496997,obse,cracker_scene1,70,old
2158,9.648098230361938,0.30648585776740433,obse,cracker_scene1,70,old
2159,9.652276515960693,0.3065180870548589,obse,cracker_scene1,70,old
2160,9.657384395599365,0.3065180870548589,obse,cracker_scene1,70,old
2161,9.661962747573853,0.30625137796975965,obse,cracker_scene1,70,old
2162,9.66685962677002,0.30625137796975965,obse,cracker_scene1,70,old
2163,9.67200779914856,0.3063328790149636,obse,cracker_scene1,70,old
2164,9.67660641670227,0.3063328790149636,obse,cracker_scene1,70,old
2165,9.681172847747803,0.30663517978238775,obse,cracker_scene1,70,old
2166,9.685469388961792,0.3066754846627733,obse,cracker_scene1,70,old
2167,9.690021991729736,0.3066754846627733,obse,cracker_scene1,70,old
2168,9.694311380386353,0.30676203913964073,obse,cracker_scene1,70,old
2169,9.69877576828003,0.30676203913964073,obse,cracker_scene1,70,old
2170,9.70305061340332,0.3068308215330278,obse,cracker_scene1,70,old
2171,9.707866668701172,0.3068308215330278,obse,cracker_scene1,70,old
2172,9.712880849838257,0.30690927982302757,obse,cracker_scene1,70,old
2173,9.717658042907715,0.30690927982302757,obse,cracker_scene1,70,old
2174,9.722864627838135,0.30695695675529455,obse,cracker_scene1,70,old
2175,9.727905511856079,0.3070558510060342,obse,cracker_scene1,70,old
2176,9.732872486114502,0.3070558510060342,obse,cracker_scene1,70,old
2177,9.737982749938965,0.3070926437431179,obse,cracker_scene1,70,old
2178,9.742840051651001,0.3070926437431179,obse,cracker_scene1,70,old
2179,9.748034238815308,0.307128339390401,obse,cracker_scene1,70,old
2180,9.752925157546997,0.3072589161217204,obse,cracker_scene1,70,old
2181,9.758132457733154,0.3072589161217204,obse,cracker_scene1,70,old
2182,9.762899398803711,0.30697590533426644,obse,cracker_scene1,70,old
2183,9.767067432403564,0.30697590533426644,obse,cracker_scene1,70,old
2184,9.772070407867432,0.3072865120859237,obse,cracker_scene1,70,old
2185,9.77699613571167,0.307363895842716,obse,cracker_scene1,70,old
2186,9.781709671020508,0.307363895842716,obse,cracker_scene1,70,old
2187,9.78659200668335,0.30742630050002423,obse,cracker_scene1,70,old
2188,9.792190551757812,0.30742630050002423,obse,cracker_scene1,70,old
2189,9.797538757324219,0.30745042829207725,obse,cracker_scene1,70,old
2190,9.80254077911377,0.3075693101981025,obse,cracker_scene1,70,old
2191,9.807550430297852,0.30755960665545296,obse,cracker_scene1,70,old
2192,9.81245493888855,0.3073644271259673,obse,cracker_scene1,70,old
2193,9.817371845245361,0.3073644271259673,obse,cracker_scene1,70,old
2194,9.822387933731079,0.3074280282008905,obse,cracker_scene1,70,old
2195,9.827671766281128,0.30753641359821465,obse,cracker_scene1,70,old
2196,9.832172393798828,0.30753641359821465,obse,cracker_scene1,70,old
2197,9.837277173995972,0.3075250103690428,obse,cracker_scene1,70,old
2198,9.84180998802185,0.3075250103690428,obse,cracker_scene1,70,old
2199,9.847020864486694,0.3078864921064482,obse,cracker_scene1,70,old
2200,9.851853847503662,0.307879827265575,obse,cracker_scene1,70,old
2201,9.856869459152222,0.3079534160974376,obse,cracker_scene1,70,old
2202,9.861555099487305,0.3079534160974376,obse,cracker_scene1,70,old
2203,9.866435766220093,0.3080314546605607,obse,cracker_scene1,70,old
2204,9.870989084243774,0.30802710819178275,obse,cracker_scene1,70,old
2205,9.87543249130249,0.30802710819178275,obse,cracker_scene1,70,old
2206,9.87996244430542,0.30807405755579476,obse,cracker_scene1,70,old
2207,9.884514808654785,0.3081556071243274,obse,cracker_scene1,70,old
2208,9.888760328292847,0.3081556071243274,obse,cracker_scene1,70,old
2209,9.892993927001953,0.3081556071243274,obse,cracker_scene1,70,old
2210,9.897394180297852,0.30821857947941167,obse,cracker_scene1,70,old
2211,9.901795625686646,0.3081134017152869,obse,cracker_scene1,70,old
2212,9.906409502029419,0.3081134017152869,obse,cracker_scene1,70,old
2213,9.910737991333008,0.3081134017152869,obse,cracker_scene1,70,old
2214,9.915311813354492,0.30820898752795306,obse,cracker_scene1,70,old
2215,9.919570684432983,0.30820898752795306,obse,cracker_scene1,70,old
2216,9.92806100845337,0.30794090808060676,obse,cracker_scene1,70,old
2217,9.934138774871826,0.3083318010472191,obse,cracker_scene1,70,old
2218,9.938656568527222,0.3088592223350393,obse,cracker_scene1,70,old
2219,9.943136215209961,0.3088592223350393,obse,cracker_scene1,70,old
2220,9.949145317077637,0.30892826113427246,obse,cracker_scene1,70,old
2221,9.954886198043823,0.30892826113427246,obse,cracker_scene1,70,old
2222,9.960861444473267,0.3086570082085748,obse,cracker_scene1,70,old
2223,9.966824531555176,0.3086570082085748,obse,cracker_scene1,70,old
2224,9.972665786743164,0.30901675607971213,obse,cracker_scene1,70,old
2225,9.978466272354126,0.30905237096680727,obse,cracker_scene1,70,old
2226,9.984206199645996,0.30905237096680727,obse,cracker_scene1,70,old
2227,9.989927768707275,0.30880269257368603,obse,cracker_scene1,70,old
2228,9.995747566223145,0.3091885616852518,obse,cracker_scene1,70,old
2229,10.001498937606812,0.3092374076275288,obse,cracker_scene1,70,old
2230,10.007613897323608,0.3093243483919443,obse,cracker_scene1,70,old
2231,10.013267278671265,0.3093243483919443,obse,cracker_scene1,70,old
2232,10.018998146057129,0.3090821716767134,obse,cracker_scene1,70,old
2233,10.02488088607788,0.30916259652725064,obse,cracker_scene1,70,old
2234,10.030091047286987,0.3092761246784652,obse,cracker_scene1,70,old
2235,10.034578323364258,0.30971743520017336,obse,cracker_scene1,70,old
2236,10.0393545627594,0.309797966302928,obse,cracker_scene1,70,old
2237,10.04360032081604,0.309797966302928,obse,cracker_scene1,70,old
2238,10.048107862472534,0.3095077131902941,obse,cracker_scene1,70,old
2239,10.052186965942383,0.3099259208386705,obse,cracker_scene1,70,old
2240,10.05673098564148,0.3099259208386705,obse,cracker_scene1,70,old
2241,10.061046361923218,0.30997979018082467,obse,cracker_scene1,70,old
2242,10.065377950668335,0.30997979018082467,obse,cracker_scene1,70,old
2243,10.06965446472168,0.3097033065018127,obse,cracker_scene1,70,old
2244,10.074292659759521,0.3097033065018127,obse,cracker_scene1,70,old
2245,10.078786611557007,0.3100839203117861,obse,cracker_scene1,70,old
2246,10.083328485488892,0.3100839203117861,obse,cracker_scene1,70,old
2247,10.087844610214233,0.31015246253200324,obse,cracker_scene1,70,old
2248,10.09226679801941,0.31015246253200324,obse,cracker_scene1,70,old
2249,10.097081899642944,0.309882129059027,obse,cracker_scene1,70,old
2250,10.101470947265625,0.309882129059027,obse,cracker_scene1,70,old
2251,10.106117248535156,0.31000055356482503,obse,cracker_scene1,70,old
2252,10.110442876815796,0.31007693064134595,obse,cracker_scene1,70,old
2253,10.11526107788086,0.31040377333096236,obse,cracker_scene1,70,old
2254,10.120199918746948,0.31016192453071434,obse,cracker_scene1,70,old
2255,10.124624490737915,0.31016192453071434,obse,cracker_scene1,70,old
2256,10.129518747329712,0.31054577560241986,obse,cracker_scene1,70,old
2257,10.13373589515686,0.31054577560241986,obse,cracker_scene1,70,old
2258,10.138500452041626,0.3106070229010024,obse,cracker_scene1,70,old
2259,10.14296817779541,0.3106070229010024,obse,cracker_scene1,70,old
2260,10.147576093673706,0.31065557793240406,obse,cracker_scene1,70,old
2261,10.152005672454834,0.31065557793240406,obse,cracker_scene1,70,old
2262,10.156686782836914,0.3106156662121644,obse,cracker_scene1,70,old
2263,10.161164045333862,0.3106653147440795,obse,cracker_scene1,70,old
2264,10.165733575820923,0.31062915278337827,obse,cracker_scene1,70,old
2265,10.170443534851074,0.31068931400570815,obse,cracker_scene1,70,old
2266,10.175000190734863,0.31068931400570815,obse,cracker_scene1,70,old
2267,10.179587841033936,0.3104356323684258,obse,cracker_scene1,70,old
2268,10.184185981750488,0.3104356323684258,obse,cracker_scene1,70,old
2269,10.189037561416626,0.3105200551425528,obse,cracker_scene1,70,old
2270,10.19349193572998,0.3105200551425528,obse,cracker_scene1,70,old
2271,10.198261737823486,0.31081051135441934,obse,cracker_scene1,70,old
2272,10.202699422836304,0.31089988542869956,obse,cracker_scene1,70,old
2273,10.207273244857788,0.31089988542869956,obse,cracker_scene1,70,old
2274,10.21165680885315,0.3109675463884015,obse,cracker_scene1,70,old
2275,10.216031551361084,0.3109675463884015,obse,cracker_scene1,70,old
2276,10.220654964447021,0.31075017641671854,obse,cracker_scene1,70,old
2277,10.225165367126465,0.31075017641671854,obse,cracker_scene1,70,old
2278,10.22961974143982,0.3110961387502264,obse,cracker_scene1,70,old
2279,10.233745813369751,0.3110961387502264,obse,cracker_scene1,70,old
2280,10.238144397735596,0.3111227446781894,obse,cracker_scene1,70,old
2281,10.242229700088501,0.3111227446781894,obse,cracker_scene1,70,old
2282,10.246630430221558,0.3108894322180775,obse,cracker_scene1,70,old
2283,10.250797748565674,0.3108894322180775,obse,cracker_scene1,70,old
2284,10.255738258361816,0.3112628288327402,obse,cracker_scene1,70,old
2285,10.260359287261963,0.3112628288327402,obse,cracker_scene1,70,old
2286,10.264546871185303,0.3112857290870693,obse,cracker_scene1,70,old
2287,10.268949747085571,0.3112857290870693,obse,cracker_scene1,70,old
2288,10.27338981628418,0.3112786232460789,obse,cracker_scene1,70,old
2289,10.27821969985962,0.31132680172957894,obse,cracker_scene1,70,old
2290,10.283426284790039,0.31107160836605996,obse,cracker_scene1,70,old
2291,10.288212776184082,0.31107160836605996,obse,cracker_scene1,70,old
2292,10.292527437210083,0.31107160836605996,obse,cracker_scene1,70,old
2293,10.296996116638184,0.311378157327748,obse,cracker_scene1,70,old
2294,10.301511764526367,0.3114792585843718,obse,cracker_scene1,70,old
2295,10.306048393249512,0.3114792585843718,obse,cracker_scene1,70,old
2296,10.310491800308228,0.31153759552187615,obse,cracker_scene1,70,old
2297,10.314754247665405,0.31153759552187615,obse,cracker_scene1,70,old
2298,10.319338083267212,0.3115948357597912,obse,cracker_scene1,70,old
2299,10.323585033416748,0.3112710486940972,obse,cracker_scene1,70,old
2300,10.328115701675415,0.31158321127990074,obse,cracker_scene1,70,old
2301,10.33257508277893,0.3116618154405459,obse,cracker_scene1,70,old
2302,10.336936235427856,0.3116618154405459,obse,cracker_scene1,70,old
2303,10.341478109359741,0.3117862941334989,obse,cracker_scene1,70,old
2304,10.345625638961792,0.3117862941334989,obse,cracker_scene1,70,old
2305,10.350253582000732,0.3118305727698102,obse,cracker_scene1,70,old
2306,10.354583024978638,0.3118305727698102,obse,cracker_scene1,70,old
2307,10.359248399734497,0.3118634185745733,obse,cracker_scene1,70,old
2308,10.363561630249023,0.3118634185745733,obse,cracker_scene1,70,old
2309,10.368135929107666,0.3116020584496442,obse,cracker_scene1,70,old
2310,10.3724946975708,0.3116020584496442,obse,cracker_scene1,70,old
2311,10.377355575561523,0.31163548897086657,obse,cracker_scene1,70,old
2312,10.381995677947998,0.3119746956598672,obse,cracker_scene1,70,old
2313,10.386218786239624,0.3119746956598672,obse,cracker_scene1,70,old
2314,10.390812397003174,0.3119746956598672,obse,cracker_scene1,70,old
2315,10.395337343215942,0.3120581980983098,obse,cracker_scene1,70,old
2316,10.399969100952148,0.31179479216167283,obse,cracker_scene1,70,old
2317,10.404472827911377,0.31179479216167283,obse,cracker_scene1,70,old
2318,10.40902590751648,0.31179479216167283,obse,cracker_scene1,70,old
2319,10.413414478302002,0.31220902829640484,obse,cracker_scene1,70,old
2320,10.417859554290771,0.31220902829640484,obse,cracker_scene1,70,old
2321,10.422691583633423,0.3122800041903771,obse,cracker_scene1,70,old
2322,10.42732572555542,0.31235478949302115,obse,cracker_scene1,70,old
2323,10.432290077209473,0.3122259489799136,obse,cracker_scene1,70,old
2324,10.436765670776367,0.3122875564125922,obse,cracker_scene1,70,old
2325,10.441508531570435,0.3122875564125922,obse,cracker_scene1,70,old
2326,10.445783376693726,0.31265917562971823,obse,cracker_scene1,70,old
2327,10.45004391670227,0.31265917562971823,obse,cracker_scene1,70,old
2328,10.454386472702026,0.31273650471901887,obse,cracker_scene1,70,old
2329,10.459020853042603,0.31273650471901887,obse,cracker_scene1,70,old
2330,10.463245391845703,0.3128385563432422,obse,cracker_scene1,70,old
2331,10.468319177627563,0.3128385563432422,obse,cracker_scene1,70,old
2332,10.473467826843262,0.31257904950414084,obse,cracker_scene1,70,old
2333,10.478634119033813,0.31294040196642636,obse,cracker_scene1,70,old
2334,10.482875347137451,0.31294040196642636,obse,cracker_scene1,70,old
2335,10.487525939941406,0.31297587235740276,obse,cracker_scene1,70,old
2336,10.492452621459961,0.31297587235740276,obse,cracker_scene1,70,old
2337,10.497591257095337,0.31275031347001814,obse,cracker_scene1,70,old
2338,10.50243616104126,0.3128444288412977,obse,cracker_scene1,70,old
2339,10.507522344589233,0.31315254899125944,obse,cracker_scene1,70,old
2340,10.512319326400757,0.31291008250751684,obse,cracker_scene1,70,old
2341,10.517050981521606,0.31291008250751684,obse,cracker_scene1,70,old
2342,10.522201299667358,0.3129477315576841,obse,cracker_scene1,70,old
2343,10.527323961257935,0.3130250144040535,obse,cracker_scene1,70,old
2344,10.532345294952393,0.3130250144040535,obse,cracker_scene1,70,old
2345,10.537103652954102,0.31346136339091474,obse,cracker_scene1,70,old
2346,10.541762828826904,0.31346136339091474,obse,cracker_scene1,70,old
2347,10.546185970306396,0.31351267212700373,obse,cracker_scene1,70,old
2348,10.551065921783447,0.31351267212700373,obse,cracker_scene1,70,old
2349,10.555846929550171,0.3135133492550507,obse,cracker_scene1,70,old
2350,10.560907363891602,0.3136564909350301,obse,cracker_scene1,70,old
2351,10.565738201141357,0.3136564909350301,obse,cracker_scene1,70,old
2352,10.57061767578125,0.31340032345906477,obse,cracker_scene1,70,old
2353,10.57514500617981,0.31340032345906477,obse,cracker_scene1,70,old
2354,10.580129861831665,0.3137983891497241,obse,cracker_scene1,70,old
2355,10.585024118423462,0.31389904492995313,obse,cracker_scene1,70,old
2356,10.590014219284058,0.31389904492995313,obse,cracker_scene1,70,old
2357,10.595213413238525,0.3139374752204371,obse,cracker_scene1,70,old
2358,10.600151300430298,0.3139374752204371,obse,cracker_scene1,70,old
2359,10.605101346969604,0.31400821226895037,obse,cracker_scene1,70,old
2360,10.609901189804077,0.31400821226895037,obse,cracker_scene1,70,old
2361,10.614994764328003,0.31412217823741395,obse,cracker_scene1,70,old
2362,10.619960308074951,0.3141884608470265,obse,cracker_scene1,70,old
2363,10.624896764755249,0.3141884608470265,obse,cracker_scene1,70,old
2364,10.629836082458496,0.31418481231390466,obse,cracker_scene1,70,old
2365,10.634884119033813,0.31426274436290347,obse,cracker_scene1,70,old
2366,10.640007972717285,0.31435254709512755,obse,cracker_scene1,70,old
2367,10.644824266433716,0.3140511872040584,obse,cracker_scene1,70,old
2368,10.64966607093811,0.31410427412169045,obse,cracker_scene1,70,old
2369,10.65462875366211,0.31416475410863076,obse,cracker_scene1,70,old
2370,10.659756422042847,0.31416475410863076,obse,cracker_scene1,70,old
2371,10.66437816619873,0.31421822415069595,obse,cracker_scene1,70,old
2372,10.668620347976685,0.31421822415069595,obse,cracker_scene1,70,old
2373,10.67319941520691,0.3146152244202008,obse,cracker_scene1,70,old
2374,10.677208662033081,0.3146152244202008,obse,cracker_scene1,70,old
2375,10.681629419326782,0.3147140718153049,obse,cracker_scene1,70,old
2376,10.685950756072998,0.3148318820276445,obse,cracker_scene1,70,old
2377,10.690398216247559,0.3148318820276445,obse,cracker_scene1,70,old
2378,10.695123195648193,0.3149776287980099,obse,cracker_scene1,70,old
2379,10.699456214904785,0.3149776287980099,obse,cracker_scene1,70,old
2380,10.703829526901245,0.3150558262748601,obse,cracker_scene1,70,old
2381,10.708052158355713,0.3150558262748601,obse,cracker_scene1,70,old
2382,10.712498664855957,0.3147622520869688,obse,cracker_scene1,70,old
2383,10.716753244400024,0.3147622520869688,obse,cracker_scene1,70,old
2384,10.721204280853271,0.31484863446416594,obse,cracker_scene1,70,old
2385,10.725641012191772,0.31484863446416594,obse,cracker_scene1,70,old
2386,10.730386018753052,0.31524186622407585,obse,cracker_scene1,70,old
2387,10.73442268371582,0.31524186622407585,obse,cracker_scene1,70,old
2388,10.738990306854248,0.3153182356253103,obse,cracker_scene1,70,old
2389,10.743329524993896,0.3153182356253103,obse,cracker_scene1,70,old
2390,10.748038530349731,0.31543895954009055,obse,cracker_scene1,70,old
2391,10.752289056777954,0.3155158279470127,obse,cracker_scene1,70,old
2392,10.756816864013672,0.3155078092127283,obse,cracker_scene1,70,old
2393,10.761149644851685,0.3156657435008961,obse,cracker_scene1,70,old
2394,10.76548719406128,0.3156657435008961,obse,cracker_scene1,70,old
2395,10.769769430160522,0.3156760171142997,obse,cracker_scene1,70,old
2396,10.774188995361328,0.3157341401605478,obse,cracker_scene1,70,old
2397,10.77842664718628,0.3158127655164258,obse,cracker_scene1,70,old
2398,10.782814741134644,0.3158127655164258,obse,cracker_scene1,70,old
2399,10.787398338317871,0.3159377295962011,obse,cracker_scene1,70,old
2400,10.791889667510986,0.3159377295962011,obse,cracker_scene1,70,old
2401,10.79659366607666,0.3157109884031897,obse,cracker_scene1,70,old
2402,10.800769805908203,0.3157109884031897,obse,cracker_scene1,70,old
2403,10.805490255355835,0.3160789898822851,obse,cracker_scene1,70,old
2404,10.809940576553345,0.3160789898822851,obse,cracker_scene1,70,old
2405,10.814586162567139,0.31616706596300925,obse,cracker_scene1,70,old
2406,10.819017171859741,0.31625721297443615,obse,cracker_scene1,70,old
2407,10.823569774627686,0.31625721297443615,obse,cracker_scene1,70,old
2408,10.828057289123535,0.31632081709822674,obse,cracker_scene1,70,old
2409,10.83251404762268,0.31632081709822674,obse,cracker_scene1,70,old
2410,10.83706283569336,0.3164702441201895,obse,cracker_scene1,70,old
2411,10.841334819793701,0.3164702441201895,obse,cracker_scene1,70,old
2412,10.84578537940979,0.316552757111474,obse,cracker_scene1,70,old
2413,10.850048780441284,0.316552757111474,obse,cracker_scene1,70,old
2414,10.854634761810303,0.31636444409758296,obse,cracker_scene1,70,old
2415,10.858981609344482,0.31636444409758296,obse,cracker_scene1,70,old
2416,10.863669633865356,0.31675871793852195,obse,cracker_scene1,70,old
2417,10.867891311645508,0.31675871793852195,obse,cracker_scene1,70,old
2418,10.872559309005737,0.31687683222159657,obse,cracker_scene1,70,old
2419,10.876782655715942,0.31687683222159657,obse,cracker_scene1,70,old
2420,10.881307601928711,0.31699978753025077,obse,cracker_scene1,70,old
2421,10.885457277297974,0.31703327730514946,obse,cracker_scene1,70,old
2422,10.890335321426392,0.31703327730514946,obse,cracker_scene1,70,old
2423,10.894894361495972,0.31682320701330724,obse,cracker_scene1,70,old
2424,10.89921760559082,0.31682320701330724,obse,cracker_scene1,70,old
2425,10.903643369674683,0.3168935017846987,obse,cracker_scene1,70,old
2426,10.907988548278809,0.3168935017846987,obse,cracker_scene1,70,old
2427,10.912511587142944,0.317027614957393,obse,cracker_scene1,70,old
2428,10.917540550231934,0.317027614957393,obse,cracker_scene1,70,old
2429,10.922489404678345,0.3171801622114802,obse,cracker_scene1,70,old
2430,10.926868200302124,0.3177093997971385,obse,cracker_scene1,70,old
2431,10.93244481086731,0.3177093997971385,obse,cracker_scene1,70,old
2432,10.938456535339355,0.317861685560914,obse,cracker_scene1,70,old
2433,10.942617177963257,0.317861685560914,obse,cracker_scene1,70,old
2434,10.947266340255737,0.31792909607375286,obse,cracker_scene1,70,old
2435,10.951725721359253,0.31792909607375286,obse,cracker_scene1,70,old
2436,10.956503629684448,0.3180421601434338,obse,cracker_scene1,70,old
2437,10.960933685302734,0.3181085277423806,obse,cracker_scene1,70,old
2438,10.965263366699219,0.3181085277423806,obse,cracker_scene1,70,old
2439,10.969452619552612,0.31785776221334927,obse,cracker_scene1,70,old
2440,10.974479913711548,0.31785776221334927,obse,cracker_scene1,70,old
2441,10.979491710662842,0.31834134142578274,obse,cracker_scene1,70,old
2442,10.984199047088623,0.31834134142578274,obse,cracker_scene1,70,old
2443,10.989105701446533,0.3184277610066975,obse,cracker_scene1,70,old
2444,10.993883609771729,0.3184257910691756,obse,cracker_scene1,70,old
2445,10.998936891555786,0.3185680258800388,obse,cracker_scene1,70,old
2446,11.003824710845947,0.3185769558473027,obse,cracker_scene1,70,old
2447,11.008769035339355,0.3186762423030211,obse,cracker_scene1,70,old
2448,11.013656616210938,0.3184656945406633,obse,cracker_scene1,70,old
2449,11.018237829208374,0.3184656945406633,obse,cracker_scene1,70,old
2450,11.023417711257935,0.3189079650193777,obse,cracker_scene1,70,old
2451,11.028282880783081,0.3190165159628714,obse,cracker_scene1,70,old
2452,11.033306121826172,0.3190165159628714,obse,cracker_scene1,70,old
2453,11.038379669189453,0.31914447413659486,obse,cracker_scene1,70,old
2454,11.043020725250244,0.31914447413659486,obse,cracker_scene1,70,old
2455,11.047970533370972,0.3189058330939796,obse,cracker_scene1,70,old
2456,11.052656888961792,0.3188493491131231,obse,cracker_scene1,70,old
2457,11.05772066116333,0.3189940867700366,obse,cracker_scene1,70,old
2458,11.062410116195679,0.3194605878384365,obse,cracker_scene1,70,old
2459,11.067115068435669,0.3194605878384365,obse,cracker_scene1,70,old
2460,11.07178783416748,0.3194605878384365,obse,cracker_scene1,70,old
2461,11.076439142227173,0.31946208113848396,obse,cracker_scene1,70,old
2462,11.081132650375366,0.31964467774625654,obse,cracker_scene1,70,old
2463,11.085459470748901,0.31974333935835225,obse,cracker_scene1,70,old
2464,11.089832782745361,0.31974333935835225,obse,cracker_scene1,70,old
2465,11.094688415527344,0.3198147059229098,obse,cracker_scene1,70,old
2466,11.098770141601562,0.3198147059229098,obse,cracker_scene1,70,old
2467,11.103066682815552,0.3199143193505888,obse,cracker_scene1,70,old
2468,11.107205152511597,0.3199143193505888,obse,cracker_scene1,70,old
2469,11.111270427703857,0.3199143193505888,obse,cracker_scene1,70,old
2470,11.11589002609253,0.3199946112255158,obse,cracker_scene1,70,old
2471,11.120973348617554,0.32001173758251966,obse,cracker_scene1,70,old
2472,11.125985622406006,0.3201787254152765,obse,cracker_scene1,70,old
2473,11.130740404129028,0.3201787254152765,obse,cracker_scene1,70,old
2474,11.135616302490234,0.32027393893361833,obse,cracker_scene1,70,old
2475,11.139974355697632,0.32027393893361833,obse,cracker_scene1,70,old
2476,11.14435887336731,0.32027393893361833,obse,cracker_scene1,70,old
2477,11.148863077163696,0.3203998879338576,obse,cracker_scene1,70,old
2478,11.153213500976562,0.3203998879338576,obse,cracker_scene1,70,old
2479,11.157837629318237,0.3204825448338964,obse,cracker_scene1,70,old
2480,11.162790775299072,0.3204825448338964,obse,cracker_scene1,70,old
2481,11.16730284690857,0.32061877081761236,obse,cracker_scene1,70,old
2482,11.171781063079834,0.3203608978634282,obse,cracker_scene1,70,old
2483,11.175996541976929,0.3203608978634282,obse,cracker_scene1,70,old
2484,11.180358648300171,0.32082900208949755,obse,cracker_scene1,70,old
2485,11.184981107711792,0.32082900208949755,obse,cracker_scene1,70,old
2486,11.189253568649292,0.32082900208949755,obse,cracker_scene1,70,old
2487,11.193656921386719,0.3209504706554444,obse,cracker_scene1,70,old
2488,11.198260307312012,0.3209504706554444,obse,cracker_scene1,70,old
2489,11.203021764755249,0.3210230443406215,obse,cracker_scene1,70,old
2490,11.207566976547241,0.3210230443406215,obse,cracker_scene1,70,old
2491,11.212554931640625,0.3211501335183335,obse,cracker_scene1,70,old
2492,11.216846942901611,0.3212197028531179,obse,cracker_scene1,70,old
2493,11.220990180969238,0.3212197028531179,obse,cracker_scene1,70,old
2494,11.225928783416748,0.3212197028531179,obse,cracker_scene1,70,old
2495,11.232953786849976,0.3211447166965339,obse,cracker_scene1,70,old
2496,11.239182949066162,0.3215870173854175,obse,cracker_scene1,70,old
2497,11.243874073028564,0.32129302821545136,obse,cracker_scene1,70,old
2498,11.248524904251099,0.32175384709671084,obse,cracker_scene1,70,old
2499,11.25344967842102,0.32139079033107926,obse,cracker_scene1,70,old
2500,11.259721517562866,0.32179795623786067,obse,cracker_scene1,70,old
2501,11.264175176620483,0.3218791139867062,obse,cracker_scene1,70,old
2502,11.268314361572266,0.32188140479686045,obse,cracker_scene1,70,old
2503,11.273085117340088,0.32201469148628076,obse,cracker_scene1,70,old
2504,11.277301788330078,0.32201469148628076,obse,cracker_scene1,70,old
2505,11.28208875656128,0.3217522560123774,obse,cracker_scene1,70,old
2506,11.28650188446045,0.32217570360443826,obse,cracker_scene1,70,old
2507,11.291027307510376,0.32217570360443826,obse,cracker_scene1,70,old
2508,11.29557490348816,0.32224963240004456,obse,cracker_scene1,70,old
2509,11.300167798995972,0.32224963240004456,obse,cracker_scene1,70,old
2510,11.304902076721191,0.3223378815890566,obse,cracker_scene1,70,old
2511,11.309224605560303,0.3223378815890566,obse,cracker_scene1,70,old
2512,11.313576221466064,0.3224129721172763,obse,cracker_scene1,70,old
2513,11.31818675994873,0.3224129721172763,obse,cracker_scene1,70,old
2514,11.323091506958008,0.3225195896230482,obse,cracker_scene1,70,old
2515,11.327603816986084,0.3225960165863601,obse,cracker_scene1,70,old
2516,11.331766605377197,0.3225960165863601,obse,cracker_scene1,70,old
2517,11.336027383804321,0.32265270591519973,obse,cracker_scene1,70,old
2518,11.340178966522217,0.32265270591519973,obse,cracker_scene1,70,old
2519,11.34456205368042,0.3226753524613937,obse,cracker_scene1,70,old
2520,11.349222421646118,0.3226753524613937,obse,cracker_scene1,70,old
2521,11.353800535202026,0.3226967287226435,obse,cracker_scene1,70,old
2522,11.358238220214844,0.3226967287226435,obse,cracker_scene1,70,old
2523,11.362930059432983,0.32277734379403733,obse,cracker_scene1,70,old
2524,11.36722707748413,0.32277734379403733,obse,cracker_scene1,70,old
2525,11.371759414672852,0.3228005609200582,obse,cracker_scene1,70,old
2526,11.376330614089966,0.3228005609200582,obse,cracker_scene1,70,old
2527,11.380962610244751,0.3224920600145625,obse,cracker_scene1,70,old
2528,11.385314702987671,0.3225411902411339,obse,cracker_scene1,70,old
2529,11.389950037002563,0.3226353081086765,obse,cracker_scene1,70,old
2530,11.39456033706665,0.3229775457573284,obse,cracker_scene1,70,old
2531,11.399369955062866,0.3229775457573284,obse,cracker_scene1,70,old
2532,11.404410600662231,0.32305339327161986,obse,cracker_scene1,70,old
2533,11.408839464187622,0.32305339327161986,obse,cracker_scene1,70,old
2534,11.413645267486572,0.3230871327676622,obse,cracker_scene1,70,old
2535,11.41781997680664,0.3230871327676622,obse,cracker_scene1,70,old
2536,11.422547101974487,0.3231301880936141,obse,cracker_scene1,70,old
2537,11.427194356918335,0.3231301880936141,obse,cracker_scene1,70,old
2538,11.43210506439209,0.323179069468931,obse,cracker_scene1,70,old
2539,11.436574220657349,0.3232257517685574,obse,cracker_scene1,70,old
2540,11.440954446792603,0.3232257517685574,obse,cracker_scene1,70,old
2541,11.445797204971313,0.3232467032109872,obse,cracker_scene1,70,old
2542,11.450672388076782,0.3232467032109872,obse,cracker_scene1,70,old
2543,11.45591139793396,0.3232806474721456,obse,cracker_scene1,70,old
2544,11.46055269241333,0.32329773598555794,obse,cracker_scene1,70,old
2545,11.465311050415039,0.32331016232353477,obse,cracker_scene1,70,old
2546,11.469928979873657,0.32331016232353477,obse,cracker_scene1,70,old
2547,11.475001573562622,0.32337221302655056,obse,cracker_scene1,70,old
2548,11.479937553405762,0.32337221302655056,obse,cracker_scene1,70,old
2549,11.485034942626953,0.3234115003186691,obse,cracker_scene1,70,old
2550,11.489711046218872,0.3234115003186691,obse,cracker_scene1,70,old
2551,11.494560956954956,0.3230688272822017,obse,cracker_scene1,70,old
2552,11.499256372451782,0.3230688272822017,obse,cracker_scene1,70,old
2553,11.504350423812866,0.3230810693622025,obse,cracker_scene1,70,old
2554,11.509265422821045,0.32354530270076076,obse,cracker_scene1,70,old
2555,11.514211177825928,0.3235474169142376,obse,cracker_scene1,70,old
2556,11.518830299377441,0.06616563262779578,obse,cracker_scene1,70,old
2557,11.523494005203247,0.06598443858896512,obse,cracker_scene1,70,old
2558,11.527914762496948,0.06598443858896512,obse,cracker_scene1,70,old
2559,11.53248643875122,0.06609565394179463,obse,cracker_scene1,70,old
2560,11.537014245986938,0.06609565394179463,obse,cracker_scene1,70,old
2561,11.541568279266357,0.06608386696749925,obse,cracker_scene1,70,old
2562,11.54608154296875,0.06608386696749925,obse,cracker_scene1,70,old
2563,11.550629138946533,0.06613454620252843,obse,cracker_scene1,70,old
2564,11.555323362350464,0.06613454620252843,obse,cracker_scene1,70,old
2565,11.56026315689087,0.06611935209571111,obse,cracker_scene1,70,old
2566,11.564618825912476,0.06613539535448028,obse,cracker_scene1,70,old
2567,11.56898546218872,0.06613539535448028,obse,cracker_scene1,70,old
2568,11.573041915893555,0.06609135920867179,obse,cracker_scene1,70,old
2569,11.577889204025269,0.0661048761193082,obse,cracker_scene1,70,old
2570,11.582391023635864,0.0661048761193082,obse,cracker_scene1,70,old
2571,11.586804866790771,0.06610801155011395,obse,cracker_scene1,70,old
2572,11.59118914604187,0.06610801155011395,obse,cracker_scene1,70,old
2573,11.595771551132202,0.06614862187652826,obse,cracker_scene1,70,old
2574,11.599924564361572,0.06614862187652826,obse,cracker_scene1,70,old
2575,11.604362964630127,0.06615562357665564,obse,cracker_scene1,70,old
2576,11.608427286148071,0.06615562357665564,obse,cracker_scene1,70,old
2577,11.61310625076294,0.06617549887654595,obse,cracker_scene1,70,old
2578,11.61726999282837,0.06617549887654595,obse,cracker_scene1,70,old
2579,11.621738195419312,0.06595467995217003,obse,cracker_scene1,70,old
2580,11.626646041870117,0.06613520252703758,obse,cracker_scene1,70,old
2581,11.63156008720398,0.0661271620428433,obse,cracker_scene1,70,old
2582,11.636212825775146,0.06611479111218446,obse,cracker_scene1,70,old
2583,11.640812873840332,0.06614641426679164,obse,cracker_scene1,70,old
2584,11.645421504974365,0.0659941238744192,obse,cracker_scene1,70,old
2585,11.649643898010254,0.0659941238744192,obse,cracker_scene1,70,old
2586,11.654111385345459,0.06611856707645683,obse,cracker_scene1,70,old
2587,11.658267736434937,0.06611856707645683,obse,cracker_scene1,70,old
2588,11.66264533996582,0.06615657114133754,obse,cracker_scene1,70,old
2589,11.666889905929565,0.06615657114133754,obse,cracker_scene1,70,old
2590,11.671525716781616,0.06615774590528424,obse,cracker_scene1,70,old
2591,11.675683975219727,0.06615774590528424,obse,cracker_scene1,70,old
2592,11.680351495742798,0.06600486935035556,obse,cracker_scene1,70,old
2593,11.684410572052002,0.06600486935035556,obse,cracker_scene1,70,old
2594,11.68858528137207,0.06598694176736555,obse,cracker_scene1,70,old
2595,11.692668199539185,0.0661448006748947,obse,cracker_scene1,70,old
2596,11.696861743927002,0.06597339429942099,obse,cracker_scene1,70,old
2597,11.700937271118164,0.06597339429942099,obse,cracker_scene1,70,old
2598,11.70569372177124,0.0659884019517703,obse,cracker_scene1,70,old
2599,11.709797382354736,0.0659884019517703,obse,cracker_scene1,70,old
2600,11.714526176452637,0.06598669295446992,obse,cracker_scene1,70,old
2601,11.71872878074646,0.06616055561070402,obse,cracker_scene1,70,old
2602,11.723322629928589,0.06616055561070402,obse,cracker_scene1,70,old
2603,11.727469205856323,0.06615547354903027,obse,cracker_scene1,70,old
2604,11.731943368911743,0.0661386889205372,obse,cracker_scene1,70,old
2605,11.736389875411987,0.11009232464735036,obse,cracker_scene1,70,old
2606,11.740986585617065,0.11214956287113156,obse,cracker_scene1,70,old
2607,11.74537968635559,0.11191864293693993,obse,cracker_scene1,70,old
2608,11.749965906143188,0.11206735744375611,obse,cracker_scene1,70,old
2609,11.75440001487732,0.11230711407278147,obse,cracker_scene1,70,old
2610,11.758659601211548,0.11230303301981981,obse,cracker_scene1,70,old
2611,11.76331114768982,0.11230462129755647,obse,cracker_scene1,70,old
2612,11.767679452896118,0.11230462129755647,obse,cracker_scene1,70,old
2613,11.771787405014038,0.11226172246787529,obse,cracker_scene1,70,old
2614,11.776199579238892,0.11226172246787529,obse,cracker_scene1,70,old
2615,11.780709981918335,0.11228298383475582,obse,cracker_scene1,70,old
2616,11.784919023513794,0.11228298383475582,obse,cracker_scene1,70,old
2617,11.789711475372314,0.11229073671936353,obse,cracker_scene1,70,old
2618,11.79418134689331,0.11227783257028268,obse,cracker_scene1,70,old
2619,11.798566579818726,0.11227783257028268,obse,cracker_scene1,70,old
2620,11.802950620651245,0.11227999638689944,obse,cracker_scene1,70,old
2621,11.807325839996338,0.11227999638689944,obse,cracker_scene1,70,old
2622,11.811742305755615,0.11230707302060884,obse,cracker_scene1,70,old
2623,11.816101789474487,0.11230707302060884,obse,cracker_scene1,70,old
2624,11.820464611053467,0.11229001946478019,obse,cracker_scene1,70,old
2625,11.824913501739502,0.11229001946478019,obse,cracker_scene1,70,old
2626,11.829283475875854,0.11227967366154638,obse,cracker_scene1,70,old
2627,11.833314418792725,0.11227967366154638,obse,cracker_scene1,70,old
2628,11.837713718414307,0.11229782136373685,obse,cracker_scene1,70,old
2629,11.841817378997803,0.11229782136373685,obse,cracker_scene1,70,old
2630,11.84620451927185,0.1122736933926308,obse,cracker_scene1,70,old
2631,11.850364923477173,0.1122736933926308,obse,cracker_scene1,70,old
2632,11.854830265045166,0.11229230889653553,obse,cracker_scene1,70,old
2633,11.859131097793579,0.11229230889653553,obse,cracker_scene1,70,old
2634,11.863550662994385,0.11228387719674542,obse,cracker_scene1,70,old
2635,11.867708921432495,0.11228387719674542,obse,cracker_scene1,70,old
2636,11.872238159179688,0.11231549014903204,obse,cracker_scene1,70,old
2637,11.876391649246216,0.11232192030160645,obse,cracker_scene1,70,old
2638,11.88085126876831,0.11230494453380421,obse,cracker_scene1,70,old
2639,11.885025024414062,0.11227518732119753,obse,cracker_scene1,70,old
2640,11.889824867248535,0.11226862609176999,obse,cracker_scene1,70,old
2641,11.894030809402466,0.1123155116515734,obse,cracker_scene1,70,old
2642,11.898753643035889,0.1123155116515734,obse,cracker_scene1,70,old
2643,11.903766632080078,0.11227163930904588,obse,cracker_scene1,70,old
2644,11.9086332321167,0.11227163930904588,obse,cracker_scene1,70,old
2645,11.913823366165161,0.11204690516309211,obse,cracker_scene1,70,old
2646,11.918115854263306,0.11204690516309211,obse,cracker_scene1,70,old
2647,11.922826528549194,0.11229709703799873,obse,cracker_scene1,70,old
2648,11.927586317062378,0.11230278908384804,obse,cracker_scene1,70,old
2649,11.932556629180908,0.11230334803572199,obse,cracker_scene1,70,old
2650,11.937239170074463,0.11230168042295281,obse,cracker_scene1,70,old
2651,11.941665410995483,0.11230168042295281,obse,cracker_scene1,70,old
2652,11.946260690689087,0.11226937169169665,obse,cracker_scene1,70,old
2653,11.950884819030762,0.11226937169169665,obse,cracker_scene1,70,old
2654,11.956093788146973,0.11225045771229465,obse,cracker_scene1,70,old
2655,11.961034297943115,0.11225045771229465,obse,cracker_scene1,70,old
2656,11.966072797775269,0.11222837624417738,obse,cracker_scene1,70,old
2657,11.970929145812988,0.11199084515748493,obse,cracker_scene1,70,old
2658,11.975797891616821,0.11195906797578882,obse,cracker_scene1,70,old
2659,11.98078179359436,0.1119840998089533,obse,cracker_scene1,70,old
2660,11.985558271408081,0.11220402125490962,obse,cracker_scene1,70,old
2661,11.990801811218262,0.1121659145779702,obse,cracker_scene1,70,old
2662,11.99526834487915,0.1121057382662224,obse,cracker_scene1,70,old
2663,11.999323844909668,0.1121057382662224,obse,cracker_scene1,70,old
2664,12.003520727157593,0.11209171869849291,obse,cracker_scene1,70,old
2665,12.007570028305054,0.11209171869849291,obse,cracker_scene1,70,old
2666,12.01186466217041,0.11208639830545641,obse,cracker_scene1,70,old
2667,12.015910387039185,0.11209639289403092,obse,cracker_scene1,70,old
2668,12.020100116729736,0.11208557260964021,obse,cracker_scene1,70,old
2669,12.025385856628418,0.11208557260964021,obse,cracker_scene1,70,old
2670,12.030463457107544,0.11210930877901518,obse,cracker_scene1,70,old
2671,12.035157203674316,0.1120992969916766,obse,cracker_scene1,70,old
2672,12.04011058807373,0.11060571955839991,obse,cracker_scene1,70,old
2673,12.044972896575928,0.1105770117040108,obse,cracker_scene1,70,old
2674,12.049820184707642,0.11056490576898087,obse,cracker_scene1,70,old
2675,12.054759502410889,0.11049366895363305,obse,cracker_scene1,70,old
2676,12.059914350509644,0.11049366895363305,obse,cracker_scene1,70,old
2677,12.06489109992981,0.11047003249132777,obse,cracker_scene1,70,old
2678,12.069829225540161,0.11025580504747176,obse,cracker_scene1,70,old
2679,12.074592351913452,0.11025580504747176,obse,cracker_scene1,70,old
2680,12.079787015914917,0.1104491762511755,obse,cracker_scene1,70,old
2681,12.084681510925293,0.11043586749880749,obse,cracker_scene1,70,old
2682,12.089803457260132,0.11044546953793742,obse,cracker_scene1,70,old
2683,12.094757556915283,0.11046088229491036,obse,cracker_scene1,70,old
2684,12.099601745605469,0.11046088229491036,obse,cracker_scene1,70,old
2685,12.104599237442017,0.11046069255111393,obse,cracker_scene1,70,old
2686,12.109238386154175,0.11046069255111393,obse,cracker_scene1,70,old
2687,12.113787174224854,0.11042263578684727,obse,cracker_scene1,70,old
2688,12.118039846420288,0.11042263578684727,obse,cracker_scene1,70,old
2689,12.12311840057373,0.11040569811528718,obse,cracker_scene1,70,old
2690,12.127959489822388,0.11035667149567509,obse,cracker_scene1,70,old
2691,12.132800817489624,0.1101283591931348,obse,cracker_scene1,70,old
2692,12.137270450592041,0.11029370584823484,obse,cracker_scene1,70,old
2693,12.14154314994812,0.11029370584823484,obse,cracker_scene1,70,old
2694,12.146046876907349,0.11025875049656526,obse,cracker_scene1,70,old
2695,12.15038537979126,0.11025875049656526,obse,cracker_scene1,70,old
2696,12.154838800430298,0.11022000749137689,obse,cracker_scene1,70,old
2697,12.159406185150146,0.11022000749137689,obse,cracker_scene1,70,old
2698,12.16420316696167,0.10996440358756232,obse,cracker_scene1,70,old
2699,12.168444156646729,0.10996440358756232,obse,cracker_scene1,70,old
2700,12.173269510269165,0.11001815719624278,obse,cracker_scene1,70,old
2701,12.17766261100769,0.11022194746415775,obse,cracker_scene1,70,old
2702,12.182257413864136,0.11022194746415775,obse,cracker_scene1,70,old
2703,12.186757564544678,0.11019368752042696,obse,cracker_scene1,70,old
2704,12.191567182540894,0.11019368752042696,obse,cracker_scene1,70,old
2705,12.195873260498047,0.11014329633522404,obse,cracker_scene1,70,old
2706,12.200370073318481,0.11014329633522404,obse,cracker_scene1,70,old
2707,12.20457410812378,0.110099648493094,obse,cracker_scene1,70,old
2708,12.208671569824219,0.110099648493094,obse,cracker_scene1,70,old
2709,12.212944030761719,0.11009640569389534,obse,cracker_scene1,70,old
2710,12.217059850692749,0.11009640569389534,obse,cracker_scene1,70,old
2711,12.221967220306396,0.11007259735492801,obse,cracker_scene1,70,old
2712,12.226310729980469,0.11007259735492801,obse,cracker_scene1,70,old
2713,12.231248617172241,0.10978492239648925,obse,cracker_scene1,70,old
2714,12.235523223876953,0.11003315118954497,obse,cracker_scene1,70,old
2715,12.240228176116943,0.11003811044307449,obse,cracker_scene1,70,old
2716,12.244507074356079,0.1097403942655087,obse,cracker_scene1,70,old
2717,12.248941898345947,0.1097403942655087,obse,cracker_scene1,70,old
2718,12.253300428390503,0.10971718318907953,obse,cracker_scene1,70,old
2719,12.258022546768188,0.10971718318907953,obse,cracker_scene1,70,old
2720,12.26241397857666,0.10995770961175559,obse,cracker_scene1,70,old
2721,12.266617059707642,0.10995770961175559,obse,cracker_scene1,70,old
2722,12.271021842956543,0.10997790275785777,obse,cracker_scene1,70,old
2723,12.275360584259033,0.10990654946924158,obse,cracker_scene1,70,old
2724,12.2798490524292,0.10989151474116811,obse,cracker_scene1,70,old
2725,12.284034490585327,0.10986245469824892,obse,cracker_scene1,70,old
2726,12.28872013092041,0.10959862631144325,obse,cracker_scene1,70,old
2727,12.292946100234985,0.10959862631144325,obse,cracker_scene1,70,old
2728,12.297346830368042,0.10959862631144325,obse,cracker_scene1,70,old
2729,12.302045106887817,0.10986194412924498,obse,cracker_scene1,70,old
2730,12.306570768356323,0.10986108718149255,obse,cracker_scene1,70,old
2731,12.310919523239136,0.10986108718149255,obse,cracker_scene1,70,old
2732,12.315051078796387,0.10986108718149255,obse,cracker_scene1,70,old
2733,12.31955099105835,0.10953688944533076,obse,cracker_scene1,70,old
2734,12.32423448562622,0.0770327427868425,obse,cracker_scene1,70,old
2735,12.328549146652222,0.0770327427868425,obse,cracker_scene1,70,old
2736,12.33304476737976,0.07605465503574353,obse,cracker_scene1,70,old
2737,12.337241649627686,0.07605465503574353,obse,cracker_scene1,70,old
2738,12.341594457626343,0.07605465503574353,obse,cracker_scene1,70,old
2739,12.345874309539795,0.07605465503574353,obse,cracker_scene1,70,old
2740,12.350469589233398,0.07594010657043791,obse,cracker_scene1,70,old
2741,12.354719161987305,0.07594010657043791,obse,cracker_scene1,70,old
2742,12.35956597328186,0.07574391321350028,obse,cracker_scene1,70,old
2743,12.364149808883667,0.07573070571097444,obse,cracker_scene1,70,old
2744,12.368416547775269,0.07565063635297117,obse,cracker_scene1,70,old
2745,12.37312364578247,0.07565063635297117,obse,cracker_scene1,70,old
2746,12.377349853515625,0.07565063635297117,obse,cracker_scene1,70,old
2747,12.38197636604309,0.07554668563795779,obse,cracker_scene1,70,old
2748,12.386593103408813,0.07565586331646316,obse,cracker_scene1,70,old
2749,12.391054391860962,0.07565586331646316,obse,cracker_scene1,70,old
2750,12.395441770553589,0.07561916744798804,obse,cracker_scene1,70,old
2751,12.400050401687622,0.07532925665333985,obse,cracker_scene1,70,old
2752,12.404385089874268,0.07532925665333985,obse,cracker_scene1,70,old
2753,12.40893006324768,0.07523088831452567,obse,cracker_scene1,70,old
2754,12.413366079330444,0.07523088831452567,obse,cracker_scene1,70,old
2755,12.4175865650177,0.07544937201742491,obse,cracker_scene1,70,old
2756,12.42206597328186,0.07539295773456312,obse,cracker_scene1,70,old
2757,12.427049398422241,0.07530080653324711,obse,cracker_scene1,70,old
2758,12.43221378326416,0.0751732947850264,obse,cracker_scene1,70,old
2759,12.437356233596802,0.07517725566552913,obse,cracker_scene1,70,old
2760,12.441794872283936,0.07514648534043752,obse,cracker_scene1,70,old
2761,12.445998668670654,0.075146892924598,obse,cracker_scene1,70,old
2762,12.45057225227356,0.07505903294194673,obse,cracker_scene1,70,old
2763,12.455106973648071,0.07506464938573178,obse,cracker_scene1,70,old
2764,12.459819555282593,0.07506464938573178,obse,cracker_scene1,70,old
2765,12.464186191558838,0.07498459487100669,obse,cracker_scene1,70,old
2766,12.468676567077637,0.07472857999809644,obse,cracker_scene1,70,old
2767,12.473203897476196,0.07472857999809644,obse,cracker_scene1,70,old
2768,12.477675676345825,0.07476700297324064,obse,cracker_scene1,70,old
2769,12.482215642929077,0.07476700297324064,obse,cracker_scene1,70,old
2770,12.486752033233643,0.07470507327231649,obse,cracker_scene1,70,old
2771,12.491411447525024,0.07470507327231649,obse,cracker_scene1,70,old
2772,12.495871782302856,0.07464228350218416,obse,cracker_scene1,70,old
2773,12.500319719314575,0.07464228350218416,obse,cracker_scene1,70,old
2774,12.504873037338257,0.0746524885084189,obse,cracker_scene1,70,old
2775,12.509120464324951,0.0746524885084189,obse,cracker_scene1,70,old
2776,12.51365876197815,0.07460936400263517,obse,cracker_scene1,70,old
2777,12.518365383148193,0.07459970624862061,obse,cracker_scene1,70,old
2778,12.522883653640747,0.07459970624862061,obse,cracker_scene1,70,old
2779,12.527160406112671,0.07455741477728015,obse,cracker_scene1,70,old
2780,12.531899213790894,0.07432244131098953,obse,cracker_scene1,70,old
2781,12.536440372467041,0.07448569616010513,obse,cracker_scene1,70,old
2782,12.54086947441101,0.07448569616010513,obse,cracker_scene1,70,old
2783,12.545345544815063,0.0744880332937549,obse,cracker_scene1,70,old
2784,12.549986362457275,0.074410507495861,obse,cracker_scene1,70,old
2785,12.554698944091797,0.07436890283656337,obse,cracker_scene1,70,old
2786,12.558934926986694,0.07436890283656337,obse,cracker_scene1,70,old
2787,12.563811302185059,0.07431261351333579,obse,cracker_scene1,70,old
2788,12.568875551223755,0.2664899554166527,obse,cracker_scene1,70,old
2789,12.573923349380493,0.2709903731325932,obse,cracker_scene1,70,old
2790,12.579041242599487,0.27099573467662846,obse,cracker_scene1,70,old
2791,12.584084510803223,0.27093419611605074,obse,cracker_scene1,70,old
2792,12.589246034622192,0.27127048524037267,obse,cracker_scene1,70,old
2793,12.593804597854614,0.2708810730751862,obse,cracker_scene1,70,old
2794,12.598369359970093,0.2708810730751862,obse,cracker_scene1,70,old
2795,12.602768898010254,0.270816086170725,obse,cracker_scene1,70,old
2796,12.607310056686401,0.270816086170725,obse,cracker_scene1,70,old
2797,12.611850500106812,0.2708438012428779,obse,cracker_scene1,70,old
2798,12.616094827651978,0.2708438012428779,obse,cracker_scene1,70,old
2799,12.620623350143433,0.2706484725383128,obse,cracker_scene1,70,old
2800,12.625448942184448,0.2706484725383128,obse,cracker_scene1,70,old
2801,12.630472183227539,0.27088317865564976,obse,cracker_scene1,70,old
2802,12.635376930236816,0.2705835036892115,obse,cracker_scene1,70,old
2803,12.63956093788147,0.27048492483370706,obse,cracker_scene1,70,old
2804,12.643896341323853,0.27105889583295667,obse,cracker_scene1,70,old
2805,12.648052215576172,0.27098492481425873,obse,cracker_scene1,70,old
2806,12.652305603027344,0.27099141019718087,obse,cracker_scene1,70,old
2807,12.656510591506958,0.2708829437685854,obse,cracker_scene1,70,old
2808,12.660776376724243,0.2704769416323531,obse,cracker_scene1,70,old
2809,12.665487051010132,0.2704769416323531,obse,cracker_scene1,70,old
2810,12.669732332229614,0.2704762738813107,obse,cracker_scene1,70,old
2811,12.674491882324219,0.2703710427813325,obse,cracker_scene1,70,old
2812,12.678861618041992,0.2703780419657772,obse,cracker_scene1,70,old
2813,12.683146238327026,0.27032261933052815,obse,cracker_scene1,70,old
2814,12.687411308288574,0.27021189535120427,obse,cracker_scene1,70,old
2815,12.691779375076294,0.27021189535120427,obse,cracker_scene1,70,old
2816,12.696065902709961,0.2701476853693803,obse,cracker_scene1,70,old
2817,12.700563669204712,0.2701476853693803,obse,cracker_scene1,70,old
2818,12.70487093925476,0.27048117702467667,obse,cracker_scene1,70,old
2819,12.709035396575928,0.27041962972309724,obse,cracker_scene1,70,old
2820,12.71335768699646,0.27041962972309724,obse,cracker_scene1,70,old
2821,12.717773675918579,0.27036453694376644,obse,cracker_scene1,70,old
2822,12.722360849380493,0.2698884512528148,obse,cracker_scene1,70,old
2823,12.726675271987915,0.2698884512528148,obse,cracker_scene1,70,old
2824,12.731168031692505,0.2699033707586092,obse,cracker_scene1,70,old
2825,12.735785484313965,0.26984663439246603,obse,cracker_scene1,70,old
2826,12.740977048873901,0.26975643933087734,obse,cracker_scene1,70,old
2827,12.745717763900757,0.26975643933087734,obse,cracker_scene1,70,old
2828,12.750731468200684,0.05464505956702716,obse,cracker_scene1,70,old
2829,12.755450010299683,0.05464505956702716,obse,cracker_scene1,70,old
2830,12.76051640510559,0.0652759769665895,obse,cracker_scene1,70,old
2831,12.765419244766235,0.06512696137951676,obse,cracker_scene1,70,old
2832,12.77009892463684,0.06640809404728976,obse,cracker_scene1,70,old
2833,12.775014638900757,0.06640809404728976,obse,cracker_scene1,70,old
2834,12.78001856803894,0.0661452333684508,obse,cracker_scene1,70,old
2835,12.785738945007324,0.06610835421599282,obse,cracker_scene1,70,old
2836,12.790529727935791,0.06597799625734373,obse,cracker_scene1,70,old
2837,12.795833587646484,0.06597799625734373,obse,cracker_scene1,70,old
2838,12.800397396087646,0.06615779207108019,obse,cracker_scene1,70,old
2839,12.804647207260132,0.06615779207108019,obse,cracker_scene1,70,old
2840,12.809097528457642,0.0660692906212239,obse,cracker_scene1,70,old
2841,12.813508987426758,0.0660692906212239,obse,cracker_scene1,70,old
2842,12.817627906799316,0.0660692906212239,obse,cracker_scene1,70,old
2843,12.822410106658936,0.06575765077269674,obse,cracker_scene1,70,old
2844,12.827812433242798,0.06587381789163607,obse,cracker_scene1,70,old
2845,12.83440351486206,0.06524405783396534,obse,cracker_scene1,70,old
2846,12.83977746963501,0.06532685825190884,obse,cracker_scene1,70,old
2847,12.84473466873169,0.06524514612001643,obse,cracker_scene1,70,old
2848,12.849917888641357,0.06514805462801099,obse,cracker_scene1,70,old
2849,12.855044603347778,0.06503857794128863,obse,cracker_scene1,70,old
2850,12.860317468643188,0.06509638139684239,obse,cracker_scene1,70,old
2851,12.86514163017273,0.06499299223078213,obse,cracker_scene1,70,old
2852,12.869702339172363,0.06515199109416049,obse,cracker_scene1,70,old
2853,12.874547243118286,0.06515199109416049,obse,cracker_scene1,70,old
2854,12.879416465759277,0.06488190857608052,obse,cracker_scene1,70,old
2855,12.884140491485596,0.06488190857608052,obse,cracker_scene1,70,old
2856,12.88939905166626,0.06508754327784604,obse,cracker_scene1,70,old
2857,12.894426584243774,0.06483296893811304,obse,cracker_scene1,70,old
2858,12.899303436279297,0.06483296893811304,obse,cracker_scene1,70,old
2859,12.904361009597778,0.0649367061083211,obse,cracker_scene1,70,old
2860,12.909172773361206,0.0649367061083211,obse,cracker_scene1,70,old
2861,12.914251565933228,0.06486166574491332,obse,cracker_scene1,70,old
2862,12.918972730636597,0.06477031231218629,obse,cracker_scene1,70,old
2863,12.924212455749512,0.0646324835499458,obse,cracker_scene1,70,old
2864,12.929527997970581,0.06429921641571139,obse,cracker_scene1,70,old
2865,12.934355020523071,0.06429921641571139,obse,cracker_scene1,70,old
2866,12.939371824264526,0.06437034094517079,obse,cracker_scene1,70,old
2867,12.944400310516357,0.06430984958109849,obse,cracker_scene1,70,old
2868,12.949341297149658,0.06430984958109849,obse,cracker_scene1,70,old
2869,12.954430103302002,0.0642707530991126,obse,cracker_scene1,70,old
2870,12.959447622299194,0.0642832853526253,obse,cracker_scene1,70,old
2871,12.964687585830688,0.06424332964101473,obse,cracker_scene1,70,old
2872,12.969590902328491,0.06417525476765093,obse,cracker_scene1,70,old
2873,12.974268198013306,0.06417525476765093,obse,cracker_scene1,70,old
2874,12.978457689285278,0.0641447288092905,obse,cracker_scene1,70,old
2875,12.982852935791016,0.0641447288092905,obse,cracker_scene1,70,old
2876,12.98773741722107,0.06408504276024433,obse,cracker_scene1,70,old
2877,12.992708444595337,0.06408504276024433,obse,cracker_scene1,70,old
2878,12.99787187576294,0.06396240674998341,obse,cracker_scene1,70,old
2879,13.003042936325073,0.06388396925510074,obse,cracker_scene1,70,old
2880,13.007946014404297,0.06388396925510074,obse,cracker_scene1,70,old
2881,13.012876510620117,0.06374592462710812,obse,cracker_scene1,70,old
2882,13.017860412597656,0.06341599625859076,obse,cracker_scene1,70,old
2883,13.022856950759888,0.06341599625859076,obse,cracker_scene1,70,old
2884,13.027968883514404,0.06360863844839405,obse,cracker_scene1,70,old
2885,13.032823324203491,0.06360863844839405,obse,cracker_scene1,70,old
2886,13.037564039230347,0.06352364538484064,obse,cracker_scene1,70,old
2887,13.04262900352478,0.06703968963146682,obse,cracker_scene1,70,old
2888,13.0477454662323,0.0669450831599226,obse,cracker_scene1,70,old
2889,13.052820205688477,0.06691258917669585,obse,cracker_scene1,70,old
2890,13.058207511901855,0.06690433213446666,obse,cracker_scene1,70,old
2891,13.06303882598877,0.06710715439950471,obse,cracker_scene1,70,old
2892,13.067867279052734,0.06710715439950471,obse,cracker_scene1,70,old
2893,13.072653770446777,0.06704349078258601,obse,cracker_scene1,70,old
2894,13.077452182769775,0.06703698242144318,obse,cracker_scene1,70,old
2895,13.082308292388916,0.06698378536068515,obse,cracker_scene1,70,old
2896,13.087127447128296,0.06700899461040075,obse,cracker_scene1,70,old
2897,13.091938257217407,0.06697350593308557,obse,cracker_scene1,70,old
2898,13.097344398498535,0.06694105137602112,obse,cracker_scene1,70,old
2899,13.101739406585693,0.06694105137602112,obse,cracker_scene1,70,old
2900,13.10691213607788,0.06688512824503418,obse,cracker_scene1,70,old
2901,13.111835718154907,0.06683915731766844,obse,cracker_scene1,70,old
2902,13.116823673248291,0.06683915731766844,obse,cracker_scene1,70,old
2903,13.121882915496826,0.06652851303105217,obse,cracker_scene1,70,old
2904,13.12672758102417,0.06652851303105217,obse,cracker_scene1,70,old
2905,13.13206171989441,0.066748250471576,obse,cracker_scene1,70,old
2906,13.13671088218689,0.06644702847136538,obse,cracker_scene1,70,old
2907,13.141664028167725,0.06644702847136538,obse,cracker_scene1,70,old
2908,13.14699649810791,0.06670061850873389,obse,cracker_scene1,70,old
2909,13.152085781097412,0.06670061850873389,obse,cracker_scene1,70,old
2910,13.15729832649231,0.06663306315253563,obse,cracker_scene1,70,old
2911,13.162004232406616,0.06659301714131444,obse,cracker_scene1,70,old
2912,13.166833877563477,0.06659301714131444,obse,cracker_scene1,70,old
2913,13.172189712524414,0.06621989297619305,obse,cracker_scene1,70,old
2914,13.176945447921753,0.06621989297619305,obse,cracker_scene1,70,old
2915,13.182158470153809,0.06653007961024839,obse,cracker_scene1,70,old
2916,13.187173843383789,0.06648300002681952,obse,cracker_scene1,70,old
2917,13.192100286483765,0.06648300002681952,obse,cracker_scene1,70,old
2918,13.19722056388855,0.06646782855173047,obse,cracker_scene1,70,old
2919,13.202141284942627,0.06621655618985273,obse,cracker_scene1,70,old
2920,13.207273483276367,0.06616939612361812,obse,cracker_scene1,70,old
2921,13.212326288223267,0.0663922178856358,obse,cracker_scene1,70,old
2922,13.217148303985596,0.0663922178856358,obse,cracker_scene1,70,old
2923,13.221912384033203,0.06609779355927843,obse,cracker_scene1,70,old
2924,13.226415872573853,0.06631893533127828,obse,cracker_scene1,70,old
2925,13.230944633483887,0.06631893533127828,obse,cracker_scene1,70,old
2926,13.23521375656128,0.06630777876273207,obse,cracker_scene1,70,old
2927,13.239790678024292,0.06625378695775992,obse,cracker_scene1,70,old
2928,13.244182586669922,0.06625927780900576,obse,cracker_scene1,70,old
2929,13.248563766479492,0.06625927780900576,obse,cracker_scene1,70,old
2930,13.252914905548096,0.06585819016020607,obse,cracker_scene1,70,old
2931,13.257552146911621,0.06585819016020607,obse,cracker_scene1,70,old
2932,13.261910915374756,0.06616469295188886,obse,cracker_scene1,70,old
2933,13.265964031219482,0.06616469295188886,obse,cracker_scene1,70,old
2934,13.27025818824768,0.0658331973473267,obse,cracker_scene1,70,old
2935,13.274436473846436,0.0658331973473267,obse,cracker_scene1,70,old
2936,13.278793811798096,0.0658227155894642,obse,cracker_scene1,70,old
2937,13.28297758102417,0.0658227155894642,obse,cracker_scene1,70,old
2938,13.287838697433472,0.06307159725987274,obse,cracker_scene1,70,old
2939,13.292200803756714,0.06307159725987274,obse,cracker_scene1,70,old
2940,13.296714067459106,0.06312318682160158,obse,cracker_scene1,70,old
2941,13.300772666931152,0.06312318682160158,obse,cracker_scene1,70,old
2942,13.305376052856445,0.06305755849820734,obse,cracker_scene1,70,old
2943,13.30988883972168,0.06302881471800909,obse,cracker_scene1,70,old
2944,13.314371109008789,0.06301051591618353,obse,cracker_scene1,70,old
2945,13.31908106803894,0.06296935582386833,obse,cracker_scene1,70,old
2946,13.323609828948975,0.06296935582386833,obse,cracker_scene1,70,old
2947,13.327929496765137,0.06265801108178833,obse,cracker_scene1,70,old
2948,13.332301378250122,0.06265801108178833,obse,cracker_scene1,70,old
2949,13.33686900138855,0.06293428940273878,obse,cracker_scene1,70,old
2950,13.341066360473633,0.06293428940273878,obse,cracker_scene1,70,old
2951,13.345686674118042,0.06286369635066913,obse,cracker_scene1,70,old
2952,13.350008249282837,0.06286369635066913,obse,cracker_scene1,70,old
2953,13.354554176330566,0.06285249592696102,obse,cracker_scene1,70,old
2954,13.358830690383911,0.06285249592696102,obse,cracker_scene1,70,old
2955,13.36343264579773,0.06282461960230791,obse,cracker_scene1,70,old
2956,13.367658138275146,0.06282461960230791,obse,cracker_scene1,70,old
2957,13.37204098701477,0.06282483708955004,obse,cracker_scene1,70,old
2958,13.376553773880005,0.06250810036968607,obse,cracker_scene1,70,old
2959,13.381013870239258,0.062488945063404105,obse,cracker_scene1,70,old
2960,13.385311841964722,0.06279401671202033,obse,cracker_scene1,70,old
2961,13.389768123626709,0.0627411420538955,obse,cracker_scene1,70,old
2962,13.394249200820923,0.0626828117944987,obse,cracker_scene1,70,old
2963,13.398666381835938,0.0626828117944987,obse,cracker_scene1,70,old
2964,13.403267621994019,0.062389105750901695,obse,cracker_scene1,70,old
2965,13.407504796981812,0.062389105750901695,obse,cracker_scene1,70,old
2966,13.411947965621948,0.06267861095105824,obse,cracker_scene1,70,old
2967,13.4163658618927,0.06267861095105824,obse,cracker_scene1,70,old
2968,13.420855522155762,0.06263294628552621,obse,cracker_scene1,70,old
2969,13.425177574157715,0.06263294628552621,obse,cracker_scene1,70,old
2970,13.430182695388794,0.06263151633229448,obse,cracker_scene1,70,old
2971,13.43475604057312,0.06265055805872569,obse,cracker_scene1,70,old
2972,13.439404726028442,0.06263794740833961,obse,cracker_scene1,70,old
2973,13.443684577941895,0.06263794740833961,obse,cracker_scene1,70,old
2974,13.448308229446411,0.06252340831617775,obse,cracker_scene1,70,old
2975,13.453103065490723,0.06248084677057255,obse,cracker_scene1,70,old
2976,13.458263874053955,0.06248084677057255,obse,cracker_scene1,70,old
2977,13.462767362594604,0.06160297042146057,obse,cracker_scene1,70,old
2978,13.466859340667725,0.06160297042146057,obse,cracker_scene1,70,old
2979,13.471129417419434,0.06133448034467436,obse,cracker_scene1,70,old
2980,13.476147890090942,0.06133448034467436,obse,cracker_scene1,70,old
2981,13.48091197013855,0.06133676048207032,obse,cracker_scene1,70,old
2982,13.486191987991333,0.0603006754471409,obse,cracker_scene1,70,old
2983,13.490715742111206,0.060243184869256,obse,cracker_scene1,70,old
2984,13.495768070220947,0.06034254033525881,obse,cracker_scene1,70,old
2985,13.500647068023682,0.06038696728465771,obse,cracker_scene1,70,old
2986,13.505256175994873,0.06038696728465771,obse,cracker_scene1,70,old
2987,13.509394645690918,0.06038696728465771,obse,cracker_scene1,70,old
2988,13.513652801513672,0.0604044104886218,obse,cracker_scene1,70,old
2989,13.517964601516724,0.0604044104886218,obse,cracker_scene1,70,old
2990,13.522218704223633,0.06064696427224529,obse,cracker_scene1,70,old
2991,13.526672124862671,0.06064696427224529,obse,cracker_scene1,70,old
2992,13.531025886535645,0.06047505578937076,obse,cracker_scene1,70,old
2993,13.535476207733154,0.06041462243284412,obse,cracker_scene1,70,old
2994,13.539527893066406,0.06041462243284412,obse,cracker_scene1,70,old
2995,13.54400634765625,0.06066478953831229,obse,cracker_scene1,70,old
2996,13.548328399658203,0.0604691625969709,obse,cracker_scene1,70,old
2997,13.552650690078735,0.0603846565451217,obse,cracker_scene1,70,old
2998,13.55722165107727,0.0606612246258777,obse,cracker_scene1,70,old
2999,13.561359882354736,0.0606612246258777,obse,cracker_scene1,70,old
3000,13.565818071365356,0.06070459339692845,obse,cracker_scene1,70,old
3001,13.57024598121643,0.06070459339692845,obse,cracker_scene1,70,old
3002,13.574504375457764,0.06044132201351506,obse,cracker_scene1,70,old
3003,13.578747034072876,0.06044132201351506,obse,cracker_scene1,70,old
3004,13.583208084106445,0.0604455298452676,obse,cracker_scene1,70,old
3005,13.587508201599121,0.0604455298452676,obse,cracker_scene1,70,old
3006,13.591591835021973,0.0604455298452676,obse,cracker_scene1,70,old
3007,13.596262454986572,0.060706252465542274,obse,cracker_scene1,70,old
3008,13.600643634796143,0.060410050960057776,obse,cracker_scene1,70,old
3009,13.605066537857056,0.060410050960057776,obse,cracker_scene1,70,old
3010,13.6091787815094,0.060410050960057776,obse,cracker_scene1,70,old
3011,13.613972663879395,0.06042101678368248,obse,cracker_scene1,70,old
3012,13.618759393692017,0.06069398861406643,obse,cracker_scene1,70,old
3013,13.623337507247925,0.06069398861406643,obse,cracker_scene1,70,old
3014,13.627903461456299,0.06042860564879458,obse,cracker_scene1,70,old
3015,13.632888317108154,0.06036428187565706,obse,cracker_scene1,70,old
3016,13.637786388397217,0.06029801572755783,obse,cracker_scene1,70,old
3017,13.642950773239136,0.06042441602966981,obse,cracker_scene1,70,old
3018,13.647700071334839,0.06032620449771536,obse,cracker_scene1,70,old
3019,13.651899337768555,0.060594060326401696,obse,cracker_scene1,70,old
3020,13.656691789627075,0.060553955131876405,obse,cracker_scene1,70,old
3021,13.66133737564087,0.06055986602968607,obse,cracker_scene1,70,old
3022,13.665718078613281,0.06055986602968607,obse,cracker_scene1,70,old
3023,13.670240879058838,0.06052296948203917,obse,cracker_scene1,70,old
3024,13.674579858779907,0.06052296948203917,obse,cracker_scene1,70,old
3025,13.679198503494263,0.06045885584926489,obse,cracker_scene1,70,old
3026,13.683467626571655,0.06045885584926489,obse,cracker_scene1,70,old
3027,13.6883065700531,0.060008857993551504,obse,cracker_scene1,70,old
3028,13.692742109298706,0.060008857993551504,obse,cracker_scene1,70,old
3029,13.697338819503784,0.06015180500863797,obse,cracker_scene1,70,old
3030,13.701485633850098,0.06015180500863797,obse,cracker_scene1,70,old
3031,13.706071138381958,0.06042299165054248,obse,cracker_scene1,70,old
3032,13.710441589355469,0.06043234062233499,obse,cracker_scene1,70,old
3033,13.715166807174683,0.07107454726564952,obse,cracker_scene1,70,old
3034,13.719682693481445,0.0710645276150214,obse,cracker_scene1,70,old
3035,13.724285364151001,0.0710645276150214,obse,cracker_scene1,70,old
3036,13.728804349899292,0.07107199474125496,obse,cracker_scene1,70,old
3037,13.733033657073975,0.07107199474125496,obse,cracker_scene1,70,old
3038,13.737740755081177,0.07095150631520412,obse,cracker_scene1,70,old
3039,13.742048025131226,0.07095150631520412,obse,cracker_scene1,70,old
3040,13.746760845184326,0.07079388452179249,obse,cracker_scene1,70,old
3041,13.750839710235596,0.07079388452179249,obse,cracker_scene1,70,old
3042,13.755503416061401,0.07104126562455516,obse,cracker_scene1,70,old
3043,13.759904384613037,0.07104126562455516,obse,cracker_scene1,70,old
3044,13.764505863189697,0.07111074463909695,obse,cracker_scene1,70,old
3045,13.76894211769104,0.0707949186143798,obse,cracker_scene1,70,old
3046,13.773391485214233,0.07075020598700324,obse,cracker_scene1,70,old
3047,13.777817964553833,0.07100493289675043,obse,cracker_scene1,70,old
3048,13.782180309295654,0.07100493289675043,obse,cracker_scene1,70,old
3049,13.786674499511719,0.0706146713126291,obse,cracker_scene1,70,old
3050,13.791140794754028,0.0706146713126291,obse,cracker_scene1,70,old
3051,13.795968055725098,0.07049828790017783,obse,cracker_scene1,70,old
3052,13.800695419311523,0.07049828790017783,obse,cracker_scene1,70,old
3053,13.805328369140625,0.0708108845695532,obse,cracker_scene1,70,old
3054,13.80957841873169,0.07046580072117765,obse,cracker_scene1,70,old
3055,13.81584620475769,0.07063031481415993,obse,cracker_scene1,70,old
3056,13.820583820343018,0.07101085728555086,obse,cracker_scene1,70,old
3057,13.824939727783203,0.07101085728555086,obse,cracker_scene1,70,old
3058,13.829577922821045,0.0706510318565656,obse,cracker_scene1,70,old
3059,13.833837270736694,0.0706510318565656,obse,cracker_scene1,70,old
3060,13.838449239730835,0.07050188827408932,obse,cracker_scene1,70,old
3061,13.84272050857544,0.07050188827408932,obse,cracker_scene1,70,old
3062,13.847622871398926,0.07083000239534074,obse,cracker_scene1,70,old
3063,13.851856470108032,0.07091938375654995,obse,cracker_scene1,70,old
3064,13.856476306915283,0.07091938375654995,obse,cracker_scene1,70,old
3065,13.860800743103027,0.07067225959318973,obse,cracker_scene1,70,old
3066,13.865127563476562,0.07067225959318973,obse,cracker_scene1,70,old
3067,13.869177103042603,0.07067225959318973,obse,cracker_scene1,70,old
3068,13.873379707336426,0.07096674730187387,obse,cracker_scene1,70,old
3069,13.877802610397339,0.07096674730187387,obse,cracker_scene1,70,old
3070,13.8834707736969,0.07095094771547923,obse,cracker_scene1,70,old
3071,13.887972831726074,0.07095094771547923,obse,cracker_scene1,70,old
3072,13.892553567886353,0.07084061218781595,obse,cracker_scene1,70,old
3073,13.896954774856567,0.07084061218781595,obse,cracker_scene1,70,old
3074,13.901204586029053,0.07084061218781595,obse,cracker_scene1,70,old
3075,13.905812501907349,0.0705602218006496,obse,cracker_scene1,70,old
3076,13.91013479232788,0.0705602218006496,obse,cracker_scene1,70,old
3077,13.914795875549316,0.06657187248762099,obse,cracker_scene1,70,old
3078,13.919302225112915,0.06688441054574878,obse,cracker_scene1,70,old
3079,13.923844814300537,0.06688441054574878,obse,cracker_scene1,70,old
3080,13.928468942642212,0.06675285673227596,obse,cracker_scene1,70,old
3081,13.93325400352478,0.06675285673227596,obse,cracker_scene1,70,old
3082,13.938323259353638,0.0667027006426409,obse,cracker_scene1,70,old
3083,13.943077325820923,0.0667027006426409,obse,cracker_scene1,70,old
3084,13.947939157485962,0.06644319476763175,obse,cracker_scene1,70,old
3085,13.953222036361694,0.06623394925509742,obse,cracker_scene1,70,old
3086,13.958389043807983,0.06644407406441251,obse,cracker_scene1,70,old
3087,13.962791204452515,0.06644407406441251,obse,cracker_scene1,70,old
3088,13.967398643493652,0.06621826075655149,obse,cracker_scene1,70,old
3089,13.971949577331543,0.06621826075655149,obse,cracker_scene1,70,old
3090,13.9762282371521,0.06621826075655149,obse,cracker_scene1,70,old
3091,13.98101258277893,0.06618140793646086,obse,cracker_scene1,70,old
3092,13.985548496246338,0.06626209168764262,obse,cracker_scene1,70,old
3093,13.99018931388855,0.06626209168764262,obse,cracker_scene1,70,old
3094,13.994508266448975,0.06626209168764262,obse,cracker_scene1,70,old
3095,13.999070405960083,0.06606590391549991,obse,cracker_scene1,70,old
3096,14.003461837768555,0.06606590391549991,obse,cracker_scene1,70,old
3097,14.008075475692749,0.06600692248738996,obse,cracker_scene1,70,old
3098,14.012208461761475,0.06600692248738996,obse,cracker_scene1,70,old
3099,14.017268180847168,0.06571846021992155,obse,cracker_scene1,70,old
3100,14.021801471710205,0.06571846021992155,obse,cracker_scene1,70,old
3101,14.02695631980896,0.0656602547240079,obse,cracker_scene1,70,old
3102,14.031566619873047,0.06604551999230708,obse,cracker_scene1,70,old
3103,14.03703761100769,0.06573932591140536,obse,cracker_scene1,70,old
3104,14.042686700820923,0.06581800027869757,obse,cracker_scene1,70,old
3105,14.048161268234253,0.06577967942831217,obse,cracker_scene1,70,old
3106,14.053331136703491,0.0657280368857752,obse,cracker_scene1,70,old
3107,14.058060646057129,0.0657280368857752,obse,cracker_scene1,70,old
3108,14.063069581985474,0.06544322370519187,obse,cracker_scene1,70,old
3109,14.067467212677002,0.06544322370519187,obse,cracker_scene1,70,old
3110,14.072143316268921,0.0658222490420145,obse,cracker_scene1,70,old
3111,14.07657790184021,0.0658222490420145,obse,cracker_scene1,70,old
3112,14.081509351730347,0.06653669812134921,obse,cracker_scene1,70,old
3113,14.08644151687622,0.06653514681115996,obse,cracker_scene1,70,old
3114,14.091145753860474,0.06653514681115996,obse,cracker_scene1,70,old
3115,14.095959186553955,0.06642211296541341,obse,cracker_scene1,70,old
3116,14.101073265075684,0.0662553751412856,obse,cracker_scene1,70,old
3117,14.10636854171753,0.06620937373412898,obse,cracker_scene1,70,old
3118,14.111181020736694,0.06653417170532543,obse,cracker_scene1,70,old
3119,14.1159508228302,0.06653417170532543,obse,cracker_scene1,70,old
3120,14.120969772338867,0.0662925487211912,obse,cracker_scene1,70,old
3121,14.126173257827759,0.0662925487211912,obse,cracker_scene1,70,old
3122,14.131346464157104,0.06626488709861367,obse,cracker_scene1,70,old
3123,14.136134624481201,0.06620400445330665,obse,cracker_scene1,70,old
3124,14.140736818313599,0.06620400445330665,obse,cracker_scene1,70,old
3125,14.14602017402649,0.06616495825610848,obse,cracker_scene1,70,old
3126,14.150995254516602,0.06588247785885122,obse,cracker_scene1,70,old
3127,14.15604305267334,0.0658291324229053,obse,cracker_scene1,70,old
3128,14.161339282989502,0.06602454192080325,obse,cracker_scene1,70,old
3129,14.16588044166565,0.06602454192080325,obse,cracker_scene1,70,old
3130,14.170777320861816,0.06595881784715467,obse,cracker_scene1,70,old
3131,14.175519227981567,0.06595881784715467,obse,cracker_scene1,70,old
3132,14.180413246154785,0.0659208636030607,obse,cracker_scene1,70,old
3133,14.185060024261475,0.06593386896386712,obse,cracker_scene1,70,old
3134,14.19054388999939,0.06589561915772646,obse,cracker_scene1,70,old
3135,14.195557355880737,0.06562174926664112,obse,cracker_scene1,70,old
3136,14.200353145599365,0.06562174926664112,obse,cracker_scene1,70,old
3137,14.205500602722168,0.06553911399345072,obse,cracker_scene1,70,old
3138,14.209974527359009,0.06574272812075124,obse,cracker_scene1,70,old
3139,14.215047121047974,0.06574272812075124,obse,cracker_scene1,70,old
3140,14.219733953475952,0.06585874067537571,obse,cracker_scene1,70,old
3141,14.224815845489502,0.06585874067537571,obse,cracker_scene1,70,old
3142,14.22996735572815,0.06572541155020084,obse,cracker_scene1,70,old
3143,14.234169483184814,0.06572541155020084,obse,cracker_scene1,70,old
3144,14.238694906234741,0.06545167962020826,obse,cracker_scene1,70,old
3145,14.24277925491333,0.06545167962020826,obse,cracker_scene1,70,old
3146,14.24728274345398,0.0656600395551154,obse,cracker_scene1,70,old
3147,14.251478672027588,0.0656600395551154,obse,cracker_scene1,70,old
3148,14.256000280380249,0.06559003827958883,obse,cracker_scene1,70,old
3149,14.260197877883911,0.06531906403587764,obse,cracker_scene1,70,old
3150,14.264662742614746,0.06531906403587764,obse,cracker_scene1,70,old
3151,14.269120693206787,0.06553881489385263,obse,cracker_scene1,70,old
3152,14.274136066436768,0.06553881489385263,obse,cracker_scene1,70,old
3153,14.279216766357422,0.06529252839022198,obse,cracker_scene1,70,old
3154,14.284110307693481,0.06529252839022198,obse,cracker_scene1,70,old
3155,14.289090633392334,0.06550973075209356,obse,cracker_scene1,70,old
3156,14.293968439102173,0.0655305722696861,obse,cracker_scene1,70,old
3157,14.299163103103638,0.06544684213991991,obse,cracker_scene1,70,old
3158,14.304116249084473,0.06512056084365547,obse,cracker_scene1,70,old
3159,14.308989763259888,0.06512056084365547,obse,cracker_scene1,70,old
3160,14.313495874404907,0.06534663400627103,obse,cracker_scene1,70,old
3161,14.317789077758789,0.06534663400627103,obse,cracker_scene1,70,old
3162,14.322482109069824,0.0745654838513079,obse,cracker_scene1,70,old
3163,14.326721429824829,0.07456761601858103,obse,cracker_scene1,70,old
3164,14.331428289413452,0.07475168551988844,obse,cracker_scene1,70,old
3165,14.33573865890503,0.0747470755310282,obse,cracker_scene1,70,old
3166,14.341396570205688,0.07468313130036357,obse,cracker_scene1,70,old
3167,14.345834016799927,0.07439381414596402,obse,cracker_scene1,70,old
3168,14.350038766860962,0.07439381414596402,obse,cracker_scene1,70,old
3169,14.354460716247559,0.0745667691216603,obse,cracker_scene1,70,old
3170,14.358811140060425,0.0745667691216603,obse,cracker_scene1,70,old
3171,14.363552570343018,0.07432416468919066,obse,cracker_scene1,70,old
3172,14.367951154708862,0.07432416468919066,obse,cracker_scene1,70,old
3173,14.372727155685425,0.074517470053423,obse,cracker_scene1,70,old
3174,14.37706708908081,0.07453366896504314,obse,cracker_scene1,70,old
3175,14.381590127944946,0.07453366896504314,obse,cracker_scene1,70,old
3176,14.38592267036438,0.07426648952969299,obse,cracker_scene1,70,old
3177,14.390779733657837,0.07426648952969299,obse,cracker_scene1,70,old
3178,14.395110368728638,0.07430033383173111,obse,cracker_scene1,70,old
3179,14.399325847625732,0.07430033383173111,obse,cracker_scene1,70,old
3180,14.403728723526001,0.07442206314868428,obse,cracker_scene1,70,old
3181,14.407954216003418,0.07442206314868428,obse,cracker_scene1,70,old
3182,14.412699222564697,0.07413623502524974,obse,cracker_scene1,70,old
3183,14.417081117630005,0.07413623502524974,obse,cracker_scene1,70,old
3184,14.422327518463135,0.07436565251954404,obse,cracker_scene1,70,old
3185,14.42719841003418,0.07413201355969415,obse,cracker_scene1,70,old
3186,14.432089805603027,0.07410110103299565,obse,cracker_scene1,70,old
3187,14.437050819396973,0.07431511079252076,obse,cracker_scene1,70,old
3188,14.44144582748413,0.07431511079252076,obse,cracker_scene1,70,old
3189,14.44591736793518,0.07401728480068409,obse,cracker_scene1,70,old
3190,14.45031189918518,0.07401728480068409,obse,cracker_scene1,70,old
3191,14.454939126968384,0.07422708144430169,obse,cracker_scene1,70,old
3192,14.459482669830322,0.07399587884196977,obse,cracker_scene1,70,old
3193,14.464308977127075,0.07394325414517361,obse,cracker_scene1,70,old
3194,14.468680143356323,0.07395104514244395,obse,cracker_scene1,70,old
3195,14.473452806472778,0.07390764950618069,obse,cracker_scene1,70,old
3196,14.47789740562439,0.07387561233575983,obse,cracker_scene1,70,old
3197,14.482464790344238,0.07387561233575983,obse,cracker_scene1,70,old
3198,14.486862897872925,0.07410825934838366,obse,cracker_scene1,70,old
3199,14.491959810256958,0.07410825934838366,obse,cracker_scene1,70,old
3200,14.497139930725098,0.07381562190885402,obse,cracker_scene1,70,old
3201,14.502234697341919,0.07406818524104615,obse,cracker_scene1,70,old
3202,14.506710052490234,0.877175232417636,obse,cracker_scene1,70,old
3203,14.511078834533691,0.8772300533926767,obse,cracker_scene1,70,old
3204,14.515563488006592,0.9009125379090751,obse,cracker_scene1,70,old
3205,14.520130395889282,0.9007412588702411,obse,cracker_scene1,70,old
3206,14.524642944335938,0.9007412588702411,obse,cracker_scene1,70,old
3207,14.529177904129028,0.9007969200661038,obse,cracker_scene1,70,old
3208,14.533587455749512,0.9007969200661038,obse,cracker_scene1,70,old
3209,14.538329124450684,0.9012318022421546,obse,cracker_scene1,70,old
3210,14.54264497756958,0.9012318022421546,obse,cracker_scene1,70,old
3211,14.547377109527588,0.9008271279803534,obse,cracker_scene1,70,old
3212,14.55170464515686,0.9013141670235428,obse,cracker_scene1,70,old
3213,14.5562105178833,0.9013141670235428,obse,cracker_scene1,70,old
3214,14.560560703277588,0.9010495444409938,obse,cracker_scene1,70,old
3215,14.565136671066284,0.9010495444409938,obse,cracker_scene1,70,old
3216,14.569817543029785,0.9014189348466298,obse,cracker_scene1,70,old
3217,14.574125051498413,0.9014189348466298,obse,cracker_scene1,70,old
3218,14.578580856323242,0.9014901840136953,obse,cracker_scene1,70,old
3219,14.582926273345947,0.9014901840136953,obse,cracker_scene1,70,old
3220,14.587517976760864,0.901621150411261,obse,cracker_scene1,70,old
3221,14.592140913009644,0.3209328749410764,obse,cracker_scene1,70,old
3222,14.597489356994629,0.30004075295772226,obse,cracker_scene1,70,old
3223,14.602342367172241,0.29985007429220567,obse,cracker_scene1,70,old
3224,14.60716462135315,0.29985007429220567,obse,cracker_scene1,70,old
3225,14.61223840713501,0.29985007429220567,obse,cracker_scene1,70,old
3226,14.61733627319336,0.2998957207778958,obse,cracker_scene1,70,old
3227,14.622412919998169,0.300175220518385,obse,cracker_scene1,70,old
3228,14.627160549163818,0.30024352745160593,obse,cracker_scene1,70,old
3229,14.632145166397095,0.30024352745160593,obse,cracker_scene1,70,old
3230,14.636953830718994,0.3002735314750789,obse,cracker_scene1,70,old
3231,14.641616821289062,0.3002735314750789,obse,cracker_scene1,70,old
3232,14.646637201309204,0.30034572637048856,obse,cracker_scene1,70,old
3233,14.65125823020935,0.30034572637048856,obse,cracker_scene1,70,old
3234,14.656302213668823,0.3001571021173287,obse,cracker_scene1,70,old
3235,14.661319017410278,0.30026024976763166,obse,cracker_scene1,70,old
3236,14.667032957077026,0.30026024976763166,obse,cracker_scene1,70,old
3237,14.671860933303833,0.30026024976763166,obse,cracker_scene1,70,old
3238,14.676708698272705,0.30059987610359257,obse,cracker_scene1,70,old
3239,14.681635856628418,0.30059987610359257,obse,cracker_scene1,70,old
3240,14.68663501739502,0.30055932108497363,obse,cracker_scene1,70,old
3241,14.691829681396484,0.30055932108497363,obse,cracker_scene1,70,old
3242,14.697074174880981,0.30062469677317727,obse,cracker_scene1,70,old
3243,14.70177674293518,0.30039510087306426,obse,cracker_scene1,70,old
3244,14.706836223602295,0.30039510087306426,obse,cracker_scene1,70,old
3245,14.71177887916565,0.30066955558007114,obse,cracker_scene1,70,old
3246,14.716846942901611,0.30066955558007114,obse,cracker_scene1,70,old
3247,14.721344470977783,0.30035631355920483,obse,cracker_scene1,70,old
3248,14.726213455200195,0.30035631355920483,obse,cracker_scene1,70,old
3249,14.731417655944824,0.3008454387084108,obse,cracker_scene1,70,old
3250,14.736604452133179,0.30065546022023415,obse,cracker_scene1,70,old
3251,14.741430759429932,0.30065546022023415,obse,cracker_scene1,70,old
3252,14.746328353881836,0.3009978502501393,obse,cracker_scene1,70,old
3253,14.751648902893066,0.3009978502501393,obse,cracker_scene1,70,old
3254,14.756567239761353,0.3010951285874824,obse,cracker_scene1,70,old
3255,14.761560440063477,0.3010951285874824,obse,cracker_scene1,70,old
3256,14.766463279724121,0.30076087818665964,obse,cracker_scene1,70,old
3257,14.771278619766235,0.30076087818665964,obse,cracker_scene1,70,old
3258,14.776567220687866,0.3011322031153575,obse,cracker_scene1,70,old
3259,14.781583547592163,0.30117033676154376,obse,cracker_scene1,70,old
3260,14.78652310371399,0.3013287001422418,obse,cracker_scene1,70,old
3261,14.791305303573608,0.3013287001422418,obse,cracker_scene1,70,old
3262,14.795639276504517,0.3013287001422418,obse,cracker_scene1,70,old
3263,14.800217866897583,0.30137879100744674,obse,cracker_scene1,70,old
3264,14.805441856384277,0.30144176550511,obse,cracker_scene1,70,old
3265,14.810443878173828,0.30144176550511,obse,cracker_scene1,70,old
3266,14.815119743347168,0.3015021694817052,obse,cracker_scene1,70,old
3267,14.819392442703247,0.3015021694817052,obse,cracker_scene1,70,old
3268,14.82408356666565,0.3015021694817052,obse,cracker_scene1,70,old
3269,14.828641653060913,0.30151973043254815,obse,cracker_scene1,70,old
3270,14.83367395401001,0.3016005363773805,obse,cracker_scene1,70,old
3271,14.838493824005127,0.30165656503016225,obse,cracker_scene1,70,old
3272,14.84343433380127,0.30187661117062925,obse,cracker_scene1,70,old
3273,14.848083972930908,0.7402722897236128,obse,cracker_scene1,70,old
3274,14.852794170379639,0.740334302711832,obse,cracker_scene1,70,old
3275,14.858195304870605,0.7449968158687973,obse,cracker_scene1,70,old
3276,14.86319875717163,0.7450606612678389,obse,cracker_scene1,70,old
3277,14.868057012557983,0.7450497921994402,obse,cracker_scene1,70,old
3278,14.87268590927124,0.7451709499439675,obse,cracker_scene1,70,old
3279,14.877033472061157,0.7452876933466912,obse,cracker_scene1,70,old
3280,14.881257772445679,0.7452876933466912,obse,cracker_scene1,70,old
3281,14.885538339614868,0.7449126767604392,obse,cracker_scene1,70,old
3282,14.890679836273193,0.745096319354587,obse,cracker_scene1,70,old
3283,14.895158290863037,0.7451789881124006,obse,cracker_scene1,70,old
3284,14.899497032165527,0.7451789881124006,obse,cracker_scene1,70,old
3285,14.904249906539917,0.745636317255248,obse,cracker_scene1,70,old
3286,14.908838510513306,0.5199789294560658,obse,cracker_scene1,70,old
3287,14.913967847824097,0.4970062068559396,obse,cracker_scene1,70,old
3288,14.919156551361084,0.4967740350091208,obse,cracker_scene1,70,old
3289,14.92403793334961,0.4967740350091208,obse,cracker_scene1,70,old
3290,14.928376913070679,0.49725799866807474,obse,cracker_scene1,70,old
3291,14.932682275772095,0.49725799866807474,obse,cracker_scene1,70,old
3292,14.937739133834839,0.4973690270365336,obse,cracker_scene1,70,old
3293,14.942202091217041,0.4973690270365336,obse,cracker_scene1,70,old
3294,14.94743275642395,0.4971942858067269,obse,cracker_scene1,70,old
3295,14.952446222305298,0.4975435758942419,obse,cracker_scene1,70,old
3296,14.957666158676147,0.4975435758942419,obse,cracker_scene1,70,old
3297,14.962856769561768,0.4973618776764848,obse,cracker_scene1,70,old
3298,14.967274188995361,0.4973618776764848,obse,cracker_scene1,70,old
3299,14.972332239151001,0.4977293284753012,obse,cracker_scene1,70,old
3300,14.977235317230225,0.49737857523652196,obse,cracker_scene1,70,old
3301,14.981730699539185,0.4975142991852391,obse,cracker_scene1,70,old
3302,14.986114263534546,0.4976818246062771,obse,cracker_scene1,70,old
3303,14.990663766860962,0.4976818246062771,obse,cracker_scene1,70,old
3304,14.995015144348145,0.49808421451835333,obse,cracker_scene1,70,old
3305,14.999871730804443,0.49808421451835333,obse,cracker_scene1,70,old
3306,15.005083084106445,0.4977941991041628,obse,cracker_scene1,70,old
3307,15.010026931762695,0.4977941991041628,obse,cracker_scene1,70,old
3308,15.015365362167358,0.49778698674056815,obse,cracker_scene1,70,old
3309,15.02052116394043,0.49804613356435445,obse,cracker_scene1,70,old
3310,15.025565385818481,0.49804613356435445,obse,cracker_scene1,70,old
3311,15.031003713607788,0.4983641470031029,obse,cracker_scene1,70,old
3312,15.035400390625,0.49799274354956846,obse,cracker_scene1,70,old
3313,15.040162086486816,0.49805091251983663,obse,cracker_scene1,70,old
3314,15.045549869537354,0.4981007955187191,obse,cracker_scene1,70,old
3315,15.050041437149048,0.4981007955187191,obse,cracker_scene1,70,old
3316,15.055232286453247,0.4982727986826011,obse,cracker_scene1,70,old
3317,15.060211420059204,0.4982727986826011,obse,cracker_scene1,70,old
3318,15.064435720443726,0.49863734848637664,obse,cracker_scene1,70,old
3319,15.068600416183472,0.4987133393030959,obse,cracker_scene1,70,old
3320,15.072906017303467,0.4987133393030959,obse,cracker_scene1,70,old
3321,15.07739806175232,0.4987133393030959,obse,cracker_scene1,70,old
3322,15.081644296646118,0.49852444816601094,obse,cracker_scene1,70,old
3323,15.085799217224121,0.49852444816601094,obse,cracker_scene1,70,old
3324,15.090490818023682,0.49852444816601094,obse,cracker_scene1,70,old
3325,15.095044612884521,0.49894466743936317,obse,cracker_scene1,70,old
3326,15.099599838256836,0.49894466743936317,obse,cracker_scene1,70,old
3327,15.10405683517456,0.49894466743936317,obse,cracker_scene1,70,old
3328,15.10883641242981,0.4988042543725304,obse,cracker_scene1,70,old
3329,15.113516569137573,0.4987854799493842,obse,cracker_scene1,70,old
3330,15.117885112762451,0.4987854799493842,obse,cracker_scene1,70,old
3331,15.12262487411499,0.4991866959307526,obse,cracker_scene1,70,old
3332,15.127283096313477,0.4991866959307526,obse,cracker_scene1,70,old
3333,15.131934642791748,0.49929187738624714,obse,cracker_scene1,70,old
3334,15.136634588241577,0.49929187738624714,obse,cracker_scene1,70,old
3335,15.14108157157898,0.49929187738624714,obse,cracker_scene1,70,old
3336,15.145923376083374,0.49900885834837033,obse,cracker_scene1,70,old
3337,15.150436162948608,0.49937981061410774,obse,cracker_scene1,70,old
3338,15.155096054077148,0.49947089450971827,obse,cracker_scene1,70,old
3339,15.159618377685547,0.49947089450971827,obse,cracker_scene1,70,old
3340,15.163962602615356,0.49960797997465217,obse,cracker_scene1,70,old
3341,15.168617486953735,0.49960797997465217,obse,cracker_scene1,70,old
3342,15.17327356338501,0.4996923433678285,obse,cracker_scene1,70,old
3343,15.17802381515503,0.4996923433678285,obse,cracker_scene1,70,old
3344,15.182640790939331,0.499703231285473,obse,cracker_scene1,70,old
3345,15.18748664855957,0.4997724529231083,obse,cracker_scene1,70,old
3346,15.191833019256592,0.4997724529231083,obse,cracker_scene1,70,old
3347,15.19664216041565,0.4998249597235676,obse,cracker_scene1,70,old
3348,15.201129913330078,0.4998249597235676,obse,cracker_scene1,70,old
3349,15.205568075180054,0.4998249597235676,obse,cracker_scene1,70,old
3350,15.210057020187378,0.49948506967976525,obse,cracker_scene1,70,old
3351,15.214574813842773,0.49948506967976525,obse,cracker_scene1,70,old
3352,15.21902346611023,0.4995486196840509,obse,cracker_scene1,70,old
3353,15.223466634750366,0.4995486196840509,obse,cracker_scene1,70,old
3354,15.228011131286621,0.49997991140580805,obse,cracker_scene1,70,old
3355,15.232686519622803,0.49997991140580805,obse,cracker_scene1,70,old
3356,15.237239599227905,0.49997991140580805,obse,cracker_scene1,70,old
3357,15.242512464523315,0.5001921905466937,obse,cracker_scene1,70,old
3358,15.247608423233032,0.5002437999703386,obse,cracker_scene1,70,old
3359,15.252318143844604,0.49995754176964846,obse,cracker_scene1,70,old
3360,15.257302284240723,0.49995754176964846,obse,cracker_scene1,70,old
3361,15.261783123016357,0.5002809682667041,obse,cracker_scene1,70,old
3362,15.266288757324219,0.5002809682667041,obse,cracker_scene1,70,old
3363,15.270884037017822,0.5002837498642806,obse,cracker_scene1,70,old
3364,15.27516222000122,0.5002837498642806,obse,cracker_scene1,70,old
3365,15.27964186668396,0.49993079603907375,obse,cracker_scene1,70,old
3366,15.284231185913086,0.49993079603907375,obse,cracker_scene1,70,old
3367,15.289002418518066,0.49992627745204693,obse,cracker_scene1,70,old
3368,15.293596267700195,0.49992627745204693,obse,cracker_scene1,70,old
3369,15.297930240631104,0.5000083750021058,obse,cracker_scene1,70,old
3370,15.302255868911743,0.5000183762154969,obse,cracker_scene1,70,old
3371,15.306463479995728,0.5003031504185692,obse,cracker_scene1,70,old
3372,15.310657262802124,0.4999292472065081,obse,cracker_scene1,70,old
3373,15.314950466156006,0.49994274484541557,obse,cracker_scene1,70,old
3374,15.319246292114258,0.5003137644305276,obse,cracker_scene1,70,old
3375,15.3242347240448,0.5003140495738749,obse,cracker_scene1,70,old
3376,15.328822135925293,0.5003350815586247,obse,cracker_scene1,70,old
3377,15.333412885665894,0.5003350815586247,obse,cracker_scene1,70,old
3378,15.338111162185669,0.5003781812406805,obse,cracker_scene1,70,old
3379,15.34243893623352,0.5003781812406805,obse,cracker_scene1,70,old
3380,15.34718656539917,0.5003896707522963,obse,cracker_scene1,70,old
3381,15.351519346237183,0.50002161643368,obse,cracker_scene1,70,old
3382,15.356389045715332,0.5000263133403317,obse,cracker_scene1,70,old
3383,15.360910177230835,0.5001258445716656,obse,cracker_scene1,70,old
3384,15.365625143051147,0.5001258445716656,obse,cracker_scene1,70,old
3385,15.370000123977661,0.5004306767319876,obse,cracker_scene1,70,old
3386,15.374499797821045,0.5004306767319876,obse,cracker_scene1,70,old
3387,15.378695964813232,0.5004102571202486,obse,cracker_scene1,70,old
3388,15.38314437866211,0.5003951346710716,obse,cracker_scene1,70,old
3389,15.387915134429932,0.5000218346097661,obse,cracker_scene1,70,old
3390,15.392409801483154,0.5000218346097661,obse,cracker_scene1,70,old
3391,15.396977663040161,0.5003949740105822,obse,cracker_scene1,70,old
3392,15.402037382125854,0.5003949740105822,obse,cracker_scene1,70,old
3393,15.4064302444458,0.5003763481249385,obse,cracker_scene1,70,old
3394,15.410724639892578,0.5003984982389708,obse,cracker_scene1,70,old
3395,15.415115118026733,0.5003984982389708,obse,cracker_scene1,70,old
3396,15.419631242752075,0.5003827631431956,obse,cracker_scene1,70,old
3397,15.424400091171265,0.5003827631431956,obse,cracker_scene1,70,old
3398,15.428952932357788,0.5001215887964151,obse,cracker_scene1,70,old
3399,15.433511734008789,0.5001215887964151,obse,cracker_scene1,70,old
3400,15.438082933425903,0.5000081555659011,obse,cracker_scene1,70,old
3401,15.442710161209106,0.5000081555659011,obse,cracker_scene1,70,old
3402,15.447503089904785,0.5004192875268352,obse,cracker_scene1,70,old
3403,15.451855421066284,0.5000317672668714,obse,cracker_scene1,70,old
3404,15.456597805023193,0.5000126691290535,obse,cracker_scene1,70,old
3405,15.460856199264526,0.5004017642140759,obse,cracker_scene1,70,old
3406,15.465351104736328,0.5004017642140759,obse,cracker_scene1,70,old
3407,15.469647645950317,0.499992467592841,obse,cracker_scene1,70,old
3408,15.47415280342102,0.499992467592841,obse,cracker_scene1,70,old
3409,15.478510856628418,0.5001129112677865,obse,cracker_scene1,70,old
3410,15.482832908630371,0.5001129112677865,obse,cracker_scene1,70,old
3411,15.487432956695557,0.50039749946269,obse,cracker_scene1,70,old
3412,15.492214918136597,0.50039749946269,obse,cracker_scene1,70,old
3413,15.496542692184448,0.5003694432470991,obse,cracker_scene1,70,old
3414,15.500576496124268,0.5003694432470991,obse,cracker_scene1,70,old
3415,15.505065441131592,0.5001059769368166,obse,cracker_scene1,70,old
3416,15.509336471557617,0.5001059769368166,obse,cracker_scene1,70,old
3417,15.513607740402222,0.5004061178962962,obse,cracker_scene1,70,old
3418,15.517727613449097,0.5004061178962962,obse,cracker_scene1,70,old
3419,15.522334575653076,0.5000177783593541,obse,cracker_scene1,70,old
3420,15.52665901184082,0.5000177783593541,obse,cracker_scene1,70,old
3421,15.53107762336731,0.5000679065685694,obse,cracker_scene1,70,old
3422,15.535456657409668,0.5003958706472151,obse,cracker_scene1,70,old
3423,15.539881229400635,0.5003958706472151,obse,cracker_scene1,70,old
3424,15.544453382492065,0.500389402206544,obse,cracker_scene1,70,old
3425,15.549402475357056,0.500389402206544,obse,cracker_scene1,70,old
3426,15.554149866104126,0.5003611137481424,obse,cracker_scene1,70,old
3427,15.558670997619629,0.5003611137481424,obse,cracker_scene1,70,old
3428,15.563202857971191,0.5000051567200658,obse,cracker_scene1,70,old
3429,15.567542791366577,0.5000051567200658,obse,cracker_scene1,70,old
3430,15.571928024291992,0.5003769260078325,obse,cracker_scene1,70,old
3431,15.576419591903687,0.5003769260078325,obse,cracker_scene1,70,old
3432,15.581218957901001,0.5003723127841704,obse,cracker_scene1,70,old
3433,15.585613250732422,0.49998880539738516,obse,cracker_scene1,70,old
3434,15.590133905410767,0.49998880539738516,obse,cracker_scene1,70,old
3435,15.59464716911316,0.5003859500575353,obse,cracker_scene1,70,old
3436,15.599053621292114,0.5003859500575353,obse,cracker_scene1,70,old
3437,15.603525638580322,0.5000015330718367,obse,cracker_scene1,70,old
3438,15.607871055603027,0.5000015330718367,obse,cracker_scene1,70,old
3439,15.612395763397217,0.5003586163507834,obse,cracker_scene1,70,old
3440,15.616661548614502,0.5003586163507834,obse,cracker_scene1,70,old
3441,15.62117075920105,0.5003932168181385,obse,cracker_scene1,70,old
3442,15.625620365142822,0.5003932168181385,obse,cracker_scene1,70,old
3443,15.630178451538086,0.5003640401216264,obse,cracker_scene1,70,old
3444,15.634415626525879,0.5003640401216264,obse,cracker_scene1,70,old
3445,15.639036655426025,0.500094634151496,obse,cracker_scene1,70,old
3446,15.643339395523071,0.500094634151496,obse,cracker_scene1,70,old
3447,15.648058891296387,0.5000816137486798,obse,cracker_scene1,70,old
3448,15.652341842651367,0.5000653922712531,obse,cracker_scene1,70,old
3449,15.656838178634644,0.5000942749232434,obse,cracker_scene1,70,old
3450,15.661679029464722,0.5000975868071309,obse,cracker_scene1,70,old
3451,15.666082620620728,0.5000975868071309,obse,cracker_scene1,70,old
3452,15.670928716659546,0.5001035330411269,obse,cracker_scene1,70,old
3453,15.675885677337646,0.5001035330411269,obse,cracker_scene1,70,old
3454,15.68099069595337,0.5003862908696967,obse,cracker_scene1,70,old
3455,15.686139583587646,0.5004006125806638,obse,cracker_scene1,70,old
3456,15.690834283828735,0.5004006125806638,obse,cracker_scene1,70,old
3457,15.696159362792969,0.5003761344940921,obse,cracker_scene1,70,old
3458,15.701185941696167,0.5003761344940921,obse,cracker_scene1,70,old
3459,15.706292867660522,0.5003888116127754,obse,cracker_scene1,70,old
3460,15.711041688919067,0.5003904988031855,obse,cracker_scene1,70,old
3461,15.715847730636597,0.5003904988031855,obse,cracker_scene1,70,old
3462,15.72071385383606,0.5003624553739081,obse,cracker_scene1,70,old
3463,15.725753784179688,0.5003624553739081,obse,cracker_scene1,70,old
3464,15.73033618927002,0.5003430497509188,obse,cracker_scene1,70,old
3465,15.734543561935425,0.5003430497509188,obse,cracker_scene1,70,old
3466,15.739516258239746,0.500390291684201,obse,cracker_scene1,70,old
3467,15.743996143341064,0.5001337631343432,obse,cracker_scene1,70,old
3468,15.74847412109375,0.5001337631343432,obse,cracker_scene1,70,old
3469,15.752893447875977,0.5001372005946603,obse,cracker_scene1,70,old
3470,15.75743055343628,0.5001372005946603,obse,cracker_scene1,70,old
3471,15.761988401412964,0.5005104748529557,obse,cracker_scene1,70,old
3472,15.766282558441162,0.5005104748529557,obse,cracker_scene1,70,old
3473,15.770754337310791,0.5001629555346244,obse,cracker_scene1,70,old
3474,15.775077104568481,0.5001629555346244,obse,cracker_scene1,70,old
3475,15.779652118682861,0.5005464088211828,obse,cracker_scene1,70,old
3476,15.78375768661499,0.5005464088211828,obse,cracker_scene1,70,old
3477,15.788408041000366,0.5001824970975464,obse,cracker_scene1,70,old
3478,15.792861700057983,0.5001824970975464,obse,cracker_scene1,70,old
3479,15.797538042068481,0.500648807201855,obse,cracker_scene1,70,old
3480,15.801846981048584,0.500648807201855,obse,cracker_scene1,70,old
3481,15.806313753128052,0.5006944392328423,obse,cracker_scene1,70,old
3482,15.810560464859009,0.5007467120794142,obse,cracker_scene1,70,old
3483,15.815100908279419,0.5007467120794142,obse,cracker_scene1,70,old
3484,15.819570064544678,0.5008075213441774,obse,cracker_scene1,70,old
3485,15.824134349822998,0.5008075213441774,obse,cracker_scene1,70,old
3486,15.828927516937256,0.5008557389179855,obse,cracker_scene1,70,old
3487,15.833257913589478,0.5008557389179855,obse,cracker_scene1,70,old
3488,15.837848663330078,0.5005606106925843,obse,cracker_scene1,70,old
3489,15.842047691345215,0.5005606106925843,obse,cracker_scene1,70,old
3490,15.84647011756897,0.5008634412656083,obse,cracker_scene1,70,old
3491,15.850618362426758,0.5008634412656083,obse,cracker_scene1,70,old
3492,15.854997873306274,0.5009073079138373,obse,cracker_scene1,70,old
3493,15.859251499176025,0.5009073079138373,obse,cracker_scene1,70,old
3494,15.86358094215393,0.5006160979862652,obse,cracker_scene1,70,old
3495,15.86783480644226,0.500630746713182,obse,cracker_scene1,70,old
3496,15.87195873260498,0.500533783004471,obse,cracker_scene1,70,old
3497,15.876051664352417,0.500533783004471,obse,cracker_scene1,70,old
3498,15.880541563034058,0.5009292511938847,obse,cracker_scene1,70,old
3499,15.884692192077637,0.5009292511938847,obse,cracker_scene1,70,old
3500,15.889244794845581,0.500991600145935,obse,cracker_scene1,70,old
3501,15.893544673919678,0.500991600145935,obse,cracker_scene1,70,old
3502,15.89806318283081,0.5006333222269833,obse,cracker_scene1,70,old
3503,15.902596950531006,0.5006333222269833,obse,cracker_scene1,70,old
3504,15.906723022460938,0.5006333222269833,obse,cracker_scene1,70,old
3505,15.911201238632202,0.501085382389895,obse,cracker_scene1,70,old
3506,15.91571044921875,0.5012280520841856,obse,cracker_scene1,70,old
3507,15.919873237609863,0.5012280520841856,obse,cracker_scene1,70,old
3508,15.924354791641235,0.5012280520841856,obse,cracker_scene1,70,old
3509,15.928787231445312,0.5009462408974045,obse,cracker_scene1,70,old
3510,15.933067321777344,0.5013884187351386,obse,cracker_scene1,70,old
3511,15.937323808670044,0.5013884187351386,obse,cracker_scene1,70,old
3512,15.941736221313477,0.5013884187351386,obse,cracker_scene1,70,old
3513,15.94625997543335,0.5014690310429526,obse,cracker_scene1,70,old
3514,15.950641632080078,0.5015023848471194,obse,cracker_scene1,70,old
3515,15.955516338348389,0.5015023848471194,obse,cracker_scene1,70,old
3516,15.95984935760498,0.5015023848471194,obse,cracker_scene1,70,old
3517,15.964550018310547,0.5011521382384743,obse,cracker_scene1,70,old
3518,15.968904495239258,0.5011806948670907,obse,cracker_scene1,70,old
3519,15.973239660263062,0.5015828188498722,obse,cracker_scene1,70,old
3520,15.977622032165527,0.5015890797225021,obse,cracker_scene1,70,old
3521,15.982012510299683,0.5015664123590622,obse,cracker_scene1,70,old
3522,15.986383199691772,0.5016046208599322,obse,cracker_scene1,70,old
3523,15.991034269332886,0.5012722623519822,obse,cracker_scene1,70,old
3524,15.995478868484497,0.5012722623519822,obse,cracker_scene1,70,old
3525,15.999943017959595,0.5016510666962831,obse,cracker_scene1,70,old
3526,16.00428533554077,0.5018221485016018,obse,cracker_scene1,70,old
3527,16.008805990219116,0.5015749401971012,obse,cracker_scene1,70,old
3528,16.013103485107422,0.5015749401971012,obse,cracker_scene1,70,old
3529,16.018282175064087,0.5020538666249686,obse,cracker_scene1,70,old
3530,16.02334237098694,0.5020538666249686,obse,cracker_scene1,70,old
3531,16.027753829956055,0.5020538666249686,obse,cracker_scene1,70,old
3532,16.032482624053955,0.5020829802493232,obse,cracker_scene1,70,old
3533,16.03742742538452,0.5019047786896575,obse,cracker_scene1,70,old
3534,16.042420625686646,0.5019047786896575,obse,cracker_scene1,70,old
3535,16.047242164611816,0.5022887003792014,obse,cracker_scene1,70,old
3536,16.051677942276,0.5022887003792014,obse,cracker_scene1,70,old
3537,16.05658483505249,0.5023653083818787,obse,cracker_scene1,70,old
3538,16.061055898666382,0.5025018446706323,obse,cracker_scene1,70,old
3539,16.065803289413452,0.5025018446706323,obse,cracker_scene1,70,old
3540,16.070502281188965,0.5025550359674622,obse,cracker_scene1,70,old
3541,16.075048446655273,0.5025550359674622,obse,cracker_scene1,70,old
3542,16.07966446876526,0.5022453076046514,obse,cracker_scene1,70,old
3543,16.083833694458008,0.5022453076046514,obse,cracker_scene1,70,old
3544,16.088500261306763,0.5026694856444976,obse,cracker_scene1,70,old
3545,16.092766761779785,0.5026694856444976,obse,cracker_scene1,70,old
3546,16.097301959991455,0.5023604235452706,obse,cracker_scene1,70,old
3547,16.10170578956604,0.5027892215598871,obse,cracker_scene1,70,old
3548,16.106406927108765,0.5027892215598871,obse,cracker_scene1,70,old
3549,16.11092782020569,0.5025512889167003,obse,cracker_scene1,70,old
3550,16.11541509628296,0.5025512889167003,obse,cracker_scene1,70,old
3551,16.12004518508911,0.5030854719433914,obse,cracker_scene1,70,old
3552,16.124626636505127,0.5030854719433914,obse,cracker_scene1,70,old
3553,16.129675149917603,0.5028246352620249,obse,cracker_scene1,70,old
3554,16.133913040161133,0.5028246352620249,obse,cracker_scene1,70,old
3555,16.13870596885681,0.5032905181425207,obse,cracker_scene1,70,old
3556,16.142940759658813,0.5032905181425207,obse,cracker_scene1,70,old
3557,16.147809267044067,0.5029592204553505,obse,cracker_scene1,70,old
3558,16.152148723602295,0.5033359734188011,obse,cracker_scene1,70,old
3559,16.15757727622986,0.5033570574322689,obse,cracker_scene1,70,old
3560,16.162354946136475,0.5034057289657569,obse,cracker_scene1,70,old
3561,16.16670870780945,0.5034057289657569,obse,cracker_scene1,70,old
3562,16.171358585357666,0.5034734391034048,obse,cracker_scene1,70,old
3563,16.17555594444275,0.5034734391034048,obse,cracker_scene1,70,old
3564,16.179975271224976,0.5031186193795572,obse,cracker_scene1,70,old
3565,16.184093952178955,0.5031186193795572,obse,cracker_scene1,70,old
3566,16.18857717514038,0.5035577929457399,obse,cracker_scene1,70,old
3567,16.193299531936646,0.5035577929457399,obse,cracker_scene1,70,old
3568,16.19814372062683,0.5037031885057844,obse,cracker_scene1,70,old
3569,16.202858686447144,0.5037461141389639,obse,cracker_scene1,70,old
3570,16.207401990890503,0.5037461141389639,obse,cracker_scene1,70,old
3571,16.21183967590332,0.5034083428047026,obse,cracker_scene1,70,old
3572,16.216351747512817,0.5034083428047026,obse,cracker_scene1,70,old
3573,16.221002101898193,0.5034764910564437,obse,cracker_scene1,70,old
3574,16.22563862800598,0.5034764910564437,obse,cracker_scene1,70,old
3575,16.230326890945435,0.5038921860861546,obse,cracker_scene1,70,old
3576,16.234617710113525,0.5036780958683489,obse,cracker_scene1,70,old
3577,16.239177703857422,0.5036780958683489,obse,cracker_scene1,70,old
3578,16.24343228340149,0.5039989175482479,obse,cracker_scene1,70,old
3579,16.247819900512695,0.5039989175482479,obse,cracker_scene1,70,old
3580,16.251976013183594,0.5040170910969254,obse,cracker_scene1,70,old
3581,16.25662612915039,0.5040800311433449,obse,cracker_scene1,70,old
3582,16.261050939559937,0.5041887953298663,obse,cracker_scene1,70,old
3583,16.265600442886353,0.5041887953298663,obse,cracker_scene1,70,old
3584,16.27013325691223,0.5040352656435193,obse,cracker_scene1,70,old
3585,16.274524211883545,0.5040352656435193,obse,cracker_scene1,70,old
3586,16.278786420822144,0.5040352656435193,obse,cracker_scene1,70,old
3587,16.28348159790039,0.5040145106503302,obse,cracker_scene1,70,old
3588,16.288084983825684,0.5044115855290472,obse,cracker_scene1,70,old
3589,16.292771816253662,0.5044115855290472,obse,cracker_scene1,70,old
3590,16.297075748443604,0.5044115855290472,obse,cracker_scene1,70,old
3591,16.30168342590332,0.5045273175138799,obse,cracker_scene1,70,old
3592,16.306240558624268,0.5045273175138799,obse,cracker_scene1,70,old
3593,16.310907125473022,0.5045928330935808,obse,cracker_scene1,70,old
3594,16.315728425979614,0.5043278386136155,obse,cracker_scene1,70,old
3595,16.32042956352234,0.5043278386136155,obse,cracker_scene1,70,old
3596,16.325175762176514,0.5042265739107885,obse,cracker_scene1,70,old
3597,16.329590320587158,0.5042265739107885,obse,cracker_scene1,70,old
3598,16.334104537963867,0.5042872333784061,obse,cracker_scene1,70,old
3599,16.338694095611572,0.5044030370206549,obse,cracker_scene1,70,old
3600,16.34313941001892,0.504464950469757,obse,cracker_scene1,70,old
3601,16.34782314300537,0.5044529522434232,obse,cracker_scene1,70,old
3602,16.352715969085693,0.5047978822675491,obse,cracker_scene1,70,old
3603,16.357537031173706,0.5047978822675491,obse,cracker_scene1,70,old
3604,16.36216640472412,0.5049402836683482,obse,cracker_scene1,70,old
3605,16.366346836090088,0.5049402836683482,obse,cracker_scene1,70,old
3606,16.37119770050049,0.5046678235603176,obse,cracker_scene1,70,old
3607,16.375657081604004,0.504727733811483,obse,cracker_scene1,70,old
3608,16.379918336868286,0.504727733811483,obse,cracker_scene1,70,old
3609,16.384493827819824,0.5047443954955569,obse,cracker_scene1,70,old
3610,16.38877034187317,0.5047443954955569,obse,cracker_scene1,70,old
3611,16.393818378448486,0.5049043615311845,obse,cracker_scene1,70,old
3612,16.398237943649292,0.5051987916497246,obse,cracker_scene1,70,old
3613,16.402629375457764,0.5052742339742761,obse,cracker_scene1,70,old
3614,16.40705132484436,0.5052742339742761,obse,cracker_scene1,70,old
3615,16.411609888076782,0.5049033187113136,obse,cracker_scene1,70,old
3616,16.416234970092773,0.504955409082926,obse,cracker_scene1,70,old
3617,16.42103934288025,0.5053613978980054,obse,cracker_scene1,70,old
3618,16.42552947998047,0.5053613978980054,obse,cracker_scene1,70,old
3619,16.43014883995056,0.5053506884919172,obse,cracker_scene1,70,old
3620,16.43510389328003,0.5054299282400595,obse,cracker_scene1,70,old
3621,16.440001487731934,0.5054516799655836,obse,cracker_scene1,70,old
3622,16.444835424423218,0.5055211371300985,obse,cracker_scene1,70,old
3623,16.44942855834961,0.5055854586463872,obse,cracker_scene1,70,old
3624,16.454119443893433,0.5052883394470421,obse,cracker_scene1,70,old
3625,16.458441495895386,0.5052883394470421,obse,cracker_scene1,70,old
3626,16.46306085586548,0.5057141529655673,obse,cracker_scene1,70,old
3627,16.467383861541748,0.5057141529655673,obse,cracker_scene1,70,old
3628,16.471990823745728,0.5054647186874207,obse,cracker_scene1,70,old
3629,16.476340770721436,0.5054647186874207,obse,cracker_scene1,70,old
3630,16.480972290039062,0.50540700056852,obse,cracker_scene1,70,old
3631,16.485317707061768,0.5054940621099583,obse,cracker_scene1,70,old
3632,16.490061044692993,0.5055898267952126,obse,cracker_scene1,70,old
3633,16.49454164505005,0.5055712607413528,obse,cracker_scene1,70,old
3634,16.499002695083618,0.5056081928350699,obse,cracker_scene1,70,old
3635,16.503679990768433,0.5059455213699053,obse,cracker_scene1,70,old
3636,16.507999181747437,0.5059455213699053,obse,cracker_scene1,70,old
3637,16.51300811767578,0.5056687039174113,obse,cracker_scene1,70,old
3638,16.517255544662476,0.5056687039174113,obse,cracker_scene1,70,old
3639,16.521883726119995,0.5056940536010192,obse,cracker_scene1,70,old
3640,16.52610206604004,0.5056940536010192,obse,cracker_scene1,70,old
3641,16.530806303024292,0.5060158894575775,obse,cracker_scene1,70,old
3642,16.535433769226074,0.5057757684394053,obse,cracker_scene1,70,old
3643,16.539984703063965,0.5057757684394053,obse,cracker_scene1,70,old
3644,16.54450297355652,0.5057987826076302,obse,cracker_scene1,70,old
3645,16.548912525177002,0.5057987826076302,obse,cracker_scene1,70,old
3646,16.553561449050903,0.5062523796387807,obse,cracker_scene1,70,old
3647,16.558067798614502,0.5062523796387807,obse,cracker_scene1,70,old
3648,16.56235909461975,0.5063193826563124,obse,cracker_scene1,70,old
3649,16.56646180152893,0.5063193826563124,obse,cracker_scene1,70,old
3650,16.570855140686035,0.5059862196720768,obse,cracker_scene1,70,old
3651,16.574981212615967,0.5059862196720768,obse,cracker_scene1,70,old
3652,16.579357385635376,0.5064084090074451,obse,cracker_scene1,70,old
3653,16.583481788635254,0.5064084090074451,obse,cracker_scene1,70,old
3654,16.588292598724365,0.5061758796921741,obse,cracker_scene1,70,old
3655,16.59288239479065,0.5061758796921741,obse,cracker_scene1,70,old
3656,16.597491979599,0.5061053981661573,obse,cracker_scene1,70,old
3657,16.60188055038452,0.5065732761461958,obse,cracker_scene1,70,old
3658,16.60632610321045,0.5065732761461958,obse,cracker_scene1,70,old
3659,16.6106698513031,0.506318142217242,obse,cracker_scene1,70,old
3660,16.61517834663391,0.506318142217242,obse,cracker_scene1,70,old
3661,16.619646310806274,0.5063419606485767,obse,cracker_scene1,70,old
3662,16.62401056289673,0.5063419606485767,obse,cracker_scene1,70,old
3663,16.62864327430725,0.5063977843077223,obse,cracker_scene1,70,old
3664,16.632961750030518,0.5063977843077223,obse,cracker_scene1,70,old
3665,16.637588500976562,0.5064467922534349,obse,cracker_scene1,70,old
3666,16.641884565353394,0.5064467922534349,obse,cracker_scene1,70,old
3667,16.646448373794556,0.5065024988829452,obse,cracker_scene1,70,old
3668,16.650593519210815,0.5065024988829452,obse,cracker_scene1,70,old
3669,16.65522074699402,0.5065354301791458,obse,cracker_scene1,70,old
3670,16.659368753433228,0.5065354301791458,obse,cracker_scene1,70,old
3671,16.663702726364136,0.5066747479234239,obse,cracker_scene1,70,old
3672,16.668167114257812,0.5066747479234239,obse,cracker_scene1,70,old
3673,16.672815084457397,0.5070105561444708,obse,cracker_scene1,70,old
3674,16.677079439163208,0.5065679681154476,obse,cracker_scene1,70,old
3675,16.681856155395508,0.5065679681154476,obse,cracker_scene1,70,old
3676,16.68624711036682,0.506960468972696,obse,cracker_scene1,70,old
3677,16.690592288970947,0.506960468972696,obse,cracker_scene1,70,old
3678,16.69495725631714,0.5067375526038429,obse,cracker_scene1,70,old
3679,16.699318408966064,0.5067375526038429,obse,cracker_scene1,70,old
3680,16.703970193862915,0.5069907285412513,obse,cracker_scene1,70,old
3681,16.708199977874756,0.5069907285412513,obse,cracker_scene1,70,old
3682,16.713324546813965,0.5070503503072039,obse,cracker_scene1,70,old
3683,16.717570066452026,0.5070503503072039,obse,cracker_scene1,70,old
3684,16.72233819961548,0.5073589244947024,obse,cracker_scene1,70,old
3685,16.726781129837036,0.5073589244947024,obse,cracker_scene1,70,old
3686,16.73157286643982,0.5070794928834101,obse,cracker_scene1,70,old
3687,16.735968828201294,0.5074195591636724,obse,cracker_scene1,70,old
3688,16.740527391433716,0.5074195591636724,obse,cracker_scene1,70,old
3689,16.745131492614746,0.5074439240116316,obse,cracker_scene1,70,old
3690,16.74953532218933,0.5074439240116316,obse,cracker_scene1,70,old
3691,16.754128217697144,0.5071006398881472,obse,cracker_scene1,70,old
3692,16.758692979812622,0.5071006398881472,obse,cracker_scene1,70,old
3693,16.763331174850464,0.5071915679730629,obse,cracker_scene1,70,old
3694,16.76751446723938,0.5071915679730629,obse,cracker_scene1,70,old
3695,16.772199153900146,0.5071453845847058,obse,cracker_scene1,70,old
3696,16.77648949623108,0.5075625481368197,obse,cracker_scene1,70,old
3697,16.781054735183716,0.5075625481368197,obse,cracker_scene1,70,old
3698,16.785407781600952,0.50734639379889,obse,cracker_scene1,70,old
3699,16.790212154388428,0.50734639379889,obse,cracker_scene1,70,old
3700,16.794713973999023,0.507400551889878,obse,cracker_scene1,70,old
3701,16.79887890815735,0.507400551889878,obse,cracker_scene1,70,old
3702,16.803303003311157,0.5074569200290929,obse,cracker_scene1,70,old
3703,16.80748701095581,0.5074569200290929,obse,cracker_scene1,70,old
3704,16.81191873550415,0.507773265231246,obse,cracker_scene1,70,old
3705,16.816077709197998,0.507773265231246,obse,cracker_scene1,70,old
3706,16.820528507232666,0.5079136511490477,obse,cracker_scene1,70,old
3707,16.82532811164856,0.5079136511490477,obse,cracker_scene1,70,old
3708,16.830020904541016,0.507918170636315,obse,cracker_scene1,70,old
3709,16.834596395492554,0.507922360944697,obse,cracker_scene1,70,old
3710,16.839072704315186,0.5079406016431469,obse,cracker_scene1,70,old
3711,16.843276500701904,0.5079406016431469,obse,cracker_scene1,70,old
3712,16.847787141799927,0.5079895462984584,obse,cracker_scene1,70,old
3713,16.852102279663086,0.5074235622884824,obse,cracker_scene1,70,old
3714,16.85690450668335,0.5074235622884824,obse,cracker_scene1,70,old
3715,16.861279249191284,0.508031088441692,obse,cracker_scene1,70,old
3716,16.865812063217163,0.508031088441692,obse,cracker_scene1,70,old
3717,16.870494842529297,0.5080558306673156,obse,cracker_scene1,70,old
3718,16.8748459815979,0.5080558306673156,obse,cracker_scene1,70,old
3719,16.879801034927368,0.5078698003964791,obse,cracker_scene1,70,old
3720,16.884801387786865,0.5078698003964791,obse,cracker_scene1,70,old
3721,16.88947582244873,0.5078391088142025,obse,cracker_scene1,70,old
3722,16.894205331802368,0.5079100541910805,obse,cracker_scene1,70,old
3723,16.899081707000732,0.5079100541910805,obse,cracker_scene1,70,old
3724,16.904396533966064,0.5080749138405891,obse,cracker_scene1,70,old
3725,16.90923833847046,0.5080749138405891,obse,cracker_scene1,70,old
3726,16.91445565223694,0.5080966690039825,obse,cracker_scene1,70,old
3727,16.91957950592041,0.5086039954980364,obse,cracker_scene1,70,old
3728,16.924322843551636,0.5086039954980364,obse,cracker_scene1,70,old
3729,16.92937731742859,0.5082999130785729,obse,cracker_scene1,70,old
3730,16.934098482131958,0.5082999130785729,obse,cracker_scene1,70,old
3731,16.939207315444946,0.5082990610004706,obse,cracker_scene1,70,old
3732,16.94403910636902,0.508396961466253,obse,cracker_scene1,70,old
3733,16.949164152145386,0.5084448222098827,obse,cracker_scene1,70,old
3734,16.954330682754517,0.5083956616362854,obse,cracker_scene1,70,old
3735,16.959365606307983,0.5083956616362854,obse,cracker_scene1,70,old
3736,16.9646098613739,0.5088515457071525,obse,cracker_scene1,70,old
3737,16.969656467437744,0.5086743947490155,obse,cracker_scene1,70,old
3738,16.974563121795654,0.5086743947490155,obse,cracker_scene1,70,old
3739,16.979618787765503,0.5090615825045787,obse,cracker_scene1,70,old
3740,16.984471559524536,0.5090615825045787,obse,cracker_scene1,70,old
3741,16.989913940429688,0.5090763474055263,obse,cracker_scene1,70,old
3742,16.99500608444214,0.5090980900273032,obse,cracker_scene1,70,old
3743,16.999298334121704,0.5090980900273032,obse,cracker_scene1,70,old
3744,17.00381898880005,0.5087348664122125,obse,cracker_scene1,70,old
3745,17.008055925369263,0.5087348664122125,obse,cracker_scene1,70,old
3746,17.012383937835693,0.5088785882555973,obse,cracker_scene1,70,old
3747,17.017101526260376,0.5088785882555973,obse,cracker_scene1,70,old
3748,17.02255129814148,0.5090008539907102,obse,cracker_scene1,70,old
3749,17.027597188949585,0.5089502251940705,obse,cracker_scene1,70,old
3750,17.03232192993164,0.5089502251940705,obse,cracker_scene1,70,old
3751,17.037308931350708,0.5093674806631232,obse,cracker_scene1,70,old
3752,17.04218864440918,0.5093674806631232,obse,cracker_scene1,70,old
3753,17.047154426574707,0.50910241502429,obse,cracker_scene1,70,old
3754,17.051982164382935,0.5093986350706273,obse,cracker_scene1,70,old
3755,17.05740737915039,0.5094217597012882,obse,cracker_scene1,70,old
3756,17.062307119369507,0.5094628394370644,obse,cracker_scene1,70,old
3757,17.067342042922974,0.5094628394370644,obse,cracker_scene1,70,old
3758,17.07247757911682,0.5091089899287362,obse,cracker_scene1,70,old
3759,17.077327966690063,0.5091089899287362,obse,cracker_scene1,70,old
3760,17.082173824310303,0.509044236471068,obse,cracker_scene1,70,old
3761,17.08708429336548,0.509044236471068,obse,cracker_scene1,70,old
3762,17.092214584350586,0.509467315054868,obse,cracker_scene1,70,old
3763,17.09727931022644,0.509467315054868,obse,cracker_scene1,70,old
3764,17.102380514144897,0.5091969595352401,obse,cracker_scene1,70,old
3765,17.107245206832886,0.509489957628928,obse,cracker_scene1,70,old
3766,17.112252950668335,0.5095417522038632,obse,cracker_scene1,70,old
3767,17.11722445487976,0.5095720352838651,obse,cracker_scene1,70,old
3768,17.122390508651733,0.5095720352838651,obse,cracker_scene1,70,old
3769,17.127444744110107,0.5096020045281809,obse,cracker_scene1,70,old
3770,17.13248872756958,0.5096045852583094,obse,cracker_scene1,70,old
3771,17.137468814849854,0.5096760389132237,obse,cracker_scene1,70,old
3772,17.142390727996826,0.5093971661934633,obse,cracker_scene1,70,old
3773,17.147653818130493,0.5094239429616717,obse,cracker_scene1,70,old
3774,17.152698755264282,0.5097307600337407,obse,cracker_scene1,70,old
3775,17.15799617767334,0.5097307600337407,obse,cracker_scene1,70,old
3776,17.162887811660767,0.5097759538594139,obse,cracker_scene1,70,old
3777,17.16780185699463,0.5097759538594139,obse,cracker_scene1,70,old
3778,17.17284631729126,0.5098129301291605,obse,cracker_scene1,70,old
3779,17.177976608276367,0.5098129301291605,obse,cracker_scene1,70,old
3780,17.183034896850586,0.5100227851334915,obse,cracker_scene1,70,old
3781,17.188109874725342,0.5096826348516473,obse,cracker_scene1,70,old
3782,17.193089485168457,0.5096826348516473,obse,cracker_scene1,70,old
3783,17.19805407524109,0.5096826348516473,obse,cracker_scene1,70,old
3784,17.203087329864502,0.5100727543574469,obse,cracker_scene1,70,old
3785,17.20806646347046,0.5100727543574469,obse,cracker_scene1,70,old
3786,17.213162899017334,0.5101042403366123,obse,cracker_scene1,70,old
3787,17.21804642677307,0.5101187536495188,obse,cracker_scene1,70,old
3788,17.22327947616577,0.509763278805298,obse,cracker_scene1,70,old
3789,17.22835922241211,0.509763278805298,obse,cracker_scene1,70,old
3790,17.233590364456177,0.5102614285473208,obse,cracker_scene1,70,old
3791,17.23900294303894,0.5103892351048461,obse,cracker_scene1,70,old
3792,17.24429941177368,0.510170946114155,obse,cracker_scene1,70,old
3793,17.249154806137085,0.510170946114155,obse,cracker_scene1,70,old
3794,17.254242181777954,0.5101194753444551,obse,cracker_scene1,70,old
3795,17.259408950805664,0.5101194753444551,obse,cracker_scene1,70,old
3796,17.264424324035645,0.510525757991859,obse,cracker_scene1,70,old
3797,17.269352912902832,0.5106059453291405,obse,cracker_scene1,70,old
3798,17.274179935455322,0.5106059453291405,obse,cracker_scene1,70,old
3799,17.279050827026367,0.5107112985052094,obse,cracker_scene1,70,old
3800,17.283750295639038,0.5107112985052094,obse,cracker_scene1,70,old
3801,17.289143323898315,0.5104476238396014,obse,cracker_scene1,70,old
3802,17.294410943984985,0.5103372984860426,obse,cracker_scene1,70,old
3803,17.299429655075073,0.5103372984860426,obse,cracker_scene1,70,old
3804,17.30471444129944,0.5103831812329634,obse,cracker_scene1,70,old
3805,17.30944061279297,0.5103831812329634,obse,cracker_scene1,70,old
3806,17.314867973327637,0.5105150178843672,obse,cracker_scene1,70,old
3807,17.31966781616211,0.5105546942266856,obse,cracker_scene1,70,old
3808,17.32485318183899,0.5105546942266856,obse,cracker_scene1,70,old
3809,17.329956531524658,0.5109702120963522,obse,cracker_scene1,70,old
3810,17.334746837615967,0.5109634524554737,obse,cracker_scene1,70,old
3811,17.339821815490723,0.5110555713746702,obse,cracker_scene1,70,old
3812,17.34488534927368,0.5108108023695433,obse,cracker_scene1,70,old
3813,17.349743604660034,0.5108108023695433,obse,cracker_scene1,70,old
3814,17.355111837387085,0.5111539870658176,obse,cracker_scene1,70,old
3815,17.36003303527832,0.5108416638354882,obse,cracker_scene1,70,old
3816,17.36509346961975,0.5108513146374043,obse,cracker_scene1,70,old
3817,17.37004804611206,0.5109186651891872,obse,cracker_scene1,70,old
3818,17.37509822845459,0.5109186651891872,obse,cracker_scene1,70,old
3819,17.379904747009277,0.5106504848223001,obse,cracker_scene1,70,old
3820,17.384692668914795,0.5106504848223001,obse,cracker_scene1,70,old
3821,17.390140056610107,0.5112999685780535,obse,cracker_scene1,70,old
3822,17.395150899887085,0.511084384035682,obse,cracker_scene1,70,old
3823,17.400086164474487,0.511084384035682,obse,cracker_scene1,70,old
3824,17.40538477897644,0.5112798243838445,obse,cracker_scene1,70,old
3825,17.41025400161743,0.5109770521955678,obse,cracker_scene1,70,old
3826,17.41530752182007,0.5109910602386751,obse,cracker_scene1,70,old
3827,17.420268297195435,0.5110087753725653,obse,cracker_scene1,70,old
3828,17.425336360931396,0.5110087753725653,obse,cracker_scene1,70,old
3829,17.430614471435547,0.51112971528969,obse,cracker_scene1,70,old
3830,17.43560552597046,0.5113275609799729,obse,cracker_scene1,70,old
3831,17.440510988235474,0.5113275609799729,obse,cracker_scene1,70,old
3832,17.445565700531006,0.511310238438509,obse,cracker_scene1,70,old
3833,17.45060396194458,0.511310238438509,obse,cracker_scene1,70,old
3834,17.456010341644287,0.511740082889617,obse,cracker_scene1,70,old
3835,17.461138010025024,0.5117812255437295,obse,cracker_scene1,70,old
3836,17.465927839279175,0.5117812255437295,obse,cracker_scene1,70,old
3837,17.470714330673218,0.511449661988783,obse,cracker_scene1,70,old
3838,17.475104093551636,0.511449661988783,obse,cracker_scene1,70,old
3839,17.47955083847046,0.511449661988783,obse,cracker_scene1,70,old
3840,17.483814001083374,0.5116102212840872,obse,cracker_scene1,70,old
3841,17.48792552947998,0.5116102212840872,obse,cracker_scene1,70,old
3842,17.49278497695923,0.5115895068510704,obse,cracker_scene1,70,old
3843,17.497077465057373,0.5115895068510704,obse,cracker_scene1,70,old
3844,17.501387357711792,0.5120263834656867,obse,cracker_scene1,70,old
3845,17.506171464920044,0.5120263834656867,obse,cracker_scene1,70,old
3846,17.51112699508667,0.5120701203861321,obse,cracker_scene1,70,old
3847,17.51598048210144,0.5120701203861321,obse,cracker_scene1,70,old
3848,17.520519971847534,0.5118389978827104,obse,cracker_scene1,70,old
3849,17.525031089782715,0.5118389978827104,obse,cracker_scene1,70,old
3850,17.529303312301636,0.5118389978827104,obse,cracker_scene1,70,old
3851,17.5337176322937,0.5117948477064419,obse,cracker_scene1,70,old
3852,17.53819489479065,0.5121718654133796,obse,cracker_scene1,70,old
3853,17.54266095161438,0.5121718654133796,obse,cracker_scene1,70,old
3854,17.54763960838318,0.5122226848362089,obse,cracker_scene1,70,old
3855,17.552855253219604,0.5122226848362089,obse,cracker_scene1,70,old
3856,17.5579617023468,0.5119881615522696,obse,cracker_scene1,70,old
3857,17.562840700149536,0.5118853124421685,obse,cracker_scene1,70,old
3858,17.56784439086914,0.5117627479956159,obse,cracker_scene1,70,old
3859,17.572871208190918,0.5118088067467775,obse,cracker_scene1,70,old
3860,17.578067302703857,0.5119046274756771,obse,cracker_scene1,70,old
3861,17.583075523376465,0.5119199789772729,obse,cracker_scene1,70,old
3862,17.587937116622925,0.5119199789772729,obse,cracker_scene1,70,old
3863,17.592838764190674,0.5118904229447494,obse,cracker_scene1,70,old
3864,17.597925662994385,0.5118904229447494,obse,cracker_scene1,70,old
3865,17.60312032699585,0.5120092209511676,obse,cracker_scene1,70,old
3866,17.60801100730896,0.5120092209511676,obse,cracker_scene1,70,old
3867,17.613255262374878,0.5119691230184642,obse,cracker_scene1,70,old
3868,17.618323802947998,0.5123769004889096,obse,cracker_scene1,70,old
3869,17.623368501663208,0.5123769004889096,obse,cracker_scene1,70,old
3870,17.62813401222229,0.5123769004889096,obse,cracker_scene1,70,old
3871,17.633256912231445,0.5121055820390302,obse,cracker_scene1,70,old
3872,17.638588428497314,0.5120284928791826,obse,cracker_scene1,70,old
3873,17.64353656768799,0.5121385829226719,obse,cracker_scene1,70,old
3874,17.648661375045776,0.5124503234025031,obse,cracker_scene1,70,old
3875,17.653645753860474,0.5122733996772615,obse,cracker_scene1,70,old
3876,17.658390760421753,0.5122733996772615,obse,cracker_scene1,70,old
3877,17.6634521484375,0.5124337251627431,obse,cracker_scene1,70,old
3878,17.66793417930603,0.5125028631898878,obse,cracker_scene1,70,old
3879,17.672824382781982,0.5128896799618521,obse,cracker_scene1,70,old
3880,17.677737712860107,0.5131234842936252,obse,cracker_scene1,70,old
3881,17.68261432647705,0.5131234842936252,obse,cracker_scene1,70,old
3882,17.687718868255615,0.5131803600890433,obse,cracker_scene1,70,old
3883,17.69297480583191,0.512937927867368,obse,cracker_scene1,70,old
3884,17.697905778884888,0.512937927867368,obse,cracker_scene1,70,old
3885,17.70293354988098,0.5132782819525398,obse,cracker_scene1,70,old
3886,17.707844734191895,0.5132782819525398,obse,cracker_scene1,70,old
3887,17.712841272354126,0.5130169367113456,obse,cracker_scene1,70,old
3888,17.717857360839844,0.5129789840026285,obse,cracker_scene1,70,old
3889,17.723365783691406,0.5129789840026285,obse,cracker_scene1,70,old
3890,17.728438138961792,0.5134144333905891,obse,cracker_scene1,70,old
3891,17.73339080810547,0.5134144333905891,obse,cracker_scene1,70,old
3892,17.738640308380127,0.5130964718845098,obse,cracker_scene1,70,old
3893,17.74361276626587,0.5135008433866504,obse,cracker_scene1,70,old
3894,17.74876594543457,0.5135008433866504,obse,cracker_scene1,70,old
3895,17.75381565093994,0.513441740728585,obse,cracker_scene1,70,old
3896,17.758991718292236,0.513441740728585,obse,cracker_scene1,70,old
3897,17.763936042785645,0.5133517848156967,obse,cracker_scene1,70,old
3898,17.769225358963013,0.5132448533210232,obse,cracker_scene1,70,old
3899,17.77422285079956,0.5132448533210232,obse,cracker_scene1,70,old
3900,17.779561758041382,0.5134365639032772,obse,cracker_scene1,70,old
3901,17.784489154815674,0.5134294305639115,obse,cracker_scene1,70,old
3902,17.789830207824707,0.5134799551949626,obse,cracker_scene1,70,old
3903,17.795124053955078,0.5135237371780315,obse,cracker_scene1,70,old
3904,17.80014443397522,0.5135237371780315,obse,cracker_scene1,70,old
3905,17.8057804107666,0.5136479465798073,obse,cracker_scene1,70,old
3906,17.810680866241455,0.513975798647775,obse,cracker_scene1,70,old
3907,17.815733909606934,0.513975798647775,obse,cracker_scene1,70,old
3908,17.820783615112305,0.5137149940959391,obse,cracker_scene1,70,old
3909,17.825334310531616,0.5137149940959391,obse,cracker_scene1,70,old
3910,17.83016061782837,0.5137133247539498,obse,cracker_scene1,70,old
3911,17.834810733795166,0.5137379397077991,obse,cracker_scene1,70,old
3912,17.839592933654785,0.5137712841631553,obse,cracker_scene1,70,old
3913,17.844377994537354,0.5137969256518058,obse,cracker_scene1,70,old
3914,17.848888874053955,0.5137969256518058,obse,cracker_scene1,70,old
3915,17.853419303894043,0.5141355824724522,obse,cracker_scene1,70,old
3916,17.85790729522705,0.5141355824724522,obse,cracker_scene1,70,old
3917,17.86241841316223,0.5141509631391243,obse,cracker_scene1,70,old
3918,17.866727828979492,0.5141509631391243,obse,cracker_scene1,70,old
3919,17.871944904327393,0.513866700293223,obse,cracker_scene1,70,old
3920,17.87686038017273,0.5141998320664022,obse,cracker_scene1,70,old
3921,17.882492780685425,0.5141998320664022,obse,cracker_scene1,70,old
3922,17.887710094451904,0.5142524713083425,obse,cracker_scene1,70,old
3923,17.89192485809326,0.5142524713083425,obse,cracker_scene1,70,old
3924,17.896641969680786,0.5143286015310722,obse,cracker_scene1,70,old
3925,17.90079164505005,0.5143286015310722,obse,cracker_scene1,70,old
3926,17.90558099746704,0.5143669367242109,obse,cracker_scene1,70,old
3927,17.909769773483276,0.5143669367242109,obse,cracker_scene1,70,old
3928,17.914321899414062,0.5144275863697741,obse,cracker_scene1,70,old
3929,17.91871666908264,0.5142230951457332,obse,cracker_scene1,70,old
3930,17.923378944396973,0.5142230951457332,obse,cracker_scene1,70,old
3931,17.92789888381958,0.514241586139386,obse,cracker_scene1,70,old
3932,17.932031631469727,0.514241586139386,obse,cracker_scene1,70,old
3933,17.93639063835144,0.5145858645370847,obse,cracker_scene1,70,old
3934,17.940518140792847,0.5145858645370847,obse,cracker_scene1,70,old
3935,17.94488215446472,0.5143988694181381,obse,cracker_scene1,70,old
3936,17.94903802871704,0.5143988694181381,obse,cracker_scene1,70,old
3937,17.95393395423889,0.5144323898614558,obse,cracker_scene1,70,old
3938,17.958518743515015,0.5144323898614558,obse,cracker_scene1,70,old
3939,17.963386297225952,0.5143815849248797,obse,cracker_scene1,70,old
3940,17.967637300491333,0.5143815849248797,obse,cracker_scene1,70,old
3941,17.972224712371826,0.5144091094754362,obse,cracker_scene1,70,old
3942,17.976478576660156,0.5144091094754362,obse,cracker_scene1,70,old
3943,17.981104135513306,0.5145442254453269,obse,cracker_scene1,70,old
3944,17.985605716705322,0.5145649770069084,obse,cracker_scene1,70,old
3945,17.990236520767212,0.5145649770069084,obse,cracker_scene1,70,old
3946,17.994709253311157,0.5144145133392419,obse,cracker_scene1,70,old
3947,17.9990713596344,0.5144145133392419,obse,cracker_scene1,70,old
3948,18.003596305847168,0.5147507469228917,obse,cracker_scene1,70,old
3949,18.007882118225098,0.5147507469228917,obse,cracker_scene1,70,old
3950,18.01246929168701,0.5147801120165666,obse,cracker_scene1,70,old
3951,18.016714811325073,0.5147801120165666,obse,cracker_scene1,70,old
3952,18.021303176879883,0.5144654948938656,obse,cracker_scene1,70,old
3953,18.025756359100342,0.5144654948938656,obse,cracker_scene1,70,old
3954,18.03075337409973,0.5149086679230502,obse,cracker_scene1,70,old
3955,18.03563165664673,0.5149628012877594,obse,cracker_scene1,70,old
3956,18.040209770202637,0.5149628012877594,obse,cracker_scene1,70,old
3957,18.044649600982666,0.5150113497082546,obse,cracker_scene1,70,old
3958,18.049194812774658,0.5150113497082546,obse,cracker_scene1,70,old
3959,18.053680419921875,0.5147729805900694,obse,cracker_scene1,70,old
3960,18.058096170425415,0.5147729805900694,obse,cracker_scene1,70,old
3961,18.062705516815186,0.5151456475765052,obse,cracker_scene1,70,old
3962,18.067016124725342,0.5151456475765052,obse,cracker_scene1,70,old
3963,18.071763277053833,0.5147653928598648,obse,cracker_scene1,70,old
3964,18.076114654541016,0.5147653928598648,obse,cracker_scene1,70,old
3965,18.08083462715149,0.5147825439032963,obse,cracker_scene1,70,old
3966,18.08511185646057,0.5151980307413978,obse,cracker_scene1,70,old
3967,18.089776754379272,0.5151980307413978,obse,cracker_scene1,70,old
3968,18.09418797492981,0.5152285447119828,obse,cracker_scene1,70,old
3969,18.098569869995117,0.5152285447119828,obse,cracker_scene1,70,old
3970,18.102949619293213,0.5150637058686911,obse,cracker_scene1,70,old
3971,18.10761022567749,0.5150637058686911,obse,cracker_scene1,70,old
3972,18.112203359603882,0.5151267704347309,obse,cracker_scene1,70,old
3973,18.116426467895508,0.5151267704347309,obse,cracker_scene1,70,old
3974,18.120978355407715,0.5155452351218774,obse,cracker_scene1,70,old
3975,18.12567973136902,0.5155452351218774,obse,cracker_scene1,70,old
3976,18.130747079849243,0.515185653270949,obse,cracker_scene1,70,old
3977,18.13521409034729,0.5155818900771546,obse,cracker_scene1,70,old
3978,18.13987398147583,0.5155818900771546,obse,cracker_scene1,70,old
3979,18.144371032714844,0.5155983451814224,obse,cracker_scene1,70,old
3980,18.148812294006348,0.5155983451814224,obse,cracker_scene1,70,old
3981,18.153352975845337,0.5156452669976245,obse,cracker_scene1,70,old
3982,18.158079385757446,0.5156452669976245,obse,cracker_scene1,70,old
3983,18.16246461868286,0.5153939721480256,obse,cracker_scene1,70,old
3984,18.166627168655396,0.5153939721480256,obse,cracker_scene1,70,old
3985,18.171011924743652,0.5154505838894153,obse,cracker_scene1,70,old
3986,18.17525339126587,0.5154505838894153,obse,cracker_scene1,70,old
3987,18.179646253585815,0.515491925858097,obse,cracker_scene1,70,old
3988,18.183831930160522,0.515491925858097,obse,cracker_scene1,70,old
3989,18.188296794891357,0.5158201493834799,obse,cracker_scene1,70,old
3990,18.19329023361206,0.5158002067067744,obse,cracker_scene1,70,old
3991,18.197887182235718,0.5158002067067744,obse,cracker_scene1,70,old
3992,18.20229983329773,0.5155627984369007,obse,cracker_scene1,70,old
3993,18.20675826072693,0.5155627984369007,obse,cracker_scene1,70,old
3994,18.211257457733154,0.515864641542808,obse,cracker_scene1,70,old
3995,18.215752840042114,0.515864641542808,obse,cracker_scene1,70,old
3996,18.220282316207886,0.5156145640676887,obse,cracker_scene1,70,old
3997,18.224833011627197,0.5156145640676887,obse,cracker_scene1,70,old
3998,18.22943115234375,0.5157613666394889,obse,cracker_scene1,70,old
3999,18.233738899230957,0.5157613666394889,obse,cracker_scene1,70,old
4000,18.238361120224,0.5158510335888387,obse,cracker_scene1,70,old
4001,18.242866277694702,0.5158510335888387,obse,cracker_scene1,70,old
4002,18.247557163238525,0.5161393907863218,obse,cracker_scene1,70,old
4003,18.25181484222412,0.5161393907863218,obse,cracker_scene1,70,old
4004,18.256534576416016,0.5161781906578123,obse,cracker_scene1,70,old
4005,18.261006832122803,0.5158994441559194,obse,cracker_scene1,70,old
4006,18.265361785888672,0.5158994441559194,obse,cracker_scene1,70,old
4007,18.27070951461792,0.5162762848528886,obse,cracker_scene1,70,old
4008,18.277462244033813,0.5162762848528886,obse,cracker_scene1,70,old
4009,18.28208637237549,0.5162449293406851,obse,cracker_scene1,70,old
4010,18.28643798828125,0.5162449293406851,obse,cracker_scene1,70,old
4011,18.29104495048523,0.5163073194853116,obse,cracker_scene1,70,old
4012,18.295486450195312,0.5163073194853116,obse,cracker_scene1,70,old
4013,18.299864053726196,0.5159125340196995,obse,cracker_scene1,70,old
4014,18.304351806640625,0.5159709108446028,obse,cracker_scene1,70,old
4015,18.30990767478943,0.5159709108446028,obse,cracker_scene1,70,old
4016,18.316523790359497,0.5161541219090173,obse,cracker_scene1,70,old
4017,18.32089066505432,0.5164797685039191,obse,cracker_scene1,70,old
4018,18.325496196746826,0.5164797685039191,obse,cracker_scene1,70,old
4019,18.330063581466675,0.5165311235337317,obse,cracker_scene1,70,old
4020,18.33443307876587,0.5165311235337317,obse,cracker_scene1,70,old
4021,18.338979482650757,0.5163620737046446,obse,cracker_scene1,70,old
4022,18.343201637268066,0.5163620737046446,obse,cracker_scene1,70,old
4023,18.34783101081848,0.5162480600063969,obse,cracker_scene1,70,old
4024,18.352401733398438,0.5162480600063969,obse,cracker_scene1,70,old
4025,18.35703754425049,0.516266778998247,obse,cracker_scene1,70,old
4026,18.36159372329712,0.516266778998247,obse,cracker_scene1,70,old
4027,18.36618971824646,0.5165288290805186,obse,cracker_scene1,70,old
4028,18.371548652648926,0.5165288290805186,obse,cracker_scene1,70,old
4029,18.375892877578735,0.5165853119052009,obse,cracker_scene1,70,old
4030,18.380397081375122,0.5165853119052009,obse,cracker_scene1,70,old
4031,18.384725332260132,0.5163638285280217,obse,cracker_scene1,70,old
4032,18.38960075378418,0.5162594486586454,obse,cracker_scene1,70,old
4033,18.394129514694214,0.5163062253048433,obse,cracker_scene1,70,old
4034,18.39848303794861,0.5167048270829182,obse,cracker_scene1,70,old
4035,18.402794122695923,0.5167417664820076,obse,cracker_scene1,70,old
4036,18.407022714614868,0.5167417664820076,obse,cracker_scene1,70,old
4037,18.411370754241943,0.5167449799301351,obse,cracker_scene1,70,old
4038,18.415482997894287,0.5167449799301351,obse,cracker_scene1,70,old
4039,18.420305013656616,0.5164657922174124,obse,cracker_scene1,70,old
4040,18.425134897232056,0.5164657922174124,obse,cracker_scene1,70,old
4041,18.430211305618286,0.5168073537800004,obse,cracker_scene1,70,old
4042,18.435118198394775,0.5168073537800004,obse,cracker_scene1,70,old
4043,18.44063949584961,0.5164302084440191,obse,cracker_scene1,70,old
4044,18.4454128742218,0.5165254349996388,obse,cracker_scene1,70,old
4045,18.45045757293701,0.5170257290986991,obse,cracker_scene1,70,old
4046,18.455909490585327,0.5170101198116769,obse,cracker_scene1,70,old
4047,18.460623025894165,0.5170432202406671,obse,cracker_scene1,70,old
4048,18.46502923965454,0.5170432202406671,obse,cracker_scene1,70,old
4049,18.469355821609497,0.5170806973300073,obse,cracker_scene1,70,old
4050,18.473785161972046,0.516808036534577,obse,cracker_scene1,70,old
4051,18.478198051452637,0.5167197418625011,obse,cracker_scene1,70,old
4052,18.48266053199768,0.5167197418625011,obse,cracker_scene1,70,old
4053,18.48733162879944,0.5168223938192101,obse,cracker_scene1,70,old
4054,18.491767406463623,0.5168223938192101,obse,cracker_scene1,70,old
4055,18.496283292770386,0.5172968510183821,obse,cracker_scene1,70,old
4056,18.50092649459839,0.5172968510183821,obse,cracker_scene1,70,old
4057,18.50580668449402,0.5173355991689627,obse,cracker_scene1,70,old
4058,18.51030468940735,0.5170716550217124,obse,cracker_scene1,70,old
4059,18.514895915985107,0.5170716550217124,obse,cracker_scene1,70,old
4060,18.519585371017456,0.5173898812470313,obse,cracker_scene1,70,old
4061,18.525062799453735,0.5173898812470313,obse,cracker_scene1,70,old
4062,18.52951717376709,0.5173614497389131,obse,cracker_scene1,70,old
4063,18.53388738632202,0.5173614497389131,obse,cracker_scene1,70,old
4064,18.538497924804688,0.5173781147007926,obse,cracker_scene1,70,old
4065,18.543100357055664,0.5174249765892496,obse,cracker_scene1,70,old
4066,18.54846739768982,0.5174249765892496,obse,cracker_scene1,70,old
4067,18.553485870361328,0.517050568214171,obse,cracker_scene1,70,old
4068,18.55790662765503,0.517050568214171,obse,cracker_scene1,70,old
4069,18.562734603881836,0.517171252749613,obse,cracker_scene1,70,old
4070,18.566882848739624,0.517171252749613,obse,cracker_scene1,70,old
4071,18.57200026512146,0.5172565846288775,obse,cracker_scene1,70,old
4072,18.577001333236694,0.5172902148620375,obse,cracker_scene1,70,old
4073,18.58217978477478,0.5172902148620375,obse,cracker_scene1,70,old
4074,18.587239503860474,0.5173028775630096,obse,cracker_scene1,70,old
4075,18.592275381088257,0.5173028775630096,obse,cracker_scene1,70,old
4076,18.597659587860107,0.5173678374022878,obse,cracker_scene1,70,old
4077,18.602651357650757,0.5173867465360649,obse,cracker_scene1,70,old
4078,18.60751986503601,0.5173867465360649,obse,cracker_scene1,70,old
4079,18.612714529037476,0.5174807368733664,obse,cracker_scene1,70,old
4080,18.61763334274292,0.5174807368733664,obse,cracker_scene1,70,old
4081,18.623066902160645,0.5177605783072659,obse,cracker_scene1,70,old
4082,18.62806797027588,0.5174707130095361,obse,cracker_scene1,70,old
4083,18.632824897766113,0.5174707130095361,obse,cracker_scene1,70,old
4084,18.637555837631226,0.5178525442272945,obse,cracker_scene1,70,old
4085,18.64191174507141,0.5178525442272945,obse,cracker_scene1,70,old
4086,18.64637780189514,0.5174973315658316,obse,cracker_scene1,70,old
4087,18.65078568458557,0.5174973315658316,obse,cracker_scene1,70,old
4088,18.65638041496277,0.5176349056221161,obse,cracker_scene1,70,old
4089,18.6614773273468,0.5175388906361944,obse,cracker_scene1,70,old
4090,18.66608214378357,0.5175388906361944,obse,cracker_scene1,70,old
4091,18.67078423500061,0.5175922188530462,obse,cracker_scene1,70,old
4092,18.675545930862427,0.5175922188530462,obse,cracker_scene1,70,old
4093,18.680397748947144,0.5176982738187764,obse,cracker_scene1,70,old
4094,18.684754610061646,0.5176982738187764,obse,cracker_scene1,70,old
4095,18.68983292579651,0.5177366226507111,obse,cracker_scene1,70,old
4096,18.694498538970947,0.5177366226507111,obse,cracker_scene1,70,old
4097,18.69931983947754,0.5180261104591631,obse,cracker_scene1,70,old
4098,18.703740119934082,0.517638510400705,obse,cracker_scene1,70,old
4099,18.708227157592773,0.5176465456921544,obse,cracker_scene1,70,old
4100,18.712702751159668,0.5176614552126937,obse,cracker_scene1,70,old
4101,18.716952323913574,0.5176614552126937,obse,cracker_scene1,70,old
4102,18.721639156341553,0.5177751702974549,obse,cracker_scene1,70,old
4103,18.726397275924683,0.5178585010534122,obse,cracker_scene1,70,old
4104,18.730929613113403,0.5181512697139719,obse,cracker_scene1,70,old
4105,18.735944032669067,0.5178506835484624,obse,cracker_scene1,70,old
4106,18.74122643470764,0.5179036837327201,obse,cracker_scene1,70,old
4107,18.745636463165283,0.5178081042530518,obse,cracker_scene1,70,old
4108,18.750169038772583,0.5178081042530518,obse,cracker_scene1,70,old
4109,18.75476908683777,0.5179047091430865,obse,cracker_scene1,70,old
4110,18.76037883758545,0.5179047091430865,obse,cracker_scene1,70,old
4111,18.765671968460083,0.5177647953893508,obse,cracker_scene1,70,old
4112,18.770743370056152,0.5181766567043189,obse,cracker_scene1,70,old
4113,18.775944232940674,0.5181792664225082,obse,cracker_scene1,70,old
4114,18.781104564666748,0.5176642735524423,obse,cracker_scene1,70,old
4115,18.786410093307495,0.517941763625804,obse,cracker_scene1,70,old
4116,18.79164981842041,0.517941763625804,obse,cracker_scene1,70,old
4117,18.796791553497314,0.517941763625804,obse,cracker_scene1,70,old
4118,18.80196261405945,0.5180520913396269,obse,cracker_scene1,70,old
4119,18.806777238845825,0.5180421295885929,obse,cracker_scene1,70,old
4120,18.81118631362915,0.5180421295885929,obse,cracker_scene1,70,old
4121,18.81584095954895,0.517936742715085,obse,cracker_scene1,70,old
4122,18.820516109466553,0.517936742715085,obse,cracker_scene1,70,old
4123,18.82528781890869,0.518226233783257,obse,cracker_scene1,70,old
4124,18.829931497573853,0.518226233783257,obse,cracker_scene1,70,old
4125,18.834460973739624,0.518226233783257,obse,cracker_scene1,70,old
4126,18.839763641357422,0.5182444147308295,obse,cracker_scene1,70,old
4127,18.845285177230835,0.5182339924148673,obse,cracker_scene1,70,old
4128,18.85046100616455,0.5182339924148673,obse,cracker_scene1,70,old
4129,18.85554027557373,0.5180255240906255,obse,cracker_scene1,70,old
4130,18.860242128372192,0.5179672381811443,obse,cracker_scene1,70,old
4131,18.8646457195282,0.5179672381811443,obse,cracker_scene1,70,old
4132,18.869070529937744,0.5183716832926546,obse,cracker_scene1,70,old
4133,18.873411178588867,0.5183716832926546,obse,cracker_scene1,70,old
4134,18.877875804901123,0.5184029985045412,obse,cracker_scene1,70,old
4135,18.882724046707153,0.5184029985045412,obse,cracker_scene1,70,old
4136,18.88837480545044,0.5179431725620237,obse,cracker_scene1,70,old
4137,18.893596172332764,0.5181800287074008,obse,cracker_scene1,70,old
4138,18.898688077926636,0.5181800287074008,obse,cracker_scene1,70,old
4139,18.903944969177246,0.5182006543339657,obse,cracker_scene1,70,old
4140,18.908860206604004,0.5182006543339657,obse,cracker_scene1,70,old
4141,18.914894819259644,0.5184370621286027,obse,cracker_scene1,70,old
4142,18.919893503189087,0.5179114244974504,obse,cracker_scene1,70,old
4143,18.924859762191772,0.5179114244974504,obse,cracker_scene1,70,old
4144,18.929356336593628,0.5182812740750125,obse,cracker_scene1,70,old
4145,18.93371868133545,0.5182812740750125,obse,cracker_scene1,70,old
4146,18.938352584838867,0.5185237517874347,obse,cracker_scene1,70,old
4147,18.94265341758728,0.5185237517874347,obse,cracker_scene1,70,old
4148,18.947458505630493,0.518520016766207,obse,cracker_scene1,70,old
4149,18.952620267868042,0.5181443897207083,obse,cracker_scene1,70,old
4150,18.95781135559082,0.5181443897207083,obse,cracker_scene1,70,old
4151,18.963056087493896,0.5181418893827516,obse,cracker_scene1,70,old
4152,18.967994928359985,0.5181418893827516,obse,cracker_scene1,70,old
4153,18.97330927848816,0.5182837104813977,obse,cracker_scene1,70,old
4154,18.97780203819275,0.5182837104813977,obse,cracker_scene1,70,old
4155,18.982496976852417,0.518268921497504,obse,cracker_scene1,70,old
4156,18.986923217773438,0.5182662905503684,obse,cracker_scene1,70,old
4157,18.991348028182983,0.5185751655065817,obse,cracker_scene1,70,old
4158,18.995783805847168,0.5185280914889159,obse,cracker_scene1,70,old
4159,19.000324487686157,0.5185280914889159,obse,cracker_scene1,70,old
4160,19.004964351654053,0.5181900545125244,obse,cracker_scene1,70,old
4161,19.009519815444946,0.5181900545125244,obse,cracker_scene1,70,old
4162,19.014267921447754,0.518253516158968,obse,cracker_scene1,70,old
4163,19.018650770187378,0.5182637958955109,obse,cracker_scene1,70,old
4164,19.02342462539673,0.5185552459206537,obse,cracker_scene1,70,old
4165,19.027944564819336,0.5182682948806978,obse,cracker_scene1,70,old
4166,19.032466411590576,0.5182682948806978,obse,cracker_scene1,70,old
4167,19.037073135375977,0.5185297919690869,obse,cracker_scene1,70,old
4168,19.041467428207397,0.5185297919690869,obse,cracker_scene1,70,old
4169,19.046228408813477,0.5182415944524859,obse,cracker_scene1,70,old
4170,19.05062437057495,0.5182519735157055,obse,cracker_scene1,70,old
4171,19.055382251739502,0.518265492506534,obse,cracker_scene1,70,old
4172,19.059922218322754,0.5185518714553029,obse,cracker_scene1,70,old
4173,19.064706802368164,0.5183770075687746,obse,cracker_scene1,70,old
4174,19.069156408309937,0.5180151063037906,obse,cracker_scene1,70,old
4175,19.07368540763855,0.5180151063037906,obse,cracker_scene1,70,old
4176,19.07812809944153,0.5183766569559353,obse,cracker_scene1,70,old
4177,19.0825674533844,0.5183766569559353,obse,cracker_scene1,70,old
4178,19.087501287460327,0.5179899902763015,obse,cracker_scene1,70,old
4179,19.091976165771484,0.5179899902763015,obse,cracker_scene1,70,old
4180,19.096392393112183,0.5183897790702616,obse,cracker_scene1,70,old
4181,19.100667238235474,0.5183897790702616,obse,cracker_scene1,70,old
4182,19.105112314224243,0.5183699624298823,obse,cracker_scene1,70,old
4183,19.109394073486328,0.5183699624298823,obse,cracker_scene1,70,old
4184,19.11383080482483,0.5184873817030309,obse,cracker_scene1,70,old
4185,19.118111610412598,0.5184873817030309,obse,cracker_scene1,70,old
4186,19.122536182403564,0.5184932203427483,obse,cracker_scene1,70,old
4187,19.127479553222656,0.5181104451410692,obse,cracker_scene1,70,old
4188,19.131949424743652,0.5181104451410692,obse,cracker_scene1,70,old
4189,19.136475324630737,0.5184452199704425,obse,cracker_scene1,70,old
4190,19.140905141830444,0.5184452199704425,obse,cracker_scene1,70,old
4191,19.145554542541504,0.518104409432154,obse,cracker_scene1,70,old
4192,19.149843215942383,0.518104409432154,obse,cracker_scene1,70,old
4193,19.154203414916992,0.5184807768681384,obse,cracker_scene1,70,old
4194,19.158807516098022,0.5184807768681384,obse,cracker_scene1,70,old
4195,19.16360569000244,0.5181670400764604,obse,cracker_scene1,70,old
4196,19.167985677719116,0.5180956771200371,obse,cracker_scene1,70,old
4197,19.17258048057556,0.5180956771200371,obse,cracker_scene1,70,old
4198,19.177095651626587,0.5184763198177489,obse,cracker_scene1,70,old
4199,19.18154788017273,0.5184763198177489,obse,cracker_scene1,70,old
4200,19.18610453605652,0.518079701211449,obse,cracker_scene1,70,old
4201,19.19071912765503,0.518079701211449,obse,cracker_scene1,70,old
4202,19.195534229278564,0.5180930381282189,obse,cracker_scene1,70,old
4203,19.20000171661377,0.5180930381282189,obse,cracker_scene1,70,old
4204,19.2048180103302,0.5186802335477357,obse,cracker_scene1,70,old
4205,19.20901870727539,0.5186802335477357,obse,cracker_scene1,70,old
4206,19.21561861038208,0.5182167956944941,obse,cracker_scene1,70,old
4207,19.22245168685913,0.5181073117943086,obse,cracker_scene1,70,old
4208,19.229344129562378,0.5185175372747234,obse,cracker_scene1,70,old
4209,19.23424005508423,0.5182155571940125,obse,cracker_scene1,70,old
4210,19.23929214477539,0.5182155571940125,obse,cracker_scene1,70,old
4211,19.244990587234497,0.518176654472688,obse,cracker_scene1,70,old
4212,19.25026226043701,0.518176654472688,obse,cracker_scene1,70,old
4213,19.255643129348755,0.5184968609617058,obse,cracker_scene1,70,old
4214,19.260639429092407,0.5181026710508898,obse,cracker_scene1,70,old
4215,19.265698432922363,0.5181026710508898,obse,cracker_scene1,70,old
4216,19.27102017402649,0.518098453124139,obse,cracker_scene1,70,old
4217,19.276023387908936,0.518098453124139,obse,cracker_scene1,70,old
4218,19.281363487243652,0.5185545228855968,obse,cracker_scene1,70,old
4219,19.28631067276001,0.5182429840962518,obse,cracker_scene1,70,old
4220,19.291568994522095,0.5182429840962518,obse,cracker_scene1,70,old
4221,19.29644775390625,0.5181430298920087,obse,cracker_scene1,70,old
4222,19.301493883132935,0.5181463084829222,obse,cracker_scene1,70,old
4223,19.306337118148804,0.5181173119495742,obse,cracker_scene1,70,old
4224,19.31071901321411,0.5181748866607521,obse,cracker_scene1,70,old
4225,19.315058946609497,0.5181748866607521,obse,cracker_scene1,70,old
4226,19.319414615631104,0.5180879701947496,obse,cracker_scene1,70,old
4227,19.324254035949707,0.5180879701947496,obse,cracker_scene1,70,old
4228,19.328754425048828,0.5180754862968161,obse,cracker_scene1,70,old
4229,19.33309769630432,0.5180754862968161,obse,cracker_scene1,70,old
4230,19.33779788017273,0.5184884677085562,obse,cracker_scene1,70,old
4231,19.341984033584595,0.5184884677085562,obse,cracker_scene1,70,old
4232,19.346640825271606,0.5181062175744798,obse,cracker_scene1,70,old
4233,19.350891828536987,0.5181062175744798,obse,cracker_scene1,70,old
4234,19.35586190223694,0.5182073430966165,obse,cracker_scene1,70,old
4235,19.361075401306152,0.5181909422246516,obse,cracker_scene1,70,old
4236,19.36622405052185,0.5181909422246516,obse,cracker_scene1,70,old
4237,19.37142252922058,0.5180972418572595,obse,cracker_scene1,70,old
4238,19.376319646835327,0.518098970496341,obse,cracker_scene1,70,old
4239,19.381335496902466,0.518098970496341,obse,cracker_scene1,70,old
4240,19.38653063774109,0.5181949040395605,obse,cracker_scene1,70,old
4241,19.391599893569946,0.5181949040395605,obse,cracker_scene1,70,old
4242,19.396875619888306,0.5184877546176827,obse,cracker_scene1,70,old
4243,19.402275562286377,0.5180890620849636,obse,cracker_scene1,70,old
4244,19.40727734565735,0.5180890620849636,obse,cracker_scene1,70,old
4245,19.412463188171387,0.5181976135765438,obse,cracker_scene1,70,old
4246,19.417531490325928,0.5180840400202793,obse,cracker_scene1,70,old
4247,19.42226552963257,0.518083056927357,obse,cracker_scene1,70,old
4248,19.426682472229004,0.5184654343081813,obse,cracker_scene1,70,old
4249,19.431171417236328,0.5184654343081813,obse,cracker_scene1,70,old
4250,19.435651302337646,0.5180948527570683,obse,cracker_scene1,70,old
4251,19.44002604484558,0.5180948527570683,obse,cracker_scene1,70,old
4252,19.444454431533813,0.5180887319157749,obse,cracker_scene1,70,old
4253,19.448976755142212,0.5180965944027345,obse,cracker_scene1,70,old
4254,19.453545331954956,0.5184962972246138,obse,cracker_scene1,70,old
4255,19.457901000976562,0.5184962972246138,obse,cracker_scene1,70,old
4256,19.46291494369507,0.5182051764685264,obse,cracker_scene1,70,old
4257,19.467935800552368,0.5182051764685264,obse,cracker_scene1,70,old
4258,19.472768306732178,0.518477898258539,obse,cracker_scene1,70,old
4259,19.477527379989624,0.518477898258539,obse,cracker_scene1,70,old
4260,19.482584476470947,0.5182114935271733,obse,cracker_scene1,70,old
4261,19.487525463104248,0.5182114935271733,obse,cracker_scene1,70,old
4262,19.492790937423706,0.518070529706456,obse,cracker_scene1,70,old
4263,19.49774694442749,0.518070529706456,obse,cracker_scene1,70,old
4264,19.502421379089355,0.5184949050296532,obse,cracker_scene1,70,old
4265,19.507474422454834,0.5180798685509609,obse,cracker_scene1,70,old
4266,19.512396097183228,0.5180809342829624,obse,cracker_scene1,70,old
4267,19.5174081325531,0.5184572691371848,obse,cracker_scene1,70,old
4268,19.522830724716187,0.5184572691371848,obse,cracker_scene1,70,old
4269,19.527838945388794,0.5181903421816392,obse,cracker_scene1,70,old
4270,19.531967878341675,0.5181903421816392,obse,cracker_scene1,70,old
4271,19.536569833755493,0.5184910000818795,obse,cracker_scene1,70,old
4272,19.540897846221924,0.5184823478112077,obse,cracker_scene1,70,old
4273,19.545106887817383,0.5184823478112077,obse,cracker_scene1,70,old
4274,19.54967474937439,0.5180963377218265,obse,cracker_scene1,70,old
4275,19.553954362869263,0.5180963377218265,obse,cracker_scene1,70,old
4276,19.558419942855835,0.5180822577667699,obse,cracker_scene1,70,old
4277,19.56270980834961,0.5180822577667699,obse,cracker_scene1,70,old
4278,19.56720471382141,0.5184801508989033,obse,cracker_scene1,70,old
4279,19.571568489074707,0.5181574595354934,obse,cracker_scene1,70,old
4280,19.576218843460083,0.5181560552832771,obse,cracker_scene1,70,old
4281,19.580924034118652,0.5181085583452514,obse,cracker_scene1,70,old
4282,19.585477352142334,0.5181085583452514,obse,cracker_scene1,70,old
4283,19.589879512786865,0.518095521454065,obse,cracker_scene1,70,old
4284,19.5942120552063,0.5180878509375983,obse,cracker_scene1,70,old
4285,19.598434925079346,0.5180897489529621,obse,cracker_scene1,70,old
4286,19.602805614471436,0.5180984592362944,obse,cracker_scene1,70,old
4287,19.607366800308228,0.5181047837356128,obse,cracker_scene1,70,old
4288,19.6117901802063,0.5181177327526507,obse,cracker_scene1,70,old
4289,19.616124629974365,0.5181177327526507,obse,cracker_scene1,70,old
4290,19.620349168777466,0.5181167688060963,obse,cracker_scene1,70,old
4291,19.624656677246094,0.5181167688060963,obse,cracker_scene1,70,old
4292,19.62887406349182,0.5181167688060963,obse,cracker_scene1,70,old
4293,19.63330316543579,0.5180924168233927,obse,cracker_scene1,70,old
4294,19.637872219085693,0.5185118187910287,obse,cracker_scene1,70,old
4295,19.642141580581665,0.5185118187910287,obse,cracker_scene1,70,old
4296,19.646682500839233,0.518477957644209,obse,cracker_scene1,70,old
4297,19.650975227355957,0.5181987568162015,obse,cracker_scene1,70,old
4298,19.655574083328247,0.5182122516852288,obse,cracker_scene1,70,old
4299,19.659849166870117,0.5181624920367637,obse,cracker_scene1,70,old
4300,19.664345026016235,0.518145019159367,obse,cracker_scene1,70,old
4301,19.668742895126343,0.5184823734069138,obse,cracker_scene1,70,old
4302,19.67301917076111,0.5184823734069138,obse,cracker_scene1,70,old
4303,19.677396774291992,0.5180989069561686,obse,cracker_scene1,70,old
4304,19.68177819252014,0.5180989069561686,obse,cracker_scene1,70,old
4305,19.686200857162476,0.5181037585260653,obse,cracker_scene1,70,old
4306,19.69070029258728,0.5181037585260653,obse,cracker_scene1,70,old
4307,19.695167303085327,0.5180681014103572,obse,cracker_scene1,70,old
4308,19.699270248413086,0.5180681014103572,obse,cracker_scene1,70,old
4309,19.70356845855713,0.5181138380753625,obse,cracker_scene1,70,old
4310,19.707696676254272,0.5181138380753625,obse,cracker_scene1,70,old
4311,19.71196675300598,0.5184947849235806,obse,cracker_scene1,70,old
4312,19.716110229492188,0.5184947849235806,obse,cracker_scene1,70,old
4313,19.720367193222046,0.5180843538949174,obse,cracker_scene1,70,old
4314,19.72449254989624,0.5180843538949174,obse,cracker_scene1,70,old
4315,19.729459285736084,0.5181023938623222,obse,cracker_scene1,70,old
4316,19.733548402786255,0.5181023938623222,obse,cracker_scene1,70,old
4317,19.738040685653687,0.51808347297026,obse,cracker_scene1,70,old
4318,19.742331743240356,0.51808347297026,obse,cracker_scene1,70,old
4319,19.746947050094604,0.5181083087249717,obse,cracker_scene1,70,old
4320,19.751246452331543,0.5184872727710135,obse,cracker_scene1,70,old
4321,19.755748510360718,0.5184872727710135,obse,cracker_scene1,70,old
4322,19.76012682914734,0.5184761513696406,obse,cracker_scene1,70,old
4323,19.764512300491333,0.5184612018917488,obse,cracker_scene1,70,old
4324,19.76896071434021,0.5181995075826612,obse,cracker_scene1,70,old
4325,19.77329397201538,0.5181995075826612,obse,cracker_scene1,70,old
4326,19.777623653411865,0.5181806619493882,obse,cracker_scene1,70,old
4327,19.78206157684326,0.5184713752389424,obse,cracker_scene1,70,old
4328,19.786486864089966,0.5184824669065522,obse,cracker_scene1,70,old
4329,19.790870428085327,0.5184824669065522,obse,cracker_scene1,70,old
4330,19.79538106918335,0.5180903493884672,obse,cracker_scene1,70,old
4331,19.799710512161255,0.5180903493884672,obse,cracker_scene1,70,old
4332,19.80423617362976,0.5185018870636269,obse,cracker_scene1,70,old
4333,19.808620929718018,0.5185018870636269,obse,cracker_scene1,70,old
4334,19.813101768493652,0.5184973114515505,obse,cracker_scene1,70,old
4335,19.817307233810425,0.5184973114515505,obse,cracker_scene1,70,old
4336,19.821781396865845,0.5185067762311107,obse,cracker_scene1,70,old
4337,19.825984954833984,0.5185067762311107,obse,cracker_scene1,70,old
4338,19.83060336112976,0.5181102093870658,obse,cracker_scene1,70,old
4339,19.83480143547058,0.5184987486812445,obse,cracker_scene1,70,old
4340,19.839701175689697,0.5185030676544156,obse,cracker_scene1,70,old
4341,19.844639778137207,0.5184940252547092,obse,cracker_scene1,70,old
4342,19.84908628463745,0.5184940252547092,obse,cracker_scene1,70,old
4343,19.853643894195557,0.5182041171127537,obse,cracker_scene1,70,old
4344,19.85810089111328,0.5182041171127537,obse,cracker_scene1,70,old
4345,19.86278462409973,0.5184751562292197,obse,cracker_scene1,70,old
4346,19.86702561378479,0.5184751562292197,obse,cracker_scene1,70,old
4347,19.871769666671753,0.5180915202910528,obse,cracker_scene1,70,old
4348,19.87599778175354,0.5180915202910528,obse,cracker_scene1,70,old
4349,19.880314350128174,0.5180915202910528,obse,cracker_scene1,70,old
4350,19.884923934936523,0.5184958584385192,obse,cracker_scene1,70,old
4351,19.889365196228027,0.5184958584385192,obse,cracker_scene1,70,old
4352,19.89396834373474,0.5180807310274289,obse,cracker_scene1,70,old
4353,19.898414611816406,0.5180807310274289,obse,cracker_scene1,70,old
4354,19.902767658233643,0.5181869642994288,obse,cracker_scene1,70,old
4355,19.907527446746826,0.5181869642994288,obse,cracker_scene1,70,old
4356,19.912107229232788,0.5181006142836142,obse,cracker_scene1,70,old
4357,19.916606664657593,0.5181006142836142,obse,cracker_scene1,70,old
4358,19.92097544670105,0.5185022536594527,obse,cracker_scene1,70,old
4359,19.92571234703064,0.5185022536594527,obse,cracker_scene1,70,old
4360,19.930126667022705,0.5180957639985916,obse,cracker_scene1,70,old
4361,19.93437099456787,0.5180957639985916,obse,cracker_scene1,70,old
4362,19.938679218292236,0.5180976102156456,obse,cracker_scene1,70,old
4363,19.9430992603302,0.5181143247621316,obse,cracker_scene1,70,old
4364,19.94743800163269,0.5181143869759859,obse,cracker_scene1,70,old
4365,19.951733350753784,0.5181143869759859,obse,cracker_scene1,70,old
4366,19.95609998703003,0.5185013871953353,obse,cracker_scene1,70,old
4367,19.961175441741943,0.5180965773951594,obse,cracker_scene1,70,old
4368,19.965337991714478,0.5180965773951594,obse,cracker_scene1,70,old
4369,19.969913959503174,0.5180617431741767,obse,cracker_scene1,70,old
4370,19.974592447280884,0.5180617431741767,obse,cracker_scene1,70,old
4371,19.978851795196533,0.5185046989178459,obse,cracker_scene1,70,old
4372,19.98325514793396,0.5185052983308601,obse,cracker_scene1,70,old
4373,19.987796306610107,0.5184719112407832,obse,cracker_scene1,70,old
4374,19.99232816696167,0.5181971741491791,obse,cracker_scene1,70,old
4375,19.996647119522095,0.5181971741491791,obse,cracker_scene1,70,old
4376,20.00106906890869,0.5181971741491791,obse,cracker_scene1,70,old
4377,20.00572967529297,0.5181060479295468,obse,cracker_scene1,70,old
4378,20.010206699371338,0.5180983412534683,obse,cracker_scene1,70,old
4379,20.01476001739502,0.5181873013109202,obse,cracker_scene1,70,old
4380,20.018944025039673,0.5181873013109202,obse,cracker_scene1,70,old
4381,20.02354145050049,0.5181097498043294,obse,cracker_scene1,70,old
4382,20.02786135673523,0.5181097498043294,obse,cracker_scene1,70,old
4383,20.032596826553345,0.5184932021192322,obse,cracker_scene1,70,old
4384,20.037388801574707,0.5180710564690484,obse,cracker_scene1,70,old
4385,20.04181694984436,0.5180710564690484,obse,cracker_scene1,70,old
4386,20.046483755111694,0.5184947072247895,obse,cracker_scene1,70,old
4387,20.050817728042603,0.5184947072247895,obse,cracker_scene1,70,old
4388,20.055554389953613,0.5181127374551037,obse,cracker_scene1,70,old
4389,20.06000280380249,0.5181052906710091,obse,cracker_scene1,70,old
4390,20.064502716064453,0.5181052906710091,obse,cracker_scene1,70,old
4391,20.069018602371216,0.5181599395710045,obse,cracker_scene1,70,old
4392,20.073509693145752,0.5181599395710045,obse,cracker_scene1,70,old
4393,20.0783634185791,0.5181979653916475,obse,cracker_scene1,70,old
4394,20.082814693450928,0.5181979653916475,obse,cracker_scene1,70,old
4395,20.087532997131348,0.5184829972034095,obse,cracker_scene1,70,old
4396,20.09182834625244,0.5184829972034095,obse,cracker_scene1,70,old
4397,20.096570014953613,0.5180918223553967,obse,cracker_scene1,70,old
4398,20.10087490081787,0.5180918223553967,obse,cracker_scene1,70,old
4399,20.105661392211914,0.518179910687449,obse,cracker_scene1,70,old
4400,20.110082149505615,0.5184807460968799,obse,cracker_scene1,70,old
4401,20.11454176902771,0.5184807460968799,obse,cracker_scene1,70,old
4402,20.119083881378174,0.5180812949092664,obse,cracker_scene1,70,old
4403,20.123382568359375,0.5180812949092664,obse,cracker_scene1,70,old
4404,20.12845015525818,0.5181673395636132,obse,cracker_scene1,70,old
4405,20.13264513015747,0.5181673395636132,obse,cracker_scene1,70,old
4406,20.13714075088501,0.518477345999491,obse,cracker_scene1,70,old
4407,20.141358137130737,0.518477345999491,obse,cracker_scene1,70,old
4408,20.14586091041565,0.5184669748805213,obse,cracker_scene1,70,old
4409,20.15012836456299,0.5184669748805213,obse,cracker_scene1,70,old
4410,20.154664278030396,0.5181093609849668,obse,cracker_scene1,70,old
4411,20.1591534614563,0.5180952175770684,obse,cracker_scene1,70,old
4412,20.163433074951172,0.5180863688664099,obse,cracker_scene1,70,old
4413,20.167620420455933,0.5180863688664099,obse,cracker_scene1,70,old
4414,20.171946048736572,0.5184580431809449,obse,cracker_scene1,70,old
4415,20.17624568939209,0.5184774201332466,obse,cracker_scene1,70,old
4416,20.180526971817017,0.5184798002258598,obse,cracker_scene1,70,old
4417,20.18481945991516,0.5184798002258598,obse,cracker_scene1,70,old
4418,20.189576148986816,0.5184520778329378,obse,cracker_scene1,70,old
4419,20.193952560424805,0.5181685798856687,obse,cracker_scene1,70,old
4420,20.19840383529663,0.5181685798856687,obse,cracker_scene1,70,old
4421,20.20294165611267,0.5184667534985938,obse,cracker_scene1,70,old
4422,20.207155227661133,0.5184667534985938,obse,cracker_scene1,70,old
4423,20.212092876434326,0.5184785325317149,obse,cracker_scene1,70,old
4424,20.21647024154663,0.5184785325317149,obse,cracker_scene1,70,old
4425,20.221194982528687,0.5180982003753318,obse,cracker_scene1,70,old
4426,20.22559380531311,0.5180982003753318,obse,cracker_scene1,70,old
4427,20.2301983833313,0.5180998411086905,obse,cracker_scene1,70,old
4428,20.234379529953003,0.5180998411086905,obse,cracker_scene1,70,old
4429,20.239042043685913,0.518078338612919,obse,cracker_scene1,70,old
4430,20.24336552619934,0.5182134960662708,obse,cracker_scene1,70,old
4431,20.247722625732422,0.5182134960662708,obse,cracker_scene1,70,old
4432,20.25217318534851,0.5180837234371879,obse,cracker_scene1,70,old
4433,20.256590127944946,0.5180837234371879,obse,cracker_scene1,70,old
4434,20.261054039001465,0.518073253232702,obse,cracker_scene1,70,old
4435,20.265254020690918,0.5180915192003367,obse,cracker_scene1,70,old
4436,20.2699031829834,0.5185052037486597,obse,cracker_scene1,70,old
4437,20.274306535720825,0.5185052037486597,obse,cracker_scene1,70,old
4438,20.27876925468445,0.5181871039350319,obse,cracker_scene1,70,old
4439,20.283095598220825,0.5181871039350319,obse,cracker_scene1,70,old
4440,20.28761339187622,0.5181874000504554,obse,cracker_scene1,70,old
4441,20.291991233825684,0.5181874000504554,obse,cracker_scene1,70,old
4442,20.296502828598022,0.51808880408707,obse,cracker_scene1,70,old
4443,20.300825834274292,0.5180922214973103,obse,cracker_scene1,70,old
4444,20.30542755126953,0.5180998817288678,obse,cracker_scene1,70,old
4445,20.309746026992798,0.5184904603754362,obse,cracker_scene1,70,old
4446,20.31425404548645,0.5184904796105494,obse,cracker_scene1,70,old
4447,20.318872690200806,0.5182096968959062,obse,cracker_scene1,70,old
4448,20.323333263397217,0.5182096968959062,obse,cracker_scene1,70,old
4449,20.32761025428772,0.5181901910115861,obse,cracker_scene1,70,old
4450,20.332104444503784,0.5181901910115861,obse,cracker_scene1,70,old
4451,20.33648920059204,0.518100592984144,obse,cracker_scene1,70,old
4452,20.340866327285767,0.518100592984144,obse,cracker_scene1,70,old
4453,20.345447540283203,0.5180639242434246,obse,cracker_scene1,70,old
4454,20.349663019180298,0.5180639242434246,obse,cracker_scene1,70,old
4455,20.353853702545166,0.5180639242434246,obse,cracker_scene1,70,old
4456,20.35829496383667,0.5181079633099132,obse,cracker_scene1,70,old
4457,20.363318920135498,0.5180946670674601,obse,cracker_scene1,70,old
4458,20.367597341537476,0.5180367179952714,obse,cracker_scene1,70,old
4459,20.372276067733765,0.5180551105972561,obse,cracker_scene1,70,old
4460,20.376708030700684,0.5185041520318224,obse,cracker_scene1,70,old
4461,20.381659507751465,0.5185041520318224,obse,cracker_scene1,70,old
4462,20.386231899261475,0.5181008656891622,obse,cracker_scene1,70,old
4463,20.390819549560547,0.5181008656891622,obse,cracker_scene1,70,old
4464,20.395362854003906,0.5181966910008957,obse,cracker_scene1,70,old
4465,20.39971113204956,0.5181966910008957,obse,cracker_scene1,70,old
4466,20.404285192489624,0.518469910692032,obse,cracker_scene1,70,old
4467,20.40847635269165,0.518469910692032,obse,cracker_scene1,70,old
4468,20.41317915916443,0.5184938514090283,obse,cracker_scene1,70,old
4469,20.417494773864746,0.5184902485397376,obse,cracker_scene1,70,old
4470,20.422222137451172,0.5184778645752308,obse,cracker_scene1,70,old
4471,20.426708221435547,0.5184592645225637,obse,cracker_scene1,70,old
4472,20.43101739883423,0.5184592645225637,obse,cracker_scene1,70,old
4473,20.435598611831665,0.5181914853796329,obse,cracker_scene1,70,old
4474,20.44006848335266,0.5181914853796329,obse,cracker_scene1,70,old
4475,20.444552183151245,0.5181927419724159,obse,cracker_scene1,70,old
4476,20.448877573013306,0.5181927419724159,obse,cracker_scene1,70,old
4477,20.4534010887146,0.5181216623856095,obse,cracker_scene1,70,old
4478,20.457892894744873,0.5181216623856095,obse,cracker_scene1,70,old
4479,20.46261501312256,0.5180876513668119,obse,cracker_scene1,70,old
4480,20.4668071269989,0.5180876513668119,obse,cracker_scene1,70,old
4481,20.47131633758545,0.5182036601470145,obse,cracker_scene1,70,old
4482,20.475861310958862,0.5184697255307249,obse,cracker_scene1,70,old
4483,20.480453968048096,0.5184646252722936,obse,cracker_scene1,70,old
4484,20.4847412109375,0.5184961102088138,obse,cracker_scene1,70,old
4485,20.489434719085693,0.518472348843328,obse,cracker_scene1,70,old
4486,20.493858575820923,0.5181791974339744,obse,cracker_scene1,70,old
4487,20.498257875442505,0.5181791974339744,obse,cracker_scene1,70,old
4488,20.50275993347168,0.5184804426222649,obse,cracker_scene1,70,old
4489,20.507060289382935,0.5184804426222649,obse,cracker_scene1,70,old
4490,20.511656284332275,0.5184814477174822,obse,cracker_scene1,70,old
4491,20.515730619430542,0.5184814477174822,obse,cracker_scene1,70,old
4492,20.52007246017456,0.5181678479515593,obse,cracker_scene1,70,old
4493,20.524624586105347,0.5181678479515593,obse,cracker_scene1,70,old
4494,20.528955221176147,0.5184531144813108,obse,cracker_scene1,70,old
4495,20.533247709274292,0.5184531144813108,obse,cracker_scene1,70,old
4496,20.537869930267334,0.5181660144646796,obse,cracker_scene1,70,old
4497,20.54208254814148,0.5181660144646796,obse,cracker_scene1,70,old
4498,20.54647445678711,0.5181970850084323,obse,cracker_scene1,70,old
4499,20.550758600234985,0.5181970850084323,obse,cracker_scene1,70,old
4500,20.55511713027954,0.5184937504184016,obse,cracker_scene1,70,old
4501,20.559714555740356,0.5184574075436207,obse,cracker_scene1,70,old
4502,20.56391215324402,0.5184574075436207,obse,cracker_scene1,70,old
4503,20.56803822517395,0.5184574075436207,obse,cracker_scene1,70,old
4504,20.572311401367188,0.5180773543338305,obse,cracker_scene1,70,old
4505,20.576497554779053,0.518496437727356,obse,cracker_scene1,70,old
4506,20.58068346977234,0.518496437727356,obse,cracker_scene1,70,old
4507,20.584866523742676,0.5184967797839993,obse,cracker_scene1,70,old
4508,20.58905339241028,0.5184867970186984,obse,cracker_scene1,70,old
4509,20.593332529067993,0.5181999738909667,obse,cracker_scene1,70,old
4510,20.598284482955933,0.5181999738909667,obse,cracker_scene1,70,old
4511,20.602574110031128,0.518496425030254,obse,cracker_scene1,70,old
4512,20.60697102546692,0.518496425030254,obse,cracker_scene1,70,old
4513,20.611347198486328,0.5180838137168883,obse,cracker_scene1,70,old
4514,20.615628957748413,0.5180838137168883,obse,cracker_scene1,70,old
4515,20.619942665100098,0.5181961686236933,obse,cracker_scene1,70,old
4516,20.624361515045166,0.5181961686236933,obse,cracker_scene1,70,old
4517,20.628861665725708,0.5182118289849169,obse,cracker_scene1,70,old
4518,20.633182287216187,0.5182118289849169,obse,cracker_scene1,70,old
4519,20.637693166732788,0.5184575218581867,obse,cracker_scene1,70,old
4520,20.641912937164307,0.5184575218581867,obse,cracker_scene1,70,old
4521,20.64641046524048,0.5181052822052308,obse,cracker_scene1,70,old
4522,20.650538444519043,0.5181052822052308,obse,cracker_scene1,70,old
4523,20.655094385147095,0.5184988391072987,obse,cracker_scene1,70,old
4524,20.659409999847412,0.5184949332372938,obse,cracker_scene1,70,old
4525,20.663819551467896,0.5184942486412351,obse,cracker_scene1,70,old
4526,20.668159246444702,0.5181826443222849,obse,cracker_scene1,70,old
4527,20.672603130340576,0.518181139136031,obse,cracker_scene1,70,old
4528,20.67676544189453,0.518181139136031,obse,cracker_scene1,70,old
4529,20.68092131614685,0.5181044742948535,obse,cracker_scene1,70,old
4530,20.6851749420166,0.5181044742948535,obse,cracker_scene1,70,old
4531,20.689867734909058,0.5181034564121635,obse,cracker_scene1,70,old
4532,20.69451093673706,0.5180661776223863,obse,cracker_scene1,70,old
4533,20.698745489120483,0.5180661776223863,obse,cracker_scene1,70,old
4534,20.703492879867554,0.5184842163352461,obse,cracker_scene1,70,old
4535,20.70767378807068,0.5184842163352461,obse,cracker_scene1,70,old
4536,20.712369203567505,0.5182025531624107,obse,cracker_scene1,70,old
4537,20.716728925704956,0.5182025531624107,obse,cracker_scene1,70,old
4538,20.72106409072876,0.5180914116700639,obse,cracker_scene1,70,old
4539,20.725593090057373,0.5180914116700639,obse,cracker_scene1,70,old
4540,20.72987961769104,0.5184799014718567,obse,cracker_scene1,70,old
4541,20.734413146972656,0.5184329625885122,obse,cracker_scene1,70,old
4542,20.738900661468506,0.5184329625885122,obse,cracker_scene1,70,old
4543,20.743271112442017,0.518065548308705,obse,cracker_scene1,70,old
4544,20.747628688812256,0.5180779032048543,obse,cracker_scene1,70,old
4545,20.751768589019775,0.5180779032048543,obse,cracker_scene1,70,old
4546,20.756548166275024,0.5184479830680409,obse,cracker_scene1,70,old
4547,20.760895490646362,0.5180738831091909,obse,cracker_scene1,70,old
4548,20.765060424804688,0.5180738831091909,obse,cracker_scene1,70,old
4549,20.769495248794556,0.518072747657313,obse,cracker_scene1,70,old
4550,20.774153470993042,0.518072747657313,obse,cracker_scene1,70,old
4551,20.778321981430054,0.5184714510481007,obse,cracker_scene1,70,old
4552,20.782984733581543,0.5184941798250959,obse,cracker_scene1,70,old
4553,20.78718090057373,0.5180939662413092,obse,cracker_scene1,70,old
4554,20.792006731033325,0.5180750942678697,obse,cracker_scene1,70,old
4555,20.79667353630066,0.5180683284844754,obse,cracker_scene1,70,old
4556,20.80087685585022,0.5180683284844754,obse,cracker_scene1,70,old
4557,20.805538415908813,0.5184687754204391,obse,cracker_scene1,70,old
4558,20.80974245071411,0.5184687754204391,obse,cracker_scene1,70,old
4559,20.81430411338806,0.5180808855852063,obse,cracker_scene1,70,old
4560,20.818387985229492,0.5180808855852063,obse,cracker_scene1,70,old
4561,20.8229763507843,0.5180886310124347,obse,cracker_scene1,70,old
4562,20.82758641242981,0.5184876565927015,obse,cracker_scene1,70,old
4563,20.832016468048096,0.5184876565927015,obse,cracker_scene1,70,old
4564,20.836527585983276,0.5184651595843803,obse,cracker_scene1,70,old
4565,20.84078049659729,0.5184651595843803,obse,cracker_scene1,70,old
4566,20.84560203552246,0.5181005302477296,obse,cracker_scene1,70,old
4567,20.849718809127808,0.5181005302477296,obse,cracker_scene1,70,old
4568,20.854392766952515,0.5184948632781515,obse,cracker_scene1,70,old
4569,20.85936999320984,0.518097672906386,obse,cracker_scene1,70,old
4570,20.86401391029358,0.5180946450163308,obse,cracker_scene1,70,old
4571,20.86836862564087,0.518049594303379,obse,cracker_scene1,70,old
4572,20.87282633781433,0.518049594303379,obse,cracker_scene1,70,old
4573,20.878265142440796,0.518100364056962,obse,cracker_scene1,70,old
4574,20.88257122039795,0.518100364056962,obse,cracker_scene1,70,old
4575,20.887269973754883,0.5180956517533244,obse,cracker_scene1,70,old
4576,20.89150094985962,0.5180956517533244,obse,cracker_scene1,70,old
4577,20.89623713493347,0.5180964037889424,obse,cracker_scene1,70,old
4578,20.900326251983643,0.5180964037889424,obse,cracker_scene1,70,old
4579,20.905093908309937,0.5184977595079213,obse,cracker_scene1,70,old
4580,20.909353971481323,0.5180779984875427,obse,cracker_scene1,70,old
4581,20.913814544677734,0.5180779984875427,obse,cracker_scene1,70,old
4582,20.91804599761963,0.5181895752224179,obse,cracker_scene1,70,old
4583,20.922701358795166,0.5181817652255751,obse,cracker_scene1,70,old
4584,20.927030086517334,0.5180926533647175,obse,cracker_scene1,70,old
4585,20.931689023971558,0.5180926533647175,obse,cracker_scene1,70,old
4586,20.936075448989868,0.5180791883666794,obse,cracker_scene1,70,old
4587,20.940471172332764,0.5180791883666794,obse,cracker_scene1,70,old
4588,20.945123434066772,0.5180797841519214,obse,cracker_scene1,70,old
4589,20.949363708496094,0.5180797841519214,obse,cracker_scene1,70,old
4590,20.953938722610474,0.518476370651644,obse,cracker_scene1,70,old
4591,20.95810317993164,0.518476370651644,obse,cracker_scene1,70,old
4592,20.96282434463501,0.5180901509878328,obse,cracker_scene1,70,old
4593,20.96702241897583,0.5180901509878328,obse,cracker_scene1,70,old
4594,20.971616983413696,0.518076559247902,obse,cracker_scene1,70,old
4595,20.975792407989502,0.518076559247902,obse,cracker_scene1,70,old
4596,20.980295419692993,0.518489937440391,obse,cracker_scene1,70,old
4597,20.984604597091675,0.5180850837809405,obse,cracker_scene1,70,old
4598,20.98910427093506,0.5180850837809405,obse,cracker_scene1,70,old
4599,20.99363398551941,0.5180880611359918,obse,cracker_scene1,70,old
4600,20.99779176712036,0.5180880611359918,obse,cracker_scene1,70,old
4601,21.002086400985718,0.5182136841932354,obse,cracker_scene1,70,old
4602,21.006259441375732,0.5182136841932354,obse,cracker_scene1,70,old
4603,21.01056671142578,0.5180957338904061,obse,cracker_scene1,70,old
4604,21.014751434326172,0.5180957338904061,obse,cracker_scene1,70,old
4605,21.019290924072266,0.5180881939180154,obse,cracker_scene1,70,old
4606,21.024171352386475,0.5180881939180154,obse,cracker_scene1,70,old
4607,21.028781175613403,0.5180330102863975,obse,cracker_scene1,70,old
4608,21.033046007156372,0.5180330102863975,obse,cracker_scene1,70,old
4609,21.037649154663086,0.5184779462902982,obse,cracker_scene1,70,old
4610,21.04176950454712,0.5184779462902982,obse,cracker_scene1,70,old
4611,21.046358823776245,0.5180789963800729,obse,cracker_scene1,70,old
4612,21.050461292266846,0.5180789963800729,obse,cracker_scene1,70,old
4613,21.055246353149414,0.5180941351954139,obse,cracker_scene1,70,old
4614,21.059595823287964,0.5184711718765581,obse,cracker_scene1,70,old
4615,21.06413745880127,0.5184711718765581,obse,cracker_scene1,70,old
4616,21.068472385406494,0.5184763754074858,obse,cracker_scene1,70,old
4617,21.0728759765625,0.5184763754074858,obse,cracker_scene1,70,old
4618,21.077240467071533,0.5181891919074498,obse,cracker_scene1,70,old
4619,21.0814847946167,0.5181891919074498,obse,cracker_scene1,70,old
4620,21.08589005470276,0.5180810118459602,obse,cracker_scene1,70,old
4621,21.090271472930908,0.5180846473565468,obse,cracker_scene1,70,old
4622,21.094802141189575,0.5180618248550543,obse,cracker_scene1,70,old
4623,21.099186658859253,0.5180618248550543,obse,cracker_scene1,70,old
4624,21.103869199752808,0.518059155656424,obse,cracker_scene1,70,old
4625,21.10805630683899,0.518059155656424,obse,cracker_scene1,70,old
4626,21.11264395713806,0.5181007822459078,obse,cracker_scene1,70,old
4627,21.11689853668213,0.5181007822459078,obse,cracker_scene1,70,old
4628,21.121451377868652,0.5180916867769154,obse,cracker_scene1,70,old
4629,21.125812292099,0.5180916867769154,obse,cracker_scene1,70,old
4630,21.130105018615723,0.5184889375081723,obse,cracker_scene1,70,old
4631,21.13418936729431,0.5184889375081723,obse,cracker_scene1,70,old
4632,21.13827896118164,0.5184889375081723,obse,cracker_scene1,70,old
4633,21.142385244369507,0.5184889375081723,obse,cracker_scene1,70,old
4634,21.14648175239563,0.5184889375081723,obse,cracker_scene1,70,old
4635,21.150627374649048,0.5184889375081723,obse,cracker_scene1,70,old
4636,21.154785871505737,0.5184889375081723,obse,cracker_scene1,70,old
4637,21.158885955810547,0.5184889375081723,obse,cracker_scene1,70,old
4638,21.1629581451416,0.5184889375081723,obse,cracker_scene1,70,old
4639,21.167049407958984,0.5184889375081723,obse,cracker_scene1,70,old
4640,21.1711208820343,0.5184889375081723,obse,cracker_scene1,70,old
4641,21.175219535827637,0.5184889375081723,obse,cracker_scene1,70,old
4642,21.179333686828613,0.5184889375081723,obse,cracker_scene1,70,old
4643,21.18343496322632,0.5184889375081723,obse,cracker_scene1,70,old
4644,21.187533378601074,0.5184889375081723,obse,cracker_scene1,70,old
4645,21.191640377044678,0.5184889375081723,obse,cracker_scene1,70,old
4646,21.195741653442383,0.5184889375081723,obse,cracker_scene1,70,old
4647,21.199817657470703,0.5184889375081723,obse,cracker_scene1,70,old
4648,21.2039315700531,0.5184889375081723,obse,cracker_scene1,70,old
4649,21.208021879196167,0.5184889375081723,obse,cracker_scene1,70,old
4650,21.21212387084961,0.5184889375081723,obse,cracker_scene1,70,old
4651,21.216190576553345,0.5184889375081723,obse,cracker_scene1,70,old
4652,21.220260620117188,0.5184889375081723,obse,cracker_scene1,70,old
4653,21.224352836608887,0.5184889375081723,obse,cracker_scene1,70,old
4654,21.228479385375977,0.5184889375081723,obse,cracker_scene1,70,old
4655,21.232563018798828,0.5184889375081723,obse,cracker_scene1,70,old
4656,21.23665952682495,0.5184889375081723,obse,cracker_scene1,70,old
4657,21.240761280059814,0.5184889375081723,obse,cracker_scene1,70,old
4658,21.244833946228027,0.5184889375081723,obse,cracker_scene1,70,old
4659,21.248940229415894,0.5184889375081723,obse,cracker_scene1,70,old
4660,21.25303602218628,0.5184889375081723,obse,cracker_scene1,70,old
4661,21.257102489471436,0.5184889375081723,obse,cracker_scene1,70,old
4662,21.261234998703003,0.5184889375081723,obse,cracker_scene1,70,old
4663,21.265331029891968,0.5184889375081723,obse,cracker_scene1,70,old
4664,21.269397735595703,0.5184889375081723,obse,cracker_scene1,70,old
4665,21.273487091064453,0.5184889375081723,obse,cracker_scene1,70,old
4666,21.27760934829712,0.5184889375081723,obse,cracker_scene1,70,old
4667,21.28172540664673,0.5184889375081723,obse,cracker_scene1,70,old
4668,21.28581976890564,0.5184889375081723,obse,cracker_scene1,70,old
4669,21.28992748260498,0.5184889375081723,obse,cracker_scene1,70,old
4670,21.294066190719604,0.5184889375081723,obse,cracker_scene1,70,old
4671,21.298177480697632,0.5184889375081723,obse,cracker_scene1,70,old
4672,21.30231475830078,0.5184889375081723,obse,cracker_scene1,70,old
4673,21.3069851398468,0.5184889375081723,obse,cracker_scene1,70,old
4674,21.312391757965088,0.5184889375081723,obse,cracker_scene1,70,old
4675,21.316792249679565,0.5184889375081723,obse,cracker_scene1,70,old
4676,21.320897817611694,0.5184889375081723,obse,cracker_scene1,70,old
4677,21.324986696243286,0.5184889375081723,obse,cracker_scene1,70,old
4678,21.3290855884552,0.5184889375081723,obse,cracker_scene1,70,old
4679,21.333183765411377,0.5184889375081723,obse,cracker_scene1,70,old
4680,21.337310075759888,0.5184889375081723,obse,cracker_scene1,70,old
4681,21.341374158859253,0.5184889375081723,obse,cracker_scene1,70,old
4682,21.345449686050415,0.5184889375081723,obse,cracker_scene1,70,old
4683,21.349538326263428,0.5184889375081723,obse,cracker_scene1,70,old
4684,21.35363745689392,0.5184889375081723,obse,cracker_scene1,70,old
4685,21.35777735710144,0.5184889375081723,obse,cracker_scene1,70,old
4686,21.362797021865845,0.5184889375081723,obse,cracker_scene1,70,old
4687,21.367198944091797,0.5184889375081723,obse,cracker_scene1,70,old
4688,21.3715558052063,0.5184889375081723,obse,cracker_scene1,70,old
4689,21.3756685256958,0.5184889375081723,obse,cracker_scene1,70,old
4690,21.37976622581482,0.5184889375081723,obse,cracker_scene1,70,old
4691,21.383862733840942,0.5184889375081723,obse,cracker_scene1,70,old
4692,21.387973308563232,0.5184889375081723,obse,cracker_scene1,70,old
4693,21.392058849334717,0.5184889375081723,obse,cracker_scene1,70,old
4694,21.396183490753174,0.5184889375081723,obse,cracker_scene1,70,old
4695,21.40041470527649,0.5184889375081723,obse,cracker_scene1,70,old
4696,21.404683828353882,0.5184889375081723,obse,cracker_scene1,70,old
4697,21.408813953399658,0.5184889375081723,obse,cracker_scene1,70,old
4698,21.412899017333984,0.5184889375081723,obse,cracker_scene1,70,old
4699,21.416963577270508,0.5184889375081723,obse,cracker_scene1,70,old
4700,21.421072006225586,0.5184889375081723,obse,cracker_scene1,70,old
4701,21.425164937973022,0.5184889375081723,obse,cracker_scene1,70,old
4702,21.429253816604614,0.5184889375081723,obse,cracker_scene1,70,old
4703,21.433382511138916,0.5184889375081723,obse,cracker_scene1,70,old
4704,21.437466382980347,0.5184889375081723,obse,cracker_scene1,70,old
4705,21.441516399383545,0.5184889375081723,obse,cracker_scene1,70,old
4706,21.44560408592224,0.5184889375081723,obse,cracker_scene1,70,old
4707,21.449684381484985,0.5184889375081723,obse,cracker_scene1,70,old
4708,21.45380735397339,0.5184889375081723,obse,cracker_scene1,70,old
4709,21.457947969436646,0.5184889375081723,obse,cracker_scene1,70,old
4710,21.462329149246216,0.5184889375081723,obse,cracker_scene1,70,old
4711,21.466484546661377,0.5184889375081723,obse,cracker_scene1,70,old
4712,21.47058629989624,0.5184889375081723,obse,cracker_scene1,70,old
4713,21.474695444107056,0.5184889375081723,obse,cracker_scene1,70,old
4714,21.47877836227417,0.5184889375081723,obse,cracker_scene1,70,old
4715,21.482897520065308,0.5184889375081723,obse,cracker_scene1,70,old
4716,21.487043380737305,0.5184889375081723,obse,cracker_scene1,70,old
4717,21.4913489818573,0.5184889375081723,obse,cracker_scene1,70,old
4718,21.495477437973022,0.5184889375081723,obse,cracker_scene1,70,old
4719,21.49949312210083,0.5184889375081723,obse,cracker_scene1,70,old
4720,21.50356960296631,0.5184889375081723,obse,cracker_scene1,70,old
4721,21.507611751556396,0.5184889375081723,obse,cracker_scene1,70,old
4722,21.511656284332275,0.5184889375081723,obse,cracker_scene1,70,old
4723,21.515698432922363,0.5184889375081723,obse,cracker_scene1,70,old
4724,21.51985454559326,0.5184889375081723,obse,cracker_scene1,70,old
4725,21.523881912231445,0.5184889375081723,obse,cracker_scene1,70,old
4726,21.52792477607727,0.5184889375081723,obse,cracker_scene1,70,old
4727,21.531944513320923,0.5184889375081723,obse,cracker_scene1,70,old
4728,21.536060094833374,0.5184889375081723,obse,cracker_scene1,70,old
4729,21.54009985923767,0.5184889375081723,obse,cracker_scene1,70,old
4730,21.544145345687866,0.5184889375081723,obse,cracker_scene1,70,old
4731,21.548181772232056,0.5184889375081723,obse,cracker_scene1,70,old
4732,21.55220627784729,0.5184889375081723,obse,cracker_scene1,70,old
4733,21.55627679824829,0.5184889375081723,obse,cracker_scene1,70,old
4734,21.560303449630737,0.5184889375081723,obse,cracker_scene1,70,old
4735,21.564446926116943,0.5184889375081723,obse,cracker_scene1,70,old
4736,21.5688316822052,0.5184889375081723,obse,cracker_scene1,70,old
4737,21.5732262134552,0.5184889375081723,obse,cracker_scene1,70,old
4738,21.577571392059326,0.5184889375081723,obse,cracker_scene1,70,old
4739,21.58197569847107,0.5184889375081723,obse,cracker_scene1,70,old
4740,21.586246490478516,0.5184889375081723,obse,cracker_scene1,70,old
4741,21.590309619903564,0.5184889375081723,obse,cracker_scene1,70,old
4742,21.59436345100403,0.5184889375081723,obse,cracker_scene1,70,old
4743,21.598389387130737,0.5184889375081723,obse,cracker_scene1,70,old
4744,21.60242223739624,0.5184889375081723,obse,cracker_scene1,70,old
4745,21.606436491012573,0.5184889375081723,obse,cracker_scene1,70,old
4746,21.610466241836548,0.5184889375081723,obse,cracker_scene1,70,old
4747,21.61450481414795,0.5184889375081723,obse,cracker_scene1,70,old
4748,21.61848783493042,0.5184889375081723,obse,cracker_scene1,70,old
4749,21.622545957565308,0.5184889375081723,obse,cracker_scene1,70,old
4750,21.626584768295288,0.5184889375081723,obse,cracker_scene1,70,old
4751,21.63059377670288,0.5184889375081723,obse,cracker_scene1,70,old
4752,21.634626865386963,0.5184889375081723,obse,cracker_scene1,70,old
4753,21.63863968849182,0.5184889375081723,obse,cracker_scene1,70,old
4754,21.642651081085205,0.5184889375081723,obse,cracker_scene1,70,old
4755,21.646703243255615,0.5184889375081723,obse,cracker_scene1,70,old
4756,21.650734663009644,0.5184889375081723,obse,cracker_scene1,70,old
4757,21.654784202575684,0.5184889375081723,obse,cracker_scene1,70,old
4758,21.65880012512207,0.5184889375081723,obse,cracker_scene1,70,old
4759,21.662819862365723,0.5184889375081723,obse,cracker_scene1,70,old
4760,21.666882276535034,0.5184889375081723,obse,cracker_scene1,70,old
4761,21.67090916633606,0.5184889375081723,obse,cracker_scene1,70,old
4762,21.674976348876953,0.5184889375081723,obse,cracker_scene1,70,old
4763,21.679009437561035,0.5184889375081723,obse,cracker_scene1,70,old
4764,21.6830735206604,0.5184889375081723,obse,cracker_scene1,70,old
4765,21.687100410461426,0.5184889375081723,obse,cracker_scene1,70,old
4766,21.691148042678833,0.5184889375081723,obse,cracker_scene1,70,old
4767,21.695170640945435,0.5184889375081723,obse,cracker_scene1,70,old
4768,21.69919776916504,0.5184889375081723,obse,cracker_scene1,70,old
4769,21.7032470703125,0.5184889375081723,obse,cracker_scene1,70,old
4770,21.70727777481079,0.5184889375081723,obse,cracker_scene1,70,old
4771,21.7113094329834,0.5184889375081723,obse,cracker_scene1,70,old
4772,21.71532940864563,0.5184889375081723,obse,cracker_scene1,70,old
4773,21.719370126724243,0.5184889375081723,obse,cracker_scene1,70,old
4774,21.723440170288086,0.5184889375081723,obse,cracker_scene1,70,old
4775,21.72748613357544,0.5184889375081723,obse,cracker_scene1,70,old
4776,21.731512784957886,0.5184889375081723,obse,cracker_scene1,70,old
4777,21.735496759414673,0.5184889375081723,obse,cracker_scene1,70,old
4778,21.739529609680176,0.5184889375081723,obse,cracker_scene1,70,old
4779,21.743560791015625,0.5184889375081723,obse,cracker_scene1,70,old
4780,21.74758529663086,0.5184889375081723,obse,cracker_scene1,70,old
4781,21.751631259918213,0.5184889375081723,obse,cracker_scene1,70,old
4782,21.755752563476562,0.5184889375081723,obse,cracker_scene1,70,old
4783,21.75978994369507,0.5184889375081723,obse,cracker_scene1,70,old
4784,21.763829946517944,0.5184889375081723,obse,cracker_scene1,70,old
4785,21.767900705337524,0.5184889375081723,obse,cracker_scene1,70,old
4786,21.771947860717773,0.5184889375081723,obse,cracker_scene1,70,old
4787,21.775988817214966,0.5184889375081723,obse,cracker_scene1,70,old
4788,21.780030012130737,0.5184889375081723,obse,cracker_scene1,70,old
4789,21.78405523300171,0.5184889375081723,obse,cracker_scene1,70,old
4790,21.78809094429016,0.5184889375081723,obse,cracker_scene1,70,old
4791,21.79220747947693,0.5184889375081723,obse,cracker_scene1,70,old
4792,21.796236038208008,0.5184889375081723,obse,cracker_scene1,70,old
4793,21.8002507686615,0.5184889375081723,obse,cracker_scene1,70,old
4794,21.80428957939148,0.5184889375081723,obse,cracker_scene1,70,old
4795,21.808385610580444,0.5184889375081723,obse,cracker_scene1,70,old
4796,21.812429428100586,0.5184889375081723,obse,cracker_scene1,70,old
4797,21.816481113433838,0.5184889375081723,obse,cracker_scene1,70,old
4798,21.820531606674194,0.5184889375081723,obse,cracker_scene1,70,old
4799,21.824563026428223,0.5184889375081723,obse,cracker_scene1,70,old
4800,21.828580379486084,0.5184889375081723,obse,cracker_scene1,70,old
4801,21.83258605003357,0.5184889375081723,obse,cracker_scene1,70,old
4802,21.83664870262146,0.5184889375081723,obse,cracker_scene1,70,old
4803,21.84071636199951,0.5184889375081723,obse,cracker_scene1,70,old
4804,21.844733715057373,0.5184889375081723,obse,cracker_scene1,70,old
4805,21.848764181137085,0.5184889375081723,obse,cracker_scene1,70,old
4806,21.852846384048462,0.5184889375081723,obse,cracker_scene1,70,old
4807,21.856927156448364,0.5184889375081723,obse,cracker_scene1,70,old
4808,21.86098861694336,0.5184889375081723,obse,cracker_scene1,70,old
4809,21.865044355392456,0.5184889375081723,obse,cracker_scene1,70,old
4810,21.869093656539917,0.5184889375081723,obse,cracker_scene1,70,old
4811,21.873124599456787,0.5184889375081723,obse,cracker_scene1,70,old
4812,21.877148866653442,0.5184889375081723,obse,cracker_scene1,70,old
4813,21.88115954399109,0.5184889375081723,obse,cracker_scene1,70,old
4814,21.885212659835815,0.5184889375081723,obse,cracker_scene1,70,old
4815,21.889262199401855,0.5184889375081723,obse,cracker_scene1,70,old
4816,21.89331889152527,0.5184889375081723,obse,cracker_scene1,70,old
4817,21.89732551574707,0.5184889375081723,obse,cracker_scene1,70,old
4818,21.901387929916382,0.5184889375081723,obse,cracker_scene1,70,old
4819,21.90540838241577,0.5184889375081723,obse,cracker_scene1,70,old
4820,21.90943217277527,0.5184889375081723,obse,cracker_scene1,70,old
4821,21.913474559783936,0.5184889375081723,obse,cracker_scene1,70,old
4822,21.917502641677856,0.5184889375081723,obse,cracker_scene1,70,old
4823,21.92156720161438,0.5184889375081723,obse,cracker_scene1,70,old
4824,21.925600290298462,0.5184889375081723,obse,cracker_scene1,70,old
4825,21.929637908935547,0.5184889375081723,obse,cracker_scene1,70,old
4826,21.933753967285156,0.5184889375081723,obse,cracker_scene1,70,old
4827,21.937787532806396,0.5184889375081723,obse,cracker_scene1,70,old
4828,21.94179606437683,0.5184889375081723,obse,cracker_scene1,70,old
4829,21.945826292037964,0.5184889375081723,obse,cracker_scene1,70,old
4830,21.949851036071777,0.5184889375081723,obse,cracker_scene1,70,old
4831,21.95392370223999,0.5184889375081723,obse,cracker_scene1,70,old
4832,21.95796489715576,0.5184889375081723,obse,cracker_scene1,70,old
4833,21.961981534957886,0.5184889375081723,obse,cracker_scene1,70,old
4834,21.96626377105713,0.5184889375081723,obse,cracker_scene1,70,old
4835,21.97029757499695,0.5184889375081723,obse,cracker_scene1,70,old
4836,21.974313497543335,0.5184889375081723,obse,cracker_scene1,70,old
4837,21.97834277153015,0.5184889375081723,obse,cracker_scene1,70,old
4838,21.982398986816406,0.5184889375081723,obse,cracker_scene1,70,old
4839,21.986419677734375,0.5184889375081723,obse,cracker_scene1,70,old
4840,21.99043893814087,0.5184889375081723,obse,cracker_scene1,70,old
4841,21.994468927383423,0.5184889375081723,obse,cracker_scene1,70,old
4842,21.998509645462036,0.5184889375081723,obse,cracker_scene1,70,old
4843,22.002515077590942,0.5184889375081723,obse,cracker_scene1,70,old
4844,22.006519079208374,0.5184889375081723,obse,cracker_scene1,70,old
4845,22.010541677474976,0.5184889375081723,obse,cracker_scene1,70,old
4846,22.014707803726196,0.5184889375081723,obse,cracker_scene1,70,old
4847,22.018872022628784,0.5184889375081723,obse,cracker_scene1,70,old
4848,22.022950410842896,0.5184889375081723,obse,cracker_scene1,70,old
4849,22.027055740356445,0.5184889375081723,obse,cracker_scene1,70,old
4850,22.03116536140442,0.5184889375081723,obse,cracker_scene1,70,old
4851,22.0352942943573,0.5184889375081723,obse,cracker_scene1,70,old
4852,22.039376497268677,0.5184889375081723,obse,cracker_scene1,70,old
4853,22.04340958595276,0.5184889375081723,obse,cracker_scene1,70,old
4854,22.047433614730835,0.5184889375081723,obse,cracker_scene1,70,old
4855,22.051430225372314,0.5184889375081723,obse,cracker_scene1,70,old
4856,22.055500745773315,0.5184889375081723,obse,cracker_scene1,70,old
4857,22.05955982208252,0.5184889375081723,obse,cracker_scene1,70,old
4858,22.063620805740356,0.5184889375081723,obse,cracker_scene1,70,old
4859,22.067682027816772,0.5184889375081723,obse,cracker_scene1,70,old
4860,22.071677923202515,0.5184889375081723,obse,cracker_scene1,70,old
4861,22.075714826583862,0.5184889375081723,obse,cracker_scene1,70,old
4862,22.079755783081055,0.5184889375081723,obse,cracker_scene1,70,old
4863,22.083789348602295,0.5184889375081723,obse,cracker_scene1,70,old
4864,22.087822675704956,0.5184889375081723,obse,cracker_scene1,70,old
4865,22.091882944107056,0.5184889375081723,obse,cracker_scene1,70,old
4866,22.09591245651245,0.5184889375081723,obse,cracker_scene1,70,old
4867,22.099931478500366,0.5184889375081723,obse,cracker_scene1,70,old
4868,22.103988885879517,0.5184889375081723,obse,cracker_scene1,70,old
4869,22.108013153076172,0.5184889375081723,obse,cracker_scene1,70,old
4870,22.112051725387573,0.5184889375081723,obse,cracker_scene1,70,old
4871,22.116116046905518,0.5184889375081723,obse,cracker_scene1,70,old
4872,22.120150566101074,0.5184889375081723,obse,cracker_scene1,70,old
4873,22.124192714691162,0.5184889375081723,obse,cracker_scene1,70,old
4874,22.128241300582886,0.5184889375081723,obse,cracker_scene1,70,old
4875,22.132293224334717,0.5184889375081723,obse,cracker_scene1,70,old
4876,22.13632893562317,0.5184889375081723,obse,cracker_scene1,70,old
4877,22.14034676551819,0.5184889375081723,obse,cracker_scene1,70,old
4878,22.144354343414307,0.5184889375081723,obse,cracker_scene1,70,old
4879,22.148388385772705,0.5184889375081723,obse,cracker_scene1,70,old
4880,22.152435064315796,0.5184889375081723,obse,cracker_scene1,70,old
4881,22.156495809555054,0.5184889375081723,obse,cracker_scene1,70,old
4882,22.160532474517822,0.5184889375081723,obse,cracker_scene1,70,old
4883,22.164561986923218,0.5184889375081723,obse,cracker_scene1,70,old
4884,22.168623685836792,0.5184889375081723,obse,cracker_scene1,70,old
4885,22.172659635543823,0.5184889375081723,obse,cracker_scene1,70,old
4886,22.176697492599487,0.5184889375081723,obse,cracker_scene1,70,old
4887,22.180732250213623,0.5184889375081723,obse,cracker_scene1,70,old
4888,22.184791326522827,0.5184889375081723,obse,cracker_scene1,70,old
4889,22.18883228302002,0.5184889375081723,obse,cracker_scene1,70,old
4890,22.192887783050537,0.5184889375081723,obse,cracker_scene1,70,old
4891,22.196924924850464,0.5184889375081723,obse,cracker_scene1,70,old
4892,22.20097327232361,0.5184889375081723,obse,cracker_scene1,70,old
4893,22.205001831054688,0.5184889375081723,obse,cracker_scene1,70,old
4894,22.2090425491333,0.5184889375081723,obse,cracker_scene1,70,old
4895,22.2130708694458,0.5184889375081723,obse,cracker_scene1,70,old
4896,22.21711301803589,0.5184889375081723,obse,cracker_scene1,70,old
4897,22.22116756439209,0.5184889375081723,obse,cracker_scene1,70,old
4898,22.22518277168274,0.5184889375081723,obse,cracker_scene1,70,old
4899,22.229204416275024,0.5184889375081723,obse,cracker_scene1,70,old
4900,22.23323941230774,0.5184889375081723,obse,cracker_scene1,70,old
4901,22.237271547317505,0.5184889375081723,obse,cracker_scene1,70,old
4902,22.24130344390869,0.5184889375081723,obse,cracker_scene1,70,old
4903,22.245370388031006,0.5184889375081723,obse,cracker_scene1,70,old
4904,22.249398469924927,0.5184889375081723,obse,cracker_scene1,70,old
4905,22.253392219543457,0.5184889375081723,obse,cracker_scene1,70,old
4906,22.257450342178345,0.5184889375081723,obse,cracker_scene1,70,old
4907,22.261476755142212,0.5184889375081723,obse,cracker_scene1,70,old
4908,22.265546798706055,0.5184889375081723,obse,cracker_scene1,70,old
4909,22.269598245620728,0.5184889375081723,obse,cracker_scene1,70,old
4910,22.273638010025024,0.5184889375081723,obse,cracker_scene1,70,old
4911,22.277668714523315,0.5184889375081723,obse,cracker_scene1,70,old
4912,22.28170156478882,0.5184889375081723,obse,cracker_scene1,70,old
4913,22.28573489189148,0.5184889375081723,obse,cracker_scene1,70,old
4914,22.289809942245483,0.5184889375081723,obse,cracker_scene1,70,old
4915,22.293860912322998,0.5184889375081723,obse,cracker_scene1,70,old
4916,22.297903060913086,0.5184889375081723,obse,cracker_scene1,70,old
4917,22.30190396308899,0.5184889375081723,obse,cracker_scene1,70,old
4918,22.30593466758728,0.5184889375081723,obse,cracker_scene1,70,old
4919,22.309993505477905,0.5184889375081723,obse,cracker_scene1,70,old
4920,22.31402015686035,0.5184889375081723,obse,cracker_scene1,70,old
4921,22.318063497543335,0.5184889375081723,obse,cracker_scene1,70,old
4922,22.322126388549805,0.5184889375081723,obse,cracker_scene1,70,old
4923,22.32616662979126,0.5184889375081723,obse,cracker_scene1,70,old
4924,22.330212116241455,0.5184889375081723,obse,cracker_scene1,70,old
4925,22.334264516830444,0.5184889375081723,obse,cracker_scene1,70,old
4926,22.33829116821289,0.5184889375081723,obse,cracker_scene1,70,old
4927,22.342318534851074,0.5184889375081723,obse,cracker_scene1,70,old
4928,22.34634280204773,0.5184889375081723,obse,cracker_scene1,70,old
4929,22.350332021713257,0.5184889375081723,obse,cracker_scene1,70,old
4930,22.354376077651978,0.5184889375081723,obse,cracker_scene1,70,old
4931,22.3584086894989,0.5184889375081723,obse,cracker_scene1,70,old
4932,22.362436294555664,0.5184889375081723,obse,cracker_scene1,70,old
4933,22.366515636444092,0.5184889375081723,obse,cracker_scene1,70,old
4934,22.37054681777954,0.5184889375081723,obse,cracker_scene1,70,old
4935,22.374539136886597,0.5184889375081723,obse,cracker_scene1,70,old
4936,22.378562450408936,0.5184889375081723,obse,cracker_scene1,70,old
4937,22.382590770721436,0.5184889375081723,obse,cracker_scene1,70,old
4938,22.386634588241577,0.5184889375081723,obse,cracker_scene1,70,old
4939,22.390663623809814,0.5184889375081723,obse,cracker_scene1,70,old
4940,22.394716262817383,0.5184889375081723,obse,cracker_scene1,70,old
4941,22.398757457733154,0.5184889375081723,obse,cracker_scene1,70,old
4942,22.402781009674072,0.5184889375081723,obse,cracker_scene1,70,old
4943,22.40683364868164,0.5184889375081723,obse,cracker_scene1,70,old
4944,22.410905599594116,0.5184889375081723,obse,cracker_scene1,70,old
4945,22.414950132369995,0.5184889375081723,obse,cracker_scene1,70,old
4946,22.419011116027832,0.5184889375081723,obse,cracker_scene1,70,old
4947,22.42306113243103,0.5184889375081723,obse,cracker_scene1,70,old
4948,22.42710590362549,0.5184889375081723,obse,cracker_scene1,70,old
4949,22.431152820587158,0.5184889375081723,obse,cracker_scene1,70,old
4950,22.435215711593628,0.5184889375081723,obse,cracker_scene1,70,old
4951,22.439260005950928,0.5184889375081723,obse,cracker_scene1,70,old
4952,22.443318605422974,0.5184889375081723,obse,cracker_scene1,70,old
4953,22.447354555130005,0.5184889375081723,obse,cracker_scene1,70,old
4954,22.4513897895813,0.5184889375081723,obse,cracker_scene1,70,old
4955,22.45546269416809,0.5184889375081723,obse,cracker_scene1,70,old
4956,22.45947551727295,0.5184889375081723,obse,cracker_scene1,70,old
4957,22.463491201400757,0.5184889375081723,obse,cracker_scene1,70,old
4958,22.467764854431152,0.5184889375081723,obse,cracker_scene1,70,old
4959,22.47193169593811,0.5184889375081723,obse,cracker_scene1,70,old
4960,22.476040840148926,0.5184889375081723,obse,cracker_scene1,70,old
4961,22.4801185131073,0.5184889375081723,obse,cracker_scene1,70,old
4962,22.484211444854736,0.5184889375081723,obse,cracker_scene1,70,old
4963,22.4883394241333,0.5184889375081723,obse,cracker_scene1,70,old
4964,22.492431640625,0.5184889375081723,obse,cracker_scene1,70,old
4965,22.496500492095947,0.5184889375081723,obse,cracker_scene1,70,old
4966,22.5005464553833,0.5184889375081723,obse,cracker_scene1,70,old
4967,22.504714250564575,0.5184889375081723,obse,cracker_scene1,70,old
4968,22.508747100830078,0.5184889375081723,obse,cracker_scene1,70,old
4969,22.51276993751526,0.5184889375081723,obse,cracker_scene1,70,old
4970,22.516798973083496,0.5184889375081723,obse,cracker_scene1,70,old
4971,22.520903825759888,0.5184889375081723,obse,cracker_scene1,70,old
4972,22.524970293045044,0.5184889375081723,obse,cracker_scene1,70,old
4973,22.529003858566284,0.5184889375081723,obse,cracker_scene1,70,old
4974,22.533063650131226,0.5184889375081723,obse,cracker_scene1,70,old
4975,22.53709101676941,0.5184889375081723,obse,cracker_scene1,70,old
4976,22.541144847869873,0.5184889375081723,obse,cracker_scene1,70,old
4977,22.545154809951782,0.5184889375081723,obse,cracker_scene1,70,old
4978,22.549208164215088,0.5184889375081723,obse,cracker_scene1,70,old
4979,22.553237438201904,0.5184889375081723,obse,cracker_scene1,70,old
4980,22.55728030204773,0.5184889375081723,obse,cracker_scene1,70,old
4981,22.561323165893555,0.5184889375081723,obse,cracker_scene1,70,old
4982,22.565354585647583,0.5184889375081723,obse,cracker_scene1,70,old
4983,22.569414615631104,0.5184889375081723,obse,cracker_scene1,70,old
4984,22.573440313339233,0.5184889375081723,obse,cracker_scene1,70,old
4985,22.577518701553345,0.5184889375081723,obse,cracker_scene1,70,old
4986,22.581543684005737,0.5184889375081723,obse,cracker_scene1,70,old
4987,22.58555579185486,0.5184889375081723,obse,cracker_scene1,70,old
4988,22.589598417282104,0.5184889375081723,obse,cracker_scene1,70,old
4989,22.59364891052246,0.5184889375081723,obse,cracker_scene1,70,old
4990,22.59765625,0.5184889375081723,obse,cracker_scene1,70,old
4991,22.60171937942505,0.5184889375081723,obse,cracker_scene1,70,old
4992,22.60575246810913,0.5184889375081723,obse,cracker_scene1,70,old
4993,22.60978937149048,0.5184889375081723,obse,cracker_scene1,70,old
4994,22.61379647254944,0.5184889375081723,obse,cracker_scene1,70,old
4995,22.6178081035614,0.5184889375081723,obse,cracker_scene1,70,old
4996,22.621861934661865,0.5184889375081723,obse,cracker_scene1,70,old
4997,22.62591052055359,0.5184889375081723,obse,cracker_scene1,70,old
4998,22.629958152770996,0.5184889375081723,obse,cracker_scene1,70,old
4999,22.633986949920654,0.5184889375081723,obse,cracker_scene1,70,old
5000,22.638054370880127,0.5184889375081723,obse,cracker_scene1,70,old
5001,22.64237904548645,0.5184889375081723,obse,cracker_scene1,70,old
5002,22.646591186523438,0.5184889375081723,obse,cracker_scene1,70,old
5003,22.650628089904785,0.5184889375081723,obse,cracker_scene1,70,old
5004,22.654663562774658,0.5184889375081723,obse,cracker_scene1,70,old
5005,22.658684253692627,0.5184889375081723,obse,cracker_scene1,70,old
5006,22.66271448135376,0.5184889375081723,obse,cracker_scene1,70,old
5007,22.66677713394165,0.5184889375081723,obse,cracker_scene1,70,old
5008,22.670841455459595,0.5184889375081723,obse,cracker_scene1,70,old
5009,22.674882888793945,0.5184889375081723,obse,cracker_scene1,70,old
5010,22.678961038589478,0.5184889375081723,obse,cracker_scene1,70,old
5011,22.68303608894348,0.5184889375081723,obse,cracker_scene1,70,old
5012,22.687093257904053,0.5184889375081723,obse,cracker_scene1,70,old
5013,22.691174268722534,0.5184889375081723,obse,cracker_scene1,70,old
5014,22.695236682891846,0.5184889375081723,obse,cracker_scene1,70,old
5015,22.699277877807617,0.5184889375081723,obse,cracker_scene1,70,old
5016,22.703294038772583,0.5184889375081723,obse,cracker_scene1,70,old
5017,22.707340955734253,0.5184889375081723,obse,cracker_scene1,70,old
5018,22.711368560791016,0.5184889375081723,obse,cracker_scene1,70,old
5019,22.715360403060913,0.5184889375081723,obse,cracker_scene1,70,old
5020,22.719401597976685,0.5184889375081723,obse,cracker_scene1,70,old
5021,22.723455667495728,0.5184889375081723,obse,cracker_scene1,70,old
5022,22.727507829666138,0.5184889375081723,obse,cracker_scene1,70,old
5023,22.73149299621582,0.5184889375081723,obse,cracker_scene1,70,old
5024,22.73551630973816,0.5184889375081723,obse,cracker_scene1,70,old
5025,22.739579677581787,0.5184889375081723,obse,cracker_scene1,70,old
5026,22.743633031845093,0.5184889375081723,obse,cracker_scene1,70,old
5027,22.747670650482178,0.5184889375081723,obse,cracker_scene1,70,old
5028,22.751697301864624,0.5184889375081723,obse,cracker_scene1,70,old
5029,22.75575041770935,0.5184889375081723,obse,cracker_scene1,70,old
5030,22.759767532348633,0.5184889375081723,obse,cracker_scene1,70,old
5031,22.76379919052124,0.5184889375081723,obse,cracker_scene1,70,old
5032,22.767844915390015,0.5184889375081723,obse,cracker_scene1,70,old
5033,22.771875858306885,0.5184889375081723,obse,cracker_scene1,70,old
5034,22.775922536849976,0.5184889375081723,obse,cracker_scene1,70,old
5035,22.780020475387573,0.5184889375081723,obse,cracker_scene1,70,old
5036,22.78407073020935,0.5184889375081723,obse,cracker_scene1,70,old
5037,22.788129091262817,0.5184889375081723,obse,cracker_scene1,70,old
5038,22.79225444793701,0.5184889375081723,obse,cracker_scene1,70,old
5039,22.796301126480103,0.5184889375081723,obse,cracker_scene1,70,old
5040,22.800341606140137,0.5184889375081723,obse,cracker_scene1,70,old
5041,22.80438995361328,0.5184889375081723,obse,cracker_scene1,70,old
5042,22.808443546295166,0.5184889375081723,obse,cracker_scene1,70,old
5043,22.812767505645752,0.5184889375081723,obse,cracker_scene1,70,old
5044,22.816850900650024,0.5184889375081723,obse,cracker_scene1,70,old
5045,22.820926189422607,0.5184889375081723,obse,cracker_scene1,70,old
5046,22.824973106384277,0.5184889375081723,obse,cracker_scene1,70,old
5047,22.829019784927368,0.5184889375081723,obse,cracker_scene1,70,old
5048,22.83305788040161,0.5184889375081723,obse,cracker_scene1,70,old
5049,22.837103366851807,0.5184889375081723,obse,cracker_scene1,70,old
5050,22.841171264648438,0.5184889375081723,obse,cracker_scene1,70,old
5051,22.84521174430847,0.5184889375081723,obse,cracker_scene1,70,old
5052,22.849252223968506,0.5184889375081723,obse,cracker_scene1,70,old
5053,22.853298902511597,0.5184889375081723,obse,cracker_scene1,70,old
5054,22.857365131378174,0.5184889375081723,obse,cracker_scene1,70,old
5055,22.861425161361694,0.5184889375081723,obse,cracker_scene1,70,old
5056,22.865500450134277,0.5184889375081723,obse,cracker_scene1,70,old
5057,22.86961555480957,0.5184889375081723,obse,cracker_scene1,70,old
5058,22.87364172935486,0.5184889375081723,obse,cracker_scene1,70,old
5059,22.87769913673401,0.5184889375081723,obse,cracker_scene1,70,old
5060,22.881749391555786,0.5184889375081723,obse,cracker_scene1,70,old
5061,22.885806560516357,0.5184889375081723,obse,cracker_scene1,70,old
5062,22.889867782592773,0.5184889375081723,obse,cracker_scene1,70,old
5063,22.89391803741455,0.5184889375081723,obse,cracker_scene1,70,old
5064,22.89796280860901,0.5184889375081723,obse,cracker_scene1,70,old
5065,22.901986360549927,0.5184889375081723,obse,cracker_scene1,70,old
5066,22.90603542327881,0.5184889375081723,obse,cracker_scene1,70,old
5067,22.910083293914795,0.5184889375081723,obse,cracker_scene1,70,old
5068,22.914143085479736,0.5184889375081723,obse,cracker_scene1,70,old
5069,22.918344020843506,0.5184889375081723,obse,cracker_scene1,70,old
5070,22.92242169380188,0.5184889375081723,obse,cracker_scene1,70,old
5071,22.92646861076355,0.5184889375081723,obse,cracker_scene1,70,old
5072,22.930586576461792,0.5184889375081723,obse,cracker_scene1,70,old
5073,22.93467950820923,0.5184889375081723,obse,cracker_scene1,70,old
5074,22.938791275024414,0.5184889375081723,obse,cracker_scene1,70,old
5075,22.942830085754395,0.5184889375081723,obse,cracker_scene1,70,old
5076,22.94687557220459,0.5184889375081723,obse,cracker_scene1,70,old
5077,22.95093011856079,0.5184889375081723,obse,cracker_scene1,70,old
5078,22.955005884170532,0.5184889375081723,obse,cracker_scene1,70,old
5079,22.959065914154053,0.5184889375081723,obse,cracker_scene1,70,old
5080,22.96314573287964,0.5184889375081723,obse,cracker_scene1,70,old
5081,22.96732211112976,0.5184889375081723,obse,cracker_scene1,70,old
5082,22.971425533294678,0.5184889375081723,obse,cracker_scene1,70,old
5083,22.975451707839966,0.5184889375081723,obse,cracker_scene1,70,old
5084,22.979512691497803,0.5184889375081723,obse,cracker_scene1,70,old
5085,22.9835467338562,0.5184889375081723,obse,cracker_scene1,70,old
5086,22.987590789794922,0.5184889375081723,obse,cracker_scene1,70,old
5087,22.991644382476807,0.5184889375081723,obse,cracker_scene1,70,old
5088,22.995686769485474,0.5184889375081723,obse,cracker_scene1,70,old
5089,22.999692678451538,0.5184889375081723,obse,cracker_scene1,70,old
5090,23.003750324249268,0.5184889375081723,obse,cracker_scene1,70,old
5091,23.00779438018799,0.5184889375081723,obse,cracker_scene1,70,old
5092,23.011831045150757,0.5184889375081723,obse,cracker_scene1,70,old
5093,23.0158793926239,0.5184889375081723,obse,cracker_scene1,70,old
5094,23.019946813583374,0.5184889375081723,obse,cracker_scene1,70,old
5095,23.024021863937378,0.5184889375081723,obse,cracker_scene1,70,old
5096,23.028071641921997,0.5184889375081723,obse,cracker_scene1,70,old
5097,23.032182931900024,0.5184889375081723,obse,cracker_scene1,70,old
5098,23.03625249862671,0.5184889375081723,obse,cracker_scene1,70,old
5099,23.040318489074707,0.5184889375081723,obse,cracker_scene1,70,old
5100,23.044365406036377,0.5184889375081723,obse,cracker_scene1,70,old
5101,23.04839539527893,0.5184889375081723,obse,cracker_scene1,70,old
5102,23.052420616149902,0.5184889375081723,obse,cracker_scene1,70,old
5103,23.05647611618042,0.5184889375081723,obse,cracker_scene1,70,old
5104,23.06061887741089,0.5184889375081723,obse,cracker_scene1,70,old
5105,23.06486201286316,0.5184889375081723,obse,cracker_scene1,70,old
5106,23.068989515304565,0.5184889375081723,obse,cracker_scene1,70,old
5107,23.07310962677002,0.5184889375081723,obse,cracker_scene1,70,old
5108,23.077211618423462,0.5184889375081723,obse,cracker_scene1,70,old
5109,23.081313610076904,0.5184889375081723,obse,cracker_scene1,70,old
5110,23.085418939590454,0.5184889375081723,obse,cracker_scene1,70,old
5111,23.08952808380127,0.5184889375081723,obse,cracker_scene1,70,old
5112,23.09359359741211,0.5184889375081723,obse,cracker_scene1,70,old
5113,23.097625732421875,0.5184889375081723,obse,cracker_scene1,70,old
5114,23.101665258407593,0.5184889375081723,obse,cracker_scene1,70,old
5115,23.10574507713318,0.5184889375081723,obse,cracker_scene1,70,old
5116,23.109787225723267,0.5184889375081723,obse,cracker_scene1,70,old
5117,23.113826513290405,0.5184889375081723,obse,cracker_scene1,70,old
5118,23.117842197418213,0.5184889375081723,obse,cracker_scene1,70,old
5119,23.12190341949463,0.5184889375081723,obse,cracker_scene1,70,old
5120,23.125963926315308,0.5184889375081723,obse,cracker_scene1,70,old
5121,23.12997579574585,0.5184889375081723,obse,cracker_scene1,70,old
5122,23.133998155593872,0.5184889375081723,obse,cracker_scene1,70,old
5123,23.138041496276855,0.5184889375081723,obse,cracker_scene1,70,old
5124,23.14207696914673,0.5184889375081723,obse,cracker_scene1,70,old
5125,23.146089553833008,0.5184889375081723,obse,cracker_scene1,70,old
5126,23.150123119354248,0.5184889375081723,obse,cracker_scene1,70,old
5127,23.154173374176025,0.5184889375081723,obse,cracker_scene1,70,old
5128,23.15824556350708,0.5184889375081723,obse,cracker_scene1,70,old
5129,23.162310123443604,0.5184889375081723,obse,cracker_scene1,70,old
5130,23.16635274887085,0.5184889375081723,obse,cracker_scene1,70,old
5131,23.170371294021606,0.5184889375081723,obse,cracker_scene1,70,old
5132,23.174400568008423,0.5184889375081723,obse,cracker_scene1,70,old
5133,23.178415060043335,0.5184889375081723,obse,cracker_scene1,70,old
5134,23.182479858398438,0.5184889375081723,obse,cracker_scene1,70,old
5135,23.186649322509766,0.5184889375081723,obse,cracker_scene1,70,old
5136,23.19082021713257,0.5184889375081723,obse,cracker_scene1,70,old
5137,23.194960117340088,0.5184889375081723,obse,cracker_scene1,70,old
5138,23.199091911315918,0.5184889375081723,obse,cracker_scene1,70,old
5139,23.203203201293945,0.5184889375081723,obse,cracker_scene1,70,old
5140,23.207293033599854,0.5184889375081723,obse,cracker_scene1,70,old
5141,23.211373805999756,0.5184889375081723,obse,cracker_scene1,70,old
5142,23.215460538864136,0.5184889375081723,obse,cracker_scene1,70,old
5143,23.219550132751465,0.5184889375081723,obse,cracker_scene1,70,old
5144,23.22363543510437,0.5184889375081723,obse,cracker_scene1,70,old
5145,23.227698802947998,0.5184889375081723,obse,cracker_scene1,70,old
5146,23.231810331344604,0.5184889375081723,obse,cracker_scene1,70,old
5147,23.235917329788208,0.5184889375081723,obse,cracker_scene1,70,old
5148,23.240009307861328,0.5184889375081723,obse,cracker_scene1,70,old
5149,23.244077920913696,0.5184889375081723,obse,cracker_scene1,70,old
5150,23.24813199043274,0.5184889375081723,obse,cracker_scene1,70,old
5151,23.25217866897583,0.5184889375081723,obse,cracker_scene1,70,old
5152,23.25628352165222,0.5184889375081723,obse,cracker_scene1,70,old
5153,23.2603657245636,0.5184889375081723,obse,cracker_scene1,70,old
5154,23.264413118362427,0.5184889375081723,obse,cracker_scene1,70,old
5155,23.26845097541809,0.5184889375081723,obse,cracker_scene1,70,old
5156,23.27253270149231,0.5184889375081723,obse,cracker_scene1,70,old
5157,23.276604890823364,0.5184889375081723,obse,cracker_scene1,70,old
5158,23.280628442764282,0.5184889375081723,obse,cracker_scene1,70,old
5159,23.284677505493164,0.5184889375081723,obse,cracker_scene1,70,old
5160,23.288742542266846,0.5184889375081723,obse,cracker_scene1,70,old
5161,23.292804956436157,0.5184889375081723,obse,cracker_scene1,70,old
5162,23.29686188697815,0.5184889375081723,obse,cracker_scene1,70,old
5163,23.300936222076416,0.5184889375081723,obse,cracker_scene1,70,old
5164,23.304957389831543,0.5184889375081723,obse,cracker_scene1,70,old
5165,23.30903196334839,0.5184889375081723,obse,cracker_scene1,70,old
5166,23.313111066818237,0.5184889375081723,obse,cracker_scene1,70,old
5167,23.317123413085938,0.5184889375081723,obse,cracker_scene1,70,old
5168,23.321176290512085,0.5184889375081723,obse,cracker_scene1,70,old
5169,23.325246334075928,0.5184889375081723,obse,cracker_scene1,70,old
5170,23.32927393913269,0.5184889375081723,obse,cracker_scene1,70,old
5171,23.333314895629883,0.5184889375081723,obse,cracker_scene1,70,old
5172,23.337343215942383,0.5184889375081723,obse,cracker_scene1,70,old
5173,23.341418743133545,0.5184889375081723,obse,cracker_scene1,70,old
5174,23.345521211624146,0.5184889375081723,obse,cracker_scene1,70,old
5175,23.349576473236084,0.5184889375081723,obse,cracker_scene1,70,old
5176,23.353627681732178,0.5184889375081723,obse,cracker_scene1,70,old
5177,23.3577401638031,0.5184889375081723,obse,cracker_scene1,70,old
5178,23.361868381500244,0.5184889375081723,obse,cracker_scene1,70,old
5179,23.366032123565674,0.5184889375081723,obse,cracker_scene1,70,old
5180,23.370251893997192,0.5184889375081723,obse,cracker_scene1,70,old
5181,23.374495267868042,0.5184889375081723,obse,cracker_scene1,70,old
5182,23.378750801086426,0.5184889375081723,obse,cracker_scene1,70,old
5183,23.382810354232788,0.5184889375081723,obse,cracker_scene1,70,old
5184,23.38689374923706,0.5184889375081723,obse,cracker_scene1,70,old
5185,23.39096736907959,0.5184889375081723,obse,cracker_scene1,70,old
5186,23.395021200180054,0.5184889375081723,obse,cracker_scene1,70,old
5187,23.39906620979309,0.5184889375081723,obse,cracker_scene1,70,old
5188,23.403111934661865,0.5184889375081723,obse,cracker_scene1,70,old
5189,23.407185792922974,0.5184889375081723,obse,cracker_scene1,70,old
5190,23.41124939918518,0.5184889375081723,obse,cracker_scene1,70,old
5191,23.41529417037964,0.5184889375081723,obse,cracker_scene1,70,old
5192,23.41929793357849,0.5184889375081723,obse,cracker_scene1,70,old
5193,23.42333459854126,0.5184889375081723,obse,cracker_scene1,70,old
5194,23.42736530303955,0.5184889375081723,obse,cracker_scene1,70,old
5195,23.43139886856079,0.5184889375081723,obse,cracker_scene1,70,old
5196,23.43543267250061,0.5184889375081723,obse,cracker_scene1,70,old
5197,23.439480543136597,0.5184889375081723,obse,cracker_scene1,70,old
5198,23.44353437423706,0.5184889375081723,obse,cracker_scene1,70,old
5199,23.447588682174683,0.5184889375081723,obse,cracker_scene1,70,old
5200,23.451660633087158,0.5184889375081723,obse,cracker_scene1,70,old
5201,23.45568871498108,0.5184889375081723,obse,cracker_scene1,70,old
5202,23.459760189056396,0.5184889375081723,obse,cracker_scene1,70,old
5203,23.46382713317871,0.5184889375081723,obse,cracker_scene1,70,old
5204,23.467970609664917,0.5184889375081723,obse,cracker_scene1,70,old
5205,23.47213888168335,0.5184889375081723,obse,cracker_scene1,70,old
5206,23.476215362548828,0.5184889375081723,obse,cracker_scene1,70,old
5207,23.480291843414307,0.5184889375081723,obse,cracker_scene1,70,old
5208,23.484365463256836,0.5184889375081723,obse,cracker_scene1,70,old
5209,23.488476276397705,0.5184889375081723,obse,cracker_scene1,70,old
5210,23.492551803588867,0.5184889375081723,obse,cracker_scene1,70,old
5211,23.496583938598633,0.5184889375081723,obse,cracker_scene1,70,old
5212,23.50064969062805,0.5184889375081723,obse,cracker_scene1,70,old
5213,23.504724740982056,0.5184889375081723,obse,cracker_scene1,70,old
5214,23.508755207061768,0.5184889375081723,obse,cracker_scene1,70,old
5215,23.512789726257324,0.5184889375081723,obse,cracker_scene1,70,old
5216,23.51686143875122,0.5184889375081723,obse,cracker_scene1,70,old
5217,23.52096915245056,0.5184889375081723,obse,cracker_scene1,70,old
5218,23.52506136894226,0.5184889375081723,obse,cracker_scene1,70,old
5219,23.529113292694092,0.5184889375081723,obse,cracker_scene1,70,old
5220,23.5331609249115,0.5184889375081723,obse,cracker_scene1,70,old
5221,23.537200927734375,0.5184889375081723,obse,cracker_scene1,70,old
5222,23.5412540435791,0.5184889375081723,obse,cracker_scene1,70,old
5223,23.545304536819458,0.5184889375081723,obse,cracker_scene1,70,old
5224,23.5493483543396,0.5184889375081723,obse,cracker_scene1,70,old
5225,23.55340313911438,0.5184889375081723,obse,cracker_scene1,70,old
5226,23.55747389793396,0.5184889375081723,obse,cracker_scene1,70,old
5227,23.561522006988525,0.5184889375081723,obse,cracker_scene1,70,old
5228,23.56560707092285,0.5184889375081723,obse,cracker_scene1,70,old
5229,23.569684982299805,0.5184889375081723,obse,cracker_scene1,70,old
5230,23.57370686531067,0.5184889375081723,obse,cracker_scene1,70,old
5231,23.577797412872314,0.5184889375081723,obse,cracker_scene1,70,old
5232,23.58185577392578,0.5184889375081723,obse,cracker_scene1,70,old
5233,23.585914611816406,0.5184889375081723,obse,cracker_scene1,70,old
5234,23.589961290359497,0.5184889375081723,obse,cracker_scene1,70,old
5235,23.594034910202026,0.5184889375081723,obse,cracker_scene1,70,old
5236,23.598092794418335,0.5184889375081723,obse,cracker_scene1,70,old
5237,23.602157831192017,0.5184889375081723,obse,cracker_scene1,70,old
5238,23.606204986572266,0.5184889375081723,obse,cracker_scene1,70,old
5239,23.610247373580933,0.5184889375081723,obse,cracker_scene1,70,old
5240,23.614328145980835,0.5184889375081723,obse,cracker_scene1,70,old
5241,23.618381023406982,0.5184889375081723,obse,cracker_scene1,70,old
5242,23.6224205493927,0.5184889375081723,obse,cracker_scene1,70,old
5243,23.62647843360901,0.5184889375081723,obse,cracker_scene1,70,old
5244,23.63054084777832,0.5184889375081723,obse,cracker_scene1,70,old
5245,23.634584188461304,0.5184889375081723,obse,cracker_scene1,70,old
5246,23.6385977268219,0.5184889375081723,obse,cracker_scene1,70,old
5247,23.64266037940979,0.5184889375081723,obse,cracker_scene1,70,old
5248,23.646690845489502,0.5184889375081723,obse,cracker_scene1,70,old
5249,23.65073871612549,0.5184889375081723,obse,cracker_scene1,70,old
5250,23.654792070388794,0.5184889375081723,obse,cracker_scene1,70,old
5251,23.658835649490356,0.5184889375081723,obse,cracker_scene1,70,old
5252,23.662934064865112,0.5184889375081723,obse,cracker_scene1,70,old
5253,23.667001724243164,0.5184889375081723,obse,cracker_scene1,70,old
5254,23.671037197113037,0.5184889375081723,obse,cracker_scene1,70,old
5255,23.675084829330444,0.5184889375081723,obse,cracker_scene1,70,old
5256,23.67915368080139,0.5184889375081723,obse,cracker_scene1,70,old
5257,23.683202505111694,0.5184889375081723,obse,cracker_scene1,70,old
5258,23.687299251556396,0.5184889375081723,obse,cracker_scene1,70,old
5259,23.691405057907104,0.5184889375081723,obse,cracker_scene1,70,old
5260,23.695481061935425,0.5184889375081723,obse,cracker_scene1,70,old
5261,23.699527502059937,0.5184889375081723,obse,cracker_scene1,70,old
5262,23.703569173812866,0.5184889375081723,obse,cracker_scene1,70,old
5263,23.707592725753784,0.5184889375081723,obse,cracker_scene1,70,old
5264,23.711646795272827,0.5184889375081723,obse,cracker_scene1,70,old
5265,23.715698719024658,0.5184889375081723,obse,cracker_scene1,70,old
5266,23.719757795333862,0.5184889375081723,obse,cracker_scene1,70,old
5267,23.723823070526123,0.5184889375081723,obse,cracker_scene1,70,old
5268,23.727888345718384,0.5184889375081723,obse,cracker_scene1,70,old
5269,23.731942176818848,0.5184889375081723,obse,cracker_scene1,70,old
5270,23.735998392105103,0.5184889375081723,obse,cracker_scene1,70,old
5271,23.7400484085083,0.5184889375081723,obse,cracker_scene1,70,old
5272,23.74411416053772,0.5184889375081723,obse,cracker_scene1,70,old
5273,23.74818706512451,0.5184889375081723,obse,cracker_scene1,70,old
5274,23.75224256515503,0.5184889375081723,obse,cracker_scene1,70,old
5275,23.756301641464233,0.5184889375081723,obse,cracker_scene1,70,old
5276,23.76039433479309,0.5184889375081723,obse,cracker_scene1,70,old
5277,23.764458179473877,0.5184889375081723,obse,cracker_scene1,70,old
5278,23.768521547317505,0.5184889375081723,obse,cracker_scene1,70,old
5279,23.77257013320923,0.5184889375081723,obse,cracker_scene1,70,old
5280,23.77664279937744,0.5184889375081723,obse,cracker_scene1,70,old
5281,23.780719995498657,0.5184889375081723,obse,cracker_scene1,70,old
5282,23.78476881980896,0.5184889375081723,obse,cracker_scene1,70,old
5283,23.788819313049316,0.5184889375081723,obse,cracker_scene1,70,old
5284,23.79295539855957,0.5184889375081723,obse,cracker_scene1,70,old
5285,23.797065496444702,0.5184889375081723,obse,cracker_scene1,70,old
5286,23.8011474609375,0.5184889375081723,obse,cracker_scene1,70,old
5287,23.805180311203003,0.5184889375081723,obse,cracker_scene1,70,old
5288,23.809242725372314,0.5184889375081723,obse,cracker_scene1,70,old
5289,23.81333041191101,0.5184889375081723,obse,cracker_scene1,70,old
5290,23.817400455474854,0.5184889375081723,obse,cracker_scene1,70,old
5291,23.821454286575317,0.5184889375081723,obse,cracker_scene1,70,old
5292,23.825515508651733,0.5184889375081723,obse,cracker_scene1,70,old
5293,23.829572916030884,0.5184889375081723,obse,cracker_scene1,70,old
5294,23.833630561828613,0.5184889375081723,obse,cracker_scene1,70,old
5295,23.83768606185913,0.5184889375081723,obse,cracker_scene1,70,old
5296,23.84173035621643,0.5184889375081723,obse,cracker_scene1,70,old
5297,23.84577178955078,0.5184889375081723,obse,cracker_scene1,70,old
5298,23.84980034828186,0.5184889375081723,obse,cracker_scene1,70,old
5299,23.85385251045227,0.5184889375081723,obse,cracker_scene1,70,old
5300,23.857945442199707,0.5184889375081723,obse,cracker_scene1,70,old
5301,23.86199712753296,0.5184889375081723,obse,cracker_scene1,70,old
5302,23.866045713424683,0.5184889375081723,obse,cracker_scene1,70,old
5303,23.87011480331421,0.5184889375081723,obse,cracker_scene1,70,old
5304,23.87417769432068,0.5184889375081723,obse,cracker_scene1,70,old
5305,23.878264904022217,0.5184889375081723,obse,cracker_scene1,70,old
5306,23.88233470916748,0.5184889375081723,obse,cracker_scene1,70,old
5307,23.88642978668213,0.5184889375081723,obse,cracker_scene1,70,old
5308,23.890526294708252,0.5184889375081723,obse,cracker_scene1,70,old
5309,23.89460849761963,0.5184889375081723,obse,cracker_scene1,70,old
5310,23.8986656665802,0.5184889375081723,obse,cracker_scene1,70,old
5311,23.90273404121399,0.5184889375081723,obse,cracker_scene1,70,old
5312,23.906802654266357,0.5184889375081723,obse,cracker_scene1,70,old
5313,23.91087317466736,0.5184889375081723,obse,cracker_scene1,70,old
5314,23.914944648742676,0.5184889375081723,obse,cracker_scene1,70,old
5315,23.919028282165527,0.5184889375081723,obse,cracker_scene1,70,old
5316,23.92309021949768,0.5184889375081723,obse,cracker_scene1,70,old
5317,23.927170038223267,0.5184889375081723,obse,cracker_scene1,70,old
5318,23.93123149871826,0.5184889375081723,obse,cracker_scene1,70,old
5319,23.935338020324707,0.5184889375081723,obse,cracker_scene1,70,old
5320,23.939403533935547,0.5184889375081723,obse,cracker_scene1,70,old
5321,23.943466186523438,0.5184889375081723,obse,cracker_scene1,70,old
5322,23.947517156600952,0.5184889375081723,obse,cracker_scene1,70,old
5323,23.951581239700317,0.5184889375081723,obse,cracker_scene1,70,old
5324,23.955615282058716,0.5184889375081723,obse,cracker_scene1,70,old
5325,23.95970129966736,0.5184889375081723,obse,cracker_scene1,70,old
5326,23.96376872062683,0.5184889375081723,obse,cracker_scene1,70,old
5327,23.967849731445312,0.5184889375081723,obse,cracker_scene1,70,old
5328,23.97209620475769,0.5184889375081723,obse,cracker_scene1,70,old
5329,23.976147413253784,0.5184889375081723,obse,cracker_scene1,70,old
5330,23.980218648910522,0.5184889375081723,obse,cracker_scene1,70,old
5331,23.984266757965088,0.5184889375081723,obse,cracker_scene1,70,old
5332,23.98832869529724,0.5184889375081723,obse,cracker_scene1,70,old
5333,23.992403745651245,0.5184889375081723,obse,cracker_scene1,70,old
5334,23.996467351913452,0.5184889375081723,obse,cracker_scene1,70,old
5335,24.0005042552948,0.5184889375081723,obse,cracker_scene1,70,old
5336,24.00452184677124,0.5184889375081723,obse,cracker_scene1,70,old
5337,24.00858736038208,0.5184889375081723,obse,cracker_scene1,70,old
5338,24.012649297714233,0.5184889375081723,obse,cracker_scene1,70,old
5339,24.01670527458191,0.5184889375081723,obse,cracker_scene1,70,old
5340,24.020790338516235,0.5184889375081723,obse,cracker_scene1,70,old
5341,24.02488684654236,0.5184889375081723,obse,cracker_scene1,70,old
5342,24.028996229171753,0.5184889375081723,obse,cracker_scene1,70,old
5343,24.033055067062378,0.5184889375081723,obse,cracker_scene1,70,old
5344,24.03713059425354,0.5184889375081723,obse,cracker_scene1,70,old
5345,24.041199684143066,0.5184889375081723,obse,cracker_scene1,70,old
5346,24.04526948928833,0.5184889375081723,obse,cracker_scene1,70,old
5347,24.049338340759277,0.5184889375081723,obse,cracker_scene1,70,old
5348,24.05340600013733,0.5184889375081723,obse,cracker_scene1,70,old
5349,24.057461738586426,0.5184889375081723,obse,cracker_scene1,70,old
5350,24.061530590057373,0.5184889375081723,obse,cracker_scene1,70,old
5351,24.065584897994995,0.5184889375081723,obse,cracker_scene1,70,old
5352,24.069674968719482,0.5184889375081723,obse,cracker_scene1,70,old
5353,24.073732614517212,0.5184889375081723,obse,cracker_scene1,70,old
5354,24.07779359817505,0.5184889375081723,obse,cracker_scene1,70,old
5355,24.081854581832886,0.5184889375081723,obse,cracker_scene1,70,old
5356,24.085914850234985,0.5184889375081723,obse,cracker_scene1,70,old
5357,24.089999437332153,0.5184889375081723,obse,cracker_scene1,70,old
5358,24.0941002368927,0.5184889375081723,obse,cracker_scene1,70,old
5359,24.098183631896973,0.5184889375081723,obse,cracker_scene1,70,old
5360,24.102259159088135,0.5184889375081723,obse,cracker_scene1,70,old
5361,24.10633397102356,0.5184889375081723,obse,cracker_scene1,70,old
5362,24.11038303375244,0.5184889375081723,obse,cracker_scene1,70,old
5363,24.114484548568726,0.5184889375081723,obse,cracker_scene1,70,old
5364,24.118560075759888,0.5184889375081723,obse,cracker_scene1,70,old
5365,24.122628688812256,0.5184889375081723,obse,cracker_scene1,70,old
5366,24.126731157302856,0.5184889375081723,obse,cracker_scene1,70,old
5367,24.130781173706055,0.5184889375081723,obse,cracker_scene1,70,old
5368,24.1348557472229,0.5184889375081723,obse,cracker_scene1,70,old
5369,24.138933181762695,0.5184889375081723,obse,cracker_scene1,70,old
5370,24.143011331558228,0.5184889375081723,obse,cracker_scene1,70,old
5371,24.147052526474,0.5184889375081723,obse,cracker_scene1,70,old
5372,24.151103019714355,0.5184889375081723,obse,cracker_scene1,70,old
5373,24.1551296710968,0.5184889375081723,obse,cracker_scene1,70,old
5374,24.15920090675354,0.5184889375081723,obse,cracker_scene1,70,old
5375,24.1632661819458,0.5184889375081723,obse,cracker_scene1,70,old
5376,24.167319536209106,0.5184889375081723,obse,cracker_scene1,70,old
5377,24.171382427215576,0.5184889375081723,obse,cracker_scene1,70,old
5378,24.175439834594727,0.5184889375081723,obse,cracker_scene1,70,old
5379,24.179524183273315,0.5184889375081723,obse,cracker_scene1,70,old
5380,24.18358302116394,0.5184889375081723,obse,cracker_scene1,70,old
5381,24.187659978866577,0.5184889375081723,obse,cracker_scene1,70,old
5382,24.19171953201294,0.5184889375081723,obse,cracker_scene1,70,old
5383,24.19579291343689,0.5184889375081723,obse,cracker_scene1,70,old
5384,24.19984483718872,0.5184889375081723,obse,cracker_scene1,70,old
5385,24.20389747619629,0.5184889375081723,obse,cracker_scene1,70,old
5386,24.207947492599487,0.5184889375081723,obse,cracker_scene1,70,old
5387,24.212018728256226,0.5184889375081723,obse,cracker_scene1,70,old
5388,24.216057538986206,0.5184889375081723,obse,cracker_scene1,70,old
5389,24.22009825706482,0.5184889375081723,obse,cracker_scene1,70,old
5390,24.224165201187134,0.5184889375081723,obse,cracker_scene1,70,old
5391,24.228211641311646,0.5184889375081723,obse,cracker_scene1,70,old
5392,24.23226237297058,0.5184889375081723,obse,cracker_scene1,70,old
5393,24.23630952835083,0.5184889375081723,obse,cracker_scene1,70,old
5394,24.240360260009766,0.5184889375081723,obse,cracker_scene1,70,old
5395,24.244618892669678,0.5184889375081723,obse,cracker_scene1,70,old
5396,24.2487690448761,0.5184889375081723,obse,cracker_scene1,70,old
5397,24.252885103225708,0.5184889375081723,obse,cracker_scene1,70,old
5398,24.256996870040894,0.5184889375081723,obse,cracker_scene1,70,old
5399,24.261106729507446,0.5184889375081723,obse,cracker_scene1,70,old
5400,24.265227794647217,0.5184889375081723,obse,cracker_scene1,70,old
5401,24.269327640533447,0.5184889375081723,obse,cracker_scene1,70,old
5402,24.2734272480011,0.5184889375081723,obse,cracker_scene1,70,old
5403,24.27755856513977,0.5184889375081723,obse,cracker_scene1,70,old
5404,24.281728982925415,0.5184889375081723,obse,cracker_scene1,70,old
5405,24.285841703414917,0.5184889375081723,obse,cracker_scene1,70,old
5406,24.289958000183105,0.5184889375081723,obse,cracker_scene1,70,old
5407,24.29407262802124,0.5184889375081723,obse,cracker_scene1,70,old
5408,24.29819107055664,0.5184889375081723,obse,cracker_scene1,70,old
5409,24.302308320999146,0.5184889375081723,obse,cracker_scene1,70,old
5410,24.306432485580444,0.5184889375081723,obse,cracker_scene1,70,old
5411,24.310532808303833,0.5184889375081723,obse,cracker_scene1,70,old
5412,24.31464672088623,0.5184889375081723,obse,cracker_scene1,70,old
5413,24.318732023239136,0.5184889375081723,obse,cracker_scene1,70,old
5414,24.322794437408447,0.5184889375081723,obse,cracker_scene1,70,old
5415,24.32688856124878,0.5184889375081723,obse,cracker_scene1,70,old
5416,24.33092427253723,0.5184889375081723,obse,cracker_scene1,70,old
5417,24.33497905731201,0.5184889375081723,obse,cracker_scene1,70,old
5418,24.33906054496765,0.5184889375081723,obse,cracker_scene1,70,old
5419,24.343117237091064,0.5184889375081723,obse,cracker_scene1,70,old
5420,24.347142457962036,0.5184889375081723,obse,cracker_scene1,70,old
5421,24.351200819015503,0.5184889375081723,obse,cracker_scene1,70,old
5422,24.35524892807007,0.5184889375081723,obse,cracker_scene1,70,old
5423,24.359374046325684,0.5184889375081723,obse,cracker_scene1,70,old
5424,24.36345624923706,0.5184889375081723,obse,cracker_scene1,70,old
5425,24.367538928985596,0.5184889375081723,obse,cracker_scene1,70,old
5426,24.371589422225952,0.5184889375081723,obse,cracker_scene1,70,old
5427,24.375645875930786,0.5184889375081723,obse,cracker_scene1,70,old
5428,24.37972116470337,0.5184889375081723,obse,cracker_scene1,70,old
5429,24.38375496864319,0.5184889375081723,obse,cracker_scene1,70,old
5430,24.387780904769897,0.5184889375081723,obse,cracker_scene1,70,old
5431,24.391828775405884,0.5184889375081723,obse,cracker_scene1,70,old
5432,24.395891904830933,0.5184889375081723,obse,cracker_scene1,70,old
5433,24.399961471557617,0.5184889375081723,obse,cracker_scene1,70,old
5434,24.4040048122406,0.5184889375081723,obse,cracker_scene1,70,old
5435,24.408090829849243,0.5184889375081723,obse,cracker_scene1,70,old
5436,24.412150859832764,0.5184889375081723,obse,cracker_scene1,70,old
5437,24.416197776794434,0.5184889375081723,obse,cracker_scene1,70,old
5438,24.42025661468506,0.5184889375081723,obse,cracker_scene1,70,old
5439,24.42435598373413,0.5184889375081723,obse,cracker_scene1,70,old
5440,24.42842411994934,0.5184889375081723,obse,cracker_scene1,70,old
5441,24.43248462677002,0.5184889375081723,obse,cracker_scene1,70,old
5442,24.436578273773193,0.5184889375081723,obse,cracker_scene1,70,old
5443,24.440643548965454,0.5184889375081723,obse,cracker_scene1,70,old
5444,24.444697618484497,0.5184889375081723,obse,cracker_scene1,70,old
5445,24.44876790046692,0.5184889375081723,obse,cracker_scene1,70,old
5446,24.452854871749878,0.5184889375081723,obse,cracker_scene1,70,old
5447,24.456923246383667,0.5184889375081723,obse,cracker_scene1,70,old
5448,24.461003303527832,0.5184889375081723,obse,cracker_scene1,70,old
5449,24.465084552764893,0.5184889375081723,obse,cracker_scene1,70,old
5450,24.469157934188843,0.5184889375081723,obse,cracker_scene1,70,old
5451,24.47338080406189,0.5184889375081723,obse,cracker_scene1,70,old
5452,24.477460622787476,0.5184889375081723,obse,cracker_scene1,70,old
5453,24.481523275375366,0.5184889375081723,obse,cracker_scene1,70,old
5454,24.485551595687866,0.5184889375081723,obse,cracker_scene1,70,old
5455,24.489612817764282,0.5184889375081723,obse,cracker_scene1,70,old
5456,24.493695735931396,0.5184889375081723,obse,cracker_scene1,70,old
5457,24.497798681259155,0.5184889375081723,obse,cracker_scene1,70,old
5458,24.50194787979126,0.5184889375081723,obse,cracker_scene1,70,old
5459,24.506115674972534,0.5184889375081723,obse,cracker_scene1,70,old
5460,24.51016855239868,0.5184889375081723,obse,cracker_scene1,70,old
5461,24.514256715774536,0.5184889375081723,obse,cracker_scene1,70,old
5462,24.5183265209198,0.5184889375081723,obse,cracker_scene1,70,old
5463,24.52241802215576,0.5184889375081723,obse,cracker_scene1,70,old
5464,24.52648162841797,0.5184889375081723,obse,cracker_scene1,70,old
5465,24.530544757843018,0.5184889375081723,obse,cracker_scene1,70,old
5466,24.534587860107422,0.5184889375081723,obse,cracker_scene1,70,old
5467,24.53864026069641,0.5184889375081723,obse,cracker_scene1,70,old
5468,24.542709589004517,0.5184889375081723,obse,cracker_scene1,70,old
5469,24.546753644943237,0.5184889375081723,obse,cracker_scene1,70,old
5470,24.550806283950806,0.5184889375081723,obse,cracker_scene1,70,old
5471,24.554890394210815,0.5184889375081723,obse,cracker_scene1,70,old
5472,24.55896520614624,0.5184889375081723,obse,cracker_scene1,70,old
5473,24.56307864189148,0.5184889375081723,obse,cracker_scene1,70,old
5474,24.567145586013794,0.5184889375081723,obse,cracker_scene1,70,old
5475,24.571213960647583,0.5184889375081723,obse,cracker_scene1,70,old
5476,24.575250148773193,0.5184889375081723,obse,cracker_scene1,70,old
5477,24.57932209968567,0.5184889375081723,obse,cracker_scene1,70,old
5478,24.58339238166809,0.5184889375081723,obse,cracker_scene1,70,old
5479,24.587438583374023,0.5184889375081723,obse,cracker_scene1,70,old
5480,24.59154510498047,0.5184889375081723,obse,cracker_scene1,70,old
5481,24.595616817474365,0.5184889375081723,obse,cracker_scene1,70,old
5482,24.59970712661743,0.5184889375081723,obse,cracker_scene1,70,old
5483,24.603781700134277,0.5184889375081723,obse,cracker_scene1,70,old
5484,24.607863664627075,0.5184889375081723,obse,cracker_scene1,70,old
5485,24.611926317214966,0.5184889375081723,obse,cracker_scene1,70,old
5486,24.61597776412964,0.5184889375081723,obse,cracker_scene1,70,old
5487,24.620005130767822,0.5184889375081723,obse,cracker_scene1,70,old
5488,24.624080896377563,0.5184889375081723,obse,cracker_scene1,70,old
5489,24.628139972686768,0.5184889375081723,obse,cracker_scene1,70,old
5490,24.632221460342407,0.5184889375081723,obse,cracker_scene1,70,old
5491,24.63629126548767,0.5184889375081723,obse,cracker_scene1,70,old
5492,24.640354871749878,0.5184889375081723,obse,cracker_scene1,70,old
5493,24.644415378570557,0.5184889375081723,obse,cracker_scene1,70,old
5494,24.648471355438232,0.5184889375081723,obse,cracker_scene1,70,old
5495,24.65253257751465,0.5184889375081723,obse,cracker_scene1,70,old
5496,24.65656542778015,0.5184889375081723,obse,cracker_scene1,70,old
5497,24.66066002845764,0.5184889375081723,obse,cracker_scene1,70,old
5498,24.66472864151001,0.5184889375081723,obse,cracker_scene1,70,old
5499,24.66879892349243,0.5184889375081723,obse,cracker_scene1,70,old
5500,24.6728515625,0.5184889375081723,obse,cracker_scene1,70,old
5501,24.676944494247437,0.5184889375081723,obse,cracker_scene1,70,old
5502,24.681025505065918,0.5184889375081723,obse,cracker_scene1,70,old
5503,24.685132265090942,0.5184889375081723,obse,cracker_scene1,70,old
5504,24.68923544883728,0.5184889375081723,obse,cracker_scene1,70,old
5505,24.693454027175903,0.5184889375081723,obse,cracker_scene1,70,old
5506,24.6976261138916,0.5184889375081723,obse,cracker_scene1,70,old
5507,24.701666116714478,0.5184889375081723,obse,cracker_scene1,70,old
5508,24.705721378326416,0.5184889375081723,obse,cracker_scene1,70,old
5509,24.70980143547058,0.5184889375081723,obse,cracker_scene1,70,old
5510,24.713855981826782,0.5184889375081723,obse,cracker_scene1,70,old
5511,24.71791648864746,0.5184889375081723,obse,cracker_scene1,70,old
5512,24.721985340118408,0.5184889375081723,obse,cracker_scene1,70,old
5513,24.726104021072388,0.5184889375081723,obse,cracker_scene1,70,old
5514,24.73016095161438,0.5184889375081723,obse,cracker_scene1,70,old
5515,24.734193086624146,0.5184889375081723,obse,cracker_scene1,70,old
5516,24.738271951675415,0.5184889375081723,obse,cracker_scene1,70,old
5517,24.742375373840332,0.5184889375081723,obse,cracker_scene1,70,old
5518,24.746532440185547,0.5184889375081723,obse,cracker_scene1,70,old
5519,24.750573873519897,0.5184889375081723,obse,cracker_scene1,70,old
5520,24.75461459159851,0.5184889375081723,obse,cracker_scene1,70,old
5521,24.758734703063965,0.5184889375081723,obse,cracker_scene1,70,old
5522,24.762972116470337,0.5184889375081723,obse,cracker_scene1,70,old
5523,24.76715350151062,0.5184889375081723,obse,cracker_scene1,70,old
5524,24.771243572235107,0.5184889375081723,obse,cracker_scene1,70,old
5525,24.775257110595703,0.5184889375081723,obse,cracker_scene1,70,old
5526,24.779327154159546,0.5184889375081723,obse,cracker_scene1,70,old
5527,24.78339982032776,0.5184889375081723,obse,cracker_scene1,70,old
5528,24.787469625473022,0.5184889375081723,obse,cracker_scene1,70,old
5529,24.791584730148315,0.5184889375081723,obse,cracker_scene1,70,old
5530,24.79584574699402,0.5184889375081723,obse,cracker_scene1,70,old
5531,24.799889087677002,0.5184889375081723,obse,cracker_scene1,70,old
5532,24.80397081375122,0.5184889375081723,obse,cracker_scene1,70,old
5533,24.80808401107788,0.5184889375081723,obse,cracker_scene1,70,old
5534,24.81217622756958,0.5184889375081723,obse,cracker_scene1,70,old
5535,24.8162362575531,0.5184889375081723,obse,cracker_scene1,70,old
5536,24.820318460464478,0.5184889375081723,obse,cracker_scene1,70,old
5537,24.82440447807312,0.5184889375081723,obse,cracker_scene1,70,old
5538,24.82848834991455,0.5184889375081723,obse,cracker_scene1,70,old
5539,24.83275008201599,0.5184889375081723,obse,cracker_scene1,70,old
5540,24.836875200271606,0.5184889375081723,obse,cracker_scene1,70,old
5541,24.84096598625183,0.5184889375081723,obse,cracker_scene1,70,old
5542,24.845040798187256,0.5184889375081723,obse,cracker_scene1,70,old
5543,24.84909677505493,0.5184889375081723,obse,cracker_scene1,70,old
5544,24.853163957595825,0.5184889375081723,obse,cracker_scene1,70,old
5545,24.857234477996826,0.5184889375081723,obse,cracker_scene1,70,old
5546,24.861321687698364,0.5184889375081723,obse,cracker_scene1,70,old
5547,24.865426063537598,0.5184889375081723,obse,cracker_scene1,70,old
5548,24.869508981704712,0.5184889375081723,obse,cracker_scene1,70,old
5549,24.873576641082764,0.5184889375081723,obse,cracker_scene1,70,old
5550,24.877639770507812,0.5184889375081723,obse,cracker_scene1,70,old
5551,24.881712198257446,0.5184889375081723,obse,cracker_scene1,70,old
5552,24.88575267791748,0.5184889375081723,obse,cracker_scene1,70,old
5553,24.889838457107544,0.5184889375081723,obse,cracker_scene1,70,old
5554,24.89392590522766,0.5184889375081723,obse,cracker_scene1,70,old
5555,24.898016452789307,0.5184889375081723,obse,cracker_scene1,70,old
5556,24.90207600593567,0.5184889375081723,obse,cracker_scene1,70,old
5557,24.90616250038147,0.5184889375081723,obse,cracker_scene1,70,old
5558,24.910252571105957,0.5184889375081723,obse,cracker_scene1,70,old
5559,24.91431975364685,0.5184889375081723,obse,cracker_scene1,70,old
5560,24.918334245681763,0.5184889375081723,obse,cracker_scene1,70,old
5561,24.922415494918823,0.5184889375081723,obse,cracker_scene1,70,old
5562,24.9264874458313,0.5184889375081723,obse,cracker_scene1,70,old
5563,24.930526733398438,0.5184889375081723,obse,cracker_scene1,70,old
5564,24.934656620025635,0.5184889375081723,obse,cracker_scene1,70,old
5565,24.93876576423645,0.5184889375081723,obse,cracker_scene1,70,old
5566,24.94282841682434,0.5184889375081723,obse,cracker_scene1,70,old
5567,24.94689679145813,0.5184889375081723,obse,cracker_scene1,70,old
5568,24.95104432106018,0.5184889375081723,obse,cracker_scene1,70,old
5569,24.955127954483032,0.5184889375081723,obse,cracker_scene1,70,old
5570,24.959161043167114,0.5184889375081723,obse,cracker_scene1,70,old
5571,24.963293075561523,0.5184889375081723,obse,cracker_scene1,70,old
5572,24.967371702194214,0.5184889375081723,obse,cracker_scene1,70,old
5573,24.971436500549316,0.5184889375081723,obse,cracker_scene1,70,old
5574,24.975658178329468,0.5184889375081723,obse,cracker_scene1,70,old
5575,24.97975254058838,0.5184889375081723,obse,cracker_scene1,70,old
5576,24.98380422592163,0.5184889375081723,obse,cracker_scene1,70,old
5577,24.987881183624268,0.5184889375081723,obse,cracker_scene1,70,old
5578,24.99196982383728,0.5184889375081723,obse,cracker_scene1,70,old
5579,24.99605107307434,0.5184889375081723,obse,cracker_scene1,70,old
5580,25.000107288360596,0.5184889375081723,obse,cracker_scene1,70,old
5581,25.00415802001953,0.5184889375081723,obse,cracker_scene1,70,old
5582,25.00821876525879,0.5184889375081723,obse,cracker_scene1,70,old
5583,25.01228976249695,0.5184889375081723,obse,cracker_scene1,70,old
5584,25.01642346382141,0.5184889375081723,obse,cracker_scene1,70,old
5585,25.020530223846436,0.5184889375081723,obse,cracker_scene1,70,old
5586,25.024637937545776,0.5184889375081723,obse,cracker_scene1,70,old
5587,25.028698682785034,0.5184889375081723,obse,cracker_scene1,70,old
5588,25.032783031463623,0.5184889375081723,obse,cracker_scene1,70,old
5589,25.036845445632935,0.5184889375081723,obse,cracker_scene1,70,old
5590,25.040886163711548,0.5184889375081723,obse,cracker_scene1,70,old
5591,25.04495644569397,0.5184889375081723,obse,cracker_scene1,70,old
5592,25.049029111862183,0.5184889375081723,obse,cracker_scene1,70,old
5593,25.053078413009644,0.5184889375081723,obse,cracker_scene1,70,old
5594,25.057165384292603,0.5184889375081723,obse,cracker_scene1,70,old
5595,25.061244249343872,0.5184889375081723,obse,cracker_scene1,70,old
5596,25.065338850021362,0.5184889375081723,obse,cracker_scene1,70,old
5597,25.069392442703247,0.5184889375081723,obse,cracker_scene1,70,old
5598,25.073448419570923,0.5184889375081723,obse,cracker_scene1,70,old
5599,25.07750940322876,0.5184889375081723,obse,cracker_scene1,70,old
5600,25.081599950790405,0.5184889375081723,obse,cracker_scene1,70,old
5601,25.08570623397827,0.5184889375081723,obse,cracker_scene1,70,old
5602,25.089783906936646,0.5184889375081723,obse,cracker_scene1,70,old
5603,25.093894243240356,0.5184889375081723,obse,cracker_scene1,70,old
5604,25.097988605499268,0.5184889375081723,obse,cracker_scene1,70,old
5605,25.102088689804077,0.5184889375081723,obse,cracker_scene1,70,old
5606,25.10620903968811,0.5184889375081723,obse,cracker_scene1,70,old
5607,25.11031150817871,0.5184889375081723,obse,cracker_scene1,70,old
5608,25.114372730255127,0.5184889375081723,obse,cracker_scene1,70,old
5609,25.1184344291687,0.5184889375081723,obse,cracker_scene1,70,old
5610,25.122533559799194,0.5184889375081723,obse,cracker_scene1,70,old
5611,25.12663459777832,0.5184889375081723,obse,cracker_scene1,70,old
5612,25.130703926086426,0.5184889375081723,obse,cracker_scene1,70,old
5613,25.134771823883057,0.5184889375081723,obse,cracker_scene1,70,old
5614,25.138851165771484,0.5184889375081723,obse,cracker_scene1,70,old
5615,25.142937660217285,0.5184889375081723,obse,cracker_scene1,70,old
5616,25.146992683410645,0.5184889375081723,obse,cracker_scene1,70,old
5617,25.15102744102478,0.5184889375081723,obse,cracker_scene1,70,old
5618,25.155063152313232,0.5184889375081723,obse,cracker_scene1,70,old
5619,25.15914011001587,0.5184889375081723,obse,cracker_scene1,70,old
5620,25.16326665878296,0.5184889375081723,obse,cracker_scene1,70,old
5621,25.167349815368652,0.5184889375081723,obse,cracker_scene1,70,old
5622,25.17144274711609,0.5184889375081723,obse,cracker_scene1,70,old
5623,25.175493001937866,0.5184889375081723,obse,cracker_scene1,70,old
5624,25.17959499359131,0.5184889375081723,obse,cracker_scene1,70,old
5625,25.183695316314697,0.5184889375081723,obse,cracker_scene1,70,old
5626,25.18775248527527,0.5184889375081723,obse,cracker_scene1,70,old
5627,25.191843509674072,0.5184889375081723,obse,cracker_scene1,70,old
5628,25.19590997695923,0.5184889375081723,obse,cracker_scene1,70,old
5629,25.200002908706665,0.5184889375081723,obse,cracker_scene1,70,old
5630,25.20407724380493,0.5184889375081723,obse,cracker_scene1,70,old
5631,25.20815944671631,0.5184889375081723,obse,cracker_scene1,70,old
5632,25.212244510650635,0.5184889375081723,obse,cracker_scene1,70,old
5633,25.21630573272705,0.5184889375081723,obse,cracker_scene1,70,old
5634,25.220372438430786,0.5184889375081723,obse,cracker_scene1,70,old
5635,25.224451065063477,0.5184889375081723,obse,cracker_scene1,70,old
5636,25.228506565093994,0.5184889375081723,obse,cracker_scene1,70,old
5637,25.232567310333252,0.5184889375081723,obse,cracker_scene1,70,old
5638,25.23662281036377,0.5184889375081723,obse,cracker_scene1,70,old
5639,25.24069046974182,0.5184889375081723,obse,cracker_scene1,70,old
5640,25.244747400283813,0.5184889375081723,obse,cracker_scene1,70,old
5641,25.248821258544922,0.5184889375081723,obse,cracker_scene1,70,old
5642,25.252906560897827,0.5184889375081723,obse,cracker_scene1,70,old
5643,25.25697946548462,0.5184889375081723,obse,cracker_scene1,70,old
5644,25.261073350906372,0.5184889375081723,obse,cracker_scene1,70,old
5645,25.2651526927948,0.5184889375081723,obse,cracker_scene1,70,old
5646,25.269240617752075,0.5184889375081723,obse,cracker_scene1,70,old
5647,25.273321628570557,0.5184889375081723,obse,cracker_scene1,70,old
5648,25.277384042739868,0.5184889375081723,obse,cracker_scene1,70,old
5649,25.28147029876709,0.5184889375081723,obse,cracker_scene1,70,old
5650,25.28550910949707,0.5184889375081723,obse,cracker_scene1,70,old
5651,25.289565563201904,0.5184889375081723,obse,cracker_scene1,70,old
5652,25.2936794757843,0.5184889375081723,obse,cracker_scene1,70,old
5653,25.297795295715332,0.5184889375081723,obse,cracker_scene1,70,old
5654,25.301891088485718,0.5184889375081723,obse,cracker_scene1,70,old
5655,25.305960178375244,0.5184889375081723,obse,cracker_scene1,70,old
5656,25.310049533843994,0.5184889375081723,obse,cracker_scene1,70,old
5657,25.314146280288696,0.5184889375081723,obse,cracker_scene1,70,old
5658,25.318213939666748,0.5184889375081723,obse,cracker_scene1,70,old
5659,25.322298526763916,0.5184889375081723,obse,cracker_scene1,70,old
5660,25.326377868652344,0.5184889375081723,obse,cracker_scene1,70,old
5661,25.3304545879364,0.5184889375081723,obse,cracker_scene1,70,old
5662,25.334513187408447,0.5184889375081723,obse,cracker_scene1,70,old
5663,25.338582277297974,0.5184889375081723,obse,cracker_scene1,70,old
5664,25.34263324737549,0.5184889375081723,obse,cracker_scene1,70,old
5665,25.346697330474854,0.5184889375081723,obse,cracker_scene1,70,old
5666,25.35075545310974,0.5184889375081723,obse,cracker_scene1,70,old
5667,25.35485076904297,0.5184889375081723,obse,cracker_scene1,70,old
5668,25.35901427268982,0.5184889375081723,obse,cracker_scene1,70,old
5669,25.363123893737793,0.5184889375081723,obse,cracker_scene1,70,old
5670,25.367222547531128,0.5184889375081723,obse,cracker_scene1,70,old
5671,25.37129306793213,0.5184889375081723,obse,cracker_scene1,70,old
5672,25.37534999847412,0.5184889375081723,obse,cracker_scene1,70,old
5673,25.37946629524231,0.5184889375081723,obse,cracker_scene1,70,old
5674,25.383544206619263,0.5184889375081723,obse,cracker_scene1,70,old
5675,25.387616634368896,0.5184889375081723,obse,cracker_scene1,70,old
5676,25.391696453094482,0.5184889375081723,obse,cracker_scene1,70,old
5677,25.39576506614685,0.5184889375081723,obse,cracker_scene1,70,old
5678,25.399837255477905,0.5184889375081723,obse,cracker_scene1,70,old
5679,25.40390682220459,0.5184889375081723,obse,cracker_scene1,70,old
5680,25.40801215171814,0.5184889375081723,obse,cracker_scene1,70,old
5681,25.41209316253662,0.5184889375081723,obse,cracker_scene1,70,old
5682,25.416167974472046,0.5184889375081723,obse,cracker_scene1,70,old
5683,25.42024040222168,0.5184889375081723,obse,cracker_scene1,70,old
5684,25.424346208572388,0.5184889375081723,obse,cracker_scene1,70,old
5685,25.42841863632202,0.5184889375081723,obse,cracker_scene1,70,old
5686,25.432477474212646,0.5184889375081723,obse,cracker_scene1,70,old
5687,25.43651247024536,0.5184889375081723,obse,cracker_scene1,70,old
5688,25.440603017807007,0.5184889375081723,obse,cracker_scene1,70,old
5689,25.444668292999268,0.5184889375081723,obse,cracker_scene1,70,old
5690,25.44871973991394,0.5184889375081723,obse,cracker_scene1,70,old
5691,25.452831268310547,0.5184889375081723,obse,cracker_scene1,70,old
5692,25.456881999969482,0.5184889375081723,obse,cracker_scene1,70,old
5693,25.460958003997803,0.5184889375081723,obse,cracker_scene1,70,old
5694,25.46505379676819,0.5184889375081723,obse,cracker_scene1,70,old
5695,25.4691379070282,0.5184889375081723,obse,cracker_scene1,70,old
5696,25.473247528076172,0.5184889375081723,obse,cracker_scene1,70,old
5697,25.47751259803772,0.5184889375081723,obse,cracker_scene1,70,old
5698,25.481642961502075,0.5184889375081723,obse,cracker_scene1,70,old
5699,25.485729217529297,0.5184889375081723,obse,cracker_scene1,70,old
5700,25.489813566207886,0.5184889375081723,obse,cracker_scene1,70,old
5701,25.493919134140015,0.5184889375081723,obse,cracker_scene1,70,old
5702,25.498003005981445,0.5184889375081723,obse,cracker_scene1,70,old
5703,25.502078533172607,0.5184889375081723,obse,cracker_scene1,70,old
5704,25.506189107894897,0.5184889375081723,obse,cracker_scene1,70,old
5705,25.51027226448059,0.5184889375081723,obse,cracker_scene1,70,old
5706,25.514341354370117,0.5184889375081723,obse,cracker_scene1,70,old
5707,25.518418312072754,0.5184889375081723,obse,cracker_scene1,70,old
5708,25.5224826335907,0.5184889375081723,obse,cracker_scene1,70,old
5709,25.52660059928894,0.5184889375081723,obse,cracker_scene1,70,old
5710,25.53067421913147,0.5184889375081723,obse,cracker_scene1,70,old
5711,25.534730195999146,0.5184889375081723,obse,cracker_scene1,70,old
5712,25.538801193237305,0.5184889375081723,obse,cracker_scene1,70,old
5713,25.5428626537323,0.5184889375081723,obse,cracker_scene1,70,old
5714,25.54691982269287,0.5184889375081723,obse,cracker_scene1,70,old
5715,25.55098271369934,0.5184889375081723,obse,cracker_scene1,70,old
5716,25.555057287216187,0.5184889375081723,obse,cracker_scene1,70,old
5717,25.55913019180298,0.5184889375081723,obse,cracker_scene1,70,old
