0,0.0001676082611083,0.0778967659411659,PBPF,soup_scene1,1,old
1,0.0022284984588623,0.0778967659411659,PBPF,soup_scene1,1,old
2,0.0064952373504638,0.0778967659411659,PBPF,soup_scene1,1,old
3,0.010829210281372,0.0777527289242806,PBPF,soup_scene1,1,old
4,0.0149066448211669,0.0777527289242806,PBPF,soup_scene1,1,old
5,0.0189545154571533,0.0777527289242806,PBPF,soup_scene1,1,old
6,0.0230016708374023,0.0777527289242806,PBPF,soup_scene1,1,old
7,0.0272150039672851,0.0777615551070734,PBPF,soup_scene1,1,old
8,0.0314671993255615,0.0777615551070734,PBPF,soup_scene1,1,old
9,0.035663366317749,0.0777867060240156,PBPF,soup_scene1,1,old
10,0.0398304462432861,0.0778175412674932,PBPF,soup_scene1,1,old
11,0.0439293384552001,0.0778175412674932,PBPF,soup_scene1,1,old
12,0.0479979515075683,0.0778175412674932,PBPF,soup_scene1,1,old
13,0.0525133609771728,0.0779274141409655,PBPF,soup_scene1,1,old
14,0.056739330291748,0.0779274141409655,PBPF,soup_scene1,1,old
15,0.0612533092498779,0.0779274141409655,PBPF,soup_scene1,1,old
16,0.065295934677124,0.0778720288026119,PBPF,soup_scene1,1,old
17,0.0695481300354003,0.07790739894596,PBPF,soup_scene1,1,old
18,0.0736992359161377,0.07790739894596,PBPF,soup_scene1,1,old
19,0.0778543949127197,0.07790739894596,PBPF,soup_scene1,1,old
20,0.082104206085205,0.077898848619089,PBPF,soup_scene1,1,old
21,0.0862355232238769,0.077898848619089,PBPF,soup_scene1,1,old
22,0.0907564163208007,0.0779526527107786,PBPF,soup_scene1,1,old
23,0.0950896739959716,0.0779526527107786,PBPF,soup_scene1,1,old
24,0.0994384288787841,0.077983804069388,PBPF,soup_scene1,1,old
25,0.1035737991333007,0.0779535414072118,PBPF,soup_scene1,1,old
26,0.1076486110687255,0.0780216037087274,PBPF,soup_scene1,1,old
27,0.1118862628936767,0.0780111515091271,PBPF,soup_scene1,1,old
28,0.1159830093383789,0.0779519223076318,PBPF,soup_scene1,1,old
29,0.1201558113098144,0.0779519223076318,PBPF,soup_scene1,1,old
30,0.1243577003479003,0.0780156283589963,PBPF,soup_scene1,1,old
31,0.1284663677215576,0.0780156283589963,PBPF,soup_scene1,1,old
32,0.132624864578247,0.0780340297946416,PBPF,soup_scene1,1,old
33,0.1372194290161132,0.0779561993883799,PBPF,soup_scene1,1,old
34,0.1412689685821533,0.0779646419372239,PBPF,soup_scene1,1,old
35,0.1453726291656494,0.0779806026037928,PBPF,soup_scene1,1,old
36,0.1494615077972412,0.0779806026037928,PBPF,soup_scene1,1,old
37,0.1536540985107422,0.0779832226093526,PBPF,soup_scene1,1,old
38,0.1578226089477539,0.0779723054259372,PBPF,soup_scene1,1,old
39,0.1624608039855957,0.0780648027032568,PBPF,soup_scene1,1,old
40,0.1666455268859863,0.0780648027032568,PBPF,soup_scene1,1,old
41,0.1710879802703857,0.0780098488378562,PBPF,soup_scene1,1,old
42,0.175278902053833,0.0780089162316713,PBPF,soup_scene1,1,old
43,0.1795516014099121,0.0780076354557172,PBPF,soup_scene1,1,old
44,0.1836488246917724,0.0780076354557172,PBPF,soup_scene1,1,old
45,0.1877458095550537,0.0780076354557172,PBPF,soup_scene1,1,old
46,0.1918790340423584,0.0780076354557172,PBPF,soup_scene1,1,old
47,0.1964104175567627,0.0780931733560535,PBPF,soup_scene1,1,old
48,0.2004520893096923,0.0780931733560535,PBPF,soup_scene1,1,old
49,0.2047491073608398,0.0780358349053015,PBPF,soup_scene1,1,old
50,0.2091512680053711,0.0780465513889604,PBPF,soup_scene1,1,old
51,0.2131879329681396,0.0780465513889604,PBPF,soup_scene1,1,old
52,0.2172670364379882,0.0780465513889604,PBPF,soup_scene1,1,old
53,0.2213327884674072,0.0780465513889604,PBPF,soup_scene1,1,old
54,0.2255058288574218,0.0780465513889604,PBPF,soup_scene1,1,old
55,0.2296984195709228,0.078126067805879,PBPF,soup_scene1,1,old
56,0.2340087890625,0.0780716309314458,PBPF,soup_scene1,1,old
57,0.2387361526489257,0.0781482504379097,PBPF,soup_scene1,1,old
58,0.2428541183471679,0.0781468695359726,PBPF,soup_scene1,1,old
59,0.2469167709350586,0.078147373860811,PBPF,soup_scene1,1,old
60,0.2510073184967041,0.078147373860811,PBPF,soup_scene1,1,old
61,0.2553236484527588,0.0781374758915239,PBPF,soup_scene1,1,old
62,0.2595381736755371,0.07816022095541,PBPF,soup_scene1,1,old
63,0.2636833190917969,0.0781688798686809,PBPF,soup_scene1,1,old
64,0.2681324481964111,0.0781212588250308,PBPF,soup_scene1,1,old
65,0.2724449634552002,0.0781038525193819,PBPF,soup_scene1,1,old
66,0.2769362926483154,0.0781395685383837,PBPF,soup_scene1,1,old
67,0.2813584804534912,0.0781395685383837,PBPF,soup_scene1,1,old
68,0.2856574058532715,0.0779060727821723,PBPF,soup_scene1,1,old
69,0.2897295951843261,0.0779060727821723,PBPF,soup_scene1,1,old
70,0.2939648628234863,0.0779060727821723,PBPF,soup_scene1,1,old
71,0.298532485961914,0.0779724550336231,PBPF,soup_scene1,1,old
72,0.3029184341430664,0.0779724550336231,PBPF,soup_scene1,1,old
73,0.3211262226104736,0.0778010246085222,PBPF,soup_scene1,1,old
74,0.3260529041290283,0.0728274862900642,PBPF,soup_scene1,1,old
75,0.3304855823516845,0.0728274862900642,PBPF,soup_scene1,1,old
76,0.3347320556640625,0.0728274862900642,PBPF,soup_scene1,1,old
77,0.3390474319458008,0.0728274862900642,PBPF,soup_scene1,1,old
78,0.3434896469116211,0.0728393176271443,PBPF,soup_scene1,1,old
79,0.3478741645812988,0.0728393176271443,PBPF,soup_scene1,1,old
80,0.3521747589111328,0.0728393176271443,PBPF,soup_scene1,1,old
81,0.3563723564147949,0.0728393176271443,PBPF,soup_scene1,1,old
82,0.3611035346984863,0.0728297467469172,PBPF,soup_scene1,1,old
83,0.3654160499572754,0.0728396639880933,PBPF,soup_scene1,1,old
84,0.3695149421691894,0.0728396639880933,PBPF,soup_scene1,1,old
85,0.3736777305603027,0.0728396639880933,PBPF,soup_scene1,1,old
86,0.3777918815612793,0.072880850790449,PBPF,soup_scene1,1,old
87,0.3821885585784912,0.0728738243599044,PBPF,soup_scene1,1,old
88,0.3865339756011963,0.0728738243599044,PBPF,soup_scene1,1,old
89,0.3909411430358886,0.0728738243599044,PBPF,soup_scene1,1,old
90,0.3955409526824951,0.0728884134824967,PBPF,soup_scene1,1,old
91,0.4001829624176025,0.0728884134824967,PBPF,soup_scene1,1,old
92,0.4044063091278076,0.0728273770997263,PBPF,soup_scene1,1,old
93,0.4085750579833984,0.0728273770997263,PBPF,soup_scene1,1,old
94,0.4127519130706787,0.0728963178225531,PBPF,soup_scene1,1,old
95,0.4172608852386474,0.0728963178225531,PBPF,soup_scene1,1,old
96,0.421532392501831,0.0728963178225531,PBPF,soup_scene1,1,old
97,0.4259262084960937,0.0728963178225531,PBPF,soup_scene1,1,old
98,0.4301350116729736,0.0728963178225531,PBPF,soup_scene1,1,old
99,0.434457778930664,0.0728963178225531,PBPF,soup_scene1,1,old
100,0.4388763904571533,0.0728963178225531,PBPF,soup_scene1,1,old
101,0.4430661201477051,0.0728963178225531,PBPF,soup_scene1,1,old
102,0.4474935531616211,0.0728963178225531,PBPF,soup_scene1,1,old
103,0.4518983364105224,0.0728917802889829,PBPF,soup_scene1,1,old
104,0.4563379287719726,0.0728917802889829,PBPF,soup_scene1,1,old
105,0.4607610702514648,0.0728166212173593,PBPF,soup_scene1,1,old
106,0.4650204181671142,0.0728166212173593,PBPF,soup_scene1,1,old
107,0.4697792530059814,0.0728144180796537,PBPF,soup_scene1,1,old
108,0.4742262363433838,0.0728879659892797,PBPF,soup_scene1,1,old
109,0.4784266948699951,0.0728879659892797,PBPF,soup_scene1,1,old
110,0.4826681613922119,0.0728879659892797,PBPF,soup_scene1,1,old
111,0.4872572422027588,0.0687105724111189,PBPF,soup_scene1,1,old
112,0.491487979888916,0.0687105724111189,PBPF,soup_scene1,1,old
113,0.4958198070526123,0.0687165699836753,PBPF,soup_scene1,1,old
114,0.500105619430542,0.0687165699836753,PBPF,soup_scene1,1,old
115,0.5043730735778809,0.0686695015599953,PBPF,soup_scene1,1,old
116,0.5090210437774658,0.0687866596609583,PBPF,soup_scene1,1,old
117,0.5135986804962158,0.0686990960326846,PBPF,soup_scene1,1,old
118,0.5180213451385498,0.0687705790023568,PBPF,soup_scene1,1,old
119,0.5223143100738525,0.0687867646623615,PBPF,soup_scene1,1,old
120,0.5264492034912109,0.0687867646623615,PBPF,soup_scene1,1,old
121,0.5306580066680908,0.068828283963146,PBPF,soup_scene1,1,old
122,0.5355417728424072,0.0688585229976015,PBPF,soup_scene1,1,old
123,0.5395796298980713,0.0688585229976015,PBPF,soup_scene1,1,old
124,0.5437943935394287,0.0689054683365422,PBPF,soup_scene1,1,old
125,0.5479052066802979,0.0689054683365422,PBPF,soup_scene1,1,old
126,0.5524475574493408,0.0689427972433404,PBPF,soup_scene1,1,old
127,0.5565774440765381,0.0689427972433404,PBPF,soup_scene1,1,old
128,0.5609416961669922,0.0689479067083176,PBPF,soup_scene1,1,old
129,0.5650324821472168,0.0689479067083176,PBPF,soup_scene1,1,old
130,0.5696268081665039,0.0690048184366175,PBPF,soup_scene1,1,old
131,0.5737431049346924,0.0690048184366175,PBPF,soup_scene1,1,old
132,0.5782382488250732,0.0690602293237942,PBPF,soup_scene1,1,old
133,0.5824286937713623,0.0690602293237942,PBPF,soup_scene1,1,old
134,0.5867452621459961,0.0690602293237942,PBPF,soup_scene1,1,old
135,0.5911133289337158,0.0690816945572765,PBPF,soup_scene1,1,old
136,0.5953912734985352,0.0690816945572765,PBPF,soup_scene1,1,old
137,0.5997591018676758,0.0690998124487938,PBPF,soup_scene1,1,old
138,0.6041073799133301,0.0691816052052785,PBPF,soup_scene1,1,old
139,0.6082532405853271,0.0691816052052785,PBPF,soup_scene1,1,old
140,0.6123237609863281,0.0691816052052785,PBPF,soup_scene1,1,old
141,0.6164360046386719,0.0691816052052785,PBPF,soup_scene1,1,old
142,0.6208865642547607,0.0692274938041212,PBPF,soup_scene1,1,old
143,0.6251492500305176,0.0692144253453098,PBPF,soup_scene1,1,old
144,0.6293597221374512,0.0692882589695704,PBPF,soup_scene1,1,old
145,0.633819580078125,0.0692588821470376,PBPF,soup_scene1,1,old
146,0.6383240222930908,0.0691801062419012,PBPF,soup_scene1,1,old
147,0.6426103115081787,0.0691418988321776,PBPF,soup_scene1,1,old
148,0.6468257904052734,0.0691418988321776,PBPF,soup_scene1,1,old
149,0.6511483192443848,0.0691418988321776,PBPF,soup_scene1,1,old
150,0.6559433937072754,0.0794917047659418,PBPF,soup_scene1,1,old
151,0.6600034236907959,0.0794917047659418,PBPF,soup_scene1,1,old
152,0.6642875671386719,0.0794197339842107,PBPF,soup_scene1,1,old
153,0.6684861183166504,0.0794197339842107,PBPF,soup_scene1,1,old
154,0.6728873252868652,0.0793840404319789,PBPF,soup_scene1,1,old
155,0.6773025989532471,0.0792385752819827,PBPF,soup_scene1,1,old
156,0.6815516948699951,0.0792385752819827,PBPF,soup_scene1,1,old
157,0.6859195232391357,0.07913249932914,PBPF,soup_scene1,1,old
158,0.6902315616607666,0.07913249932914,PBPF,soup_scene1,1,old
159,0.6946127414703369,0.0790062363199544,PBPF,soup_scene1,1,old
160,0.6991779804229736,0.0789636325916094,PBPF,soup_scene1,1,old
161,0.7034738063812256,0.0788428305559731,PBPF,soup_scene1,1,old
162,0.7077271938323975,0.0788428305559731,PBPF,soup_scene1,1,old
163,0.7120258808135986,0.0789673765000713,PBPF,soup_scene1,1,old
164,0.7162728309631348,0.078866300498917,PBPF,soup_scene1,1,old
165,0.7205221652984619,0.078866300498917,PBPF,soup_scene1,1,old
166,0.724653959274292,0.078866300498917,PBPF,soup_scene1,1,old
167,0.728924036026001,0.0787238334643836,PBPF,soup_scene1,1,old
168,0.7330453395843506,0.0787238334643836,PBPF,soup_scene1,1,old
169,0.737372636795044,0.0786260884256493,PBPF,soup_scene1,1,old
170,0.7416009902954102,0.0786260884256493,PBPF,soup_scene1,1,old
171,0.7456746101379395,0.0786260884256493,PBPF,soup_scene1,1,old
172,0.7504181861877441,0.0784989400525238,PBPF,soup_scene1,1,old
173,0.754845142364502,0.0785538756474305,PBPF,soup_scene1,1,old
174,0.7591331005096436,0.0785538756474305,PBPF,soup_scene1,1,old
175,0.7633063793182373,0.0785538756474305,PBPF,soup_scene1,1,old
176,0.7676093578338623,0.0785221194194924,PBPF,soup_scene1,1,old
177,0.7717757225036621,0.0785221194194924,PBPF,soup_scene1,1,old
178,0.7759795188903809,0.0785979030546322,PBPF,soup_scene1,1,old
179,0.7803189754486084,0.0785070449534277,PBPF,soup_scene1,1,old
180,0.7845957279205322,0.0785070449534277,PBPF,soup_scene1,1,old
181,0.788872480392456,0.0784037848319687,PBPF,soup_scene1,1,old
182,0.7930145263671875,0.0784037848319687,PBPF,soup_scene1,1,old
183,0.7971079349517822,0.0784037848319687,PBPF,soup_scene1,1,old
184,0.8021044731140137,0.0781257476528885,PBPF,soup_scene1,1,old
185,0.8063054084777832,0.0781257476528885,PBPF,soup_scene1,1,old
186,0.8110747337341309,0.0720388541925556,PBPF,soup_scene1,1,old
187,0.8153107166290283,0.0720388541925556,PBPF,soup_scene1,1,old
188,0.8194737434387207,0.0720388541925556,PBPF,soup_scene1,1,old
189,0.8238000869750977,0.0718979159380624,PBPF,soup_scene1,1,old
190,0.8281168937683105,0.0717905993531904,PBPF,soup_scene1,1,old
191,0.8323657512664795,0.0717905993531904,PBPF,soup_scene1,1,old
192,0.8366625308990479,0.0716907588342574,PBPF,soup_scene1,1,old
193,0.8410694599151611,0.0715998445074715,PBPF,soup_scene1,1,old
194,0.8450438976287842,0.0715998445074715,PBPF,soup_scene1,1,old
195,0.8491652011871338,0.0715998445074715,PBPF,soup_scene1,1,old
196,0.8533809185028076,0.071540748725731,PBPF,soup_scene1,1,old
197,0.857598066329956,0.071540748725731,PBPF,soup_scene1,1,old
198,0.861926794052124,0.071540748725731,PBPF,soup_scene1,1,old
199,0.8662495613098145,0.0715502190921778,PBPF,soup_scene1,1,old
200,0.8705317974090576,0.0715502190921778,PBPF,soup_scene1,1,old
201,0.8747570514678955,0.0712676988548238,PBPF,soup_scene1,1,old
202,0.8788447380065918,0.0712676988548238,PBPF,soup_scene1,1,old
203,0.883209228515625,0.0711897300003748,PBPF,soup_scene1,1,old
204,0.8874199390411377,0.0711569474253073,PBPF,soup_scene1,1,old
205,0.8917944431304932,0.0711569474253073,PBPF,soup_scene1,1,old
206,0.8961124420166016,0.0709970678087511,PBPF,soup_scene1,1,old
207,0.9004642963409424,0.0709970678087511,PBPF,soup_scene1,1,old
208,0.9049286842346193,0.0709970678087511,PBPF,soup_scene1,1,old
209,0.9091017246246338,0.0709820750242407,PBPF,soup_scene1,1,old
210,0.9132299423217772,0.0709820750242407,PBPF,soup_scene1,1,old
211,0.9175841808319092,0.0709026666117915,PBPF,soup_scene1,1,old
212,0.9221961498260498,0.0704986518855478,PBPF,soup_scene1,1,old
213,0.9267046451568604,0.0704510754315846,PBPF,soup_scene1,1,old
214,0.9307212829589844,0.0704510754315846,PBPF,soup_scene1,1,old
215,0.935455560684204,0.0703799932601344,PBPF,soup_scene1,1,old
216,0.939530611038208,0.0703799932601344,PBPF,soup_scene1,1,old
217,0.9438543319702148,0.0702950964519358,PBPF,soup_scene1,1,old
218,0.9478838443756104,0.0702950964519358,PBPF,soup_scene1,1,old
219,0.9524974822998048,0.070177507783451,PBPF,soup_scene1,1,old
220,0.9565162658691406,0.070177507783451,PBPF,soup_scene1,1,old
221,0.9606356620788574,0.070177507783451,PBPF,soup_scene1,1,old
222,0.9652881622314452,0.0701139871285838,PBPF,soup_scene1,1,old
223,0.9700052738189696,0.0685015255172514,PBPF,soup_scene1,1,old
224,0.9743657112121582,0.0683954401438362,PBPF,soup_scene1,1,old
225,0.9786081314086914,0.0683954401438362,PBPF,soup_scene1,1,old
226,0.9834821224212646,0.0676488817205563,PBPF,soup_scene1,1,old
227,0.9878733158111572,0.0677294162383458,PBPF,soup_scene1,1,old
228,0.9922058582305908,0.0676983562304335,PBPF,soup_scene1,1,old
229,0.9964046478271484,0.0676983562304335,PBPF,soup_scene1,1,old
230,1.0006251335144043,0.0676983562304335,PBPF,soup_scene1,1,old
231,1.0047738552093506,0.0676879767269197,PBPF,soup_scene1,1,old
232,1.0089828968048096,0.0676879767269197,PBPF,soup_scene1,1,old
233,1.013052225112915,0.0679270303781067,PBPF,soup_scene1,1,old
234,1.017254114151001,0.0679270303781067,PBPF,soup_scene1,1,old
235,1.0215258598327637,0.0679270303781067,PBPF,soup_scene1,1,old
236,1.025862455368042,0.0677158824610965,PBPF,soup_scene1,1,old
237,1.0298898220062256,0.0677158824610965,PBPF,soup_scene1,1,old
238,1.034149169921875,0.067721979747822,PBPF,soup_scene1,1,old
239,1.0382287502288818,0.067721979747822,PBPF,soup_scene1,1,old
240,1.0423533916473389,0.067717195617389,PBPF,soup_scene1,1,old
241,1.046673059463501,0.0676474988095167,PBPF,soup_scene1,1,old
242,1.050790309906006,0.0676474988095167,PBPF,soup_scene1,1,old
243,1.0549077987670898,0.0676312187716354,PBPF,soup_scene1,1,old
244,1.059157133102417,0.0675723503940576,PBPF,soup_scene1,1,old
245,1.0635972023010254,0.0674439529604653,PBPF,soup_scene1,1,old
246,1.0678682327270508,0.0674493246561419,PBPF,soup_scene1,1,old
247,1.0720345973968506,0.0673681876104865,PBPF,soup_scene1,1,old
248,1.076335906982422,0.0672895054790483,PBPF,soup_scene1,1,old
249,1.0803287029266355,0.0672895054790483,PBPF,soup_scene1,1,old
250,1.0845470428466797,0.067300823932008,PBPF,soup_scene1,1,old
251,1.0885660648345947,0.067300823932008,PBPF,soup_scene1,1,old
252,1.0928082466125488,0.067300823932008,PBPF,soup_scene1,1,old
253,1.0967860221862793,0.0672878850068619,PBPF,soup_scene1,1,old
254,1.1012730598449707,0.067152464132819,PBPF,soup_scene1,1,old
255,1.105409860610962,0.067152464132819,PBPF,soup_scene1,1,old
256,1.1095588207244873,0.0668704564765932,PBPF,soup_scene1,1,old
257,1.1137104034423828,0.0669923870927163,PBPF,soup_scene1,1,old
258,1.1179049015045166,0.0669823811465735,PBPF,soup_scene1,1,old
259,1.1220073699951172,0.0669261791255456,PBPF,soup_scene1,1,old
260,1.1260993480682373,0.0669261791255456,PBPF,soup_scene1,1,old
261,1.130159616470337,0.0668924131171705,PBPF,soup_scene1,1,old
262,1.134467601776123,0.0668924131171705,PBPF,soup_scene1,1,old
263,1.1389291286468506,0.0561104473431111,PBPF,soup_scene1,1,old
264,1.14306378364563,0.0560369758233899,PBPF,soup_scene1,1,old
265,1.1470835208892822,0.0560369758233899,PBPF,soup_scene1,1,old
266,1.1513149738311768,0.0560288363278162,PBPF,soup_scene1,1,old
267,1.1553497314453125,0.0559788536376805,PBPF,soup_scene1,1,old
268,1.1594135761260986,0.0560006270250817,PBPF,soup_scene1,1,old
269,1.1633195877075195,0.0560006270250817,PBPF,soup_scene1,1,old
270,1.167478322982788,0.0560066072278276,PBPF,soup_scene1,1,old
271,1.1715893745422363,0.0559402360999729,PBPF,soup_scene1,1,old
272,1.175574541091919,0.0558377324981735,PBPF,soup_scene1,1,old
273,1.1796157360076904,0.0557587460909415,PBPF,soup_scene1,1,old
274,1.1837234497070312,0.0557587460909415,PBPF,soup_scene1,1,old
275,1.187896490097046,0.0556370771838423,PBPF,soup_scene1,1,old
276,1.1918599605560305,0.0556370771838423,PBPF,soup_scene1,1,old
277,1.1958837509155271,0.0556370771838423,PBPF,soup_scene1,1,old
278,1.1998658180236816,0.0556370771838423,PBPF,soup_scene1,1,old
279,1.2039504051208496,0.0556370771838423,PBPF,soup_scene1,1,old
280,1.2079412937164309,0.0556370771838423,PBPF,soup_scene1,1,old
281,1.2119863033294678,0.0556370771838423,PBPF,soup_scene1,1,old
282,1.2166666984558103,0.0556196619455869,PBPF,soup_scene1,1,old
283,1.2211008071899414,0.0555566065936898,PBPF,soup_scene1,1,old
284,1.2251389026641846,0.0555696145674414,PBPF,soup_scene1,1,old
285,1.2294604778289795,0.055345185411227,PBPF,soup_scene1,1,old
286,1.233375072479248,0.055345185411227,PBPF,soup_scene1,1,old
287,1.2375071048736572,0.0552795387446673,PBPF,soup_scene1,1,old
288,1.241492509841919,0.0552795387446673,PBPF,soup_scene1,1,old
289,1.2455012798309326,0.0552876368497942,PBPF,soup_scene1,1,old
290,1.250019073486328,0.0551227756094491,PBPF,soup_scene1,1,old
291,1.2542791366577148,0.0550086457847301,PBPF,soup_scene1,1,old
292,1.258232831954956,0.0550086457847301,PBPF,soup_scene1,1,old
293,1.2623863220214844,0.0550086457847301,PBPF,soup_scene1,1,old
294,1.2665107250213623,0.0550086457847301,PBPF,soup_scene1,1,old
295,1.2706420421600342,0.0550086457847301,PBPF,soup_scene1,1,old
296,1.275094747543335,0.0548809225100977,PBPF,soup_scene1,1,old
297,1.2792387008666992,0.0548972295086487,PBPF,soup_scene1,1,old
298,1.2831754684448242,0.0548972295086487,PBPF,soup_scene1,1,old
299,1.2874648571014404,0.0548972295086487,PBPF,soup_scene1,1,old
300,1.2918734550476074,0.0644869841876813,PBPF,soup_scene1,1,old
301,1.2959997653961182,0.0643840626042322,PBPF,soup_scene1,1,old
302,1.300196886062622,0.0643698891938167,PBPF,soup_scene1,1,old
303,1.304516315460205,0.0642125467143422,PBPF,soup_scene1,1,old
304,1.3086388111114502,0.0642125467143422,PBPF,soup_scene1,1,old
305,1.3128941059112549,0.0641091647211278,PBPF,soup_scene1,1,old
306,1.3168463706970217,0.0641091647211278,PBPF,soup_scene1,1,old
307,1.3211336135864258,0.0639645465845033,PBPF,soup_scene1,1,old
308,1.3254687786102295,0.0638286038346109,PBPF,soup_scene1,1,old
309,1.3292949199676514,0.0638286038346109,PBPF,soup_scene1,1,old
310,1.3333215713500977,0.0638261660916508,PBPF,soup_scene1,1,old
311,1.3374664783477783,0.0638261660916508,PBPF,soup_scene1,1,old
312,1.3415281772613523,0.0638261660916508,PBPF,soup_scene1,1,old
313,1.3461575508117676,0.0635719779742924,PBPF,soup_scene1,1,old
314,1.3503870964050293,0.0635719779742924,PBPF,soup_scene1,1,old
315,1.354445457458496,0.0635719779742924,PBPF,soup_scene1,1,old
316,1.3584678173065186,0.0635719779742924,PBPF,soup_scene1,1,old
317,1.362470626831055,0.0635719779742924,PBPF,soup_scene1,1,old
318,1.3668458461761477,0.0635011705195452,PBPF,soup_scene1,1,old
319,1.3709266185760498,0.0635011705195452,PBPF,soup_scene1,1,old
320,1.3755607604980469,0.0633150851086897,PBPF,soup_scene1,1,old
321,1.3796167373657229,0.0633150851086897,PBPF,soup_scene1,1,old
322,1.383900165557861,0.063180125080964,PBPF,soup_scene1,1,old
323,1.388021469116211,0.063180125080964,PBPF,soup_scene1,1,old
324,1.3921985626220703,0.063180125080964,PBPF,soup_scene1,1,old
325,1.3962624073028564,0.0630615007183353,PBPF,soup_scene1,1,old
326,1.4003329277038574,0.0630615007183353,PBPF,soup_scene1,1,old
327,1.404681921005249,0.0630615007183353,PBPF,soup_scene1,1,old
328,1.4086973667144775,0.0629098091205446,PBPF,soup_scene1,1,old
329,1.4126956462860107,0.0629098091205446,PBPF,soup_scene1,1,old
330,1.416926383972168,0.0627812468388796,PBPF,soup_scene1,1,old
331,1.421046495437622,0.0626238668193825,PBPF,soup_scene1,1,old
332,1.4250609874725342,0.0626238668193825,PBPF,soup_scene1,1,old
333,1.4292550086975098,0.0625869080427201,PBPF,soup_scene1,1,old
334,1.433244705200195,0.0625869080427201,PBPF,soup_scene1,1,old
335,1.4377505779266355,0.067455662028968,PBPF,soup_scene1,1,old
336,1.4421308040618896,0.0674133472109357,PBPF,soup_scene1,1,old
337,1.4463777542114258,0.0672982752595113,PBPF,soup_scene1,1,old
338,1.4505996704101562,0.0672982752595113,PBPF,soup_scene1,1,old
339,1.454911708831787,0.0671162166270635,PBPF,soup_scene1,1,old
340,1.458956003189087,0.0670519758589184,PBPF,soup_scene1,1,old
341,1.462984323501587,0.0670519758589184,PBPF,soup_scene1,1,old
342,1.4670393466949463,0.0670519758589184,PBPF,soup_scene1,1,old
343,1.4713647365570068,0.0669032561550921,PBPF,soup_scene1,1,old
344,1.4758703708648682,0.0667915669769076,PBPF,soup_scene1,1,old
345,1.4802169799804688,0.0666788557807283,PBPF,soup_scene1,1,old
346,1.484386682510376,0.0666788557807283,PBPF,soup_scene1,1,old
347,1.4885497093200684,0.0665117159822839,PBPF,soup_scene1,1,old
348,1.4927842617034912,0.0663803419871933,PBPF,soup_scene1,1,old
349,1.4967973232269287,0.0663803419871933,PBPF,soup_scene1,1,old
350,1.5009098052978516,0.0663803419871933,PBPF,soup_scene1,1,old
351,1.5048694610595703,0.0663803419871933,PBPF,soup_scene1,1,old
352,1.5088386535644531,0.0663803419871933,PBPF,soup_scene1,1,old
353,1.5128483772277832,0.0663803419871933,PBPF,soup_scene1,1,old
354,1.5169827938079834,0.0663803419871933,PBPF,soup_scene1,1,old
355,1.521329641342163,0.0662864486999221,PBPF,soup_scene1,1,old
356,1.525618076324463,0.066049116728262,PBPF,soup_scene1,1,old
357,1.5296406745910645,0.066049116728262,PBPF,soup_scene1,1,old
358,1.5336503982543943,0.066049116728262,PBPF,soup_scene1,1,old
359,1.5376179218292236,0.066049116728262,PBPF,soup_scene1,1,old
360,1.5416078567504885,0.066049116728262,PBPF,soup_scene1,1,old
361,1.5459952354431152,0.0658764307106599,PBPF,soup_scene1,1,old
362,1.5504374504089355,0.065799433764026,PBPF,soup_scene1,1,old
363,1.5545170307159424,0.0658630855124392,PBPF,soup_scene1,1,old
364,1.5588443279266355,0.0658630855124392,PBPF,soup_scene1,1,old
365,1.5630085468292236,0.0658630855124392,PBPF,soup_scene1,1,old
366,1.567115306854248,0.0658630855124392,PBPF,soup_scene1,1,old
367,1.5714058876037598,0.065705487476956,PBPF,soup_scene1,1,old
368,1.575737237930298,0.0654264729788394,PBPF,soup_scene1,1,old
369,1.579723596572876,0.0654264729788394,PBPF,soup_scene1,1,old
370,1.5837604999542236,0.0654264729788394,PBPF,soup_scene1,1,old
371,1.5878047943115234,0.0654264729788394,PBPF,soup_scene1,1,old
372,1.5921874046325684,0.0653004742038401,PBPF,soup_scene1,1,old
373,1.5962579250335691,0.0653004742038401,PBPF,soup_scene1,1,old
374,1.600348949432373,0.0653004742038401,PBPF,soup_scene1,1,old
375,1.6046357154846191,0.0652533699202785,PBPF,soup_scene1,1,old
376,1.608811378479004,0.0652533699202785,PBPF,soup_scene1,1,old
377,1.6128215789794922,0.0652533699202785,PBPF,soup_scene1,1,old
378,1.6171910762786863,0.0652395798229368,PBPF,soup_scene1,1,old
379,1.6212408542633057,0.0652395798229368,PBPF,soup_scene1,1,old
380,1.6252460479736328,0.0652395798229368,PBPF,soup_scene1,1,old
381,1.6294071674346924,0.0652395798229368,PBPF,soup_scene1,1,old
382,1.633440017700195,0.0652395798229368,PBPF,soup_scene1,1,old
383,1.6374669075012207,0.0652395798229368,PBPF,soup_scene1,1,old
384,1.6421022415161133,0.0651603262220263,PBPF,soup_scene1,1,old
385,1.6463000774383545,0.0651554167296044,PBPF,soup_scene1,1,old
386,1.6505682468414309,0.0651554167296044,PBPF,soup_scene1,1,old
387,1.6547093391418457,0.0651554167296044,PBPF,soup_scene1,1,old
388,1.6588337421417236,0.0651351925717116,PBPF,soup_scene1,1,old
389,1.662949562072754,0.0651351925717116,PBPF,soup_scene1,1,old
390,1.667029619216919,0.0651351925717116,PBPF,soup_scene1,1,old
391,1.6710915565490725,0.0651351925717116,PBPF,soup_scene1,1,old
392,1.67511248588562,0.0651351925717116,PBPF,soup_scene1,1,old
393,1.679129123687744,0.0651351925717116,PBPF,soup_scene1,1,old
394,1.6831567287445068,0.0651351925717116,PBPF,soup_scene1,1,old
395,1.6880624294281006,0.0644154471862574,PBPF,soup_scene1,1,old
396,1.692166805267334,0.0644154471862574,PBPF,soup_scene1,1,old
397,1.696180820465088,0.0644154471862574,PBPF,soup_scene1,1,old
398,1.7005283832550049,0.0643035366948812,PBPF,soup_scene1,1,old
399,1.7046868801116943,0.0642979725683848,PBPF,soup_scene1,1,old
400,1.708892583847046,0.0643011373464108,PBPF,soup_scene1,1,old
401,1.7133138179779053,0.0642149847014862,PBPF,soup_scene1,1,old
402,1.7173635959625244,0.0640394712127035,PBPF,soup_scene1,1,old
403,1.7215499877929688,0.063943752722649,PBPF,soup_scene1,1,old
404,1.7258319854736328,0.0638735454417699,PBPF,soup_scene1,1,old
405,1.7298409938812256,0.0638735454417699,PBPF,soup_scene1,1,old
406,1.7339086532592771,0.0638735454417699,PBPF,soup_scene1,1,old
407,1.7381353378295898,0.0638735454417699,PBPF,soup_scene1,1,old
408,1.742180347442627,0.0638735454417699,PBPF,soup_scene1,1,old
409,1.7462899684906006,0.0639260938239829,PBPF,soup_scene1,1,old
410,1.7506959438323977,0.0638013298457642,PBPF,soup_scene1,1,old
411,1.754725217819214,0.0638013298457642,PBPF,soup_scene1,1,old
412,1.7589123249053955,0.0637325628721547,PBPF,soup_scene1,1,old
413,1.763526439666748,0.064340181971357,PBPF,soup_scene1,1,old
414,1.7678101062774658,0.0642983599215972,PBPF,soup_scene1,1,old
415,1.7720952033996582,0.0643449910936507,PBPF,soup_scene1,1,old
416,1.7762975692749023,0.0642063926734672,PBPF,soup_scene1,1,old
417,1.780503273010254,0.0641789599189244,PBPF,soup_scene1,1,old
418,1.7845525741577148,0.0641030207292742,PBPF,soup_scene1,1,old
419,1.7885169982910156,0.0641030207292742,PBPF,soup_scene1,1,old
420,1.792583703994751,0.0641024369212649,PBPF,soup_scene1,1,old
421,1.796785593032837,0.0641015826824822,PBPF,soup_scene1,1,old
422,1.8008182048797607,0.0641015826824822,PBPF,soup_scene1,1,old
423,1.8049015998840328,0.0640509303451545,PBPF,soup_scene1,1,old
424,1.8093528747558596,0.0640829576344717,PBPF,soup_scene1,1,old
425,1.8134863376617432,0.0640829576344717,PBPF,soup_scene1,1,old
426,1.8177053928375244,0.0640435703919076,PBPF,soup_scene1,1,old
427,1.822055101394653,0.0639106656912575,PBPF,soup_scene1,1,old
428,1.826054334640503,0.0639106656912575,PBPF,soup_scene1,1,old
429,1.8301844596862795,0.0639106656912575,PBPF,soup_scene1,1,old
430,1.8342013359069824,0.0639106656912575,PBPF,soup_scene1,1,old
431,1.8382341861724851,0.0639106656912575,PBPF,soup_scene1,1,old
432,1.8422772884368896,0.0639106656912575,PBPF,soup_scene1,1,old
433,1.846308946609497,0.0639106656912575,PBPF,soup_scene1,1,old
434,1.8504588603973389,0.0638058241150887,PBPF,soup_scene1,1,old
435,1.854464292526245,0.0638058241150887,PBPF,soup_scene1,1,old
436,1.8586454391479488,0.0637445091452757,PBPF,soup_scene1,1,old
437,1.8633904457092283,0.0636497019985042,PBPF,soup_scene1,1,old
438,1.8675477504730225,0.0636358876780681,PBPF,soup_scene1,1,old
439,1.871520757675171,0.0636358876780681,PBPF,soup_scene1,1,old
440,1.8755991458892824,0.0636358876780681,PBPF,soup_scene1,1,old
441,1.880034685134888,0.063640876307845,PBPF,soup_scene1,1,old
442,1.8841087818145752,0.063640876307845,PBPF,soup_scene1,1,old
443,1.8881893157958984,0.063640876307845,PBPF,soup_scene1,1,old
444,1.892218351364136,0.063640876307845,PBPF,soup_scene1,1,old
445,1.896695613861084,0.0635303177957796,PBPF,soup_scene1,1,old
446,1.9010460376739504,0.0635261964098622,PBPF,soup_scene1,1,old
447,1.9051275253295896,0.0635261964098622,PBPF,soup_scene1,1,old
448,1.909273147583008,0.0635272107864658,PBPF,soup_scene1,1,old
449,1.913365364074707,0.0635272107864658,PBPF,soup_scene1,1,old
450,1.9175174236297607,0.0635229250308549,PBPF,soup_scene1,1,old
451,1.9216933250427248,0.0635229250308549,PBPF,soup_scene1,1,old
452,1.926197052001953,0.0602125056897763,PBPF,soup_scene1,1,old
453,1.9305872917175293,0.0602125056897763,PBPF,soup_scene1,1,old
454,1.9346632957458496,0.0602125056897763,PBPF,soup_scene1,1,old
455,1.9386885166168213,0.0602125056897763,PBPF,soup_scene1,1,old
456,1.9429426193237305,0.0601405961354166,PBPF,soup_scene1,1,old
457,1.9472250938415527,0.0601185127239596,PBPF,soup_scene1,1,old
458,1.951277732849121,0.0601258388745432,PBPF,soup_scene1,1,old
459,1.9554338455200195,0.0601258388745432,PBPF,soup_scene1,1,old
460,1.959460020065308,0.0601058323588436,PBPF,soup_scene1,1,old
461,1.9635124206542969,0.0601058323588436,PBPF,soup_scene1,1,old
462,1.9676549434661863,0.0601195660979256,PBPF,soup_scene1,1,old
463,1.9716508388519287,0.0601195660979256,PBPF,soup_scene1,1,old
464,1.975799798965454,0.060057281400485,PBPF,soup_scene1,1,old
465,1.9798991680145264,0.060057281400485,PBPF,soup_scene1,1,old
466,1.9841768741607664,0.0599883750464537,PBPF,soup_scene1,1,old
467,1.9883370399475095,0.0599723555276869,PBPF,soup_scene1,1,old
468,1.992513656616211,0.0599723555276869,PBPF,soup_scene1,1,old
469,1.9967947006225584,0.0599964415946123,PBPF,soup_scene1,1,old
470,2.00081467628479,0.0599964415946123,PBPF,soup_scene1,1,old
471,2.004838705062866,0.0599964415946123,PBPF,soup_scene1,1,old
472,2.009237289428711,0.0599300865942746,PBPF,soup_scene1,1,old
473,2.0133984088897705,0.0599300865942746,PBPF,soup_scene1,1,old
474,2.017430305480957,0.0599300865942746,PBPF,soup_scene1,1,old
475,2.021547555923462,0.0599057999884455,PBPF,soup_scene1,1,old
476,2.025497913360596,0.0599057999884455,PBPF,soup_scene1,1,old
477,2.0296647548675537,0.0599284338553633,PBPF,soup_scene1,1,old
478,2.0339574813842773,0.0599284338553633,PBPF,soup_scene1,1,old
479,2.0379464626312256,0.0599284338553633,PBPF,soup_scene1,1,old
480,2.042222738265991,0.0599170884657703,PBPF,soup_scene1,1,old
481,2.0463345050811768,0.0599170884657703,PBPF,soup_scene1,1,old
482,2.050473213195801,0.0599170884657703,PBPF,soup_scene1,1,old
483,2.0545129776000977,0.0599170884657703,PBPF,soup_scene1,1,old
484,2.0586440563201904,0.0598796683672371,PBPF,soup_scene1,1,old
485,2.06289005279541,0.0598796683672371,PBPF,soup_scene1,1,old
486,2.0672826766967773,0.0598647753710801,PBPF,soup_scene1,1,old
487,2.071509838104248,0.0598647753710801,PBPF,soup_scene1,1,old
488,2.075591325759888,0.0598647753710801,PBPF,soup_scene1,1,old
489,2.0799007415771484,0.0598366062427853,PBPF,soup_scene1,1,old
490,2.0840506553649902,0.0557998510881092,PBPF,soup_scene1,1,old
491,2.088224172592163,0.0557885311930036,PBPF,soup_scene1,1,old
492,2.092415809631348,0.0557542498604208,PBPF,soup_scene1,1,old
493,2.096513271331787,0.0557542498604208,PBPF,soup_scene1,1,old
494,2.1011159420013428,0.055722821642003,PBPF,soup_scene1,1,old
495,2.1054067611694336,0.0557237908737526,PBPF,soup_scene1,1,old
496,2.1096153259277344,0.0557110186516974,PBPF,soup_scene1,1,old
497,2.1137783527374268,0.0557071706988891,PBPF,soup_scene1,1,old
498,2.1178879737854004,0.0557071706988891,PBPF,soup_scene1,1,old
499,2.1223573684692383,0.0556566084621589,PBPF,soup_scene1,1,old
500,2.12705397605896,0.0556313349874104,PBPF,soup_scene1,1,old
501,2.1312661170959477,0.0556037339107766,PBPF,soup_scene1,1,old
502,2.135284900665283,0.0556037339107766,PBPF,soup_scene1,1,old
503,2.1393070220947266,0.0556037339107766,PBPF,soup_scene1,1,old
504,2.143852710723877,0.0555906097090126,PBPF,soup_scene1,1,old
505,2.1476497650146484,0.0555906097090126,PBPF,soup_scene1,1,old
506,2.151845216751098,0.0555906097090126,PBPF,soup_scene1,1,old
507,2.155940532684326,0.0556467080657966,PBPF,soup_scene1,1,old
508,2.160245656967163,0.0556195015888448,PBPF,soup_scene1,1,old
509,2.164285182952881,0.0556195015888448,PBPF,soup_scene1,1,old
510,2.168412685394287,0.0556038839454494,PBPF,soup_scene1,1,old
511,2.1724681854248047,0.0556038839454494,PBPF,soup_scene1,1,old
512,2.1768932342529297,0.0556079767314097,PBPF,soup_scene1,1,old
513,2.1810169219970703,0.055607188850518,PBPF,soup_scene1,1,old
514,2.1852777004241943,0.0556102574210971,PBPF,soup_scene1,1,old
515,2.1892974376678467,0.0556102574210971,PBPF,soup_scene1,1,old
516,2.1935911178588867,0.0556161147671527,PBPF,soup_scene1,1,old
517,2.197750329971313,0.0556161147671527,PBPF,soup_scene1,1,old
518,2.202324151992798,0.0556065804804035,PBPF,soup_scene1,1,old
519,2.2064874172210693,0.0556065804804035,PBPF,soup_scene1,1,old
520,2.210904121398926,0.0556237167992421,PBPF,soup_scene1,1,old
521,2.2147634029388428,0.0556237167992421,PBPF,soup_scene1,1,old
522,2.2189269065856934,0.0555963040898905,PBPF,soup_scene1,1,old
523,2.2230658531188965,0.0555832089758879,PBPF,soup_scene1,1,old
524,2.2272095680236816,0.0555878468836902,PBPF,soup_scene1,1,old
525,2.2310662269592285,0.0555878468836902,PBPF,soup_scene1,1,old
526,2.235227584838867,0.055660188905028,PBPF,soup_scene1,1,old
527,2.239325046539306,0.055660188905028,PBPF,soup_scene1,1,old
528,2.2435123920440674,0.0555775713135284,PBPF,soup_scene1,1,old
529,2.2474074363708496,0.0555775713135284,PBPF,soup_scene1,1,old
530,2.251612424850464,0.055600906113813,PBPF,soup_scene1,1,old
531,2.2557194232940674,0.055600906113813,PBPF,soup_scene1,1,old
532,2.2597475051879883,0.0555759645327417,PBPF,soup_scene1,1,old
533,2.2639479637146,0.0555759645327417,PBPF,soup_scene1,1,old
534,2.267983913421631,0.0555759645327417,PBPF,soup_scene1,1,old
535,2.2722740173339844,0.0556024301181513,PBPF,soup_scene1,1,old
536,2.276435375213623,0.0555991582018882,PBPF,soup_scene1,1,old
537,2.2803783416748047,0.0555991582018882,PBPF,soup_scene1,1,old
538,2.28439736366272,0.0555910940943445,PBPF,soup_scene1,1,old
539,2.2885634899139404,0.0555910940943445,PBPF,soup_scene1,1,old
540,2.2927608489990234,0.0555929244759582,PBPF,soup_scene1,1,old
541,2.29671311378479,0.0555929244759582,PBPF,soup_scene1,1,old
542,2.3008453845977783,0.0556030983606798,PBPF,soup_scene1,1,old
543,2.305025815963745,0.0556030983606798,PBPF,soup_scene1,1,old
544,2.3090898990631104,0.0556030983606798,PBPF,soup_scene1,1,old
545,2.313347339630127,0.055597545030388,PBPF,soup_scene1,1,old
546,2.3175840377807617,0.0555940414031707,PBPF,soup_scene1,1,old
547,2.321972131729126,0.0556083177935205,PBPF,soup_scene1,1,old
548,2.326286554336548,0.0555732470142117,PBPF,soup_scene1,1,old
549,2.3302252292633057,0.0556025698751277,PBPF,soup_scene1,1,old
550,2.334368944168091,0.0556026807597876,PBPF,soup_scene1,1,old
551,2.33854341506958,0.0556026807597876,PBPF,soup_scene1,1,old
552,2.342822313308716,0.0555856490538758,PBPF,soup_scene1,1,old
553,2.3471312522888184,0.0556076519474413,PBPF,soup_scene1,1,old
554,2.351369380950928,0.0556089958309329,PBPF,soup_scene1,1,old
555,2.3555386066436768,0.0556089958309329,PBPF,soup_scene1,1,old
556,2.359612464904785,0.0556089958309329,PBPF,soup_scene1,1,old
557,2.364022254943848,0.0556248470902473,PBPF,soup_scene1,1,old
558,2.368236780166626,0.0556248470902473,PBPF,soup_scene1,1,old
559,2.372626781463623,0.055612445425419,PBPF,soup_scene1,1,old
560,2.376821517944336,0.0556277843992594,PBPF,soup_scene1,1,old
561,2.3810067176818848,0.0556277843992594,PBPF,soup_scene1,1,old
562,2.3856587409973145,0.055586924083966,PBPF,soup_scene1,1,old
563,2.389822006225586,0.055586924083966,PBPF,soup_scene1,1,old
564,2.3947646617889404,0.0556334196482234,PBPF,soup_scene1,1,old
565,2.398681640625,0.0556334196482234,PBPF,soup_scene1,1,old
566,2.402998447418213,0.0556184054642745,PBPF,soup_scene1,1,old
567,2.4069693088531494,0.0556184054642745,PBPF,soup_scene1,1,old
568,2.411296844482422,0.0555948173801439,PBPF,soup_scene1,1,old
569,2.4151535034179688,0.0555948173801439,PBPF,soup_scene1,1,old
570,2.419416904449463,0.0556133792681694,PBPF,soup_scene1,1,old
571,2.423698902130127,0.0556021156707962,PBPF,soup_scene1,1,old
572,2.427976608276367,0.0556021156707962,PBPF,soup_scene1,1,old
573,2.432248830795288,0.0556121599159517,PBPF,soup_scene1,1,old
574,2.436660051345825,0.0556040685701613,PBPF,soup_scene1,1,old
575,2.440816164016724,0.0556102067455743,PBPF,soup_scene1,1,old
576,2.4449141025543213,0.0556049992810103,PBPF,soup_scene1,1,old
577,2.448810577392578,0.0556049992810103,PBPF,soup_scene1,1,old
578,2.453122854232788,0.0555986069762424,PBPF,soup_scene1,1,old
579,2.457324981689453,0.0556054770969285,PBPF,soup_scene1,1,old
580,2.461714506149292,0.0555924549287739,PBPF,soup_scene1,1,old
581,2.4656567573547363,0.0555924549287739,PBPF,soup_scene1,1,old
582,2.4699244499206543,0.0555956835665363,PBPF,soup_scene1,1,old
583,2.474048614501953,0.0555956835665363,PBPF,soup_scene1,1,old
584,2.478255271911621,0.0556532159783502,PBPF,soup_scene1,1,old
585,2.4824419021606445,0.0556412267582732,PBPF,soup_scene1,1,old
586,2.4868838787078857,0.0556103562459731,PBPF,soup_scene1,1,old
587,2.4909470081329346,0.0556462873524503,PBPF,soup_scene1,1,old
588,2.495170831680298,0.0556462873524503,PBPF,soup_scene1,1,old
589,2.499434471130371,0.0556151112816898,PBPF,soup_scene1,1,old
590,2.503565549850464,0.0556199197335808,PBPF,soup_scene1,1,old
591,2.507798910140991,0.0555796328270045,PBPF,soup_scene1,1,old
592,2.5120413303375244,0.055531871038588,PBPF,soup_scene1,1,old
593,2.5160932540893555,0.055531871038588,PBPF,soup_scene1,1,old
594,2.5202174186706543,0.0555102406677767,PBPF,soup_scene1,1,old
595,2.524599075317383,0.0554691524663419,PBPF,soup_scene1,1,old
596,2.528406381607056,0.0554691524663419,PBPF,soup_scene1,1,old
597,2.5324456691741943,0.0554691524663419,PBPF,soup_scene1,1,old
598,2.536406755447388,0.0554291531731178,PBPF,soup_scene1,1,old
599,2.5403051376342773,0.0554291531731178,PBPF,soup_scene1,1,old
600,2.544696807861328,0.0554150924563446,PBPF,soup_scene1,1,old
601,2.548610210418701,0.0554150924563446,PBPF,soup_scene1,1,old
602,2.552990198135376,0.05537160129218,PBPF,soup_scene1,1,old
603,2.556947708129883,0.05537160129218,PBPF,soup_scene1,1,old
604,2.561295747756958,0.0553091790231014,PBPF,soup_scene1,1,old
605,2.5651988983154297,0.0553091790231014,PBPF,soup_scene1,1,old
606,2.5695595741271973,0.0553184037033913,PBPF,soup_scene1,1,old
607,2.5737521648406982,0.0552733968466521,PBPF,soup_scene1,1,old
608,2.577990293502808,0.0553132671419344,PBPF,soup_scene1,1,old
609,2.581991672515869,0.0553132671419344,PBPF,soup_scene1,1,old
610,2.58624529838562,0.0552414287626215,PBPF,soup_scene1,1,old
611,2.59082555770874,0.0552218121201183,PBPF,soup_scene1,1,old
612,2.594935655593872,0.0551717057208614,PBPF,soup_scene1,1,old
613,2.598909378051758,0.0551717057208614,PBPF,soup_scene1,1,old
614,2.6031830310821533,0.0551288425788187,PBPF,soup_scene1,1,old
615,2.6071696281433105,0.0551335661278652,PBPF,soup_scene1,1,old
616,2.611297845840454,0.0550873362776521,PBPF,soup_scene1,1,old
617,2.6154472827911377,0.0550873362776521,PBPF,soup_scene1,1,old
618,2.619594097137451,0.0550535886684126,PBPF,soup_scene1,1,old
619,2.623576641082764,0.0550306764405395,PBPF,soup_scene1,1,old
620,2.627801418304444,0.054988876212017,PBPF,soup_scene1,1,old
621,2.631737470626831,0.054988876212017,PBPF,soup_scene1,1,old
622,2.6358466148376465,0.0549225209326422,PBPF,soup_scene1,1,old
623,2.639965534210205,0.0549225209326422,PBPF,soup_scene1,1,old
624,2.6442694664001465,0.0548144937193537,PBPF,soup_scene1,1,old
625,2.6482064723968506,0.0548144937193537,PBPF,soup_scene1,1,old
626,2.6523797512054443,0.0547167405710409,PBPF,soup_scene1,1,old
627,2.6565887928009038,0.0547167405710409,PBPF,soup_scene1,1,old
628,2.6608054637908936,0.0546460141873359,PBPF,soup_scene1,1,old
629,2.664839744567871,0.0546460141873359,PBPF,soup_scene1,1,old
630,2.6690433025360107,0.0545885909594829,PBPF,soup_scene1,1,old
631,2.673040866851806,0.0545885909594829,PBPF,soup_scene1,1,old
632,2.6772549152374268,0.0546153940545331,PBPF,soup_scene1,1,old
633,2.681398391723633,0.0546153940545331,PBPF,soup_scene1,1,old
634,2.685665369033813,0.0545277449016202,PBPF,soup_scene1,1,old
635,2.6896259784698486,0.0545277449016202,PBPF,soup_scene1,1,old
636,2.6938390731811523,0.0545026205837685,PBPF,soup_scene1,1,old
637,2.6977758407592773,0.0545026205837685,PBPF,soup_scene1,1,old
638,2.701984167098999,0.0543736391584788,PBPF,soup_scene1,1,old
639,2.7060322761535645,0.0543736391584788,PBPF,soup_scene1,1,old
640,2.710129976272583,0.054265871662285,PBPF,soup_scene1,1,old
641,2.71417498588562,0.054265871662285,PBPF,soup_scene1,1,old
642,2.7184507846832275,0.0541596330398,PBPF,soup_scene1,1,old
643,2.722536325454712,0.0541596330398,PBPF,soup_scene1,1,old
644,2.7268524169921875,0.0541545031802811,PBPF,soup_scene1,1,old
645,2.731130838394165,0.0544098762303622,PBPF,soup_scene1,1,old
646,2.735290288925171,0.0542570115173665,PBPF,soup_scene1,1,old
647,2.7391140460968018,0.0542570115173665,PBPF,soup_scene1,1,old
648,2.7432878017425537,0.0542172760412409,PBPF,soup_scene1,1,old
649,2.747535467147827,0.05407830973574,PBPF,soup_scene1,1,old
650,2.751780271530152,0.0540480327021758,PBPF,soup_scene1,1,old
651,2.755740165710449,0.0540480327021758,PBPF,soup_scene1,1,old
652,2.759775161743164,0.0540480327021758,PBPF,soup_scene1,1,old
653,2.764028787612915,0.0538838170326416,PBPF,soup_scene1,1,old
654,2.7680039405822754,0.0538838170326416,PBPF,soup_scene1,1,old
655,2.7721550464630127,0.0539058855138862,PBPF,soup_scene1,1,old
656,2.7760958671569824,0.0539058855138862,PBPF,soup_scene1,1,old
657,2.780224561691284,0.0537364814388031,PBPF,soup_scene1,1,old
658,2.7841811180114746,0.0537364814388031,PBPF,soup_scene1,1,old
659,2.788358688354492,0.0536051390445838,PBPF,soup_scene1,1,old
660,2.7926721572875977,0.0536046496743401,PBPF,soup_scene1,1,old
661,2.7967689037323,0.0534575563684645,PBPF,soup_scene1,1,old
662,2.800879716873169,0.0534575563684645,PBPF,soup_scene1,1,old
663,2.80497407913208,0.0534660627878169,PBPF,soup_scene1,1,old
664,2.80907678604126,0.0534660627878169,PBPF,soup_scene1,1,old
665,2.8132572174072266,0.0533740246092131,PBPF,soup_scene1,1,old
666,2.8174080848693848,0.0532590793048617,PBPF,soup_scene1,1,old
667,2.821356773376465,0.0532590793048617,PBPF,soup_scene1,1,old
668,2.8254690170288086,0.0532590793048617,PBPF,soup_scene1,1,old
669,2.8295586109161377,0.053155509181361,PBPF,soup_scene1,1,old
670,2.8336074352264404,0.053155509181361,PBPF,soup_scene1,1,old
671,2.837845802307129,0.0531408932335801,PBPF,soup_scene1,1,old
672,2.8419549465179443,0.0531408932335801,PBPF,soup_scene1,1,old
673,2.8462281227111816,0.0530135312226241,PBPF,soup_scene1,1,old
674,2.850360155105591,0.052890355964854,PBPF,soup_scene1,1,old
675,2.854384660720825,0.052890355964854,PBPF,soup_scene1,1,old
676,2.8585920333862305,0.0527561310375588,PBPF,soup_scene1,1,old
677,2.862621545791626,0.0527561310375588,PBPF,soup_scene1,1,old
678,2.866875410079956,0.0527565814452393,PBPF,soup_scene1,1,old
679,2.8711342811584477,0.0527565814452393,PBPF,soup_scene1,1,old
680,2.875300407409668,0.0526071885836368,PBPF,soup_scene1,1,old
681,2.8793652057647705,0.0526098585918979,PBPF,soup_scene1,1,old
682,2.8836679458618164,0.0526098585918979,PBPF,soup_scene1,1,old
683,2.888263463973999,0.0637489273118303,PBPF,soup_scene1,1,old
684,2.892422199249268,0.0637489273118303,PBPF,soup_scene1,1,old
685,2.8968288898468018,0.0636554138071457,PBPF,soup_scene1,1,old
686,2.901322364807129,0.0635574311803631,PBPF,soup_scene1,1,old
687,2.905668973922729,0.0634420493069714,PBPF,soup_scene1,1,old
688,2.9099841117858887,0.0633043406745565,PBPF,soup_scene1,1,old
689,2.914419174194336,0.0631478370294494,PBPF,soup_scene1,1,old
690,2.918889284133911,0.0630178916441039,PBPF,soup_scene1,1,old
691,2.9231746196746826,0.062896385789899,PBPF,soup_scene1,1,old
692,2.9275965690612797,0.0629112905262894,PBPF,soup_scene1,1,old
693,2.931755542755127,0.0628161534084904,PBPF,soup_scene1,1,old
694,2.936295747756958,0.0627459001081963,PBPF,soup_scene1,1,old
695,2.940271139144897,0.0627581631404293,PBPF,soup_scene1,1,old
696,2.9444479942321777,0.0626187145257222,PBPF,soup_scene1,1,old
697,2.948284864425659,0.0626187145257222,PBPF,soup_scene1,1,old
698,2.9525866508483887,0.0625579414005404,PBPF,soup_scene1,1,old
699,2.956650972366333,0.0625579414005404,PBPF,soup_scene1,1,old
700,2.961035966873169,0.0623826977355461,PBPF,soup_scene1,1,old
701,2.9649736881256104,0.0623826977355461,PBPF,soup_scene1,1,old
702,2.969411373138428,0.06226285519581,PBPF,soup_scene1,1,old
703,2.973433256149292,0.0622648127564691,PBPF,soup_scene1,1,old
704,2.9776546955108643,0.0621429123188448,PBPF,soup_scene1,1,old
705,2.981520414352417,0.0621429123188448,PBPF,soup_scene1,1,old
706,2.9859297275543213,0.0620708456812426,PBPF,soup_scene1,1,old
707,2.990025520324707,0.0620708456812426,PBPF,soup_scene1,1,old
708,2.994190454483032,0.062000124889048,PBPF,soup_scene1,1,old
709,2.998183488845825,0.062000124889048,PBPF,soup_scene1,1,old
710,3.002643346786499,0.0618276127815821,PBPF,soup_scene1,1,old
711,3.0066335201263428,0.0618276127815821,PBPF,soup_scene1,1,old
712,3.010833501815796,0.0617520618442499,PBPF,soup_scene1,1,old
713,3.014936685562134,0.0617520618442499,PBPF,soup_scene1,1,old
714,3.019374370574951,0.0616377089440232,PBPF,soup_scene1,1,old
715,3.023281574249268,0.0616377089440232,PBPF,soup_scene1,1,old
716,3.027592182159424,0.0616586207157756,PBPF,soup_scene1,1,old
717,3.0315511226654053,0.0616586207157756,PBPF,soup_scene1,1,old
718,3.036096811294556,0.0614842839515264,PBPF,soup_scene1,1,old
719,3.0399587154388428,0.0614842839515264,PBPF,soup_scene1,1,old
720,3.0440943241119385,0.061425473513689,PBPF,soup_scene1,1,old
721,3.0483107566833496,0.0634160310062929,PBPF,soup_scene1,1,old
722,3.052753210067749,0.063364076269569,PBPF,soup_scene1,1,old
723,3.056748151779175,0.063364076269569,PBPF,soup_scene1,1,old
724,3.06092381477356,0.0632467813211909,PBPF,soup_scene1,1,old
725,3.064875841140747,0.0632467813211909,PBPF,soup_scene1,1,old
726,3.0693163871765137,0.0630572228962861,PBPF,soup_scene1,1,old
727,3.0732712745666504,0.0630572228962861,PBPF,soup_scene1,1,old
728,3.077592134475708,0.0629114393328115,PBPF,soup_scene1,1,old
729,3.0815556049346924,0.0629114393328115,PBPF,soup_scene1,1,old
730,3.08597183227539,0.0627533603878586,PBPF,soup_scene1,1,old
731,3.0899360179901123,0.0627533603878586,PBPF,soup_scene1,1,old
732,3.094154596328736,0.062647038513174,PBPF,soup_scene1,1,old
733,3.0980474948883057,0.062647038513174,PBPF,soup_scene1,1,old
734,3.10242772102356,0.0626078232657662,PBPF,soup_scene1,1,old
735,3.1065263748168945,0.0626078232657662,PBPF,soup_scene1,1,old
736,3.110767364501953,0.0625296974811803,PBPF,soup_scene1,1,old
737,3.1147139072418213,0.0625296974811803,PBPF,soup_scene1,1,old
738,3.119102954864502,0.0623709743473674,PBPF,soup_scene1,1,old
739,3.123157501220703,0.0623709743473674,PBPF,soup_scene1,1,old
740,3.127431154251098,0.0622445700273659,PBPF,soup_scene1,1,old
741,3.131382703781128,0.0622445700273659,PBPF,soup_scene1,1,old
742,3.1356921195983887,0.0621816520828966,PBPF,soup_scene1,1,old
743,3.139779567718506,0.0621816520828966,PBPF,soup_scene1,1,old
744,3.144009113311768,0.062110900834429,PBPF,soup_scene1,1,old
745,3.148164749145508,0.062110900834429,PBPF,soup_scene1,1,old
746,3.152673721313477,0.0619602632328617,PBPF,soup_scene1,1,old
747,3.15661358833313,0.0619602632328617,PBPF,soup_scene1,1,old
748,3.160749673843384,0.0619609232115993,PBPF,soup_scene1,1,old
749,3.16468358039856,0.0618623394263569,PBPF,soup_scene1,1,old
750,3.1686906814575195,0.0618623394263569,PBPF,soup_scene1,1,old
751,3.1727371215820312,0.0617335475745412,PBPF,soup_scene1,1,old
752,3.176607370376587,0.0617335475745412,PBPF,soup_scene1,1,old
753,3.1805291175842285,0.061714880552218,PBPF,soup_scene1,1,old
754,3.184679746627808,0.0616098364382726,PBPF,soup_scene1,1,old
755,3.188891649246216,0.0616098364382726,PBPF,soup_scene1,1,old
756,3.1931614875793457,0.0615749141523635,PBPF,soup_scene1,1,old
757,3.1972336769104004,0.0615749141523635,PBPF,soup_scene1,1,old
758,3.201228380203247,0.0615554657489587,PBPF,soup_scene1,1,old
759,3.2053298950195312,0.0615388721702865,PBPF,soup_scene1,1,old
760,3.2095463275909424,0.0733688819348512,PBPF,soup_scene1,1,old
761,3.2136483192443848,0.0732533787256859,PBPF,soup_scene1,1,old
762,3.217559576034546,0.0732533787256859,PBPF,soup_scene1,1,old
763,3.221530675888061,0.0732533787256859,PBPF,soup_scene1,1,old
764,3.225804328918457,0.0731642359691376,PBPF,soup_scene1,1,old
765,3.229846954345703,0.0731642359691376,PBPF,soup_scene1,1,old
766,3.233943223953247,0.0730506167986574,PBPF,soup_scene1,1,old
767,3.237923622131348,0.0730506167986574,PBPF,soup_scene1,1,old
768,3.241901397705078,0.0730621652893515,PBPF,soup_scene1,1,old
769,3.2459945678710938,0.072988000992002,PBPF,soup_scene1,1,old
770,3.249998092651367,0.072988000992002,PBPF,soup_scene1,1,old
771,3.2540903091430664,0.0729809339510709,PBPF,soup_scene1,1,old
772,3.2582528591156006,0.0729475630114894,PBPF,soup_scene1,1,old
773,3.262375831604004,0.0729475630114894,PBPF,soup_scene1,1,old
774,3.266514539718628,0.0729406180445284,PBPF,soup_scene1,1,old
775,3.2707643508911133,0.0728369766050625,PBPF,soup_scene1,1,old
776,3.274943590164185,0.0728369766050625,PBPF,soup_scene1,1,old
777,3.2790331840515137,0.0728479800091203,PBPF,soup_scene1,1,old
778,3.2830159664154053,0.0728073755811349,PBPF,soup_scene1,1,old
779,3.287150859832764,0.0728073755811349,PBPF,soup_scene1,1,old
780,3.2912607192993164,0.0728049827323179,PBPF,soup_scene1,1,old
781,3.2953925132751465,0.0727017821687392,PBPF,soup_scene1,1,old
782,3.2996065616607666,0.072640822920008,PBPF,soup_scene1,1,old
783,3.30411958694458,0.0725783230301038,PBPF,soup_scene1,1,old
784,3.308274745941162,0.0724607715129978,PBPF,soup_scene1,1,old
785,3.312607288360596,0.0724115180579196,PBPF,soup_scene1,1,old
786,3.317117691040039,0.072348280704889,PBPF,soup_scene1,1,old
787,3.32137393951416,0.0722652619743614,PBPF,soup_scene1,1,old
788,3.32577919960022,0.0722439100585303,PBPF,soup_scene1,1,old
789,3.3300344944000244,0.0721886380882239,PBPF,soup_scene1,1,old
790,3.3343563079833984,0.0721790594006383,PBPF,soup_scene1,1,old
791,3.338497877120972,0.0721790594006383,PBPF,soup_scene1,1,old
792,3.342639923095703,0.0721196835202864,PBPF,soup_scene1,1,old
793,3.346576690673828,0.0721196835202864,PBPF,soup_scene1,1,old
794,3.35098648071289,0.0720189392935893,PBPF,soup_scene1,1,old
795,3.35512113571167,0.0720189392935893,PBPF,soup_scene1,1,old
796,3.3595569133758545,0.0742287572874272,PBPF,soup_scene1,1,old
797,3.3634936809539795,0.0742287572874272,PBPF,soup_scene1,1,old
798,3.36771559715271,0.0741292250532178,PBPF,soup_scene1,1,old
799,3.3717479705810547,0.0741292250532178,PBPF,soup_scene1,1,old
800,3.37585711479187,0.0740893564571728,PBPF,soup_scene1,1,old
801,3.3799610137939453,0.0740893564571728,PBPF,soup_scene1,1,old
802,3.3841664791107178,0.0740713110592872,PBPF,soup_scene1,1,old
803,3.3881399631500244,0.0740713110592872,PBPF,soup_scene1,1,old
804,3.3924448490142822,0.0740875156948636,PBPF,soup_scene1,1,old
805,3.3966784477233887,0.0740476271575289,PBPF,soup_scene1,1,old
806,3.400774478912353,0.0739444282914951,PBPF,soup_scene1,1,old
807,3.4048030376434326,0.0739444282914951,PBPF,soup_scene1,1,old
808,3.408963441848755,0.0739473850619877,PBPF,soup_scene1,1,old
809,3.413015842437744,0.0738838854049432,PBPF,soup_scene1,1,old
810,3.4171721935272217,0.0738012418761824,PBPF,soup_scene1,1,old
811,3.421139001846313,0.0738012418761824,PBPF,soup_scene1,1,old
812,3.425302505493164,0.073802038415578,PBPF,soup_scene1,1,old
813,3.4294261932373047,0.073686800229409,PBPF,soup_scene1,1,old
814,3.433441162109375,0.0735945807259413,PBPF,soup_scene1,1,old
815,3.43763279914856,0.0735945807259413,PBPF,soup_scene1,1,old
816,3.4416792392730717,0.0734391635790755,PBPF,soup_scene1,1,old
817,3.445788145065308,0.0734391635790755,PBPF,soup_scene1,1,old
818,3.4498307704925537,0.0734323275780458,PBPF,soup_scene1,1,old
819,3.4540886878967285,0.0733485954484054,PBPF,soup_scene1,1,old
820,3.458179473876953,0.0733440412751445,PBPF,soup_scene1,1,old
821,3.4623093605041504,0.0732817654240812,PBPF,soup_scene1,1,old
822,3.466475009918213,0.0731894776767746,PBPF,soup_scene1,1,old
823,3.4707882404327397,0.0731894776767746,PBPF,soup_scene1,1,old
824,3.474920749664306,0.073145868246295,PBPF,soup_scene1,1,old
825,3.479074478149414,0.073145868246295,PBPF,soup_scene1,1,old
826,3.483157157897949,0.073145868246295,PBPF,soup_scene1,1,old
827,3.487272262573242,0.0730931051536782,PBPF,soup_scene1,1,old
828,3.4912824630737305,0.0730881327875314,PBPF,soup_scene1,1,old
829,3.4954018592834477,0.0730881327875314,PBPF,soup_scene1,1,old
830,3.499502420425415,0.0729631023656001,PBPF,soup_scene1,1,old
831,3.5036542415618896,0.0729631023656001,PBPF,soup_scene1,1,old
832,3.507652997970581,0.0729654932686601,PBPF,soup_scene1,1,old
833,3.5118532180786133,0.0729168913982645,PBPF,soup_scene1,1,old
834,3.516320943832397,0.0728337141385252,PBPF,soup_scene1,1,old
835,3.5205531120300293,0.0698021420193081,PBPF,soup_scene1,1,old
836,3.5246174335479736,0.0697879413668958,PBPF,soup_scene1,1,old
837,3.5288000106811523,0.0697245223369295,PBPF,soup_scene1,1,old
838,3.532837390899658,0.0697239013746794,PBPF,soup_scene1,1,old
839,3.5370633602142334,0.0697234845172771,PBPF,soup_scene1,1,old
840,3.541044235229492,0.0697354691016206,PBPF,soup_scene1,1,old
841,3.545261144638061,0.069701419284453,PBPF,soup_scene1,1,old
842,3.5492043495178223,0.0696947481729561,PBPF,soup_scene1,1,old
843,3.5533251762390137,0.069613842058566,PBPF,soup_scene1,1,old
844,3.5574464797973637,0.0696008688390594,PBPF,soup_scene1,1,old
845,3.561521053314209,0.0694853990239812,PBPF,soup_scene1,1,old
846,3.565420150756836,0.0694853990239812,PBPF,soup_scene1,1,old
847,3.5694828033447266,0.0693834245861546,PBPF,soup_scene1,1,old
848,3.573370218276977,0.0693834245861546,PBPF,soup_scene1,1,old
849,3.577357053756714,0.069249301924979,PBPF,soup_scene1,1,old
850,3.581141233444214,0.069249301924979,PBPF,soup_scene1,1,old
851,3.585824489593506,0.0692223352116868,PBPF,soup_scene1,1,old
852,3.59023118019104,0.0692223352116868,PBPF,soup_scene1,1,old
853,3.5948328971862797,0.0691713151995982,PBPF,soup_scene1,1,old
854,3.5994083881378174,0.0691227532046264,PBPF,soup_scene1,1,old
855,3.603901863098145,0.069055713221912,PBPF,soup_scene1,1,old
856,3.608363389968872,0.068975727481837,PBPF,soup_scene1,1,old
857,3.6124229431152335,0.068975727481837,PBPF,soup_scene1,1,old
858,3.6164159774780273,0.0689974214966708,PBPF,soup_scene1,1,old
859,3.6206445693969727,0.0689600596516054,PBPF,soup_scene1,1,old
860,3.6248621940612793,0.0689387002077992,PBPF,soup_scene1,1,old
861,3.629061222076416,0.0689045335347963,PBPF,soup_scene1,1,old
862,3.633150339126587,0.0688010244254031,PBPF,soup_scene1,1,old
863,3.6372933387756343,0.0688010244254031,PBPF,soup_scene1,1,old
864,3.641348361968994,0.0688132373814314,PBPF,soup_scene1,1,old
865,3.645463943481445,0.0687841049931055,PBPF,soup_scene1,1,old
866,3.649543046951294,0.0687665061528636,PBPF,soup_scene1,1,old
867,3.653670072555542,0.0687276310818581,PBPF,soup_scene1,1,old
868,3.657804012298584,0.0686976715320138,PBPF,soup_scene1,1,old
869,3.661911010742188,0.0686976715320138,PBPF,soup_scene1,1,old
870,3.666080474853516,0.0686976715320138,PBPF,soup_scene1,1,old
871,3.670246839523315,0.0686506655116404,PBPF,soup_scene1,1,old
872,3.674220085144043,0.0686506655116404,PBPF,soup_scene1,1,old
873,3.6786367893218994,0.0685417521040177,PBPF,soup_scene1,1,old
874,3.6829404830932617,0.0700201996867082,PBPF,soup_scene1,1,old
875,3.687231302261353,0.0698865457285577,PBPF,soup_scene1,1,old
876,3.691338539123535,0.0699074894756569,PBPF,soup_scene1,1,old
877,3.695458173751831,0.0698500576975473,PBPF,soup_scene1,1,old
878,3.699559211730957,0.0698451646285658,PBPF,soup_scene1,1,old
879,3.703665256500244,0.0698745237293288,PBPF,soup_scene1,1,old
880,3.7077841758728023,0.0698749146831296,PBPF,soup_scene1,1,old
881,3.7120919227600098,0.0697973474819479,PBPF,soup_scene1,1,old
882,3.7160353660583496,0.0697924138043667,PBPF,soup_scene1,1,old
883,3.72037672996521,0.0697121163660964,PBPF,soup_scene1,1,old
884,3.7245051860809326,0.0697025029192695,PBPF,soup_scene1,1,old
885,3.728845834732056,0.0695804538182794,PBPF,soup_scene1,1,old
886,3.7329232692718506,0.0695085362970502,PBPF,soup_scene1,1,old
887,3.737004280090332,0.0695085362970502,PBPF,soup_scene1,1,old
888,3.740947961807251,0.0695341298390322,PBPF,soup_scene1,1,old
889,3.745154857635498,0.0693950163043042,PBPF,soup_scene1,1,old
890,3.749265193939209,0.0693788007955352,PBPF,soup_scene1,1,old
891,3.753511667251587,0.0692801563256123,PBPF,soup_scene1,1,old
892,3.757568836212158,0.0692694148230915,PBPF,soup_scene1,1,old
893,3.761732578277588,0.0691913848178797,PBPF,soup_scene1,1,old
894,3.765719413757324,0.0692067262470211,PBPF,soup_scene1,1,old
895,3.770049810409546,0.069151231394436,PBPF,soup_scene1,1,old
896,3.773960828781128,0.069151231394436,PBPF,soup_scene1,1,old
897,3.778245449066162,0.0690714666135756,PBPF,soup_scene1,1,old
898,3.782271385192871,0.0690942820929387,PBPF,soup_scene1,1,old
899,3.786497831344605,0.0690496551468214,PBPF,soup_scene1,1,old
900,3.790703773498535,0.0690296193701423,PBPF,soup_scene1,1,old
901,3.7947864532470703,0.0689533373503832,PBPF,soup_scene1,1,old
902,3.798794984817505,0.0689533373503832,PBPF,soup_scene1,1,old
903,3.8026721477508554,0.0688779894613618,PBPF,soup_scene1,1,old
904,3.80656623840332,0.0688779894613618,PBPF,soup_scene1,1,old
905,3.810516357421875,0.0687797163133532,PBPF,soup_scene1,1,old
906,3.814774036407471,0.0687797163133532,PBPF,soup_scene1,1,old
907,3.819318056106568,0.0687282694375494,PBPF,soup_scene1,1,old
908,3.8235483169555664,0.0687282694375494,PBPF,soup_scene1,1,old
909,3.828116416931152,0.0686789834969671,PBPF,soup_scene1,1,old
910,3.832414388656616,0.0686909538367386,PBPF,soup_scene1,1,old
911,3.8367769718170166,0.0686270963823411,PBPF,soup_scene1,1,old
912,3.8415215015411377,0.0635184304850431,PBPF,soup_scene1,1,old
913,3.845881462097168,0.0635184304850431,PBPF,soup_scene1,1,old
914,3.850376844406128,0.0635175339351911,PBPF,soup_scene1,1,old
915,3.854733228683472,0.0634032465959255,PBPF,soup_scene1,1,old
916,3.859396934509277,0.0632860676933007,PBPF,soup_scene1,1,old
917,3.863683462142944,0.0632860676933007,PBPF,soup_scene1,1,old
918,3.868141412734986,0.0632177484127864,PBPF,soup_scene1,1,old
919,3.872547864913941,0.0632177484127864,PBPF,soup_scene1,1,old
920,3.877082347869873,0.0632235777216656,PBPF,soup_scene1,1,old
921,3.881447553634644,0.0631454694913812,PBPF,soup_scene1,1,old
922,3.886186122894287,0.0630201073533355,PBPF,soup_scene1,1,old
923,3.890461683273315,0.0630201073533355,PBPF,soup_scene1,1,old
924,3.894942998886109,0.0629263900776047,PBPF,soup_scene1,1,old
925,3.8992886543273926,0.0629263900776047,PBPF,soup_scene1,1,old
926,3.903744697570801,0.0628405741137232,PBPF,soup_scene1,1,old
927,3.908190250396729,0.0628412979172304,PBPF,soup_scene1,1,old
928,3.912726402282715,0.0628412979172304,PBPF,soup_scene1,1,old
929,3.9172651767730713,0.0625792496554283,PBPF,soup_scene1,1,old
930,3.921648979187012,0.0625792496554283,PBPF,soup_scene1,1,old
931,3.926236629486084,0.0624508572895615,PBPF,soup_scene1,1,old
932,3.9305384159088135,0.0624508572895615,PBPF,soup_scene1,1,old
933,3.9350333213806152,0.0623728968262801,PBPF,soup_scene1,1,old
934,3.939472198486328,0.0623728968262801,PBPF,soup_scene1,1,old
935,3.9439969062805176,0.062301689771459,PBPF,soup_scene1,1,old
936,3.94816780090332,0.062301689771459,PBPF,soup_scene1,1,old
937,3.952690601348877,0.0622965105227318,PBPF,soup_scene1,1,old
938,3.9570584297180176,0.0622965105227318,PBPF,soup_scene1,1,old
939,3.961393594741821,0.0621918403373062,PBPF,soup_scene1,1,old
940,3.9656269550323486,0.0621918403373062,PBPF,soup_scene1,1,old
941,3.9699246883392334,0.0621918403373062,PBPF,soup_scene1,1,old
942,3.9744136333465576,0.0621143830864376,PBPF,soup_scene1,1,old
943,3.978660106658936,0.0621143830864376,PBPF,soup_scene1,1,old
944,3.9831326007843018,0.062035926502217,PBPF,soup_scene1,1,old
945,3.987393140792847,0.062035926502217,PBPF,soup_scene1,1,old
946,3.991771459579468,0.062035926502217,PBPF,soup_scene1,1,old
947,3.9961256980896,0.0619234589951955,PBPF,soup_scene1,1,old
948,4.000342845916748,0.0619234589951955,PBPF,soup_scene1,1,old
949,4.004777431488037,0.0650385282478665,PBPF,soup_scene1,1,old
950,4.009218454360962,0.0649653996807625,PBPF,soup_scene1,1,old
951,4.013316631317139,0.0649653996807625,PBPF,soup_scene1,1,old
952,4.017993211746216,0.0649316655499847,PBPF,soup_scene1,1,old
953,4.022578477859497,0.0648512857216064,PBPF,soup_scene1,1,old
954,4.027473211288452,0.0647080010977404,PBPF,soup_scene1,1,old
955,4.031885623931885,0.0646081764820914,PBPF,soup_scene1,1,old
956,4.036074876785278,0.0646081764820914,PBPF,soup_scene1,1,old
957,4.0404322147369385,0.0646081764820914,PBPF,soup_scene1,1,old
958,4.044861316680908,0.0644676398568093,PBPF,soup_scene1,1,old
959,4.049114465713501,0.0644676398568093,PBPF,soup_scene1,1,old
960,4.053301572799683,0.0644676398568093,PBPF,soup_scene1,1,old
961,4.057838201522827,0.0643015940763533,PBPF,soup_scene1,1,old
962,4.06222939491272,0.0643015940763533,PBPF,soup_scene1,1,old
963,4.066678285598755,0.0641890919975575,PBPF,soup_scene1,1,old
964,4.070864200592041,0.0641890919975575,PBPF,soup_scene1,1,old
965,4.075289726257324,0.0641493608711848,PBPF,soup_scene1,1,old
966,4.079698324203491,0.0641493608711848,PBPF,soup_scene1,1,old
967,4.083838701248169,0.0641493608711848,PBPF,soup_scene1,1,old
968,4.088068246841431,0.0641023332577145,PBPF,soup_scene1,1,old
969,4.092675924301148,0.0640716808632854,PBPF,soup_scene1,1,old
970,4.097067356109619,0.0639795118326958,PBPF,soup_scene1,1,old
971,4.102001190185547,0.0638882485419532,PBPF,soup_scene1,1,old
972,4.106732606887817,0.0637032814063261,PBPF,soup_scene1,1,old
973,4.111355304718018,0.0635301073413328,PBPF,soup_scene1,1,old
974,4.11594557762146,0.0634440900127098,PBPF,soup_scene1,1,old
975,4.120579957962036,0.0633808226009784,PBPF,soup_scene1,1,old
976,4.125004529953003,0.0633766298187662,PBPF,soup_scene1,1,old
977,4.129511594772339,0.0632855008068232,PBPF,soup_scene1,1,old
978,4.134092330932617,0.0631709531722313,PBPF,soup_scene1,1,old
979,4.138510465621948,0.0631709531722313,PBPF,soup_scene1,1,old
980,4.142989158630371,0.0631631818576754,PBPF,soup_scene1,1,old
981,4.14731240272522,0.063057539164492,PBPF,soup_scene1,1,old
982,4.1519529819488525,0.0629595443359961,PBPF,soup_scene1,1,old
983,4.156135559082031,0.0629595443359961,PBPF,soup_scene1,1,old
984,4.160703420639038,0.0628553817340364,PBPF,soup_scene1,1,old
985,4.165287494659424,0.0762760376963055,PBPF,soup_scene1,1,old
986,4.169726848602295,0.0761524538019834,PBPF,soup_scene1,1,old
987,4.174224138259888,0.076176316286784,PBPF,soup_scene1,1,old
988,4.178748846054077,0.076176316286784,PBPF,soup_scene1,1,old
989,4.183382749557495,0.0759674116543904,PBPF,soup_scene1,1,old
990,4.18771767616272,0.0759674116543904,PBPF,soup_scene1,1,old
991,4.1922996044158936,0.0758887493880149,PBPF,soup_scene1,1,old
992,4.196406364440918,0.0758887493880149,PBPF,soup_scene1,1,old
993,4.200749397277832,0.0758178825679954,PBPF,soup_scene1,1,old
994,4.204833030700684,0.0758178825679954,PBPF,soup_scene1,1,old
995,4.209258317947388,0.0758288370847272,PBPF,soup_scene1,1,old
996,4.213763236999512,0.0757718394272918,PBPF,soup_scene1,1,old
997,4.218226909637451,0.0757019391063044,PBPF,soup_scene1,1,old
998,4.222583770751953,0.0757019391063044,PBPF,soup_scene1,1,old
999,4.2271409034729,0.0756356384202816,PBPF,soup_scene1,1,old
1000,4.231535911560059,0.0756304408626654,PBPF,soup_scene1,1,old
1001,4.2359724044799805,0.0755490015408654,PBPF,soup_scene1,1,old
1002,4.240375518798828,0.0755612360880195,PBPF,soup_scene1,1,old
1003,4.2449095249176025,0.0755185984609645,PBPF,soup_scene1,1,old
1004,4.2492289543151855,0.0755351976960104,PBPF,soup_scene1,1,old
1005,4.253734111785889,0.0754176330206713,PBPF,soup_scene1,1,old
1006,4.2582104206085205,0.0753954066418126,PBPF,soup_scene1,1,old
1007,4.262791872024536,0.0753059006611077,PBPF,soup_scene1,1,old
1008,4.2673728466033936,0.0753059006611077,PBPF,soup_scene1,1,old
1009,4.272095203399658,0.0752089621141489,PBPF,soup_scene1,1,old
1010,4.276602745056152,0.0751640985074939,PBPF,soup_scene1,1,old
1011,4.2808678150177,0.0751640985074939,PBPF,soup_scene1,1,old
1012,4.285357236862183,0.0750708615237504,PBPF,soup_scene1,1,old
1013,4.289616346359253,0.0750708615237504,PBPF,soup_scene1,1,old
1014,4.294164180755615,0.0749987149070568,PBPF,soup_scene1,1,old
1015,4.298635482788086,0.0749987149070568,PBPF,soup_scene1,1,old
1016,4.3032386302948,0.0749208537226229,PBPF,soup_scene1,1,old
1017,4.307776927947998,0.0748960269335637,PBPF,soup_scene1,1,old
1018,4.31220555305481,0.0747828889293635,PBPF,soup_scene1,1,old
1019,4.316595792770386,0.0748037606243098,PBPF,soup_scene1,1,old
1020,4.321003437042236,0.074705605686044,PBPF,soup_scene1,1,old
1021,4.325757265090942,0.07352751781612,PBPF,soup_scene1,1,old
1022,4.33017373085022,0.07352751781612,PBPF,soup_scene1,1,old
1023,4.33489465713501,0.0733831700728787,PBPF,soup_scene1,1,old
1024,4.339436769485474,0.0733831700728787,PBPF,soup_scene1,1,old
1025,4.344066381454468,0.0732723235346303,PBPF,soup_scene1,1,old
1026,4.348606109619141,0.0732723235346303,PBPF,soup_scene1,1,old
1027,4.353478193283081,0.0731139579067609,PBPF,soup_scene1,1,old
1028,4.357751131057739,0.0731139579067609,PBPF,soup_scene1,1,old
1029,4.362228155136108,0.0730835923265189,PBPF,soup_scene1,1,old
1030,4.366691112518311,0.0730835923265189,PBPF,soup_scene1,1,old
1031,4.371298551559448,0.07310118024458,PBPF,soup_scene1,1,old
1032,4.375739812850952,0.0730063478923508,PBPF,soup_scene1,1,old
1033,4.38023567199707,0.0730063478923508,PBPF,soup_scene1,1,old
1034,4.384709596633911,0.0729104376950704,PBPF,soup_scene1,1,old
1035,4.389050960540772,0.0729104376950704,PBPF,soup_scene1,1,old
1036,4.39357328414917,0.0729104376950704,PBPF,soup_scene1,1,old
1037,4.39794397354126,0.0727969663272753,PBPF,soup_scene1,1,old
1038,4.402267932891846,0.0727969663272753,PBPF,soup_scene1,1,old
1039,4.406465530395508,0.0728001449315466,PBPF,soup_scene1,1,old
1040,4.410893440246582,0.0726909545434532,PBPF,soup_scene1,1,old
1041,4.415090560913086,0.0726909545434532,PBPF,soup_scene1,1,old
1042,4.420059442520142,0.0726299915526021,PBPF,soup_scene1,1,old
1043,4.424242734909058,0.0726299915526021,PBPF,soup_scene1,1,old
1044,4.428670883178711,0.0725262261444763,PBPF,soup_scene1,1,old
1045,4.4328203201293945,0.0725262261444763,PBPF,soup_scene1,1,old
1046,4.43720269203186,0.0725244694795122,PBPF,soup_scene1,1,old
1047,4.44159746170044,0.0723827259883005,PBPF,soup_scene1,1,old
1048,4.445935964584351,0.0723827168553988,PBPF,soup_scene1,1,old
1049,4.45058536529541,0.0722533001118133,PBPF,soup_scene1,1,old
1050,4.455117225646973,0.0722046685691231,PBPF,soup_scene1,1,old
1051,4.459765911102295,0.0722046685691231,PBPF,soup_scene1,1,old
1052,4.464258432388306,0.0721434274121516,PBPF,soup_scene1,1,old
1053,4.468552589416504,0.0721434274121516,PBPF,soup_scene1,1,old
1054,4.47295618057251,0.0721434274121516,PBPF,soup_scene1,1,old
1055,4.477341175079346,0.0721434274121516,PBPF,soup_scene1,1,old
1056,4.481823921203613,0.0720485791809559,PBPF,soup_scene1,1,old
1057,4.486368179321289,0.0804567936213624,PBPF,soup_scene1,1,old
1058,4.490845203399658,0.0804567936213624,PBPF,soup_scene1,1,old
1059,4.495542287826538,0.0803295174460909,PBPF,soup_scene1,1,old
1060,4.500155210494995,0.0802138549842042,PBPF,soup_scene1,1,old
1061,4.504828214645386,0.0802028962001572,PBPF,soup_scene1,1,old
1062,4.509501695632935,0.0800845286936598,PBPF,soup_scene1,1,old
1063,4.514072418212891,0.0799661766207628,PBPF,soup_scene1,1,old
1064,4.5186076164245605,0.0797471439183843,PBPF,soup_scene1,1,old
1065,4.523369073867798,0.0796728323220292,PBPF,soup_scene1,1,old
1066,4.528262615203857,0.0795814082659669,PBPF,soup_scene1,1,old
1067,4.532962799072266,0.0795716310304898,PBPF,soup_scene1,1,old
1068,4.537811994552612,0.0794394134588952,PBPF,soup_scene1,1,old
1069,4.54250693321228,0.0793102943338165,PBPF,soup_scene1,1,old
1070,4.546825885772705,0.0793102943338165,PBPF,soup_scene1,1,old
1071,4.551699876785278,0.0792768631246919,PBPF,soup_scene1,1,old
1072,4.555983066558838,0.0792768631246919,PBPF,soup_scene1,1,old
1073,4.560296058654785,0.0791830016296675,PBPF,soup_scene1,1,old
1074,4.564612150192261,0.0791830016296675,PBPF,soup_scene1,1,old
1075,4.568953275680542,0.0791727807053927,PBPF,soup_scene1,1,old
1076,4.57326340675354,0.0791727807053927,PBPF,soup_scene1,1,old
1077,4.577697515487671,0.0789561733615336,PBPF,soup_scene1,1,old
1078,4.5818750858306885,0.0789561733615336,PBPF,soup_scene1,1,old
1079,4.586353063583374,0.0788936885308031,PBPF,soup_scene1,1,old
1080,4.590513467788696,0.0788936885308031,PBPF,soup_scene1,1,old
1081,4.594983816146851,0.0787741904164709,PBPF,soup_scene1,1,old
1082,4.599298715591431,0.0787831320140199,PBPF,soup_scene1,1,old
1083,4.6035895347595215,0.078704518105642,PBPF,soup_scene1,1,old
1084,4.607863426208496,0.0786947297691879,PBPF,soup_scene1,1,old
1085,4.612541913986206,0.0785875093940991,PBPF,soup_scene1,1,old
1086,4.616878271102905,0.0785259975574224,PBPF,soup_scene1,1,old
1087,4.621211051940918,0.0785259975574224,PBPF,soup_scene1,1,old
1088,4.625874757766724,0.0785192749721122,PBPF,soup_scene1,1,old
1089,4.630270481109619,0.0785192749721122,PBPF,soup_scene1,1,old
1090,4.634765863418579,0.0784074097258705,PBPF,soup_scene1,1,old
1091,4.639005422592163,0.0784074097258705,PBPF,soup_scene1,1,old
1092,4.643639087677002,0.0783246607838633,PBPF,soup_scene1,1,old
1093,4.647923707962036,0.0763111673417922,PBPF,soup_scene1,1,old
1094,4.652356386184692,0.076236808474173,PBPF,soup_scene1,1,old
1095,4.656621217727661,0.076236808474173,PBPF,soup_scene1,1,old
1096,4.661002159118652,0.0759441896613253,PBPF,soup_scene1,1,old
1097,4.665000677108765,0.0759441896613253,PBPF,soup_scene1,1,old
1098,4.669334888458252,0.0758376117900739,PBPF,soup_scene1,1,old
1099,4.673677206039429,0.0758376117900739,PBPF,soup_scene1,1,old
1100,4.678055047988892,0.0759732760884881,PBPF,soup_scene1,1,old
1101,4.6822357177734375,0.0759732760884881,PBPF,soup_scene1,1,old
1102,4.6868040561676025,0.0758021332075244,PBPF,soup_scene1,1,old
1103,4.691061019897461,0.0758021332075244,PBPF,soup_scene1,1,old
1104,4.6955976486206055,0.0758076474411651,PBPF,soup_scene1,1,old
1105,4.699926376342773,0.0757600812734302,PBPF,soup_scene1,1,old
1106,4.704329967498779,0.0757600812734302,PBPF,soup_scene1,1,old
1107,4.708691120147705,0.0756742921043766,PBPF,soup_scene1,1,old
1108,4.712894439697266,0.0756742921043766,PBPF,soup_scene1,1,old
1109,4.716966152191162,0.0756989039576703,PBPF,soup_scene1,1,old
1110,4.721173048019409,0.0756392841892421,PBPF,soup_scene1,1,old
1111,4.725637435913086,0.0756252624154863,PBPF,soup_scene1,1,old
1112,4.730024337768555,0.0755294396255897,PBPF,soup_scene1,1,old
1113,4.734575271606445,0.0755199502971809,PBPF,soup_scene1,1,old
1114,4.738831281661987,0.0755199502971809,PBPF,soup_scene1,1,old
1115,4.743469715118408,0.0752986976521155,PBPF,soup_scene1,1,old
1116,4.7476911544799805,0.0752986976521155,PBPF,soup_scene1,1,old
1117,4.752138137817383,0.0752210482321895,PBPF,soup_scene1,1,old
1118,4.756197929382324,0.0752210482321895,PBPF,soup_scene1,1,old
1119,4.76050591468811,0.0753228926735867,PBPF,soup_scene1,1,old
1120,4.76452112197876,0.0753228926735867,PBPF,soup_scene1,1,old
1121,4.768748044967651,0.0750749740200604,PBPF,soup_scene1,1,old
1122,4.77280068397522,0.0750749740200604,PBPF,soup_scene1,1,old
1123,4.77716875076294,0.0750887398538231,PBPF,soup_scene1,1,old
1124,4.781062126159668,0.0750887398538231,PBPF,soup_scene1,1,old
1125,4.785475492477417,0.0750387885578697,PBPF,soup_scene1,1,old
1126,4.78937578201294,0.0750387885578697,PBPF,soup_scene1,1,old
1127,4.793702363967896,0.0749309289905813,PBPF,soup_scene1,1,old
1128,4.797557353973389,0.0749309289905813,PBPF,soup_scene1,1,old
1129,4.801693439483643,0.0748123384707417,PBPF,soup_scene1,1,old
1130,4.805677175521851,0.0756855550988144,PBPF,soup_scene1,1,old
1131,4.810154676437378,0.075642735540758,PBPF,soup_scene1,1,old
1132,4.814224004745483,0.075642735540758,PBPF,soup_scene1,1,old
1133,4.818408489227295,0.0754981608931676,PBPF,soup_scene1,1,old
1134,4.82253360748291,0.0754981608931676,PBPF,soup_scene1,1,old
1135,4.826935768127441,0.0754015808817455,PBPF,soup_scene1,1,old
1136,4.831013917922974,0.0754015808817455,PBPF,soup_scene1,1,old
1137,4.835262298583984,0.0753719249694329,PBPF,soup_scene1,1,old
1138,4.839254140853882,0.0753719249694329,PBPF,soup_scene1,1,old
1139,4.843552827835083,0.075332979656855,PBPF,soup_scene1,1,old
1140,4.847655534744263,0.075332979656855,PBPF,soup_scene1,1,old
1141,4.8519446849823,0.0755995251214134,PBPF,soup_scene1,1,old
1142,4.856006383895874,0.0755995251214134,PBPF,soup_scene1,1,old
1143,4.860323190689087,0.0752992710597488,PBPF,soup_scene1,1,old
1144,4.864449977874756,0.0752992710597488,PBPF,soup_scene1,1,old
1145,4.868666648864746,0.0752791688503768,PBPF,soup_scene1,1,old
1146,4.8727707862854,0.0752791688503768,PBPF,soup_scene1,1,old
1147,4.8770911693573,0.0752184312265995,PBPF,soup_scene1,1,old
1148,4.881016254425049,0.0752184312265995,PBPF,soup_scene1,1,old
1149,4.885441064834595,0.075169896489964,PBPF,soup_scene1,1,old
1150,4.889470338821411,0.075169896489964,PBPF,soup_scene1,1,old
1151,4.893831491470337,0.0750166397343487,PBPF,soup_scene1,1,old
1152,4.897840261459351,0.0750166397343487,PBPF,soup_scene1,1,old
1153,4.9025719165802,0.0749758724751751,PBPF,soup_scene1,1,old
1154,4.906958818435669,0.0749758724751751,PBPF,soup_scene1,1,old
1155,4.911325216293335,0.0749453590105916,PBPF,soup_scene1,1,old
1156,4.91537356376648,0.0749453590105916,PBPF,soup_scene1,1,old
1157,4.919726610183716,0.0749337601084172,PBPF,soup_scene1,1,old
1158,4.923975944519043,0.0749497747466305,PBPF,soup_scene1,1,old
1159,4.928157806396484,0.074986490755844,PBPF,soup_scene1,1,old
1160,4.93236517906189,0.074986490755844,PBPF,soup_scene1,1,old
1161,4.936684846878052,0.0748113747293866,PBPF,soup_scene1,1,old
1162,4.940972328186035,0.0748258774771296,PBPF,soup_scene1,1,old
1163,4.945247411727905,0.0748258774771296,PBPF,soup_scene1,1,old
1164,4.9494309425354,0.0748241823968004,PBPF,soup_scene1,1,old
1165,4.953789234161377,0.074779697675985,PBPF,soup_scene1,1,old
1166,4.957933902740479,0.0747780091876329,PBPF,soup_scene1,1,old
1167,4.962225914001465,0.0746774559011577,PBPF,soup_scene1,1,old
1168,4.966463804244995,0.0765739744427891,PBPF,soup_scene1,1,old
1169,4.9707090854644775,0.0765739744427891,PBPF,soup_scene1,1,old
1170,4.974905729293823,0.0763767989067328,PBPF,soup_scene1,1,old
1171,4.97916841506958,0.0763767989067328,PBPF,soup_scene1,1,old
1172,4.983401536941528,0.0763251208569726,PBPF,soup_scene1,1,old
1173,4.987591028213501,0.0763251208569726,PBPF,soup_scene1,1,old
1174,4.992034673690796,0.0763212685729082,PBPF,soup_scene1,1,old
1175,4.995988607406616,0.0763212685729082,PBPF,soup_scene1,1,old
1176,5.000110864639282,0.0763974321431786,PBPF,soup_scene1,1,old
1177,5.003999471664429,0.0763974321431786,PBPF,soup_scene1,1,old
1178,5.008054971694946,0.0764050658336827,PBPF,soup_scene1,1,old
1179,5.012461423873901,0.0762609995296485,PBPF,soup_scene1,1,old
1180,5.016780853271484,0.076213587773815,PBPF,soup_scene1,1,old
1181,5.020890951156616,0.076213587773815,PBPF,soup_scene1,1,old
1182,5.025370836257935,0.0761777937602247,PBPF,soup_scene1,1,old
1183,5.029520511627197,0.0761777937602247,PBPF,soup_scene1,1,old
1184,5.033810138702393,0.0761320563996656,PBPF,soup_scene1,1,old
1185,5.0381152629852295,0.0761320563996656,PBPF,soup_scene1,1,old
1186,5.042490482330322,0.076059602641351,PBPF,soup_scene1,1,old
1187,5.046825647354126,0.076059602641351,PBPF,soup_scene1,1,old
1188,5.051145553588867,0.0759357026822331,PBPF,soup_scene1,1,old
1189,5.055324554443359,0.0759357026822331,PBPF,soup_scene1,1,old
1190,5.059875249862671,0.0758339063221507,PBPF,soup_scene1,1,old
1191,5.064070224761963,0.0758339063221507,PBPF,soup_scene1,1,old
1192,5.0684192180633545,0.0757709097339771,PBPF,soup_scene1,1,old
1193,5.072421789169312,0.0757709097339771,PBPF,soup_scene1,1,old
1194,5.076750040054321,0.0758126012088591,PBPF,soup_scene1,1,old
1195,5.080904960632324,0.0758126012088591,PBPF,soup_scene1,1,old
1196,5.0853271484375,0.0756448808279859,PBPF,soup_scene1,1,old
1197,5.089548826217651,0.0756448808279859,PBPF,soup_scene1,1,old
1198,5.093945026397705,0.0756703754010329,PBPF,soup_scene1,1,old
1199,5.098110914230347,0.0756703754010329,PBPF,soup_scene1,1,old
1200,5.10265040397644,0.0756073402826323,PBPF,soup_scene1,1,old
1201,5.106868028640747,0.0756062630635802,PBPF,soup_scene1,1,old
1202,5.111086130142212,0.0755410323556983,PBPF,soup_scene1,1,old
1203,5.115278720855713,0.0755423062532772,PBPF,soup_scene1,1,old
1204,5.119535684585571,0.0754391287771662,PBPF,soup_scene1,1,old
1205,5.123725414276123,0.0754391287771662,PBPF,soup_scene1,1,old
1206,5.128277063369751,0.0797206682843151,PBPF,soup_scene1,1,old
1207,5.132460355758667,0.0797206682843151,PBPF,soup_scene1,1,old
1208,5.136775016784668,0.0795475621613241,PBPF,soup_scene1,1,old
1209,5.14102578163147,0.0794955348898227,PBPF,soup_scene1,1,old
1210,5.145253896713257,0.0794955348898227,PBPF,soup_scene1,1,old
1211,5.149628162384033,0.0794877509966463,PBPF,soup_scene1,1,old
1212,5.153977394104004,0.0795595837740533,PBPF,soup_scene1,1,old
1213,5.158198595046997,0.0795595837740533,PBPF,soup_scene1,1,old
1214,5.163080453872681,0.0795595837740533,PBPF,soup_scene1,1,old
1215,5.167635679244995,0.079420875875118,PBPF,soup_scene1,1,old
1216,5.171711444854736,0.079420875875118,PBPF,soup_scene1,1,old
1217,5.175806999206543,0.0794265016015912,PBPF,soup_scene1,1,old
1218,5.180037975311279,0.0795479349568618,PBPF,soup_scene1,1,old
1219,5.184300899505615,0.0795479349568618,PBPF,soup_scene1,1,old
1220,5.188497543334961,0.0794787966580418,PBPF,soup_scene1,1,old
1221,5.192769765853882,0.0794787966580418,PBPF,soup_scene1,1,old
1222,5.19689679145813,0.0794749497200407,PBPF,soup_scene1,1,old
1223,5.201111316680908,0.0793917521855845,PBPF,soup_scene1,1,old
1224,5.205124139785767,0.0793917521855845,PBPF,soup_scene1,1,old
1225,5.209237337112427,0.0793851872418845,PBPF,soup_scene1,1,old
1226,5.213211536407471,0.0793119982530949,PBPF,soup_scene1,1,old
1227,5.217226505279541,0.0793119982530949,PBPF,soup_scene1,1,old
1228,5.221365213394165,0.0792077432022264,PBPF,soup_scene1,1,old
1229,5.226093530654907,0.0792077432022264,PBPF,soup_scene1,1,old
1230,5.230317831039429,0.0792035456464573,PBPF,soup_scene1,1,old
1231,5.234557867050171,0.0791500588533975,PBPF,soup_scene1,1,old
1232,5.238629341125488,0.0791500588533975,PBPF,soup_scene1,1,old
1233,5.242755174636841,0.0791483410840869,PBPF,soup_scene1,1,old
1234,5.246968984603882,0.0789607572466312,PBPF,soup_scene1,1,old
1235,5.251256227493286,0.0789566823774229,PBPF,soup_scene1,1,old
1236,5.255628347396851,0.0789068921250727,PBPF,soup_scene1,1,old
1237,5.2599804401397705,0.0789068921250727,PBPF,soup_scene1,1,old
1238,5.264256000518799,0.0789269293813137,PBPF,soup_scene1,1,old
1239,5.268552541732788,0.0788728977841769,PBPF,soup_scene1,1,old
1240,5.2726569175720215,0.0788728977841769,PBPF,soup_scene1,1,old
1241,5.276900053024292,0.0788584050728595,PBPF,soup_scene1,1,old
1242,5.281234979629517,0.0794292613101657,PBPF,soup_scene1,1,old
1243,5.285497665405273,0.0794296785251708,PBPF,soup_scene1,1,old
1244,5.289662837982178,0.079366749345163,PBPF,soup_scene1,1,old
1245,5.294074535369873,0.0793515489183955,PBPF,soup_scene1,1,old
1246,5.298548221588135,0.0792854666963793,PBPF,soup_scene1,1,old
1247,5.302959442138672,0.0792227908704159,PBPF,soup_scene1,1,old
1248,5.307310581207275,0.0792227908704159,PBPF,soup_scene1,1,old
1249,5.311676740646362,0.0791630619759573,PBPF,soup_scene1,1,old
1250,5.316086769104004,0.0789994740095174,PBPF,soup_scene1,1,old
1251,5.32058048248291,0.0789465646069812,PBPF,soup_scene1,1,old
1252,5.324949502944946,0.0789853211088342,PBPF,soup_scene1,1,old
1253,5.329428195953369,0.078907444975328,PBPF,soup_scene1,1,old
1254,5.333778858184815,0.0789030993291939,PBPF,soup_scene1,1,old
1255,5.338256120681763,0.0788071239770585,PBPF,soup_scene1,1,old
1256,5.342621088027954,0.0788004619101646,PBPF,soup_scene1,1,old
1257,5.347024440765381,0.0787266344331328,PBPF,soup_scene1,1,old
1258,5.35133171081543,0.0786985285365708,PBPF,soup_scene1,1,old
1259,5.355592966079712,0.0786985285365708,PBPF,soup_scene1,1,old
1260,5.360010385513306,0.0786916450574773,PBPF,soup_scene1,1,old
1261,5.364195108413696,0.078536918080872,PBPF,soup_scene1,1,old
1262,5.368488550186157,0.0784473230029879,PBPF,soup_scene1,1,old
1263,5.3727076053619385,0.0784473230029879,PBPF,soup_scene1,1,old
1264,5.376996278762817,0.0783831610856008,PBPF,soup_scene1,1,old
1265,5.381096124649048,0.0783831610856008,PBPF,soup_scene1,1,old
1266,5.385430097579956,0.07838583482074,PBPF,soup_scene1,1,old
1267,5.389468669891357,0.07838583482074,PBPF,soup_scene1,1,old
1268,5.393920660018921,0.0785632423371471,PBPF,soup_scene1,1,old
1269,5.397918939590454,0.0785632423371471,PBPF,soup_scene1,1,old
1270,5.402014017105103,0.0784860766939169,PBPF,soup_scene1,1,old
1271,5.406003713607788,0.0784860766939169,PBPF,soup_scene1,1,old
1272,5.410365343093872,0.0782644258598952,PBPF,soup_scene1,1,old
1273,5.414569854736328,0.0782644258598952,PBPF,soup_scene1,1,old
1274,5.418935775756836,0.0782180262177137,PBPF,soup_scene1,1,old
1275,5.423197984695435,0.0782076416433036,PBPF,soup_scene1,1,old
1276,5.427648782730103,0.0781508298644141,PBPF,soup_scene1,1,old
1277,5.431746482849121,0.0781508298644141,PBPF,soup_scene1,1,old
1278,5.4361090660095215,0.0780294626511403,PBPF,soup_scene1,1,old
1279,5.440523147583008,0.0802636185229222,PBPF,soup_scene1,1,old
1280,5.444909334182739,0.0801318852210016,PBPF,soup_scene1,1,old
1281,5.4491002559661865,0.0801224045487689,PBPF,soup_scene1,1,old
1282,5.45344877243042,0.0800808714940185,PBPF,soup_scene1,1,old
1283,5.457830429077148,0.0800808714940185,PBPF,soup_scene1,1,old
1284,5.462240219116211,0.0803301226944168,PBPF,soup_scene1,1,old
1285,5.46641206741333,0.0801147620687572,PBPF,soup_scene1,1,old
1286,5.470677852630615,0.0799578005327277,PBPF,soup_scene1,1,old
1287,5.474820137023926,0.0799511219345176,PBPF,soup_scene1,1,old
1288,5.479120016098023,0.0799511219345176,PBPF,soup_scene1,1,old
1289,5.48332953453064,0.079877300338852,PBPF,soup_scene1,1,old
1290,5.487508296966553,0.079877300338852,PBPF,soup_scene1,1,old
1291,5.491894006729126,0.0798652357824855,PBPF,soup_scene1,1,old
1292,5.496192216873169,0.0798157016683398,PBPF,soup_scene1,1,old
1293,5.500393390655518,0.0797939815651317,PBPF,soup_scene1,1,old
1294,5.504763126373291,0.0797939815651317,PBPF,soup_scene1,1,old
1295,5.509030103683472,0.0796624356626249,PBPF,soup_scene1,1,old
1296,5.513169765472412,0.0796624356626249,PBPF,soup_scene1,1,old
1297,5.517339706420898,0.0795891102442584,PBPF,soup_scene1,1,old
1298,5.52154016494751,0.0795891102442584,PBPF,soup_scene1,1,old
1299,5.525865316390991,0.0795816004120195,PBPF,soup_scene1,1,old
1300,5.530229568481445,0.0795095450390133,PBPF,soup_scene1,1,old
1301,5.534599304199219,0.0794947693105034,PBPF,soup_scene1,1,old
1302,5.538962841033936,0.0794947693105034,PBPF,soup_scene1,1,old
1303,5.5433197021484375,0.0793532972967245,PBPF,soup_scene1,1,old
1304,5.547546148300171,0.0793532972967245,PBPF,soup_scene1,1,old
1305,5.551814794540405,0.0793536456071933,PBPF,soup_scene1,1,old
1306,5.556194305419922,0.0794234544644752,PBPF,soup_scene1,1,old
1307,5.560359477996826,0.0794046829690025,PBPF,soup_scene1,1,old
1308,5.564379215240479,0.0793201876864084,PBPF,soup_scene1,1,old
1309,5.56862211227417,0.0793201876864084,PBPF,soup_scene1,1,old
1310,5.57275652885437,0.0793390139964814,PBPF,soup_scene1,1,old
1311,5.576937913894653,0.0792407809714733,PBPF,soup_scene1,1,old
1312,5.581023931503296,0.0792407809714733,PBPF,soup_scene1,1,old
1313,5.5852110385894775,0.0790961963058019,PBPF,soup_scene1,1,old
1314,5.589388132095337,0.0790961963058019,PBPF,soup_scene1,1,old
1315,5.594092607498169,0.0791022477577946,PBPF,soup_scene1,1,old
1316,5.598259687423706,0.0790462858030494,PBPF,soup_scene1,1,old
1317,5.602694749832153,0.0832266346170265,PBPF,soup_scene1,1,old
1318,5.6069865226745605,0.0831485338476906,PBPF,soup_scene1,1,old
1319,5.61132550239563,0.0831485338476906,PBPF,soup_scene1,1,old
1320,5.61548924446106,0.0831387619432763,PBPF,soup_scene1,1,old
1321,5.619703531265259,0.0831803203549677,PBPF,soup_scene1,1,old
1322,5.62382173538208,0.0831803203549677,PBPF,soup_scene1,1,old
1323,5.62829327583313,0.0830023092758881,PBPF,soup_scene1,1,old
1324,5.632525682449341,0.0830023092758881,PBPF,soup_scene1,1,old
1325,5.63667106628418,0.0830098563625093,PBPF,soup_scene1,1,old
1326,5.640827894210815,0.0830098563625093,PBPF,soup_scene1,1,old
1327,5.645179986953735,0.0830123652607331,PBPF,soup_scene1,1,old
1328,5.6493980884552,0.0829691483667787,PBPF,soup_scene1,1,old
1329,5.653548717498779,0.0829691483667787,PBPF,soup_scene1,1,old
1330,5.657748460769653,0.0829691483667787,PBPF,soup_scene1,1,old
1331,5.662046909332275,0.0828948784927591,PBPF,soup_scene1,1,old
1332,5.666119813919067,0.0828948784927591,PBPF,soup_scene1,1,old
1333,5.670439958572388,0.0827494223735601,PBPF,soup_scene1,1,old
1334,5.674409866333008,0.0827494223735601,PBPF,soup_scene1,1,old
1335,5.678557634353638,0.0827317064916456,PBPF,soup_scene1,1,old
1336,5.682707786560059,0.0826797712065807,PBPF,soup_scene1,1,old
1337,5.686781883239746,0.0826797712065807,PBPF,soup_scene1,1,old
1338,5.69089674949646,0.0826797712065807,PBPF,soup_scene1,1,old
1339,5.695195913314819,0.0825903653018722,PBPF,soup_scene1,1,old
1340,5.699620246887207,0.0824988995549576,PBPF,soup_scene1,1,old
1341,5.704180002212524,0.0823853227478541,PBPF,soup_scene1,1,old
1342,5.708465337753296,0.0823873708189377,PBPF,soup_scene1,1,old
1343,5.712918043136597,0.0823745662306252,PBPF,soup_scene1,1,old
1344,5.717420101165772,0.0823983073924956,PBPF,soup_scene1,1,old
1345,5.7220118045806885,0.0822798492289375,PBPF,soup_scene1,1,old
1346,5.726174354553223,0.0821274615706551,PBPF,soup_scene1,1,old
1347,5.730777978897095,0.0820649477846675,PBPF,soup_scene1,1,old
1348,5.736099004745483,0.0821110740200967,PBPF,soup_scene1,1,old
1349,5.7419044971466064,0.082003132757553,PBPF,soup_scene1,1,old
1350,5.747633218765259,0.0819695879667074,PBPF,soup_scene1,1,old
1351,5.75336217880249,0.0819399718022117,PBPF,soup_scene1,1,old
1352,5.759072780609131,0.0817700818410683,PBPF,soup_scene1,1,old
1353,5.764705896377564,0.0849012884270178,PBPF,soup_scene1,1,old
1354,5.770533561706543,0.0847849237008232,PBPF,soup_scene1,1,old
1355,5.776113271713257,0.0848010151201086,PBPF,soup_scene1,1,old
1356,5.781147480010986,0.0847439718425336,PBPF,soup_scene1,1,old
1357,5.7855751514434814,0.0845807473753336,PBPF,soup_scene1,1,old
1358,5.789683818817139,0.0845807473753336,PBPF,soup_scene1,1,old
1359,5.794089794158936,0.0845592669511383,PBPF,soup_scene1,1,old
1360,5.7980921268463135,0.0845592669511383,PBPF,soup_scene1,1,old
1361,5.802226066589356,0.0844752935916162,PBPF,soup_scene1,1,old
1362,5.806105852127075,0.0844752935916162,PBPF,soup_scene1,1,old
1363,5.810189247131348,0.0843596730061707,PBPF,soup_scene1,1,old
1364,5.814051628112793,0.0843596730061707,PBPF,soup_scene1,1,old
1365,5.8189005851745605,0.0843566633617736,PBPF,soup_scene1,1,old
1366,5.823007583618164,0.0843566633617736,PBPF,soup_scene1,1,old
1367,5.827899217605591,0.0842509910600725,PBPF,soup_scene1,1,old
1368,5.832251310348511,0.0842576599147409,PBPF,soup_scene1,1,old
1369,5.836504220962524,0.0841356471853026,PBPF,soup_scene1,1,old
1370,5.840496063232422,0.0841356471853026,PBPF,soup_scene1,1,old
1371,5.844749212265015,0.0841278844222975,PBPF,soup_scene1,1,old
1372,5.848893165588379,0.0840989994417811,PBPF,soup_scene1,1,old
1373,5.853142261505127,0.0840626868789571,PBPF,soup_scene1,1,old
1374,5.857665538787842,0.0840688149324237,PBPF,soup_scene1,1,old
1375,5.861919164657593,0.0840091971054587,PBPF,soup_scene1,1,old
1376,5.86604380607605,0.0840150021029974,PBPF,soup_scene1,1,old
1377,5.870404243469238,0.0838099960734716,PBPF,soup_scene1,1,old
1378,5.874595403671265,0.0838286110158793,PBPF,soup_scene1,1,old
1379,5.878870487213135,0.0837761356938989,PBPF,soup_scene1,1,old
1380,5.88298225402832,0.0837715679073469,PBPF,soup_scene1,1,old
1381,5.887498378753662,0.0836513869219586,PBPF,soup_scene1,1,old
1382,5.891735315322876,0.0835603766099406,PBPF,soup_scene1,1,old
1383,5.89592432975769,0.0835603766099406,PBPF,soup_scene1,1,old
1384,5.900247573852539,0.0835690666577427,PBPF,soup_scene1,1,old
1385,5.904682397842407,0.0835522975419131,PBPF,soup_scene1,1,old
1386,5.909003734588623,0.0835550062854076,PBPF,soup_scene1,1,old
1387,5.913226842880249,0.0835512237781722,PBPF,soup_scene1,1,old
1388,5.917561769485474,0.0833823551537512,PBPF,soup_scene1,1,old
1389,5.921900987625122,0.0849941962216618,PBPF,soup_scene1,1,old
1390,5.92620849609375,0.0849575396689693,PBPF,soup_scene1,1,old
1391,5.930372953414917,0.0849575396689693,PBPF,soup_scene1,1,old
1392,5.934770822525024,0.0849828288006885,PBPF,soup_scene1,1,old
1393,5.938748121261597,0.0849828288006885,PBPF,soup_scene1,1,old
1394,5.943171739578247,0.0849150800644946,PBPF,soup_scene1,1,old
1395,5.9473795890808105,0.0849150800644946,PBPF,soup_scene1,1,old
1396,5.951773405075073,0.084803383837126,PBPF,soup_scene1,1,old
1397,5.955760002136231,0.084803383837126,PBPF,soup_scene1,1,old
1398,5.960205793380737,0.0847736492584345,PBPF,soup_scene1,1,old
1399,5.964234590530396,0.0847736492584345,PBPF,soup_scene1,1,old
1400,5.968634366989136,0.0846736983472512,PBPF,soup_scene1,1,old
1401,5.972575426101685,0.0846736983472512,PBPF,soup_scene1,1,old
1402,5.977007389068604,0.0845909188131114,PBPF,soup_scene1,1,old
1403,5.981076240539551,0.0845909188131114,PBPF,soup_scene1,1,old
1404,5.985402345657349,0.0845818391176756,PBPF,soup_scene1,1,old
1405,5.989493370056152,0.0845818391176756,PBPF,soup_scene1,1,old
1406,5.993976354598999,0.0844550511854497,PBPF,soup_scene1,1,old
1407,5.997966527938843,0.0844550511854497,PBPF,soup_scene1,1,old
1408,6.0023276805877686,0.0844381302261571,PBPF,soup_scene1,1,old
1409,6.006229877471924,0.0844381302261571,PBPF,soup_scene1,1,old
1410,6.010490417480469,0.0843474210733115,PBPF,soup_scene1,1,old
1411,6.0145018100738525,0.0843474210733115,PBPF,soup_scene1,1,old
1412,6.018791675567627,0.0843346486222135,PBPF,soup_scene1,1,old
1413,6.02296781539917,0.0843346486222135,PBPF,soup_scene1,1,old
1414,6.0273277759552,0.0843386407323816,PBPF,soup_scene1,1,old
1415,6.031609773635864,0.0843386407323816,PBPF,soup_scene1,1,old
1416,6.0363428592681885,0.0843046464635534,PBPF,soup_scene1,1,old
1417,6.040483951568604,0.0843322509571219,PBPF,soup_scene1,1,old
1418,6.044790506362915,0.0842159366773267,PBPF,soup_scene1,1,old
1419,6.04905891418457,0.084225947466358,PBPF,soup_scene1,1,old
1420,6.053262233734131,0.0841425823705127,PBPF,soup_scene1,1,old
1421,6.057261943817139,0.0841425823705127,PBPF,soup_scene1,1,old
1422,6.061802387237549,0.0840887145148806,PBPF,soup_scene1,1,old
1423,6.066232919692993,0.084108728724731,PBPF,soup_scene1,1,old
1424,6.070595264434815,0.084108728724731,PBPF,soup_scene1,1,old
1425,6.075048208236694,0.084048948728856,PBPF,soup_scene1,1,old
1426,6.079378843307495,0.084048948728856,PBPF,soup_scene1,1,old
1427,6.083737850189209,0.0827384122158021,PBPF,soup_scene1,1,old
1428,6.087790012359619,0.0826477598319507,PBPF,soup_scene1,1,old
1429,6.092259168624878,0.082842183714777,PBPF,soup_scene1,1,old
1430,6.097338438034058,0.082842183714777,PBPF,soup_scene1,1,old
1431,6.103965759277344,0.0824889809139309,PBPF,soup_scene1,1,old
1432,6.108985185623169,0.0824328094996598,PBPF,soup_scene1,1,old
1433,6.113409757614136,0.0824328094996598,PBPF,soup_scene1,1,old
1434,6.1183061599731445,0.0823975153671819,PBPF,soup_scene1,1,old
1435,6.12264609336853,0.0823975153671819,PBPF,soup_scene1,1,old
1436,6.127004384994507,0.0823654101698845,PBPF,soup_scene1,1,old
1437,6.131145238876343,0.0823654101698845,PBPF,soup_scene1,1,old
1438,6.135432243347168,0.0823574658165272,PBPF,soup_scene1,1,old
1439,6.139590263366699,0.0823574658165272,PBPF,soup_scene1,1,old
1440,6.144024848937988,0.0822520344356539,PBPF,soup_scene1,1,old
1441,6.148298740386963,0.0822520344356539,PBPF,soup_scene1,1,old
1442,6.152658224105835,0.0821938679718611,PBPF,soup_scene1,1,old
1443,6.156670331954956,0.0821938679718611,PBPF,soup_scene1,1,old
1444,6.161088943481445,0.0821280767047319,PBPF,soup_scene1,1,old
1445,6.165107727050781,0.0821280767047319,PBPF,soup_scene1,1,old
1446,6.1694495677948,0.0821194015795321,PBPF,soup_scene1,1,old
1447,6.173596143722534,0.0821194015795321,PBPF,soup_scene1,1,old
1448,6.177945613861084,0.0820727288181842,PBPF,soup_scene1,1,old
1449,6.182013750076294,0.0820741003875994,PBPF,soup_scene1,1,old
1450,6.186280250549316,0.0820298383189771,PBPF,soup_scene1,1,old
1451,6.190365314483643,0.0820338120839773,PBPF,soup_scene1,1,old
1452,6.194849967956543,0.0820190963183163,PBPF,soup_scene1,1,old
1453,6.198893785476685,0.0819663283297673,PBPF,soup_scene1,1,old
1454,6.20323920249939,0.0819663283297673,PBPF,soup_scene1,1,old
1455,6.207279682159424,0.0819599778868866,PBPF,soup_scene1,1,old
1456,6.211626052856445,0.0818974931824013,PBPF,soup_scene1,1,old
1457,6.215728521347046,0.0818991345265065,PBPF,soup_scene1,1,old
1458,6.220021486282349,0.0818498723214047,PBPF,soup_scene1,1,old
1459,6.224147319793701,0.0818336028515898,PBPF,soup_scene1,1,old
1460,6.228502035140991,0.0818050908482023,PBPF,soup_scene1,1,old
1461,6.232551336288452,0.0818169197893024,PBPF,soup_scene1,1,old
1462,6.236822605133057,0.0817401392375123,PBPF,soup_scene1,1,old
1463,6.24130129814148,0.0817441453946638,PBPF,soup_scene1,1,old
1464,6.245845079421997,0.0835679149143032,PBPF,soup_scene1,1,old
1465,6.250134944915772,0.0835369669292451,PBPF,soup_scene1,1,old
1466,6.254752397537232,0.0835369669292451,PBPF,soup_scene1,1,old
1467,6.259113311767578,0.0835165642313762,PBPF,soup_scene1,1,old
1468,6.26345157623291,0.0835165642313762,PBPF,soup_scene1,1,old
1469,6.267982721328735,0.0835211542209468,PBPF,soup_scene1,1,old
1470,6.27237868309021,0.0835211542209468,PBPF,soup_scene1,1,old
1471,6.276681900024414,0.08349418613487,PBPF,soup_scene1,1,old
1472,6.280937194824219,0.08349418613487,PBPF,soup_scene1,1,old
1473,6.285440683364868,0.083454811764313,PBPF,soup_scene1,1,old
1474,6.289746522903442,0.083454811764313,PBPF,soup_scene1,1,old
1475,6.294108152389526,0.0834295036826071,PBPF,soup_scene1,1,old
1476,6.298327922821045,0.0834295036826071,PBPF,soup_scene1,1,old
1477,6.302883863449097,0.0833986819228943,PBPF,soup_scene1,1,old
1478,6.30719780921936,0.0834097015659345,PBPF,soup_scene1,1,old
1479,6.311570644378662,0.0833902008776724,PBPF,soup_scene1,1,old
1480,6.315798282623291,0.0833432965754385,PBPF,soup_scene1,1,old
1481,6.320470094680786,0.0833432965754385,PBPF,soup_scene1,1,old
1482,6.324634075164795,0.0833384454178016,PBPF,soup_scene1,1,old
1483,6.329076528549194,0.0833206371017238,PBPF,soup_scene1,1,old
1484,6.333388805389404,0.0833199555657932,PBPF,soup_scene1,1,old
1485,6.33793306350708,0.0833199555657932,PBPF,soup_scene1,1,old
1486,6.3424232006073,0.0832928625064555,PBPF,soup_scene1,1,old
1487,6.346559762954712,0.0832928625064555,PBPF,soup_scene1,1,old
1488,6.350871562957764,0.0832780160065893,PBPF,soup_scene1,1,old
1489,6.355130195617676,0.0832780160065893,PBPF,soup_scene1,1,old
1490,6.359375238418579,0.0832419917393314,PBPF,soup_scene1,1,old
1491,6.363359451293945,0.0832419917393314,PBPF,soup_scene1,1,old
1492,6.367543935775757,0.0832419917393314,PBPF,soup_scene1,1,old
1493,6.371666669845581,0.0832483931719782,PBPF,soup_scene1,1,old
1494,6.376049280166626,0.0832229559206,PBPF,soup_scene1,1,old
1495,6.380186557769775,0.0832009490301169,PBPF,soup_scene1,1,old
1496,6.384419679641724,0.0832009490301169,PBPF,soup_scene1,1,old
1497,6.388508796691895,0.0832009490301169,PBPF,soup_scene1,1,old
1498,6.392899513244629,0.0831843081577099,PBPF,soup_scene1,1,old
1499,6.396821022033691,0.0831843081577099,PBPF,soup_scene1,1,old
1500,6.400872707366943,0.083179008600926,PBPF,soup_scene1,1,old
1501,6.404844284057617,0.0831634754447886,PBPF,soup_scene1,1,old
1502,6.408696413040161,0.0831634754447886,PBPF,soup_scene1,1,old
1503,6.412814140319824,0.0831450941977758,PBPF,soup_scene1,1,old
1504,6.416728258132935,0.0831450941977758,PBPF,soup_scene1,1,old
1505,6.420700073242188,0.0831450941977758,PBPF,soup_scene1,1,old
1506,6.42529821395874,0.0831457995306488,PBPF,soup_scene1,1,old
1507,6.42951774597168,0.0831414335846404,PBPF,soup_scene1,1,old
1508,6.433744668960571,0.0831445993954976,PBPF,soup_scene1,1,old
1509,6.437779426574707,0.0831445993954976,PBPF,soup_scene1,1,old
1510,6.441993236541748,0.0831445993954976,PBPF,soup_scene1,1,old
1511,6.446211099624634,0.0831270651658366,PBPF,soup_scene1,1,old
1512,6.4504241943359375,0.0831270651658366,PBPF,soup_scene1,1,old
1513,6.454607963562012,0.0831378773032698,PBPF,soup_scene1,1,old
1514,6.458907127380371,0.083140483194082,PBPF,soup_scene1,1,old
1515,6.463387489318848,0.0831629064671695,PBPF,soup_scene1,1,old
1516,6.46739935874939,0.0831629064671695,PBPF,soup_scene1,1,old
1517,6.471632719039917,0.0831480611711007,PBPF,soup_scene1,1,old
1518,6.475672721862793,0.0831480611711007,PBPF,soup_scene1,1,old
1519,6.479926347732544,0.0831466638920054,PBPF,soup_scene1,1,old
1520,6.484235525131226,0.0831466638920054,PBPF,soup_scene1,1,old
1521,6.488326072692871,0.0831520554876884,PBPF,soup_scene1,1,old
1522,6.492539882659912,0.0831520554876884,PBPF,soup_scene1,1,old
1523,6.496863842010498,0.0831559900675699,PBPF,soup_scene1,1,old
1524,6.50125527381897,0.0831278443939016,PBPF,soup_scene1,1,old
1525,6.505711317062378,0.0831459201258562,PBPF,soup_scene1,1,old
1526,6.510246753692627,0.0831422322553382,PBPF,soup_scene1,1,old
1527,6.514634132385254,0.0831615559686875,PBPF,soup_scene1,1,old
1528,6.5190160274505615,0.0831407705108686,PBPF,soup_scene1,1,old
1529,6.523451805114746,0.0831463214223,PBPF,soup_scene1,1,old
1530,6.52787184715271,0.0831495546242911,PBPF,soup_scene1,1,old
1531,6.532363176345825,0.0831378750041117,PBPF,soup_scene1,1,old
1532,6.536807298660278,0.083163904800255,PBPF,soup_scene1,1,old
1533,6.541042566299439,0.083142116690178,PBPF,soup_scene1,1,old
1534,6.545316696166992,0.083142116690178,PBPF,soup_scene1,1,old
1535,6.549522399902344,0.0831382879156115,PBPF,soup_scene1,1,old
1536,6.554081916809082,0.0831382879156115,PBPF,soup_scene1,1,old
1537,6.55831789970398,0.0831488948791903,PBPF,soup_scene1,1,old
1538,6.562551736831665,0.0831488948791903,PBPF,soup_scene1,1,old
1539,6.566579580307007,0.0831694859742556,PBPF,soup_scene1,1,old
1540,6.570871353149414,0.0831694859742556,PBPF,soup_scene1,1,old
1541,6.57494592666626,0.0831606814266892,PBPF,soup_scene1,1,old
1542,6.579194784164429,0.0831419479533637,PBPF,soup_scene1,1,old
1543,6.583372116088867,0.0831414511937756,PBPF,soup_scene1,1,old
1544,6.587549448013306,0.0831414511937756,PBPF,soup_scene1,1,old
1545,6.591779708862305,0.0831778647478005,PBPF,soup_scene1,1,old
1546,6.596143007278442,0.0831778647478005,PBPF,soup_scene1,1,old
1547,6.60029673576355,0.0831505746972905,PBPF,soup_scene1,1,old
1548,6.604641914367676,0.0831505746972905,PBPF,soup_scene1,1,old
1549,6.608996868133545,0.083150497505952,PBPF,soup_scene1,1,old
1550,6.613248586654663,0.083150497505952,PBPF,soup_scene1,1,old
1551,6.617432594299316,0.0831427391862051,PBPF,soup_scene1,1,old
1552,6.621690273284912,0.0831427391862051,PBPF,soup_scene1,1,old
1553,6.62611198425293,0.0831331561299542,PBPF,soup_scene1,1,old
1554,6.630273580551148,0.0831331561299542,PBPF,soup_scene1,1,old
1555,6.634669780731201,0.0831480904753261,PBPF,soup_scene1,1,old
1556,6.638760805130005,0.0831480904753261,PBPF,soup_scene1,1,old
1557,6.643085241317749,0.0831440447672058,PBPF,soup_scene1,1,old
1558,6.647203207015991,0.0831440447672058,PBPF,soup_scene1,1,old
1559,6.65147590637207,0.0831419173387413,PBPF,soup_scene1,1,old
1560,6.655770540237427,0.0831419173387413,PBPF,soup_scene1,1,old
1561,6.660178661346436,0.0831408191569469,PBPF,soup_scene1,1,old
1562,6.664261341094971,0.0831408191569469,PBPF,soup_scene1,1,old
1563,6.668635368347168,0.0831581135759869,PBPF,soup_scene1,1,old
1564,6.672680616378784,0.0831581135759869,PBPF,soup_scene1,1,old
1565,6.676962614059448,0.0831405639509256,PBPF,soup_scene1,1,old
1566,6.681112051010132,0.0831405639509256,PBPF,soup_scene1,1,old
1567,6.685481309890747,0.0831446558828399,PBPF,soup_scene1,1,old
1568,6.689504384994507,0.0831446558828399,PBPF,soup_scene1,1,old
1569,6.693932056427002,0.0831716587918456,PBPF,soup_scene1,1,old
1570,6.69806981086731,0.0831464251335673,PBPF,soup_scene1,1,old
1571,6.702406406402588,0.0831405111618717,PBPF,soup_scene1,1,old
1572,6.706541538238525,0.0831405111618717,PBPF,soup_scene1,1,old
1573,6.710881471633911,0.0831481066206207,PBPF,soup_scene1,1,old
1574,6.71497917175293,0.0831481066206207,PBPF,soup_scene1,1,old
1575,6.719318628311157,0.0831685310001822,PBPF,soup_scene1,1,old
1576,6.723501682281494,0.0831685310001822,PBPF,soup_scene1,1,old
1577,6.727821111679077,0.0831559274210291,PBPF,soup_scene1,1,old
1578,6.731868743896484,0.0831559274210291,PBPF,soup_scene1,1,old
1579,6.736173629760742,0.0831575712917075,PBPF,soup_scene1,1,old
1580,6.740304708480835,0.0831575712917075,PBPF,soup_scene1,1,old
1581,6.744651556015015,0.0831454577821725,PBPF,soup_scene1,1,old
1582,6.748780250549316,0.0831454577821725,PBPF,soup_scene1,1,old
1583,6.753244161605835,0.0831510732570447,PBPF,soup_scene1,1,old
1584,6.757325649261475,0.0831435615494029,PBPF,soup_scene1,1,old
1585,6.761513710021973,0.0831430658097548,PBPF,soup_scene1,1,old
1586,6.765477180480957,0.0831430658097548,PBPF,soup_scene1,1,old
1587,6.769591808319092,0.0831430658097548,PBPF,soup_scene1,1,old
1588,6.773781776428223,0.0831465610015732,PBPF,soup_scene1,1,old
1589,6.778409004211426,0.0831493714315042,PBPF,soup_scene1,1,old
1590,6.782608509063721,0.0831336474081424,PBPF,soup_scene1,1,old
1591,6.786965370178223,0.0831336474081424,PBPF,soup_scene1,1,old
1592,6.791418075561523,0.0831508521997503,PBPF,soup_scene1,1,old
1593,6.796071290969849,0.0831515571187107,PBPF,soup_scene1,1,old
1594,6.800304651260376,0.0831235886239127,PBPF,soup_scene1,1,old
1595,6.804583549499512,0.0831235886239127,PBPF,soup_scene1,1,old
1596,6.808656215667725,0.0831235886239127,PBPF,soup_scene1,1,old
1597,6.812985420227051,0.0831199844139355,PBPF,soup_scene1,1,old
1598,6.817405462265015,0.083102996624425,PBPF,soup_scene1,1,old
1599,6.821784973144531,0.0830659541084532,PBPF,soup_scene1,1,old
1600,6.826318979263306,0.0830659541084532,PBPF,soup_scene1,1,old
1601,6.830786228179932,0.0830659541084532,PBPF,soup_scene1,1,old
1602,6.835145950317383,0.0830724844928869,PBPF,soup_scene1,1,old
1603,6.839709997177124,0.0830619192179824,PBPF,soup_scene1,1,old
1604,6.844228982925415,0.0830788649593624,PBPF,soup_scene1,1,old
1605,6.848673343658447,0.0830552652823008,PBPF,soup_scene1,1,old
1606,6.853028774261475,0.0831977646426045,PBPF,soup_scene1,1,old
1607,6.857376337051392,0.0831707142405258,PBPF,soup_scene1,1,old
1608,6.861573457717896,0.083011159902376,PBPF,soup_scene1,1,old
1609,6.865773439407349,0.0829758740872113,PBPF,soup_scene1,1,old
1610,6.869884490966797,0.0829758740872113,PBPF,soup_scene1,1,old
1611,6.873973369598389,0.0830041558607535,PBPF,soup_scene1,1,old
1612,6.877968311309815,0.0829698357234099,PBPF,soup_scene1,1,old
1613,6.882070302963257,0.0829698357234099,PBPF,soup_scene1,1,old
1614,6.886363744735718,0.0836892460102139,PBPF,soup_scene1,1,old
1615,6.890329837799072,0.0836852806767291,PBPF,soup_scene1,1,old
1616,6.894544363021851,0.0836351592642311,PBPF,soup_scene1,1,old
1617,6.898902893066406,0.0835703001983937,PBPF,soup_scene1,1,old
1618,6.903353452682495,0.0835369387361645,PBPF,soup_scene1,1,old
1619,6.907533884048462,0.0835441844685922,PBPF,soup_scene1,1,old
1620,6.911825895309448,0.0834748940357917,PBPF,soup_scene1,1,old
1621,6.916062831878662,0.0834044741076022,PBPF,soup_scene1,1,old
1622,6.9205849170684814,0.0833623449623203,PBPF,soup_scene1,1,old
1623,6.925052642822266,0.0832687460149458,PBPF,soup_scene1,1,old
1624,6.929339408874512,0.0832198272972268,PBPF,soup_scene1,1,old
1625,6.933751106262207,0.0831752268906946,PBPF,soup_scene1,1,old
1626,6.93820595741272,0.0831483873527438,PBPF,soup_scene1,1,old
1627,6.942683696746826,0.0830473723179575,PBPF,soup_scene1,1,old
1628,6.946754693984985,0.0830473723179575,PBPF,soup_scene1,1,old
1629,6.951062917709351,0.0829297228056431,PBPF,soup_scene1,1,old
1630,6.955171823501587,0.0829297228056431,PBPF,soup_scene1,1,old
1631,6.95949125289917,0.0828067135911826,PBPF,soup_scene1,1,old
1632,6.963528156280518,0.0828067135911826,PBPF,soup_scene1,1,old
1633,6.967760801315308,0.0826991775757099,PBPF,soup_scene1,1,old
1634,6.971760749816895,0.0826991775757099,PBPF,soup_scene1,1,old
1635,6.975994348526001,0.0826096402613864,PBPF,soup_scene1,1,old
1636,6.98034405708313,0.0826096402613864,PBPF,soup_scene1,1,old
1637,6.984785795211792,0.0825358629692432,PBPF,soup_scene1,1,old
1638,6.989139795303345,0.0825358629692432,PBPF,soup_scene1,1,old
1639,6.993563175201416,0.0824802490086766,PBPF,soup_scene1,1,old
1640,6.997509717941284,0.0824802490086766,PBPF,soup_scene1,1,old
1641,7.001844882965088,0.0823298909635276,PBPF,soup_scene1,1,old
1642,7.005785226821899,0.0823298909635276,PBPF,soup_scene1,1,old
1643,7.010178565979004,0.0821857109242054,PBPF,soup_scene1,1,old
1644,7.014495134353638,0.0821857109242054,PBPF,soup_scene1,1,old
1645,7.01889967918396,0.0820693190471322,PBPF,soup_scene1,1,old
1646,7.0232322216033936,0.0820736077478004,PBPF,soup_scene1,1,old
1647,7.027896165847778,0.081985250448673,PBPF,soup_scene1,1,old
1648,7.03206467628479,0.0819834425364538,PBPF,soup_scene1,1,old
1649,7.036526918411255,0.0819934310235693,PBPF,soup_scene1,1,old
1650,7.040931701660156,0.0818518436789173,PBPF,soup_scene1,1,old
1651,7.045222759246826,0.0818518436789173,PBPF,soup_scene1,1,old
1652,7.049607992172241,0.0918272989907987,PBPF,soup_scene1,1,old
1653,7.05397891998291,0.0918272989907987,PBPF,soup_scene1,1,old
1654,7.058379173278809,0.091840332047098,PBPF,soup_scene1,1,old
1655,7.062679767608643,0.0917070148150969,PBPF,soup_scene1,1,old
1656,7.067070722579956,0.0915933163754922,PBPF,soup_scene1,1,old
1657,7.07132363319397,0.0915933163754922,PBPF,soup_scene1,1,old
1658,7.076003313064575,0.0915457427705125,PBPF,soup_scene1,1,old
1659,7.080105543136597,0.0915457427705125,PBPF,soup_scene1,1,old
1660,7.084482192993164,0.0913407641040363,PBPF,soup_scene1,1,old
1661,7.088680982589722,0.0913407641040363,PBPF,soup_scene1,1,old
1662,7.093156099319458,0.0912240340922611,PBPF,soup_scene1,1,old
1663,7.097428798675537,0.0912240340922611,PBPF,soup_scene1,1,old
1664,7.101924419403076,0.0911130553183103,PBPF,soup_scene1,1,old
1665,7.106412887573242,0.0911130553183103,PBPF,soup_scene1,1,old
1666,7.110804557800293,0.0910714687122858,PBPF,soup_scene1,1,old
1667,7.114962816238403,0.0910714687122858,PBPF,soup_scene1,1,old
1668,7.119500160217285,0.0909304036101611,PBPF,soup_scene1,1,old
1669,7.123641490936279,0.0909304036101611,PBPF,soup_scene1,1,old
1670,7.128098487854004,0.0908891913204504,PBPF,soup_scene1,1,old
1671,7.132395267486572,0.0909118360114837,PBPF,soup_scene1,1,old
1672,7.136805295944214,0.0907958415773415,PBPF,soup_scene1,1,old
1673,7.140974998474121,0.0907836754460397,PBPF,soup_scene1,1,old
1674,7.145368099212647,0.0906775638557535,PBPF,soup_scene1,1,old
1675,7.149694204330444,0.0904781752174769,PBPF,soup_scene1,1,old
1676,7.154109716415405,0.0904781752174769,PBPF,soup_scene1,1,old
1677,7.158557653427124,0.0905104245767539,PBPF,soup_scene1,1,old
1678,7.162927150726318,0.0905117692947848,PBPF,soup_scene1,1,old
1679,7.167316198348999,0.0902873445169492,PBPF,soup_scene1,1,old
1680,7.1715357303619385,0.0902873445169492,PBPF,soup_scene1,1,old
1681,7.175970554351807,0.0901974888510628,PBPF,soup_scene1,1,old
1682,7.180229663848877,0.0901974888510628,PBPF,soup_scene1,1,old
1683,7.184720277786255,0.0901325253487752,PBPF,soup_scene1,1,old
1684,7.188960075378418,0.0901325253487752,PBPF,soup_scene1,1,old
1685,7.193597078323364,0.0899646868795702,PBPF,soup_scene1,1,old
1686,7.197946071624756,0.0935791576510921,PBPF,soup_scene1,1,old
1687,7.202498912811279,0.093501649167254,PBPF,soup_scene1,1,old
1688,7.206601142883301,0.093501649167254,PBPF,soup_scene1,1,old
1689,7.211024522781372,0.093308177094,PBPF,soup_scene1,1,old
1690,7.215756416320801,0.0933101994292998,PBPF,soup_scene1,1,old
1691,7.220012664794922,0.0933101994292998,PBPF,soup_scene1,1,old
1692,7.224247932434082,0.0932772824724289,PBPF,soup_scene1,1,old
1693,7.228772640228271,0.093104958841485,PBPF,soup_scene1,1,old
1694,7.232995510101318,0.0931019125524109,PBPF,soup_scene1,1,old
1695,7.237360715866089,0.0930101668768853,PBPF,soup_scene1,1,old
1696,7.241518974304199,0.0928371562512761,PBPF,soup_scene1,1,old
1697,7.245856761932373,0.0928371562512761,PBPF,soup_scene1,1,old
1698,7.25022029876709,0.0928387928963934,PBPF,soup_scene1,1,old
1699,7.254540681838989,0.0928387928963934,PBPF,soup_scene1,1,old
1700,7.259204864501953,0.0926135782452027,PBPF,soup_scene1,1,old
1701,7.263818740844727,0.0926135782452027,PBPF,soup_scene1,1,old
1702,7.268484354019165,0.0925919554175702,PBPF,soup_scene1,1,old
1703,7.27266788482666,0.0925919554175702,PBPF,soup_scene1,1,old
1704,7.277200222015381,0.0924775420679574,PBPF,soup_scene1,1,old
1705,7.281734943389893,0.0924701826757498,PBPF,soup_scene1,1,old
1706,7.286340236663818,0.09234923785633,PBPF,soup_scene1,1,old
1707,7.290666580200195,0.09234923785633,PBPF,soup_scene1,1,old
1708,7.295206785202026,0.0922567858072149,PBPF,soup_scene1,1,old
1709,7.299747705459595,0.0922641208665475,PBPF,soup_scene1,1,old
1710,7.304165601730347,0.0921952568088733,PBPF,soup_scene1,1,old
1711,7.3086090087890625,0.092145092548747,PBPF,soup_scene1,1,old
1712,7.313031911849976,0.092145092548747,PBPF,soup_scene1,1,old
1713,7.317572832107544,0.0919255635512036,PBPF,soup_scene1,1,old
1714,7.321805953979492,0.0919255635512036,PBPF,soup_scene1,1,old
1715,7.326471567153931,0.0918980936616054,PBPF,soup_scene1,1,old
1716,7.330717086791992,0.0918980936616054,PBPF,soup_scene1,1,old
1717,7.335590839385986,0.0917810240518013,PBPF,soup_scene1,1,old
1718,7.339667081832886,0.0917810240518013,PBPF,soup_scene1,1,old
1719,7.344253063201904,0.0916865950347459,PBPF,soup_scene1,1,old
1720,7.348808526992798,0.0916865950347459,PBPF,soup_scene1,1,old
1721,7.353377342224121,0.0916416192036645,PBPF,soup_scene1,1,old
1722,7.357784748077393,0.0915903424499173,PBPF,soup_scene1,1,old
1723,7.362443923950195,0.089255462376944,PBPF,soup_scene1,1,old
1724,7.36714768409729,0.0891873215928603,PBPF,soup_scene1,1,old
1725,7.371534585952759,0.0891873215928603,PBPF,soup_scene1,1,old
1726,7.375972509384155,0.0889512068535863,PBPF,soup_scene1,1,old
1727,7.380493640899658,0.0889512068535863,PBPF,soup_scene1,1,old
1728,7.385105848312378,0.0888905211679391,PBPF,soup_scene1,1,old
1729,7.389448881149292,0.0888905211679391,PBPF,soup_scene1,1,old
1730,7.394107103347778,0.0888168047746447,PBPF,soup_scene1,1,old
1731,7.39861273765564,0.0888168047746447,PBPF,soup_scene1,1,old
1732,7.4031662940979,0.0887022864809722,PBPF,soup_scene1,1,old
1733,7.407442331314087,0.0886204999107488,PBPF,soup_scene1,1,old
1734,7.411883592605591,0.0886204999107488,PBPF,soup_scene1,1,old
1735,7.416253566741943,0.0886191984050432,PBPF,soup_scene1,1,old
1736,7.420740365982056,0.0885552048316106,PBPF,soup_scene1,1,old
1737,7.42543625831604,0.0884500084995986,PBPF,soup_scene1,1,old
1738,7.429896831512451,0.0884500084995986,PBPF,soup_scene1,1,old
1739,7.43451189994812,0.0883428369923557,PBPF,soup_scene1,1,old
1740,7.438809633255005,0.0883428369923557,PBPF,soup_scene1,1,old
1741,7.443378210067749,0.0882414633449908,PBPF,soup_scene1,1,old
1742,7.447798490524292,0.0882414633449908,PBPF,soup_scene1,1,old
1743,7.452452421188354,0.0883137098061348,PBPF,soup_scene1,1,old
1744,7.456829786300659,0.0883137098061348,PBPF,soup_scene1,1,old
1745,7.461611747741699,0.0882157937717316,PBPF,soup_scene1,1,old
1746,7.466273784637451,0.0879827093164871,PBPF,soup_scene1,1,old
1747,7.470741271972656,0.0879827093164871,PBPF,soup_scene1,1,old
1748,7.475152015686035,0.0879182498675919,PBPF,soup_scene1,1,old
1749,7.4797632694244385,0.0879182498675919,PBPF,soup_scene1,1,old
1750,7.484257459640503,0.0877979528359284,PBPF,soup_scene1,1,old
1751,7.488659858703613,0.0877979528359284,PBPF,soup_scene1,1,old
1752,7.493186950683594,0.0877124440733826,PBPF,soup_scene1,1,old
1753,7.497797250747681,0.0877124440733826,PBPF,soup_scene1,1,old
1754,7.502475738525391,0.0876690152285768,PBPF,soup_scene1,1,old
1755,7.506934642791748,0.0876690152285768,PBPF,soup_scene1,1,old
1756,7.511483192443848,0.0876360933574098,PBPF,soup_scene1,1,old
1757,7.515836238861084,0.0876360933574098,PBPF,soup_scene1,1,old
1758,7.52059531211853,0.0870052807228396,PBPF,soup_scene1,1,old
1759,7.525005340576172,0.0869081888641489,PBPF,soup_scene1,1,old
1760,7.529737710952759,0.0869081888641489,PBPF,soup_scene1,1,old
1761,7.534408092498779,0.0868680967955288,PBPF,soup_scene1,1,old
1762,7.538850545883179,0.0868680967955288,PBPF,soup_scene1,1,old
1763,7.543503284454346,0.0866646299900358,PBPF,soup_scene1,1,old
1764,7.548372030258179,0.0866646299900358,PBPF,soup_scene1,1,old
1765,7.553287506103516,0.0866429202927104,PBPF,soup_scene1,1,old
1766,7.557998418807983,0.0866186438409728,PBPF,soup_scene1,1,old
1767,7.562685012817383,0.0865329647787437,PBPF,soup_scene1,1,old
1768,7.566939830780029,0.0865329647787437,PBPF,soup_scene1,1,old
1769,7.571324825286865,0.0864665699643029,PBPF,soup_scene1,1,old
1770,7.575381755828857,0.0864665699643029,PBPF,soup_scene1,1,old
1771,7.580940723419189,0.0864627191288698,PBPF,soup_scene1,1,old
1772,7.586850166320801,0.0863759207723075,PBPF,soup_scene1,1,old
1773,7.592706918716431,0.0862859262376301,PBPF,soup_scene1,1,old
1774,7.598301887512207,0.0862859262376301,PBPF,soup_scene1,1,old
1775,7.603945016860962,0.0861125720126671,PBPF,soup_scene1,1,old
1776,7.609322786331177,0.0861125720126671,PBPF,soup_scene1,1,old
1777,7.615046262741089,0.0861013599970608,PBPF,soup_scene1,1,old
1778,7.62063193321228,0.086007672336722,PBPF,soup_scene1,1,old
1779,7.625460386276245,0.0860485841936229,PBPF,soup_scene1,1,old
1780,7.629922866821289,0.0860485841936229,PBPF,soup_scene1,1,old
1781,7.634236335754394,0.0866839885233452,PBPF,soup_scene1,1,old
1782,7.639472961425781,0.0859556037729519,PBPF,soup_scene1,1,old
1783,7.643656492233276,0.0859556037729519,PBPF,soup_scene1,1,old
1784,7.647865056991577,0.0859556037729519,PBPF,soup_scene1,1,old
1785,7.652543067932129,0.0858785010765204,PBPF,soup_scene1,1,old
1786,7.657229423522949,0.0858785010765204,PBPF,soup_scene1,1,old
1787,7.661490201950073,0.0858785010765204,PBPF,soup_scene1,1,old
1788,7.665916681289673,0.0857728704720614,PBPF,soup_scene1,1,old
1789,7.671117544174194,0.0857728704720614,PBPF,soup_scene1,1,old
1790,7.675175189971924,0.0857728704720614,PBPF,soup_scene1,1,old
1791,7.679632663726807,0.0856402881679935,PBPF,soup_scene1,1,old
1792,7.683939218521118,0.090021808730002,PBPF,soup_scene1,1,old
1793,7.689173698425293,0.0902045414577476,PBPF,soup_scene1,1,old
1794,7.693281173706055,0.0902045414577476,PBPF,soup_scene1,1,old
1795,7.697552442550659,0.0902045414577476,PBPF,soup_scene1,1,old
1796,7.70290994644165,0.0898101108489149,PBPF,soup_scene1,1,old
1797,7.707301616668701,0.0898142707869787,PBPF,soup_scene1,1,old
1798,7.711758375167847,0.0897342915938902,PBPF,soup_scene1,1,old
1799,7.716127395629883,0.089777419763617,PBPF,soup_scene1,1,old
1800,7.721447706222534,0.0896309928163821,PBPF,soup_scene1,1,old
1801,7.726102828979492,0.0895455622282701,PBPF,soup_scene1,1,old
1802,7.730623722076416,0.0894884075966228,PBPF,soup_scene1,1,old
1803,7.735881805419922,0.0897040898226675,PBPF,soup_scene1,1,old
1804,7.740344762802124,0.0896758068286287,PBPF,soup_scene1,1,old
1805,7.7448389530181885,0.0894006185646253,PBPF,soup_scene1,1,old
1806,7.7492101192474365,0.0894648836442586,PBPF,soup_scene1,1,old
1807,7.754384279251099,0.0891078241388989,PBPF,soup_scene1,1,old
1808,7.758805274963379,0.0891112267088587,PBPF,soup_scene1,1,old
1809,7.763080835342407,0.0891231405590491,PBPF,soup_scene1,1,old
1810,7.767446517944336,0.0891093485506241,PBPF,soup_scene1,1,old
1811,7.7720887660980225,0.0893228060391189,PBPF,soup_scene1,1,old
1812,7.776370286941528,0.0899756349131595,PBPF,soup_scene1,1,old
1813,7.780591249465942,0.0899756349131595,PBPF,soup_scene1,1,old
1814,7.785489082336426,0.0892224951223255,PBPF,soup_scene1,1,old
1815,7.789722681045532,0.0892224951223255,PBPF,soup_scene1,1,old
1816,7.794041633605957,0.0891088585160514,PBPF,soup_scene1,1,old
1817,7.798107624053955,0.0891088585160514,PBPF,soup_scene1,1,old
1818,7.80275821685791,0.0890353824199552,PBPF,soup_scene1,1,old
1819,7.806859016418457,0.0890504496610148,PBPF,soup_scene1,1,old
1820,7.810995101928711,0.0888756590357301,PBPF,soup_scene1,1,old
1821,7.815124988555908,0.0888756590357301,PBPF,soup_scene1,1,old
1822,7.820186614990234,0.088802089749001,PBPF,soup_scene1,1,old
1823,7.824659109115601,0.0887194255807097,PBPF,soup_scene1,1,old
1824,7.828823804855347,0.0887194255807097,PBPF,soup_scene1,1,old
1825,7.833127975463867,0.0887212649074929,PBPF,soup_scene1,1,old
1826,7.83789587020874,0.0887212649074929,PBPF,soup_scene1,1,old
1827,7.842197418212891,0.0887122790445107,PBPF,soup_scene1,1,old
1828,7.846518039703369,0.091943901937266,PBPF,soup_scene1,1,old
1829,7.850913047790527,0.0918545083942613,PBPF,soup_scene1,1,old
1830,7.855235815048218,0.0918545083942613,PBPF,soup_scene1,1,old
1831,7.860064506530762,0.0917665374616946,PBPF,soup_scene1,1,old
1832,7.86412239074707,0.0917665374616946,PBPF,soup_scene1,1,old
1833,7.86916971206665,0.0917227003787763,PBPF,soup_scene1,1,old
1834,7.873367071151733,0.0917232719373625,PBPF,soup_scene1,1,old
1835,7.877628326416016,0.0915655472479538,PBPF,soup_scene1,1,old
1836,7.88175106048584,0.0915655472479538,PBPF,soup_scene1,1,old
1837,7.886430740356445,0.0914990465677869,PBPF,soup_scene1,1,old
1838,7.890778303146362,0.0915249253044643,PBPF,soup_scene1,1,old
1839,7.895419120788574,0.0913737534399563,PBPF,soup_scene1,1,old
1840,7.899724245071411,0.0913737534399563,PBPF,soup_scene1,1,old
1841,7.904480218887329,0.0912670025790555,PBPF,soup_scene1,1,old
1842,7.908991575241089,0.0911603790516987,PBPF,soup_scene1,1,old
1843,7.913285493850708,0.0911603790516987,PBPF,soup_scene1,1,old
1844,7.917809963226318,0.0910714204847904,PBPF,soup_scene1,1,old
1845,7.921997308731079,0.0910714204847904,PBPF,soup_scene1,1,old
1846,7.926462173461914,0.0909624234416261,PBPF,soup_scene1,1,old
1847,7.931087732315063,0.0909624234416261,PBPF,soup_scene1,1,old
1848,7.935967922210693,0.0909211734814879,PBPF,soup_scene1,1,old
1849,7.9401466846466064,0.0909211734814879,PBPF,soup_scene1,1,old
1850,7.944897413253784,0.0909048869248969,PBPF,soup_scene1,1,old
1851,7.949258089065552,0.0908806054921909,PBPF,soup_scene1,1,old
1852,7.953863382339477,0.09079598245479,PBPF,soup_scene1,1,old
1853,7.958263158798218,0.0907298240056258,PBPF,soup_scene1,1,old
1854,7.962700605392456,0.0907298240056258,PBPF,soup_scene1,1,old
1855,7.9667158126831055,0.0907298240056258,PBPF,soup_scene1,1,old
1856,7.97133731842041,0.0905863720137315,PBPF,soup_scene1,1,old
1857,7.975689172744751,0.0905863720137315,PBPF,soup_scene1,1,old
1858,7.979933500289917,0.0906017293587187,PBPF,soup_scene1,1,old
1859,7.984442234039307,0.0905270491586406,PBPF,soup_scene1,1,old
1860,7.988790273666382,0.0905270491586406,PBPF,soup_scene1,1,old
1861,7.993465423583984,0.0904110157025903,PBPF,soup_scene1,1,old
1862,7.997478485107422,0.0904110157025903,PBPF,soup_scene1,1,old
1863,8.0016508102417,0.0904110157025903,PBPF,soup_scene1,1,old
1864,8.005989789962769,0.0925040332218498,PBPF,soup_scene1,1,old
1865,8.010061502456665,0.0925040332218498,PBPF,soup_scene1,1,old
1866,8.01413106918335,0.0925040332218498,PBPF,soup_scene1,1,old
1867,8.018415927886963,0.0924255619150245,PBPF,soup_scene1,1,old
1868,8.023148536682129,0.0924255619150245,PBPF,soup_scene1,1,old
1869,8.027398586273193,0.092450609813656,PBPF,soup_scene1,1,old
1870,8.031944274902344,0.0923959643056829,PBPF,soup_scene1,1,old
1871,8.036075592041016,0.0923959643056829,PBPF,soup_scene1,1,old
1872,8.04055404663086,0.0922257141146196,PBPF,soup_scene1,1,old
1873,8.045130014419556,0.0922257141146196,PBPF,soup_scene1,1,old
1874,8.04960322380066,0.0921777888004219,PBPF,soup_scene1,1,old
1875,8.054007291793823,0.0921777888004219,PBPF,soup_scene1,1,old
1876,8.05847716331482,0.0921244312360428,PBPF,soup_scene1,1,old
1877,8.062946557998657,0.0921244312360428,PBPF,soup_scene1,1,old
1878,8.06708574295044,0.0921244312360428,PBPF,soup_scene1,1,old
1879,8.07193922996521,0.0920429198328863,PBPF,soup_scene1,1,old
1880,8.076112508773804,0.0920429198328863,PBPF,soup_scene1,1,old
1881,8.080887079238892,0.0919705836428116,PBPF,soup_scene1,1,old
1882,8.085076808929443,0.0919387335678291,PBPF,soup_scene1,1,old
1883,8.089568614959717,0.0918501798655458,PBPF,soup_scene1,1,old
1884,8.093754768371582,0.0918501798655458,PBPF,soup_scene1,1,old
1885,8.098234415054321,0.092102648911129,PBPF,soup_scene1,1,old
1886,8.1030912399292,0.0917215173966701,PBPF,soup_scene1,1,old
1887,8.107952117919922,0.091725860788813,PBPF,soup_scene1,1,old
1888,8.112512350082397,0.09155455056025,PBPF,soup_scene1,1,old
1889,8.117257833480835,0.0915750242394487,PBPF,soup_scene1,1,old
1890,8.12195086479187,0.091771645047602,PBPF,soup_scene1,1,old
1891,8.126436471939087,0.0913877317203543,PBPF,soup_scene1,1,old
1892,8.130998373031616,0.0913062955376302,PBPF,soup_scene1,1,old
1893,8.135665655136108,0.0912384366597134,PBPF,soup_scene1,1,old
1894,8.140002489089966,0.0912078038022669,PBPF,soup_scene1,1,old
1895,8.144412279129028,0.0911933152164825,PBPF,soup_scene1,1,old
1896,8.148519039154053,0.0911933152164825,PBPF,soup_scene1,1,old
1897,8.153411149978638,0.0910781399788606,PBPF,soup_scene1,1,old
1898,8.157703638076782,0.0913470800543645,PBPF,soup_scene1,1,old
1899,8.162265062332153,0.0912739567684123,PBPF,soup_scene1,1,old
1900,8.166726112365723,0.0856293392668864,PBPF,soup_scene1,1,old
1901,8.171207904815674,0.0852781869375439,PBPF,soup_scene1,1,old
1902,8.175527811050415,0.0851689231243255,PBPF,soup_scene1,1,old
1903,8.179753541946411,0.0851689231243255,PBPF,soup_scene1,1,old
1904,8.184109926223755,0.0851383566847914,PBPF,soup_scene1,1,old
1905,8.188333749771118,0.0851383566847914,PBPF,soup_scene1,1,old
1906,8.192737102508545,0.0850911073241191,PBPF,soup_scene1,1,old
1907,8.196727991104126,0.0850911073241191,PBPF,soup_scene1,1,old
1908,8.200928449630737,0.0850252746326558,PBPF,soup_scene1,1,old
1909,8.20497441291809,0.0850252746326558,PBPF,soup_scene1,1,old
1910,8.209157705307007,0.0849536768711311,PBPF,soup_scene1,1,old
1911,8.21348786354065,0.0849536768711311,PBPF,soup_scene1,1,old
1912,8.217902660369873,0.0848549261205183,PBPF,soup_scene1,1,old
1913,8.22220253944397,0.0848549261205183,PBPF,soup_scene1,1,old
1914,8.226845741271973,0.084797087818702,PBPF,soup_scene1,1,old
1915,8.231117963790894,0.084797087818702,PBPF,soup_scene1,1,old
1916,8.235631227493286,0.0849638349356304,PBPF,soup_scene1,1,old
1917,8.239800930023193,0.0849638349356304,PBPF,soup_scene1,1,old
1918,8.244194030761719,0.0847062681361948,PBPF,soup_scene1,1,old
1919,8.248358011245728,0.0847062681361948,PBPF,soup_scene1,1,old
1920,8.252946138381958,0.084884251843659,PBPF,soup_scene1,1,old
1921,8.257222175598145,0.084884251843659,PBPF,soup_scene1,1,old
1922,8.261698484420776,0.0845260264082439,PBPF,soup_scene1,1,old
1923,8.265968561172485,0.0845648116222307,PBPF,soup_scene1,1,old
1924,8.270528793334961,0.0845117882540259,PBPF,soup_scene1,1,old
1925,8.274969816207886,0.0844253665091535,PBPF,soup_scene1,1,old
1926,8.279330730438232,0.0844253665091535,PBPF,soup_scene1,1,old
1927,8.283846616744995,0.0843503318643968,PBPF,soup_scene1,1,old
1928,8.288209915161133,0.0843503318643968,PBPF,soup_scene1,1,old
1929,8.292567014694214,0.0842977641997384,PBPF,soup_scene1,1,old
1930,8.296743154525757,0.0842977641997384,PBPF,soup_scene1,1,old
1931,8.301693677902222,0.0842207347107534,PBPF,soup_scene1,1,old
1932,8.30594277381897,0.0842207347107534,PBPF,soup_scene1,1,old
1933,8.310381412506104,0.0841612052456289,PBPF,soup_scene1,1,old
1934,8.314642667770386,0.0841612052456289,PBPF,soup_scene1,1,old
1935,8.319226503372192,0.084064508737914,PBPF,soup_scene1,1,old
1936,8.323599338531494,0.0876596144787707,PBPF,soup_scene1,1,old
1937,8.32798147201538,0.087611309642369,PBPF,soup_scene1,1,old
1938,8.332133054733276,0.087611309642369,PBPF,soup_scene1,1,old
1939,8.336807489395142,0.0875405182857688,PBPF,soup_scene1,1,old
1940,8.341039180755615,0.0875405182857688,PBPF,soup_scene1,1,old
1941,8.345483541488647,0.0874808347004688,PBPF,soup_scene1,1,old
1942,8.350122690200806,0.0874222673770406,PBPF,soup_scene1,1,old
1943,8.354400634765625,0.0874222673770406,PBPF,soup_scene1,1,old
1944,8.35871934890747,0.0874545373308222,PBPF,soup_scene1,1,old
1945,8.362972259521484,0.0874288482451889,PBPF,soup_scene1,1,old
1946,8.367294311523438,0.0877253223633693,PBPF,soup_scene1,1,old
1947,8.371628522872925,0.0877253223633693,PBPF,soup_scene1,1,old
1948,8.376018285751343,0.0876475471015371,PBPF,soup_scene1,1,old
1949,8.380467176437378,0.0876475471015371,PBPF,soup_scene1,1,old
1950,8.384968996047974,0.0875679748740795,PBPF,soup_scene1,1,old
1951,8.38918161392212,0.0875679748740795,PBPF,soup_scene1,1,old
1952,8.393665075302124,0.0874317167034327,PBPF,soup_scene1,1,old
1953,8.397722959518433,0.0874317167034327,PBPF,soup_scene1,1,old
1954,8.402070045471191,0.0873974626415278,PBPF,soup_scene1,1,old
1955,8.40609097480774,0.0873974626415278,PBPF,soup_scene1,1,old
1956,8.410308122634888,0.0873498112131715,PBPF,soup_scene1,1,old
1957,8.414837837219238,0.0873657459839034,PBPF,soup_scene1,1,old
1958,8.41937780380249,0.087338327725974,PBPF,soup_scene1,1,old
1959,8.423616886138916,0.087159887692607,PBPF,soup_scene1,1,old
1960,8.42817997932434,0.0870850451530873,PBPF,soup_scene1,1,old
1961,8.432375431060791,0.0870876286357137,PBPF,soup_scene1,1,old
1962,8.436834573745728,0.0870134485038781,PBPF,soup_scene1,1,old
1963,8.441150188446045,0.0869304968867478,PBPF,soup_scene1,1,old
1964,8.445587635040283,0.0869304968867478,PBPF,soup_scene1,1,old
1965,8.449995040893555,0.0869248131330899,PBPF,soup_scene1,1,old
1966,8.454380989074707,0.0869248131330899,PBPF,soup_scene1,1,old
1967,8.45885443687439,0.0868812135717191,PBPF,soup_scene1,1,old
1968,8.463127851486206,0.0868812135717191,PBPF,soup_scene1,1,old
1969,8.467619180679321,0.0866923127380673,PBPF,soup_scene1,1,old
1970,8.472041845321655,0.0866923127380673,PBPF,soup_scene1,1,old
1971,8.476413488388062,0.0866027194136073,PBPF,soup_scene1,1,old
1972,8.48067331314087,0.0866027194136073,PBPF,soup_scene1,1,old
1973,8.485167264938354,0.0884522050158057,PBPF,soup_scene1,1,old
1974,8.48936152458191,0.0884522050158057,PBPF,soup_scene1,1,old
1975,8.493839025497437,0.0884192238215549,PBPF,soup_scene1,1,old
1976,8.49802827835083,0.0884192238215549,PBPF,soup_scene1,1,old
1977,8.502649307250977,0.088348568550711,PBPF,soup_scene1,1,old
1978,8.50695013999939,0.088348568550711,PBPF,soup_scene1,1,old
1979,8.511393070220947,0.0883593752305273,PBPF,soup_scene1,1,old
1980,8.515804290771484,0.0882529776046599,PBPF,soup_scene1,1,old
1981,8.520244359970093,0.0882529776046599,PBPF,soup_scene1,1,old
1982,8.524572849273682,0.0881791835552181,PBPF,soup_scene1,1,old
1983,8.528805017471313,0.0881791835552181,PBPF,soup_scene1,1,old
1984,8.5332772731781,0.0882059759702696,PBPF,soup_scene1,1,old
1985,8.537850379943848,0.0882059759702696,PBPF,soup_scene1,1,old
1986,8.542335033416748,0.0880305927259648,PBPF,soup_scene1,1,old
1987,8.547084093093872,0.0880305927259648,PBPF,soup_scene1,1,old
1988,8.551823377609253,0.0879884438921635,PBPF,soup_scene1,1,old
1989,8.556380987167358,0.0879884438921635,PBPF,soup_scene1,1,old
1990,8.560946702957153,0.0879791502826942,PBPF,soup_scene1,1,old
1991,8.565240621566772,0.0879808022038601,PBPF,soup_scene1,1,old
1992,8.569892644882202,0.0879211772730365,PBPF,soup_scene1,1,old
1993,8.574193716049194,0.0878760797289939,PBPF,soup_scene1,1,old
1994,8.578689098358154,0.0878578574147087,PBPF,soup_scene1,1,old
1995,8.583327531814575,0.087758618092635,PBPF,soup_scene1,1,old
1996,8.58781361579895,0.087758618092635,PBPF,soup_scene1,1,old
1997,8.592367172241211,0.0876476447710746,PBPF,soup_scene1,1,old
1998,8.596367120742798,0.0876476447710746,PBPF,soup_scene1,1,old
1999,8.600744009017944,0.0875836229246603,PBPF,soup_scene1,1,old
2000,8.604861974716187,0.0875836229246603,PBPF,soup_scene1,1,old
2001,8.609044790267944,0.0876867643621299,PBPF,soup_scene1,1,old
2002,8.613499164581299,0.0876867643621299,PBPF,soup_scene1,1,old
2003,8.618244886398315,0.0876518699906808,PBPF,soup_scene1,1,old
2004,8.622426748275757,0.0876518699906808,PBPF,soup_scene1,1,old
2005,8.626983165740967,0.0876334861098966,PBPF,soup_scene1,1,old
2006,8.631064653396606,0.0876334861098966,PBPF,soup_scene1,1,old
2007,8.635544061660767,0.0875957358584294,PBPF,soup_scene1,1,old
2008,8.639767169952393,0.0875895611188946,PBPF,soup_scene1,1,old
2009,8.644116878509521,0.0875162000877256,PBPF,soup_scene1,1,old
2010,8.648367881774902,0.091037601564857,PBPF,soup_scene1,1,old
2011,8.652995109558105,0.0909006035644696,PBPF,soup_scene1,1,old
2012,8.65723204612732,0.0908924233648551,PBPF,soup_scene1,1,old
2013,8.661626815795898,0.0908542791226154,PBPF,soup_scene1,1,old
2014,8.665886402130127,0.0908675560708129,PBPF,soup_scene1,1,old
2015,8.670360565185547,0.0908501821635869,PBPF,soup_scene1,1,old
2016,8.67467713356018,0.0908044759695809,PBPF,soup_scene1,1,old
2017,8.678929328918457,0.0908044759695809,PBPF,soup_scene1,1,old
2018,8.683399438858032,0.0907470741750312,PBPF,soup_scene1,1,old
2019,8.687795639038086,0.0906561398924589,PBPF,soup_scene1,1,old
2020,8.692222595214844,0.0906244406754938,PBPF,soup_scene1,1,old
2021,8.696388721466064,0.0906244406754938,PBPF,soup_scene1,1,old
2022,8.700807094573975,0.0906015391186708,PBPF,soup_scene1,1,old
2023,8.705120325088501,0.0906015391186708,PBPF,soup_scene1,1,old
2024,8.70951223373413,0.0905103705249478,PBPF,soup_scene1,1,old
2025,8.71367859840393,0.0905103705249478,PBPF,soup_scene1,1,old
2026,8.71834111213684,0.0905497815255097,PBPF,soup_scene1,1,old
2027,8.722822666168213,0.0905497815255097,PBPF,soup_scene1,1,old
2028,8.727579832077026,0.0904920478233293,PBPF,soup_scene1,1,old
2029,8.731836080551147,0.0905049968951636,PBPF,soup_scene1,1,old
2030,8.736687898635864,0.0904549223899536,PBPF,soup_scene1,1,old
2031,8.741047859191895,0.0904412601065614,PBPF,soup_scene1,1,old
2032,8.745612621307373,0.0903604721763328,PBPF,soup_scene1,1,old
2033,8.749788999557495,0.0903604721763328,PBPF,soup_scene1,1,old
2034,8.754349946975708,0.0903081276676586,PBPF,soup_scene1,1,old
2035,8.758503675460815,0.0902515621706599,PBPF,soup_scene1,1,old
2036,8.762932062149048,0.0902123028338494,PBPF,soup_scene1,1,old
2037,8.767021417617798,0.0902123028338494,PBPF,soup_scene1,1,old
2038,8.771341323852539,0.0901713906027783,PBPF,soup_scene1,1,old
2039,8.775422096252441,0.0901713906027783,PBPF,soup_scene1,1,old
2040,8.779616117477417,0.0901713906027783,PBPF,soup_scene1,1,old
2041,8.783776998519897,0.0901713906027783,PBPF,soup_scene1,1,old
2042,8.788415670394897,0.0904612672545341,PBPF,soup_scene1,1,old
2043,8.792894124984741,0.090198372216829,PBPF,soup_scene1,1,old
2044,8.797028541564941,0.090151739987611,PBPF,soup_scene1,1,old
2045,8.80130648612976,0.090151739987611,PBPF,soup_scene1,1,old
2046,8.805576086044312,0.092265714756042,PBPF,soup_scene1,1,old
2047,8.809559345245361,0.092265714756042,PBPF,soup_scene1,1,old
2048,8.813595294952393,0.092265714756042,PBPF,soup_scene1,1,old
2049,8.817919969558716,0.0922099637015939,PBPF,soup_scene1,1,old
2050,8.821880578994751,0.0922099637015939,PBPF,soup_scene1,1,old
2051,8.826730728149414,0.0921699304408653,PBPF,soup_scene1,1,old
2052,8.830761194229126,0.0921699304408653,PBPF,soup_scene1,1,old
2053,8.835243701934814,0.0922233207194697,PBPF,soup_scene1,1,old
2054,8.839332342147827,0.0922233207194697,PBPF,soup_scene1,1,old
2055,8.843695402145386,0.0921721756813473,PBPF,soup_scene1,1,old
2056,8.84784483909607,0.0921721756813473,PBPF,soup_scene1,1,old
2057,8.852242469787598,0.0921742657140625,PBPF,soup_scene1,1,old
2058,8.856558084487915,0.0920699925734384,PBPF,soup_scene1,1,old
2059,8.860801458358765,0.0920699925734384,PBPF,soup_scene1,1,old
2060,8.86516261100769,0.0919412911763584,PBPF,soup_scene1,1,old
2061,8.869679689407349,0.0919354025274248,PBPF,soup_scene1,1,old
2062,8.87392258644104,0.0919039655654591,PBPF,soup_scene1,1,old
2063,8.878137588500977,0.0919039655654591,PBPF,soup_scene1,1,old
2064,8.882354497909546,0.0919691497944561,PBPF,soup_scene1,1,old
2065,8.886900663375854,0.0918933194084488,PBPF,soup_scene1,1,old
2066,8.891306400299072,0.0918568078882768,PBPF,soup_scene1,1,old
2067,8.895476341247559,0.0918568078882768,PBPF,soup_scene1,1,old
2068,8.899667501449585,0.0918568078882768,PBPF,soup_scene1,1,old
2069,8.904239177703857,0.0917992443564545,PBPF,soup_scene1,1,old
2070,8.90868067741394,0.0917084268808006,PBPF,soup_scene1,1,old
2071,8.913084745407104,0.0917166558323025,PBPF,soup_scene1,1,old
2072,8.91743779182434,0.0916382622004811,PBPF,soup_scene1,1,old
2073,8.921853065490723,0.0916759768498315,PBPF,soup_scene1,1,old
2074,8.926433801651001,0.0916947668145911,PBPF,soup_scene1,1,old
2075,8.930891036987305,0.091614764296079,PBPF,soup_scene1,1,old
2076,8.935328960418701,0.0915820125210099,PBPF,soup_scene1,1,old
2077,8.939675092697144,0.091569471748989,PBPF,soup_scene1,1,old
2078,8.943997144699097,0.0915508953388873,PBPF,soup_scene1,1,old
2079,8.948258399963379,0.0915508953388873,PBPF,soup_scene1,1,old
2080,8.952630996704102,0.0914693641579596,PBPF,soup_scene1,1,old
2081,8.956894874572754,0.0914693641579596,PBPF,soup_scene1,1,old
2082,8.961255073547363,0.0914562929131639,PBPF,soup_scene1,1,old
2083,8.965334415435791,0.0914562929131639,PBPF,soup_scene1,1,old
2084,8.969772815704346,0.094993342352575,PBPF,soup_scene1,1,old
2085,8.973889589309692,0.0949772479162467,PBPF,soup_scene1,1,old
2086,8.978184938430786,0.0949265275762898,PBPF,soup_scene1,1,old
2087,8.982439756393433,0.0949171402857837,PBPF,soup_scene1,1,old
2088,8.986693859100342,0.0949171402857837,PBPF,soup_scene1,1,old
2089,8.99106764793396,0.0948663508221643,PBPF,soup_scene1,1,old
2090,8.995418548583984,0.0948231303307889,PBPF,soup_scene1,1,old
2091,8.99965238571167,0.0948686264257927,PBPF,soup_scene1,1,old
2092,9.00371766090393,0.0948165150915113,PBPF,soup_scene1,1,old
2093,9.007903337478638,0.0947681527623204,PBPF,soup_scene1,1,old
2094,9.012315273284912,0.094770156448505,PBPF,soup_scene1,1,old
2095,9.016385078430176,0.094770156448505,PBPF,soup_scene1,1,old
2096,9.020711183547974,0.0947948331714469,PBPF,soup_scene1,1,old
2097,9.025110960006714,0.0947512206366778,PBPF,soup_scene1,1,old
2098,9.029409646987917,0.0947512206366778,PBPF,soup_scene1,1,old
2099,9.033849954605104,0.0947569418844527,PBPF,soup_scene1,1,old
2100,9.038062334060667,0.0947569418844527,PBPF,soup_scene1,1,old
2101,9.042340755462646,0.0946079763544092,PBPF,soup_scene1,1,old
2102,9.046613216400146,0.0946079763544092,PBPF,soup_scene1,1,old
2103,9.051335573196411,0.0946177504988088,PBPF,soup_scene1,1,old
2104,9.055864810943604,0.0946177504988088,PBPF,soup_scene1,1,old
2105,9.06043791770935,0.0945009945455377,PBPF,soup_scene1,1,old
2106,9.064620733261108,0.0945009945455377,PBPF,soup_scene1,1,old
2107,9.069105625152588,0.0945079550327863,PBPF,soup_scene1,1,old
2108,9.073327541351318,0.0945079550327863,PBPF,soup_scene1,1,old
2109,9.07766056060791,0.0945334015653495,PBPF,soup_scene1,1,old
2110,9.081884145736694,0.0945334015653495,PBPF,soup_scene1,1,old
2111,9.086236000061035,0.0944708918068631,PBPF,soup_scene1,1,old
2112,9.09052276611328,0.0944708918068631,PBPF,soup_scene1,1,old
2113,9.095261573791504,0.0943629256797168,PBPF,soup_scene1,1,old
2114,9.099695682525637,0.0944834344040013,PBPF,soup_scene1,1,old
2115,9.10413146018982,0.0944500656955418,PBPF,soup_scene1,1,old
2116,9.108630657196043,0.0944606520910664,PBPF,soup_scene1,1,old
2117,9.112860441207886,0.0944606520910664,PBPF,soup_scene1,1,old
2118,9.117350816726685,0.0944796574239504,PBPF,soup_scene1,1,old
2119,9.121830224990845,0.0962101348890555,PBPF,soup_scene1,1,old
2120,9.126482009887695,0.0961483590464326,PBPF,soup_scene1,1,old
2121,9.130908012390137,0.0961483590464326,PBPF,soup_scene1,1,old
2122,9.135501623153688,0.0960562426199945,PBPF,soup_scene1,1,old
2123,9.13987684249878,0.0960562426199945,PBPF,soup_scene1,1,old
2124,9.144557237625122,0.0960183111654489,PBPF,soup_scene1,1,old
2125,9.149040460586548,0.0960034601889497,PBPF,soup_scene1,1,old
2126,9.153738975524902,0.0959589275435354,PBPF,soup_scene1,1,old
2127,9.158117771148682,0.0960080435440387,PBPF,soup_scene1,1,old
2128,9.162745237350464,0.0959662418829973,PBPF,soup_scene1,1,old
2129,9.166802644729614,0.0959662418829973,PBPF,soup_scene1,1,old
2130,9.17096710205078,0.0959179082078124,PBPF,soup_scene1,1,old
2131,9.175150394439695,0.0959179082078124,PBPF,soup_scene1,1,old
2132,9.179779767990112,0.0959179082078124,PBPF,soup_scene1,1,old
2133,9.18386721611023,0.0959181949883343,PBPF,soup_scene1,1,old
2134,9.18872857093811,0.0958599582830088,PBPF,soup_scene1,1,old
2135,9.19324827194214,0.0958650910031365,PBPF,soup_scene1,1,old
2136,9.1974675655365,0.0958305096148092,PBPF,soup_scene1,1,old
2137,9.20150589942932,0.0958305096148092,PBPF,soup_scene1,1,old
2138,9.205706357955933,0.0957367319957748,PBPF,soup_scene1,1,old
2139,9.209703922271729,0.0957367319957748,PBPF,soup_scene1,1,old
2140,9.21405291557312,0.0957367319957748,PBPF,soup_scene1,1,old
2141,9.218863248825071,0.0957092041792849,PBPF,soup_scene1,1,old
2142,9.222915887832642,0.0957092041792849,PBPF,soup_scene1,1,old
2143,9.227710962295532,0.0956967483932678,PBPF,soup_scene1,1,old
2144,9.23180627822876,0.0956491031108602,PBPF,soup_scene1,1,old
2145,9.236330032348633,0.0957087969788896,PBPF,soup_scene1,1,old
2146,9.24040985107422,0.0957328865953524,PBPF,soup_scene1,1,old
2147,9.244750499725342,0.0957328865953524,PBPF,soup_scene1,1,old
2148,9.249074459075928,0.0956184167337286,PBPF,soup_scene1,1,old
2149,9.253183603286743,0.0956184167337286,PBPF,soup_scene1,1,old
2150,9.257643938064575,0.0956184167337286,PBPF,soup_scene1,1,old
2151,9.262158393859863,0.0956720935675428,PBPF,soup_scene1,1,old
2152,9.26710295677185,0.0956455815105601,PBPF,soup_scene1,1,old
2153,9.271721363067629,0.0955756938126354,PBPF,soup_scene1,1,old
2154,9.275861024856567,0.0955756938126354,PBPF,soup_scene1,1,old
2155,9.280521631240845,0.0939095399710919,PBPF,soup_scene1,1,old
2156,9.284709453582764,0.0939095399710919,PBPF,soup_scene1,1,old
2157,9.289340019226074,0.0938432482802074,PBPF,soup_scene1,1,old
2158,9.293693542480469,0.093768386509343,PBPF,soup_scene1,1,old
2159,9.298139095306396,0.093768386509343,PBPF,soup_scene1,1,old
2160,9.302752494812012,0.0937750054367664,PBPF,soup_scene1,1,old
2161,9.307438135147097,0.0938438857648118,PBPF,soup_scene1,1,old
2162,9.311664342880247,0.0937898480280467,PBPF,soup_scene1,1,old
2163,9.316060304641724,0.0937183578289306,PBPF,soup_scene1,1,old
2164,9.320613622665403,0.0936565779095251,PBPF,soup_scene1,1,old
2165,9.325093507766724,0.0935415523356459,PBPF,soup_scene1,1,old
2166,9.329580783843994,0.0935222470817397,PBPF,soup_scene1,1,old
2167,9.333967685699465,0.0935967603032148,PBPF,soup_scene1,1,old
2168,9.338424921035768,0.0935505682122289,PBPF,soup_scene1,1,old
2169,9.342766761779783,0.0934929415357116,PBPF,soup_scene1,1,old
2170,9.34713864326477,0.0934942171188646,PBPF,soup_scene1,1,old
2171,9.351770639419556,0.093354768502695,PBPF,soup_scene1,1,old
2172,9.356200456619264,0.0933541009808847,PBPF,soup_scene1,1,old
2173,9.360732316970823,0.0932996672787155,PBPF,soup_scene1,1,old
2174,9.364988088607788,0.0933479950137965,PBPF,soup_scene1,1,old
2175,9.369378089904783,0.0933362628493272,PBPF,soup_scene1,1,old
2176,9.37353014945984,0.0932868199879111,PBPF,soup_scene1,1,old
2177,9.37793493270874,0.0932541585638093,PBPF,soup_scene1,1,old
2178,9.382047414779665,0.0932541585638093,PBPF,soup_scene1,1,old
2179,9.386446952819824,0.0932161002914454,PBPF,soup_scene1,1,old
2180,9.390584468841553,0.0932161002914454,PBPF,soup_scene1,1,old
2181,9.39491367340088,0.0931253866892045,PBPF,soup_scene1,1,old
2182,9.39910054206848,0.0931944390056444,PBPF,soup_scene1,1,old
2183,9.40314507484436,0.0931272004195155,PBPF,soup_scene1,1,old
2184,9.407408714294434,0.0931272004195155,PBPF,soup_scene1,1,old
2185,9.41149926185608,0.0930281821509105,PBPF,soup_scene1,1,old
2186,9.415534973144531,0.0930281821509105,PBPF,soup_scene1,1,old
2187,9.42021918296814,0.0931263075269875,PBPF,soup_scene1,1,old
2188,9.42461323738098,0.093058945958098,PBPF,soup_scene1,1,old
2189,9.428855419158936,0.093058945958098,PBPF,soup_scene1,1,old
2190,9.433160066604614,0.0930083472931621,PBPF,soup_scene1,1,old
2191,9.437779903411863,0.0930808497224562,PBPF,soup_scene1,1,old
2192,9.44243550300598,0.0956961510139181,PBPF,soup_scene1,1,old
2193,9.446624994277954,0.0956961510139181,PBPF,soup_scene1,1,old
2194,9.450827360153198,0.0956402403690277,PBPF,soup_scene1,1,old
2195,9.455074071884155,0.0956402403690277,PBPF,soup_scene1,1,old
2196,9.459633827209473,0.0956038362027161,PBPF,soup_scene1,1,old
2197,9.463723421096802,0.0956038362027161,PBPF,soup_scene1,1,old
2198,9.468195915222168,0.0956491348828296,PBPF,soup_scene1,1,old
2199,9.472187280654907,0.0956491348828296,PBPF,soup_scene1,1,old
2200,9.4765944480896,0.0955251576601444,PBPF,soup_scene1,1,old
2201,9.48075008392334,0.0955251576601444,PBPF,soup_scene1,1,old
2202,9.485146522521973,0.0955607661026417,PBPF,soup_scene1,1,old
2203,9.489444971084597,0.0955607661026417,PBPF,soup_scene1,1,old
2204,9.493787050247192,0.0954654384632217,PBPF,soup_scene1,1,old
2205,9.49794602394104,0.0954654384632217,PBPF,soup_scene1,1,old
2206,9.502370357513428,0.0954138894581549,PBPF,soup_scene1,1,old
2207,9.506598949432371,0.0954083737828973,PBPF,soup_scene1,1,old
2208,9.510926961898804,0.0953663151496056,PBPF,soup_scene1,1,old
2209,9.515055894851685,0.0953663151496056,PBPF,soup_scene1,1,old
2210,9.519432783126833,0.0953908622162868,PBPF,soup_scene1,1,old
2211,9.523643255233765,0.0953952908766718,PBPF,soup_scene1,1,old
2212,9.528030633926392,0.0953801722165949,PBPF,soup_scene1,1,old
2213,9.53209948539734,0.0953801722165949,PBPF,soup_scene1,1,old
2214,9.53658962249756,0.0953318320610519,PBPF,soup_scene1,1,old
2215,9.54078984260559,0.0953265167881769,PBPF,soup_scene1,1,old
2216,9.545142412185667,0.0952489072140482,PBPF,soup_scene1,1,old
2217,9.549409866333008,0.0952126923840638,PBPF,soup_scene1,1,old
2218,9.553773403167725,0.0952126923840638,PBPF,soup_scene1,1,old
2219,9.558282375335692,0.0951956685118833,PBPF,soup_scene1,1,old
2220,9.562575101852415,0.0951956685118833,PBPF,soup_scene1,1,old
2221,9.566842794418337,0.0952504127471637,PBPF,soup_scene1,1,old
2222,9.57106876373291,0.0952504127471637,PBPF,soup_scene1,1,old
2223,9.575377941131592,0.0951542502864768,PBPF,soup_scene1,1,old
2224,9.579588890075684,0.0951542502864768,PBPF,soup_scene1,1,old
2225,9.583887338638306,0.0950851388825011,PBPF,soup_scene1,1,old
2226,9.588100910186768,0.0950851388825011,PBPF,soup_scene1,1,old
2227,9.592616319656372,0.0951308119915957,PBPF,soup_scene1,1,old
2228,9.596876621246338,0.0951308119915957,PBPF,soup_scene1,1,old
2229,9.601548671722412,0.0943708016271129,PBPF,soup_scene1,1,old
2230,9.60553789138794,0.0943708016271129,PBPF,soup_scene1,1,old
2231,9.609724283218384,0.0944667700726517,PBPF,soup_scene1,1,old
2232,9.613735437393188,0.0944667700726517,PBPF,soup_scene1,1,old
2233,9.618356466293337,0.0944272800088961,PBPF,soup_scene1,1,old
2234,9.622502565383911,0.0944272800088961,PBPF,soup_scene1,1,old
2235,9.626892566680908,0.0943418536096173,PBPF,soup_scene1,1,old
2236,9.631067752838137,0.0943418536096173,PBPF,soup_scene1,1,old
2237,9.635430812835692,0.0942688138121209,PBPF,soup_scene1,1,old
2238,9.639627933502195,0.0942688138121209,PBPF,soup_scene1,1,old
2239,9.6439471244812,0.0943074947942846,PBPF,soup_scene1,1,old
2240,9.648049116134644,0.0943074947942846,PBPF,soup_scene1,1,old
2241,9.652400970458984,0.0943007966315611,PBPF,soup_scene1,1,old
2242,9.656494617462158,0.0943007966315611,PBPF,soup_scene1,1,old
2243,9.66118621826172,0.0942515878545094,PBPF,soup_scene1,1,old
2244,9.665417909622192,0.0941831371553492,PBPF,soup_scene1,1,old
2245,9.669807434082031,0.0941149817442905,PBPF,soup_scene1,1,old
2246,9.67395830154419,0.0941010489765609,PBPF,soup_scene1,1,old
2247,9.678256750106812,0.0940426129459729,PBPF,soup_scene1,1,old
2248,9.682425260543823,0.0940148288083951,PBPF,soup_scene1,1,old
2249,9.686625242233276,0.0940148288083951,PBPF,soup_scene1,1,old
2250,9.690880060195925,0.0940108533890797,PBPF,soup_scene1,1,old
2251,9.695093154907228,0.0940335477577105,PBPF,soup_scene1,1,old
2252,9.699324131011965,0.0940146474744858,PBPF,soup_scene1,1,old
2253,9.703622102737429,0.0940520322064226,PBPF,soup_scene1,1,old
2254,9.707906007766724,0.0941245087801284,PBPF,soup_scene1,1,old
2255,9.712170362472534,0.0941245087801284,PBPF,soup_scene1,1,old
2256,9.71635675430298,0.0940109566360859,PBPF,soup_scene1,1,old
2257,9.7206928730011,0.0940109566360859,PBPF,soup_scene1,1,old
2258,9.725024700164797,0.0939132838096436,PBPF,soup_scene1,1,old
2259,9.729230165481567,0.0939132838096436,PBPF,soup_scene1,1,old
2260,9.733380317687988,0.0939679359774453,PBPF,soup_scene1,1,old
2261,9.73767066001892,0.0939679359774453,PBPF,soup_scene1,1,old
2262,9.741955041885376,0.0939313197598258,PBPF,soup_scene1,1,old
2263,9.746109247207642,0.0939313197598258,PBPF,soup_scene1,1,old
2264,9.750492572784424,0.0939031935814365,PBPF,soup_scene1,1,old
2265,9.75471830368042,0.0939031935814365,PBPF,soup_scene1,1,old
2266,9.759441375732422,0.0938639115447219,PBPF,soup_scene1,1,old
2267,9.763950824737549,0.0972358702149071,PBPF,soup_scene1,1,old
2268,9.768348217010498,0.0971976831925681,PBPF,soup_scene1,1,old
2269,9.772544145584106,0.0971976831925681,PBPF,soup_scene1,1,old
2270,9.77684450149536,0.0971683449494658,PBPF,soup_scene1,1,old
2271,9.781072854995728,0.0971683449494658,PBPF,soup_scene1,1,old
2272,9.785442113876345,0.0971796590228728,PBPF,soup_scene1,1,old
2273,9.789524793624878,0.0971796590228728,PBPF,soup_scene1,1,old
2274,9.793867588043211,0.0970793672281226,PBPF,soup_scene1,1,old
2275,9.79802680015564,0.0970793672281226,PBPF,soup_scene1,1,old
2276,9.802191019058228,0.0970689821706392,PBPF,soup_scene1,1,old
2277,9.806230068206789,0.0970689821706392,PBPF,soup_scene1,1,old
2278,9.810832500457764,0.097103443140236,PBPF,soup_scene1,1,old
2279,9.814929485321043,0.097103443140236,PBPF,soup_scene1,1,old
2280,9.81933617591858,0.0970808128999627,PBPF,soup_scene1,1,old
2281,9.82355284690857,0.0969972030283903,PBPF,soup_scene1,1,old
2282,9.82801604270935,0.0969322737747469,PBPF,soup_scene1,1,old
2283,9.832101821899414,0.0969487197497007,PBPF,soup_scene1,1,old
2284,9.836467027664185,0.0969864920211445,PBPF,soup_scene1,1,old
2285,9.84079933166504,0.0970400616141326,PBPF,soup_scene1,1,old
2286,9.845108270645142,0.0970400616141326,PBPF,soup_scene1,1,old
2287,9.849398374557495,0.0969839282715524,PBPF,soup_scene1,1,old
2288,9.853621006011965,0.0969839282715524,PBPF,soup_scene1,1,old
2289,9.857978105545044,0.0969521307234209,PBPF,soup_scene1,1,old
2290,9.86236834526062,0.0969712270976237,PBPF,soup_scene1,1,old
2291,9.86669421195984,0.0969594121381282,PBPF,soup_scene1,1,old
2292,9.871017217636108,0.0968976357259705,PBPF,soup_scene1,1,old
2293,9.87533402442932,0.0968999257965027,PBPF,soup_scene1,1,old
2294,9.879571437835692,0.0968999257965027,PBPF,soup_scene1,1,old
2295,9.883927583694458,0.0967928312312173,PBPF,soup_scene1,1,old
2296,9.888068914413452,0.0967928312312173,PBPF,soup_scene1,1,old
2297,9.892428636550903,0.0967343705438419,PBPF,soup_scene1,1,old
2298,9.89663863182068,0.0967343705438419,PBPF,soup_scene1,1,old
2299,9.900963306427002,0.0967237790235763,PBPF,soup_scene1,1,old
2300,9.905153751373293,0.0967237790235763,PBPF,soup_scene1,1,old
2301,9.909555196762083,0.0968437846367054,PBPF,soup_scene1,1,old
2302,9.913708209991457,0.0968437846367054,PBPF,soup_scene1,1,old
2303,9.918089151382446,0.0966858389399572,PBPF,soup_scene1,1,old
2304,9.923051834106444,0.0977204802204429,PBPF,soup_scene1,1,old
2305,9.927526712417604,0.0977105018311553,PBPF,soup_scene1,1,old
2306,9.931703567504885,0.0977105018311553,PBPF,soup_scene1,1,old
2307,9.936079025268556,0.0976694782510009,PBPF,soup_scene1,1,old
2308,9.94030737876892,0.0976646172751432,PBPF,soup_scene1,1,old
2309,9.944682121276855,0.0976763720265096,PBPF,soup_scene1,1,old
2310,9.94886302947998,0.0977640226682074,PBPF,soup_scene1,1,old
2311,9.953372240066528,0.0977489337008498,PBPF,soup_scene1,1,old
2312,9.95775318145752,0.0976870978893267,PBPF,soup_scene1,1,old
2313,9.962157487869264,0.0976870978893267,PBPF,soup_scene1,1,old
2314,9.96639919281006,0.0975149776953105,PBPF,soup_scene1,1,old
2315,9.97050166130066,0.0975149776953105,PBPF,soup_scene1,1,old
2316,9.974740743637083,0.0975149776953105,PBPF,soup_scene1,1,old
2317,9.979048728942873,0.0974552867771379,PBPF,soup_scene1,1,old
2318,9.983208894729614,0.0974552867771379,PBPF,soup_scene1,1,old
2319,9.987436532974243,0.09746703608825,PBPF,soup_scene1,1,old
2320,9.99190092086792,0.0974681062395325,PBPF,soup_scene1,1,old
2321,9.996217489242554,0.0974638360008263,PBPF,soup_scene1,1,old
2322,10.000505924224854,0.0975358048520999,PBPF,soup_scene1,1,old
2323,10.004630088806152,0.0975358048520999,PBPF,soup_scene1,1,old
2324,10.008753538131714,0.0975379742114903,PBPF,soup_scene1,1,old
2325,10.012969732284546,0.0975135865378966,PBPF,soup_scene1,1,old
2326,10.017220973968506,0.0975135865378966,PBPF,soup_scene1,1,old
2327,10.021411418914797,0.0975135865378966,PBPF,soup_scene1,1,old
2328,10.02598786354065,0.0975534778918156,PBPF,soup_scene1,1,old
2329,10.030262231826782,0.0975534778918156,PBPF,soup_scene1,1,old
2330,10.03433346748352,0.0974507597139818,PBPF,soup_scene1,1,old
2331,10.038621425628662,0.0974282421804345,PBPF,soup_scene1,1,old
2332,10.042763710021973,0.0974282421804345,PBPF,soup_scene1,1,old
2333,10.047352075576782,0.0974876526747014,PBPF,soup_scene1,1,old
2334,10.05161714553833,0.0974876526747014,PBPF,soup_scene1,1,old
2335,10.055999517440796,0.0974457234714999,PBPF,soup_scene1,1,old
2336,10.060380697250366,0.0974457234714999,PBPF,soup_scene1,1,old
2337,10.064631223678589,0.0975087575394253,PBPF,soup_scene1,1,old
2338,10.068769216537476,0.0974888296550798,PBPF,soup_scene1,1,old
2339,10.073018550872805,0.0974888296550798,PBPF,soup_scene1,1,old
2340,10.077173948287964,0.0974154194934583,PBPF,soup_scene1,1,old
2341,10.082120895385742,0.0973947576558304,PBPF,soup_scene1,1,old
2342,10.0864520072937,0.0991326356058476,PBPF,soup_scene1,1,old
2343,10.090606689453123,0.0991326356058476,PBPF,soup_scene1,1,old
2344,10.094985723495483,0.0991326356058476,PBPF,soup_scene1,1,old
2345,10.09916853904724,0.0992216178851389,PBPF,soup_scene1,1,old
2346,10.103489875793455,0.0992216178851389,PBPF,soup_scene1,1,old
2347,10.107805252075195,0.0991121323665079,PBPF,soup_scene1,1,old
2348,10.112387657165527,0.0990558407856855,PBPF,soup_scene1,1,old
2349,10.11682677268982,0.0990562476983882,PBPF,soup_scene1,1,old
2350,10.121288299560549,0.0990617270567631,PBPF,soup_scene1,1,old
2351,10.125761032104492,0.0991655113168391,PBPF,soup_scene1,1,old
2352,10.130210876464844,0.099041570698009,PBPF,soup_scene1,1,old
2353,10.134671926498411,0.0990113684586059,PBPF,soup_scene1,1,old
2354,10.139062881469728,0.0990095922914286,PBPF,soup_scene1,1,old
2355,10.143468141555786,0.0989747762627819,PBPF,soup_scene1,1,old
2356,10.147822380065918,0.0989268306070572,PBPF,soup_scene1,1,old
2357,10.152404069900513,0.0989101686186126,PBPF,soup_scene1,1,old
2358,10.156480312347412,0.0989101686186126,PBPF,soup_scene1,1,old
2359,10.160958528518677,0.0989006800683566,PBPF,soup_scene1,1,old
2360,10.165189743041992,0.0989042679507976,PBPF,soup_scene1,1,old
2361,10.169575691223145,0.0989101123616493,PBPF,soup_scene1,1,old
2362,10.173750400543211,0.0989101709852445,PBPF,soup_scene1,1,old
2363,10.178220510482788,0.0988905603960864,PBPF,soup_scene1,1,old
2364,10.182509422302246,0.0988943492812895,PBPF,soup_scene1,1,old
2365,10.186795949935911,0.0988769268774952,PBPF,soup_scene1,1,old
2366,10.19105839729309,0.0988629571150383,PBPF,soup_scene1,1,old
2367,10.195350885391235,0.098862095538257,PBPF,soup_scene1,1,old
2368,10.199477910995483,0.0989502632020321,PBPF,soup_scene1,1,old
2369,10.20358920097351,0.0989338594888648,PBPF,soup_scene1,1,old
2370,10.207777261734009,0.0989333105916958,PBPF,soup_scene1,1,old
2371,10.21210265159607,0.0989363800986022,PBPF,soup_scene1,1,old
2372,10.216370820999146,0.0988443289891588,PBPF,soup_scene1,1,old
2373,10.220523834228516,0.0988443289891588,PBPF,soup_scene1,1,old
2374,10.225139617919922,0.0989406075071921,PBPF,soup_scene1,1,old
2375,10.229320764541626,0.0989406075071921,PBPF,soup_scene1,1,old
2376,10.2335684299469,0.0989545340925101,PBPF,soup_scene1,1,old
2377,10.237829685211182,0.0989545340925101,PBPF,soup_scene1,1,old
2378,10.24260139465332,0.098946074200717,PBPF,soup_scene1,1,old
2379,10.247156858444214,0.0992339760620723,PBPF,soup_scene1,1,old
2380,10.251823902130129,0.0992529833460416,PBPF,soup_scene1,1,old
2381,10.255998849868774,0.0992529833460416,PBPF,soup_scene1,1,old
2382,10.26046895980835,0.0992512220966601,PBPF,soup_scene1,1,old
2383,10.26469588279724,0.0992512220966601,PBPF,soup_scene1,1,old
2384,10.269083738327026,0.0991679995733123,PBPF,soup_scene1,1,old
2385,10.273378372192385,0.0991679995733123,PBPF,soup_scene1,1,old
2386,10.277844905853271,0.0992346898885435,PBPF,soup_scene1,1,old
2387,10.282145261764526,0.0991595739980479,PBPF,soup_scene1,1,old
2388,10.286162853240969,0.0991750508203326,PBPF,soup_scene1,1,old
2389,10.290477275848389,0.0991750508203326,PBPF,soup_scene1,1,old
2390,10.2950541973114,0.0991837038697558,PBPF,soup_scene1,1,old
2391,10.299301624298096,0.0991791642722627,PBPF,soup_scene1,1,old
2392,10.30360221862793,0.0991791642722627,PBPF,soup_scene1,1,old
2393,10.307927370071411,0.0992625390828187,PBPF,soup_scene1,1,old
2394,10.312215805053713,0.0992625390828187,PBPF,soup_scene1,1,old
2395,10.316447973251345,0.099243030572472,PBPF,soup_scene1,1,old
2396,10.320767164230348,0.0992385010070414,PBPF,soup_scene1,1,old
2397,10.325161695480348,0.0992536020319444,PBPF,soup_scene1,1,old
2398,10.329475402832031,0.0992536020319444,PBPF,soup_scene1,1,old
2399,10.333816766738892,0.0991756398885374,PBPF,soup_scene1,1,old
2400,10.338025331497192,0.0991756398885374,PBPF,soup_scene1,1,old
2401,10.34237790107727,0.0991787399683673,PBPF,soup_scene1,1,old
2402,10.346556663513184,0.0991787399683673,PBPF,soup_scene1,1,old
2403,10.351033449172974,0.0991778027747173,PBPF,soup_scene1,1,old
2404,10.355257749557495,0.0991778027747173,PBPF,soup_scene1,1,old
2405,10.359463930130005,0.0991849729392026,PBPF,soup_scene1,1,old
2406,10.363803386688232,0.0991878334125098,PBPF,soup_scene1,1,old
2407,10.368175983428957,0.0992872200593637,PBPF,soup_scene1,1,old
2408,10.372232437133787,0.0992872200593637,PBPF,soup_scene1,1,old
2409,10.376392126083374,0.0992872200593637,PBPF,soup_scene1,1,old
2410,10.38060450553894,0.0992500373835228,PBPF,soup_scene1,1,old
2411,10.384934663772585,0.0992500373835228,PBPF,soup_scene1,1,old
2412,10.389174938201904,0.0992629847546387,PBPF,soup_scene1,1,old
2413,10.3934645652771,0.0992629847546387,PBPF,soup_scene1,1,old
2414,10.39758014678955,0.0991818686404284,PBPF,soup_scene1,1,old
2415,10.401745319366457,0.0991606436006594,PBPF,soup_scene1,1,old
2416,10.405755519866943,0.0991606436006594,PBPF,soup_scene1,1,old
2417,10.40989375114441,0.0991606436006594,PBPF,soup_scene1,1,old
2418,10.414011001586914,0.0992287368935226,PBPF,soup_scene1,1,old
2419,10.41838550567627,0.0992287368935226,PBPF,soup_scene1,1,old
2420,10.42251205444336,0.0992287368935226,PBPF,soup_scene1,1,old
2421,10.427180767059326,0.0992339423830893,PBPF,soup_scene1,1,old
2422,10.431368589401243,0.0992281015509337,PBPF,soup_scene1,1,old
2423,10.435576915740969,0.0992539844078922,PBPF,soup_scene1,1,old
2424,10.43974232673645,0.0992539844078922,PBPF,soup_scene1,1,old
2425,10.443905591964722,0.0992692347896445,PBPF,soup_scene1,1,old
2426,10.448084592819214,0.0992673922442936,PBPF,soup_scene1,1,old
2427,10.45240068435669,0.0992673922442936,PBPF,soup_scene1,1,old
2428,10.456952571868896,0.0992567934470058,PBPF,soup_scene1,1,old
2429,10.461214542388916,0.0992567934470058,PBPF,soup_scene1,1,old
2430,10.465720653533936,0.0991555677396243,PBPF,soup_scene1,1,old
2431,10.469992637634276,0.0991890854407083,PBPF,soup_scene1,1,old
2432,10.474340677261353,0.0992798333129712,PBPF,soup_scene1,1,old
2433,10.478404760360718,0.0992798333129712,PBPF,soup_scene1,1,old
2434,10.482682466506958,0.0992360224763431,PBPF,soup_scene1,1,old
2435,10.48689031600952,0.0992360224763431,PBPF,soup_scene1,1,old
2436,10.49131441116333,0.0992332153815234,PBPF,soup_scene1,1,old
2437,10.495492935180664,0.0992332153815234,PBPF,soup_scene1,1,old
2438,10.4997079372406,0.0991469442133009,PBPF,soup_scene1,1,old
2439,10.504132270812988,0.09916079119114,PBPF,soup_scene1,1,old
2440,10.5085289478302,0.0992221357602357,PBPF,soup_scene1,1,old
2441,10.512932777404783,0.0991495550798388,PBPF,soup_scene1,1,old
2442,10.51735544204712,0.0991526912874769,PBPF,soup_scene1,1,old
2443,10.52178168296814,0.0991762925594354,PBPF,soup_scene1,1,old
2444,10.526362895965576,0.0991626928522493,PBPF,soup_scene1,1,old
2445,10.53106141090393,0.0991750290161457,PBPF,soup_scene1,1,old
2446,10.53572154045105,0.0991626197053854,PBPF,soup_scene1,1,old
2447,10.540058374404907,0.0991773978659971,PBPF,soup_scene1,1,old
2448,10.544562578201294,0.0992597848578392,PBPF,soup_scene1,1,old
2449,10.548866271972656,0.0992726557653973,PBPF,soup_scene1,1,old
2450,10.553674459457396,0.0992766233036036,PBPF,soup_scene1,1,old
2451,10.558219194412231,0.0992766233036036,PBPF,soup_scene1,1,old
2452,10.5627543926239,0.0992768280780587,PBPF,soup_scene1,1,old
2453,10.567149877548218,0.099209107635954,PBPF,soup_scene1,1,old
2454,10.571292638778688,0.099209107635954,PBPF,soup_scene1,1,old
2455,10.575663089752195,0.0992228063872825,PBPF,soup_scene1,1,old
2456,10.579841136932371,0.0992228063872825,PBPF,soup_scene1,1,old
2457,10.58421516418457,0.0992257413857101,PBPF,soup_scene1,1,old
2458,10.588465929031372,0.0992257413857101,PBPF,soup_scene1,1,old
2459,10.593189239501951,0.0992882649554933,PBPF,soup_scene1,1,old
2460,10.59726095199585,0.0992882649554933,PBPF,soup_scene1,1,old
2461,10.601458311080933,0.099205444992584,PBPF,soup_scene1,1,old
2462,10.605509757995604,0.099205444992584,PBPF,soup_scene1,1,old
2463,10.609660387039185,0.0992758751078595,PBPF,soup_scene1,1,old
2464,10.614120721817017,0.0992758751078595,PBPF,soup_scene1,1,old
2465,10.618593454360962,0.0991747994864564,PBPF,soup_scene1,1,old
2466,10.622788667678831,0.0991747994864564,PBPF,soup_scene1,1,old
2467,10.627278804779053,0.0991690077803442,PBPF,soup_scene1,1,old
2468,10.631343364715576,0.0991690077803442,PBPF,soup_scene1,1,old
2469,10.635766506195068,0.0991307904661628,PBPF,soup_scene1,1,old
2470,10.639871835708618,0.0991307904661628,PBPF,soup_scene1,1,old
2471,10.644357919692991,0.0991755976714016,PBPF,soup_scene1,1,old
2472,10.648480653762816,0.0991699830810841,PBPF,soup_scene1,1,old
2473,10.652891874313354,0.0991408614082693,PBPF,soup_scene1,1,old
2474,10.657264232635498,0.0991481917631614,PBPF,soup_scene1,1,old
2475,10.661709308624268,0.0991211518687455,PBPF,soup_scene1,1,old
2476,10.665910005569458,0.0990397091460037,PBPF,soup_scene1,1,old
2477,10.67033624649048,0.0989711601588837,PBPF,soup_scene1,1,old
2478,10.674657344818115,0.098910875686775,PBPF,soup_scene1,1,old
2479,10.678874969482422,0.098910875686775,PBPF,soup_scene1,1,old
2480,10.683329582214355,0.099009896856514,PBPF,soup_scene1,1,old
2481,10.687592267990112,0.099009896856514,PBPF,soup_scene1,1,old
2482,10.691999673843384,0.0989844971776726,PBPF,soup_scene1,1,old
2483,10.696635723114014,0.0989844971776726,PBPF,soup_scene1,1,old
2484,10.70120334625244,0.0988882417521253,PBPF,soup_scene1,1,old
2485,10.7058002948761,0.0988882417521253,PBPF,soup_scene1,1,old
2486,10.710437536239624,0.0989492291381081,PBPF,soup_scene1,1,old
2487,10.714701175689695,0.0989492291381081,PBPF,soup_scene1,1,old
2488,10.719367980957031,0.0988691226751346,PBPF,soup_scene1,1,old
2489,10.723968029022217,0.0988786150200563,PBPF,soup_scene1,1,old
2490,10.72880244255066,0.0997081131402181,PBPF,soup_scene1,1,old
2491,10.733096361160278,0.0996612652992562,PBPF,soup_scene1,1,old
2492,10.737367630004885,0.0996612652992562,PBPF,soup_scene1,1,old
2493,10.741616487503052,0.099654615794686,PBPF,soup_scene1,1,old
2494,10.746224641799929,0.099654615794686,PBPF,soup_scene1,1,old
2495,10.750864028930664,0.0995537602444129,PBPF,soup_scene1,1,old
2496,10.755239963531494,0.0995537602444129,PBPF,soup_scene1,1,old
2497,10.759833574295044,0.0996066534632852,PBPF,soup_scene1,1,old
2498,10.764103412628174,0.0996066534632852,PBPF,soup_scene1,1,old
2499,10.768621683120728,0.0995724694195991,PBPF,soup_scene1,1,old
2500,10.773040771484377,0.0995724694195991,PBPF,soup_scene1,1,old
2501,10.7778058052063,0.0994426056807727,PBPF,soup_scene1,1,old
2502,10.782043695449827,0.0994260108046567,PBPF,soup_scene1,1,old
2503,10.786707162857056,0.099383798262782,PBPF,soup_scene1,1,old
2504,10.791268110275269,0.0994513362645359,PBPF,soup_scene1,1,old
2505,10.79598593711853,0.0994513362645359,PBPF,soup_scene1,1,old
2506,10.800487279891968,0.0994041746000199,PBPF,soup_scene1,1,old
2507,10.804954290390016,0.0994041746000199,PBPF,soup_scene1,1,old
2508,10.809367895126345,0.0993523369480431,PBPF,soup_scene1,1,old
2509,10.813941717147827,0.0993523369480431,PBPF,soup_scene1,1,old
2510,10.818607091903688,0.0992906109128252,PBPF,soup_scene1,1,old
2511,10.82294750213623,0.0992906109128252,PBPF,soup_scene1,1,old
2512,10.827434539794922,0.0991755422510274,PBPF,soup_scene1,1,old
2513,10.831538438796995,0.0991827643934742,PBPF,soup_scene1,1,old
2514,10.835838556289673,0.0991461711135912,PBPF,soup_scene1,1,old
2515,10.84005045890808,0.099150065032309,PBPF,soup_scene1,1,old
2516,10.844444751739502,0.0991913793033378,PBPF,soup_scene1,1,old
2517,10.848716735839844,0.0991847618140168,PBPF,soup_scene1,1,old
2518,10.85310196876526,0.0991913702584111,PBPF,soup_scene1,1,old
2519,10.857318639755247,0.0992007313608443,PBPF,soup_scene1,1,old
2520,10.861758470535278,0.0991227075323741,PBPF,soup_scene1,1,old
2521,10.866054058074951,0.0989827548382284,PBPF,soup_scene1,1,old
2522,10.870259284973145,0.0989827548382284,PBPF,soup_scene1,1,old
2523,10.87443232536316,0.099000750555582,PBPF,soup_scene1,1,old
2524,10.87870478630066,0.0989873617511249,PBPF,soup_scene1,1,old
2525,10.882986307144163,0.0991259107736969,PBPF,soup_scene1,1,old
2526,10.88727068901062,0.1040741474523155,PBPF,soup_scene1,1,old
2527,10.891578435897827,0.1040124084122143,PBPF,soup_scene1,1,old
2528,10.895925521850586,0.1040124084122143,PBPF,soup_scene1,1,old
2529,10.9001784324646,0.1039217484083268,PBPF,soup_scene1,1,old
2530,10.904526233673096,0.1039217484083268,PBPF,soup_scene1,1,old
2531,10.90876841545105,0.1038851394347405,PBPF,soup_scene1,1,old
2532,10.912942171096802,0.1038851394347405,PBPF,soup_scene1,1,old
2533,10.91732406616211,0.1037518180000065,PBPF,soup_scene1,1,old
2534,10.921499013900757,0.1037518180000065,PBPF,soup_scene1,1,old
2535,10.925883293151855,0.1038052716786728,PBPF,soup_scene1,1,old
2536,10.930109739303589,0.1038052716786728,PBPF,soup_scene1,1,old
2537,10.934667348861694,0.1038617459113282,PBPF,soup_scene1,1,old
2538,10.938863277435305,0.1037956611622868,PBPF,soup_scene1,1,old
2539,10.943243026733398,0.1036763882784956,PBPF,soup_scene1,1,old
2540,10.947702646255491,0.1036763882784956,PBPF,soup_scene1,1,old
2541,10.952218294143677,0.1036225203608557,PBPF,soup_scene1,1,old
2542,10.956627130508425,0.1036168647107496,PBPF,soup_scene1,1,old
2543,10.961088180541992,0.1037133984235843,PBPF,soup_scene1,1,old
2544,10.965322971343994,0.1037133984235843,PBPF,soup_scene1,1,old
2545,10.96966004371643,0.1037165353778929,PBPF,soup_scene1,1,old
2546,10.97385025024414,0.1037165353778929,PBPF,soup_scene1,1,old
2547,10.978332281112673,0.1035816838334096,PBPF,soup_scene1,1,old
2548,10.982678890228271,0.1036281197139002,PBPF,soup_scene1,1,old
2549,10.986957550048828,0.1036281197139002,PBPF,soup_scene1,1,old
2550,10.9913809299469,0.1036208014842629,PBPF,soup_scene1,1,old
2551,10.995616912841797,0.1035695870409196,PBPF,soup_scene1,1,old
2552,10.999884843826294,0.1035828695930676,PBPF,soup_scene1,1,old
2553,11.003963470458984,0.1035828695930676,PBPF,soup_scene1,1,old
2554,11.008288145065308,0.1035784082858731,PBPF,soup_scene1,1,old
2555,11.012670516967772,0.1035624091662563,PBPF,soup_scene1,1,old
2556,11.017066240310667,0.1033975074486194,PBPF,soup_scene1,1,old
2557,11.021308422088625,0.1033975074486194,PBPF,soup_scene1,1,old
2558,11.02582311630249,0.1033554061433575,PBPF,soup_scene1,1,old
2559,11.030098915100098,0.1033554061433575,PBPF,soup_scene1,1,old
2560,11.034523010253906,0.1034012755090054,PBPF,soup_scene1,1,old
2561,11.038900136947632,0.1067513907118086,PBPF,soup_scene1,1,old
2562,11.043343544006348,0.1068840191844418,PBPF,soup_scene1,1,old
2563,11.04756212234497,0.1068840191844418,PBPF,soup_scene1,1,old
2564,11.051947593688965,0.1067345802420463,PBPF,soup_scene1,1,old
2565,11.056241273880005,0.1067345802420463,PBPF,soup_scene1,1,old
2566,11.060713052749634,0.1067448356721325,PBPF,soup_scene1,1,old
2567,11.06526231765747,0.106851955942108,PBPF,soup_scene1,1,old
2568,11.069581031799316,0.1068110991275478,PBPF,soup_scene1,1,old
2569,11.073797464370728,0.1067008652308551,PBPF,soup_scene1,1,old
2570,11.078285932540894,0.1067066413195853,PBPF,soup_scene1,1,old
2571,11.082701683044434,0.1068775536115877,PBPF,soup_scene1,1,old
2572,11.086989164352415,0.1068775536115877,PBPF,soup_scene1,1,old
2573,11.091336965560911,0.1068775536115877,PBPF,soup_scene1,1,old
2574,11.095624685287476,0.1068509301873389,PBPF,soup_scene1,1,old
2575,11.10002875328064,0.1067373683165646,PBPF,soup_scene1,1,old
2576,11.104256629943848,0.1067373683165646,PBPF,soup_scene1,1,old
2577,11.108679056167604,0.1067237933063836,PBPF,soup_scene1,1,old
2578,11.112895727157593,0.1067237933063836,PBPF,soup_scene1,1,old
2579,11.117353916168211,0.1068801840330621,PBPF,soup_scene1,1,old
2580,11.121583461761476,0.1068801840330621,PBPF,soup_scene1,1,old
2581,11.126033067703249,0.1068826550210798,PBPF,soup_scene1,1,old
2582,11.130267143249512,0.1068826550210798,PBPF,soup_scene1,1,old
2583,11.134649753570557,0.1069105759421305,PBPF,soup_scene1,1,old
2584,11.13880467414856,0.1069105759421305,PBPF,soup_scene1,1,old
2585,11.14312481880188,0.1067880214755856,PBPF,soup_scene1,1,old
2586,11.14737868309021,0.1067880214755856,PBPF,soup_scene1,1,old
2587,11.151803493499756,0.1067751551079767,PBPF,soup_scene1,1,old
2588,11.156069993972778,0.1067751551079767,PBPF,soup_scene1,1,old
2589,11.160514831542969,0.1067920126757628,PBPF,soup_scene1,1,old
2590,11.164831638336182,0.1067920126757628,PBPF,soup_scene1,1,old
2591,11.169176816940308,0.1069026686607073,PBPF,soup_scene1,1,old
2592,11.173203945159912,0.1069026686607073,PBPF,soup_scene1,1,old
2593,11.17760443687439,0.1068148131707574,PBPF,soup_scene1,1,old
2594,11.1817147731781,0.1068386314396716,PBPF,soup_scene1,1,old
2595,11.18594217300415,0.1068386314396716,PBPF,soup_scene1,1,old
2596,11.190115928649902,0.1068386314396716,PBPF,soup_scene1,1,old
2597,11.19447898864746,0.106821249832161,PBPF,soup_scene1,1,old
2598,11.198877334594728,0.1069093919283561,PBPF,soup_scene1,1,old
2599,11.203272819519045,0.1124707652385232,PBPF,soup_scene1,1,old
2600,11.20747709274292,0.1124707652385232,PBPF,soup_scene1,1,old
2601,11.211820840835571,0.1125028401514153,PBPF,soup_scene1,1,old
2602,11.215939044952393,0.1125028401514153,PBPF,soup_scene1,1,old
2603,11.220274448394775,0.1126295504848157,PBPF,soup_scene1,1,old
2604,11.224390506744385,0.1126295504848157,PBPF,soup_scene1,1,old
2605,11.22891902923584,0.1125537717244212,PBPF,soup_scene1,1,old
2606,11.2331280708313,0.1125564966389311,PBPF,soup_scene1,1,old
2607,11.23730993270874,0.1125564966389311,PBPF,soup_scene1,1,old
2608,11.241597414016724,0.1125669749679712,PBPF,soup_scene1,1,old
2609,11.245856046676636,0.1125669749679712,PBPF,soup_scene1,1,old
2610,11.24994945526123,0.1125669749679712,PBPF,soup_scene1,1,old
2611,11.25451135635376,0.1125831688507208,PBPF,soup_scene1,1,old
2612,11.258826971054075,0.1125831688507208,PBPF,soup_scene1,1,old
2613,11.263155698776243,0.1125466533460653,PBPF,soup_scene1,1,old
2614,11.267410039901732,0.1125466533460653,PBPF,soup_scene1,1,old
2615,11.271810531616213,0.1126303121197225,PBPF,soup_scene1,1,old
2616,11.275985479354858,0.1126671259140354,PBPF,soup_scene1,1,old
2617,11.280176639556885,0.1126671259140354,PBPF,soup_scene1,1,old
2618,11.284278154373167,0.112678944702255,PBPF,soup_scene1,1,old
2619,11.28852391242981,0.1126823425053701,PBPF,soup_scene1,1,old
2620,11.2927827835083,0.1126823425053701,PBPF,soup_scene1,1,old
2621,11.297017097473145,0.1126648004426574,PBPF,soup_scene1,1,old
2622,11.301189184188845,0.1126859742160033,PBPF,soup_scene1,1,old
2623,11.305415153503418,0.1126859742160033,PBPF,soup_scene1,1,old
2624,11.310027599334717,0.1126298323015039,PBPF,soup_scene1,1,old
2625,11.314560890197754,0.1126196226637124,PBPF,soup_scene1,1,old
2626,11.319057703018188,0.1126258200729085,PBPF,soup_scene1,1,old
2627,11.32344651222229,0.1127946275370422,PBPF,soup_scene1,1,old
2628,11.327990293502808,0.1127929043174534,PBPF,soup_scene1,1,old
2629,11.332459688186646,0.1127799617737393,PBPF,soup_scene1,1,old
2630,11.336863279342651,0.1128394329202741,PBPF,soup_scene1,1,old
2631,11.341195106506348,0.1127415588265401,PBPF,soup_scene1,1,old
2632,11.345712184906006,0.1127589367970835,PBPF,soup_scene1,1,old
2633,11.350063800811768,0.1127560639212942,PBPF,soup_scene1,1,old
2634,11.354477643966677,0.11278501937868,PBPF,soup_scene1,1,old
2635,11.359148025512695,0.1129008392855138,PBPF,soup_scene1,1,old
2636,11.363685607910156,0.1184153639538768,PBPF,soup_scene1,1,old
2637,11.36820363998413,0.1183916209387621,PBPF,soup_scene1,1,old
2638,11.372455596923828,0.1183958291374832,PBPF,soup_scene1,1,old
2639,11.376813888549805,0.1184889232698589,PBPF,soup_scene1,1,old
2640,11.38102126121521,0.1184889232698589,PBPF,soup_scene1,1,old
2641,11.385305881500244,0.1183925067298519,PBPF,soup_scene1,1,old
2642,11.389527320861816,0.1183925067298519,PBPF,soup_scene1,1,old
2643,11.394124507904053,0.1185101286017283,PBPF,soup_scene1,1,old
2644,11.398353576660156,0.1184226513278458,PBPF,soup_scene1,1,old
2645,11.40271282196045,0.1185019531814466,PBPF,soup_scene1,1,old
2646,11.40705394744873,0.1186016096213974,PBPF,soup_scene1,1,old
2647,11.411397218704224,0.1186699449248269,PBPF,soup_scene1,1,old
2648,11.415493488311768,0.1186699449248269,PBPF,soup_scene1,1,old
2649,11.419921398162842,0.1186743312938096,PBPF,soup_scene1,1,old
2650,11.4242901802063,0.1185947344632507,PBPF,soup_scene1,1,old
2651,11.42873477935791,0.1185837434615077,PBPF,soup_scene1,1,old
2652,11.432929277420044,0.1187045366834946,PBPF,soup_scene1,1,old
2653,11.43725061416626,0.1187057812066517,PBPF,soup_scene1,1,old
2654,11.441494464874268,0.1186915886773279,PBPF,soup_scene1,1,old
2655,11.445692539215088,0.1186915886773279,PBPF,soup_scene1,1,old
2656,11.449995756149292,0.1185953469531577,PBPF,soup_scene1,1,old
2657,11.454256057739258,0.1186106246541729,PBPF,soup_scene1,1,old
2658,11.458579063415527,0.1185950259017632,PBPF,soup_scene1,1,old
2659,11.462871074676514,0.1185950259017632,PBPF,soup_scene1,1,old
2660,11.467220544815063,0.1187119873494376,PBPF,soup_scene1,1,old
2661,11.471458911895752,0.1187119873494376,PBPF,soup_scene1,1,old
2662,11.475674629211426,0.1187394526852402,PBPF,soup_scene1,1,old
2663,11.480026245117188,0.1187394526852402,PBPF,soup_scene1,1,old
2664,11.48428988456726,0.1187705605870766,PBPF,soup_scene1,1,old
2665,11.48850154876709,0.1187705605870766,PBPF,soup_scene1,1,old
2666,11.492917776107788,0.1189011970740238,PBPF,soup_scene1,1,old
2667,11.497114419937134,0.1189011970740238,PBPF,soup_scene1,1,old
2668,11.501432180404665,0.1189367472290249,PBPF,soup_scene1,1,old
2669,11.505679607391356,0.1189367472290249,PBPF,soup_scene1,1,old
2670,11.510145902633669,0.1189562219227873,PBPF,soup_scene1,1,old
2671,11.514336824417114,0.1189562219227873,PBPF,soup_scene1,1,old
2672,11.518742084503174,0.1188913194645066,PBPF,soup_scene1,1,old
2673,11.523141384124756,0.1203278994606518,PBPF,soup_scene1,1,old
2674,11.527562856674194,0.1203964390475994,PBPF,soup_scene1,1,old
2675,11.53174901008606,0.1203964390475994,PBPF,soup_scene1,1,old
2676,11.53611946105957,0.1203752933689958,PBPF,soup_scene1,1,old
2677,11.540314435958862,0.1205131967208224,PBPF,soup_scene1,1,old
2678,11.544636726379396,0.1205690692536014,PBPF,soup_scene1,1,old
2679,11.548851490020752,0.1205835516570315,PBPF,soup_scene1,1,old
2680,11.553209781646729,0.1206131735040882,PBPF,soup_scene1,1,old
2681,11.557452201843262,0.1206131735040882,PBPF,soup_scene1,1,old
2682,11.561681270599363,0.1204373434177051,PBPF,soup_scene1,1,old
2683,11.56591010093689,0.1204373434177051,PBPF,soup_scene1,1,old
2684,11.570346355438232,0.1206341243755182,PBPF,soup_scene1,1,old
2685,11.5747172832489,0.1205102594916876,PBPF,soup_scene1,1,old
2686,11.578948259353638,0.1206077982541647,PBPF,soup_scene1,1,old
2687,11.583101272583008,0.1206077982541647,PBPF,soup_scene1,1,old
2688,11.5872540473938,0.1206224388367531,PBPF,soup_scene1,1,old
2689,11.591829299926758,0.1206826945548361,PBPF,soup_scene1,1,old
2690,11.596025466918944,0.1206826945548361,PBPF,soup_scene1,1,old
2691,11.600200176239014,0.1206819847498995,PBPF,soup_scene1,1,old
2692,11.604480266571043,0.1207189743625678,PBPF,soup_scene1,1,old
2693,11.60885453224182,0.1206831909920432,PBPF,soup_scene1,1,old
2694,11.612943410873411,0.1206831909920432,PBPF,soup_scene1,1,old
2695,11.617087602615356,0.1206831909920432,PBPF,soup_scene1,1,old
2696,11.62129807472229,0.1207211097857785,PBPF,soup_scene1,1,old
2697,11.625601053237917,0.1207211097857785,PBPF,soup_scene1,1,old
2698,11.629949808120728,0.1207297625851575,PBPF,soup_scene1,1,old
2699,11.634217500686646,0.120844502447,PBPF,soup_scene1,1,old
2700,11.638479709625244,0.1208369532930159,PBPF,soup_scene1,1,old
2701,11.64272928237915,0.120880693849869,PBPF,soup_scene1,1,old
2702,11.646953105926514,0.1209218186048167,PBPF,soup_scene1,1,old
2703,11.651006698608398,0.1209218186048167,PBPF,soup_scene1,1,old
2704,11.655253171920776,0.1209218186048167,PBPF,soup_scene1,1,old
2705,11.659637212753296,0.1210135851409234,PBPF,soup_scene1,1,old
2706,11.66383409500122,0.1210403569398758,PBPF,soup_scene1,1,old
2707,11.667970418930054,0.1210403569398758,PBPF,soup_scene1,1,old
2708,11.672354698181152,0.1209557518292703,PBPF,soup_scene1,1,old
2709,11.676584243774414,0.1209557518292703,PBPF,soup_scene1,1,old
2710,11.681010484695436,0.1200943572333739,PBPF,soup_scene1,1,old
2711,11.68522334098816,0.120108054367931,PBPF,soup_scene1,1,old
2712,11.689626216888428,0.120108054367931,PBPF,soup_scene1,1,old
2713,11.69384503364563,0.1200905193506182,PBPF,soup_scene1,1,old
2714,11.698132276535034,0.1200905193506182,PBPF,soup_scene1,1,old
2715,11.702298164367676,0.1200905193506182,PBPF,soup_scene1,1,old
2716,11.706548929214478,0.1201488001028528,PBPF,soup_scene1,1,old
2717,11.710822582244871,0.1201488001028528,PBPF,soup_scene1,1,old
2718,11.715271234512327,0.1202533605999954,PBPF,soup_scene1,1,old
2719,11.719756603240969,0.1202469422101715,PBPF,soup_scene1,1,old
2720,11.724194526672363,0.1204177290490702,PBPF,soup_scene1,1,old
2721,11.728628396987917,0.1204007323504684,PBPF,soup_scene1,1,old
2722,11.733109951019289,0.1204175710224163,PBPF,soup_scene1,1,old
2723,11.737444162368774,0.1203010391122354,PBPF,soup_scene1,1,old
2724,11.7420015335083,0.1204456867704412,PBPF,soup_scene1,1,old
2725,11.746333122253418,0.1205657132040354,PBPF,soup_scene1,1,old
2726,11.750742197036743,0.1206008780955237,PBPF,soup_scene1,1,old
2727,11.755033493041992,0.1206008780955237,PBPF,soup_scene1,1,old
2728,11.75948405265808,0.1206134997936905,PBPF,soup_scene1,1,old
2729,11.763633489608765,0.1206134997936905,PBPF,soup_scene1,1,old
2730,11.76789689064026,0.1204928776927568,PBPF,soup_scene1,1,old
2731,11.772197008132936,0.1204928776927568,PBPF,soup_scene1,1,old
2732,11.77648639678955,0.1206658416314441,PBPF,soup_scene1,1,old
2733,11.780735969543455,0.1206658416314441,PBPF,soup_scene1,1,old
2734,11.785067081451416,0.1209661387537461,PBPF,soup_scene1,1,old
2735,11.789363622665403,0.1209661387537461,PBPF,soup_scene1,1,old
2736,11.793932914733888,0.1208007060481643,PBPF,soup_scene1,1,old
2737,11.798125505447388,0.1208007060481643,PBPF,soup_scene1,1,old
2738,11.802503824234009,0.1208447989829774,PBPF,soup_scene1,1,old
2739,11.806718826293944,0.1208447989829774,PBPF,soup_scene1,1,old
2740,11.81117820739746,0.1207499950262409,PBPF,soup_scene1,1,old
2741,11.815338373184204,0.1208698471817528,PBPF,soup_scene1,1,old
2742,11.819703817367554,0.1209499748857354,PBPF,soup_scene1,1,old
2743,11.823877334594728,0.1208041409320258,PBPF,soup_scene1,1,old
2744,11.828247547149658,0.1208609994016979,PBPF,soup_scene1,1,old
2745,11.832462072372437,0.1209064245703607,PBPF,soup_scene1,1,old
2746,11.83666467666626,0.1208497959105641,PBPF,soup_scene1,1,old
2747,11.840951442718506,0.1208497959105641,PBPF,soup_scene1,1,old
2748,11.84537959098816,0.1211063013257214,PBPF,soup_scene1,1,old
2749,11.849671602249146,0.1212382452790084,PBPF,soup_scene1,1,old
2750,11.853940725326538,0.1212382452790084,PBPF,soup_scene1,1,old
2751,11.858373403549194,0.1212768909205468,PBPF,soup_scene1,1,old
2752,11.862587690353394,0.1212768909205468,PBPF,soup_scene1,1,old
2753,11.866888284683228,0.1214526002483987,PBPF,soup_scene1,1,old
2754,11.871115684509276,0.1214526002483987,PBPF,soup_scene1,1,old
2755,11.875441789627075,0.1213800386714739,PBPF,soup_scene1,1,old
2756,11.879657506942747,0.1213800386714739,PBPF,soup_scene1,1,old
2757,11.88393497467041,0.1214209031093047,PBPF,soup_scene1,1,old
2758,11.888161420822144,0.1214209031093047,PBPF,soup_scene1,1,old
2759,11.892502069473268,0.1214499278006664,PBPF,soup_scene1,1,old
2760,11.89671516418457,0.1214499278006664,PBPF,soup_scene1,1,old
2761,11.901071071624756,0.1215083625019467,PBPF,soup_scene1,1,old
2762,11.905281782150269,0.1215083625019467,PBPF,soup_scene1,1,old
2763,11.90973687171936,0.1216150492727573,PBPF,soup_scene1,1,old
2764,11.913810729980469,0.1216150492727573,PBPF,soup_scene1,1,old
2765,11.91815710067749,0.1216363605001029,PBPF,soup_scene1,1,old
2766,11.922256469726562,0.1216363605001029,PBPF,soup_scene1,1,old
2767,11.926656007766724,0.1216601237030607,PBPF,soup_scene1,1,old
2768,11.930867433547974,0.1216601237030607,PBPF,soup_scene1,1,old
2769,11.935179233551024,0.1217280553498404,PBPF,soup_scene1,1,old
2770,11.939416885375977,0.1217280553498404,PBPF,soup_scene1,1,old
2771,11.943832397460938,0.1216727691143313,PBPF,soup_scene1,1,old
2772,11.94815993309021,0.1216475746621813,PBPF,soup_scene1,1,old
2773,11.952783107757568,0.1217485936250293,PBPF,soup_scene1,1,old
2774,11.95699167251587,0.1217766834957265,PBPF,soup_scene1,1,old
2775,11.96150040626526,0.1217766834957265,PBPF,soup_scene1,1,old
2776,11.965642213821411,0.1217934710214034,PBPF,soup_scene1,1,old
2777,11.970004796981812,0.1218904390712811,PBPF,soup_scene1,1,old
2778,11.974138021469116,0.1218904390712811,PBPF,soup_scene1,1,old
2779,11.97847604751587,0.1219682486772629,PBPF,soup_scene1,1,old
2780,11.98281216621399,0.1218294159210541,PBPF,soup_scene1,1,old
2781,11.987067222595217,0.1218294159210541,PBPF,soup_scene1,1,old
2782,11.991531610488892,0.1218883467834042,PBPF,soup_scene1,1,old
2783,11.9957172870636,0.1218883467834042,PBPF,soup_scene1,1,old
2784,12.000036716461182,0.1218642699132672,PBPF,soup_scene1,1,old
2785,12.004546880722046,0.1212680348631342,PBPF,soup_scene1,1,old
2786,12.00883436203003,0.1215121220897669,PBPF,soup_scene1,1,old
2787,12.013037204742432,0.1215121220897669,PBPF,soup_scene1,1,old
2788,12.01738691329956,0.1214851756448127,PBPF,soup_scene1,1,old
2789,12.021658658981323,0.1214851756448127,PBPF,soup_scene1,1,old
2790,12.026142358779907,0.1215042439429992,PBPF,soup_scene1,1,old
2791,12.030240058898926,0.1215042439429992,PBPF,soup_scene1,1,old
2792,12.03473687171936,0.1214412418469432,PBPF,soup_scene1,1,old
2793,12.038814067840576,0.1214412418469432,PBPF,soup_scene1,1,old
2794,12.043109655380247,0.1214041161857379,PBPF,soup_scene1,1,old
2795,12.047276258468628,0.1214041161857379,PBPF,soup_scene1,1,old
2796,12.05177617073059,0.1215790388845084,PBPF,soup_scene1,1,old
2797,12.055895328521729,0.1215790388845084,PBPF,soup_scene1,1,old
2798,12.060614109039308,0.1214870697288055,PBPF,soup_scene1,1,old
2799,12.06479811668396,0.1214613146366753,PBPF,soup_scene1,1,old
2800,12.06919527053833,0.1214726631161453,PBPF,soup_scene1,1,old
2801,12.0735821723938,0.1214952713591392,PBPF,soup_scene1,1,old
2802,12.078101873397827,0.1215789441565173,PBPF,soup_scene1,1,old
2803,12.08250093460083,0.121602848536617,PBPF,soup_scene1,1,old
2804,12.086730480194092,0.121602848536617,PBPF,soup_scene1,1,old
2805,12.091228485107422,0.1215816167933439,PBPF,soup_scene1,1,old
2806,12.095614910125732,0.1217193426717039,PBPF,soup_scene1,1,old
2807,12.099977493286133,0.1217340260014186,PBPF,soup_scene1,1,old
2808,12.104343175888062,0.1217340260014186,PBPF,soup_scene1,1,old
2809,12.108614683151243,0.1217519645225975,PBPF,soup_scene1,1,old
2810,12.112853527069092,0.1217519645225975,PBPF,soup_scene1,1,old
2811,12.117336511611938,0.1218790370350879,PBPF,soup_scene1,1,old
2812,12.121520757675173,0.1218790370350879,PBPF,soup_scene1,1,old
2813,12.12601637840271,0.1220245397447086,PBPF,soup_scene1,1,old
2814,12.130202531814575,0.1220245397447086,PBPF,soup_scene1,1,old
2815,12.134591579437256,0.1220861668380348,PBPF,soup_scene1,1,old
2816,12.138632535934448,0.1220861668380348,PBPF,soup_scene1,1,old
2817,12.143189907073976,0.1220177767703814,PBPF,soup_scene1,1,old
2818,12.147512197494509,0.1220177767703814,PBPF,soup_scene1,1,old
2819,12.152130126953123,0.1219020426501248,PBPF,soup_scene1,1,old
2820,12.156327724456789,0.1219261630782685,PBPF,soup_scene1,1,old
2821,12.160749435424805,0.1219372782938592,PBPF,soup_scene1,1,old
2822,12.16519856452942,0.1214670201127384,PBPF,soup_scene1,1,old
2823,12.169429063796995,0.1214670201127384,PBPF,soup_scene1,1,old
2824,12.173507928848268,0.1214670201127384,PBPF,soup_scene1,1,old
2825,12.177825689315796,0.1215712994303999,PBPF,soup_scene1,1,old
2826,12.182087898254396,0.1215712994303999,PBPF,soup_scene1,1,old
2827,12.18638014793396,0.1215777583588704,PBPF,soup_scene1,1,old
2828,12.190781831741331,0.1215343589773793,PBPF,soup_scene1,1,old
2829,12.195034503936768,0.1215343589773793,PBPF,soup_scene1,1,old
2830,12.19926381111145,0.1215343589773793,PBPF,soup_scene1,1,old
2831,12.203710794448853,0.1215697788158167,PBPF,soup_scene1,1,old
2832,12.207958698272703,0.1216897793258382,PBPF,soup_scene1,1,old
2833,12.21214246749878,0.1216897793258382,PBPF,soup_scene1,1,old
2834,12.216347217559814,0.1215810539691173,PBPF,soup_scene1,1,old
2835,12.220711946487429,0.1216070995591193,PBPF,soup_scene1,1,old
2836,12.225128889083862,0.1215772694295171,PBPF,soup_scene1,1,old
2837,12.229303359985352,0.1215772694295171,PBPF,soup_scene1,1,old
2838,12.23362421989441,0.1217044833057923,PBPF,soup_scene1,1,old
2839,12.237792491912842,0.1217044833057923,PBPF,soup_scene1,1,old
2840,12.242081880569458,0.121696441912514,PBPF,soup_scene1,1,old
2841,12.24627923965454,0.121696441912514,PBPF,soup_scene1,1,old
2842,12.250729322433472,0.1222015808797157,PBPF,soup_scene1,1,old
2843,12.254905939102173,0.1222015808797157,PBPF,soup_scene1,1,old
2844,12.259363174438477,0.1216967019587236,PBPF,soup_scene1,1,old
2845,12.263537168502808,0.1216967019587236,PBPF,soup_scene1,1,old
2846,12.267819166183472,0.1217355605480591,PBPF,soup_scene1,1,old
2847,12.272033214569092,0.1217355605480591,PBPF,soup_scene1,1,old
2848,12.276294708251951,0.1218915351276042,PBPF,soup_scene1,1,old
2849,12.28046727180481,0.1218915351276042,PBPF,soup_scene1,1,old
2850,12.284768104553224,0.1219864476908618,PBPF,soup_scene1,1,old
2851,12.288907766342165,0.1219864476908618,PBPF,soup_scene1,1,old
2852,12.293332815170288,0.1218587394600436,PBPF,soup_scene1,1,old
2853,12.297336339950562,0.1218587394600436,PBPF,soup_scene1,1,old
2854,12.30185055732727,0.121956529665664,PBPF,soup_scene1,1,old
2855,12.305999755859377,0.121956529665664,PBPF,soup_scene1,1,old
2856,12.310287237167358,0.1219823882506694,PBPF,soup_scene1,1,old
2857,12.314327716827393,0.1219823882506694,PBPF,soup_scene1,1,old
2858,12.31870460510254,0.12213614953369,PBPF,soup_scene1,1,old
2859,12.323070526123049,0.1221537389006685,PBPF,soup_scene1,1,old
2860,12.327606439590454,0.1158669391453514,PBPF,soup_scene1,1,old
2861,12.331874132156372,0.1157339394049182,PBPF,soup_scene1,1,old
2862,12.336323738098145,0.1157663056607749,PBPF,soup_scene1,1,old
2863,12.340502500534058,0.1157703227969123,PBPF,soup_scene1,1,old
2864,12.34486436843872,0.1157743763561833,PBPF,soup_scene1,1,old
2865,12.349262714385986,0.1157622268380133,PBPF,soup_scene1,1,old
2866,12.353508710861206,0.1157622268380133,PBPF,soup_scene1,1,old
2867,12.35820245742798,0.1157645864426287,PBPF,soup_scene1,1,old
2868,12.36254334449768,0.1157645864426287,PBPF,soup_scene1,1,old
2869,12.367037773132324,0.1157851742895307,PBPF,soup_scene1,1,old
2870,12.371334314346312,0.1157851742895307,PBPF,soup_scene1,1,old
2871,12.375486612319946,0.1157851742895307,PBPF,soup_scene1,1,old
2872,12.379651546478271,0.1158403605243437,PBPF,soup_scene1,1,old
2873,12.383878469467165,0.1158403605243437,PBPF,soup_scene1,1,old
2874,12.388143062591553,0.1158472498714572,PBPF,soup_scene1,1,old
2875,12.392630100250244,0.1158731612377887,PBPF,soup_scene1,1,old
2876,12.396802186965942,0.1158488097242394,PBPF,soup_scene1,1,old
2877,12.400852918624878,0.1159466082955162,PBPF,soup_scene1,1,old
2878,12.404901027679443,0.1159466082955162,PBPF,soup_scene1,1,old
2879,12.40910005569458,0.1159653983097964,PBPF,soup_scene1,1,old
2880,12.413161277770996,0.1159653983097964,PBPF,soup_scene1,1,old
2881,12.417141914367676,0.1159653983097964,PBPF,soup_scene1,1,old
2882,12.421788930892944,0.1160786855791305,PBPF,soup_scene1,1,old
2883,12.426135778427124,0.1160786855791305,PBPF,soup_scene1,1,old
2884,12.430471181869509,0.1160283787231517,PBPF,soup_scene1,1,old
2885,12.434558629989624,0.1160283787231517,PBPF,soup_scene1,1,old
2886,12.438722372055054,0.1160283787231517,PBPF,soup_scene1,1,old
2887,12.44317078590393,0.1160987721344678,PBPF,soup_scene1,1,old
2888,12.44735026359558,0.1160987721344678,PBPF,soup_scene1,1,old
2889,12.45156455039978,0.1160987721344678,PBPF,soup_scene1,1,old
2890,12.456119537353516,0.1161178814631101,PBPF,soup_scene1,1,old
2891,12.460482120513916,0.1161352867105416,PBPF,soup_scene1,1,old
2892,12.46485996246338,0.1162418200520114,PBPF,soup_scene1,1,old
2893,12.469158172607422,0.1162418200520114,PBPF,soup_scene1,1,old
2894,12.473206996917725,0.1162418200520114,PBPF,soup_scene1,1,old
2895,12.477667808532717,0.1162056993465922,PBPF,soup_scene1,1,old
2896,12.481974363327026,0.1162056993465922,PBPF,soup_scene1,1,old
2897,12.486465454101562,0.1236262575343963,PBPF,soup_scene1,1,old
2898,12.490808486938477,0.1236262575343963,PBPF,soup_scene1,1,old
2899,12.495357990264893,0.1236008983612783,PBPF,soup_scene1,1,old
2900,12.49945831298828,0.1236276201075383,PBPF,soup_scene1,1,old
2901,12.503633975982666,0.1236542015490285,PBPF,soup_scene1,1,old
2902,12.507995128631592,0.1236542015490285,PBPF,soup_scene1,1,old
2903,12.51258134841919,0.1236696643823501,PBPF,soup_scene1,1,old
2904,12.51721739768982,0.1237465722263227,PBPF,soup_scene1,1,old
2905,12.521636247634888,0.1237932610236722,PBPF,soup_scene1,1,old
2906,12.526330471038818,0.1239102551268678,PBPF,soup_scene1,1,old
2907,12.530770540237429,0.1237899564396413,PBPF,soup_scene1,1,old
2908,12.53540563583374,0.1238804348694823,PBPF,soup_scene1,1,old
2909,12.53990912437439,0.1240780266278697,PBPF,soup_scene1,1,old
2910,12.544453859329224,0.1240498886519135,PBPF,soup_scene1,1,old
2911,12.549036264419556,0.1240995053440244,PBPF,soup_scene1,1,old
2912,12.55365777015686,0.1241591520762274,PBPF,soup_scene1,1,old
2913,12.557985544204712,0.124246422490002,PBPF,soup_scene1,1,old
2914,12.562267303466797,0.124246422490002,PBPF,soup_scene1,1,old
2915,12.566677331924438,0.1242802958435753,PBPF,soup_scene1,1,old
2916,12.570946216583252,0.1242802958435753,PBPF,soup_scene1,1,old
2917,12.575538873672484,0.1242680577504041,PBPF,soup_scene1,1,old
2918,12.579748630523682,0.1242680577504041,PBPF,soup_scene1,1,old
2919,12.584220170974731,0.1244614022435709,PBPF,soup_scene1,1,old
2920,12.588465929031372,0.1244614022435709,PBPF,soup_scene1,1,old
2921,12.59318232536316,0.1243859708029214,PBPF,soup_scene1,1,old
2922,12.597277879714966,0.1243859708029214,PBPF,soup_scene1,1,old
2923,12.60189938545227,0.1244554592946633,PBPF,soup_scene1,1,old
2924,12.606138467788696,0.1244554592946633,PBPF,soup_scene1,1,old
2925,12.61064600944519,0.1244434533060785,PBPF,soup_scene1,1,old
2926,12.614814043045044,0.1244434533060785,PBPF,soup_scene1,1,old
2927,12.61951231956482,0.1245057945695023,PBPF,soup_scene1,1,old
2928,12.623785495758057,0.1244879390169002,PBPF,soup_scene1,1,old
2929,12.628252029418944,0.1245709958459601,PBPF,soup_scene1,1,old
2930,12.6325204372406,0.1245596152445439,PBPF,soup_scene1,1,old
2931,12.63684344291687,0.1245649967669549,PBPF,soup_scene1,1,old
2932,12.641051292419434,0.1247018320160088,PBPF,soup_scene1,1,old
2933,12.645527601242064,0.1247257438909984,PBPF,soup_scene1,1,old
2934,12.64997625350952,0.1240137781432087,PBPF,soup_scene1,1,old
2935,12.654207229614258,0.1240137781432087,PBPF,soup_scene1,1,old
2936,12.658834218978882,0.1240803361578609,PBPF,soup_scene1,1,old
2937,12.663050174713137,0.1240803361578609,PBPF,soup_scene1,1,old
2938,12.667656421661375,0.1241050347843477,PBPF,soup_scene1,1,old
2939,12.67172622680664,0.1241050347843477,PBPF,soup_scene1,1,old
2940,12.676296949386597,0.1241567701673287,PBPF,soup_scene1,1,old
2941,12.680472373962402,0.1241567701673287,PBPF,soup_scene1,1,old
2942,12.685075283050535,0.1241656333531355,PBPF,soup_scene1,1,old
2943,12.689249515533447,0.1241656333531355,PBPF,soup_scene1,1,old
2944,12.693763494491575,0.124199964188502,PBPF,soup_scene1,1,old
2945,12.698216438293455,0.1241975696040375,PBPF,soup_scene1,1,old
2946,12.702531814575195,0.1242344025446404,PBPF,soup_scene1,1,old
2947,12.706849813461304,0.1241913675246706,PBPF,soup_scene1,1,old
2948,12.71105170249939,0.1242843573166113,PBPF,soup_scene1,1,old
2949,12.71541976928711,0.124317812159515,PBPF,soup_scene1,1,old
2950,12.719850301742554,0.1243906426421848,PBPF,soup_scene1,1,old
2951,12.72426962852478,0.1244050351538886,PBPF,soup_scene1,1,old
2952,12.728539943695068,0.1244050351538886,PBPF,soup_scene1,1,old
2953,12.73289680480957,0.1244458262337073,PBPF,soup_scene1,1,old
2954,12.73717713356018,0.1244458262337073,PBPF,soup_scene1,1,old
2955,12.741567134857178,0.1244982192886856,PBPF,soup_scene1,1,old
2956,12.745918035507202,0.1244982192886856,PBPF,soup_scene1,1,old
2957,12.75052571296692,0.1246095346772424,PBPF,soup_scene1,1,old
2958,12.754811525344849,0.1246095346772424,PBPF,soup_scene1,1,old
2959,12.759320497512816,0.1244954011624311,PBPF,soup_scene1,1,old
2960,12.763583898544312,0.1244954011624311,PBPF,soup_scene1,1,old
2961,12.76805567741394,0.1247064225739303,PBPF,soup_scene1,1,old
2962,12.772196054458618,0.1247064225739303,PBPF,soup_scene1,1,old
2963,12.776243925094604,0.1247064225739303,PBPF,soup_scene1,1,old
2964,12.780553102493286,0.1247838083962962,PBPF,soup_scene1,1,old
2965,12.7849600315094,0.1247838083962962,PBPF,soup_scene1,1,old
2966,12.789258003234863,0.1246425821154246,PBPF,soup_scene1,1,old
2967,12.793723106384276,0.1247272597816157,PBPF,soup_scene1,1,old
2968,12.797934770584106,0.1247248430625761,PBPF,soup_scene1,1,old
2969,12.802037239074709,0.1247478796148091,PBPF,soup_scene1,1,old
2970,12.806229591369627,0.1247478796148091,PBPF,soup_scene1,1,old
2971,12.810390949249268,0.1268722674386472,PBPF,soup_scene1,1,old
2972,12.815064191818236,0.1268659378002712,PBPF,soup_scene1,1,old
2973,12.819172859191896,0.1268659378002712,PBPF,soup_scene1,1,old
2974,12.823649644851685,0.126936772184726,PBPF,soup_scene1,1,old
2975,12.827958583831789,0.126936772184726,PBPF,soup_scene1,1,old
2976,12.832377672195436,0.1270945580913098,PBPF,soup_scene1,1,old
2977,12.836597204208374,0.1270945580913098,PBPF,soup_scene1,1,old
2978,12.840718507766724,0.1270730856398498,PBPF,soup_scene1,1,old
2979,12.84510350227356,0.1270928428576912,PBPF,soup_scene1,1,old
2980,12.849230766296388,0.1270928428576912,PBPF,soup_scene1,1,old
2981,12.853697776794434,0.1271993222205174,PBPF,soup_scene1,1,old
2982,12.858095169067385,0.1272188848428516,PBPF,soup_scene1,1,old
2983,12.862382411956789,0.1272188848428516,PBPF,soup_scene1,1,old
2984,12.866927862167358,0.1271708970756351,PBPF,soup_scene1,1,old
2985,12.8710036277771,0.1271708970756351,PBPF,soup_scene1,1,old
2986,12.875382900238035,0.127144824577084,PBPF,soup_scene1,1,old
2987,12.879546165466309,0.127144824577084,PBPF,soup_scene1,1,old
2988,12.883930444717407,0.1271617675075162,PBPF,soup_scene1,1,old
2989,12.88833737373352,0.1271551158163571,PBPF,soup_scene1,1,old
2990,12.89262342453003,0.1272223046480881,PBPF,soup_scene1,1,old
2991,12.89693307876587,0.1272223046480881,PBPF,soup_scene1,1,old
2992,12.90126609802246,0.1272307842944781,PBPF,soup_scene1,1,old
2993,12.905534267425535,0.1272921129457754,PBPF,soup_scene1,1,old
2994,12.910120487213137,0.1273265092108019,PBPF,soup_scene1,1,old
2995,12.914686679840088,0.1275024427627487,PBPF,soup_scene1,1,old
2996,12.91919207572937,0.1274763201217573,PBPF,soup_scene1,1,old
2997,12.923768281936646,0.1275288160419032,PBPF,soup_scene1,1,old
2998,12.928277254104614,0.1274471650296351,PBPF,soup_scene1,1,old
2999,12.932790756225586,0.1274514441503673,PBPF,soup_scene1,1,old
3000,12.937460899353027,0.1275668046072505,PBPF,soup_scene1,1,old
3001,12.941986322402954,0.1275734331673641,PBPF,soup_scene1,1,old
3002,12.94672918319702,0.1276385543442199,PBPF,soup_scene1,1,old
3003,12.951183795928957,0.1276155187382698,PBPF,soup_scene1,1,old
3004,12.955251455307009,0.1276155187382698,PBPF,soup_scene1,1,old
3005,12.960196018218994,0.1285758117814073,PBPF,soup_scene1,1,old
3006,12.96445369720459,0.128712818948836,PBPF,soup_scene1,1,old
3007,12.968788146972656,0.1287820364049489,PBPF,soup_scene1,1,old
3008,12.972906351089478,0.1287820364049489,PBPF,soup_scene1,1,old
3009,12.97737979888916,0.1286846956482588,PBPF,soup_scene1,1,old
3010,12.981507062911987,0.1286846956482588,PBPF,soup_scene1,1,old
3011,12.98619818687439,0.128707217798705,PBPF,soup_scene1,1,old
3012,12.990557432174684,0.128707217798705,PBPF,soup_scene1,1,old
3013,12.994870901107788,0.128676385853198,PBPF,soup_scene1,1,old
3014,12.999043703079224,0.1286800030755919,PBPF,soup_scene1,1,old
3015,13.003183841705322,0.1286646166581921,PBPF,soup_scene1,1,old
3016,13.00748085975647,0.1287837952497805,PBPF,soup_scene1,1,old
3017,13.011947631835938,0.1287882816122489,PBPF,soup_scene1,1,old
3018,13.01641297340393,0.1286939703981811,PBPF,soup_scene1,1,old
3019,13.020701885223389,0.1286939703981811,PBPF,soup_scene1,1,old
3020,13.025218725204468,0.12881266395788,PBPF,soup_scene1,1,old
3021,13.029487133026125,0.12881266395788,PBPF,soup_scene1,1,old
3022,13.03383445739746,0.1288961532192374,PBPF,soup_scene1,1,old
3023,13.03826069831848,0.1288961532192374,PBPF,soup_scene1,1,old
3024,13.042657136917114,0.1287805915851391,PBPF,soup_scene1,1,old
3025,13.046791315078735,0.1287805915851391,PBPF,soup_scene1,1,old
3026,13.051275491714478,0.1287366863533006,PBPF,soup_scene1,1,old
3027,13.055471181869509,0.1287366863533006,PBPF,soup_scene1,1,old
3028,13.060110569000244,0.1287403146824691,PBPF,soup_scene1,1,old
3029,13.064128398895264,0.1287403146824691,PBPF,soup_scene1,1,old
3030,13.068770408630373,0.1288302905990269,PBPF,soup_scene1,1,old
3031,13.073041677474976,0.1288302905990269,PBPF,soup_scene1,1,old
3032,13.077733755111694,0.1287868028634606,PBPF,soup_scene1,1,old
3033,13.082179307937622,0.1288653164594378,PBPF,soup_scene1,1,old
3034,13.086647987365724,0.1288653164594378,PBPF,soup_scene1,1,old
3035,13.091021299362184,0.1290326320789483,PBPF,soup_scene1,1,old
3036,13.095386028289797,0.1290326320789483,PBPF,soup_scene1,1,old
3037,13.099762201309204,0.1290515935068709,PBPF,soup_scene1,1,old
3038,13.10408616065979,0.1290515935068709,PBPF,soup_scene1,1,old
3039,13.108583211898804,0.1289040624090249,PBPF,soup_scene1,1,old
3040,13.112807512283323,0.1289040624090249,PBPF,soup_scene1,1,old
3041,13.117203950881958,0.1294355634486225,PBPF,soup_scene1,1,old
3042,13.121545553207396,0.1324243696473834,PBPF,soup_scene1,1,old
3043,13.126115798950195,0.1321141588373729,PBPF,soup_scene1,1,old
3044,13.13017439842224,0.1321141588373729,PBPF,soup_scene1,1,old
3045,13.13467502593994,0.1320576091795275,PBPF,soup_scene1,1,old
3046,13.138984203338625,0.1320576091795275,PBPF,soup_scene1,1,old
3047,13.143444538116457,0.1321453778682531,PBPF,soup_scene1,1,old
3048,13.147693157196043,0.1321453778682531,PBPF,soup_scene1,1,old
3049,13.152252674102783,0.1320274354739658,PBPF,soup_scene1,1,old
3050,13.156596899032593,0.1320274354739658,PBPF,soup_scene1,1,old
3051,13.16112470626831,0.1321322355468545,PBPF,soup_scene1,1,old
3052,13.16551685333252,0.1320083345144443,PBPF,soup_scene1,1,old
3053,13.169867038726808,0.1320181083519731,PBPF,soup_scene1,1,old
3054,13.174257278442385,0.132066113467667,PBPF,soup_scene1,1,old
3055,13.178633451461792,0.132066113467667,PBPF,soup_scene1,1,old
3056,13.182886838912964,0.132056409610102,PBPF,soup_scene1,1,old
3057,13.187369346618652,0.132115376984469,PBPF,soup_scene1,1,old
3058,13.191864967346191,0.1322350160993725,PBPF,soup_scene1,1,old
3059,13.195979118347168,0.1322350160993725,PBPF,soup_scene1,1,old
3060,13.20029091835022,0.1321464365762203,PBPF,soup_scene1,1,old
3061,13.20438003540039,0.1321464365762203,PBPF,soup_scene1,1,old
3062,13.209104061126707,0.1321339058976859,PBPF,soup_scene1,1,old
3063,13.213245630264282,0.1321339058976859,PBPF,soup_scene1,1,old
3064,13.217850685119627,0.1321552053414025,PBPF,soup_scene1,1,old
3065,13.222026348114014,0.1321552053414025,PBPF,soup_scene1,1,old
3066,13.22664499282837,0.1321046840624318,PBPF,soup_scene1,1,old
3067,13.230852603912354,0.1321046840624318,PBPF,soup_scene1,1,old
3068,13.235377550125122,0.132226187310963,PBPF,soup_scene1,1,old
3069,13.239721536636353,0.132226187310963,PBPF,soup_scene1,1,old
3070,13.2440984249115,0.1323106159007005,PBPF,soup_scene1,1,old
3071,13.24843144416809,0.1322178566786996,PBPF,soup_scene1,1,old
3072,13.252830982208252,0.132224187065942,PBPF,soup_scene1,1,old
3073,13.25714945793152,0.132215837945971,PBPF,soup_scene1,1,old
3074,13.261564016342165,0.1322740599668181,PBPF,soup_scene1,1,old
3075,13.266041994094849,0.1323914109406192,PBPF,soup_scene1,1,old
3076,13.270440578460692,0.1323914109406192,PBPF,soup_scene1,1,old
3077,13.274794578552246,0.1322735712285301,PBPF,soup_scene1,1,old
3078,13.27934956550598,0.1322735712285301,PBPF,soup_scene1,1,old
3079,13.283896684646606,0.1245196405793723,PBPF,soup_scene1,1,old
3080,13.28813934326172,0.1245196405793723,PBPF,soup_scene1,1,old
3081,13.292616605758669,0.1246420150876133,PBPF,soup_scene1,1,old
3082,13.2968852519989,0.1246420150876133,PBPF,soup_scene1,1,old
3083,13.301365852355955,0.1245230399397229,PBPF,soup_scene1,1,old
3084,13.305618047714232,0.1245230399397229,PBPF,soup_scene1,1,old
3085,13.310130596160889,0.1246546697025043,PBPF,soup_scene1,1,old
3086,13.31425929069519,0.1246546697025043,PBPF,soup_scene1,1,old
3087,13.31881332397461,0.1245570258853738,PBPF,soup_scene1,1,old
3088,13.322957038879396,0.1245570258853738,PBPF,soup_scene1,1,old
3089,13.327595710754396,0.1246823516781622,PBPF,soup_scene1,1,old
3090,13.33190417289734,0.1245684115841033,PBPF,soup_scene1,1,old
3091,13.336363315582275,0.1245647070621669,PBPF,soup_scene1,1,old
3092,13.34061574935913,0.1245474918465025,PBPF,soup_scene1,1,old
3093,13.344968795776367,0.1246255690372188,PBPF,soup_scene1,1,old
3094,13.349377870559692,0.1246446108923426,PBPF,soup_scene1,1,old
3095,13.35382342338562,0.1246446108923426,PBPF,soup_scene1,1,old
3096,13.358450174331663,0.1246397938766054,PBPF,soup_scene1,1,old
3097,13.362722158432009,0.1246397938766054,PBPF,soup_scene1,1,old
3098,13.36722993850708,0.1246441864251593,PBPF,soup_scene1,1,old
3099,13.371883869171144,0.1246563258603092,PBPF,soup_scene1,1,old
3100,13.37640619277954,0.1246274375295507,PBPF,soup_scene1,1,old
3101,13.380867004394531,0.1246274375295507,PBPF,soup_scene1,1,old
3102,13.385519742965698,0.1251677333421704,PBPF,soup_scene1,1,old
3103,13.389950037002563,0.1247678362371722,PBPF,soup_scene1,1,old
3104,13.394715547561646,0.1247297976237464,PBPF,soup_scene1,1,old
3105,13.399019241333008,0.1249130747911767,PBPF,soup_scene1,1,old
3106,13.403641700744627,0.1249130747911767,PBPF,soup_scene1,1,old
3107,13.407994270324709,0.12491737101698,PBPF,soup_scene1,1,old
3108,13.412667989730837,0.12491737101698,PBPF,soup_scene1,1,old
3109,13.4174644947052,0.1249743849820836,PBPF,soup_scene1,1,old
3110,13.42179012298584,0.1249743849820836,PBPF,soup_scene1,1,old
3111,13.42655873298645,0.1248403336366161,PBPF,soup_scene1,1,old
3112,13.431016206741331,0.1248403336366161,PBPF,soup_scene1,1,old
3113,13.435651302337646,0.1248542502773572,PBPF,soup_scene1,1,old
3114,13.440020322799684,0.1253593209845181,PBPF,soup_scene1,1,old
3115,13.444740533828735,0.1253487849322997,PBPF,soup_scene1,1,old
3116,13.449435234069824,0.1253452493839519,PBPF,soup_scene1,1,old
3117,13.45371961593628,0.1253452493839519,PBPF,soup_scene1,1,old
3118,13.458080053329468,0.1254733401595345,PBPF,soup_scene1,1,old
3119,13.46237850189209,0.1254733401595345,PBPF,soup_scene1,1,old
3120,13.466794729232788,0.1254261456779187,PBPF,soup_scene1,1,old
3121,13.470979690551758,0.1254261456779187,PBPF,soup_scene1,1,old
3122,13.475316762924194,0.1254365601666066,PBPF,soup_scene1,1,old
3123,13.479689598083496,0.1254365601666066,PBPF,soup_scene1,1,old
3124,13.48401927947998,0.1254462094820601,PBPF,soup_scene1,1,old
3125,13.488266944885254,0.1254462094820601,PBPF,soup_scene1,1,old
3126,13.49288821220398,0.1256255169371996,PBPF,soup_scene1,1,old
3127,13.497166872024536,0.1256255169371996,PBPF,soup_scene1,1,old
3128,13.501697778701782,0.1255635183774214,PBPF,soup_scene1,1,old
3129,13.505822896957396,0.1255635183774214,PBPF,soup_scene1,1,old
3130,13.510323762893677,0.1255951254477533,PBPF,soup_scene1,1,old
3131,13.51453709602356,0.1255951254477533,PBPF,soup_scene1,1,old
3132,13.51903200149536,0.1255255456374407,PBPF,soup_scene1,1,old
3133,13.523197412490845,0.1255470719539929,PBPF,soup_scene1,1,old
3134,13.5274760723114,0.1256032265110543,PBPF,soup_scene1,1,old
3135,13.531657695770264,0.1257532713245703,PBPF,soup_scene1,1,old
3136,13.53601360321045,0.1258688989756209,PBPF,soup_scene1,1,old
3137,13.540310859680176,0.1256609026274483,PBPF,soup_scene1,1,old
3138,13.544517040252686,0.1256609026274483,PBPF,soup_scene1,1,old
3139,13.548919200897217,0.1258253755264887,PBPF,soup_scene1,1,old
3140,13.553154230117798,0.1258253755264887,PBPF,soup_scene1,1,old
3141,13.557652711868286,0.1258229986552911,PBPF,soup_scene1,1,old
3142,13.562021732330322,0.1258229986552911,PBPF,soup_scene1,1,old
3143,13.56639528274536,0.125758501064858,PBPF,soup_scene1,1,old
3144,13.57079792022705,0.125758501064858,PBPF,soup_scene1,1,old
3145,13.57504653930664,0.1257406795259254,PBPF,soup_scene1,1,old
3146,13.579315423965454,0.1258235463956384,PBPF,soup_scene1,1,old
3147,13.583903551101685,0.1258235463956384,PBPF,soup_scene1,1,old
3148,13.588232517242432,0.1258772560824757,PBPF,soup_scene1,1,old
3149,13.59261393547058,0.1258772560824757,PBPF,soup_scene1,1,old
3150,13.597060441970823,0.1258826769088304,PBPF,soup_scene1,1,old
3151,13.601462364196776,0.1242919844446222,PBPF,soup_scene1,1,old
3152,13.6057870388031,0.1242919844446222,PBPF,soup_scene1,1,old
3153,13.609960556030272,0.1243891755450783,PBPF,soup_scene1,1,old
3154,13.614426851272585,0.1244283038001981,PBPF,soup_scene1,1,old
3155,13.61882781982422,0.1244283038001981,PBPF,soup_scene1,1,old
3156,13.623267650604248,0.1244149536289191,PBPF,soup_scene1,1,old
3157,13.62774109840393,0.1244149536289191,PBPF,soup_scene1,1,old
3158,13.631821870803831,0.1244149536289191,PBPF,soup_scene1,1,old
3159,13.636154174804688,0.1244196351225153,PBPF,soup_scene1,1,old
3160,13.640607357025146,0.1244377032448006,PBPF,soup_scene1,1,old
3161,13.644936800003052,0.1244213635469748,PBPF,soup_scene1,1,old
3162,13.6492338180542,0.1244213635469748,PBPF,soup_scene1,1,old
3163,13.653421878814695,0.1244213635469748,PBPF,soup_scene1,1,old
3164,13.65814733505249,0.1244576996495121,PBPF,soup_scene1,1,old
3165,13.6625497341156,0.1244576996495121,PBPF,soup_scene1,1,old
3166,13.666823148727415,0.124450688277367,PBPF,soup_scene1,1,old
3167,13.671373844146729,0.1245222617626774,PBPF,soup_scene1,1,old
3168,13.675593614578249,0.1245222617626774,PBPF,soup_scene1,1,old
3169,13.68006706237793,0.1247811555976612,PBPF,soup_scene1,1,old
3170,13.684548616409302,0.1247811555976612,PBPF,soup_scene1,1,old
3171,13.68866753578186,0.1247811555976612,PBPF,soup_scene1,1,old
3172,13.693198919296265,0.1246895696244281,PBPF,soup_scene1,1,old
3173,13.697416067123411,0.1246895696244281,PBPF,soup_scene1,1,old
3174,13.701513767242432,0.1246895696244281,PBPF,soup_scene1,1,old
3175,13.70614504814148,0.1247147049649562,PBPF,soup_scene1,1,old
3176,13.710831880569458,0.12469263367727,PBPF,soup_scene1,1,old
3177,13.715372085571287,0.1248249313899744,PBPF,soup_scene1,1,old
3178,13.719947099685667,0.1248426831593612,PBPF,soup_scene1,1,old
3179,13.72449827194214,0.1248292220728053,PBPF,soup_scene1,1,old
3180,13.729156017303469,0.124947828462733,PBPF,soup_scene1,1,old
3181,13.733551025390623,0.124947828462733,PBPF,soup_scene1,1,old
3182,13.738073587417604,0.1249949762709319,PBPF,soup_scene1,1,old
3183,13.742578506469728,0.125200675534881,PBPF,soup_scene1,1,old
3184,13.747201681137083,0.1252330725965594,PBPF,soup_scene1,1,old
3185,13.751978397369385,0.1252725636400232,PBPF,soup_scene1,1,old
3186,13.7567458152771,0.1251817674872474,PBPF,soup_scene1,1,old
3187,13.761663675308228,0.1290825542944472,PBPF,soup_scene1,1,old
3188,13.766105890274048,0.1291329682342517,PBPF,soup_scene1,1,old
3189,13.770406484603882,0.1291329682342517,PBPF,soup_scene1,1,old
3190,13.774787902832031,0.1292061631627,PBPF,soup_scene1,1,old
3191,13.779135704040527,0.1292061631627,PBPF,soup_scene1,1,old
3192,13.78360080718994,0.1292227891181007,PBPF,soup_scene1,1,old
3193,13.787811756134031,0.1292227891181007,PBPF,soup_scene1,1,old
3194,13.792493343353271,0.1292731684348734,PBPF,soup_scene1,1,old
3195,13.796567916870115,0.1292731684348734,PBPF,soup_scene1,1,old
3196,13.801156759262083,0.1293846115465542,PBPF,soup_scene1,1,old
3197,13.805209398269652,0.1293846115465542,PBPF,soup_scene1,1,old
3198,13.81001615524292,0.1294267878998802,PBPF,soup_scene1,1,old
3199,13.81425666809082,0.1294267878998802,PBPF,soup_scene1,1,old
3200,13.818861722946169,0.1294033384990459,PBPF,soup_scene1,1,old
3201,13.823075771331789,0.1294033384990459,PBPF,soup_scene1,1,old
3202,13.82768440246582,0.1294246120802641,PBPF,soup_scene1,1,old
3203,13.832045078277588,0.1295016557230947,PBPF,soup_scene1,1,old
3204,13.836426258087158,0.1296264414759752,PBPF,soup_scene1,1,old
3205,13.840885877609251,0.1296776148631199,PBPF,soup_scene1,1,old
3206,13.845222234725952,0.1296776148631199,PBPF,soup_scene1,1,old
3207,13.849667310714722,0.1297488643084379,PBPF,soup_scene1,1,old
3208,13.854020595550535,0.1297488643084379,PBPF,soup_scene1,1,old
3209,13.85878300666809,0.1296969872622184,PBPF,soup_scene1,1,old
3210,13.863056898117064,0.1296969872622184,PBPF,soup_scene1,1,old
3211,13.867462396621704,0.129827310164107,PBPF,soup_scene1,1,old
3212,13.871782064437866,0.129827310164107,PBPF,soup_scene1,1,old
3213,13.876250505447388,0.1297239382345285,PBPF,soup_scene1,1,old
3214,13.880468606948853,0.1297239382345285,PBPF,soup_scene1,1,old
3215,13.884974241256714,0.1297704515392894,PBPF,soup_scene1,1,old
3216,13.889335870742798,0.1297704515392894,PBPF,soup_scene1,1,old
3217,13.893810272216797,0.1298601518278626,PBPF,soup_scene1,1,old
3218,13.898159503936768,0.1298865527537251,PBPF,soup_scene1,1,old
3219,13.902708053588867,0.1299255593750053,PBPF,soup_scene1,1,old
3220,13.907050371170044,0.1299255593750053,PBPF,soup_scene1,1,old
3221,13.911532640457152,0.1299440487330496,PBPF,soup_scene1,1,old
3222,13.915793657302856,0.1299615580299835,PBPF,soup_scene1,1,old
3223,13.920143127441406,0.129992643690539,PBPF,soup_scene1,1,old
3224,13.924808740615845,0.1324699091522754,PBPF,soup_scene1,1,old
3225,13.92900800704956,0.1324699091522754,PBPF,soup_scene1,1,old
3226,13.933472871780396,0.1323675072757117,PBPF,soup_scene1,1,old
3227,13.93766975402832,0.1323675072757117,PBPF,soup_scene1,1,old
3228,13.942130088806152,0.1324344389349653,PBPF,soup_scene1,1,old
3229,13.946468830108644,0.1324344389349653,PBPF,soup_scene1,1,old
3230,13.95103120803833,0.1323711890215904,PBPF,soup_scene1,1,old
3231,13.955322265625,0.1323711890215904,PBPF,soup_scene1,1,old
3232,13.95995306968689,0.1324377089721095,PBPF,soup_scene1,1,old
3233,13.964089632034302,0.1324377089721095,PBPF,soup_scene1,1,old
3234,13.968557834625244,0.1324226111447789,PBPF,soup_scene1,1,old
3235,13.97279953956604,0.1324226111447789,PBPF,soup_scene1,1,old
3236,13.976983308792114,0.1324833842310933,PBPF,soup_scene1,1,old
3237,13.981368064880373,0.1324833842310933,PBPF,soup_scene1,1,old
3238,13.985645055770874,0.1324833842310933,PBPF,soup_scene1,1,old
3239,13.98992109298706,0.1324833842310933,PBPF,soup_scene1,1,old
3240,13.994507312774658,0.1325456916223979,PBPF,soup_scene1,1,old
3241,13.998629093170166,0.1324547060000332,PBPF,soup_scene1,1,old
3242,14.00273823738098,0.1324547060000332,PBPF,soup_scene1,1,old
3243,14.006799697875977,0.1325381587328426,PBPF,soup_scene1,1,old
3244,14.011086463928224,0.1326418790977407,PBPF,soup_scene1,1,old
3245,14.01517653465271,0.1326418965805595,PBPF,soup_scene1,1,old
3246,14.019694566726685,0.1325313092532261,PBPF,soup_scene1,1,old
3247,14.023784637451172,0.1325313092532261,PBPF,soup_scene1,1,old
3248,14.028342008590698,0.13255294059782,PBPF,soup_scene1,1,old
3249,14.032517910003662,0.132561901001321,PBPF,soup_scene1,1,old
3250,14.0367693901062,0.132561901001321,PBPF,soup_scene1,1,old
3251,14.041020154953005,0.1326720092341587,PBPF,soup_scene1,1,old
3252,14.045388460159302,0.1326596670907277,PBPF,soup_scene1,1,old
3253,14.049588918685911,0.1325546429809999,PBPF,soup_scene1,1,old
3254,14.053958654403688,0.1325546429809999,PBPF,soup_scene1,1,old
3255,14.058257818222046,0.1325546429809999,PBPF,soup_scene1,1,old
3256,14.062757968902588,0.1325727571656221,PBPF,soup_scene1,1,old
3257,14.067010402679443,0.1325727571656221,PBPF,soup_scene1,1,old
3258,14.07128405570984,0.1325474344402349,PBPF,soup_scene1,1,old
3259,14.075482368469238,0.1325474344402349,PBPF,soup_scene1,1,old
3260,14.07984733581543,0.132558785967882,PBPF,soup_scene1,1,old
3261,14.084438800811768,0.1324530905626179,PBPF,soup_scene1,1,old
3262,14.088757514953612,0.1324622835916632,PBPF,soup_scene1,1,old
3263,14.093218803405762,0.1324622835916632,PBPF,soup_scene1,1,old
3264,14.097506999969482,0.1323759754660128,PBPF,soup_scene1,1,old
3265,14.101900815963743,0.1323759754660128,PBPF,soup_scene1,1,old
3266,14.106005907058716,0.1323759754660128,PBPF,soup_scene1,1,old
3267,14.11066222190857,0.1324862149614953,PBPF,soup_scene1,1,old
3268,14.115183353424072,0.1323542958682079,PBPF,soup_scene1,1,old
3269,14.119670629501345,0.1324642600158753,PBPF,soup_scene1,1,old
3270,14.124343872070312,0.1324806651846602,PBPF,soup_scene1,1,old
3271,14.128766298294067,0.1324843195394487,PBPF,soup_scene1,1,old
3272,14.133500337600708,0.1324700039041387,PBPF,soup_scene1,1,old
3273,14.138203620910645,0.1323858480919267,PBPF,soup_scene1,1,old
3274,14.14270281791687,0.1324846844330253,PBPF,soup_scene1,1,old
3275,14.147213697433472,0.1323924670681875,PBPF,soup_scene1,1,old
3276,14.152063369750977,0.1323797077335675,PBPF,soup_scene1,1,old
3277,14.156584978103638,0.1323797077335675,PBPF,soup_scene1,1,old
3278,14.16110610961914,0.1323714873012889,PBPF,soup_scene1,1,old
3279,14.1653311252594,0.1323807147004356,PBPF,soup_scene1,1,old
3280,14.169818639755247,0.1323807147004356,PBPF,soup_scene1,1,old
3281,14.1742103099823,0.1323705890256607,PBPF,soup_scene1,1,old
3282,14.17856216430664,0.1323705890256607,PBPF,soup_scene1,1,old
3283,14.182974576950071,0.1324906343828846,PBPF,soup_scene1,1,old
3284,14.187241554260254,0.1324906343828846,PBPF,soup_scene1,1,old
3285,14.192052841186523,0.1324821282489032,PBPF,soup_scene1,1,old
3286,14.196292638778688,0.1324821282489032,PBPF,soup_scene1,1,old
3287,14.200732231140137,0.132348880739616,PBPF,soup_scene1,1,old
3288,14.205018997192385,0.132348880739616,PBPF,soup_scene1,1,old
3289,14.209344625473022,0.1323158343676946,PBPF,soup_scene1,1,old
3290,14.213558673858644,0.1323158343676946,PBPF,soup_scene1,1,old
3291,14.218100547790527,0.1325006497201007,PBPF,soup_scene1,1,old
3292,14.222320556640623,0.1325006497201007,PBPF,soup_scene1,1,old
3293,14.22693920135498,0.1323713388211027,PBPF,soup_scene1,1,old
3294,14.231080293655396,0.1323713388211027,PBPF,soup_scene1,1,old
3295,14.235539674758911,0.1324979379261225,PBPF,soup_scene1,1,old
3296,14.239685773849487,0.1324979379261225,PBPF,soup_scene1,1,old
3297,14.24421238899231,0.1324817841016449,PBPF,soup_scene1,1,old
3298,14.248455286026,0.132478560254731,PBPF,soup_scene1,1,old
3299,14.252785205841064,0.1324724644853367,PBPF,soup_scene1,1,old
3300,14.257102727890016,0.132474014119432,PBPF,soup_scene1,1,old
3301,14.261582136154177,0.132474014119432,PBPF,soup_scene1,1,old
3302,14.266069889068604,0.1323390103442632,PBPF,soup_scene1,1,old
3303,14.270253896713257,0.1323390103442632,PBPF,soup_scene1,1,old
3304,14.274729251861572,0.1324781727127088,PBPF,soup_scene1,1,old
3305,14.278965950012209,0.1324781727127088,PBPF,soup_scene1,1,old
3306,14.283404111862184,0.1323687596930424,PBPF,soup_scene1,1,old
3307,14.287654161453249,0.1323687596930424,PBPF,soup_scene1,1,old
3308,14.292385816574097,0.1325180073291692,PBPF,soup_scene1,1,old
3309,14.296658039093018,0.1325180073291692,PBPF,soup_scene1,1,old
3310,14.301188945770264,0.132344399649231,PBPF,soup_scene1,1,old
3311,14.3053297996521,0.132344399649231,PBPF,soup_scene1,1,old
3312,14.309794425964355,0.1323710872515874,PBPF,soup_scene1,1,old
3313,14.314168930053713,0.1323710872515874,PBPF,soup_scene1,1,old
3314,14.318626403808594,0.1324961851538388,PBPF,soup_scene1,1,old
3315,14.323036909103394,0.1324961851538388,PBPF,soup_scene1,1,old
3316,14.32757019996643,0.132349809761058,PBPF,soup_scene1,1,old
3317,14.331937551498411,0.1323286679300341,PBPF,soup_scene1,1,old
3318,14.336300611495972,0.1323332932694548,PBPF,soup_scene1,1,old
3319,14.340541362762451,0.1323463750673941,PBPF,soup_scene1,1,old
3320,14.34492254257202,0.1323463750673941,PBPF,soup_scene1,1,old
3321,14.349400281906128,0.1323487641770995,PBPF,soup_scene1,1,old
3322,14.353778600692747,0.1323487641770995,PBPF,soup_scene1,1,old
3323,14.358333110809326,0.1323559884152959,PBPF,soup_scene1,1,old
3324,14.362682580947876,0.1323559884152959,PBPF,soup_scene1,1,old
3325,14.367159128189089,0.1323567057176398,PBPF,soup_scene1,1,old
3326,14.371322393417358,0.1323567057176398,PBPF,soup_scene1,1,old
3327,14.375813007354736,0.1323442093089434,PBPF,soup_scene1,1,old
3328,14.379979610443115,0.1323442093089434,PBPF,soup_scene1,1,old
3329,14.38451075553894,0.1323244080329442,PBPF,soup_scene1,1,old
3330,14.388624668121338,0.1323244080329442,PBPF,soup_scene1,1,old
3331,14.393383502960203,0.1324674128052736,PBPF,soup_scene1,1,old
3332,14.397595167160034,0.1324674128052736,PBPF,soup_scene1,1,old
3333,14.402236461639404,0.1323411339606801,PBPF,soup_scene1,1,old
3334,14.406434535980225,0.1325106518983935,PBPF,soup_scene1,1,old
3335,14.41084599494934,0.1325081934042148,PBPF,soup_scene1,1,old
3336,14.415106296539308,0.1325081934042148,PBPF,soup_scene1,1,old
3337,14.419681787490845,0.132348441480258,PBPF,soup_scene1,1,old
3338,14.424061059951782,0.1323664861104324,PBPF,soup_scene1,1,old
3339,14.428538799285889,0.1323664861104324,PBPF,soup_scene1,1,old
3340,14.4329833984375,0.1323503855376989,PBPF,soup_scene1,1,old
3341,14.437238454818726,0.1323503855376989,PBPF,soup_scene1,1,old
3342,14.441893339157104,0.1323269693347812,PBPF,soup_scene1,1,old
3343,14.44782018661499,0.1323269693347812,PBPF,soup_scene1,1,old
3344,14.452679872512816,0.1323685225037582,PBPF,soup_scene1,1,old
3345,14.456988096237184,0.1323517152238956,PBPF,soup_scene1,1,old
3346,14.46134614944458,0.1323508728691681,PBPF,soup_scene1,1,old
3347,14.4657142162323,0.1324977671142523,PBPF,soup_scene1,1,old
3348,14.47000002861023,0.1324977671142523,PBPF,soup_scene1,1,old
3349,14.474216222763062,0.1324828126536429,PBPF,soup_scene1,1,old
3350,14.478610754013062,0.1324854404762322,PBPF,soup_scene1,1,old
3351,14.48293399810791,0.1323640369610972,PBPF,soup_scene1,1,old
3352,14.487157344818115,0.1323640369610972,PBPF,soup_scene1,1,old
3353,14.49157214164734,0.1323544168927666,PBPF,soup_scene1,1,old
3354,14.49572491645813,0.1323544168927666,PBPF,soup_scene1,1,old
3355,14.500054121017456,0.1323610418563018,PBPF,soup_scene1,1,old
3356,14.504507780075071,0.132364485899681,PBPF,soup_scene1,1,old
3357,14.509167432785034,0.1323517093824851,PBPF,soup_scene1,1,old
3358,14.513296365737917,0.1323517093824851,PBPF,soup_scene1,1,old
3359,14.518007516860962,0.1328659656938545,PBPF,soup_scene1,1,old
3360,14.522149085998535,0.1328659656938545,PBPF,soup_scene1,1,old
3361,14.526705265045166,0.1323664434603556,PBPF,soup_scene1,1,old
3362,14.530771017074583,0.1323664434603556,PBPF,soup_scene1,1,old
3363,14.535645246505736,0.1325077011260768,PBPF,soup_scene1,1,old
3364,14.539860963821411,0.1325077011260768,PBPF,soup_scene1,1,old
3365,14.544372320175173,0.1324781269495749,PBPF,soup_scene1,1,old
3366,14.54865336418152,0.1324781269495749,PBPF,soup_scene1,1,old
3367,14.553130626678469,0.1324626088844774,PBPF,soup_scene1,1,old
3368,14.55745792388916,0.132344189936566,PBPF,soup_scene1,1,old
3369,14.561859130859377,0.1323434478131728,PBPF,soup_scene1,1,old
3370,14.566341638565063,0.1323281274281456,PBPF,soup_scene1,1,old
3371,14.570569276809692,0.1323281274281456,PBPF,soup_scene1,1,old
3372,14.574881315231323,0.1323468376794215,PBPF,soup_scene1,1,old
3373,14.57909655570984,0.1323468376794215,PBPF,soup_scene1,1,old
3374,14.583468437194824,0.1323136270709239,PBPF,soup_scene1,1,old
3375,14.587963104248049,0.1323136270709239,PBPF,soup_scene1,1,old
3376,14.592443704605104,0.1323796847099925,PBPF,soup_scene1,1,old
3377,14.59661865234375,0.1323796847099925,PBPF,soup_scene1,1,old
3378,14.600943803787231,0.132348764519304,PBPF,soup_scene1,1,old
3379,14.605101108551024,0.132348764519304,PBPF,soup_scene1,1,old
3380,14.60944366455078,0.132453203748651,PBPF,soup_scene1,1,old
3381,14.613577127456663,0.132453203748651,PBPF,soup_scene1,1,old
3382,14.61836290359497,0.1325061500795132,PBPF,soup_scene1,1,old
3383,14.622508525848389,0.1325061500795132,PBPF,soup_scene1,1,old
3384,14.627058744430542,0.1324967118083768,PBPF,soup_scene1,1,old
3385,14.631300687789915,0.1324967118083768,PBPF,soup_scene1,1,old
3386,14.635787010192873,0.1324542546444179,PBPF,soup_scene1,1,old
3387,14.639942169189451,0.1324542546444179,PBPF,soup_scene1,1,old
3388,14.644431591033936,0.1323437774516957,PBPF,soup_scene1,1,old
3389,14.648704767227173,0.132457288026284,PBPF,soup_scene1,1,old
3390,14.653156280517578,0.1324565719058592,PBPF,soup_scene1,1,old
3391,14.657604455947876,0.1324755484863466,PBPF,soup_scene1,1,old
3392,14.661887884140016,0.1324856838899953,PBPF,soup_scene1,1,old
3393,14.66633915901184,0.1323546159670642,PBPF,soup_scene1,1,old
3394,14.670643091201782,0.1323507726999088,PBPF,soup_scene1,1,old
3395,14.675332069396973,0.1323241991080744,PBPF,soup_scene1,1,old
3396,14.679503679275513,0.1323241991080744,PBPF,soup_scene1,1,old
3397,14.683892011642456,0.1323600660137095,PBPF,soup_scene1,1,old
3398,14.688086032867432,0.1323600660137095,PBPF,soup_scene1,1,old
3399,14.692464828491213,0.1323480336065128,PBPF,soup_scene1,1,old
3400,14.696609020233154,0.1323480336065128,PBPF,soup_scene1,1,old
3401,14.701050519943236,0.1323397311161693,PBPF,soup_scene1,1,old
3402,14.705243349075316,0.1323397311161693,PBPF,soup_scene1,1,old
3403,14.709733486175535,0.1323779436230973,PBPF,soup_scene1,1,old
3404,14.713796377182009,0.1323779436230973,PBPF,soup_scene1,1,old
3405,14.718276977539062,0.1322878646608799,PBPF,soup_scene1,1,old
3406,14.722328901290894,0.1322878646608799,PBPF,soup_scene1,1,old
3407,14.726951599121094,0.1323296219134652,PBPF,soup_scene1,1,old
3408,14.731143712997437,0.1323209538461646,PBPF,soup_scene1,1,old
3409,14.735597610473633,0.1323309007428469,PBPF,soup_scene1,1,old
3410,14.739864587783812,0.1323309007428469,PBPF,soup_scene1,1,old
3411,14.74424171447754,0.132320363870239,PBPF,soup_scene1,1,old
3412,14.74862289428711,0.1323181917473788,PBPF,soup_scene1,1,old
3413,14.75317358970642,0.1323289138846098,PBPF,soup_scene1,1,old
3414,14.757678985595703,0.132322984318643,PBPF,soup_scene1,1,old
3415,14.762269258499146,0.1323207813314973,PBPF,soup_scene1,1,old
3416,14.766826629638672,0.1323157325238738,PBPF,soup_scene1,1,old
3417,14.771260023117064,0.1323157325238738,PBPF,soup_scene1,1,old
3418,14.775843143463137,0.1323514528709889,PBPF,soup_scene1,1,old
3419,14.780014514923096,0.1323514528709889,PBPF,soup_scene1,1,old
3420,14.784318685531616,0.1323514528709889,PBPF,soup_scene1,1,old
3421,14.788671970367432,0.1323609308533903,PBPF,soup_scene1,1,old
3422,14.793248176574709,0.1323609308533903,PBPF,soup_scene1,1,old
3423,14.797765016555786,0.1323386311772374,PBPF,soup_scene1,1,old
3424,14.802025318145752,0.1323386311772374,PBPF,soup_scene1,1,old
3425,14.80656361579895,0.1324279351452487,PBPF,soup_scene1,1,old
3426,14.810834169387816,0.1324197068236809,PBPF,soup_scene1,1,old
3427,14.815000295639038,0.1324410327724222,PBPF,soup_scene1,1,old
3428,14.819321870803831,0.1324548297123245,PBPF,soup_scene1,1,old
3429,14.823524236679075,0.1323344892254072,PBPF,soup_scene1,1,old
3430,14.827996015548706,0.1323224153942621,PBPF,soup_scene1,1,old
3431,14.832152366638184,0.1323400161565386,PBPF,soup_scene1,1,old
3432,14.836421251296995,0.1323385778404584,PBPF,soup_scene1,1,old
3433,14.840668201446531,0.1324766296994857,PBPF,soup_scene1,1,old
3434,14.844924926757812,0.132478471660611,PBPF,soup_scene1,1,old
3435,14.84921908378601,0.1324506764139774,PBPF,soup_scene1,1,old
3436,14.853384494781494,0.1324506764139774,PBPF,soup_scene1,1,old
3437,14.857666492462158,0.1324506764139774,PBPF,soup_scene1,1,old
3438,14.86200475692749,0.1324694781153058,PBPF,soup_scene1,1,old
3439,14.866187810897827,0.1324694781153058,PBPF,soup_scene1,1,old
3440,14.870574474334717,0.1324705924217088,PBPF,soup_scene1,1,old
3441,14.874759912490845,0.1324705924217088,PBPF,soup_scene1,1,old
3442,14.879016876220703,0.1324605836936839,PBPF,soup_scene1,1,old
3443,14.88312602043152,0.1324605836936839,PBPF,soup_scene1,1,old
3444,14.887502431869509,0.132358798089614,PBPF,soup_scene1,1,old
3445,14.891849279403688,0.132358798089614,PBPF,soup_scene1,1,old
3446,14.896239280700684,0.1323233785560727,PBPF,soup_scene1,1,old
3447,14.900313377380373,0.1323233785560727,PBPF,soup_scene1,1,old
3448,14.90481686592102,0.1323713830476849,PBPF,soup_scene1,1,old
3449,14.909030199050903,0.1323713830476849,PBPF,soup_scene1,1,old
3450,14.913256406784058,0.1323358895185671,PBPF,soup_scene1,1,old
3451,14.917887449264526,0.1323341973530369,PBPF,soup_scene1,1,old
3452,14.922256231307983,0.1323326598287543,PBPF,soup_scene1,1,old
3453,14.92673683166504,0.1323232574155453,PBPF,soup_scene1,1,old
3454,14.930856466293337,0.1323232574155453,PBPF,soup_scene1,1,old
3455,14.93531060218811,0.1324642705598743,PBPF,soup_scene1,1,old
3456,14.93933081626892,0.1324642705598743,PBPF,soup_scene1,1,old
3457,14.943811178207396,0.132369024987327,PBPF,soup_scene1,1,old
3458,14.947936534881592,0.132455068789782,PBPF,soup_scene1,1,old
3459,14.952338933944702,0.1324703850389101,PBPF,soup_scene1,1,old
3460,14.956688404083252,0.1324576975518614,PBPF,soup_scene1,1,old
3461,14.961015462875366,0.1324545881083537,PBPF,soup_scene1,1,old
3462,14.965116739273071,0.1324545881083537,PBPF,soup_scene1,1,old
3463,14.969443321228027,0.1323371779346757,PBPF,soup_scene1,1,old
3464,14.973610877990724,0.1324735694337609,PBPF,soup_scene1,1,old
3465,14.977933168411257,0.1324718523554884,PBPF,soup_scene1,1,old
3466,14.982046604156494,0.1323397021762785,PBPF,soup_scene1,1,old
3467,14.986330509185793,0.1323391921906676,PBPF,soup_scene1,1,old
3468,14.990586996078491,0.1324609555479928,PBPF,soup_scene1,1,old
3469,14.99469542503357,0.1324609555479928,PBPF,soup_scene1,1,old
3470,14.998895645141602,0.1324648095108531,PBPF,soup_scene1,1,old
3471,15.002857685089111,0.1324648095108531,PBPF,soup_scene1,1,old
3472,15.007001399993896,0.1323456407990255,PBPF,soup_scene1,1,old
3473,15.011187553405762,0.1323453184905573,PBPF,soup_scene1,1,old
3474,15.015294551849363,0.1323453184905573,PBPF,soup_scene1,1,old
3475,15.019842624664308,0.1324562079055213,PBPF,soup_scene1,1,old
3476,15.024057149887083,0.1323345111980041,PBPF,soup_scene1,1,old
3477,15.028460502624512,0.1323403223794566,PBPF,soup_scene1,1,old
3478,15.032976388931274,0.1322979697313004,PBPF,soup_scene1,1,old
3479,15.037148475646973,0.1322979697313004,PBPF,soup_scene1,1,old
3480,15.041329622268677,0.1323459214268427,PBPF,soup_scene1,1,old
3481,15.04552125930786,0.1323459214268427,PBPF,soup_scene1,1,old
3482,15.049724578857422,0.1324404205457745,PBPF,soup_scene1,1,old
3483,15.053937673568726,0.1324404205457745,PBPF,soup_scene1,1,old
3484,15.058335542678831,0.132500666633815,PBPF,soup_scene1,1,old
3485,15.0624361038208,0.132500666633815,PBPF,soup_scene1,1,old
3486,15.066866874694824,0.1324851024435785,PBPF,soup_scene1,1,old
3487,15.0710129737854,0.1324851024435785,PBPF,soup_scene1,1,old
3488,15.075231075286863,0.1323186903959025,PBPF,soup_scene1,1,old
3489,15.079434633255005,0.1323186903959025,PBPF,soup_scene1,1,old
3490,15.083654880523682,0.1324580784446694,PBPF,soup_scene1,1,old
3491,15.08790373802185,0.1324580784446694,PBPF,soup_scene1,1,old
3492,15.092254877090454,0.1323357046861377,PBPF,soup_scene1,1,old
3493,15.096433877944946,0.1323357046861377,PBPF,soup_scene1,1,old
3494,15.100847005844116,0.1323811581353013,PBPF,soup_scene1,1,old
3495,15.104904413223268,0.1323811581353013,PBPF,soup_scene1,1,old
3496,15.10925841331482,0.1324578437055368,PBPF,soup_scene1,1,old
3497,15.113294124603271,0.1324578437055368,PBPF,soup_scene1,1,old
3498,15.11762547492981,0.1323161209868159,PBPF,soup_scene1,1,old
3499,15.121724843978882,0.1323161209868159,PBPF,soup_scene1,1,old
3500,15.126232147216797,0.1323598016964377,PBPF,soup_scene1,1,old
3501,15.13025689125061,0.1323598016964377,PBPF,soup_scene1,1,old
3502,15.134719848632812,0.1323480900007563,PBPF,soup_scene1,1,old
3503,15.138818740844728,0.1323480900007563,PBPF,soup_scene1,1,old
3504,15.143123865127563,0.1324408639145126,PBPF,soup_scene1,1,old
3505,15.147482872009276,0.1324408639145126,PBPF,soup_scene1,1,old
3506,15.151753902435305,0.1324902059801213,PBPF,soup_scene1,1,old
3507,15.15580439567566,0.1324902059801213,PBPF,soup_scene1,1,old
3508,15.16044306755066,0.1323567919586161,PBPF,soup_scene1,1,old
3509,15.164447784423828,0.1323567919586161,PBPF,soup_scene1,1,old
3510,15.168848991394045,0.1324931529397887,PBPF,soup_scene1,1,old
3511,15.172932147979736,0.1324931529397887,PBPF,soup_scene1,1,old
3512,15.17728304862976,0.1323261788628398,PBPF,soup_scene1,1,old
3513,15.181334495544434,0.1323261788628398,PBPF,soup_scene1,1,old
3514,15.185611009597778,0.1323561342562915,PBPF,soup_scene1,1,old
3515,15.189919710159302,0.1323561342562915,PBPF,soup_scene1,1,old
3516,15.194084405899048,0.1323525521348818,PBPF,soup_scene1,1,old
3517,15.198458433151243,0.1323525521348818,PBPF,soup_scene1,1,old
3518,15.20262360572815,0.1324872224833363,PBPF,soup_scene1,1,old
3519,15.20688796043396,0.1324872224833363,PBPF,soup_scene1,1,old
3520,15.21107268333435,0.1324567723345372,PBPF,soup_scene1,1,old
3521,15.215315103530884,0.1324567723345372,PBPF,soup_scene1,1,old
3522,15.219472885131836,0.1323807602404906,PBPF,soup_scene1,1,old
3523,15.223814487457275,0.1323772292579367,PBPF,soup_scene1,1,old
3524,15.228419065475464,0.1323364103232353,PBPF,soup_scene1,1,old
3525,15.232518196105955,0.1323364103232353,PBPF,soup_scene1,1,old
3526,15.236812114715576,0.1324514248524821,PBPF,soup_scene1,1,old
3527,15.240937232971191,0.1324514248524821,PBPF,soup_scene1,1,old
3528,15.24504828453064,0.1324514248524821,PBPF,soup_scene1,1,old
3529,15.249370336532593,0.1323153503249566,PBPF,soup_scene1,1,old
3530,15.253530025482178,0.1323623796332649,PBPF,soup_scene1,1,old
3531,15.257797718048096,0.1323672862571386,PBPF,soup_scene1,1,old
3532,15.262235879898071,0.1323577448468505,PBPF,soup_scene1,1,old
3533,15.266336917877195,0.1323577448468505,PBPF,soup_scene1,1,old
3534,15.270902395248411,0.1323002198358221,PBPF,soup_scene1,1,old
3535,15.275116920471191,0.1323050349803592,PBPF,soup_scene1,1,old
3536,15.279256820678713,0.1323050349803592,PBPF,soup_scene1,1,old
3537,15.283519744873049,0.1323654653700912,PBPF,soup_scene1,1,old
3538,15.287686824798584,0.1323654653700912,PBPF,soup_scene1,1,old
3539,15.292096614837646,0.1323655425848323,PBPF,soup_scene1,1,old
3540,15.296277523040771,0.1323655425848323,PBPF,soup_scene1,1,old
3541,15.300509691238403,0.1323222484579902,PBPF,soup_scene1,1,old
3542,15.304702043533323,0.1323222484579902,PBPF,soup_scene1,1,old
3543,15.308894634246826,0.1324793403746272,PBPF,soup_scene1,1,old
3544,15.313406705856323,0.1323514282099657,PBPF,soup_scene1,1,old
3545,15.317925930023192,0.1323555993767823,PBPF,soup_scene1,1,old
3546,15.32202935218811,0.1323555993767823,PBPF,soup_scene1,1,old
3547,15.326427698135376,0.1324572432718692,PBPF,soup_scene1,1,old
3548,15.330693244934082,0.1324572432718692,PBPF,soup_scene1,1,old
3549,15.335063457489014,0.132359828410432,PBPF,soup_scene1,1,old
3550,15.339249849319458,0.132359828410432,PBPF,soup_scene1,1,old
3551,15.343591213226318,0.1323461934384665,PBPF,soup_scene1,1,old
3552,15.347614288330078,0.1323461934384665,PBPF,soup_scene1,1,old
3553,15.352054595947266,0.1323368139405935,PBPF,soup_scene1,1,old
3554,15.356263637542725,0.1323368139405935,PBPF,soup_scene1,1,old
3555,15.360637426376345,0.1323477121613519,PBPF,soup_scene1,1,old
3556,15.36472225189209,0.1323456486351797,PBPF,soup_scene1,1,old
3557,15.369061708450316,0.1323569863730004,PBPF,soup_scene1,1,old
3558,15.37450361251831,0.1324861356357194,PBPF,soup_scene1,1,old
3559,15.379945993423462,0.1324861356357194,PBPF,soup_scene1,1,old
3560,15.385265111923218,0.132490155446725,PBPF,soup_scene1,1,old
3561,15.389645338058472,0.1323584197292487,PBPF,soup_scene1,1,old
3562,15.39410662651062,0.1323442279326854,PBPF,soup_scene1,1,old
3563,15.398627996444702,0.1323502713533652,PBPF,soup_scene1,1,old
3564,15.40319013595581,0.1323502713533652,PBPF,soup_scene1,1,old
3565,15.40763521194458,0.1323502713533652,PBPF,soup_scene1,1,old
3566,15.411990404129028,0.132362859382877,PBPF,soup_scene1,1,old
3567,15.416343688964844,0.1323982199005504,PBPF,soup_scene1,1,old
3568,15.42069673538208,0.1323982199005504,PBPF,soup_scene1,1,old
3569,15.425297737121582,0.1324587224778146,PBPF,soup_scene1,1,old
3570,15.42937684059143,0.1324587224778146,PBPF,soup_scene1,1,old
3571,15.433632373809814,0.1324522741064416,PBPF,soup_scene1,1,old
3572,15.437702894210815,0.1324522741064416,PBPF,soup_scene1,1,old
3573,15.44183349609375,0.1324893910870898,PBPF,soup_scene1,1,old
3574,15.44583821296692,0.1324893910870898,PBPF,soup_scene1,1,old
3575,15.450053215026855,0.1323683592004773,PBPF,soup_scene1,1,old
3576,15.454025506973268,0.1323683592004773,PBPF,soup_scene1,1,old
3577,15.459364652633669,0.13246743031535,PBPF,soup_scene1,1,old
3578,15.463369369506836,0.13246743031535,PBPF,soup_scene1,1,old
3579,15.468064785003662,0.132487709583694,PBPF,soup_scene1,1,old
3580,15.472206592559814,0.132487709583694,PBPF,soup_scene1,1,old
3581,15.476782321929932,0.1324779640341396,PBPF,soup_scene1,1,old
3582,15.480931758880615,0.1324779640341396,PBPF,soup_scene1,1,old
3583,15.48545742034912,0.1323374986944535,PBPF,soup_scene1,1,old
3584,15.489622116088867,0.1323374986944535,PBPF,soup_scene1,1,old
3585,15.494567155838013,0.132459835896663,PBPF,soup_scene1,1,old
3586,15.498996496200562,0.1324512681506613,PBPF,soup_scene1,1,old
3587,15.503418684005736,0.1324512681506613,PBPF,soup_scene1,1,old
3588,15.50766110420227,0.132487143567417,PBPF,soup_scene1,1,old
3589,15.511988878250122,0.132487143567417,PBPF,soup_scene1,1,old
3590,15.51633071899414,0.1323109095755188,PBPF,soup_scene1,1,old
3591,15.520650625228882,0.1323109095755188,PBPF,soup_scene1,1,old
3592,15.524977922439575,0.1323260598609618,PBPF,soup_scene1,1,old
3593,15.529310464859009,0.1323260598609618,PBPF,soup_scene1,1,old
3594,15.533908605575562,0.132460511505108,PBPF,soup_scene1,1,old
3595,15.538259267807009,0.132460511505108,PBPF,soup_scene1,1,old
3596,15.542680978775024,0.1323360196191779,PBPF,soup_scene1,1,old
3597,15.546802282333374,0.1323360196191779,PBPF,soup_scene1,1,old
3598,15.551318883895874,0.1323584829961261,PBPF,soup_scene1,1,old
3599,15.555411577224731,0.1323584829961261,PBPF,soup_scene1,1,old
3600,15.560104370117188,0.1323396179662521,PBPF,soup_scene1,1,old
3601,15.56409788131714,0.1323396179662521,PBPF,soup_scene1,1,old
3602,15.56810426712036,0.1323396179662521,PBPF,soup_scene1,1,old
3603,15.572067975997925,0.1323396179662521,PBPF,soup_scene1,1,old
3604,15.576003551483154,0.1323396179662521,PBPF,soup_scene1,1,old
3605,15.579939365386965,0.1323396179662521,PBPF,soup_scene1,1,old
3606,15.583899974822998,0.1323396179662521,PBPF,soup_scene1,1,old
3607,15.58785080909729,0.1323396179662521,PBPF,soup_scene1,1,old
3608,15.591834783554075,0.1323396179662521,PBPF,soup_scene1,1,old
3609,15.595789670944214,0.1323396179662521,PBPF,soup_scene1,1,old
3610,15.599737644195557,0.1323396179662521,PBPF,soup_scene1,1,old
3611,15.603714227676392,0.1323396179662521,PBPF,soup_scene1,1,old
3612,15.60763430595398,0.1323396179662521,PBPF,soup_scene1,1,old
3613,15.611610889434814,0.1323396179662521,PBPF,soup_scene1,1,old
3614,15.61557650566101,0.1323396179662521,PBPF,soup_scene1,1,old
3615,15.619513750076294,0.1323396179662521,PBPF,soup_scene1,1,old
3616,15.62353229522705,0.1323396179662521,PBPF,soup_scene1,1,old
3617,15.627486944198608,0.1323396179662521,PBPF,soup_scene1,1,old
3618,15.631436824798584,0.1323396179662521,PBPF,soup_scene1,1,old
3619,15.635397672653198,0.1323396179662521,PBPF,soup_scene1,1,old
3620,15.63939094543457,0.1323396179662521,PBPF,soup_scene1,1,old
3621,15.64332151412964,0.1323396179662521,PBPF,soup_scene1,1,old
3622,15.647300481796265,0.1323396179662521,PBPF,soup_scene1,1,old
3623,15.651246309280396,0.1323396179662521,PBPF,soup_scene1,1,old
3624,15.655180931091309,0.1323396179662521,PBPF,soup_scene1,1,old
3625,15.659223318099976,0.1323396179662521,PBPF,soup_scene1,1,old
3626,15.663193702697754,0.1323396179662521,PBPF,soup_scene1,1,old
3627,15.667162895202637,0.1323396179662521,PBPF,soup_scene1,1,old
3628,15.671106338500977,0.1323396179662521,PBPF,soup_scene1,1,old
3629,15.675040483474731,0.1323396179662521,PBPF,soup_scene1,1,old
3630,15.678985118865969,0.1323396179662521,PBPF,soup_scene1,1,old
3631,15.682949542999268,0.1323396179662521,PBPF,soup_scene1,1,old
3632,15.686855554580688,0.1323396179662521,PBPF,soup_scene1,1,old
3633,15.690783023834229,0.1323396179662521,PBPF,soup_scene1,1,old
3634,15.69479489326477,0.1323396179662521,PBPF,soup_scene1,1,old
3635,15.698722124099731,0.1323396179662521,PBPF,soup_scene1,1,old
3636,15.702627182006836,0.1323396179662521,PBPF,soup_scene1,1,old
3637,15.70654845237732,0.1323396179662521,PBPF,soup_scene1,1,old
3638,15.71056079864502,0.1323396179662521,PBPF,soup_scene1,1,old
3639,15.714526891708374,0.1323396179662521,PBPF,soup_scene1,1,old
3640,15.71845316886902,0.1323396179662521,PBPF,soup_scene1,1,old
3641,15.722447156906128,0.1323396179662521,PBPF,soup_scene1,1,old
3642,15.726401805877686,0.1323396179662521,PBPF,soup_scene1,1,old
3643,15.730384349822998,0.1323396179662521,PBPF,soup_scene1,1,old
3644,15.73430109024048,0.1323396179662521,PBPF,soup_scene1,1,old
3645,15.738208532333374,0.1323396179662521,PBPF,soup_scene1,1,old
3646,15.742112159729004,0.1323396179662521,PBPF,soup_scene1,1,old
3647,15.746109008789062,0.1323396179662521,PBPF,soup_scene1,1,old
3648,15.750041961669922,0.1323396179662521,PBPF,soup_scene1,1,old
3649,15.754329442977903,0.1323396179662521,PBPF,soup_scene1,1,old
3650,15.759576559066772,0.1323396179662521,PBPF,soup_scene1,1,old
3651,15.764384746551514,0.1323396179662521,PBPF,soup_scene1,1,old
3652,15.768426656723022,0.1323396179662521,PBPF,soup_scene1,1,old
3653,15.772464036941528,0.1323396179662521,PBPF,soup_scene1,1,old
3654,15.77644658088684,0.1323396179662521,PBPF,soup_scene1,1,old
3655,15.78049612045288,0.1323396179662521,PBPF,soup_scene1,1,old
3656,15.784457921981812,0.1323396179662521,PBPF,soup_scene1,1,old
3657,15.788410186767578,0.1323396179662521,PBPF,soup_scene1,1,old
3658,15.79233741760254,0.1323396179662521,PBPF,soup_scene1,1,old
3659,15.796310901641846,0.1323396179662521,PBPF,soup_scene1,1,old
3660,15.800390005111694,0.1323396179662521,PBPF,soup_scene1,1,old
3661,15.80434250831604,0.1323396179662521,PBPF,soup_scene1,1,old
3662,15.808342695236206,0.1323396179662521,PBPF,soup_scene1,1,old
3663,15.81232523918152,0.1323396179662521,PBPF,soup_scene1,1,old
3664,15.816417932510376,0.1323396179662521,PBPF,soup_scene1,1,old
3665,15.820380210876465,0.1323396179662521,PBPF,soup_scene1,1,old
3666,15.824326276779177,0.1323396179662521,PBPF,soup_scene1,1,old
3667,15.828370094299316,0.1323396179662521,PBPF,soup_scene1,1,old
3668,15.832411766052246,0.1323396179662521,PBPF,soup_scene1,1,old
3669,15.836524248123167,0.1323396179662521,PBPF,soup_scene1,1,old
3670,15.840580224990845,0.1323396179662521,PBPF,soup_scene1,1,old
3671,15.84517741203308,0.1323396179662521,PBPF,soup_scene1,1,old
3672,15.849467039108276,0.1323396179662521,PBPF,soup_scene1,1,old
3673,15.853761672973633,0.1323396179662521,PBPF,soup_scene1,1,old
3674,15.858068227767944,0.1323396179662521,PBPF,soup_scene1,1,old
3675,15.8622727394104,0.1323396179662521,PBPF,soup_scene1,1,old
3676,15.866457462310793,0.1323396179662521,PBPF,soup_scene1,1,old
3677,15.87062120437622,0.1323396179662521,PBPF,soup_scene1,1,old
3678,15.87459635734558,0.1323396179662521,PBPF,soup_scene1,1,old
3679,15.87857460975647,0.1323396179662521,PBPF,soup_scene1,1,old
3680,15.88259768486023,0.1323396179662521,PBPF,soup_scene1,1,old
3681,15.886580228805542,0.1323396179662521,PBPF,soup_scene1,1,old
3682,15.89067029953003,0.1323396179662521,PBPF,soup_scene1,1,old
3683,15.894670724868774,0.1323396179662521,PBPF,soup_scene1,1,old
3684,15.8986234664917,0.1323396179662521,PBPF,soup_scene1,1,old
3685,15.90257978439331,0.1323396179662521,PBPF,soup_scene1,1,old
3686,15.906598567962646,0.1323396179662521,PBPF,soup_scene1,1,old
3687,15.910598516464232,0.1323396179662521,PBPF,soup_scene1,1,old
3688,15.914628267288208,0.1323396179662521,PBPF,soup_scene1,1,old
3689,15.91859531402588,0.1323396179662521,PBPF,soup_scene1,1,old
3690,15.92253875732422,0.1323396179662521,PBPF,soup_scene1,1,old
3691,15.926583766937256,0.1323396179662521,PBPF,soup_scene1,1,old
3692,15.930636167526243,0.1323396179662521,PBPF,soup_scene1,1,old
3693,15.934656143188477,0.1323396179662521,PBPF,soup_scene1,1,old
3694,15.938645362854004,0.1323396179662521,PBPF,soup_scene1,1,old
3695,15.94278120994568,0.1323396179662521,PBPF,soup_scene1,1,old
3696,15.946898698806764,0.1323396179662521,PBPF,soup_scene1,1,old
3697,15.95086121559143,0.1323396179662521,PBPF,soup_scene1,1,old
3698,15.954798936843872,0.1323396179662521,PBPF,soup_scene1,1,old
3699,15.95882534980774,0.1323396179662521,PBPF,soup_scene1,1,old
3700,15.962817430496216,0.1323396179662521,PBPF,soup_scene1,1,old
3701,15.966835260391235,0.1323396179662521,PBPF,soup_scene1,1,old
3702,15.970850467681885,0.1323396179662521,PBPF,soup_scene1,1,old
3703,15.974815845489502,0.1323396179662521,PBPF,soup_scene1,1,old
3704,15.979114770889282,0.1323396179662521,PBPF,soup_scene1,1,old
3705,15.983126401901243,0.1323396179662521,PBPF,soup_scene1,1,old
3706,15.98708176612854,0.1323396179662521,PBPF,soup_scene1,1,old
3707,15.99103617668152,0.1323396179662521,PBPF,soup_scene1,1,old
3708,15.995087623596191,0.1323396179662521,PBPF,soup_scene1,1,old
3709,15.99905562400818,0.1323396179662521,PBPF,soup_scene1,1,old
3710,16.002997875213623,0.1323396179662521,PBPF,soup_scene1,1,old
3711,16.006957292556763,0.1323396179662521,PBPF,soup_scene1,1,old
3712,16.01101303100586,0.1323396179662521,PBPF,soup_scene1,1,old
3713,16.015153646469116,0.1323396179662521,PBPF,soup_scene1,1,old
3714,16.019126415252686,0.1323396179662521,PBPF,soup_scene1,1,old
3715,16.02310562133789,0.1323396179662521,PBPF,soup_scene1,1,old
3716,16.027067184448242,0.1323396179662521,PBPF,soup_scene1,1,old
3717,16.03122091293335,0.1323396179662521,PBPF,soup_scene1,1,old
3718,16.035239696502686,0.1323396179662521,PBPF,soup_scene1,1,old
3719,16.039186477661133,0.1323396179662521,PBPF,soup_scene1,1,old
3720,16.04314613342285,0.1323396179662521,PBPF,soup_scene1,1,old
3721,16.047295331954956,0.1323396179662521,PBPF,soup_scene1,1,old
3722,16.051465272903442,0.1323396179662521,PBPF,soup_scene1,1,old
3723,16.05568242073059,0.1323396179662521,PBPF,soup_scene1,1,old
3724,16.059842109680176,0.1323396179662521,PBPF,soup_scene1,1,old
3725,16.064085006713867,0.1323396179662521,PBPF,soup_scene1,1,old
3726,16.06826400756836,0.1323396179662521,PBPF,soup_scene1,1,old
3727,16.072258234024048,0.1323396179662521,PBPF,soup_scene1,1,old
3728,16.076241493225098,0.1323396179662521,PBPF,soup_scene1,1,old
3729,16.080244064331055,0.1323396179662521,PBPF,soup_scene1,1,old
3730,16.08431100845337,0.1323396179662521,PBPF,soup_scene1,1,old
3731,16.088313341140747,0.1323396179662521,PBPF,soup_scene1,1,old
3732,16.092544555664062,0.1323396179662521,PBPF,soup_scene1,1,old
3733,16.09657049179077,0.1323396179662521,PBPF,soup_scene1,1,old
3734,16.10056209564209,0.1323396179662521,PBPF,soup_scene1,1,old
3735,16.104583263397217,0.1323396179662521,PBPF,soup_scene1,1,old
3736,16.10855746269226,0.1323396179662521,PBPF,soup_scene1,1,old
3737,16.11255645751953,0.1323396179662521,PBPF,soup_scene1,1,old
3738,16.116583585739136,0.1323396179662521,PBPF,soup_scene1,1,old
3739,16.120670080184937,0.1323396179662521,PBPF,soup_scene1,1,old
3740,16.124634981155396,0.1323396179662521,PBPF,soup_scene1,1,old
3741,16.12862229347229,0.1323396179662521,PBPF,soup_scene1,1,old
3742,16.132660388946533,0.1323396179662521,PBPF,soup_scene1,1,old
3743,16.136793613433838,0.1323396179662521,PBPF,soup_scene1,1,old
3744,16.14076042175293,0.1323396179662521,PBPF,soup_scene1,1,old
3745,16.144726276397705,0.1323396179662521,PBPF,soup_scene1,1,old
3746,16.14870047569275,0.1323396179662521,PBPF,soup_scene1,1,old
3747,16.152668476104736,0.1323396179662521,PBPF,soup_scene1,1,old
3748,16.15676784515381,0.1323396179662521,PBPF,soup_scene1,1,old
3749,16.16075825691223,0.1323396179662521,PBPF,soup_scene1,1,old
3750,16.164756536483765,0.1323396179662521,PBPF,soup_scene1,1,old
3751,16.168726682662964,0.1323396179662521,PBPF,soup_scene1,1,old
3752,16.172804355621338,0.1323396179662521,PBPF,soup_scene1,1,old
3753,16.17678713798523,0.1323396179662521,PBPF,soup_scene1,1,old
3754,16.180849313735962,0.1323396179662521,PBPF,soup_scene1,1,old
3755,16.18485379219055,0.1323396179662521,PBPF,soup_scene1,1,old
3756,16.188802480697632,0.1323396179662521,PBPF,soup_scene1,1,old
3757,16.192945957183838,0.1323396179662521,PBPF,soup_scene1,1,old
3758,16.196948528289795,0.1323396179662521,PBPF,soup_scene1,1,old
3759,16.200907945632935,0.1323396179662521,PBPF,soup_scene1,1,old
3760,16.204877376556396,0.1323396179662521,PBPF,soup_scene1,1,old
3761,16.20892071723938,0.1323396179662521,PBPF,soup_scene1,1,old
3762,16.21292734146118,0.1323396179662521,PBPF,soup_scene1,1,old
3763,16.216907024383545,0.1323396179662521,PBPF,soup_scene1,1,old
3764,16.220863103866577,0.1323396179662521,PBPF,soup_scene1,1,old
3765,16.224849462509155,0.1323396179662521,PBPF,soup_scene1,1,old
3766,16.228965044021606,0.1323396179662521,PBPF,soup_scene1,1,old
3767,16.232962369918823,0.1323396179662521,PBPF,soup_scene1,1,old
3768,16.236936569213867,0.1323396179662521,PBPF,soup_scene1,1,old
3769,16.2408766746521,0.1323396179662521,PBPF,soup_scene1,1,old
3770,16.244887351989746,0.1323396179662521,PBPF,soup_scene1,1,old
3771,16.248810052871704,0.1323396179662521,PBPF,soup_scene1,1,old
3772,16.25279140472412,0.1323396179662521,PBPF,soup_scene1,1,old
3773,16.25677227973938,0.1323396179662521,PBPF,soup_scene1,1,old
3774,16.261428594589233,0.1323396179662521,PBPF,soup_scene1,1,old
3775,16.26544690132141,0.1323396179662521,PBPF,soup_scene1,1,old
3776,16.269429683685303,0.1323396179662521,PBPF,soup_scene1,1,old
3777,16.273380279541016,0.1323396179662521,PBPF,soup_scene1,1,old
3778,16.277374982833862,0.1323396179662521,PBPF,soup_scene1,1,old
3779,16.2814724445343,0.1323396179662521,PBPF,soup_scene1,1,old
3780,16.285442352294922,0.1323396179662521,PBPF,soup_scene1,1,old
3781,16.289417028427124,0.1323396179662521,PBPF,soup_scene1,1,old
3782,16.293399333953857,0.1323396179662521,PBPF,soup_scene1,1,old
3783,16.297460556030273,0.1323396179662521,PBPF,soup_scene1,1,old
3784,16.301440954208374,0.1323396179662521,PBPF,soup_scene1,1,old
3785,16.30539846420288,0.1323396179662521,PBPF,soup_scene1,1,old
3786,16.30931282043457,0.1323396179662521,PBPF,soup_scene1,1,old
3787,16.313305139541626,0.1323396179662521,PBPF,soup_scene1,1,old
3788,16.317386627197266,0.1323396179662521,PBPF,soup_scene1,1,old
3789,16.321322679519653,0.1323396179662521,PBPF,soup_scene1,1,old
3790,16.325284481048584,0.1323396179662521,PBPF,soup_scene1,1,old
3791,16.329320669174194,0.1323396179662521,PBPF,soup_scene1,1,old
3792,16.333449363708496,0.1323396179662521,PBPF,soup_scene1,1,old
3793,16.337462186813354,0.1323396179662521,PBPF,soup_scene1,1,old
3794,16.341422080993652,0.1323396179662521,PBPF,soup_scene1,1,old
3795,16.345466136932373,0.1323396179662521,PBPF,soup_scene1,1,old
3796,16.349430561065674,0.1323396179662521,PBPF,soup_scene1,1,old
3797,16.353479862213135,0.1323396179662521,PBPF,soup_scene1,1,old
3798,16.357455492019653,0.1323396179662521,PBPF,soup_scene1,1,old
3799,16.361465215682983,0.1323396179662521,PBPF,soup_scene1,1,old
3800,16.365503549575806,0.1323396179662521,PBPF,soup_scene1,1,old
3801,16.36959147453308,0.1323396179662521,PBPF,soup_scene1,1,old
3802,16.373554229736328,0.1323396179662521,PBPF,soup_scene1,1,old
3803,16.377604007720947,0.1323396179662521,PBPF,soup_scene1,1,old
3804,16.38162612915039,0.1323396179662521,PBPF,soup_scene1,1,old
3805,16.385618209838867,0.1323396179662521,PBPF,soup_scene1,1,old
3806,16.38962435722351,0.1323396179662521,PBPF,soup_scene1,1,old
3807,16.39356017112732,0.1323396179662521,PBPF,soup_scene1,1,old
3808,16.397520065307617,0.1323396179662521,PBPF,soup_scene1,1,old
3809,16.401464700698853,0.1323396179662521,PBPF,soup_scene1,1,old
3810,16.40549898147583,0.1323396179662521,PBPF,soup_scene1,1,old
3811,16.409446477890015,0.1323396179662521,PBPF,soup_scene1,1,old
3812,16.413427114486694,0.1323396179662521,PBPF,soup_scene1,1,old
3813,16.417430639266968,0.1323396179662521,PBPF,soup_scene1,1,old
3814,16.42141366004944,0.1323396179662521,PBPF,soup_scene1,1,old
3815,16.4253990650177,0.1323396179662521,PBPF,soup_scene1,1,old
3816,16.429394006729126,0.1323396179662521,PBPF,soup_scene1,1,old
3817,16.43339252471924,0.1323396179662521,PBPF,soup_scene1,1,old
3818,16.437384605407715,0.1323396179662521,PBPF,soup_scene1,1,old
3819,16.441405773162842,0.1323396179662521,PBPF,soup_scene1,1,old
3820,16.44540762901306,0.1323396179662521,PBPF,soup_scene1,1,old
3821,16.449397325515747,0.1323396179662521,PBPF,soup_scene1,1,old
3822,16.453413009643555,0.1323396179662521,PBPF,soup_scene1,1,old
3823,16.457406997680664,0.1323396179662521,PBPF,soup_scene1,1,old
3824,16.461437463760376,0.1323396179662521,PBPF,soup_scene1,1,old
3825,16.46545100212097,0.1323396179662521,PBPF,soup_scene1,1,old
3826,16.469385147094727,0.1323396179662521,PBPF,soup_scene1,1,old
3827,16.47329592704773,0.1323396179662521,PBPF,soup_scene1,1,old
3828,16.47738265991211,0.1323396179662521,PBPF,soup_scene1,1,old
3829,16.4814293384552,0.1323396179662521,PBPF,soup_scene1,1,old
3830,16.485371112823486,0.1323396179662521,PBPF,soup_scene1,1,old
3831,16.4893319606781,0.1323396179662521,PBPF,soup_scene1,1,old
3832,16.493382692337036,0.1323396179662521,PBPF,soup_scene1,1,old
3833,16.49734091758728,0.1323396179662521,PBPF,soup_scene1,1,old
3834,16.501328229904175,0.1323396179662521,PBPF,soup_scene1,1,old
3835,16.505228519439697,0.1323396179662521,PBPF,soup_scene1,1,old
3836,16.509175539016724,0.1323396179662521,PBPF,soup_scene1,1,old
3837,16.51332139968872,0.1323396179662521,PBPF,soup_scene1,1,old
3838,16.517311811447144,0.1323396179662521,PBPF,soup_scene1,1,old
3839,16.521243572235107,0.1323396179662521,PBPF,soup_scene1,1,old
3840,16.52516746520996,0.1323396179662521,PBPF,soup_scene1,1,old
3841,16.529317140579224,0.1323396179662521,PBPF,soup_scene1,1,old
3842,16.533300638198853,0.1323396179662521,PBPF,soup_scene1,1,old
3843,16.537253856658936,0.1323396179662521,PBPF,soup_scene1,1,old
3844,16.541240692138672,0.1323396179662521,PBPF,soup_scene1,1,old
3845,16.545213222503662,0.1323396179662521,PBPF,soup_scene1,1,old
3846,16.549206495285034,0.1323396179662521,PBPF,soup_scene1,1,old
3847,16.553186178207397,0.1323396179662521,PBPF,soup_scene1,1,old
3848,16.557273387908936,0.1323396179662521,PBPF,soup_scene1,1,old
3849,16.561240196228027,0.1323396179662521,PBPF,soup_scene1,1,old
3850,16.565333127975464,0.1323396179662521,PBPF,soup_scene1,1,old
3851,16.569350957870483,0.1323396179662521,PBPF,soup_scene1,1,old
3852,16.573396921157837,0.1323396179662521,PBPF,soup_scene1,1,old
3853,16.577330589294434,0.1323396179662521,PBPF,soup_scene1,1,old
3854,16.581437826156616,0.1323396179662521,PBPF,soup_scene1,1,old
3855,16.585474967956543,0.1323396179662521,PBPF,soup_scene1,1,old
3856,16.58950638771057,0.1323396179662521,PBPF,soup_scene1,1,old
3857,16.593595504760742,0.1323396179662521,PBPF,soup_scene1,1,old
3858,16.59773349761963,0.1323396179662521,PBPF,soup_scene1,1,old
3859,16.601845502853394,0.1323396179662521,PBPF,soup_scene1,1,old
3860,16.60581922531128,0.1323396179662521,PBPF,soup_scene1,1,old
3861,16.609755992889404,0.1323396179662521,PBPF,soup_scene1,1,old
3862,16.613779306411743,0.1323396179662521,PBPF,soup_scene1,1,old
3863,16.617782831192017,0.1323396179662521,PBPF,soup_scene1,1,old
3864,16.62186908721924,0.1323396179662521,PBPF,soup_scene1,1,old
3865,16.625838041305542,0.1323396179662521,PBPF,soup_scene1,1,old
3866,16.629862785339355,0.1323396179662521,PBPF,soup_scene1,1,old
3867,16.63382840156555,0.1323396179662521,PBPF,soup_scene1,1,old
3868,16.637883186340332,0.1323396179662521,PBPF,soup_scene1,1,old
3869,16.641828060150146,0.1323396179662521,PBPF,soup_scene1,1,old
3870,16.64577865600586,0.1323396179662521,PBPF,soup_scene1,1,old
3871,16.649742126464844,0.1323396179662521,PBPF,soup_scene1,1,old
3872,16.65366244316101,0.1323396179662521,PBPF,soup_scene1,1,old
3873,16.657703161239624,0.1323396179662521,PBPF,soup_scene1,1,old
3874,16.661653757095337,0.1323396179662521,PBPF,soup_scene1,1,old
3875,16.66563391685486,0.1323396179662521,PBPF,soup_scene1,1,old
3876,16.669557809829712,0.1323396179662521,PBPF,soup_scene1,1,old
3877,16.6735680103302,0.1323396179662521,PBPF,soup_scene1,1,old
3878,16.677553176879883,0.1323396179662521,PBPF,soup_scene1,1,old
3879,16.68156337738037,0.1323396179662521,PBPF,soup_scene1,1,old
3880,16.685479164123535,0.1323396179662521,PBPF,soup_scene1,1,old
3881,16.68944501876831,0.1323396179662521,PBPF,soup_scene1,1,old
3882,16.69348406791687,0.1323396179662521,PBPF,soup_scene1,1,old
3883,16.697476863861084,0.1323396179662521,PBPF,soup_scene1,1,old
3884,16.701438426971436,0.1323396179662521,PBPF,soup_scene1,1,old
3885,16.70536518096924,0.1323396179662521,PBPF,soup_scene1,1,old
3886,16.709439992904663,0.1323396179662521,PBPF,soup_scene1,1,old
3887,16.71342444419861,0.1323396179662521,PBPF,soup_scene1,1,old
3888,16.717360019683838,0.1323396179662521,PBPF,soup_scene1,1,old
3889,16.721330404281616,0.1323396179662521,PBPF,soup_scene1,1,old
3890,16.725353479385376,0.1323396179662521,PBPF,soup_scene1,1,old
3891,16.729443550109863,0.1323396179662521,PBPF,soup_scene1,1,old
3892,16.73347234725952,0.1323396179662521,PBPF,soup_scene1,1,old
3893,16.737459182739258,0.1323396179662521,PBPF,soup_scene1,1,old
3894,16.74143624305725,0.1323396179662521,PBPF,soup_scene1,1,old
3895,16.74552011489868,0.1323396179662521,PBPF,soup_scene1,1,old
3896,16.749476671218872,0.1323396179662521,PBPF,soup_scene1,1,old
3897,16.75340175628662,0.1323396179662521,PBPF,soup_scene1,1,old
3898,16.757378816604614,0.1323396179662521,PBPF,soup_scene1,1,old
3899,16.761444568634033,0.1323396179662521,PBPF,soup_scene1,1,old
3900,16.765400171279907,0.1323396179662521,PBPF,soup_scene1,1,old
3901,16.76932382583618,0.1323396179662521,PBPF,soup_scene1,1,old
3902,16.77325940132141,0.1323396179662521,PBPF,soup_scene1,1,old
3903,16.777211666107178,0.1323396179662521,PBPF,soup_scene1,1,old
3904,16.781267642974854,0.1323396179662521,PBPF,soup_scene1,1,old
3905,16.78522276878357,0.1323396179662521,PBPF,soup_scene1,1,old
3906,16.789156198501587,0.1323396179662521,PBPF,soup_scene1,1,old
3907,16.793092727661133,0.1323396179662521,PBPF,soup_scene1,1,old
3908,16.79711675643921,0.1323396179662521,PBPF,soup_scene1,1,old
3909,16.801116704940796,0.1323396179662521,PBPF,soup_scene1,1,old
3910,16.805010557174683,0.1323396179662521,PBPF,soup_scene1,1,old
3911,16.80897355079651,0.1323396179662521,PBPF,soup_scene1,1,old
3912,16.81292223930359,0.1323396179662521,PBPF,soup_scene1,1,old
3913,16.816970348358154,0.1323396179662521,PBPF,soup_scene1,1,old
3914,16.820923328399658,0.1323396179662521,PBPF,soup_scene1,1,old
3915,16.824896335601807,0.1323396179662521,PBPF,soup_scene1,1,old
3916,16.828946828842163,0.1323396179662521,PBPF,soup_scene1,1,old
3917,16.83304452896118,0.1323396179662521,PBPF,soup_scene1,1,old
3918,16.837029457092285,0.1323396179662521,PBPF,soup_scene1,1,old
3919,16.840966939926147,0.1323396179662521,PBPF,soup_scene1,1,old
3920,16.844935655593872,0.1323396179662521,PBPF,soup_scene1,1,old
3921,16.848984718322754,0.1323396179662521,PBPF,soup_scene1,1,old
3922,16.852994918823242,0.1323396179662521,PBPF,soup_scene1,1,old
3923,16.856907844543457,0.1323396179662521,PBPF,soup_scene1,1,old
3924,16.860838174819946,0.1323396179662521,PBPF,soup_scene1,1,old
3925,16.86487078666687,0.1323396179662521,PBPF,soup_scene1,1,old
3926,16.868921995162964,0.1323396179662521,PBPF,soup_scene1,1,old
3927,16.872857093811035,0.1323396179662521,PBPF,soup_scene1,1,old
3928,16.876853942871094,0.1323396179662521,PBPF,soup_scene1,1,old
3929,16.880865335464478,0.1323396179662521,PBPF,soup_scene1,1,old
3930,16.884784698486328,0.1323396179662521,PBPF,soup_scene1,1,old
3931,16.888774394989014,0.1323396179662521,PBPF,soup_scene1,1,old
3932,16.8927104473114,0.1323396179662521,PBPF,soup_scene1,1,old
3933,16.896663665771484,0.1323396179662521,PBPF,soup_scene1,1,old
3934,16.900644779205322,0.1323396179662521,PBPF,soup_scene1,1,old
3935,16.904709339141846,0.1323396179662521,PBPF,soup_scene1,1,old
3936,16.908634901046753,0.1323396179662521,PBPF,soup_scene1,1,old
3937,16.912617921829224,0.1323396179662521,PBPF,soup_scene1,1,old
3938,16.916576862335205,0.1323396179662521,PBPF,soup_scene1,1,old
3939,16.92052435874939,0.1323396179662521,PBPF,soup_scene1,1,old
3940,16.924601316452026,0.1323396179662521,PBPF,soup_scene1,1,old
3941,16.928662300109863,0.1323396179662521,PBPF,soup_scene1,1,old
3942,16.932684659957886,0.1323396179662521,PBPF,soup_scene1,1,old
3943,16.936651945114136,0.1323396179662521,PBPF,soup_scene1,1,old
3944,16.94074249267578,0.1323396179662521,PBPF,soup_scene1,1,old
3945,16.944785118103027,0.1323396179662521,PBPF,soup_scene1,1,old
3946,16.948727130889893,0.1323396179662521,PBPF,soup_scene1,1,old
3947,16.952666759490967,0.1323396179662521,PBPF,soup_scene1,1,old
3948,16.95673131942749,0.1323396179662521,PBPF,soup_scene1,1,old
3949,16.96069073677063,0.1323396179662521,PBPF,soup_scene1,1,old
3950,16.964661359786987,0.1323396179662521,PBPF,soup_scene1,1,old
3951,16.96856141090393,0.1323396179662521,PBPF,soup_scene1,1,old
3952,16.972506999969482,0.1323396179662521,PBPF,soup_scene1,1,old
3953,16.976593494415283,0.1323396179662521,PBPF,soup_scene1,1,old
3954,16.980635166168213,0.1323396179662521,PBPF,soup_scene1,1,old
3955,16.98457932472229,0.1323396179662521,PBPF,soup_scene1,1,old
3956,16.988544940948486,0.1323396179662521,PBPF,soup_scene1,1,old
3957,16.992555618286133,0.1323396179662521,PBPF,soup_scene1,1,old
3958,16.99651026725769,0.1323396179662521,PBPF,soup_scene1,1,old
3959,17.00045609474182,0.1323396179662521,PBPF,soup_scene1,1,old
3960,17.004409074783325,0.1323396179662521,PBPF,soup_scene1,1,old
