0,0.0002055168151855,0.11592761256147019,PBPF,cracker_scene1,20,old
1,0.0022337436676025,0.11592761256147019,PBPF,cracker_scene1,20,old
2,0.0067627429962158,0.11592761256147019,PBPF,cracker_scene1,20,old
3,0.0113680362701416,0.1159221932972557,PBPF,cracker_scene1,20,old
4,0.0157313346862792,0.1159258741947978,PBPF,cracker_scene1,20,old
5,0.0201787948608398,0.1159168501103747,PBPF,cracker_scene1,20,old
6,0.0245699882507324,0.11589805370773731,PBPF,cracker_scene1,20,old
7,0.029020071029663,0.1160817453875824,PBPF,cracker_scene1,20,old
8,0.0336213111877441,0.11606030556061261,PBPF,cracker_scene1,20,old
9,0.0378234386444091,0.11606030556061261,PBPF,cracker_scene1,20,old
10,0.0423994064331054,0.1161790504087297,PBPF,cracker_scene1,20,old
11,0.0465312004089355,0.1161790504087297,PBPF,cracker_scene1,20,old
12,0.0511534214019775,0.11593724304906769,PBPF,cracker_scene1,20,old
13,0.0554940700531005,0.11620241621299829,PBPF,cracker_scene1,20,old
14,0.0597956180572509,0.11620241621299829,PBPF,cracker_scene1,20,old
15,0.0642552375793457,0.11618735139464409,PBPF,cracker_scene1,20,old
16,0.0685820579528808,0.1160633795936831,PBPF,cracker_scene1,20,old
17,0.0728330612182617,0.1160590409942672,PBPF,cracker_scene1,20,old
18,0.0777118206024169,0.115926391257695,PBPF,cracker_scene1,20,old
19,0.0821466445922851,0.1159435719351593,PBPF,cracker_scene1,20,old
20,0.0866055488586425,0.11593272079732639,PBPF,cracker_scene1,20,old
21,0.0910749435424804,0.1159576426664761,PBPF,cracker_scene1,20,old
22,0.0952475070953369,0.1159576426664761,PBPF,cracker_scene1,20,old
23,0.0996909141540527,0.11594295594019069,PBPF,cracker_scene1,20,old
24,0.1038415431976318,0.11594295594019069,PBPF,cracker_scene1,20,old
25,0.1080143451690673,0.11594295594019069,PBPF,cracker_scene1,20,old
26,0.1124312877655029,0.1159924819104583,PBPF,cracker_scene1,20,old
27,0.1169595718383789,0.1160008385274777,PBPF,cracker_scene1,20,old
28,0.1212415695190429,0.1160008385274777,PBPF,cracker_scene1,20,old
29,0.1256983280181884,0.11595569808335521,PBPF,cracker_scene1,20,old
30,0.1300563812255859,0.11597155075917401,PBPF,cracker_scene1,20,old
31,0.1344799995422363,0.1159515207568321,PBPF,cracker_scene1,20,old
32,0.1390068531036377,0.1160212809262825,PBPF,cracker_scene1,20,old
33,0.1432657241821289,0.1160212809262825,PBPF,cracker_scene1,20,old
34,0.1474804878234863,0.1160212809262825,PBPF,cracker_scene1,20,old
35,0.1516547203063964,0.1160212809262825,PBPF,cracker_scene1,20,old
36,0.1567585468292236,0.1162166516027778,PBPF,cracker_scene1,20,old
37,0.1618287563323974,0.1162268087547901,PBPF,cracker_scene1,20,old
38,0.1667056083679199,0.11463203458043261,PBPF,cracker_scene1,20,old
39,0.1709411144256591,0.11463203458043261,PBPF,cracker_scene1,20,old
40,0.1762542724609375,0.1144234045381517,PBPF,cracker_scene1,20,old
41,0.1803646087646484,0.1144234045381517,PBPF,cracker_scene1,20,old
42,0.1847240924835205,0.1144122366189669,PBPF,cracker_scene1,20,old
43,0.188812255859375,0.1144122366189669,PBPF,cracker_scene1,20,old
44,0.1931240558624267,0.1144587049554448,PBPF,cracker_scene1,20,old
45,0.1973054409027099,0.1144075766164886,PBPF,cracker_scene1,20,old
46,0.2016389369964599,0.11442219371170109,PBPF,cracker_scene1,20,old
47,0.2060887813568115,0.11442219371170109,PBPF,cracker_scene1,20,old
48,0.2102489471435547,0.11442219371170109,PBPF,cracker_scene1,20,old
49,0.2144861221313476,0.11442219371170109,PBPF,cracker_scene1,20,old
50,0.2187907695770263,0.11440704206325661,PBPF,cracker_scene1,20,old
51,0.2232470512390136,0.11440782855967141,PBPF,cracker_scene1,20,old
52,0.2273168563842773,0.11440782855967141,PBPF,cracker_scene1,20,old
53,0.2314255237579345,0.11440782855967141,PBPF,cracker_scene1,20,old
54,0.2356293201446533,0.1144171955734507,PBPF,cracker_scene1,20,old
55,0.2397592067718505,0.1144171955734507,PBPF,cracker_scene1,20,old
56,0.2573447227478027,0.11440136738785991,PBPF,cracker_scene1,20,old
57,0.2615470886230469,0.11440136738785991,PBPF,cracker_scene1,20,old
58,0.2657570838928222,0.11424533947275889,PBPF,cracker_scene1,20,old
59,0.2699675559997558,0.11424533947275889,PBPF,cracker_scene1,20,old
60,0.2743213176727295,0.1140401398426023,PBPF,cracker_scene1,20,old
61,0.2784328460693359,0.1140401398426023,PBPF,cracker_scene1,20,old
62,0.2825558185577392,0.1140401398426023,PBPF,cracker_scene1,20,old
63,0.2866778373718261,0.1140401398426023,PBPF,cracker_scene1,20,old
64,0.2909009456634521,0.11407756273770961,PBPF,cracker_scene1,20,old
65,0.2951390743255615,0.11407756273770961,PBPF,cracker_scene1,20,old
66,0.2994053363800049,0.11370472973809939,PBPF,cracker_scene1,20,old
67,0.3035354614257812,0.11370472973809939,PBPF,cracker_scene1,20,old
68,0.3076772689819336,0.11370472973809939,PBPF,cracker_scene1,20,old
69,0.312570571899414,0.11318505963553172,PBPF,cracker_scene1,20,old
70,0.3169357776641845,0.11284899316304031,PBPF,cracker_scene1,20,old
71,0.320986270904541,0.11284899316304031,PBPF,cracker_scene1,20,old
72,0.3252608776092529,0.11276330026694281,PBPF,cracker_scene1,20,old
73,0.3292703628540039,0.11276330026694281,PBPF,cracker_scene1,20,old
74,0.3339605331420898,0.11584019777107679,PBPF,cracker_scene1,20,old
75,0.3383176326751709,0.11584019777107679,PBPF,cracker_scene1,20,old
76,0.342644453048706,0.11571100160510311,PBPF,cracker_scene1,20,old
77,0.3467552661895752,0.11571100160510311,PBPF,cracker_scene1,20,old
78,0.3510661125183105,0.11554517978216311,PBPF,cracker_scene1,20,old
79,0.3551898002624511,0.11554517978216311,PBPF,cracker_scene1,20,old
80,0.3593289852142334,0.11554517978216311,PBPF,cracker_scene1,20,old
81,0.3636178970336914,0.11528233624726711,PBPF,cracker_scene1,20,old
82,0.3678584098815918,0.1153005873176039,PBPF,cracker_scene1,20,old
83,0.3721218109130859,0.1151276203518988,PBPF,cracker_scene1,20,old
84,0.3762974739074707,0.11522232645925279,PBPF,cracker_scene1,20,old
85,0.3804054260253906,0.11522232645925279,PBPF,cracker_scene1,20,old
86,0.3847405910491943,0.11548135762374181,PBPF,cracker_scene1,20,old
87,0.3890740871429443,0.11548135762374181,PBPF,cracker_scene1,20,old
88,0.3931941986083984,0.11548135762374181,PBPF,cracker_scene1,20,old
89,0.3972566127777099,0.11548135762374181,PBPF,cracker_scene1,20,old
90,0.4012820720672607,0.11548135762374181,PBPF,cracker_scene1,20,old
91,0.4053053855895996,0.11548135762374181,PBPF,cracker_scene1,20,old
92,0.4092838764190674,0.11548135762374181,PBPF,cracker_scene1,20,old
93,0.4136598110198974,0.11527993617354529,PBPF,cracker_scene1,20,old
94,0.4176793098449707,0.1153885518752252,PBPF,cracker_scene1,20,old
95,0.4222958087921142,0.1146869186203461,PBPF,cracker_scene1,20,old
96,0.4263579845428467,0.1146869186203461,PBPF,cracker_scene1,20,old
97,0.4303483963012695,0.11459284316521151,PBPF,cracker_scene1,20,old
98,0.4345018863677978,0.1145855555092963,PBPF,cracker_scene1,20,old
99,0.4385170936584472,0.1145855555092963,PBPF,cracker_scene1,20,old
100,0.4428844451904297,0.1145855555092963,PBPF,cracker_scene1,20,old
101,0.4470391273498535,0.11441489435891111,PBPF,cracker_scene1,20,old
102,0.4510610103607178,0.11441489435891111,PBPF,cracker_scene1,20,old
103,0.4552278518676758,0.1141679145701977,PBPF,cracker_scene1,20,old
104,0.4593443870544433,0.1141679145701977,PBPF,cracker_scene1,20,old
105,0.4634060859680176,0.1141679145701977,PBPF,cracker_scene1,20,old
106,0.4677724838256836,0.1142597811437801,PBPF,cracker_scene1,20,old
107,0.4719784259796142,0.1138958226747191,PBPF,cracker_scene1,20,old
108,0.4766578674316406,0.1139590635683371,PBPF,cracker_scene1,20,old
109,0.4807877540588379,0.1139590635683371,PBPF,cracker_scene1,20,old
110,0.4848296642303467,0.1139590635683371,PBPF,cracker_scene1,20,old
111,0.4888882637023926,0.1139590635683371,PBPF,cracker_scene1,20,old
112,0.4932913780212402,0.11599014616441031,PBPF,cracker_scene1,20,old
113,0.4974443912506103,0.11599014616441031,PBPF,cracker_scene1,20,old
114,0.5015153884887695,0.11599014616441031,PBPF,cracker_scene1,20,old
115,0.5056195259094238,0.11599014616441031,PBPF,cracker_scene1,20,old
116,0.5097784996032715,0.11599014616441031,PBPF,cracker_scene1,20,old
117,0.5141158103942871,0.11599014616441031,PBPF,cracker_scene1,20,old
118,0.5182023048400879,0.11599014616441031,PBPF,cracker_scene1,20,old
119,0.5226514339447021,0.1158908292505885,PBPF,cracker_scene1,20,old
120,0.5267307758331299,0.1158908292505885,PBPF,cracker_scene1,20,old
121,0.5311191082000732,0.1159543230964698,PBPF,cracker_scene1,20,old
122,0.5352168083190918,0.1159543230964698,PBPF,cracker_scene1,20,old
123,0.5397145748138428,0.1157056375925086,PBPF,cracker_scene1,20,old
124,0.5441243648529053,0.1154424245887633,PBPF,cracker_scene1,20,old
125,0.548248291015625,0.1153324163663472,PBPF,cracker_scene1,20,old
126,0.5523066520690918,0.1153324163663472,PBPF,cracker_scene1,20,old
127,0.5565216541290283,0.11522026530947041,PBPF,cracker_scene1,20,old
128,0.5605981349945068,0.11522026530947041,PBPF,cracker_scene1,20,old
129,0.564673662185669,0.11522026530947041,PBPF,cracker_scene1,20,old
130,0.5690104961395264,0.11507019585861869,PBPF,cracker_scene1,20,old
131,0.5730421543121338,0.11507019585861869,PBPF,cracker_scene1,20,old
132,0.5772690773010254,0.1150927462035165,PBPF,cracker_scene1,20,old
133,0.5813088417053223,0.1150927462035165,PBPF,cracker_scene1,20,old
134,0.5855967998504639,0.1147055656153993,PBPF,cracker_scene1,20,old
135,0.5899677276611328,0.11455461089431601,PBPF,cracker_scene1,20,old
136,0.5940465927124023,0.11455461089431601,PBPF,cracker_scene1,20,old
137,0.5981669425964355,0.11455461089431601,PBPF,cracker_scene1,20,old
138,0.6022167205810547,0.11455461089431601,PBPF,cracker_scene1,20,old
139,0.6068649291992188,0.114433370303857,PBPF,cracker_scene1,20,old
140,0.611102819442749,0.11444640163900391,PBPF,cracker_scene1,20,old
141,0.6153192520141602,0.1141843738810065,PBPF,cracker_scene1,20,old
142,0.6194357872009277,0.1141843738810065,PBPF,cracker_scene1,20,old
143,0.6235790252685547,0.1140993341161618,PBPF,cracker_scene1,20,old
144,0.6276652812957764,0.1140993341161618,PBPF,cracker_scene1,20,old
145,0.631850004196167,0.11407033744526479,PBPF,cracker_scene1,20,old
146,0.6364727020263672,0.1139394003495797,PBPF,cracker_scene1,20,old
147,0.6408882141113281,0.1138912801921077,PBPF,cracker_scene1,20,old
148,0.6453800201416016,0.1138912801921077,PBPF,cracker_scene1,20,old
149,0.6495981216430664,0.1138912801921077,PBPF,cracker_scene1,20,old
150,0.6537220478057861,0.1138912801921077,PBPF,cracker_scene1,20,old
151,0.6578757762908936,0.1138912801921077,PBPF,cracker_scene1,20,old
152,0.6625878810882568,0.10660216600270189,PBPF,cracker_scene1,20,old
153,0.6667296886444092,0.10660216600270189,PBPF,cracker_scene1,20,old
154,0.6709232330322266,0.10660216600270189,PBPF,cracker_scene1,20,old
155,0.6750836372375488,0.10660216600270189,PBPF,cracker_scene1,20,old
156,0.6791889667510986,0.10660216600270189,PBPF,cracker_scene1,20,old
157,0.683326244354248,0.10660216600270189,PBPF,cracker_scene1,20,old
158,0.6882333755493164,0.10611407276809481,PBPF,cracker_scene1,20,old
159,0.6922898292541504,0.10611407276809481,PBPF,cracker_scene1,20,old
160,0.6964912414550781,0.10611407276809481,PBPF,cracker_scene1,20,old
161,0.7005870342254639,0.10611407276809481,PBPF,cracker_scene1,20,old
162,0.7047226428985596,0.10611407276809481,PBPF,cracker_scene1,20,old
163,0.7088332176208496,0.10611407276809481,PBPF,cracker_scene1,20,old
164,0.7131965160369873,0.10599242688965699,PBPF,cracker_scene1,20,old
165,0.717205286026001,0.10599242688965699,PBPF,cracker_scene1,20,old
166,0.7212710380554199,0.10599242688965699,PBPF,cracker_scene1,20,old
167,0.7253553867340088,0.10599242688965699,PBPF,cracker_scene1,20,old
168,0.7293887138366699,0.10599242688965699,PBPF,cracker_scene1,20,old
169,0.7335762977600098,0.10589082479769751,PBPF,cracker_scene1,20,old
170,0.7375996112823486,0.10589082479769751,PBPF,cracker_scene1,20,old
171,0.7416882514953613,0.10589082479769751,PBPF,cracker_scene1,20,old
172,0.7465126514434814,0.1059516754332859,PBPF,cracker_scene1,20,old
173,0.7505502700805664,0.1059516754332859,PBPF,cracker_scene1,20,old
174,0.754638671875,0.1054261638136032,PBPF,cracker_scene1,20,old
175,0.7589824199676514,0.1053553002914272,PBPF,cracker_scene1,20,old
176,0.7630627155303955,0.1053553002914272,PBPF,cracker_scene1,20,old
177,0.7671937942504883,0.1053553002914272,PBPF,cracker_scene1,20,old
178,0.7713065147399902,0.1053553002914272,PBPF,cracker_scene1,20,old
179,0.7754766941070557,0.1053553002914272,PBPF,cracker_scene1,20,old
180,0.779965877532959,0.10539524372913381,PBPF,cracker_scene1,20,old
181,0.784099817276001,0.10539524372913381,PBPF,cracker_scene1,20,old
182,0.7885611057281494,0.1052771821422431,PBPF,cracker_scene1,20,old
183,0.792680025100708,0.1052771821422431,PBPF,cracker_scene1,20,old
184,0.7970483303070068,0.10494247002023321,PBPF,cracker_scene1,20,old
185,0.8011865615844727,0.10494247002023321,PBPF,cracker_scene1,20,old
186,0.8061847686767578,0.10445517568514501,PBPF,cracker_scene1,20,old
187,0.810530424118042,0.10445517568514501,PBPF,cracker_scene1,20,old
188,0.8148188591003418,0.098572101500363,PBPF,cracker_scene1,20,old
189,0.8189365863800049,0.098572101500363,PBPF,cracker_scene1,20,old
190,0.8232979774475098,0.0983873069749214,PBPF,cracker_scene1,20,old
191,0.8275306224822998,0.0983873069749214,PBPF,cracker_scene1,20,old
192,0.8317050933837891,0.0983873069749214,PBPF,cracker_scene1,20,old
193,0.8358590602874756,0.0983873069749214,PBPF,cracker_scene1,20,old
194,0.839979887008667,0.0983873069749214,PBPF,cracker_scene1,20,old
195,0.8442084789276123,0.0983873069749214,PBPF,cracker_scene1,20,old
196,0.8483462333679199,0.0983873069749214,PBPF,cracker_scene1,20,old
197,0.8524632453918457,0.0983873069749214,PBPF,cracker_scene1,20,old
198,0.8565859794616699,0.0983873069749214,PBPF,cracker_scene1,20,old
199,0.8606960773468018,0.0983873069749214,PBPF,cracker_scene1,20,old
200,0.8654451370239258,0.09803389779489799,PBPF,cracker_scene1,20,old
201,0.8700034618377686,0.0977678535365549,PBPF,cracker_scene1,20,old
202,0.8741021156311035,0.0977678535365549,PBPF,cracker_scene1,20,old
203,0.8783721923828125,0.0979080434434669,PBPF,cracker_scene1,20,old
204,0.8826704025268555,0.09772413973386751,PBPF,cracker_scene1,20,old
205,0.8868377208709717,0.09772413973386751,PBPF,cracker_scene1,20,old
206,0.8912534713745117,0.09772413973386751,PBPF,cracker_scene1,20,old
207,0.8954219818115234,0.0976971858017088,PBPF,cracker_scene1,20,old
208,0.8997166156768799,0.0977533969564906,PBPF,cracker_scene1,20,old
209,0.9038550853729248,0.0977533969564906,PBPF,cracker_scene1,20,old
210,0.9080653190612792,0.0977533969564906,PBPF,cracker_scene1,20,old
211,0.9125704765319824,0.0975551439441491,PBPF,cracker_scene1,20,old
212,0.9172143936157228,0.09733611190115149,PBPF,cracker_scene1,20,old
213,0.9216277599334716,0.09717729392291069,PBPF,cracker_scene1,20,old
214,0.9257137775421144,0.09717729392291069,PBPF,cracker_scene1,20,old
215,0.9298162460327148,0.09717729392291069,PBPF,cracker_scene1,20,old
216,0.9340610504150392,0.0970637758987131,PBPF,cracker_scene1,20,old
217,0.9380393028259276,0.0970637758987131,PBPF,cracker_scene1,20,old
218,0.9425375461578368,0.0970637758987131,PBPF,cracker_scene1,20,old
219,0.9468231201171876,0.0970637758987131,PBPF,cracker_scene1,20,old
220,0.9509787559509276,0.0970637758987131,PBPF,cracker_scene1,20,old
221,0.9553592205047609,0.0967462550599413,PBPF,cracker_scene1,20,old
222,0.9594519138336182,0.0967462550599413,PBPF,cracker_scene1,20,old
223,0.963632583618164,0.09658423859315529,PBPF,cracker_scene1,20,old
224,0.967742681503296,0.09658423859315529,PBPF,cracker_scene1,20,old
225,0.9723680019378662,0.09098153912343651,PBPF,cracker_scene1,20,old
226,0.9763247966766356,0.09098153912343651,PBPF,cracker_scene1,20,old
227,0.980349063873291,0.09098153912343651,PBPF,cracker_scene1,20,old
228,0.9846088886260986,0.09098982517020679,PBPF,cracker_scene1,20,old
229,0.9889364242553712,0.0906451357571035,PBPF,cracker_scene1,20,old
230,0.9929924011230468,0.0906451357571035,PBPF,cracker_scene1,20,old
231,0.9970169067382812,0.0906451357571035,PBPF,cracker_scene1,20,old
232,1.0010972023010254,0.0906451357571035,PBPF,cracker_scene1,20,old
233,1.0051143169403076,0.0906451357571035,PBPF,cracker_scene1,20,old
234,1.0097436904907229,0.09035429769575071,PBPF,cracker_scene1,20,old
235,1.0137486457824707,0.09035429769575071,PBPF,cracker_scene1,20,old
236,1.0177383422851562,0.09035429769575071,PBPF,cracker_scene1,20,old
237,1.0217459201812744,0.09035429769575071,PBPF,cracker_scene1,20,old
238,1.0257947444915771,0.09023243454229371,PBPF,cracker_scene1,20,old
239,1.0302376747131348,0.0900951186144417,PBPF,cracker_scene1,20,old
240,1.0342402458190918,0.0900951186144417,PBPF,cracker_scene1,20,old
241,1.0382537841796875,0.0900951186144417,PBPF,cracker_scene1,20,old
242,1.042233943939209,0.0900951186144417,PBPF,cracker_scene1,20,old
243,1.046227216720581,0.0900951186144417,PBPF,cracker_scene1,20,old
244,1.050215244293213,0.0900951186144417,PBPF,cracker_scene1,20,old
245,1.0541954040527344,0.0900951186144417,PBPF,cracker_scene1,20,old
246,1.0582263469696045,0.0900951186144417,PBPF,cracker_scene1,20,old
247,1.062223196029663,0.0900951186144417,PBPF,cracker_scene1,20,old
248,1.0662801265716553,0.0900951186144417,PBPF,cracker_scene1,20,old
249,1.070329666137695,0.0900951186144417,PBPF,cracker_scene1,20,old
250,1.0744187831878662,0.0900951186144417,PBPF,cracker_scene1,20,old
251,1.0784814357757568,0.0900951186144417,PBPF,cracker_scene1,20,old
252,1.0839428901672363,0.08895757641461091,PBPF,cracker_scene1,20,old
253,1.0882627964019775,0.08895757641461091,PBPF,cracker_scene1,20,old
254,1.0924127101898191,0.0888673679776826,PBPF,cracker_scene1,20,old
255,1.096656322479248,0.0888673679776826,PBPF,cracker_scene1,20,old
256,1.10099458694458,0.08877940649364621,PBPF,cracker_scene1,20,old
257,1.10522198677063,0.08877940649364621,PBPF,cracker_scene1,20,old
258,1.1096162796020508,0.08877940649364621,PBPF,cracker_scene1,20,old
259,1.113940954208374,0.08877940649364621,PBPF,cracker_scene1,20,old
260,1.1181626319885254,0.0887357693177909,PBPF,cracker_scene1,20,old
261,1.122718095779419,0.088733980609491,PBPF,cracker_scene1,20,old
262,1.1268203258514404,0.08858657880288229,PBPF,cracker_scene1,20,old
263,1.1308798789978027,0.08858657880288229,PBPF,cracker_scene1,20,old
264,1.1352767944335938,0.08845467688376621,PBPF,cracker_scene1,20,old
265,1.139683485031128,0.0897293929713596,PBPF,cracker_scene1,20,old
266,1.1438593864440918,0.08962412690957719,PBPF,cracker_scene1,20,old
267,1.148096799850464,0.08962412690957719,PBPF,cracker_scene1,20,old
268,1.152116060256958,0.0894616740541489,PBPF,cracker_scene1,20,old
269,1.1561715602874756,0.0894616740541489,PBPF,cracker_scene1,20,old
270,1.1602544784545898,0.0894616740541489,PBPF,cracker_scene1,20,old
271,1.1643736362457275,0.0893884274133099,PBPF,cracker_scene1,20,old
272,1.1684439182281494,0.0893884274133099,PBPF,cracker_scene1,20,old
273,1.1723828315734863,0.0893884274133099,PBPF,cracker_scene1,20,old
274,1.1764321327209473,0.08935562050530041,PBPF,cracker_scene1,20,old
275,1.1805391311645508,0.08935562050530041,PBPF,cracker_scene1,20,old
276,1.1846332550048828,0.08910479128123991,PBPF,cracker_scene1,20,old
277,1.1885879039764404,0.08910479128123991,PBPF,cracker_scene1,20,old
278,1.1926884651184082,0.08910479128123991,PBPF,cracker_scene1,20,old
279,1.196885347366333,0.08910531019413939,PBPF,cracker_scene1,20,old
280,1.2012815475463867,0.0890102406477738,PBPF,cracker_scene1,20,old
281,1.2052292823791504,0.0890102406477738,PBPF,cracker_scene1,20,old
282,1.209259271621704,0.08896253091748721,PBPF,cracker_scene1,20,old
283,1.2134740352630615,0.08883437880979389,PBPF,cracker_scene1,20,old
284,1.2174041271209717,0.08883437880979389,PBPF,cracker_scene1,20,old
285,1.2214686870574951,0.08884622888165189,PBPF,cracker_scene1,20,old
286,1.225829839706421,0.08866182122214339,PBPF,cracker_scene1,20,old
287,1.2298405170440674,0.08866182122214339,PBPF,cracker_scene1,20,old
288,1.2340199947357178,0.0884673896435765,PBPF,cracker_scene1,20,old
289,1.238020420074463,0.0884673896435765,PBPF,cracker_scene1,20,old
290,1.242041826248169,0.0884673896435765,PBPF,cracker_scene1,20,old
291,1.2460393905639648,0.0884673896435765,PBPF,cracker_scene1,20,old
292,1.250866174697876,0.0882379049571605,PBPF,cracker_scene1,20,old
293,1.254856824874878,0.0882379049571605,PBPF,cracker_scene1,20,old
294,1.2590491771697998,0.08799886750481631,PBPF,cracker_scene1,20,old
295,1.263253688812256,0.08800711273719211,PBPF,cracker_scene1,20,old
296,1.2675364017486572,0.0879061236829729,PBPF,cracker_scene1,20,old
297,1.2715234756469729,0.0879061236829729,PBPF,cracker_scene1,20,old
298,1.2757351398468018,0.0878113925357627,PBPF,cracker_scene1,20,old
299,1.2800583839416504,0.08780956527486541,PBPF,cracker_scene1,20,old
300,1.2841041088104248,0.08780956527486541,PBPF,cracker_scene1,20,old
301,1.2884325981140137,0.08773862175585259,PBPF,cracker_scene1,20,old
302,1.2926459312438965,0.0789675579299483,PBPF,cracker_scene1,20,old
303,1.2967989444732666,0.0789675579299483,PBPF,cracker_scene1,20,old
304,1.3008244037628174,0.0789675579299483,PBPF,cracker_scene1,20,old
305,1.3051340579986572,0.07889104923103671,PBPF,cracker_scene1,20,old
306,1.3092024326324463,0.07889104923103671,PBPF,cracker_scene1,20,old
307,1.313239336013794,0.07889104923103671,PBPF,cracker_scene1,20,old
308,1.317350149154663,0.07889104923103671,PBPF,cracker_scene1,20,old
309,1.321784496307373,0.07879538195148961,PBPF,cracker_scene1,20,old
310,1.3259427547454834,0.078731647437214,PBPF,cracker_scene1,20,old
311,1.3300557136535645,0.078731647437214,PBPF,cracker_scene1,20,old
312,1.3341054916381836,0.078731647437214,PBPF,cracker_scene1,20,old
313,1.3381352424621582,0.078731647437214,PBPF,cracker_scene1,20,old
314,1.3423168659210205,0.078731647437214,PBPF,cracker_scene1,20,old
315,1.346555233001709,0.0786516553352321,PBPF,cracker_scene1,20,old
316,1.3506643772125244,0.0785848027095309,PBPF,cracker_scene1,20,old
317,1.355220079421997,0.0785314858840819,PBPF,cracker_scene1,20,old
318,1.35927414894104,0.0785301512485573,PBPF,cracker_scene1,20,old
319,1.3632831573486328,0.0785301512485573,PBPF,cracker_scene1,20,old
320,1.367337942123413,0.0785301512485573,PBPF,cracker_scene1,20,old
321,1.3713350296020508,0.0785301512485573,PBPF,cracker_scene1,20,old
322,1.3753321170806885,0.0785301512485573,PBPF,cracker_scene1,20,old
323,1.3800208568572998,0.0783987708364545,PBPF,cracker_scene1,20,old
324,1.384082317352295,0.0783987708364545,PBPF,cracker_scene1,20,old
325,1.388166427612305,0.0783987708364545,PBPF,cracker_scene1,20,old
326,1.3922874927520752,0.0783157478721158,PBPF,cracker_scene1,20,old
327,1.3964431285858154,0.0782303196575235,PBPF,cracker_scene1,20,old
328,1.4005107879638672,0.0782303196575235,PBPF,cracker_scene1,20,old
329,1.4045305252075195,0.0782303196575235,PBPF,cracker_scene1,20,old
330,1.4085321426391602,0.0782303196575235,PBPF,cracker_scene1,20,old
331,1.4125421047210691,0.0782303196575235,PBPF,cracker_scene1,20,old
332,1.4169704914093018,0.0781851450184822,PBPF,cracker_scene1,20,old
333,1.4210307598114014,0.0781851450184822,PBPF,cracker_scene1,20,old
334,1.4250664710998535,0.0781851450184822,PBPF,cracker_scene1,20,old
335,1.4294915199279783,0.0781798411390115,PBPF,cracker_scene1,20,old
336,1.4335415363311768,0.0781798411390115,PBPF,cracker_scene1,20,old
337,1.437621831893921,0.0781798411390115,PBPF,cracker_scene1,20,old
338,1.4416565895080566,0.0781798411390115,PBPF,cracker_scene1,20,old
339,1.4457008838653564,0.0781798411390115,PBPF,cracker_scene1,20,old
340,1.4497523307800293,0.0781798411390115,PBPF,cracker_scene1,20,old
341,1.4546031951904297,0.0801093149883115,PBPF,cracker_scene1,20,old
342,1.4586615562438965,0.0801093149883115,PBPF,cracker_scene1,20,old
343,1.462770938873291,0.0801093149883115,PBPF,cracker_scene1,20,old
344,1.4671313762664795,0.08006767933862,PBPF,cracker_scene1,20,old
345,1.4710874557495115,0.08006767933862,PBPF,cracker_scene1,20,old
346,1.4753737449645996,0.07997010539096899,PBPF,cracker_scene1,20,old
347,1.479421854019165,0.0799578888629166,PBPF,cracker_scene1,20,old
348,1.4834628105163574,0.0799578888629166,PBPF,cracker_scene1,20,old
349,1.4879169464111328,0.0798917623092006,PBPF,cracker_scene1,20,old
350,1.491950511932373,0.0798917623092006,PBPF,cracker_scene1,20,old
351,1.4960637092590332,0.079882055400834,PBPF,cracker_scene1,20,old
352,1.5001957416534424,0.079882055400834,PBPF,cracker_scene1,20,old
353,1.5041606426239014,0.079882055400834,PBPF,cracker_scene1,20,old
354,1.5081605911254885,0.079882055400834,PBPF,cracker_scene1,20,old
355,1.512169599533081,0.079882055400834,PBPF,cracker_scene1,20,old
356,1.516939640045166,0.0798464511805555,PBPF,cracker_scene1,20,old
357,1.5208759307861328,0.0798464511805555,PBPF,cracker_scene1,20,old
358,1.5250177383422852,0.07988477398019031,PBPF,cracker_scene1,20,old
359,1.5291414260864258,0.07988477398019031,PBPF,cracker_scene1,20,old
360,1.5333592891693115,0.0798898959668782,PBPF,cracker_scene1,20,old
361,1.5374701023101809,0.0798898959668782,PBPF,cracker_scene1,20,old
362,1.5414724349975586,0.0798898959668782,PBPF,cracker_scene1,20,old
363,1.5458662509918213,0.079866693721397,PBPF,cracker_scene1,20,old
364,1.5499305725097656,0.079866693721397,PBPF,cracker_scene1,20,old
365,1.5541212558746338,0.0797711441050004,PBPF,cracker_scene1,20,old
366,1.5583162307739258,0.0798258905185681,PBPF,cracker_scene1,20,old
367,1.5626871585845947,0.0798026306640589,PBPF,cracker_scene1,20,old
368,1.566736936569214,0.0798026306640589,PBPF,cracker_scene1,20,old
369,1.5707659721374512,0.0798026306640589,PBPF,cracker_scene1,20,old
370,1.574772596359253,0.0798026306640589,PBPF,cracker_scene1,20,old
371,1.5797383785247805,0.07969073457307571,PBPF,cracker_scene1,20,old
372,1.5839033126831057,0.0796643848565935,PBPF,cracker_scene1,20,old
373,1.588160514831543,0.0796643848565935,PBPF,cracker_scene1,20,old
374,1.5922460556030271,0.0796131865426569,PBPF,cracker_scene1,20,old
375,1.596306562423706,0.0796131865426569,PBPF,cracker_scene1,20,old
376,1.6006855964660645,0.0795818975697363,PBPF,cracker_scene1,20,old
377,1.6048851013183594,0.0795818975697363,PBPF,cracker_scene1,20,old
378,1.6089363098144531,0.0796188084777309,PBPF,cracker_scene1,20,old
379,1.613513708114624,0.0796274273919017,PBPF,cracker_scene1,20,old
380,1.617748737335205,0.0796503077063073,PBPF,cracker_scene1,20,old
381,1.621755599975586,0.0796503077063073,PBPF,cracker_scene1,20,old
382,1.6257002353668213,0.0796503077063073,PBPF,cracker_scene1,20,old
383,1.6296489238739014,0.0796503077063073,PBPF,cracker_scene1,20,old
384,1.634200096130371,0.0787365780853564,PBPF,cracker_scene1,20,old
385,1.638286590576172,0.0787074808505807,PBPF,cracker_scene1,20,old
386,1.6424763202667236,0.0787074808505807,PBPF,cracker_scene1,20,old
387,1.6464223861694336,0.0787081165720927,PBPF,cracker_scene1,20,old
388,1.6504485607147217,0.0787081165720927,PBPF,cracker_scene1,20,old
389,1.654468297958374,0.0787081165720927,PBPF,cracker_scene1,20,old
390,1.6584289073944092,0.0787081165720927,PBPF,cracker_scene1,20,old
391,1.6623497009277344,0.0787081165720927,PBPF,cracker_scene1,20,old
392,1.6665878295898438,0.07862965317586401,PBPF,cracker_scene1,20,old
393,1.6705291271209717,0.07862965317586401,PBPF,cracker_scene1,20,old
394,1.6747534275054932,0.0786627444158211,PBPF,cracker_scene1,20,old
395,1.6790692806243896,0.0786104110842689,PBPF,cracker_scene1,20,old
396,1.6833319664001465,0.0785820208979882,PBPF,cracker_scene1,20,old
397,1.687272071838379,0.0785820208979882,PBPF,cracker_scene1,20,old
398,1.6914916038513184,0.07854637538400411,PBPF,cracker_scene1,20,old
399,1.695488691329956,0.07854637538400411,PBPF,cracker_scene1,20,old
400,1.6994082927703855,0.07854637538400411,PBPF,cracker_scene1,20,old
401,1.703557014465332,0.07854637538400411,PBPF,cracker_scene1,20,old
402,1.707553148269653,0.07854637538400411,PBPF,cracker_scene1,20,old
403,1.7114851474761963,0.07854637538400411,PBPF,cracker_scene1,20,old
404,1.715733528137207,0.0784434650878663,PBPF,cracker_scene1,20,old
405,1.7196533679962158,0.0784434650878663,PBPF,cracker_scene1,20,old
406,1.7236390113830566,0.0784434650878663,PBPF,cracker_scene1,20,old
407,1.7278361320495603,0.0784261246193432,PBPF,cracker_scene1,20,old
408,1.7321069240570068,0.0784342335026407,PBPF,cracker_scene1,20,old
409,1.7363524436950684,0.0784342335026407,PBPF,cracker_scene1,20,old
410,1.7408735752105713,0.0783875963354197,PBPF,cracker_scene1,20,old
411,1.7449405193328855,0.0783875963354197,PBPF,cracker_scene1,20,old
412,1.7489244937896729,0.0783875963354197,PBPF,cracker_scene1,20,old
413,1.752964973449707,0.07835111040895121,PBPF,cracker_scene1,20,old
414,1.7572686672210691,0.07835568178397259,PBPF,cracker_scene1,20,old
415,1.7614531517028809,0.0783309387220656,PBPF,cracker_scene1,20,old
416,1.7657506465911863,0.0783309387220656,PBPF,cracker_scene1,20,old
417,1.7700369358062744,0.0794309845611067,PBPF,cracker_scene1,20,old
418,1.7742021083831787,0.0794309845611067,PBPF,cracker_scene1,20,old
419,1.7783169746398926,0.0794309845611067,PBPF,cracker_scene1,20,old
420,1.7824556827545166,0.0794309845611067,PBPF,cracker_scene1,20,old
421,1.7869148254394531,0.07940460855188311,PBPF,cracker_scene1,20,old
422,1.7909626960754397,0.07940460855188311,PBPF,cracker_scene1,20,old
423,1.7950055599212646,0.07940460855188311,PBPF,cracker_scene1,20,old
424,1.7990469932556152,0.07940460855188311,PBPF,cracker_scene1,20,old
425,1.8040084838867188,0.0792113542083559,PBPF,cracker_scene1,20,old
426,1.8082175254821775,0.0792080389278711,PBPF,cracker_scene1,20,old
427,1.812265396118164,0.0792080389278711,PBPF,cracker_scene1,20,old
428,1.8167591094970703,0.07920902983573111,PBPF,cracker_scene1,20,old
429,1.820831298828125,0.07920902983573111,PBPF,cracker_scene1,20,old
430,1.8250412940979004,0.07920902983573111,PBPF,cracker_scene1,20,old
431,1.8292994499206543,0.0792021548255029,PBPF,cracker_scene1,20,old
432,1.8333837985992432,0.0792021548255029,PBPF,cracker_scene1,20,old
433,1.8374779224395752,0.0792021548255029,PBPF,cracker_scene1,20,old
434,1.8419859409332275,0.07912286018597539,PBPF,cracker_scene1,20,old
435,1.8460373878479004,0.07912286018597539,PBPF,cracker_scene1,20,old
436,1.8502066135406492,0.07912286018597539,PBPF,cracker_scene1,20,old
437,1.854620695114136,0.0791209735414176,PBPF,cracker_scene1,20,old
438,1.8589670658111568,0.0790827481009771,PBPF,cracker_scene1,20,old
439,1.8632564544677732,0.0790694044576922,PBPF,cracker_scene1,20,old
440,1.867332935333252,0.0790694044576922,PBPF,cracker_scene1,20,old
441,1.8716514110565183,0.07908060661706501,PBPF,cracker_scene1,20,old
442,1.8757026195526123,0.07908060661706501,PBPF,cracker_scene1,20,old
443,1.87994122505188,0.07908060661706501,PBPF,cracker_scene1,20,old
444,1.8840398788452148,0.07908060661706501,PBPF,cracker_scene1,20,old
445,1.8884754180908203,0.07908559847826829,PBPF,cracker_scene1,20,old
446,1.892897367477417,0.0790798744016121,PBPF,cracker_scene1,20,old
447,1.896880865097046,0.0790798744016121,PBPF,cracker_scene1,20,old
448,1.9013934135437007,0.0790798744016121,PBPF,cracker_scene1,20,old
449,1.9054770469665527,0.079045956514502,PBPF,cracker_scene1,20,old
450,1.9096264839172363,0.0790509514151569,PBPF,cracker_scene1,20,old
451,1.913743495941162,0.0790509514151569,PBPF,cracker_scene1,20,old
452,1.9178109169006348,0.0790509514151569,PBPF,cracker_scene1,20,old
453,1.9220759868621824,0.07902224787324649,PBPF,cracker_scene1,20,old
454,1.9260852336883545,0.07902224787324649,PBPF,cracker_scene1,20,old
455,1.9304111003875728,0.0810431386199652,PBPF,cracker_scene1,20,old
456,1.934499740600586,0.0810431386199652,PBPF,cracker_scene1,20,old
457,1.9386210441589355,0.0810431386199652,PBPF,cracker_scene1,20,old
458,1.9427006244659424,0.0810431386199652,PBPF,cracker_scene1,20,old
459,1.9468371868133545,0.0810431386199652,PBPF,cracker_scene1,20,old
460,1.9511477947235107,0.0810434792377296,PBPF,cracker_scene1,20,old
461,1.9552223682403564,0.0810434792377296,PBPF,cracker_scene1,20,old
462,1.9602508544921875,0.0810330399150536,PBPF,cracker_scene1,20,old
463,1.9643986225128172,0.0810330399150536,PBPF,cracker_scene1,20,old
464,1.9686627388000488,0.0810479563126236,PBPF,cracker_scene1,20,old
465,1.9727768898010252,0.0810479563126236,PBPF,cracker_scene1,20,old
466,1.9771394729614256,0.081072603829089,PBPF,cracker_scene1,20,old
467,1.981266021728516,0.081072603829089,PBPF,cracker_scene1,20,old
468,1.9853675365448,0.081072603829089,PBPF,cracker_scene1,20,old
469,1.98978853225708,0.0810576006071569,PBPF,cracker_scene1,20,old
470,1.9942727088928225,0.0810514760041452,PBPF,cracker_scene1,20,old
471,1.9983501434326167,0.0810514760041452,PBPF,cracker_scene1,20,old
472,2.002493381500244,0.08106646613970339,PBPF,cracker_scene1,20,old
473,2.0070154666900635,0.0810749361921949,PBPF,cracker_scene1,20,old
474,2.0112080574035645,0.0810749361921949,PBPF,cracker_scene1,20,old
475,2.015326976776123,0.0810590863215702,PBPF,cracker_scene1,20,old
476,2.019474983215332,0.0810590863215702,PBPF,cracker_scene1,20,old
477,2.023412704467773,0.0810590863215702,PBPF,cracker_scene1,20,old
478,2.0273332595825195,0.0810590863215702,PBPF,cracker_scene1,20,old
479,2.0313682556152344,0.0810590863215702,PBPF,cracker_scene1,20,old
480,2.03577184677124,0.0811239977826228,PBPF,cracker_scene1,20,old
481,2.0399458408355717,0.08111969425055479,PBPF,cracker_scene1,20,old
482,2.044063806533813,0.08111969425055479,PBPF,cracker_scene1,20,old
483,2.048419237136841,0.08116881293776021,PBPF,cracker_scene1,20,old
484,2.0525829792022705,0.08116881293776021,PBPF,cracker_scene1,20,old
485,2.056682825088501,0.0811707445629479,PBPF,cracker_scene1,20,old
486,2.060853242874145,0.08113038042453541,PBPF,cracker_scene1,20,old
487,2.064907550811768,0.08113038042453541,PBPF,cracker_scene1,20,old
488,2.0689854621887207,0.08113038042453541,PBPF,cracker_scene1,20,old
489,2.073410987854004,0.0811472844684259,PBPF,cracker_scene1,20,old
490,2.077491283416748,0.0811197829062589,PBPF,cracker_scene1,20,old
491,2.0816197395324707,0.08110033341869449,PBPF,cracker_scene1,20,old
492,2.085981130599976,0.08110033341869449,PBPF,cracker_scene1,20,old
493,2.0904643535614014,0.0811122329684465,PBPF,cracker_scene1,20,old
494,2.0946285724639893,0.07800215003137889,PBPF,cracker_scene1,20,old
495,2.098971366882324,0.0779948176590033,PBPF,cracker_scene1,20,old
496,2.103203773498535,0.0780225409825606,PBPF,cracker_scene1,20,old
497,2.107504844665528,0.0780225409825606,PBPF,cracker_scene1,20,old
498,2.111584424972534,0.078058956172815,PBPF,cracker_scene1,20,old
499,2.1158289909362797,0.078058956172815,PBPF,cracker_scene1,20,old
500,2.120077610015869,0.078058956172815,PBPF,cracker_scene1,20,old
501,2.124197006225586,0.078058956172815,PBPF,cracker_scene1,20,old
502,2.1286520957946777,0.0780808156051422,PBPF,cracker_scene1,20,old
503,2.1328141689300537,0.0780808156051422,PBPF,cracker_scene1,20,old
504,2.1368942260742188,0.0780808156051422,PBPF,cracker_scene1,20,old
505,2.1411194801330566,0.0780781706846145,PBPF,cracker_scene1,20,old
506,2.1454012393951416,0.0780667686320186,PBPF,cracker_scene1,20,old
507,2.1501410007476807,0.0780567342147213,PBPF,cracker_scene1,20,old
508,2.154550313949585,0.0780567342147213,PBPF,cracker_scene1,20,old
509,2.1591219902038574,0.0780579359480761,PBPF,cracker_scene1,20,old
510,2.163527250289917,0.0780579359480761,PBPF,cracker_scene1,20,old
511,2.167815923690796,0.07807552740499579,PBPF,cracker_scene1,20,old
512,2.172056198120117,0.07807552740499579,PBPF,cracker_scene1,20,old
513,2.176236152648926,0.07807552740499579,PBPF,cracker_scene1,20,old
514,2.180280923843384,0.07807543909104381,PBPF,cracker_scene1,20,old
515,2.1843786239624023,0.07807543909104381,PBPF,cracker_scene1,20,old
516,2.1887459754943848,0.0781132849400197,PBPF,cracker_scene1,20,old
517,2.193100690841675,0.0781154785318404,PBPF,cracker_scene1,20,old
518,2.197493076324463,0.07807732426101399,PBPF,cracker_scene1,20,old
519,2.2017159461975098,0.0780901710738663,PBPF,cracker_scene1,20,old
520,2.2059972286224365,0.0780901710738663,PBPF,cracker_scene1,20,old
521,2.210259199142456,0.0781114502475647,PBPF,cracker_scene1,20,old
522,2.214367389678955,0.0781114502475647,PBPF,cracker_scene1,20,old
523,2.218466758728028,0.07810001694015531,PBPF,cracker_scene1,20,old
524,2.2226221561431885,0.07807191346843051,PBPF,cracker_scene1,20,old
525,2.226767063140869,0.07807191346843051,PBPF,cracker_scene1,20,old
526,2.231013298034668,0.0780996964426042,PBPF,cracker_scene1,20,old
527,2.2355310916900635,0.07810076795346721,PBPF,cracker_scene1,20,old
528,2.239528179168701,0.07810076795346721,PBPF,cracker_scene1,20,old
529,2.243969202041626,0.0781482674414247,PBPF,cracker_scene1,20,old
530,2.248257875442505,0.07814338053289349,PBPF,cracker_scene1,20,old
531,2.2526867389678955,0.07708363195888229,PBPF,cracker_scene1,20,old
532,2.256995677947998,0.07707821564250661,PBPF,cracker_scene1,20,old
533,2.2612051963806152,0.07707821564250661,PBPF,cracker_scene1,20,old
534,2.265365600585937,0.0770535234214656,PBPF,cracker_scene1,20,old
535,2.269432306289673,0.0770535234214656,PBPF,cracker_scene1,20,old
536,2.2735109329223637,0.07706723013916361,PBPF,cracker_scene1,20,old
537,2.277786493301392,0.07706723013916361,PBPF,cracker_scene1,20,old
538,2.2820229530334477,0.0770467597903795,PBPF,cracker_scene1,20,old
539,2.285977363586426,0.0770467597903795,PBPF,cracker_scene1,20,old
540,2.290165901184082,0.0770540964811916,PBPF,cracker_scene1,20,old
541,2.294275283813477,0.0770540964811916,PBPF,cracker_scene1,20,old
542,2.298508882522583,0.0770630385769918,PBPF,cracker_scene1,20,old
543,2.3027443885803223,0.07706272017925911,PBPF,cracker_scene1,20,old
544,2.306828498840332,0.07708875788445199,PBPF,cracker_scene1,20,old
545,2.3109259605407715,0.07708875788445199,PBPF,cracker_scene1,20,old
546,2.31513786315918,0.0770801977975645,PBPF,cracker_scene1,20,old
547,2.3191730976104736,0.0770801977975645,PBPF,cracker_scene1,20,old
548,2.323302745819092,0.0770801977975645,PBPF,cracker_scene1,20,old
549,2.3275387287139893,0.077102052691518,PBPF,cracker_scene1,20,old
550,2.3316409587860107,0.0770875365817677,PBPF,cracker_scene1,20,old
551,2.335886716842652,0.0770875365817677,PBPF,cracker_scene1,20,old
552,2.3398642539978027,0.0770875365817677,PBPF,cracker_scene1,20,old
553,2.343984603881836,0.0770773568218904,PBPF,cracker_scene1,20,old
554,2.348242282867432,0.0770651736185998,PBPF,cracker_scene1,20,old
555,2.3524155616760254,0.07708242363549611,PBPF,cracker_scene1,20,old
556,2.3565752506256104,0.0770929021323824,PBPF,cracker_scene1,20,old
557,2.3606772422790527,0.0770929021323824,PBPF,cracker_scene1,20,old
558,2.3648157119750977,0.077071791797613,PBPF,cracker_scene1,20,old
559,2.3690390586853027,0.077071791797613,PBPF,cracker_scene1,20,old
560,2.373258590698242,0.0770843600805776,PBPF,cracker_scene1,20,old
561,2.377408027648926,0.0770843600805776,PBPF,cracker_scene1,20,old
562,2.38148832321167,0.077084959371299,PBPF,cracker_scene1,20,old
563,2.385808229446411,0.0771333663907127,PBPF,cracker_scene1,20,old
564,2.3900039196014404,0.0771612156992191,PBPF,cracker_scene1,20,old
565,2.39411735534668,0.0771612156992191,PBPF,cracker_scene1,20,old
566,2.398234367370605,0.077144585365932,PBPF,cracker_scene1,20,old
567,2.402759313583374,0.077144585365932,PBPF,cracker_scene1,20,old
568,2.4074387550354004,0.0771954666904862,PBPF,cracker_scene1,20,old
569,2.4116551876068115,0.0771954666904862,PBPF,cracker_scene1,20,old
570,2.415985107421875,0.0771951806636427,PBPF,cracker_scene1,20,old
571,2.420396327972412,0.0799239951470385,PBPF,cracker_scene1,20,old
572,2.425074815750122,0.0798983481005151,PBPF,cracker_scene1,20,old
573,2.4293525218963623,0.0798983481005151,PBPF,cracker_scene1,20,old
574,2.4336063861846924,0.0798833014569934,PBPF,cracker_scene1,20,old
575,2.4378809928894043,0.0798833014569934,PBPF,cracker_scene1,20,old
576,2.442138195037842,0.0801143152886403,PBPF,cracker_scene1,20,old
577,2.446218490600586,0.0801143152886403,PBPF,cracker_scene1,20,old
578,2.4503962993621826,0.0801631713168321,PBPF,cracker_scene1,20,old
579,2.4544694423675537,0.0801631713168321,PBPF,cracker_scene1,20,old
580,2.4586422443389893,0.0801273360553699,PBPF,cracker_scene1,20,old
581,2.462697029113769,0.0801273360553699,PBPF,cracker_scene1,20,old
582,2.466930389404297,0.08003697274170479,PBPF,cracker_scene1,20,old
583,2.4711403846740723,0.08003697274170479,PBPF,cracker_scene1,20,old
584,2.4753098487854004,0.0799988589746782,PBPF,cracker_scene1,20,old
585,2.4793360233306885,0.0799988589746782,PBPF,cracker_scene1,20,old
586,2.483484506607056,0.0799750560092695,PBPF,cracker_scene1,20,old
587,2.487577199935913,0.0799750560092695,PBPF,cracker_scene1,20,old
588,2.4917280673980717,0.08001519510938379,PBPF,cracker_scene1,20,old
589,2.495783805847168,0.08001519510938379,PBPF,cracker_scene1,20,old
590,2.49993634223938,0.0799334218149271,PBPF,cracker_scene1,20,old
591,2.503992319107056,0.0799334218149271,PBPF,cracker_scene1,20,old
592,2.5083229541778564,0.079931143878765,PBPF,cracker_scene1,20,old
593,2.512492179870605,0.079931143878765,PBPF,cracker_scene1,20,old
594,2.516799211502075,0.07997229675376649,PBPF,cracker_scene1,20,old
595,2.5206453800201416,0.07997229675376649,PBPF,cracker_scene1,20,old
596,2.524957656860352,0.0799621632416779,PBPF,cracker_scene1,20,old
597,2.5288960933685303,0.0799621632416779,PBPF,cracker_scene1,20,old
598,2.533189535140991,0.0800028801890294,PBPF,cracker_scene1,20,old
599,2.537323236465454,0.0800028801890294,PBPF,cracker_scene1,20,old
600,2.541622400283813,0.07998614074627519,PBPF,cracker_scene1,20,old
601,2.545703172683716,0.07998614074627519,PBPF,cracker_scene1,20,old
602,2.54993200302124,0.0799733205488404,PBPF,cracker_scene1,20,old
603,2.554058790206909,0.0799733205488404,PBPF,cracker_scene1,20,old
604,2.5584311485290527,0.0799820405870462,PBPF,cracker_scene1,20,old
605,2.562469005584717,0.0799820405870462,PBPF,cracker_scene1,20,old
606,2.566868305206299,0.0799347108942476,PBPF,cracker_scene1,20,old
607,2.570969820022583,0.0799347108942476,PBPF,cracker_scene1,20,old
608,2.575528860092163,0.08158848177730921,PBPF,cracker_scene1,20,old
609,2.579617738723755,0.08158848177730921,PBPF,cracker_scene1,20,old
610,2.5839576721191406,0.0815776366033842,PBPF,cracker_scene1,20,old
611,2.5880136489868164,0.0815776366033842,PBPF,cracker_scene1,20,old
612,2.592284679412842,0.0815865632552777,PBPF,cracker_scene1,20,old
613,2.596390008926392,0.0815865632552777,PBPF,cracker_scene1,20,old
614,2.600717067718506,0.0815896026167057,PBPF,cracker_scene1,20,old
615,2.6048922538757324,0.0815896026167057,PBPF,cracker_scene1,20,old
616,2.609261274337769,0.0815851556785311,PBPF,cracker_scene1,20,old
617,2.613358974456787,0.0815851556785311,PBPF,cracker_scene1,20,old
618,2.6176745891571045,0.08152175461267211,PBPF,cracker_scene1,20,old
619,2.62180757522583,0.08152175461267211,PBPF,cracker_scene1,20,old
620,2.6262025833129883,0.08150858955701601,PBPF,cracker_scene1,20,old
621,2.630255699157715,0.081502582308215,PBPF,cracker_scene1,20,old
622,2.634669542312622,0.081502582308215,PBPF,cracker_scene1,20,old
623,2.638725757598877,0.081502582308215,PBPF,cracker_scene1,20,old
624,2.6427531242370605,0.08151307343193931,PBPF,cracker_scene1,20,old
625,2.6468288898468018,0.08151307343193931,PBPF,cracker_scene1,20,old
626,2.650943756103516,0.0813784565717009,PBPF,cracker_scene1,20,old
627,2.655016660690308,0.0813784565717009,PBPF,cracker_scene1,20,old
628,2.6591835021972656,0.0815936509367225,PBPF,cracker_scene1,20,old
629,2.66324782371521,0.0815923127642652,PBPF,cracker_scene1,20,old
630,2.667935609817505,0.0814073710732745,PBPF,cracker_scene1,20,old
631,2.672085285186768,0.08142856963216741,PBPF,cracker_scene1,20,old
632,2.6763856410980225,0.08142856963216741,PBPF,cracker_scene1,20,old
633,2.6803624629974365,0.08141982074684301,PBPF,cracker_scene1,20,old
634,2.684846878051758,0.0814492486318209,PBPF,cracker_scene1,20,old
635,2.689038038253784,0.0816414383616586,PBPF,cracker_scene1,20,old
636,2.6931722164154053,0.0816414383616586,PBPF,cracker_scene1,20,old
637,2.6973111629486084,0.0816414383616586,PBPF,cracker_scene1,20,old
638,2.701800346374512,0.0817142074641406,PBPF,cracker_scene1,20,old
639,2.705986976623535,0.0817142074641406,PBPF,cracker_scene1,20,old
640,2.710331678390503,0.0814901953598112,PBPF,cracker_scene1,20,old
641,2.7145087718963623,0.08146696464045941,PBPF,cracker_scene1,20,old
642,2.718707323074341,0.08146696464045941,PBPF,cracker_scene1,20,old
643,2.722906827926636,0.08175736877607359,PBPF,cracker_scene1,20,old
644,2.72709059715271,0.08175736877607359,PBPF,cracker_scene1,20,old
645,2.731372117996216,0.0818047695794782,PBPF,cracker_scene1,20,old
646,2.735812902450561,0.0816547944912103,PBPF,cracker_scene1,20,old
647,2.739992618560791,0.081652423588173,PBPF,cracker_scene1,20,old
648,2.744179010391236,0.081652423588173,PBPF,cracker_scene1,20,old
649,2.7485995292663574,0.08149343115560839,PBPF,cracker_scene1,20,old
650,2.7528579235076904,0.0814950493073108,PBPF,cracker_scene1,20,old
651,2.757131338119507,0.0816891433890192,PBPF,cracker_scene1,20,old
652,2.761191844940185,0.0816891433890192,PBPF,cracker_scene1,20,old
653,2.765420436859131,0.0816631326762286,PBPF,cracker_scene1,20,old
654,2.769548177719116,0.0816631326762286,PBPF,cracker_scene1,20,old
655,2.773874282836914,0.0816999012979075,PBPF,cracker_scene1,20,old
656,2.778014659881592,0.0816999012979075,PBPF,cracker_scene1,20,old
657,2.782330274581909,0.081728101538597,PBPF,cracker_scene1,20,old
658,2.786488771438598,0.081728101538597,PBPF,cracker_scene1,20,old
659,2.790865659713745,0.0817400469515061,PBPF,cracker_scene1,20,old
660,2.795121908187866,0.0817400469515061,PBPF,cracker_scene1,20,old
661,2.799479722976685,0.08173839204814931,PBPF,cracker_scene1,20,old
662,2.803642988204956,0.08173839204814931,PBPF,cracker_scene1,20,old
663,2.8082385063171387,0.08181730221537639,PBPF,cracker_scene1,20,old
664,2.812448263168335,0.08181730221537639,PBPF,cracker_scene1,20,old
665,2.816823959350586,0.0818403237527492,PBPF,cracker_scene1,20,old
666,2.82080626487732,0.0818414461806477,PBPF,cracker_scene1,20,old
667,2.824826002120972,0.08188904801597241,PBPF,cracker_scene1,20,old
668,2.829092741012573,0.08188904801597241,PBPF,cracker_scene1,20,old
669,2.833296775817871,0.08188904801597241,PBPF,cracker_scene1,20,old
670,2.837656021118164,0.0818614797120559,PBPF,cracker_scene1,20,old
671,2.841728925704956,0.0818614797120559,PBPF,cracker_scene1,20,old
672,2.845943689346313,0.08197042312725761,PBPF,cracker_scene1,20,old
673,2.8501484394073486,0.08197042312725761,PBPF,cracker_scene1,20,old
674,2.8544411659240723,0.0819555184215031,PBPF,cracker_scene1,20,old
675,2.858590841293335,0.0819555184215031,PBPF,cracker_scene1,20,old
676,2.8630642890930176,0.0817417472447941,PBPF,cracker_scene1,20,old
677,2.867223024368286,0.0817417472447941,PBPF,cracker_scene1,20,old
678,2.871480941772461,0.0817417472447941,PBPF,cracker_scene1,20,old
679,2.875878095626831,0.0817417472447941,PBPF,cracker_scene1,20,old
680,2.880145788192749,0.0818087078841256,PBPF,cracker_scene1,20,old
681,2.8843624591827397,0.08184211437402081,PBPF,cracker_scene1,20,old
682,2.888499021530152,0.08184211437402081,PBPF,cracker_scene1,20,old
683,2.8923757076263428,0.08184211437402081,PBPF,cracker_scene1,20,old
684,2.896653890609741,0.08124186231719241,PBPF,cracker_scene1,20,old
685,2.9010493755340576,0.0812759302876071,PBPF,cracker_scene1,20,old
686,2.905303239822388,0.0813920050760096,PBPF,cracker_scene1,20,old
687,2.909393310546875,0.0813920050760096,PBPF,cracker_scene1,20,old
688,2.913473129272461,0.0813267443118975,PBPF,cracker_scene1,20,old
689,2.9175868034362797,0.0813267443118975,PBPF,cracker_scene1,20,old
690,2.9215235710144043,0.0811882165026073,PBPF,cracker_scene1,20,old
691,2.925579786300659,0.0811882165026073,PBPF,cracker_scene1,20,old
692,2.9295787811279297,0.0811882165026073,PBPF,cracker_scene1,20,old
693,2.9337124824523926,0.0811861960900056,PBPF,cracker_scene1,20,old
694,2.9379467964172363,0.0811861960900056,PBPF,cracker_scene1,20,old
695,2.9417717456817627,0.0811861960900056,PBPF,cracker_scene1,20,old
696,2.9460811614990234,0.0811894534975105,PBPF,cracker_scene1,20,old
697,2.9501638412475586,0.0811894534975105,PBPF,cracker_scene1,20,old
698,2.9543139934539795,0.08119448620933001,PBPF,cracker_scene1,20,old
699,2.9582319259643555,0.08119448620933001,PBPF,cracker_scene1,20,old
700,2.962385416030884,0.08117295609707109,PBPF,cracker_scene1,20,old
701,2.966395139694214,0.08117295609707109,PBPF,cracker_scene1,20,old
702,2.970447301864624,0.08117295609707109,PBPF,cracker_scene1,20,old
703,2.974560499191284,0.081177847773231,PBPF,cracker_scene1,20,old
704,2.9785735607147217,0.081177847773231,PBPF,cracker_scene1,20,old
705,2.982654094696045,0.081177847773231,PBPF,cracker_scene1,20,old
706,2.9869189262390137,0.0811874504070122,PBPF,cracker_scene1,20,old
707,2.991225481033325,0.0813556143469609,PBPF,cracker_scene1,20,old
708,2.9954349994659424,0.08135456955002021,PBPF,cracker_scene1,20,old
709,2.9997975826263428,0.0813465846810866,PBPF,cracker_scene1,20,old
710,3.004125595092773,0.08134711289555141,PBPF,cracker_scene1,20,old
711,3.00838565826416,0.0813699793400838,PBPF,cracker_scene1,20,old
712,3.012593984603882,0.08139399635276101,PBPF,cracker_scene1,20,old
713,3.0168333053588867,0.0814199906028243,PBPF,cracker_scene1,20,old
714,3.0209059715271,0.0814199906028243,PBPF,cracker_scene1,20,old
715,3.025148630142212,0.081414461378378,PBPF,cracker_scene1,20,old
716,3.029191017150879,0.081414461378378,PBPF,cracker_scene1,20,old
717,3.033299446105957,0.08141956537277531,PBPF,cracker_scene1,20,old
718,3.0374372005462646,0.08141956537277531,PBPF,cracker_scene1,20,old
719,3.041672945022583,0.0814423852728182,PBPF,cracker_scene1,20,old
720,3.045577049255371,0.0814423852728182,PBPF,cracker_scene1,20,old
721,3.0498156547546387,0.0814406747736465,PBPF,cracker_scene1,20,old
722,3.0539708137512207,0.0814406747736465,PBPF,cracker_scene1,20,old
723,3.058438301086426,0.0850144561774071,PBPF,cracker_scene1,20,old
724,3.062283515930176,0.0850144561774071,PBPF,cracker_scene1,20,old
725,3.0663983821868896,0.0849887858299408,PBPF,cracker_scene1,20,old
726,3.0705385208129883,0.0849887858299408,PBPF,cracker_scene1,20,old
727,3.074695348739624,0.0849673716048856,PBPF,cracker_scene1,20,old
728,3.078662395477295,0.0849673716048856,PBPF,cracker_scene1,20,old
729,3.0828490257263184,0.0849653502166943,PBPF,cracker_scene1,20,old
730,3.0867741107940674,0.0849653502166943,PBPF,cracker_scene1,20,old
731,3.090894937515259,0.0849534728718682,PBPF,cracker_scene1,20,old
732,3.094809532165528,0.0849534728718682,PBPF,cracker_scene1,20,old
733,3.098965644836426,0.0849394236134518,PBPF,cracker_scene1,20,old
734,3.103107690811157,0.0849394236134518,PBPF,cracker_scene1,20,old
735,3.107154130935669,0.0849417952053771,PBPF,cracker_scene1,20,old
736,3.1109585762023926,0.0849417952053771,PBPF,cracker_scene1,20,old
737,3.114985704421997,0.0849583484109141,PBPF,cracker_scene1,20,old
738,3.1188461780548096,0.0849583484109141,PBPF,cracker_scene1,20,old
739,3.122844696044922,0.0849587848775164,PBPF,cracker_scene1,20,old
740,3.126727104187012,0.0849587848775164,PBPF,cracker_scene1,20,old
741,3.13069748878479,0.0849556323299423,PBPF,cracker_scene1,20,old
742,3.1349899768829346,0.0849556323299423,PBPF,cracker_scene1,20,old
743,3.139227867126465,0.0849556323299423,PBPF,cracker_scene1,20,old
744,3.143383502960205,0.08494426956447809,PBPF,cracker_scene1,20,old
745,3.147382497787476,0.08497812316369929,PBPF,cracker_scene1,20,old
746,3.151684284210205,0.08497812316369929,PBPF,cracker_scene1,20,old
747,3.1557159423828125,0.0849783309117893,PBPF,cracker_scene1,20,old
748,3.1598384380340576,0.0849783309117893,PBPF,cracker_scene1,20,old
749,3.1637673377990723,0.0849318065672207,PBPF,cracker_scene1,20,old
750,3.167920589447021,0.0849318065672207,PBPF,cracker_scene1,20,old
751,3.172041893005371,0.08497488683078311,PBPF,cracker_scene1,20,old
752,3.176146507263184,0.08497488683078311,PBPF,cracker_scene1,20,old
753,3.180126428604126,0.08497488683078311,PBPF,cracker_scene1,20,old
754,3.1843087673187256,0.0849590216899117,PBPF,cracker_scene1,20,old
755,3.188282966613769,0.0849590216899117,PBPF,cracker_scene1,20,old
756,3.192537784576416,0.0849262005280085,PBPF,cracker_scene1,20,old
757,3.196387767791748,0.0849262005280085,PBPF,cracker_scene1,20,old
758,3.2006425857543945,0.08498452085721481,PBPF,cracker_scene1,20,old
759,3.204770565032959,0.08498452085721481,PBPF,cracker_scene1,20,old
760,3.209025621414185,0.0849901212379591,PBPF,cracker_scene1,20,old
761,3.213095426559448,0.0849901212379591,PBPF,cracker_scene1,20,old
762,3.2173805236816406,0.0849682090153765,PBPF,cracker_scene1,20,old
763,3.221374273300171,0.0849682090153765,PBPF,cracker_scene1,20,old
764,3.225473403930664,0.0849819682859434,PBPF,cracker_scene1,20,old
765,3.229421377182007,0.0849819682859434,PBPF,cracker_scene1,20,old
766,3.2334096431732178,0.0849681064977011,PBPF,cracker_scene1,20,old
767,3.2376270294189453,0.0849744164931492,PBPF,cracker_scene1,20,old
768,3.2416532039642334,0.0849744164931492,PBPF,cracker_scene1,20,old
769,3.2458951473236084,0.084974919254444,PBPF,cracker_scene1,20,old
770,3.24988055229187,0.084974919254444,PBPF,cracker_scene1,20,old
771,3.2544102668762207,0.0849558004351315,PBPF,cracker_scene1,20,old
772,3.258918523788452,0.0849558004351315,PBPF,cracker_scene1,20,old
773,3.2632761001586914,0.0849558004351315,PBPF,cracker_scene1,20,old
774,3.267851591110229,0.0849734526961956,PBPF,cracker_scene1,20,old
775,3.272010564804077,0.0849731729972161,PBPF,cracker_scene1,20,old
776,3.276451587677002,0.0849731729972161,PBPF,cracker_scene1,20,old
777,3.2807130813598637,0.0849773623488424,PBPF,cracker_scene1,20,old
778,3.2852556705474854,0.0849773623488424,PBPF,cracker_scene1,20,old
779,3.289724111557007,0.0849628080595521,PBPF,cracker_scene1,20,old
780,3.294327974319458,0.08497341418892371,PBPF,cracker_scene1,20,old
781,3.2984073162078857,0.08497341418892371,PBPF,cracker_scene1,20,old
782,3.302940607070923,0.0849783816712074,PBPF,cracker_scene1,20,old
783,3.307003259658813,0.0849783816712074,PBPF,cracker_scene1,20,old
784,3.311119556427002,0.0849797917254196,PBPF,cracker_scene1,20,old
785,3.315276861190796,0.0849652056943523,PBPF,cracker_scene1,20,old
786,3.3193435668945312,0.0849728409593038,PBPF,cracker_scene1,20,old
787,3.3235347270965576,0.08497489135837691,PBPF,cracker_scene1,20,old
788,3.3274588584899902,0.08497489135837691,PBPF,cracker_scene1,20,old
789,3.331629037857056,0.0849687295567204,PBPF,cracker_scene1,20,old
790,3.3356940746307373,0.0849687295567204,PBPF,cracker_scene1,20,old
791,3.339904546737671,0.0849667233479818,PBPF,cracker_scene1,20,old
792,3.344153881072998,0.0849667233479818,PBPF,cracker_scene1,20,old
793,3.3480489253997803,0.0849667233479818,PBPF,cracker_scene1,20,old
794,3.3519163131713867,0.0849667233479818,PBPF,cracker_scene1,20,old
795,3.356137990951538,0.08496993463019831,PBPF,cracker_scene1,20,old
796,3.360693454742432,0.0849577867541014,PBPF,cracker_scene1,20,old
797,3.364984035491944,0.0849577867541014,PBPF,cracker_scene1,20,old
798,3.369285821914673,0.0849781740040139,PBPF,cracker_scene1,20,old
799,3.373413324356079,0.0849781740040139,PBPF,cracker_scene1,20,old
800,3.3776001930236816,0.0849710093982485,PBPF,cracker_scene1,20,old
801,3.38166618347168,0.0849710093982485,PBPF,cracker_scene1,20,old
802,3.3857786655426025,0.0849710093982485,PBPF,cracker_scene1,20,old
803,3.3902204036712646,0.0849649320473157,PBPF,cracker_scene1,20,old
804,3.394629716873169,0.0849773779806976,PBPF,cracker_scene1,20,old
805,3.399279356002808,0.0849712428086804,PBPF,cracker_scene1,20,old
806,3.4036200046539307,0.08497230089799,PBPF,cracker_scene1,20,old
807,3.407946348190308,0.0849608101509716,PBPF,cracker_scene1,20,old
808,3.4119298458099365,0.0849608101509716,PBPF,cracker_scene1,20,old
809,3.416074514389038,0.0849700126360121,PBPF,cracker_scene1,20,old
810,3.4200804233551025,0.0849700126360121,PBPF,cracker_scene1,20,old
811,3.4243106842041016,0.0849776356577351,PBPF,cracker_scene1,20,old
812,3.428492307662964,0.0849776356577351,PBPF,cracker_scene1,20,old
813,3.4326088428497314,0.0849665396341508,PBPF,cracker_scene1,20,old
814,3.436697483062744,0.0849665396341508,PBPF,cracker_scene1,20,old
815,3.440882444381714,0.0849658283899946,PBPF,cracker_scene1,20,old
816,3.444844961166382,0.0849658283899946,PBPF,cracker_scene1,20,old
817,3.44907021522522,0.08495121876892711,PBPF,cracker_scene1,20,old
818,3.453091859817505,0.08495121876892711,PBPF,cracker_scene1,20,old
819,3.457260608673096,0.0849567390452033,PBPF,cracker_scene1,20,old
820,3.461299180984497,0.0849567390452033,PBPF,cracker_scene1,20,old
821,3.4654598236083984,0.0849559486653441,PBPF,cracker_scene1,20,old
822,3.469752788543701,0.0849559486653441,PBPF,cracker_scene1,20,old
823,3.4740471839904785,0.0849496256933331,PBPF,cracker_scene1,20,old
824,3.478035926818848,0.0849496256933331,PBPF,cracker_scene1,20,old
825,3.482263326644897,0.08496969061641471,PBPF,cracker_scene1,20,old
826,3.48629093170166,0.08496969061641471,PBPF,cracker_scene1,20,old
827,3.4913432598114014,0.0849566582350301,PBPF,cracker_scene1,20,old
828,3.4954404830932617,0.0849566582350301,PBPF,cracker_scene1,20,old
829,3.499846935272217,0.0849681386809367,PBPF,cracker_scene1,20,old
830,3.5039496421813965,0.0849681386809367,PBPF,cracker_scene1,20,old
831,3.508248805999756,0.0849650731636776,PBPF,cracker_scene1,20,old
832,3.512258291244507,0.0849650731636776,PBPF,cracker_scene1,20,old
833,3.5164806842803955,0.0849646263422042,PBPF,cracker_scene1,20,old
834,3.5206427574157715,0.0849646263422042,PBPF,cracker_scene1,20,old
835,3.524958372116089,0.08495677158475251,PBPF,cracker_scene1,20,old
836,3.528984785079956,0.08495677158475251,PBPF,cracker_scene1,20,old
837,3.5332157611846924,0.0849698119024794,PBPF,cracker_scene1,20,old
838,3.5373363494873047,0.0849698119024794,PBPF,cracker_scene1,20,old
839,3.5423121452331543,0.08496617047731181,PBPF,cracker_scene1,20,old
840,3.5482659339904785,0.0849692726547028,PBPF,cracker_scene1,20,old
841,3.5525527000427246,0.0849692726547028,PBPF,cracker_scene1,20,old
842,3.5566775798797607,0.0849700283014855,PBPF,cracker_scene1,20,old
843,3.56093692779541,0.0849700283014855,PBPF,cracker_scene1,20,old
844,3.5651512145996094,0.0849585208235881,PBPF,cracker_scene1,20,old
845,3.5695629119873047,0.0849585208235881,PBPF,cracker_scene1,20,old
846,3.573702573776245,0.0849738501763368,PBPF,cracker_scene1,20,old
847,3.577597141265869,0.0849738501763368,PBPF,cracker_scene1,20,old
848,3.5818638801574707,0.0849797537660239,PBPF,cracker_scene1,20,old
849,3.585721969604492,0.0849797537660239,PBPF,cracker_scene1,20,old
850,3.5899503231048584,0.084960894777521,PBPF,cracker_scene1,20,old
851,3.5938310623168945,0.084960894777521,PBPF,cracker_scene1,20,old
852,3.5980169773101807,0.08499241090904999,PBPF,cracker_scene1,20,old
853,3.602574110031128,0.08499241090904999,PBPF,cracker_scene1,20,old
854,3.6067593097686768,0.0849928266883446,PBPF,cracker_scene1,20,old
855,3.6109485626220703,0.0849928266883446,PBPF,cracker_scene1,20,old
856,3.615234136581421,0.08499224060478741,PBPF,cracker_scene1,20,old
857,3.619282960891724,0.08499224060478741,PBPF,cracker_scene1,20,old
858,3.623475790023804,0.0849666480129526,PBPF,cracker_scene1,20,old
859,3.627603054046631,0.0849666480129526,PBPF,cracker_scene1,20,old
860,3.631908178329468,0.084926654718343,PBPF,cracker_scene1,20,old
861,3.636093854904175,0.084926654718343,PBPF,cracker_scene1,20,old
862,3.6403884887695312,0.08492423462715029,PBPF,cracker_scene1,20,old
863,3.644496202468872,0.08492423462715029,PBPF,cracker_scene1,20,old
864,3.648736953735352,0.0849650192901601,PBPF,cracker_scene1,20,old
865,3.652859926223755,0.0849650192901601,PBPF,cracker_scene1,20,old
866,3.657146453857422,0.0849494874584024,PBPF,cracker_scene1,20,old
867,3.661370515823364,0.0849494874584024,PBPF,cracker_scene1,20,old
868,3.665574550628662,0.0849153688400685,PBPF,cracker_scene1,20,old
869,3.669848918914795,0.0849153688400685,PBPF,cracker_scene1,20,old
870,3.6741998195648193,0.0849070069776548,PBPF,cracker_scene1,20,old
871,3.678289651870728,0.0849070069776548,PBPF,cracker_scene1,20,old
872,3.682741403579712,0.0848966081857021,PBPF,cracker_scene1,20,old
873,3.6866631507873535,0.0848966081857021,PBPF,cracker_scene1,20,old
874,3.6911871433258057,0.0851588503672908,PBPF,cracker_scene1,20,old
875,3.695298194885254,0.0851588503672908,PBPF,cracker_scene1,20,old
876,3.699591398239136,0.0851193307803917,PBPF,cracker_scene1,20,old
877,3.703675985336304,0.0851193307803917,PBPF,cracker_scene1,20,old
878,3.708006858825684,0.08513862693429469,PBPF,cracker_scene1,20,old
879,3.711979150772095,0.08513862693429469,PBPF,cracker_scene1,20,old
880,3.716230154037476,0.0851181265099083,PBPF,cracker_scene1,20,old
881,3.7203128337860103,0.0851181265099083,PBPF,cracker_scene1,20,old
882,3.7248034477233887,0.0850621394500963,PBPF,cracker_scene1,20,old
883,3.728790521621704,0.0850621394500963,PBPF,cracker_scene1,20,old
884,3.73308539390564,0.08502952286503751,PBPF,cracker_scene1,20,old
885,3.7371346950531006,0.08502952286503751,PBPF,cracker_scene1,20,old
886,3.74152946472168,0.08499668490425391,PBPF,cracker_scene1,20,old
887,3.745523691177368,0.08499668490425391,PBPF,cracker_scene1,20,old
888,3.749822854995728,0.0849458159414138,PBPF,cracker_scene1,20,old
889,3.753841161727905,0.0849458159414138,PBPF,cracker_scene1,20,old
890,3.758212089538574,0.0849105857613357,PBPF,cracker_scene1,20,old
891,3.762507438659668,0.0849105857613357,PBPF,cracker_scene1,20,old
892,3.766922235488892,0.08492155168470611,PBPF,cracker_scene1,20,old
893,3.771235704421997,0.08492155168470611,PBPF,cracker_scene1,20,old
894,3.775542497634888,0.0848768743315218,PBPF,cracker_scene1,20,old
895,3.7795608043670654,0.0848768743315218,PBPF,cracker_scene1,20,old
896,3.78364896774292,0.08483611065545099,PBPF,cracker_scene1,20,old
897,3.787575721740722,0.08483611065545099,PBPF,cracker_scene1,20,old
898,3.7916414737701416,0.0848375348872889,PBPF,cracker_scene1,20,old
899,3.795525074005127,0.0848375348872889,PBPF,cracker_scene1,20,old
900,3.8000738620758057,0.08481039492995271,PBPF,cracker_scene1,20,old
901,3.8043289184570312,0.08481039492995271,PBPF,cracker_scene1,20,old
902,3.8086068630218506,0.0848060898518335,PBPF,cracker_scene1,20,old
903,3.8130087852478023,0.08478799130905451,PBPF,cracker_scene1,20,old
904,3.8173184394836426,0.0847845548489,PBPF,cracker_scene1,20,old
905,3.8213183879852295,0.0847845548489,PBPF,cracker_scene1,20,old
906,3.825644254684448,0.08477504571113481,PBPF,cracker_scene1,20,old
907,3.829712867736816,0.08479267698364079,PBPF,cracker_scene1,20,old
908,3.8342909812927246,0.08476218503430069,PBPF,cracker_scene1,20,old
909,3.838263988494873,0.08476218503430069,PBPF,cracker_scene1,20,old
910,3.8426380157470703,0.0847190598923748,PBPF,cracker_scene1,20,old
911,3.84663987159729,0.0847190598923748,PBPF,cracker_scene1,20,old
912,3.851109027862549,0.0847195941821435,PBPF,cracker_scene1,20,old
913,3.855304956436157,0.0846094910414289,PBPF,cracker_scene1,20,old
914,3.8594698905944815,0.0846094910414289,PBPF,cracker_scene1,20,old
915,3.863502979278565,0.0846100980635503,PBPF,cracker_scene1,20,old
916,3.867779731750488,0.0845788918844046,PBPF,cracker_scene1,20,old
917,3.8718466758728023,0.0845788918844046,PBPF,cracker_scene1,20,old
918,3.876049518585205,0.08463743179148281,PBPF,cracker_scene1,20,old
919,3.880185127258301,0.0846365522101558,PBPF,cracker_scene1,20,old
920,3.8843376636505127,0.0845972242447804,PBPF,cracker_scene1,20,old
921,3.888418197631836,0.0845972242447804,PBPF,cracker_scene1,20,old
922,3.892677307128906,0.0845477819666717,PBPF,cracker_scene1,20,old
923,3.896634578704834,0.08454676283687859,PBPF,cracker_scene1,20,old
924,3.900994300842285,0.0845192924633105,PBPF,cracker_scene1,20,old
925,3.904855728149414,0.0845192924633105,PBPF,cracker_scene1,20,old
926,3.909090518951416,0.0845025822553295,PBPF,cracker_scene1,20,old
927,3.913066864013672,0.0845025822553295,PBPF,cracker_scene1,20,old
928,3.917346477508545,0.0844894255249829,PBPF,cracker_scene1,20,old
929,3.9213130474090576,0.0844894255249829,PBPF,cracker_scene1,20,old
930,3.925786256790161,0.0844275764366984,PBPF,cracker_scene1,20,old
931,3.92983627319336,0.0844650732368735,PBPF,cracker_scene1,20,old
932,3.93410587310791,0.0844739514362507,PBPF,cracker_scene1,20,old
933,3.9380927085876474,0.0844739514362507,PBPF,cracker_scene1,20,old
934,3.942415475845337,0.084433887779902,PBPF,cracker_scene1,20,old
935,3.946460008621216,0.08443372169740179,PBPF,cracker_scene1,20,old
936,3.950654983520508,0.0844022896065307,PBPF,cracker_scene1,20,old
937,3.9545185565948486,0.0844022896065307,PBPF,cracker_scene1,20,old
938,3.9588894844055176,0.0844081240243565,PBPF,cracker_scene1,20,old
939,3.9628031253814697,0.0844081240243565,PBPF,cracker_scene1,20,old
940,3.967307090759277,0.0843598307045744,PBPF,cracker_scene1,20,old
941,3.971346855163574,0.0843598307045744,PBPF,cracker_scene1,20,old
942,3.975631713867188,0.0843221989411483,PBPF,cracker_scene1,20,old
943,3.979683160781861,0.0843221989411483,PBPF,cracker_scene1,20,old
944,3.984124422073364,0.0842891861111754,PBPF,cracker_scene1,20,old
945,3.988079786300659,0.0842891861111754,PBPF,cracker_scene1,20,old
946,3.9924240112304688,0.08434496332731639,PBPF,cracker_scene1,20,old
947,3.99635648727417,0.08434496332731639,PBPF,cracker_scene1,20,old
948,4.000930309295654,0.084330387780221,PBPF,cracker_scene1,20,old
949,4.005124092102051,0.0843265393754051,PBPF,cracker_scene1,20,old
950,4.00908899307251,0.0843265393754051,PBPF,cracker_scene1,20,old
951,4.013364315032959,0.08343954628818889,PBPF,cracker_scene1,20,old
952,4.01739239692688,0.0834235483809583,PBPF,cracker_scene1,20,old
953,4.021359205245972,0.0834235483809583,PBPF,cracker_scene1,20,old
954,4.025310277938843,0.0833684776298681,PBPF,cracker_scene1,20,old
955,4.029111623764038,0.0833684776298681,PBPF,cracker_scene1,20,old
956,4.033384799957275,0.0834168095150346,PBPF,cracker_scene1,20,old
957,4.037668943405151,0.0834168095150346,PBPF,cracker_scene1,20,old
958,4.0421462059021,0.0833733015629815,PBPF,cracker_scene1,20,old
959,4.046221256256104,0.0833733015629815,PBPF,cracker_scene1,20,old
960,4.050432443618774,0.0832959432638628,PBPF,cracker_scene1,20,old
961,4.054605007171631,0.0832959432638628,PBPF,cracker_scene1,20,old
962,4.0588014125823975,0.08324792446659471,PBPF,cracker_scene1,20,old
963,4.062934875488281,0.08324792446659471,PBPF,cracker_scene1,20,old
964,4.067131757736206,0.0832153439230329,PBPF,cracker_scene1,20,old
965,4.071259498596191,0.0832153439230329,PBPF,cracker_scene1,20,old
966,4.075599431991577,0.0831986527212949,PBPF,cracker_scene1,20,old
967,4.079625844955444,0.0831986527212949,PBPF,cracker_scene1,20,old
968,4.08409857749939,0.0832009231624668,PBPF,cracker_scene1,20,old
969,4.088184595108032,0.0832009231624668,PBPF,cracker_scene1,20,old
970,4.092456340789795,0.083200868864619,PBPF,cracker_scene1,20,old
971,4.096549987792969,0.083200868864619,PBPF,cracker_scene1,20,old
972,4.100802898406982,0.0831774804893344,PBPF,cracker_scene1,20,old
973,4.105002880096436,0.0831774804893344,PBPF,cracker_scene1,20,old
974,4.109147548675537,0.083168179150446,PBPF,cracker_scene1,20,old
975,4.113358497619629,0.083168179150446,PBPF,cracker_scene1,20,old
976,4.117573261260986,0.0831304159855715,PBPF,cracker_scene1,20,old
977,4.121626853942871,0.0831304159855715,PBPF,cracker_scene1,20,old
978,4.125784397125244,0.0831304159855715,PBPF,cracker_scene1,20,old
979,4.129948139190674,0.083127626094293,PBPF,cracker_scene1,20,old
980,4.134000778198242,0.083127626094293,PBPF,cracker_scene1,20,old
981,4.1383137702941895,0.0831208369135989,PBPF,cracker_scene1,20,old
982,4.142559766769409,0.0831208369135989,PBPF,cracker_scene1,20,old
983,4.146762371063232,0.0831318639910998,PBPF,cracker_scene1,20,old
984,4.150928020477295,0.0831318639910998,PBPF,cracker_scene1,20,old
985,4.155131340026856,0.0831318639910998,PBPF,cracker_scene1,20,old
986,4.15933632850647,0.0830725892228384,PBPF,cracker_scene1,20,old
987,4.163578748703003,0.0830725892228384,PBPF,cracker_scene1,20,old
988,4.167604207992554,0.0830725892228384,PBPF,cracker_scene1,20,old
989,4.172095060348511,0.08306381372276661,PBPF,cracker_scene1,20,old
990,4.176429748535156,0.08264054500779369,PBPF,cracker_scene1,20,old
991,4.180517673492432,0.0826219319843571,PBPF,cracker_scene1,20,old
992,4.184508800506592,0.0826219319843571,PBPF,cracker_scene1,20,old
993,4.188675403594971,0.08262311013681861,PBPF,cracker_scene1,20,old
994,4.193027257919312,0.08266393481431561,PBPF,cracker_scene1,20,old
995,4.197416543960571,0.08266393481431561,PBPF,cracker_scene1,20,old
996,4.201881170272827,0.0826384328503703,PBPF,cracker_scene1,20,old
997,4.206554651260376,0.0825824259955424,PBPF,cracker_scene1,20,old
998,4.210770130157471,0.0825824259955424,PBPF,cracker_scene1,20,old
999,4.215063571929932,0.0824902331633929,PBPF,cracker_scene1,20,old
1000,4.219158887863159,0.0824902331633929,PBPF,cracker_scene1,20,old
1001,4.223369359970093,0.0824729954706152,PBPF,cracker_scene1,20,old
1002,4.227514982223511,0.0824729954706152,PBPF,cracker_scene1,20,old
1003,4.231743097305298,0.0824297446280721,PBPF,cracker_scene1,20,old
1004,4.235995054244995,0.0824297446280721,PBPF,cracker_scene1,20,old
1005,4.240478038787842,0.0824130353715779,PBPF,cracker_scene1,20,old
1006,4.244501352310181,0.0824130353715779,PBPF,cracker_scene1,20,old
1007,4.248717784881592,0.08242997506746799,PBPF,cracker_scene1,20,old
1008,4.25284218788147,0.08242997506746799,PBPF,cracker_scene1,20,old
1009,4.257123947143555,0.0824174198165179,PBPF,cracker_scene1,20,old
1010,4.261261940002441,0.0824174198165179,PBPF,cracker_scene1,20,old
1011,4.265636682510376,0.0824003355090692,PBPF,cracker_scene1,20,old
1012,4.269895792007446,0.0824003355090692,PBPF,cracker_scene1,20,old
1013,4.274219989776611,0.082426595499174,PBPF,cracker_scene1,20,old
1014,4.278279066085815,0.082426595499174,PBPF,cracker_scene1,20,old
1015,4.282570123672485,0.08243162347522359,PBPF,cracker_scene1,20,old
1016,4.286623001098633,0.08243162347522359,PBPF,cracker_scene1,20,old
1017,4.290963649749756,0.0823967495522165,PBPF,cracker_scene1,20,old
1018,4.294967889785767,0.0823967495522165,PBPF,cracker_scene1,20,old
1019,4.299359560012817,0.08237825552628461,PBPF,cracker_scene1,20,old
1020,4.303571462631226,0.08237825552628461,PBPF,cracker_scene1,20,old
1021,4.308000087738037,0.08241051962773399,PBPF,cracker_scene1,20,old
1022,4.311911344528198,0.08241051962773399,PBPF,cracker_scene1,20,old
1023,4.316327810287476,0.08245422495838681,PBPF,cracker_scene1,20,old
1024,4.320199489593506,0.08245422495838681,PBPF,cracker_scene1,20,old
1025,4.32467532157898,0.08249893463194641,PBPF,cracker_scene1,20,old
1026,4.328513860702515,0.08249893463194641,PBPF,cracker_scene1,20,old
1027,4.332988262176514,0.0821213981179098,PBPF,cracker_scene1,20,old
1028,4.337018251419067,0.0821213981179098,PBPF,cracker_scene1,20,old
1029,4.341159820556641,0.082102517055691,PBPF,cracker_scene1,20,old
1030,4.345260620117188,0.082102517055691,PBPF,cracker_scene1,20,old
1031,4.34954047203064,0.0820991701023135,PBPF,cracker_scene1,20,old
1032,4.353529453277588,0.0820991701023135,PBPF,cracker_scene1,20,old
1033,4.357717275619507,0.0821259000030245,PBPF,cracker_scene1,20,old
1034,4.3616673946380615,0.0821259000030245,PBPF,cracker_scene1,20,old
1035,4.365850210189819,0.08216154197077591,PBPF,cracker_scene1,20,old
1036,4.369965553283691,0.08216154197077591,PBPF,cracker_scene1,20,old
1037,4.374087810516357,0.0821889348426118,PBPF,cracker_scene1,20,old
1038,4.378050088882446,0.0821889348426118,PBPF,cracker_scene1,20,old
1039,4.382130146026611,0.08221381622235291,PBPF,cracker_scene1,20,old
1040,4.386257886886597,0.08221381622235291,PBPF,cracker_scene1,20,old
1041,4.390418529510498,0.0822160085061156,PBPF,cracker_scene1,20,old
1042,4.394451379776001,0.0822160085061156,PBPF,cracker_scene1,20,old
1043,4.39852499961853,0.0822022958560549,PBPF,cracker_scene1,20,old
1044,4.402633905410767,0.0822022958560549,PBPF,cracker_scene1,20,old
1045,4.40681266784668,0.0821754025531364,PBPF,cracker_scene1,20,old
1046,4.410966634750366,0.0821754025531364,PBPF,cracker_scene1,20,old
1047,4.41521692276001,0.0821753060707396,PBPF,cracker_scene1,20,old
1048,4.419475317001343,0.08216756452714541,PBPF,cracker_scene1,20,old
1049,4.423671245574951,0.0821299317903801,PBPF,cracker_scene1,20,old
1050,4.4278435707092285,0.0821299317903801,PBPF,cracker_scene1,20,old
1051,4.431994199752808,0.0821203351354308,PBPF,cracker_scene1,20,old
1052,4.436858892440796,0.08210689694385159,PBPF,cracker_scene1,20,old
1053,4.441796779632568,0.08211536844409201,PBPF,cracker_scene1,20,old
1054,4.446298599243164,0.08211536844409201,PBPF,cracker_scene1,20,old
1055,4.450707674026489,0.0821318324824533,PBPF,cracker_scene1,20,old
1056,4.455017805099487,0.0821318324824533,PBPF,cracker_scene1,20,old
1057,4.459353923797607,0.08214050245846691,PBPF,cracker_scene1,20,old
1058,4.464170694351196,0.08214050245846691,PBPF,cracker_scene1,20,old
1059,4.469845771789551,0.0821526961947466,PBPF,cracker_scene1,20,old
1060,4.474572420120239,0.0821591364360773,PBPF,cracker_scene1,20,old
1061,4.479084491729736,0.082207163252243,PBPF,cracker_scene1,20,old
1062,4.483469009399414,0.08224773440737801,PBPF,cracker_scene1,20,old
1063,4.487873554229736,0.08224773440737801,PBPF,cracker_scene1,20,old
1064,4.492023468017578,0.08224773440737801,PBPF,cracker_scene1,20,old
1065,4.49642539024353,0.0823184005839046,PBPF,cracker_scene1,20,old
1066,4.50085186958313,0.08362982858596099,PBPF,cracker_scene1,20,old
1067,4.5050554275512695,0.0836182029991112,PBPF,cracker_scene1,20,old
1068,4.509225130081177,0.0836182029991112,PBPF,cracker_scene1,20,old
1069,4.51336407661438,0.0835939462193689,PBPF,cracker_scene1,20,old
1070,4.517486810684204,0.0835939462193689,PBPF,cracker_scene1,20,old
1071,4.521439552307129,0.0835939462193689,PBPF,cracker_scene1,20,old
1072,4.525706052780151,0.0835977242892646,PBPF,cracker_scene1,20,old
1073,4.5297698974609375,0.0835995370656432,PBPF,cracker_scene1,20,old
1074,4.533863544464111,0.0835995370656432,PBPF,cracker_scene1,20,old
1075,4.537934303283691,0.0835995370656432,PBPF,cracker_scene1,20,old
1076,4.542131423950195,0.08359020273715481,PBPF,cracker_scene1,20,old
1077,4.546340227127075,0.08359020273715481,PBPF,cracker_scene1,20,old
1078,4.550559043884277,0.08362488427799941,PBPF,cracker_scene1,20,old
1079,4.55458402633667,0.0836399053433373,PBPF,cracker_scene1,20,old
1080,4.558752298355103,0.08365595176957649,PBPF,cracker_scene1,20,old
1081,4.562731027603149,0.08365595176957649,PBPF,cracker_scene1,20,old
1082,4.566672801971436,0.08365595176957649,PBPF,cracker_scene1,20,old
1083,4.570944786071777,0.0837017017621551,PBPF,cracker_scene1,20,old
1084,4.575073719024658,0.0837312339323184,PBPF,cracker_scene1,20,old
1085,4.579160451889038,0.0837312339323184,PBPF,cracker_scene1,20,old
1086,4.583086490631104,0.0837312339323184,PBPF,cracker_scene1,20,old
1087,4.587511301040649,0.08373841926850051,PBPF,cracker_scene1,20,old
1088,4.592512607574463,0.08376071086398451,PBPF,cracker_scene1,20,old
1089,4.59858250617981,0.0837773648170703,PBPF,cracker_scene1,20,old
1090,4.604328632354736,0.0837842422527643,PBPF,cracker_scene1,20,old
1091,4.610063552856445,0.0838031036022306,PBPF,cracker_scene1,20,old
1092,4.615782260894775,0.0838161730673426,PBPF,cracker_scene1,20,old
1093,4.621377468109131,0.0838161730673426,PBPF,cracker_scene1,20,old
1094,4.626878499984741,0.0838346726621421,PBPF,cracker_scene1,20,old
1095,4.63106107711792,0.08383876421103101,PBPF,cracker_scene1,20,old
1096,4.635433912277222,0.08383876421103101,PBPF,cracker_scene1,20,old
1097,4.639566421508789,0.0838290179175322,PBPF,cracker_scene1,20,old
1098,4.643901824951172,0.0838520887488888,PBPF,cracker_scene1,20,old
1099,4.6480488777160645,0.0838520887488888,PBPF,cracker_scene1,20,old
1100,4.65241813659668,0.0838461549618328,PBPF,cracker_scene1,20,old
1101,4.656683921813965,0.0838312902653298,PBPF,cracker_scene1,20,old
1102,4.660937547683716,0.08449990576148239,PBPF,cracker_scene1,20,old
1103,4.665175676345825,0.0845473254059142,PBPF,cracker_scene1,20,old
1104,4.669546365737915,0.0845473254059142,PBPF,cracker_scene1,20,old
1105,4.6736228466033936,0.08470396794325441,PBPF,cracker_scene1,20,old
1106,4.677652359008789,0.08470396794325441,PBPF,cracker_scene1,20,old
1107,4.6818037033081055,0.08476648165355391,PBPF,cracker_scene1,20,old
1108,4.685911655426025,0.08476648165355391,PBPF,cracker_scene1,20,old
1109,4.690022468566895,0.0847473889624425,PBPF,cracker_scene1,20,old
1110,4.69389796257019,0.0847473889624425,PBPF,cracker_scene1,20,old
1111,4.698491096496582,0.08472552000165551,PBPF,cracker_scene1,20,old
1112,4.70322585105896,0.08472552000165551,PBPF,cracker_scene1,20,old
1113,4.7079758644104,0.08470500016546731,PBPF,cracker_scene1,20,old
1114,4.712381362915039,0.08470500016546731,PBPF,cracker_scene1,20,old
1115,4.717190504074097,0.08474308536584871,PBPF,cracker_scene1,20,old
1116,4.721473932266235,0.08474308536584871,PBPF,cracker_scene1,20,old
1117,4.726004123687744,0.0847512836500795,PBPF,cracker_scene1,20,old
1118,4.7306602001190186,0.08476505685222771,PBPF,cracker_scene1,20,old
1119,4.735522508621216,0.08476505685222771,PBPF,cracker_scene1,20,old
1120,4.740051984786987,0.08475732987007739,PBPF,cracker_scene1,20,old
1121,4.744593620300293,0.08475732987007739,PBPF,cracker_scene1,20,old
1122,4.749561548233032,0.08477009613993411,PBPF,cracker_scene1,20,old
1123,4.753902435302734,0.08477009613993411,PBPF,cracker_scene1,20,old
1124,4.75867772102356,0.0847113631775327,PBPF,cracker_scene1,20,old
1125,4.7630534172058105,0.0842981095076291,PBPF,cracker_scene1,20,old
1126,4.7679643630981445,0.0842601323349727,PBPF,cracker_scene1,20,old
1127,4.772569179534912,0.0842996075880791,PBPF,cracker_scene1,20,old
1128,4.777358293533325,0.0842996075880791,PBPF,cracker_scene1,20,old
1129,4.782033681869507,0.0843136956630377,PBPF,cracker_scene1,20,old
1130,4.786579847335815,0.0843136956630377,PBPF,cracker_scene1,20,old
1131,4.791189432144165,0.08432282505594141,PBPF,cracker_scene1,20,old
1132,4.795746088027954,0.08432282505594141,PBPF,cracker_scene1,20,old
1133,4.800569534301758,0.0843301479452793,PBPF,cracker_scene1,20,old
1134,4.805016994476318,0.0843301479452793,PBPF,cracker_scene1,20,old
1135,4.809702634811401,0.0843615260108451,PBPF,cracker_scene1,20,old
1136,4.814120769500732,0.08442315531593089,PBPF,cracker_scene1,20,old
1137,4.818843603134155,0.08555650475299831,PBPF,cracker_scene1,20,old
1138,4.823622465133667,0.08558265507550611,PBPF,cracker_scene1,20,old
1139,4.828237056732178,0.08558265507550611,PBPF,cracker_scene1,20,old
1140,4.8328940868377686,0.0855937580548899,PBPF,cracker_scene1,20,old
1141,4.83750057220459,0.0855937580548899,PBPF,cracker_scene1,20,old
1142,4.842147588729858,0.0855812688152719,PBPF,cracker_scene1,20,old
1143,4.84662938117981,0.0855812688152719,PBPF,cracker_scene1,20,old
1144,4.851292848587036,0.0855851023278615,PBPF,cracker_scene1,20,old
1145,4.8558220863342285,0.08558527205152511,PBPF,cracker_scene1,20,old
1146,4.860481023788452,0.08557323668364561,PBPF,cracker_scene1,20,old
1147,4.865112066268921,0.0855808167711983,PBPF,cracker_scene1,20,old
1148,4.869855880737305,0.0855808167711983,PBPF,cracker_scene1,20,old
1149,4.874540328979492,0.0855660422682668,PBPF,cracker_scene1,20,old
1150,4.878979444503784,0.0855660422682668,PBPF,cracker_scene1,20,old
1151,4.883670091629028,0.0855620477475432,PBPF,cracker_scene1,20,old
1152,4.888158321380615,0.0855620477475432,PBPF,cracker_scene1,20,old
1153,4.892849922180176,0.0855352771622894,PBPF,cracker_scene1,20,old
1154,4.897435426712036,0.0855216529341529,PBPF,cracker_scene1,20,old
1155,4.902279615402222,0.0855216529341529,PBPF,cracker_scene1,20,old
1156,4.906813859939575,0.0855410189330944,PBPF,cracker_scene1,20,old
1157,4.911111116409302,0.0855410189330944,PBPF,cracker_scene1,20,old
1158,4.91563868522644,0.08552760682476909,PBPF,cracker_scene1,20,old
1159,4.919985055923462,0.08552760682476909,PBPF,cracker_scene1,20,old
1160,4.924554347991943,0.0855469161485495,PBPF,cracker_scene1,20,old
1161,4.928947925567627,0.0855469161485495,PBPF,cracker_scene1,20,old
1162,4.9333815574646,0.08556294516083901,PBPF,cracker_scene1,20,old
1163,4.937829256057739,0.08556294516083901,PBPF,cracker_scene1,20,old
1164,4.942882537841797,0.0855906328846591,PBPF,cracker_scene1,20,old
1165,4.947400569915772,0.0856045694966988,PBPF,cracker_scene1,20,old
1166,4.952070474624634,0.0856045694966988,PBPF,cracker_scene1,20,old
1167,4.9566521644592285,0.08559250966439061,PBPF,cracker_scene1,20,old
1168,4.961257219314575,0.08559250966439061,PBPF,cracker_scene1,20,old
1169,4.965933084487915,0.0855502517136359,PBPF,cracker_scene1,20,old
1170,4.97061014175415,0.0855502517136359,PBPF,cracker_scene1,20,old
1171,4.9752278327941895,0.0855435713367013,PBPF,cracker_scene1,20,old
1172,4.9797961711883545,0.08554565094200811,PBPF,cracker_scene1,20,old
1173,4.9845733642578125,0.0852842456477099,PBPF,cracker_scene1,20,old
1174,4.989157199859619,0.08528722561535809,PBPF,cracker_scene1,20,old
1175,4.993741989135742,0.0852518652128664,PBPF,cracker_scene1,20,old
1176,4.998387575149536,0.0852649472546387,PBPF,cracker_scene1,20,old
1177,5.003151178359985,0.0852649472546387,PBPF,cracker_scene1,20,old
1178,5.00782036781311,0.0852494041740159,PBPF,cracker_scene1,20,old
1179,5.01208758354187,0.0852494041740159,PBPF,cracker_scene1,20,old
1180,5.016342878341675,0.0852177318477037,PBPF,cracker_scene1,20,old
1181,5.0205395221710205,0.0852177318477037,PBPF,cracker_scene1,20,old
1182,5.024913549423218,0.0852582168793034,PBPF,cracker_scene1,20,old
1183,5.0290303230285645,0.0852582168793034,PBPF,cracker_scene1,20,old
1184,5.033271312713623,0.08526558472141829,PBPF,cracker_scene1,20,old
1185,5.037516355514526,0.08526558472141829,PBPF,cracker_scene1,20,old
1186,5.04183554649353,0.0852726501884769,PBPF,cracker_scene1,20,old
1187,5.045827865600586,0.0852726501884769,PBPF,cracker_scene1,20,old
1188,5.050638675689697,0.0852478608958704,PBPF,cracker_scene1,20,old
1189,5.055013418197632,0.0852478608958704,PBPF,cracker_scene1,20,old
1190,5.05930233001709,0.085249250031005,PBPF,cracker_scene1,20,old
1191,5.063463926315308,0.0852484047974919,PBPF,cracker_scene1,20,old
1192,5.067899942398071,0.08524357612979319,PBPF,cracker_scene1,20,old
1193,5.071998357772827,0.08522177192843611,PBPF,cracker_scene1,20,old
1194,5.076230525970459,0.08527269174456109,PBPF,cracker_scene1,20,old
1195,5.080339431762695,0.085271328180485,PBPF,cracker_scene1,20,old
1196,5.084546804428101,0.085284814309926,PBPF,cracker_scene1,20,old
1197,5.088613986968994,0.085284814309926,PBPF,cracker_scene1,20,old
1198,5.093355655670166,0.0853372961570513,PBPF,cracker_scene1,20,old
1199,5.097960710525513,0.08534981375454351,PBPF,cracker_scene1,20,old
1200,5.102535963058472,0.08534981375454351,PBPF,cracker_scene1,20,old
1201,5.1070876121521,0.0853254925887955,PBPF,cracker_scene1,20,old
1202,5.111354112625122,0.0853254925887955,PBPF,cracker_scene1,20,old
1203,5.11561131477356,0.0853831196950684,PBPF,cracker_scene1,20,old
1204,5.1196372509002686,0.0853831196950684,PBPF,cracker_scene1,20,old
1205,5.123916387557983,0.0854198858474864,PBPF,cracker_scene1,20,old
1206,5.128072261810303,0.0854198858474864,PBPF,cracker_scene1,20,old
1207,5.132353067398071,0.08537670654434601,PBPF,cracker_scene1,20,old
1208,5.13670825958252,0.08537670654434601,PBPF,cracker_scene1,20,old
1209,5.141029357910156,0.0860614988058099,PBPF,cracker_scene1,20,old
1210,5.144949913024902,0.0860614988058099,PBPF,cracker_scene1,20,old
1211,5.149149417877197,0.0860666648031958,PBPF,cracker_scene1,20,old
1212,5.153102874755859,0.0860666648031958,PBPF,cracker_scene1,20,old
1213,5.157325267791748,0.08605836916150861,PBPF,cracker_scene1,20,old
1214,5.161254167556763,0.08605836916150861,PBPF,cracker_scene1,20,old
1215,5.165362596511841,0.0860311265878788,PBPF,cracker_scene1,20,old
1216,5.17000675201416,0.0860311265878788,PBPF,cracker_scene1,20,old
1217,5.174312114715576,0.0860192913973423,PBPF,cracker_scene1,20,old
1218,5.178490400314331,0.0860192913973423,PBPF,cracker_scene1,20,old
1219,5.1827614307403564,0.08598898503723221,PBPF,cracker_scene1,20,old
1220,5.186791658401489,0.08598898503723221,PBPF,cracker_scene1,20,old
1221,5.19116735458374,0.0859984580451287,PBPF,cracker_scene1,20,old
1222,5.195192575454712,0.0859984580451287,PBPF,cracker_scene1,20,old
1223,5.199453830718994,0.0860051458618158,PBPF,cracker_scene1,20,old
1224,5.203615427017212,0.0860051458618158,PBPF,cracker_scene1,20,old
1225,5.207909822463989,0.0860223416250251,PBPF,cracker_scene1,20,old
1226,5.212032079696655,0.0860223416250251,PBPF,cracker_scene1,20,old
1227,5.216443777084351,0.0860271063816207,PBPF,cracker_scene1,20,old
1228,5.220457315444946,0.0860271063816207,PBPF,cracker_scene1,20,old
1229,5.224738597869873,0.086047130452045,PBPF,cracker_scene1,20,old
1230,5.2289323806762695,0.086047130452045,PBPF,cracker_scene1,20,old
1231,5.233027458190918,0.086046849237937,PBPF,cracker_scene1,20,old
1232,5.237349271774292,0.0860683280438696,PBPF,cracker_scene1,20,old
1233,5.241510391235352,0.0860683280438696,PBPF,cracker_scene1,20,old
1234,5.2458789348602295,0.08603683663658421,PBPF,cracker_scene1,20,old
1235,5.250088691711426,0.08603683663658421,PBPF,cracker_scene1,20,old
1236,5.254126787185669,0.08603683663658421,PBPF,cracker_scene1,20,old
1237,5.258506536483765,0.086044349537168,PBPF,cracker_scene1,20,old
1238,5.26272177696228,0.086044349537168,PBPF,cracker_scene1,20,old
1239,5.267006874084473,0.0860349611375204,PBPF,cracker_scene1,20,old
1240,5.27161431312561,0.08600682806728249,PBPF,cracker_scene1,20,old
1241,5.275710582733154,0.08600682806728249,PBPF,cracker_scene1,20,old
1242,5.280164241790772,0.08605088158643551,PBPF,cracker_scene1,20,old
1243,5.284264326095581,0.08605088158643551,PBPF,cracker_scene1,20,old
1244,5.288255453109741,0.0860166435254162,PBPF,cracker_scene1,20,old
1245,5.292373180389404,0.0860130362076201,PBPF,cracker_scene1,20,old
1246,5.296674013137817,0.0860357737437657,PBPF,cracker_scene1,20,old
1247,5.30085015296936,0.0860357737437657,PBPF,cracker_scene1,20,old
1248,5.305058002471924,0.08680006218369571,PBPF,cracker_scene1,20,old
1249,5.309230804443359,0.086779949151641,PBPF,cracker_scene1,20,old
1250,5.3132500648498535,0.086779949151641,PBPF,cracker_scene1,20,old
1251,5.317414045333862,0.0867538670781497,PBPF,cracker_scene1,20,old
1252,5.32152795791626,0.0867538670781497,PBPF,cracker_scene1,20,old
1253,5.325626850128174,0.0867778911429066,PBPF,cracker_scene1,20,old
1254,5.329746007919312,0.0867778911429066,PBPF,cracker_scene1,20,old
1255,5.333928823471069,0.0867813631654985,PBPF,cracker_scene1,20,old
1256,5.338259935379028,0.0867813631654985,PBPF,cracker_scene1,20,old
1257,5.342561721801758,0.0867782931151044,PBPF,cracker_scene1,20,old
1258,5.346462726593018,0.0867782931151044,PBPF,cracker_scene1,20,old
1259,5.35059118270874,0.0867782931151044,PBPF,cracker_scene1,20,old
1260,5.354654550552368,0.08675816496785291,PBPF,cracker_scene1,20,old
1261,5.359047889709473,0.0867366709758611,PBPF,cracker_scene1,20,old
1262,5.363198757171631,0.0867366709758611,PBPF,cracker_scene1,20,old
1263,5.36739444732666,0.0867366709758611,PBPF,cracker_scene1,20,old
1264,5.37165379524231,0.08675496651752229,PBPF,cracker_scene1,20,old
1265,5.375767946243286,0.08675496651752229,PBPF,cracker_scene1,20,old
1266,5.379800796508789,0.0868221778339104,PBPF,cracker_scene1,20,old
1267,5.383924722671509,0.0868221778339104,PBPF,cracker_scene1,20,old
1268,5.38792610168457,0.0868209441127525,PBPF,cracker_scene1,20,old
1269,5.391996383666992,0.086825981224632,PBPF,cracker_scene1,20,old
1270,5.39629340171814,0.0867759148836678,PBPF,cracker_scene1,20,old
1271,5.400757074356079,0.0867934550982096,PBPF,cracker_scene1,20,old
1272,5.405096769332886,0.0867633418505426,PBPF,cracker_scene1,20,old
1273,5.409482479095459,0.0867431115453923,PBPF,cracker_scene1,20,old
1274,5.413471937179565,0.0867749151247762,PBPF,cracker_scene1,20,old
1275,5.417636394500732,0.0867749151247762,PBPF,cracker_scene1,20,old
1276,5.421688795089722,0.086752530228389,PBPF,cracker_scene1,20,old
1277,5.425907135009766,0.086752530228389,PBPF,cracker_scene1,20,old
1278,5.430032730102539,0.08678497573945271,PBPF,cracker_scene1,20,old
1279,5.434265375137329,0.08678497573945271,PBPF,cracker_scene1,20,old
1280,5.438297271728516,0.08678497573945271,PBPF,cracker_scene1,20,old
1281,5.442538261413574,0.0868424082392445,PBPF,cracker_scene1,20,old
1282,5.446707010269165,0.0868379747737077,PBPF,cracker_scene1,20,old
1283,5.4508442878723145,0.08685245514008161,PBPF,cracker_scene1,20,old
1284,5.454822778701782,0.0868631022175757,PBPF,cracker_scene1,20,old
1285,5.4590044021606445,0.0868631022175757,PBPF,cracker_scene1,20,old
1286,5.463133811950684,0.0876416979301799,PBPF,cracker_scene1,20,old
1287,5.467371940612793,0.08761864586734491,PBPF,cracker_scene1,20,old
1288,5.4713640213012695,0.08761864586734491,PBPF,cracker_scene1,20,old
1289,5.475624322891235,0.0876271287568576,PBPF,cracker_scene1,20,old
1290,5.479642152786255,0.0876271287568576,PBPF,cracker_scene1,20,old
1291,5.483886241912842,0.0876014754252179,PBPF,cracker_scene1,20,old
1292,5.487783432006836,0.0876014754252179,PBPF,cracker_scene1,20,old
1293,5.492104530334473,0.08760771156984609,PBPF,cracker_scene1,20,old
1294,5.495983362197876,0.08760771156984609,PBPF,cracker_scene1,20,old
1295,5.500259160995483,0.0875700655476577,PBPF,cracker_scene1,20,old
1296,5.504381418228149,0.0875700655476577,PBPF,cracker_scene1,20,old
1297,5.508525133132935,0.08759170443375061,PBPF,cracker_scene1,20,old
1298,5.512540578842163,0.08759170443375061,PBPF,cracker_scene1,20,old
1299,5.516757249832153,0.08759063275820991,PBPF,cracker_scene1,20,old
1300,5.520777940750122,0.08759063275820991,PBPF,cracker_scene1,20,old
1301,5.525012731552124,0.08759515653574781,PBPF,cracker_scene1,20,old
1302,5.528936147689819,0.08759515653574781,PBPF,cracker_scene1,20,old
1303,5.533190011978149,0.0875867508375977,PBPF,cracker_scene1,20,old
1304,5.537288665771484,0.0875867508375977,PBPF,cracker_scene1,20,old
1305,5.541592836380005,0.08756471562414031,PBPF,cracker_scene1,20,old
1306,5.545469522476196,0.08756471562414031,PBPF,cracker_scene1,20,old
1307,5.549652814865112,0.0875744985766376,PBPF,cracker_scene1,20,old
1308,5.553634881973267,0.0875744985766376,PBPF,cracker_scene1,20,old
1309,5.5579023361206055,0.08761804891366601,PBPF,cracker_scene1,20,old
1310,5.561822414398193,0.08761804891366601,PBPF,cracker_scene1,20,old
1311,5.566060304641724,0.0876382630510798,PBPF,cracker_scene1,20,old
1312,5.570308685302734,0.0876382630510798,PBPF,cracker_scene1,20,old
1313,5.5743043422698975,0.08759615170291671,PBPF,cracker_scene1,20,old
1314,5.57818341255188,0.08759615170291671,PBPF,cracker_scene1,20,old
1315,5.582228899002075,0.08757575316634619,PBPF,cracker_scene1,20,old
1316,5.586054563522339,0.08757575316634619,PBPF,cracker_scene1,20,old
1317,5.590185880661011,0.08758976763932211,PBPF,cracker_scene1,20,old
1318,5.594078540802002,0.08758976763932211,PBPF,cracker_scene1,20,old
1319,5.598118782043457,0.08758443640086,PBPF,cracker_scene1,20,old
1320,5.602147340774536,0.08758443640086,PBPF,cracker_scene1,20,old
1321,5.60623025894165,0.0875782661672127,PBPF,cracker_scene1,20,old
1322,5.610777854919434,0.0875782661672127,PBPF,cracker_scene1,20,old
1323,5.615079879760742,0.0870951468425654,PBPF,cracker_scene1,20,old
1324,5.619141817092896,0.0870951468425654,PBPF,cracker_scene1,20,old
1325,5.623332262039185,0.08706249386609499,PBPF,cracker_scene1,20,old
1326,5.627391576766968,0.08706249386609499,PBPF,cracker_scene1,20,old
1327,5.631298303604126,0.08706249386609499,PBPF,cracker_scene1,20,old
1328,5.635291814804077,0.08706249386609499,PBPF,cracker_scene1,20,old
1329,5.639775037765503,0.0870799016034582,PBPF,cracker_scene1,20,old
1330,5.643876075744629,0.0871001705372816,PBPF,cracker_scene1,20,old
1331,5.647853374481201,0.0871001705372816,PBPF,cracker_scene1,20,old
1332,5.65232515335083,0.0871358481587796,PBPF,cracker_scene1,20,old
1333,5.656374931335449,0.0871358481587796,PBPF,cracker_scene1,20,old
1334,5.660374641418457,0.0871358481587796,PBPF,cracker_scene1,20,old
1335,5.66459584236145,0.08713574069635291,PBPF,cracker_scene1,20,old
1336,5.668849945068359,0.08712091336911,PBPF,cracker_scene1,20,old
1337,5.672938346862793,0.08712091336911,PBPF,cracker_scene1,20,old
1338,5.677176237106323,0.0871366363533617,PBPF,cracker_scene1,20,old
1339,5.681338548660278,0.0871366363533617,PBPF,cracker_scene1,20,old
1340,5.685401439666748,0.0871498280289171,PBPF,cracker_scene1,20,old
1341,5.689456224441528,0.0871498280289171,PBPF,cracker_scene1,20,old
1342,5.693398714065552,0.0871498280289171,PBPF,cracker_scene1,20,old
1343,5.697536706924439,0.0871288261053124,PBPF,cracker_scene1,20,old
1344,5.701760768890381,0.0871288261053124,PBPF,cracker_scene1,20,old
1345,5.705883264541626,0.0871191512077276,PBPF,cracker_scene1,20,old
1346,5.7098472118377686,0.0871191512077276,PBPF,cracker_scene1,20,old
1347,5.7139892578125,0.08712394091912351,PBPF,cracker_scene1,20,old
1348,5.718087673187256,0.0871149300283112,PBPF,cracker_scene1,20,old
1349,5.722102642059326,0.0871149300283112,PBPF,cracker_scene1,20,old
1350,5.72629451751709,0.0871260239578291,PBPF,cracker_scene1,20,old
1351,5.730307579040527,0.0871325073498922,PBPF,cracker_scene1,20,old
1352,5.734687328338623,0.0871147483406549,PBPF,cracker_scene1,20,old
1353,5.73866081237793,0.0871147483406549,PBPF,cracker_scene1,20,old
1354,5.742942810058594,0.0871104880511778,PBPF,cracker_scene1,20,old
1355,5.746909141540527,0.0871104880511778,PBPF,cracker_scene1,20,old
1356,5.751206159591675,0.0871097168691866,PBPF,cracker_scene1,20,old
1357,5.755122184753418,0.0871097168691866,PBPF,cracker_scene1,20,old
1358,5.759295225143433,0.0871145684063216,PBPF,cracker_scene1,20,old
1359,5.763304948806763,0.0871145684063216,PBPF,cracker_scene1,20,old
1360,5.767603874206543,0.0871145684063216,PBPF,cracker_scene1,20,old
1361,5.77203631401062,0.0871032560934405,PBPF,cracker_scene1,20,old
1362,5.776412010192871,0.0881425484876204,PBPF,cracker_scene1,20,old
1363,5.780601263046265,0.0881312133496181,PBPF,cracker_scene1,20,old
1364,5.784616231918335,0.0881312133496181,PBPF,cracker_scene1,20,old
1365,5.788613557815552,0.0881312133496181,PBPF,cracker_scene1,20,old
1366,5.792915105819702,0.08813688261202621,PBPF,cracker_scene1,20,old
1367,5.797211885452271,0.0881308875350203,PBPF,cracker_scene1,20,old
1368,5.801891326904297,0.08811277471295531,PBPF,cracker_scene1,20,old
1369,5.806097984313965,0.08810039111267381,PBPF,cracker_scene1,20,old
1370,5.810498476028442,0.0880838106074506,PBPF,cracker_scene1,20,old
1371,5.8146607875823975,0.08807868225559781,PBPF,cracker_scene1,20,old
1372,5.818759918212891,0.08807868225559781,PBPF,cracker_scene1,20,old
1373,5.822977066040039,0.0880817739402373,PBPF,cracker_scene1,20,old
1374,5.8270697593688965,0.0880817739402373,PBPF,cracker_scene1,20,old
1375,5.831231117248535,0.08805926626006791,PBPF,cracker_scene1,20,old
1376,5.835456371307373,0.08805926626006791,PBPF,cracker_scene1,20,old
1377,5.839663982391357,0.08804010781048141,PBPF,cracker_scene1,20,old
1378,5.843882322311401,0.08804010781048141,PBPF,cracker_scene1,20,old
1379,5.848082065582275,0.0879928729829178,PBPF,cracker_scene1,20,old
1380,5.852169513702393,0.0879928729829178,PBPF,cracker_scene1,20,old
1381,5.856330633163452,0.0879660696658317,PBPF,cracker_scene1,20,old
1382,5.860446214675903,0.0879660696658317,PBPF,cracker_scene1,20,old
1383,5.864656448364258,0.08793826456930251,PBPF,cracker_scene1,20,old
1384,5.868788242340088,0.08793826456930251,PBPF,cracker_scene1,20,old
1385,5.872986316680908,0.08796999305003339,PBPF,cracker_scene1,20,old
1386,5.8770482540130615,0.08796999305003339,PBPF,cracker_scene1,20,old
1387,5.881213188171387,0.0879869760848162,PBPF,cracker_scene1,20,old
1388,5.885314702987671,0.0879869760848162,PBPF,cracker_scene1,20,old
1389,5.8894336223602295,0.0879438558594069,PBPF,cracker_scene1,20,old
1390,5.893593072891235,0.0879438558594069,PBPF,cracker_scene1,20,old
1391,5.897711992263794,0.0879667186555205,PBPF,cracker_scene1,20,old
1392,5.901921987533569,0.0879703943604529,PBPF,cracker_scene1,20,old
1393,5.906104326248169,0.08798757721647021,PBPF,cracker_scene1,20,old
1394,5.910167217254639,0.08798757721647021,PBPF,cracker_scene1,20,old
1395,5.9143688678741455,0.08794116446837419,PBPF,cracker_scene1,20,old
1396,5.918427228927612,0.08794116446837419,PBPF,cracker_scene1,20,old
1397,5.922589063644409,0.0879746841843854,PBPF,cracker_scene1,20,old
1398,5.926711082458496,0.08799358808880739,PBPF,cracker_scene1,20,old
1399,5.931034088134766,0.089766167120579,PBPF,cracker_scene1,20,old
1400,5.935300350189209,0.08973403989637099,PBPF,cracker_scene1,20,old
1401,5.939409732818604,0.08973794697411872,PBPF,cracker_scene1,20,old
1402,5.943578720092773,0.08973794697411872,PBPF,cracker_scene1,20,old
1403,5.947652816772461,0.0897068598223991,PBPF,cracker_scene1,20,old
1404,5.951796293258667,0.08970329917084949,PBPF,cracker_scene1,20,old
1405,5.955932140350342,0.08969554973035329,PBPF,cracker_scene1,20,old
1406,5.960096120834351,0.08969554973035329,PBPF,cracker_scene1,20,old
1407,5.964225053787232,0.08968378129755769,PBPF,cracker_scene1,20,old
1408,5.968509197235107,0.08968378129755769,PBPF,cracker_scene1,20,old
1409,5.972629070281982,0.0896936894228382,PBPF,cracker_scene1,20,old
1410,5.9765729904174805,0.0896936894228382,PBPF,cracker_scene1,20,old
1411,5.980649471282959,0.08967529026383061,PBPF,cracker_scene1,20,old
1412,5.984509468078613,0.08967529026383061,PBPF,cracker_scene1,20,old
1413,5.988595724105835,0.08965468802735041,PBPF,cracker_scene1,20,old
1414,5.992530107498169,0.08967429091628079,PBPF,cracker_scene1,20,old
1415,5.996516704559326,0.08968743066426249,PBPF,cracker_scene1,20,old
1416,6.000982999801636,0.08971448086240069,PBPF,cracker_scene1,20,old
1417,6.004917144775391,0.08971448086240069,PBPF,cracker_scene1,20,old
1418,6.009165287017822,0.08968472193001831,PBPF,cracker_scene1,20,old
1419,6.013278961181641,0.08968472193001831,PBPF,cracker_scene1,20,old
1420,6.01755428314209,0.08966616476637371,PBPF,cracker_scene1,20,old
1421,6.021556854248047,0.0896519887587757,PBPF,cracker_scene1,20,old
1422,6.025699138641357,0.0896519887587757,PBPF,cracker_scene1,20,old
1423,6.029810667037964,0.0896519887587757,PBPF,cracker_scene1,20,old
1424,6.034149885177612,0.0896316988610763,PBPF,cracker_scene1,20,old
1425,6.038260459899902,0.08963037053990319,PBPF,cracker_scene1,20,old
1426,6.042315483093262,0.08964116643909509,PBPF,cracker_scene1,20,old
1427,6.0465052127838135,0.089592382766948,PBPF,cracker_scene1,20,old
1428,6.050745248794556,0.08960793416439161,PBPF,cracker_scene1,20,old
1429,6.054807424545288,0.08960793416439161,PBPF,cracker_scene1,20,old
1430,6.058928489685059,0.08966542492099569,PBPF,cracker_scene1,20,old
1431,6.0630059242248535,0.08966542492099569,PBPF,cracker_scene1,20,old
1432,6.067397832870483,0.08966384915630479,PBPF,cracker_scene1,20,old
1433,6.071646690368652,0.08966384915630479,PBPF,cracker_scene1,20,old
1434,6.076126337051392,0.0896613091818412,PBPF,cracker_scene1,20,old
1435,6.080492973327637,0.0896765801474586,PBPF,cracker_scene1,20,old
1436,6.084753036499023,0.0896765801474586,PBPF,cracker_scene1,20,old
1437,6.088947057723999,0.08963871181750599,PBPF,cracker_scene1,20,old
1438,6.09351110458374,0.0914855396402384,PBPF,cracker_scene1,20,old
1439,6.097705841064453,0.0914540437678211,PBPF,cracker_scene1,20,old
1440,6.102005958557129,0.0914540437678211,PBPF,cracker_scene1,20,old
1441,6.106338024139404,0.0914552326424666,PBPF,cracker_scene1,20,old
1442,6.110507726669312,0.0914552326424666,PBPF,cracker_scene1,20,old
1443,6.1147449016571045,0.09142789812733931,PBPF,cracker_scene1,20,old
1444,6.118892192840576,0.09142789812733931,PBPF,cracker_scene1,20,old
1445,6.1232757568359375,0.0913986226935532,PBPF,cracker_scene1,20,old
1446,6.1274330615997314,0.0913986226935532,PBPF,cracker_scene1,20,old
1447,6.131662368774414,0.0913800065369331,PBPF,cracker_scene1,20,old
1448,6.135940313339233,0.0913800065369331,PBPF,cracker_scene1,20,old
1449,6.140146017074585,0.09137527217917499,PBPF,cracker_scene1,20,old
1450,6.144372224807739,0.09137527217917499,PBPF,cracker_scene1,20,old
1451,6.148668527603149,0.09135008805275871,PBPF,cracker_scene1,20,old
1452,6.152731657028198,0.09135008805275871,PBPF,cracker_scene1,20,old
1453,6.1571128368377686,0.0913328538853865,PBPF,cracker_scene1,20,old
1454,6.161248207092285,0.0913328538853865,PBPF,cracker_scene1,20,old
1455,6.165501117706299,0.0913619897571146,PBPF,cracker_scene1,20,old
1456,6.169733762741089,0.0913619897571146,PBPF,cracker_scene1,20,old
1457,6.17401647567749,0.0913258792543224,PBPF,cracker_scene1,20,old
1458,6.178164005279541,0.0913258792543224,PBPF,cracker_scene1,20,old
1459,6.182460784912109,0.09133467703635839,PBPF,cracker_scene1,20,old
1460,6.18653130531311,0.09133467703635839,PBPF,cracker_scene1,20,old
1461,6.19087553024292,0.09134548305001011,PBPF,cracker_scene1,20,old
1462,6.194980621337891,0.09134548305001011,PBPF,cracker_scene1,20,old
1463,6.199265480041504,0.09135769776092789,PBPF,cracker_scene1,20,old
1464,6.203567981719971,0.09135769776092789,PBPF,cracker_scene1,20,old
1465,6.207732200622559,0.09136997973486541,PBPF,cracker_scene1,20,old
1466,6.2116899490356445,0.09136997973486541,PBPF,cracker_scene1,20,old
1467,6.215907096862793,0.09137652807303981,PBPF,cracker_scene1,20,old
1468,6.21995997428894,0.09137652807303981,PBPF,cracker_scene1,20,old
1469,6.224188327789307,0.0912992190284875,PBPF,cracker_scene1,20,old
1470,6.22845196723938,0.0912992190284875,PBPF,cracker_scene1,20,old
1471,6.23276686668396,0.0912889087714652,PBPF,cracker_scene1,20,old
1472,6.236923933029175,0.0912889087714652,PBPF,cracker_scene1,20,old
1473,6.241243600845337,0.0913335989969909,PBPF,cracker_scene1,20,old
1474,6.245379447937012,0.0913335989969909,PBPF,cracker_scene1,20,old
1475,6.249654769897461,0.09133684583458651,PBPF,cracker_scene1,20,old
1476,6.253809690475464,0.09133684583458651,PBPF,cracker_scene1,20,old
1477,6.258237600326538,0.09407074520349379,PBPF,cracker_scene1,20,old
1478,6.26227879524231,0.09407074520349379,PBPF,cracker_scene1,20,old
1479,6.2664995193481445,0.0940675957500492,PBPF,cracker_scene1,20,old
1480,6.270722389221191,0.0940693745642458,PBPF,cracker_scene1,20,old
1481,6.274902105331421,0.0940663436114344,PBPF,cracker_scene1,20,old
1482,6.279115438461304,0.0940663436114344,PBPF,cracker_scene1,20,old
1483,6.283347845077515,0.09406235467276661,PBPF,cracker_scene1,20,old
1484,6.287368774414063,0.09406235467276661,PBPF,cracker_scene1,20,old
1485,6.29139518737793,0.09407877988607119,PBPF,cracker_scene1,20,old
1486,6.295506954193115,0.09407877988607119,PBPF,cracker_scene1,20,old
1487,6.299720287322998,0.09399615092176189,PBPF,cracker_scene1,20,old
1488,6.303802728652954,0.09399615092176189,PBPF,cracker_scene1,20,old
1489,6.307765245437622,0.09405184622279861,PBPF,cracker_scene1,20,old
1490,6.312006235122681,0.09403115686861341,PBPF,cracker_scene1,20,old
1491,6.316175222396851,0.094012041244974,PBPF,cracker_scene1,20,old
1492,6.320220947265625,0.094012041244974,PBPF,cracker_scene1,20,old
1493,6.324475526809692,0.09401323910653361,PBPF,cracker_scene1,20,old
1494,6.328383207321167,0.09401323910653361,PBPF,cracker_scene1,20,old
1495,6.332266092300415,0.09401323910653361,PBPF,cracker_scene1,20,old
1496,6.336528062820435,0.0939360881074344,PBPF,cracker_scene1,20,old
1497,6.340675354003906,0.09400922470370629,PBPF,cracker_scene1,20,old
1498,6.344761848449707,0.09400922470370629,PBPF,cracker_scene1,20,old
1499,6.348977088928223,0.09400173253380589,PBPF,cracker_scene1,20,old
1500,6.352980136871338,0.09400173253380589,PBPF,cracker_scene1,20,old
1501,6.357535123825073,0.0939555140836188,PBPF,cracker_scene1,20,old
1502,6.361557960510254,0.0939555140836188,PBPF,cracker_scene1,20,old
1503,6.365814447402954,0.09399108890308869,PBPF,cracker_scene1,20,old
1504,6.369862079620361,0.09399108890308869,PBPF,cracker_scene1,20,old
1505,6.374061346054077,0.0939262713993734,PBPF,cracker_scene1,20,old
1506,6.378132104873657,0.0939262713993734,PBPF,cracker_scene1,20,old
1507,6.382503747940064,0.0939263783333916,PBPF,cracker_scene1,20,old
1508,6.386736631393433,0.0939263783333916,PBPF,cracker_scene1,20,old
1509,6.391408681869507,0.0939143589379211,PBPF,cracker_scene1,20,old
1510,6.395681142807007,0.0939143589379211,PBPF,cracker_scene1,20,old
1511,6.400246381759644,0.093910702149062,PBPF,cracker_scene1,20,old
1512,6.404541254043579,0.093910702149062,PBPF,cracker_scene1,20,old
1513,6.408853769302368,0.0939217801907554,PBPF,cracker_scene1,20,old
1514,6.412859916687012,0.09391110614032841,PBPF,cracker_scene1,20,old
1515,6.417383193969727,0.0958758258517004,PBPF,cracker_scene1,20,old
1516,6.421358346939087,0.0958758258517004,PBPF,cracker_scene1,20,old
1517,6.425655126571655,0.09579707708718571,PBPF,cracker_scene1,20,old
1518,6.429652452468872,0.09579707708718571,PBPF,cracker_scene1,20,old
1519,6.433778285980225,0.0958107181551327,PBPF,cracker_scene1,20,old
1520,6.437981128692627,0.0958107181551327,PBPF,cracker_scene1,20,old
1521,6.44190788269043,0.0958107181551327,PBPF,cracker_scene1,20,old
1522,6.445994377136231,0.09586252778727561,PBPF,cracker_scene1,20,old
1523,6.449851036071777,0.09586252778727561,PBPF,cracker_scene1,20,old
1524,6.453793525695801,0.0958179637855652,PBPF,cracker_scene1,20,old
1525,6.457971572875977,0.0958179637855652,PBPF,cracker_scene1,20,old
1526,6.462384462356567,0.09581654605403461,PBPF,cracker_scene1,20,old
1527,6.466657638549805,0.09583809414120281,PBPF,cracker_scene1,20,old
1528,6.4709343910217285,0.09583809414120281,PBPF,cracker_scene1,20,old
1529,6.475027561187744,0.09584294203126811,PBPF,cracker_scene1,20,old
1530,6.479174852371216,0.09584294203126811,PBPF,cracker_scene1,20,old
1531,6.4833691120147705,0.0958664264083269,PBPF,cracker_scene1,20,old
1532,6.487651109695435,0.0958604835816885,PBPF,cracker_scene1,20,old
1533,6.491620063781738,0.0958263295367722,PBPF,cracker_scene1,20,old
1534,6.495714902877808,0.0958263295367722,PBPF,cracker_scene1,20,old
1535,6.499934673309326,0.0958263295367722,PBPF,cracker_scene1,20,old
1536,6.504357099533081,0.0957980743911244,PBPF,cracker_scene1,20,old
1537,6.508469104766846,0.0958135746697727,PBPF,cracker_scene1,20,old
1538,6.512526273727417,0.0958135746697727,PBPF,cracker_scene1,20,old
1539,6.516700029373169,0.0958135746697727,PBPF,cracker_scene1,20,old
1540,6.520771503448486,0.0958135746697727,PBPF,cracker_scene1,20,old
1541,6.525057554244995,0.0957784145228813,PBPF,cracker_scene1,20,old
1542,6.529155015945435,0.0958062942889879,PBPF,cracker_scene1,20,old
1543,6.53333306312561,0.0958363194874626,PBPF,cracker_scene1,20,old
1544,6.537444829940796,0.0958363194874626,PBPF,cracker_scene1,20,old
1545,6.541482925415039,0.0958363194874626,PBPF,cracker_scene1,20,old
1546,6.545754194259644,0.09581755610934989,PBPF,cracker_scene1,20,old
1547,6.5499560832977295,0.09581755610934989,PBPF,cracker_scene1,20,old
1548,6.553926229476929,0.09581755610934989,PBPF,cracker_scene1,20,old
1549,6.558169364929199,0.0958104708441265,PBPF,cracker_scene1,20,old
1550,6.562182664871216,0.0958104708441265,PBPF,cracker_scene1,20,old
1551,6.566495180130005,0.09575331352393229,PBPF,cracker_scene1,20,old
1552,6.5705931186676025,0.09574472889955529,PBPF,cracker_scene1,20,old
1553,6.574966669082642,0.0957564061763454,PBPF,cracker_scene1,20,old
1554,6.579290151596069,0.09548981862773209,PBPF,cracker_scene1,20,old
1555,6.583591938018799,0.09551741805854541,PBPF,cracker_scene1,20,old
1556,6.587575674057007,0.09551741805854541,PBPF,cracker_scene1,20,old
1557,6.59179162979126,0.09547830042775401,PBPF,cracker_scene1,20,old
1558,6.596050977706909,0.09547830042775401,PBPF,cracker_scene1,20,old
1559,6.600442886352539,0.09543869867244731,PBPF,cracker_scene1,20,old
1560,6.60488748550415,0.09544801950888401,PBPF,cracker_scene1,20,old
1561,6.6093292236328125,0.09544429631642859,PBPF,cracker_scene1,20,old
1562,6.61365532875061,0.0954178033325141,PBPF,cracker_scene1,20,old
1563,6.6181840896606445,0.0954239620298562,PBPF,cracker_scene1,20,old
1564,6.622473478317261,0.0954172662560733,PBPF,cracker_scene1,20,old
1565,6.626652956008911,0.0954172662560733,PBPF,cracker_scene1,20,old
1566,6.630790948867798,0.0953750357610458,PBPF,cracker_scene1,20,old
1567,6.635033845901489,0.0953750357610458,PBPF,cracker_scene1,20,old
1568,6.639281749725342,0.0954176725549,PBPF,cracker_scene1,20,old
1569,6.643246412277222,0.0954176725549,PBPF,cracker_scene1,20,old
1570,6.6473259925842285,0.09541003561941191,PBPF,cracker_scene1,20,old
1571,6.651276111602783,0.09539812426073621,PBPF,cracker_scene1,20,old
1572,6.6553919315338135,0.09535589554401391,PBPF,cracker_scene1,20,old
1573,6.659359693527222,0.09535589554401391,PBPF,cracker_scene1,20,old
1574,6.663402080535889,0.0953025340524,PBPF,cracker_scene1,20,old
1575,6.668169975280762,0.0952694871245105,PBPF,cracker_scene1,20,old
1576,6.672361612319946,0.09532167124294191,PBPF,cracker_scene1,20,old
1577,6.676623344421387,0.09530802346659561,PBPF,cracker_scene1,20,old
1578,6.680711030960083,0.09529120495058399,PBPF,cracker_scene1,20,old
1579,6.684855222702026,0.09529120495058399,PBPF,cracker_scene1,20,old
1580,6.68908429145813,0.09531695608353741,PBPF,cracker_scene1,20,old
1581,6.693165302276611,0.09531695608353741,PBPF,cracker_scene1,20,old
1582,6.697391748428345,0.09532311329252599,PBPF,cracker_scene1,20,old
1583,6.701715707778931,0.09532311329252599,PBPF,cracker_scene1,20,old
1584,6.705910444259644,0.09531573451193029,PBPF,cracker_scene1,20,old
1585,6.710056304931641,0.09531573451193029,PBPF,cracker_scene1,20,old
1586,6.714223384857178,0.0953131475927263,PBPF,cracker_scene1,20,old
1587,6.718382358551025,0.0953131475927263,PBPF,cracker_scene1,20,old
1588,6.722508668899536,0.09529962071525061,PBPF,cracker_scene1,20,old
1589,6.726779222488403,0.09529897718685579,PBPF,cracker_scene1,20,old
1590,6.73094367980957,0.09530751088375711,PBPF,cracker_scene1,20,old
1591,6.735259532928467,0.0952771070475174,PBPF,cracker_scene1,20,old
1592,6.73958158493042,0.09504572809388181,PBPF,cracker_scene1,20,old
1593,6.743700981140137,0.0950389493917761,PBPF,cracker_scene1,20,old
1594,6.747971534729004,0.0950094746534777,PBPF,cracker_scene1,20,old
1595,6.752105951309204,0.0950094746534777,PBPF,cracker_scene1,20,old
1596,6.756456613540649,0.0950357868784884,PBPF,cracker_scene1,20,old
1597,6.7606072425842285,0.0950357868784884,PBPF,cracker_scene1,20,old
1598,6.764766693115234,0.09503513725950741,PBPF,cracker_scene1,20,old
1599,6.76906156539917,0.09503513725950741,PBPF,cracker_scene1,20,old
1600,6.7732038497924805,0.0950337193009988,PBPF,cracker_scene1,20,old
1601,6.777334451675415,0.0950337193009988,PBPF,cracker_scene1,20,old
1602,6.7815141677856445,0.09501696081613681,PBPF,cracker_scene1,20,old
1603,6.7856996059417725,0.09501696081613681,PBPF,cracker_scene1,20,old
1604,6.790084362030029,0.09498598773093489,PBPF,cracker_scene1,20,old
1605,6.794183969497681,0.09498598773093489,PBPF,cracker_scene1,20,old
1606,6.798495531082153,0.0950111900477161,PBPF,cracker_scene1,20,old
1607,6.802549123764038,0.0950111900477161,PBPF,cracker_scene1,20,old
1608,6.80686616897583,0.0950155262161119,PBPF,cracker_scene1,20,old
1609,6.810890913009644,0.0950155262161119,PBPF,cracker_scene1,20,old
1610,6.815076351165772,0.0950090038959544,PBPF,cracker_scene1,20,old
1611,6.819188833236694,0.0950090038959544,PBPF,cracker_scene1,20,old
1612,6.823468446731567,0.09499442466929461,PBPF,cracker_scene1,20,old
1613,6.827606678009033,0.09499442466929461,PBPF,cracker_scene1,20,old
1614,6.831710815429688,0.0949849025991635,PBPF,cracker_scene1,20,old
1615,6.835942268371582,0.0949849025991635,PBPF,cracker_scene1,20,old
1616,6.840278387069702,0.0949338865693056,PBPF,cracker_scene1,20,old
1617,6.844377040863037,0.0949338865693056,PBPF,cracker_scene1,20,old
1618,6.848487615585327,0.09493786936481591,PBPF,cracker_scene1,20,old
1619,6.852614164352417,0.0949296181321137,PBPF,cracker_scene1,20,old
1620,6.856802463531494,0.0949296181321137,PBPF,cracker_scene1,20,old
1621,6.861207485198975,0.0948555898640934,PBPF,cracker_scene1,20,old
1622,6.86531925201416,0.0948555898640934,PBPF,cracker_scene1,20,old
1623,6.869664192199707,0.0949492235923036,PBPF,cracker_scene1,20,old
1624,6.873600244522095,0.0949492235923036,PBPF,cracker_scene1,20,old
1625,6.877787590026856,0.0949539203133552,PBPF,cracker_scene1,20,old
1626,6.881695508956909,0.0949539203133552,PBPF,cracker_scene1,20,old
1627,6.88581395149231,0.0948972415181136,PBPF,cracker_scene1,20,old
1628,6.8897786140441895,0.0948972415181136,PBPF,cracker_scene1,20,old
1629,6.894232273101807,0.095001357608998,PBPF,cracker_scene1,20,old
1630,6.898364543914795,0.095001357608998,PBPF,cracker_scene1,20,old
1631,6.902707099914551,0.096500742121232,PBPF,cracker_scene1,20,old
1632,6.90675687789917,0.096500742121232,PBPF,cracker_scene1,20,old
1633,6.911129951477051,0.09645789191027931,PBPF,cracker_scene1,20,old
1634,6.915063381195068,0.09645789191027931,PBPF,cracker_scene1,20,old
1635,6.919363975524902,0.09644098420743949,PBPF,cracker_scene1,20,old
1636,6.923356056213379,0.09644098420743949,PBPF,cracker_scene1,20,old
1637,6.927586555480957,0.09646971170882229,PBPF,cracker_scene1,20,old
1638,6.931727647781372,0.09646971170882229,PBPF,cracker_scene1,20,old
1639,6.935940504074097,0.09646971170882229,PBPF,cracker_scene1,20,old
1640,6.940136432647705,0.0964665710460019,PBPF,cracker_scene1,20,old
1641,6.944411277770996,0.0964184139235239,PBPF,cracker_scene1,20,old
1642,6.948623180389404,0.09644984244326299,PBPF,cracker_scene1,20,old
1643,6.952662706375122,0.09644984244326299,PBPF,cracker_scene1,20,old
1644,6.957146883010864,0.09647525756309819,PBPF,cracker_scene1,20,old
1645,6.961323976516724,0.09647525756309819,PBPF,cracker_scene1,20,old
1646,6.965690851211548,0.0964648704805198,PBPF,cracker_scene1,20,old
1647,6.970054626464844,0.0964648704805198,PBPF,cracker_scene1,20,old
1648,6.974238157272339,0.0964523251883701,PBPF,cracker_scene1,20,old
1649,6.978208541870117,0.0964523251883701,PBPF,cracker_scene1,20,old
1650,6.982744216918945,0.09642664878934379,PBPF,cracker_scene1,20,old
1651,6.98675274848938,0.09642664878934379,PBPF,cracker_scene1,20,old
1652,6.990803241729736,0.09642664878934379,PBPF,cracker_scene1,20,old
1653,6.995285272598267,0.09645073029850551,PBPF,cracker_scene1,20,old
1654,6.999972581863403,0.0964446225585813,PBPF,cracker_scene1,20,old
1655,7.004379987716675,0.09647901423187999,PBPF,cracker_scene1,20,old
1656,7.00893497467041,0.09648569649374969,PBPF,cracker_scene1,20,old
1657,7.013018846511841,0.09646629905353701,PBPF,cracker_scene1,20,old
1658,7.017488718032837,0.09646629905353701,PBPF,cracker_scene1,20,old
1659,7.0224456787109375,0.09644103634845391,PBPF,cracker_scene1,20,old
1660,7.026968002319336,0.0963784502569866,PBPF,cracker_scene1,20,old
1661,7.031331062316895,0.0964426306262478,PBPF,cracker_scene1,20,old
1662,7.035651922225952,0.0964426306262478,PBPF,cracker_scene1,20,old
1663,7.040001392364502,0.0963599379011641,PBPF,cracker_scene1,20,old
1664,7.04422926902771,0.0963599379011641,PBPF,cracker_scene1,20,old
1665,7.048574447631836,0.09637764821330419,PBPF,cracker_scene1,20,old
1666,7.052810907363892,0.09637764821330419,PBPF,cracker_scene1,20,old
1667,7.057147264480591,0.0964208489901732,PBPF,cracker_scene1,20,old
1668,7.062476873397827,0.0964208489901732,PBPF,cracker_scene1,20,old
1669,7.067162036895752,0.0957375860218887,PBPF,cracker_scene1,20,old
1670,7.071555852890015,0.0957375860218887,PBPF,cracker_scene1,20,old
1671,7.075659275054932,0.0956936866035096,PBPF,cracker_scene1,20,old
1672,7.079795598983765,0.0957409449692872,PBPF,cracker_scene1,20,old
1673,7.083791732788086,0.0957409449692872,PBPF,cracker_scene1,20,old
1674,7.087977647781372,0.0957409449692872,PBPF,cracker_scene1,20,old
1675,7.091991901397705,0.09573296825150679,PBPF,cracker_scene1,20,old
1676,7.096100330352783,0.09573296825150679,PBPF,cracker_scene1,20,old
1677,7.101028680801392,0.0957264156090738,PBPF,cracker_scene1,20,old
1678,7.105086803436279,0.09571130974764891,PBPF,cracker_scene1,20,old
1679,7.109552383422852,0.09571130974764891,PBPF,cracker_scene1,20,old
1680,7.113617897033691,0.09571526581821399,PBPF,cracker_scene1,20,old
1681,7.11798906326294,0.09569280961835341,PBPF,cracker_scene1,20,old
1682,7.122174739837647,0.095677784579554,PBPF,cracker_scene1,20,old
1683,7.126360177993774,0.095677784579554,PBPF,cracker_scene1,20,old
1684,7.130606174468994,0.0956778992991548,PBPF,cracker_scene1,20,old
1685,7.134943246841431,0.0956778992991548,PBPF,cracker_scene1,20,old
1686,7.139294385910034,0.09566779875132439,PBPF,cracker_scene1,20,old
1687,7.143585205078125,0.0956065781648654,PBPF,cracker_scene1,20,old
1688,7.147801160812378,0.0956632737937522,PBPF,cracker_scene1,20,old
1689,7.152044534683228,0.0956632737937522,PBPF,cracker_scene1,20,old
1690,7.1563050746917725,0.09563796090678969,PBPF,cracker_scene1,20,old
1691,7.160532474517822,0.09563796090678969,PBPF,cracker_scene1,20,old
1692,7.164915561676025,0.09565030506284611,PBPF,cracker_scene1,20,old
1693,7.169184446334839,0.09565030506284611,PBPF,cracker_scene1,20,old
1694,7.173452615737915,0.0956490530674021,PBPF,cracker_scene1,20,old
1695,7.177547693252564,0.0956490530674021,PBPF,cracker_scene1,20,old
1696,7.183026552200317,0.09566270004603869,PBPF,cracker_scene1,20,old
1697,7.187123775482178,0.09566270004603869,PBPF,cracker_scene1,20,old
1698,7.191569566726685,0.09567868511062669,PBPF,cracker_scene1,20,old
1699,7.195670127868652,0.09567868511062669,PBPF,cracker_scene1,20,old
1700,7.200150489807129,0.0956797776665132,PBPF,cracker_scene1,20,old
1701,7.204341173171997,0.0956797776665132,PBPF,cracker_scene1,20,old
1702,7.208822727203369,0.0956532837999941,PBPF,cracker_scene1,20,old
1703,7.213086128234863,0.0956532837999941,PBPF,cracker_scene1,20,old
1704,7.217697620391846,0.0956450113443314,PBPF,cracker_scene1,20,old
1705,7.222325086593628,0.0950433481230113,PBPF,cracker_scene1,20,old
1706,7.226694822311401,0.0950433481230113,PBPF,cracker_scene1,20,old
1707,7.230986833572388,0.0950571150079208,PBPF,cracker_scene1,20,old
1708,7.235200881958008,0.0950571150079208,PBPF,cracker_scene1,20,old
1709,7.239425420761108,0.09505360604008839,PBPF,cracker_scene1,20,old
1710,7.243618488311768,0.095027902812336,PBPF,cracker_scene1,20,old
1711,7.247765064239502,0.09502958239469331,PBPF,cracker_scene1,20,old
1712,7.251993417739868,0.09502958239469331,PBPF,cracker_scene1,20,old
1713,7.25615930557251,0.09501645964681049,PBPF,cracker_scene1,20,old
1714,7.260400772094727,0.09501645964681049,PBPF,cracker_scene1,20,old
1715,7.264655113220215,0.0950154602469567,PBPF,cracker_scene1,20,old
1716,7.268753051757812,0.0950154602469567,PBPF,cracker_scene1,20,old
1717,7.27313232421875,0.0949951242784226,PBPF,cracker_scene1,20,old
1718,7.277300834655762,0.0949951242784226,PBPF,cracker_scene1,20,old
1719,7.281534194946289,0.09498141599082699,PBPF,cracker_scene1,20,old
1720,7.285869836807251,0.09498141599082699,PBPF,cracker_scene1,20,old
1721,7.290271997451782,0.0949241704178597,PBPF,cracker_scene1,20,old
1722,7.294272184371948,0.0949241704178597,PBPF,cracker_scene1,20,old
1723,7.2985687255859375,0.0949518471063947,PBPF,cracker_scene1,20,old
1724,7.303049325942993,0.0949518471063947,PBPF,cracker_scene1,20,old
1725,7.307324409484863,0.094940572548841,PBPF,cracker_scene1,20,old
1726,7.311599016189575,0.094940572548841,PBPF,cracker_scene1,20,old
1727,7.31612491607666,0.09491176702160051,PBPF,cracker_scene1,20,old
1728,7.320258140563965,0.09491176702160051,PBPF,cracker_scene1,20,old
1729,7.324581146240234,0.0949178041245449,PBPF,cracker_scene1,20,old
1730,7.328616142272949,0.0949178041245449,PBPF,cracker_scene1,20,old
1731,7.333003759384155,0.09491139406635371,PBPF,cracker_scene1,20,old
1732,7.337294816970825,0.09491139406635371,PBPF,cracker_scene1,20,old
1733,7.341742277145386,0.0949051790080839,PBPF,cracker_scene1,20,old
1734,7.345874309539795,0.0949051790080839,PBPF,cracker_scene1,20,old
1735,7.3502302169799805,0.09487300750283151,PBPF,cracker_scene1,20,old
1736,7.354325771331787,0.09487300750283151,PBPF,cracker_scene1,20,old
1737,7.358616352081299,0.0948773445715188,PBPF,cracker_scene1,20,old
1738,7.3627238273620605,0.0948773445715188,PBPF,cracker_scene1,20,old
1739,7.367109298706055,0.0948790445011082,PBPF,cracker_scene1,20,old
1740,7.371355533599853,0.0948790445011082,PBPF,cracker_scene1,20,old
1741,7.375774383544922,0.09491291128088039,PBPF,cracker_scene1,20,old
1742,7.380122900009155,0.09769976794583979,PBPF,cracker_scene1,20,old
1743,7.384394407272339,0.09771366478527221,PBPF,cracker_scene1,20,old
1744,7.388505220413208,0.09771366478527221,PBPF,cracker_scene1,20,old
1745,7.392820358276367,0.09763464202146391,PBPF,cracker_scene1,20,old
1746,7.396921873092651,0.09769963940370321,PBPF,cracker_scene1,20,old
1747,7.401488542556763,0.09767995441439431,PBPF,cracker_scene1,20,old
1748,7.405658960342407,0.0976166150945422,PBPF,cracker_scene1,20,old
1749,7.409957408905029,0.0976166150945422,PBPF,cracker_scene1,20,old
1750,7.414016962051392,0.09762134183385679,PBPF,cracker_scene1,20,old
1751,7.418318033218384,0.0976849838124598,PBPF,cracker_scene1,20,old
1752,7.422399759292602,0.0976743564154873,PBPF,cracker_scene1,20,old
1753,7.426779508590698,0.0976743564154873,PBPF,cracker_scene1,20,old
1754,7.431033611297607,0.09769007477655989,PBPF,cracker_scene1,20,old
1755,7.435340166091919,0.09769007477655989,PBPF,cracker_scene1,20,old
1756,7.439571380615234,0.0976309852524247,PBPF,cracker_scene1,20,old
1757,7.443752527236938,0.0976309852524247,PBPF,cracker_scene1,20,old
1758,7.447941064834595,0.0977088593400248,PBPF,cracker_scene1,20,old
1759,7.452161550521851,0.0977088593400248,PBPF,cracker_scene1,20,old
1760,7.456359386444092,0.09768494015904469,PBPF,cracker_scene1,20,old
1761,7.460656404495239,0.09768916366024871,PBPF,cracker_scene1,20,old
1762,7.464893579483032,0.09769354987575901,PBPF,cracker_scene1,20,old
1763,7.469300985336304,0.09769354987575901,PBPF,cracker_scene1,20,old
1764,7.473708629608154,0.09769660113121839,PBPF,cracker_scene1,20,old
1765,7.477915287017822,0.09769660113121839,PBPF,cracker_scene1,20,old
1766,7.48226261138916,0.09762697591370559,PBPF,cracker_scene1,20,old
1767,7.486274003982544,0.09762697591370559,PBPF,cracker_scene1,20,old
1768,7.490692138671875,0.097691245252741,PBPF,cracker_scene1,20,old
1769,7.494818687438965,0.097691245252741,PBPF,cracker_scene1,20,old
1770,7.49912166595459,0.0976901944141883,PBPF,cracker_scene1,20,old
1771,7.503430128097534,0.0976901944141883,PBPF,cracker_scene1,20,old
1772,7.5076963901519775,0.0976235736421579,PBPF,cracker_scene1,20,old
1773,7.511824607849121,0.0976235736421579,PBPF,cracker_scene1,20,old
1774,7.516143083572388,0.0976842263560965,PBPF,cracker_scene1,20,old
1775,7.520219564437866,0.0976842263560965,PBPF,cracker_scene1,20,old
1776,7.524647712707519,0.0976882569838366,PBPF,cracker_scene1,20,old
1777,7.528643369674683,0.0976882569838366,PBPF,cracker_scene1,20,old
1778,7.533112525939941,0.0976880876214794,PBPF,cracker_scene1,20,old
1779,7.537374496459961,0.0976873626158492,PBPF,cracker_scene1,20,old
1780,7.541748762130737,0.09768848643056241,PBPF,cracker_scene1,20,old
1781,7.545976400375366,0.09768848643056241,PBPF,cracker_scene1,20,old
1782,7.550253629684448,0.09768624451331509,PBPF,cracker_scene1,20,old
1783,7.554440259933472,0.09768624451331509,PBPF,cracker_scene1,20,old
1784,7.558775901794434,0.09768531012038889,PBPF,cracker_scene1,20,old
1785,7.562858819961548,0.09768531012038889,PBPF,cracker_scene1,20,old
1786,7.567165374755859,0.0976832828203947,PBPF,cracker_scene1,20,old
1787,7.571476221084595,0.0976271616561547,PBPF,cracker_scene1,20,old
1788,7.575676441192627,0.09762811451324291,PBPF,cracker_scene1,20,old
1789,7.579952716827393,0.09762811451324291,PBPF,cracker_scene1,20,old
1790,7.584313154220581,0.09768533084090511,PBPF,cracker_scene1,20,old
1791,7.58870005607605,0.09769044168996899,PBPF,cracker_scene1,20,old
1792,7.592945098876953,0.0976879707507648,PBPF,cracker_scene1,20,old
1793,7.59715723991394,0.09768293936152739,PBPF,cracker_scene1,20,old
1794,7.601499557495117,0.09768262442869191,PBPF,cracker_scene1,20,old
1795,7.605865716934204,0.0976915845382749,PBPF,cracker_scene1,20,old
1796,7.610074520111084,0.0976915845382749,PBPF,cracker_scene1,20,old
1797,7.614408731460571,0.0976915858191777,PBPF,cracker_scene1,20,old
1798,7.618569374084473,0.0976915858191777,PBPF,cracker_scene1,20,old
1799,7.6230080127716064,0.0976307704375611,PBPF,cracker_scene1,20,old
1800,7.6272430419921875,0.0976307704375611,PBPF,cracker_scene1,20,old
1801,7.631553411483765,0.0976857799309239,PBPF,cracker_scene1,20,old
1802,7.635770797729492,0.0976857799309239,PBPF,cracker_scene1,20,old
1803,7.6399970054626465,0.0976857799309239,PBPF,cracker_scene1,20,old
1804,7.644272804260254,0.09768758823629939,PBPF,cracker_scene1,20,old
1805,7.648407220840454,0.09768758823629939,PBPF,cracker_scene1,20,old
1806,7.652768135070801,0.09769068920483939,PBPF,cracker_scene1,20,old
1807,7.657039165496826,0.09769068920483939,PBPF,cracker_scene1,20,old
1808,7.661324739456177,0.09769614028193199,PBPF,cracker_scene1,20,old
1809,7.665551900863647,0.09769614028193199,PBPF,cracker_scene1,20,old
1810,7.669982433319092,0.097692242317487,PBPF,cracker_scene1,20,old
1811,7.674143552780151,0.097692242317487,PBPF,cracker_scene1,20,old
1812,7.678273677825928,0.0976886195136226,PBPF,cracker_scene1,20,old
1813,7.682292461395264,0.0976886195136226,PBPF,cracker_scene1,20,old
1814,7.686405658721924,0.0976939866504532,PBPF,cracker_scene1,20,old
1815,7.690359592437744,0.0976939866504532,PBPF,cracker_scene1,20,old
1816,7.694315195083618,0.0976939866504532,PBPF,cracker_scene1,20,old
1817,7.698997497558594,0.0976875016477376,PBPF,cracker_scene1,20,old
1818,7.703591585159302,0.0976298377838263,PBPF,cracker_scene1,20,old
1819,7.70820164680481,0.0976298377838263,PBPF,cracker_scene1,20,old
1820,7.712480545043945,0.0976298377838263,PBPF,cracker_scene1,20,old
1821,7.716943264007568,0.09768158037526231,PBPF,cracker_scene1,20,old
1822,7.721312522888184,0.0976318702942669,PBPF,cracker_scene1,20,old
1823,7.725812911987305,0.097633536822826,PBPF,cracker_scene1,20,old
1824,7.730316400527954,0.09769160949829281,PBPF,cracker_scene1,20,old
1825,7.735040187835693,0.09769160949829281,PBPF,cracker_scene1,20,old
1826,7.739112854003906,0.09769160949829281,PBPF,cracker_scene1,20,old
1827,7.743776798248291,0.097689845616281,PBPF,cracker_scene1,20,old
1828,7.748354911804199,0.0976317016819267,PBPF,cracker_scene1,20,old
1829,7.75284481048584,0.09763020061227201,PBPF,cracker_scene1,20,old
1830,7.757354974746704,0.09768575982739061,PBPF,cracker_scene1,20,old
1831,7.761555433273315,0.09768575982739061,PBPF,cracker_scene1,20,old
1832,7.7661051750183105,0.097686907930609,PBPF,cracker_scene1,20,old
1833,7.770226716995239,0.097686907930609,PBPF,cracker_scene1,20,old
1834,7.774645328521728,0.097687255741784,PBPF,cracker_scene1,20,old
1835,7.778982877731323,0.097687255741784,PBPF,cracker_scene1,20,old
1836,7.783239126205444,0.0976917531569208,PBPF,cracker_scene1,20,old
1837,7.787433624267578,0.0976917531569208,PBPF,cracker_scene1,20,old
1838,7.792116403579712,0.09768937852200679,PBPF,cracker_scene1,20,old
1839,7.796703815460205,0.09763709316869001,PBPF,cracker_scene1,20,old
1840,7.801225423812866,0.09768787210832461,PBPF,cracker_scene1,20,old
1841,7.805646657943726,0.09771153793148399,PBPF,cracker_scene1,20,old
1842,7.81000542640686,0.09770838984153771,PBPF,cracker_scene1,20,old
1843,7.814286231994629,0.0976975991188298,PBPF,cracker_scene1,20,old
1844,7.818497896194458,0.0976975991188298,PBPF,cracker_scene1,20,old
1845,7.822784423828125,0.0976875787474257,PBPF,cracker_scene1,20,old
1846,7.827137470245361,0.0976875787474257,PBPF,cracker_scene1,20,old
1847,7.831407308578491,0.0976809158966922,PBPF,cracker_scene1,20,old
1848,7.835729598999023,0.0976809158966922,PBPF,cracker_scene1,20,old
1849,7.840043783187866,0.09770174217750091,PBPF,cracker_scene1,20,old
1850,7.844363212585449,0.09770174217750091,PBPF,cracker_scene1,20,old
1851,7.848596334457397,0.09770348204529769,PBPF,cracker_scene1,20,old
1852,7.852815628051758,0.09770348204529769,PBPF,cracker_scene1,20,old
1853,7.857087850570679,0.09768861948938531,PBPF,cracker_scene1,20,old
1854,7.861199378967285,0.09768861948938531,PBPF,cracker_scene1,20,old
1855,7.865655899047852,0.0976135062023406,PBPF,cracker_scene1,20,old
1856,7.869992733001709,0.0976135062023406,PBPF,cracker_scene1,20,old
1857,7.874287366867065,0.0976767473121562,PBPF,cracker_scene1,20,old
1858,7.878303527832031,0.0976767473121562,PBPF,cracker_scene1,20,old
1859,7.8826117515563965,0.09764395526118269,PBPF,cracker_scene1,20,old
1860,7.886606693267822,0.09764395526118269,PBPF,cracker_scene1,20,old
1861,7.890834331512451,0.09764109610755159,PBPF,cracker_scene1,20,old
1862,7.894875764846802,0.09764109610755159,PBPF,cracker_scene1,20,old
1863,7.8994598388671875,0.09756261696068569,PBPF,cracker_scene1,20,old
1864,7.903707265853882,0.09756261696068569,PBPF,cracker_scene1,20,old
1865,7.908319711685181,0.09755113274585389,PBPF,cracker_scene1,20,old
1866,7.912615060806274,0.09755113274585389,PBPF,cracker_scene1,20,old
1867,7.916832208633423,0.0976120303122319,PBPF,cracker_scene1,20,old
1868,7.920965194702148,0.0976120303122319,PBPF,cracker_scene1,20,old
1869,7.925269365310669,0.09753779705708251,PBPF,cracker_scene1,20,old
1870,7.929275274276733,0.09753779705708251,PBPF,cracker_scene1,20,old
1871,7.933629989624023,0.0975234845757558,PBPF,cracker_scene1,20,old
1872,7.937875032424927,0.0975234845757558,PBPF,cracker_scene1,20,old
1873,7.942153453826904,0.0975819157735682,PBPF,cracker_scene1,20,old
1874,7.94632363319397,0.09751572412682621,PBPF,cracker_scene1,20,old
1875,7.950620889663696,0.0975068270449764,PBPF,cracker_scene1,20,old
1876,7.954653263092041,0.0975068270449764,PBPF,cracker_scene1,20,old
1877,7.958966255187988,0.0975811244357919,PBPF,cracker_scene1,20,old
1878,7.962997913360596,0.0975811244357919,PBPF,cracker_scene1,20,old
1879,7.967364311218262,0.0976095761265805,PBPF,cracker_scene1,20,old
1880,7.971538066864014,0.0975727213400909,PBPF,cracker_scene1,20,old
1881,7.975863218307495,0.0975727213400909,PBPF,cracker_scene1,20,old
1882,7.980019569396973,0.0975735961548305,PBPF,cracker_scene1,20,old
1883,7.984407901763916,0.0975736240951656,PBPF,cracker_scene1,20,old
1884,7.988508939743042,0.09757285466781859,PBPF,cracker_scene1,20,old
1885,7.992839336395264,0.09756501565818751,PBPF,cracker_scene1,20,old
1886,7.996965646743774,0.09756620210426459,PBPF,cracker_scene1,20,old
1887,8.001327991485596,0.09754756874805881,PBPF,cracker_scene1,20,old
1888,8.0055091381073,0.09750368527915229,PBPF,cracker_scene1,20,old
1889,8.009679317474365,0.09750368527915229,PBPF,cracker_scene1,20,old
1890,8.014060735702515,0.10028553044818239,PBPF,cracker_scene1,20,old
1891,8.018354415893555,0.10028553044818239,PBPF,cracker_scene1,20,old
1892,8.022526741027832,0.10030038414814821,PBPF,cracker_scene1,20,old
1893,8.02686333656311,0.10030038414814821,PBPF,cracker_scene1,20,old
1894,8.03106164932251,0.10025186440646291,PBPF,cracker_scene1,20,old
1895,8.035318851470947,0.10025186440646291,PBPF,cracker_scene1,20,old
1896,8.039391994476318,0.10025186440646291,PBPF,cracker_scene1,20,old
1897,8.043708086013794,0.1002217400056492,PBPF,cracker_scene1,20,old
1898,8.0478036403656,0.1002217400056492,PBPF,cracker_scene1,20,old
1899,8.052150964736938,0.10024250498247289,PBPF,cracker_scene1,20,old
1900,8.056404829025269,0.10023554444477059,PBPF,cracker_scene1,20,old
1901,8.060590744018555,0.1002465848675044,PBPF,cracker_scene1,20,old
1902,8.064728021621704,0.1002465848675044,PBPF,cracker_scene1,20,old
1903,8.068979263305664,0.10029031918195691,PBPF,cracker_scene1,20,old
1904,8.073233366012573,0.10029031918195691,PBPF,cracker_scene1,20,old
1905,8.077406167984009,0.10031041038602989,PBPF,cracker_scene1,20,old
1906,8.081413745880127,0.10024701196428701,PBPF,cracker_scene1,20,old
1907,8.085542440414429,0.10025012750827719,PBPF,cracker_scene1,20,old
1908,8.089577436447144,0.10025012750827719,PBPF,cracker_scene1,20,old
1909,8.093583345413208,0.10025012750827719,PBPF,cracker_scene1,20,old
1910,8.098401308059692,0.10028899326974669,PBPF,cracker_scene1,20,old
1911,8.102565050125122,0.10028899326974669,PBPF,cracker_scene1,20,old
1912,8.10688591003418,0.10019837317592512,PBPF,cracker_scene1,20,old
1913,8.111095428466797,0.100171755279826,PBPF,cracker_scene1,20,old
1914,8.115341663360596,0.100171755279826,PBPF,cracker_scene1,20,old
1915,8.119448184967041,0.10019260013624931,PBPF,cracker_scene1,20,old
1916,8.123760461807251,0.10019260013624931,PBPF,cracker_scene1,20,old
1917,8.127994775772095,0.10020245816934131,PBPF,cracker_scene1,20,old
1918,8.132213354110718,0.10020245816934131,PBPF,cracker_scene1,20,old
1919,8.136770248413086,0.10019526217441341,PBPF,cracker_scene1,20,old
1920,8.14098834991455,0.10019526217441341,PBPF,cracker_scene1,20,old
1921,8.145230293273926,0.1001790898829251,PBPF,cracker_scene1,20,old
1922,8.149471044540405,0.1001790898829251,PBPF,cracker_scene1,20,old
1923,8.153671026229858,0.10017160565299449,PBPF,cracker_scene1,20,old
1924,8.15778660774231,0.10017160565299449,PBPF,cracker_scene1,20,old
1925,8.162173509597778,0.10017701303401311,PBPF,cracker_scene1,20,old
1926,8.166479110717773,0.10017500719744771,PBPF,cracker_scene1,20,old
1927,8.170738935470581,0.10016360629733789,PBPF,cracker_scene1,20,old
1928,8.175344467163086,0.1018341696677236,PBPF,cracker_scene1,20,old
1929,8.179612398147583,0.10182830534336121,PBPF,cracker_scene1,20,old
1930,8.184043169021606,0.1018833481913893,PBPF,cracker_scene1,20,old
1931,8.188228130340576,0.1018665317465137,PBPF,cracker_scene1,20,old
1932,8.19239354133606,0.1018665317465137,PBPF,cracker_scene1,20,old
1933,8.196812391281128,0.10175599233326971,PBPF,cracker_scene1,20,old
1934,8.201268672943115,0.10177988708940039,PBPF,cracker_scene1,20,old
1935,8.205295324325562,0.10177988708940039,PBPF,cracker_scene1,20,old
1936,8.209636211395264,0.1017164009859961,PBPF,cracker_scene1,20,old
1937,8.213813543319702,0.10166857232746951,PBPF,cracker_scene1,20,old
1938,8.21810531616211,0.10166857232746951,PBPF,cracker_scene1,20,old
1939,8.222389221191406,0.1017323940246675,PBPF,cracker_scene1,20,old
1940,8.227117538452148,0.1017323940246675,PBPF,cracker_scene1,20,old
1941,8.231572151184082,0.1017077378671391,PBPF,cracker_scene1,20,old
1942,8.236106395721436,0.1017077378671391,PBPF,cracker_scene1,20,old
1943,8.240412950515747,0.10170756479737869,PBPF,cracker_scene1,20,old
1944,8.245028018951416,0.1016992388285313,PBPF,cracker_scene1,20,old
1945,8.249706745147705,0.10171218735285159,PBPF,cracker_scene1,20,old
1946,8.254013776779175,0.10171218735285159,PBPF,cracker_scene1,20,old
1947,8.258657455444336,0.10169455696296559,PBPF,cracker_scene1,20,old
1948,8.26284909248352,0.10163045734498699,PBPF,cracker_scene1,20,old
1949,8.26741361618042,0.1016027861741852,PBPF,cracker_scene1,20,old
1950,8.271835327148438,0.1016027861741852,PBPF,cracker_scene1,20,old
1951,8.276544332504272,0.10169760378312581,PBPF,cracker_scene1,20,old
1952,8.280877590179443,0.10169077305543589,PBPF,cracker_scene1,20,old
1953,8.285306692123413,0.10169077305543589,PBPF,cracker_scene1,20,old
1954,8.28968858718872,0.101630631818235,PBPF,cracker_scene1,20,old
1955,8.29445505142212,0.101630631818235,PBPF,cracker_scene1,20,old
1956,8.299032211303711,0.1015659289523233,PBPF,cracker_scene1,20,old
1957,8.303738355636597,0.1015659289523233,PBPF,cracker_scene1,20,old
1958,8.307971954345703,0.1016092559641471,PBPF,cracker_scene1,20,old
1959,8.312028408050537,0.1016092559641471,PBPF,cracker_scene1,20,old
1960,8.31624698638916,0.10154946336783571,PBPF,cracker_scene1,20,old
1961,8.320293664932251,0.10154946336783571,PBPF,cracker_scene1,20,old
1962,8.324490785598755,0.1016164638455927,PBPF,cracker_scene1,20,old
1963,8.328542232513428,0.1016164638455927,PBPF,cracker_scene1,20,old
1964,8.333295345306396,0.1016039167319383,PBPF,cracker_scene1,20,old
1965,8.337945222854614,0.10292474012856431,PBPF,cracker_scene1,20,old
1966,8.34226942062378,0.10294704600022161,PBPF,cracker_scene1,20,old
1967,8.346441745758057,0.102893623913862,PBPF,cracker_scene1,20,old
1968,8.351085901260376,0.1028765321668377,PBPF,cracker_scene1,20,old
1969,8.355547904968262,0.10290358848224279,PBPF,cracker_scene1,20,old
1970,8.360114097595215,0.10290358848224279,PBPF,cracker_scene1,20,old
1971,8.364440202713013,0.10284265194002029,PBPF,cracker_scene1,20,old
1972,8.369011163711548,0.10284265194002029,PBPF,cracker_scene1,20,old
1973,8.373320817947388,0.1028097344500073,PBPF,cracker_scene1,20,old
1974,8.377443790435791,0.1028097344500073,PBPF,cracker_scene1,20,old
1975,8.381751775741577,0.1028136669301766,PBPF,cracker_scene1,20,old
1976,8.385938882827759,0.1028136669301766,PBPF,cracker_scene1,20,old
1977,8.390280485153198,0.10281021135192311,PBPF,cracker_scene1,20,old
1978,8.39453125,0.10281021135192311,PBPF,cracker_scene1,20,old
1979,8.399093627929688,0.10281022937861439,PBPF,cracker_scene1,20,old
1980,8.403186798095703,0.10281022937861439,PBPF,cracker_scene1,20,old
1981,8.407638311386108,0.1027959876018674,PBPF,cracker_scene1,20,old
1982,8.411823511123657,0.1027959876018674,PBPF,cracker_scene1,20,old
1983,8.416301727294922,0.1027969103337695,PBPF,cracker_scene1,20,old
1984,8.420275926589966,0.1027969103337695,PBPF,cracker_scene1,20,old
1985,8.424705028533936,0.10274525104215229,PBPF,cracker_scene1,20,old
1986,8.428766250610352,0.10274525104215229,PBPF,cracker_scene1,20,old
1987,8.433161497116089,0.102737919143738,PBPF,cracker_scene1,20,old
1988,8.43743896484375,0.102737919143738,PBPF,cracker_scene1,20,old
1989,8.441838026046753,0.1027377013172166,PBPF,cracker_scene1,20,old
1990,8.445971488952637,0.1027377013172166,PBPF,cracker_scene1,20,old
1991,8.450095653533936,0.1027420179147949,PBPF,cracker_scene1,20,old
1992,8.454096794128418,0.1027420179147949,PBPF,cracker_scene1,20,old
1993,8.458649635314941,0.102701225710365,PBPF,cracker_scene1,20,old
1994,8.462992191314697,0.10276944522842549,PBPF,cracker_scene1,20,old
1995,8.467439651489258,0.1027586787841413,PBPF,cracker_scene1,20,old
1996,8.471603631973267,0.10269746326418111,PBPF,cracker_scene1,20,old
1997,8.476294994354248,0.10269746326418111,PBPF,cracker_scene1,20,old
1998,8.480616092681885,0.1027426966586712,PBPF,cracker_scene1,20,old
1999,8.485244750976562,0.1027426966586712,PBPF,cracker_scene1,20,old
2000,8.489596843719482,0.1027375222429264,PBPF,cracker_scene1,20,old
2001,8.494108438491821,0.1027375222429264,PBPF,cracker_scene1,20,old
2002,8.498718500137329,0.1040198158530024,PBPF,cracker_scene1,20,old
2003,8.503204822540283,0.10401661396499709,PBPF,cracker_scene1,20,old
2004,8.50775957107544,0.10398264970587759,PBPF,cracker_scene1,20,old
2005,8.511965274810791,0.10398264970587759,PBPF,cracker_scene1,20,old
2006,8.516526460647583,0.10395812154798051,PBPF,cracker_scene1,20,old
2007,8.520819902420044,0.10395812154798051,PBPF,cracker_scene1,20,old
2008,8.525412321090698,0.10397653627719239,PBPF,cracker_scene1,20,old
2009,8.529717206954956,0.1039752459222199,PBPF,cracker_scene1,20,old
2010,8.534143686294556,0.10400590549527941,PBPF,cracker_scene1,20,old
2011,8.538522958755493,0.1040212918237011,PBPF,cracker_scene1,20,old
2012,8.542475700378418,0.1040212918237011,PBPF,cracker_scene1,20,old
2013,8.546620845794678,0.10401999950458429,PBPF,cracker_scene1,20,old
2014,8.550702571868896,0.1039964083004696,PBPF,cracker_scene1,20,old
2015,8.554834365844727,0.1039964083004696,PBPF,cracker_scene1,20,old
2016,8.558945655822754,0.1039620599036434,PBPF,cracker_scene1,20,old
2017,8.56291151046753,0.1039620599036434,PBPF,cracker_scene1,20,old
2018,8.56766939163208,0.1038657801563086,PBPF,cracker_scene1,20,old
2019,8.572120189666748,0.1039057024804439,PBPF,cracker_scene1,20,old
2020,8.57637095451355,0.1039057024804439,PBPF,cracker_scene1,20,old
2021,8.58070158958435,0.10389594996356721,PBPF,cracker_scene1,20,old
2022,8.585153341293335,0.10389594996356721,PBPF,cracker_scene1,20,old
2023,8.589560985565186,0.1038932259341468,PBPF,cracker_scene1,20,old
2024,8.594017744064331,0.1038932259341468,PBPF,cracker_scene1,20,old
2025,8.59848141670227,0.1038810189205418,PBPF,cracker_scene1,20,old
2026,8.603148221969604,0.1038810189205418,PBPF,cracker_scene1,20,old
2027,8.60803747177124,0.10386520998876742,PBPF,cracker_scene1,20,old
2028,8.612211465835571,0.10386520998876742,PBPF,cracker_scene1,20,old
2029,8.616725206375122,0.10385011700452751,PBPF,cracker_scene1,20,old
2030,8.621038675308228,0.10385011700452751,PBPF,cracker_scene1,20,old
2031,8.625509262084961,0.10383895429117579,PBPF,cracker_scene1,20,old
2032,8.629860162734985,0.1038477318907455,PBPF,cracker_scene1,20,old
2033,8.634333610534668,0.1038477318907455,PBPF,cracker_scene1,20,old
2034,8.638610363006592,0.10380756880450989,PBPF,cracker_scene1,20,old
2035,8.642796754837036,0.10380756880450989,PBPF,cracker_scene1,20,old
2036,8.647026062011719,0.1038845166235714,PBPF,cracker_scene1,20,old
2037,8.651361465454102,0.1038845166235714,PBPF,cracker_scene1,20,old
2038,8.655519247055054,0.10388065457974219,PBPF,cracker_scene1,20,old
2039,8.660386323928833,0.104276315469531,PBPF,cracker_scene1,20,old
2040,8.664516687393188,0.10417219772438371,PBPF,cracker_scene1,20,old
2041,8.6689772605896,0.10417219772438371,PBPF,cracker_scene1,20,old
2042,8.67332410812378,0.10422414010110961,PBPF,cracker_scene1,20,old
2043,8.677485942840576,0.10422414010110961,PBPF,cracker_scene1,20,old
2044,8.681881189346313,0.10424365433540031,PBPF,cracker_scene1,20,old
2045,8.68613076210022,0.10424365433540031,PBPF,cracker_scene1,20,old
2046,8.69070553779602,0.10416640535305041,PBPF,cracker_scene1,20,old
2047,8.694829940795898,0.10416640535305041,PBPF,cracker_scene1,20,old
2048,8.699313640594482,0.10424374127874941,PBPF,cracker_scene1,20,old
2049,8.703425407409668,0.10424374127874941,PBPF,cracker_scene1,20,old
2050,8.707697868347168,0.10421269367304839,PBPF,cracker_scene1,20,old
2051,8.711799383163452,0.10421269367304839,PBPF,cracker_scene1,20,old
2052,8.716222286224365,0.1041837344704638,PBPF,cracker_scene1,20,old
2053,8.720279693603516,0.1041837344704638,PBPF,cracker_scene1,20,old
2054,8.724549055099487,0.1041488730717261,PBPF,cracker_scene1,20,old
2055,8.728703260421753,0.1041488730717261,PBPF,cracker_scene1,20,old
2056,8.732949495315552,0.1041215201717075,PBPF,cracker_scene1,20,old
2057,8.737102746963501,0.1041215201717075,PBPF,cracker_scene1,20,old
2058,8.74130630493164,0.1041095359993752,PBPF,cracker_scene1,20,old
2059,8.745382308959961,0.1041095359993752,PBPF,cracker_scene1,20,old
2060,8.749937295913696,0.10414417753941901,PBPF,cracker_scene1,20,old
2061,8.754065990447998,0.10414417753941901,PBPF,cracker_scene1,20,old
2062,8.758463859558105,0.10412703073324261,PBPF,cracker_scene1,20,old
2063,8.762568712234497,0.10412703073324261,PBPF,cracker_scene1,20,old
2064,8.766892194747925,0.10417926398697161,PBPF,cracker_scene1,20,old
2065,8.771315574645996,0.10417926398697161,PBPF,cracker_scene1,20,old
2066,8.77571964263916,0.1041992467931778,PBPF,cracker_scene1,20,old
2067,8.779903173446655,0.1041992467931778,PBPF,cracker_scene1,20,old
2068,8.78432035446167,0.10418954588640311,PBPF,cracker_scene1,20,old
2069,8.788496017456055,0.10419032021568081,PBPF,cracker_scene1,20,old
2070,8.79283857345581,0.10419032021568081,PBPF,cracker_scene1,20,old
2071,8.797018766403198,0.10401827436556929,PBPF,cracker_scene1,20,old
2072,8.801660537719727,0.10401827436556929,PBPF,cracker_scene1,20,old
2073,8.805875062942505,0.1040026697941718,PBPF,cracker_scene1,20,old
2074,8.810273170471191,0.10410744360391469,PBPF,cracker_scene1,20,old
2075,8.814507722854614,0.1041001617923639,PBPF,cracker_scene1,20,old
2076,8.818910121917725,0.10382175416094219,PBPF,cracker_scene1,20,old
2077,8.82314682006836,0.1037883627712406,PBPF,cracker_scene1,20,old
2078,8.827409505844116,0.1037883627712406,PBPF,cracker_scene1,20,old
2079,8.831799268722534,0.10376479259302049,PBPF,cracker_scene1,20,old
2080,8.83596920967102,0.10376479259302049,PBPF,cracker_scene1,20,old
2081,8.84030532836914,0.1037514011106451,PBPF,cracker_scene1,20,old
2082,8.844491004943848,0.1037514011106451,PBPF,cracker_scene1,20,old
2083,8.848759174346924,0.10376492175897531,PBPF,cracker_scene1,20,old
2084,8.852972745895386,0.10376492175897531,PBPF,cracker_scene1,20,old
2085,8.857288599014282,0.10379931727698419,PBPF,cracker_scene1,20,old
2086,8.861509799957275,0.10379931727698419,PBPF,cracker_scene1,20,old
2087,8.865729570388794,0.10378194666604632,PBPF,cracker_scene1,20,old
2088,8.870301723480225,0.10378194666604632,PBPF,cracker_scene1,20,old
2089,8.874466896057129,0.10378716454234801,PBPF,cracker_scene1,20,old
2090,8.878764152526855,0.1037609422364606,PBPF,cracker_scene1,20,old
2091,8.883103609085083,0.10373362351430832,PBPF,cracker_scene1,20,old
2092,8.8871431350708,0.10373362351430832,PBPF,cracker_scene1,20,old
2093,8.89159345626831,0.1036297193021111,PBPF,cracker_scene1,20,old
2094,8.895718574523926,0.1036297193021111,PBPF,cracker_scene1,20,old
2095,8.900256633758545,0.1036850197457723,PBPF,cracker_scene1,20,old
2096,8.904516458511353,0.1036850197457723,PBPF,cracker_scene1,20,old
2097,8.908797264099121,0.10363288414921659,PBPF,cracker_scene1,20,old
2098,8.912992238998413,0.10363288414921659,PBPF,cracker_scene1,20,old
2099,8.917054414749146,0.10363288414921659,PBPF,cracker_scene1,20,old
2100,8.92138385772705,0.1035972365360607,PBPF,cracker_scene1,20,old
2101,8.925530910491943,0.1035972365360607,PBPF,cracker_scene1,20,old
2102,8.9298574924469,0.10361253751929639,PBPF,cracker_scene1,20,old
2103,8.934174537658691,0.1036178162641016,PBPF,cracker_scene1,20,old
2104,8.938304424285889,0.1036178162641016,PBPF,cracker_scene1,20,old
2105,8.942625522613525,0.10359349363009271,PBPF,cracker_scene1,20,old
2106,8.94675087928772,0.10359349363009271,PBPF,cracker_scene1,20,old
2107,8.951260566711426,0.1035734015140076,PBPF,cracker_scene1,20,old
2108,8.955404996871948,0.1035734015140076,PBPF,cracker_scene1,20,old
2109,8.959911823272705,0.10357214459250291,PBPF,cracker_scene1,20,old
2110,8.964051961898804,0.10357214459250291,PBPF,cracker_scene1,20,old
2111,8.968760013580322,0.10359336747395939,PBPF,cracker_scene1,20,old
2112,8.97299313545227,0.10359336747395939,PBPF,cracker_scene1,20,old
2113,8.977611541748047,0.1027271826864814,PBPF,cracker_scene1,20,old
2114,8.982005834579468,0.10273262701690711,PBPF,cracker_scene1,20,old
2115,8.986247301101685,0.10270388741514569,PBPF,cracker_scene1,20,old
2116,8.990355730056763,0.10270388741514569,PBPF,cracker_scene1,20,old
2117,8.994616746902466,0.10278048604890899,PBPF,cracker_scene1,20,old
2118,8.999196767807007,0.10272722848188731,PBPF,cracker_scene1,20,old
2119,9.003890752792358,0.10270770246404001,PBPF,cracker_scene1,20,old
2120,9.008413314819336,0.10271390678420689,PBPF,cracker_scene1,20,old
2121,9.012749433517456,0.10271411534017641,PBPF,cracker_scene1,20,old
2122,9.017098665237429,0.10270206793413111,PBPF,cracker_scene1,20,old
2123,9.021205186843872,0.10270206793413111,PBPF,cracker_scene1,20,old
2124,9.025652170181274,0.1027041133252527,PBPF,cracker_scene1,20,old
2125,9.029810667037964,0.10256781884567509,PBPF,cracker_scene1,20,old
2126,9.034153938293455,0.10256781884567509,PBPF,cracker_scene1,20,old
2127,9.038594484329224,0.10256018874426631,PBPF,cracker_scene1,20,old
2128,9.042977809906006,0.1026370002461372,PBPF,cracker_scene1,20,old
2129,9.047248363494871,0.1026410378421588,PBPF,cracker_scene1,20,old
2130,9.051769733428957,0.10264810381107309,PBPF,cracker_scene1,20,old
2131,9.056130409240724,0.1026540956971074,PBPF,cracker_scene1,20,old
2132,9.060368061065674,0.1026540956971074,PBPF,cracker_scene1,20,old
2133,9.064663648605348,0.10268296815324779,PBPF,cracker_scene1,20,old
2134,9.06914234161377,0.10268296815324779,PBPF,cracker_scene1,20,old
2135,9.07354497909546,0.1026566087886889,PBPF,cracker_scene1,20,old
2136,9.077624797821043,0.1026566087886889,PBPF,cracker_scene1,20,old
2137,9.082080125808716,0.10263621271176501,PBPF,cracker_scene1,20,old
2138,9.086089134216309,0.10263621271176501,PBPF,cracker_scene1,20,old
2139,9.090593576431274,0.1026269968450205,PBPF,cracker_scene1,20,old
2140,9.094596862792969,0.1026269968450205,PBPF,cracker_scene1,20,old
2141,9.09918761253357,0.102534531189794,PBPF,cracker_scene1,20,old
2142,9.103528261184692,0.102534531189794,PBPF,cracker_scene1,20,old
2143,9.107948541641235,0.1026039666955686,PBPF,cracker_scene1,20,old
2144,9.112173557281494,0.1026039666955686,PBPF,cracker_scene1,20,old
2145,9.116732597351074,0.10262369172552721,PBPF,cracker_scene1,20,old
2146,9.12080216407776,0.10262369172552721,PBPF,cracker_scene1,20,old
2147,9.12511396408081,0.10259474082928191,PBPF,cracker_scene1,20,old
2148,9.129281044006348,0.10259474082928191,PBPF,cracker_scene1,20,old
2149,9.133479118347168,0.10260384402090811,PBPF,cracker_scene1,20,old
2150,9.137913942337036,0.1035804928167186,PBPF,cracker_scene1,20,old
2151,9.142287492752075,0.1034914463431035,PBPF,cracker_scene1,20,old
2152,9.146476030349731,0.1034914463431035,PBPF,cracker_scene1,20,old
2153,9.150707721710203,0.10355464442745241,PBPF,cracker_scene1,20,old
2154,9.154974460601808,0.10356139492246591,PBPF,cracker_scene1,20,old
2155,9.159271240234377,0.10349287460786341,PBPF,cracker_scene1,20,old
2156,9.163674116134644,0.10340600128045499,PBPF,cracker_scene1,20,old
2157,9.167972087860107,0.10339445142021261,PBPF,cracker_scene1,20,old
2158,9.172128200531006,0.10348184330028329,PBPF,cracker_scene1,20,old
2159,9.176385402679443,0.10352249956433401,PBPF,cracker_scene1,20,old
2160,9.180551290512083,0.1035146349878,PBPF,cracker_scene1,20,old
2161,9.184760332107544,0.1035146349878,PBPF,cracker_scene1,20,old
2162,9.189082860946655,0.10350157401963439,PBPF,cracker_scene1,20,old
2163,9.193336009979248,0.10350157401963439,PBPF,cracker_scene1,20,old
2164,9.197498083114624,0.1034975733459863,PBPF,cracker_scene1,20,old
2165,9.201812982559204,0.1034999823477456,PBPF,cracker_scene1,20,old
2166,9.206034660339355,0.10349764666571959,PBPF,cracker_scene1,20,old
2167,9.210302591323853,0.10349064158287419,PBPF,cracker_scene1,20,old
2168,9.214478254318236,0.1034728114599397,PBPF,cracker_scene1,20,old
2169,9.218733072280884,0.1034728114599397,PBPF,cracker_scene1,20,old
2170,9.222897291183472,0.10337989681810489,PBPF,cracker_scene1,20,old
2171,9.227094650268556,0.10337989681810489,PBPF,cracker_scene1,20,old
2172,9.23154067993164,0.10347837335459159,PBPF,cracker_scene1,20,old
2173,9.235947370529177,0.1034314800121395,PBPF,cracker_scene1,20,old
2174,9.239960670471191,0.1034314800121395,PBPF,cracker_scene1,20,old
2175,9.244049072265623,0.10331740131401851,PBPF,cracker_scene1,20,old
2176,9.248045921325684,0.10331740131401851,PBPF,cracker_scene1,20,old
2177,9.252190113067629,0.1033903620287571,PBPF,cracker_scene1,20,old
2178,9.256117105484009,0.1033903620287571,PBPF,cracker_scene1,20,old
2179,9.260251522064207,0.1033903620287571,PBPF,cracker_scene1,20,old
2180,9.26431155204773,0.1033620139841745,PBPF,cracker_scene1,20,old
2181,9.26828122138977,0.1033620139841745,PBPF,cracker_scene1,20,old
2182,9.27239227294922,0.10324471803285229,PBPF,cracker_scene1,20,old
2183,9.277078866958618,0.10324471803285229,PBPF,cracker_scene1,20,old
2184,9.281132698059082,0.10324471803285229,PBPF,cracker_scene1,20,old
2185,9.28540563583374,0.10331217317190369,PBPF,cracker_scene1,20,old
2186,9.289498567581177,0.10331217317190369,PBPF,cracker_scene1,20,old
2187,9.293864011764526,0.1033412217132097,PBPF,cracker_scene1,20,old
2188,9.29823112487793,0.1038834731419725,PBPF,cracker_scene1,20,old
2189,9.303009271621704,0.10387278282634171,PBPF,cracker_scene1,20,old
2190,9.307183504104614,0.10387278282634171,PBPF,cracker_scene1,20,old
2191,9.311683416366575,0.10386623049055851,PBPF,cracker_scene1,20,old
2192,9.315837144851685,0.10386623049055851,PBPF,cracker_scene1,20,old
2193,9.319997072219849,0.1038489577072248,PBPF,cracker_scene1,20,old
2194,9.3241868019104,0.1038489577072248,PBPF,cracker_scene1,20,old
2195,9.32853078842163,0.10384393521491869,PBPF,cracker_scene1,20,old
2196,9.332857847213743,0.10384393521491869,PBPF,cracker_scene1,20,old
2197,9.336994647979736,0.1038337984399389,PBPF,cracker_scene1,20,old
2198,9.34142255783081,0.1038337984399389,PBPF,cracker_scene1,20,old
2199,9.345919132232666,0.10383695039283791,PBPF,cracker_scene1,20,old
2200,9.350361824035645,0.1037485959029206,PBPF,cracker_scene1,20,old
2201,9.35443353652954,0.1037393950935368,PBPF,cracker_scene1,20,old
2202,9.358786344528198,0.1037393950935368,PBPF,cracker_scene1,20,old
2203,9.363044023513794,0.103712896647768,PBPF,cracker_scene1,20,old
2204,9.367408037185667,0.103712896647768,PBPF,cracker_scene1,20,old
2205,9.371616840362549,0.10369423740079561,PBPF,cracker_scene1,20,old
2206,9.37607765197754,0.10369423740079561,PBPF,cracker_scene1,20,old
2207,9.380228996276855,0.10379576763738241,PBPF,cracker_scene1,20,old
2208,9.384628772735596,0.10379576763738241,PBPF,cracker_scene1,20,old
2209,9.38889980316162,0.10364288443351899,PBPF,cracker_scene1,20,old
2210,9.393116235733032,0.10364288443351899,PBPF,cracker_scene1,20,old
2211,9.39765238761902,0.10361017923510521,PBPF,cracker_scene1,20,old
2212,9.402334451675417,0.1036041417230972,PBPF,cracker_scene1,20,old
2213,9.406883955001833,0.10361393522179779,PBPF,cracker_scene1,20,old
2214,9.41177225112915,0.10356805580232731,PBPF,cracker_scene1,20,old
2215,9.41616415977478,0.10358032903447559,PBPF,cracker_scene1,20,old
2216,9.420324325561523,0.10358032903447559,PBPF,cracker_scene1,20,old
2217,9.42467212677002,0.10346782858498449,PBPF,cracker_scene1,20,old
2218,9.428707361221312,0.10346782858498449,PBPF,cracker_scene1,20,old
2219,9.433040618896484,0.10355281822323889,PBPF,cracker_scene1,20,old
2220,9.437305450439451,0.10355281822323889,PBPF,cracker_scene1,20,old
2221,9.441740036010742,0.1034636726939783,PBPF,cracker_scene1,20,old
2222,9.445792436599731,0.1034636726939783,PBPF,cracker_scene1,20,old
2223,9.450398445129396,0.1036890709948817,PBPF,cracker_scene1,20,old
2224,9.454617261886597,0.1036890709948817,PBPF,cracker_scene1,20,old
2225,9.458894729614258,0.10368231956518101,PBPF,cracker_scene1,20,old
2226,9.462920665740969,0.10368231956518101,PBPF,cracker_scene1,20,old
2227,9.467336416244509,0.10365468370785261,PBPF,cracker_scene1,20,old
2228,9.47166395187378,0.10354103504343079,PBPF,cracker_scene1,20,old
2229,9.475627899169922,0.10354103504343079,PBPF,cracker_scene1,20,old
2230,9.479698419570925,0.10361983136242059,PBPF,cracker_scene1,20,old
2231,9.48369288444519,0.10361983136242059,PBPF,cracker_scene1,20,old
2232,9.48770546913147,0.10361983136242059,PBPF,cracker_scene1,20,old
2233,9.491860151290894,0.10366368779730159,PBPF,cracker_scene1,20,old
2234,9.4958655834198,0.10366368779730159,PBPF,cracker_scene1,20,old
2235,9.500225305557253,0.1035678209433705,PBPF,cracker_scene1,20,old
2236,9.504523754119871,0.103652021290428,PBPF,cracker_scene1,20,old
2237,9.508772373199465,0.1036283762754335,PBPF,cracker_scene1,20,old
2238,9.512977600097656,0.10348832671761041,PBPF,cracker_scene1,20,old
2239,9.517126321792604,0.10348832671761041,PBPF,cracker_scene1,20,old
2240,9.521294593811035,0.10354314118665481,PBPF,cracker_scene1,20,old
2241,9.525294303894045,0.10354314118665481,PBPF,cracker_scene1,20,old
2242,9.529441118240356,0.10354314118665481,PBPF,cracker_scene1,20,old
2243,9.533715009689333,0.10343599758082761,PBPF,cracker_scene1,20,old
2244,9.5378577709198,0.10343599758082761,PBPF,cracker_scene1,20,old
2245,9.542138814926147,0.1034274915459063,PBPF,cracker_scene1,20,old
2246,9.54635500907898,0.1034217881183539,PBPF,cracker_scene1,20,old
2247,9.550565719604492,0.10339100414567581,PBPF,cracker_scene1,20,old
2248,9.554695844650269,0.10339100414567581,PBPF,cracker_scene1,20,old
2249,9.55893898010254,0.1034609587669146,PBPF,cracker_scene1,20,old
2250,9.563023567199709,0.1034609587669146,PBPF,cracker_scene1,20,old
2251,9.567336559295654,0.1034680168364524,PBPF,cracker_scene1,20,old
2252,9.571449756622314,0.1034680168364524,PBPF,cracker_scene1,20,old
2253,9.57575750350952,0.103463116383888,PBPF,cracker_scene1,20,old
2254,9.580000400543211,0.10337403815538371,PBPF,cracker_scene1,20,old
2255,9.584359884262083,0.1033559958509998,PBPF,cracker_scene1,20,old
2256,9.588373184204102,0.1033559958509998,PBPF,cracker_scene1,20,old
2257,9.59266996383667,0.10337909513754609,PBPF,cracker_scene1,20,old
2258,9.596746444702148,0.1035052437640411,PBPF,cracker_scene1,20,old
2259,9.600962162017822,0.1035052437640411,PBPF,cracker_scene1,20,old
2260,9.605183362960815,0.1034772162794435,PBPF,cracker_scene1,20,old
2261,9.609571933746338,0.10290300269300331,PBPF,cracker_scene1,20,old
2262,9.613755464553831,0.1028266615692062,PBPF,cracker_scene1,20,old
2263,9.61797857284546,0.10280936808719982,PBPF,cracker_scene1,20,old
2264,9.622214555740356,0.1028933228965008,PBPF,cracker_scene1,20,old
2265,9.62633728981018,0.1028629819259039,PBPF,cracker_scene1,20,old
2266,9.63050627708435,0.102827361874678,PBPF,cracker_scene1,20,old
2267,9.63466477394104,0.102827361874678,PBPF,cracker_scene1,20,old
2268,9.638850927352903,0.10280248559857111,PBPF,cracker_scene1,20,old
2269,9.642962217330933,0.10280248559857111,PBPF,cracker_scene1,20,old
2270,9.647066354751589,0.1027885902400964,PBPF,cracker_scene1,20,old
2271,9.651206493377686,0.1027885902400964,PBPF,cracker_scene1,20,old
2272,9.655245542526243,0.10272322246452911,PBPF,cracker_scene1,20,old
2273,9.65944242477417,0.10272322246452911,PBPF,cracker_scene1,20,old
2274,9.663610219955444,0.10281392325246469,PBPF,cracker_scene1,20,old
2275,9.66799521446228,0.10281392325246469,PBPF,cracker_scene1,20,old
2276,9.67211389541626,0.10280962798797041,PBPF,cracker_scene1,20,old
2277,9.676271915435793,0.10280962798797041,PBPF,cracker_scene1,20,old
2278,9.680466890335085,0.1027830735313724,PBPF,cracker_scene1,20,old
2279,9.68469524383545,0.1027830735313724,PBPF,cracker_scene1,20,old
2280,9.688597679138184,0.1027830735313724,PBPF,cracker_scene1,20,old
2281,9.69293999671936,0.10265476056368011,PBPF,cracker_scene1,20,old
2282,9.697013854980469,0.1027684874257189,PBPF,cracker_scene1,20,old
2283,9.70113229751587,0.10277895122930569,PBPF,cracker_scene1,20,old
2284,9.705657958984377,0.1026594840279336,PBPF,cracker_scene1,20,old
2285,9.709767580032349,0.1026594840279336,PBPF,cracker_scene1,20,old
2286,9.714015007019045,0.10265745241394,PBPF,cracker_scene1,20,old
2287,9.718185186386108,0.10265745241394,PBPF,cracker_scene1,20,old
2288,9.722312927246094,0.1027672990685782,PBPF,cracker_scene1,20,old
2289,9.72649335861206,0.1027672990685782,PBPF,cracker_scene1,20,old
2290,9.73069143295288,0.1028081927104835,PBPF,cracker_scene1,20,old
2291,9.735048055648804,0.1028081927104835,PBPF,cracker_scene1,20,old
2292,9.739240884780884,0.1027004180516283,PBPF,cracker_scene1,20,old
2293,9.74351167678833,0.1027004180516283,PBPF,cracker_scene1,20,old
2294,9.747719764709473,0.10274722326665181,PBPF,cracker_scene1,20,old
2295,9.751981735229492,0.10274722326665181,PBPF,cracker_scene1,20,old
2296,9.756237745285034,0.10271808435068461,PBPF,cracker_scene1,20,old
2297,9.760398149490356,0.10271808435068461,PBPF,cracker_scene1,20,old
2298,9.76461672782898,0.1025929185925222,PBPF,cracker_scene1,20,old
2299,9.768897294998167,0.1025929185925222,PBPF,cracker_scene1,20,old
2300,9.773316860198976,0.1038533186479765,PBPF,cracker_scene1,20,old
2301,9.777432680130005,0.1038533186479765,PBPF,cracker_scene1,20,old
2302,9.781602621078491,0.10397050923015111,PBPF,cracker_scene1,20,old
2303,9.785688638687134,0.10397050923015111,PBPF,cracker_scene1,20,old
2304,9.789882898330688,0.1039506925548111,PBPF,cracker_scene1,20,old
2305,9.794033765792848,0.1039506925548111,PBPF,cracker_scene1,20,old
2306,9.798266410827637,0.10383995078805561,PBPF,cracker_scene1,20,old
2307,9.802578210830688,0.10383995078805561,PBPF,cracker_scene1,20,old
2308,9.806913375854492,0.10394768081668401,PBPF,cracker_scene1,20,old
2309,9.811091423034668,0.10394768081668401,PBPF,cracker_scene1,20,old
2310,9.81534194946289,0.103935378527129,PBPF,cracker_scene1,20,old
2311,9.819444417953491,0.103935378527129,PBPF,cracker_scene1,20,old
2312,9.823801755905151,0.10389764056282069,PBPF,cracker_scene1,20,old
2313,9.827888011932371,0.10389764056282069,PBPF,cracker_scene1,20,old
2314,9.832088232040403,0.10390561991709729,PBPF,cracker_scene1,20,old
2315,9.836320638656616,0.10390561991709729,PBPF,cracker_scene1,20,old
2316,9.840587377548218,0.10380015760711689,PBPF,cracker_scene1,20,old
2317,9.84472131729126,0.10380015760711689,PBPF,cracker_scene1,20,old
2318,9.848948955535889,0.1037891129815616,PBPF,cracker_scene1,20,old
2319,9.85312008857727,0.1037891129815616,PBPF,cracker_scene1,20,old
2320,9.857276439666748,0.103828490871096,PBPF,cracker_scene1,20,old
2321,9.861303567886353,0.103828490871096,PBPF,cracker_scene1,20,old
2322,9.86565375328064,0.1037727113255904,PBPF,cracker_scene1,20,old
2323,9.869713306427002,0.1037727113255904,PBPF,cracker_scene1,20,old
2324,9.873953104019163,0.1037986015602381,PBPF,cracker_scene1,20,old
2325,9.87802004814148,0.1037986015602381,PBPF,cracker_scene1,20,old
2326,9.882296562194824,0.10380732525705949,PBPF,cracker_scene1,20,old
2327,9.88645887374878,0.10380732525705949,PBPF,cracker_scene1,20,old
2328,9.890730619430542,0.10381933850264441,PBPF,cracker_scene1,20,old
2329,9.894858360290527,0.10381933850264441,PBPF,cracker_scene1,20,old
2330,9.899239540100098,0.10382479632476499,PBPF,cracker_scene1,20,old
2331,9.90348982810974,0.10382479632476499,PBPF,cracker_scene1,20,old
2332,9.907644510269163,0.10382291816570491,PBPF,cracker_scene1,20,old
2333,9.911927938461304,0.10382291816570491,PBPF,cracker_scene1,20,old
2334,9.91640281677246,0.10381160783822971,PBPF,cracker_scene1,20,old
2335,9.92045259475708,0.10381160783822971,PBPF,cracker_scene1,20,old
2336,9.924882411956789,0.1037927411357778,PBPF,cracker_scene1,20,old
2337,9.928878784179688,0.1037927411357778,PBPF,cracker_scene1,20,old
2338,9.93338394165039,0.1041054738599145,PBPF,cracker_scene1,20,old
2339,9.937983989715576,0.10399958086531871,PBPF,cracker_scene1,20,old
2340,9.942216396331789,0.1039823239092231,PBPF,cracker_scene1,20,old
2341,9.946417808532717,0.10407166321093239,PBPF,cracker_scene1,20,old
2342,9.95067811012268,0.1040423380296826,PBPF,cracker_scene1,20,old
2343,9.954869508743286,0.10404299310222609,PBPF,cracker_scene1,20,old
2344,9.959127187728882,0.10403327095357451,PBPF,cracker_scene1,20,old
2345,9.96331000328064,0.1040355171371605,PBPF,cracker_scene1,20,old
2346,9.967512130737305,0.10403626995559812,PBPF,cracker_scene1,20,old
2347,9.97188687324524,0.1040351398083211,PBPF,cracker_scene1,20,old
2348,9.976208209991457,0.1040221006866544,PBPF,cracker_scene1,20,old
2349,9.98045563697815,0.10402924668679339,PBPF,cracker_scene1,20,old
2350,9.98467183113098,0.10402924668679339,PBPF,cracker_scene1,20,old
2351,9.988935947418211,0.1039320325736311,PBPF,cracker_scene1,20,old
2352,9.99313235282898,0.1039320325736311,PBPF,cracker_scene1,20,old
2353,9.99743103981018,0.1039454285227912,PBPF,cracker_scene1,20,old
2354,10.001702547073364,0.1039454285227912,PBPF,cracker_scene1,20,old
2355,10.00597333908081,0.10394250144020839,PBPF,cracker_scene1,20,old
2356,10.010034799575806,0.10394250144020839,PBPF,cracker_scene1,20,old
2357,10.01432466506958,0.1039136334087222,PBPF,cracker_scene1,20,old
2358,10.018399238586426,0.1039136334087222,PBPF,cracker_scene1,20,old
2359,10.022560596466064,0.1039955496726182,PBPF,cracker_scene1,20,old
2360,10.02690839767456,0.1039955496726182,PBPF,cracker_scene1,20,old
2361,10.031216621398926,0.1039687384003839,PBPF,cracker_scene1,20,old
2362,10.03542709350586,0.1039687384003839,PBPF,cracker_scene1,20,old
2363,10.039410829544067,0.1039687384003839,PBPF,cracker_scene1,20,old
2364,10.043565511703491,0.1039948750027703,PBPF,cracker_scene1,20,old
2365,10.047860145568848,0.1039948750027703,PBPF,cracker_scene1,20,old
2366,10.052085876464844,0.1039927356405431,PBPF,cracker_scene1,20,old
2367,10.056484460830688,0.10397284092426051,PBPF,cracker_scene1,20,old
2368,10.06082272529602,0.1039757583180912,PBPF,cracker_scene1,20,old
2369,10.065194368362429,0.10396299824067329,PBPF,cracker_scene1,20,old
2370,10.06940484046936,0.10396299824067329,PBPF,cracker_scene1,20,old
2371,10.073764085769652,0.1039824438318778,PBPF,cracker_scene1,20,old
2372,10.078020811080933,0.10389734372106521,PBPF,cracker_scene1,20,old
2373,10.08239722251892,0.10389734372106521,PBPF,cracker_scene1,20,old
2374,10.086731672286987,0.10389734372106521,PBPF,cracker_scene1,20,old
2375,10.091177940368652,0.1039040643927864,PBPF,cracker_scene1,20,old
2376,10.095501899719238,0.1039040643927864,PBPF,cracker_scene1,20,old
2377,10.100031852722168,0.10109692092985331,PBPF,cracker_scene1,20,old
2378,10.10432744026184,0.10109692092985331,PBPF,cracker_scene1,20,old
2379,10.108569622039797,0.101159425987675,PBPF,cracker_scene1,20,old
2380,10.112848043441772,0.101159425987675,PBPF,cracker_scene1,20,old
2381,10.116988182067873,0.10118003419233301,PBPF,cracker_scene1,20,old
2382,10.12123417854309,0.10118003419233301,PBPF,cracker_scene1,20,old
2383,10.125714302062988,0.10115259353709541,PBPF,cracker_scene1,20,old
2384,10.129910230636597,0.10115259353709541,PBPF,cracker_scene1,20,old
2385,10.134451866149902,0.10107422030637869,PBPF,cracker_scene1,20,old
2386,10.138712167739868,0.10107262965454361,PBPF,cracker_scene1,20,old
2387,10.14285659790039,0.10107262965454361,PBPF,cracker_scene1,20,old
2388,10.146973848342896,0.10113228440585581,PBPF,cracker_scene1,20,old
2389,10.15128755569458,0.10113228440585581,PBPF,cracker_scene1,20,old
2390,10.15547251701355,0.1010921184967637,PBPF,cracker_scene1,20,old
2391,10.159666538238524,0.1010921184967637,PBPF,cracker_scene1,20,old
2392,10.163940906524658,0.1009905456350671,PBPF,cracker_scene1,20,old
2393,10.168052196502686,0.1009905456350671,PBPF,cracker_scene1,20,old
2394,10.172222137451172,0.1009905456350671,PBPF,cracker_scene1,20,old
2395,10.176371812820436,0.1010792872092299,PBPF,cracker_scene1,20,old
2396,10.180369853973389,0.1010792872092299,PBPF,cracker_scene1,20,old
2397,10.18453288078308,0.10110357647328541,PBPF,cracker_scene1,20,old
2398,10.18848443031311,0.10110357647328541,PBPF,cracker_scene1,20,old
2399,10.19244384765625,0.10110357647328541,PBPF,cracker_scene1,20,old
2400,10.196933269500732,0.1010362866601183,PBPF,cracker_scene1,20,old
2401,10.201330423355104,0.1010343063339598,PBPF,cracker_scene1,20,old
2402,10.205638885498049,0.10102833589786711,PBPF,cracker_scene1,20,old
2403,10.210043668746948,0.10115215728448151,PBPF,cracker_scene1,20,old
2404,10.214476585388184,0.10105922034440479,PBPF,cracker_scene1,20,old
2405,10.21903681755066,0.10112895838368621,PBPF,cracker_scene1,20,old
2406,10.223042726516724,0.10112895838368621,PBPF,cracker_scene1,20,old
2407,10.227479934692385,0.1010087827675254,PBPF,cracker_scene1,20,old
2408,10.231749057769775,0.1011294210718004,PBPF,cracker_scene1,20,old
2409,10.236150979995728,0.1011294210718004,PBPF,cracker_scene1,20,old
2410,10.240549564361572,0.10111807502697731,PBPF,cracker_scene1,20,old
2411,10.244864225387571,0.10111807502697731,PBPF,cracker_scene1,20,old
2412,10.249362707138062,0.1010008765790994,PBPF,cracker_scene1,20,old
2413,10.253416061401367,0.1010008765790994,PBPF,cracker_scene1,20,old
2414,10.258255958557127,0.1035352589887796,PBPF,cracker_scene1,20,old
2415,10.262312650680542,0.1035352589887796,PBPF,cracker_scene1,20,old
2416,10.266695499420166,0.10355532904115289,PBPF,cracker_scene1,20,old
2417,10.270812749862673,0.10355532904115289,PBPF,cracker_scene1,20,old
2418,10.275333881378174,0.10345322087163669,PBPF,cracker_scene1,20,old
2419,10.27967095375061,0.10344909417298231,PBPF,cracker_scene1,20,old
2420,10.284054517745972,0.1034518902452965,PBPF,cracker_scene1,20,old
2421,10.288350582122805,0.1034518902452965,PBPF,cracker_scene1,20,old
2422,10.29279088973999,0.10354457081698859,PBPF,cracker_scene1,20,old
2423,10.297054529190063,0.10345221120682299,PBPF,cracker_scene1,20,old
2424,10.3012273311615,0.10345221120682299,PBPF,cracker_scene1,20,old
2425,10.305658340454102,0.10354765062830179,PBPF,cracker_scene1,20,old
2426,10.309933185577393,0.10354765062830179,PBPF,cracker_scene1,20,old
2427,10.314122438430786,0.103530227747712,PBPF,cracker_scene1,20,old
2428,10.318365812301636,0.103530227747712,PBPF,cracker_scene1,20,old
2429,10.32263469696045,0.103513807212328,PBPF,cracker_scene1,20,old
2430,10.32676076889038,0.103513807212328,PBPF,cracker_scene1,20,old
2431,10.331173658370972,0.10345258010457101,PBPF,cracker_scene1,20,old
2432,10.33530569076538,0.10345258010457101,PBPF,cracker_scene1,20,old
2433,10.339527368545532,0.103450408154521,PBPF,cracker_scene1,20,old
2434,10.343647003173828,0.103450408154521,PBPF,cracker_scene1,20,old
2435,10.34797716140747,0.10343329468685991,PBPF,cracker_scene1,20,old
2436,10.352162837982178,0.10343329468685991,PBPF,cracker_scene1,20,old
2437,10.356506109237673,0.10334960041398769,PBPF,cracker_scene1,20,old
2438,10.360673666000366,0.10334960041398769,PBPF,cracker_scene1,20,old
2439,10.364964723587036,0.10334456104422801,PBPF,cracker_scene1,20,old
2440,10.369251012802124,0.10334456104422801,PBPF,cracker_scene1,20,old
2441,10.373578310012816,0.10340174391608059,PBPF,cracker_scene1,20,old
2442,10.377828121185305,0.10340174391608059,PBPF,cracker_scene1,20,old
2443,10.382241249084473,0.10340738458676851,PBPF,cracker_scene1,20,old
2444,10.38642430305481,0.10340738458676851,PBPF,cracker_scene1,20,old
2445,10.390924215316772,0.10339262591615611,PBPF,cracker_scene1,20,old
2446,10.395063400268556,0.10339262591615611,PBPF,cracker_scene1,20,old
2447,10.399571657180786,0.10330680660868871,PBPF,cracker_scene1,20,old
2448,10.403847455978394,0.10330680660868871,PBPF,cracker_scene1,20,old
2449,10.408069610595703,0.1033940736695064,PBPF,cracker_scene1,20,old
2450,10.412063121795654,0.1033940736695064,PBPF,cracker_scene1,20,old
2451,10.416378498077393,0.10340245372103071,PBPF,cracker_scene1,20,old
2452,10.420505285263062,0.1044987768115632,PBPF,cracker_scene1,20,old
2453,10.424727439880373,0.10437424778721272,PBPF,cracker_scene1,20,old
2454,10.428860664367676,0.10437424778721272,PBPF,cracker_scene1,20,old
2455,10.433302879333496,0.10446698708056709,PBPF,cracker_scene1,20,old
2456,10.437448740005491,0.10446698708056709,PBPF,cracker_scene1,20,old
2457,10.441504001617432,0.10444463656241981,PBPF,cracker_scene1,20,old
2458,10.445473432540894,0.10444679362418041,PBPF,cracker_scene1,20,old
2459,10.449643850326538,0.10444679362418041,PBPF,cracker_scene1,20,old
2460,10.454050779342651,0.10439795464158849,PBPF,cracker_scene1,20,old
2461,10.458373546600342,0.10439795464158849,PBPF,cracker_scene1,20,old
2462,10.462543964385986,0.1042722482774702,PBPF,cracker_scene1,20,old
2463,10.46679401397705,0.1042722482774702,PBPF,cracker_scene1,20,old
2464,10.47091031074524,0.1042722482774702,PBPF,cracker_scene1,20,old
2465,10.475334167480469,0.10433017373676079,PBPF,cracker_scene1,20,old
2466,10.47949767112732,0.1043586946754658,PBPF,cracker_scene1,20,old
2467,10.483813285827637,0.104358229846544,PBPF,cracker_scene1,20,old
2468,10.488055944442747,0.10434700813789971,PBPF,cracker_scene1,20,old
2469,10.4921772480011,0.10434700813789971,PBPF,cracker_scene1,20,old
2470,10.496552228927612,0.10425094338087121,PBPF,cracker_scene1,20,old
2471,10.500569581985474,0.1042257862324513,PBPF,cracker_scene1,20,old
2472,10.504745244979858,0.1042257862324513,PBPF,cracker_scene1,20,old
2473,10.508954286575316,0.1043254051413226,PBPF,cracker_scene1,20,old
2474,10.513320207595823,0.1043254051413226,PBPF,cracker_scene1,20,old
2475,10.517573595046995,0.10435441212837279,PBPF,cracker_scene1,20,old
2476,10.521661043167114,0.10435441212837279,PBPF,cracker_scene1,20,old
2477,10.52598762512207,0.10435393919271371,PBPF,cracker_scene1,20,old
2478,10.530165433883669,0.10435393919271371,PBPF,cracker_scene1,20,old
2479,10.534443855285645,0.10435275652027609,PBPF,cracker_scene1,20,old
2480,10.538652896881104,0.10433606153043401,PBPF,cracker_scene1,20,old
2481,10.542905569076538,0.10433606153043401,PBPF,cracker_scene1,20,old
2482,10.547327041625977,0.1042123092689364,PBPF,cracker_scene1,20,old
2483,10.551616430282593,0.1042123092689364,PBPF,cracker_scene1,20,old
2484,10.55604100227356,0.10416063971540301,PBPF,cracker_scene1,20,old
2485,10.560395956039429,0.1042302222757567,PBPF,cracker_scene1,20,old
2486,10.564647674560549,0.1042302222757567,PBPF,cracker_scene1,20,old
2487,10.568812370300291,0.1042302222757567,PBPF,cracker_scene1,20,old
2488,10.573240280151367,0.10418951223439779,PBPF,cracker_scene1,20,old
2489,10.577895641326904,0.10392904709846632,PBPF,cracker_scene1,20,old
2490,10.581916093826294,0.10392904709846632,PBPF,cracker_scene1,20,old
2491,10.586355924606323,0.104026993693106,PBPF,cracker_scene1,20,old
2492,10.590534687042236,0.10406116128754789,PBPF,cracker_scene1,20,old
2493,10.594708442687988,0.10406116128754789,PBPF,cracker_scene1,20,old
2494,10.599167585372925,0.10407418140912669,PBPF,cracker_scene1,20,old
2495,10.603623867034912,0.10395626711288,PBPF,cracker_scene1,20,old
2496,10.608468294143677,0.1040395932887182,PBPF,cracker_scene1,20,old
2497,10.61296534538269,0.1039446894207813,PBPF,cracker_scene1,20,old
2498,10.617399215698242,0.10390446493994701,PBPF,cracker_scene1,20,old
2499,10.621591567993164,0.1039850542013202,PBPF,cracker_scene1,20,old
2500,10.625853300094604,0.1039850542013202,PBPF,cracker_scene1,20,old
2501,10.630203485488892,0.10398058499243229,PBPF,cracker_scene1,20,old
2502,10.634573459625244,0.10398058499243229,PBPF,cracker_scene1,20,old
2503,10.638981819152832,0.10396718256595971,PBPF,cracker_scene1,20,old
2504,10.643028497695925,0.10396718256595971,PBPF,cracker_scene1,20,old
2505,10.647256851196287,0.10384858106487549,PBPF,cracker_scene1,20,old
2506,10.651347637176514,0.10384858106487549,PBPF,cracker_scene1,20,old
2507,10.65557599067688,0.10392417055869121,PBPF,cracker_scene1,20,old
2508,10.659624338150024,0.10392417055869121,PBPF,cracker_scene1,20,old
2509,10.66413116455078,0.1038959548573172,PBPF,cracker_scene1,20,old
2510,10.66855263710022,0.1038959548573172,PBPF,cracker_scene1,20,old
2511,10.672945737838743,0.103775184553076,PBPF,cracker_scene1,20,old
2512,10.677181005477903,0.103775184553076,PBPF,cracker_scene1,20,old
2513,10.681396007537842,0.10389390872217319,PBPF,cracker_scene1,20,old
2514,10.68553876876831,0.10389390872217319,PBPF,cracker_scene1,20,old
2515,10.689783334732056,0.10377285594136251,PBPF,cracker_scene1,20,old
2516,10.693929195404053,0.10377285594136251,PBPF,cracker_scene1,20,old
2517,10.698182106018066,0.1037324725087764,PBPF,cracker_scene1,20,old
2518,10.7024827003479,0.1037324725087764,PBPF,cracker_scene1,20,old
2519,10.706894159317017,0.1036947737791212,PBPF,cracker_scene1,20,old
2520,10.711071968078612,0.1036947737791212,PBPF,cracker_scene1,20,old
2521,10.715458154678345,0.1037935803177682,PBPF,cracker_scene1,20,old
2522,10.719566106796265,0.1037935803177682,PBPF,cracker_scene1,20,old
2523,10.723850011825562,0.1037909459132482,PBPF,cracker_scene1,20,old
2524,10.727988719940186,0.1037909459132482,PBPF,cracker_scene1,20,old
2525,10.732038497924805,0.1037948830273302,PBPF,cracker_scene1,20,old
2526,10.736535787582396,0.103823773716882,PBPF,cracker_scene1,20,old
2527,10.741076469421388,0.10365412006234301,PBPF,cracker_scene1,20,old
2528,10.745101928710938,0.10365412006234301,PBPF,cracker_scene1,20,old
2529,10.749390840530396,0.10352929358679269,PBPF,cracker_scene1,20,old
2530,10.753464698791504,0.10352929358679269,PBPF,cracker_scene1,20,old
2531,10.757771730422974,0.10361090023416991,PBPF,cracker_scene1,20,old
2532,10.761838674545288,0.10361090023416991,PBPF,cracker_scene1,20,old
2533,10.766190528869627,0.10358917771510859,PBPF,cracker_scene1,20,old
2534,10.770296096801758,0.10358917771510859,PBPF,cracker_scene1,20,old
2535,10.774695873260498,0.1035588987407722,PBPF,cracker_scene1,20,old
2536,10.778745412826538,0.1035588987407722,PBPF,cracker_scene1,20,old
2537,10.783278703689575,0.1035193342384344,PBPF,cracker_scene1,20,old
2538,10.78740906715393,0.1035193342384344,PBPF,cracker_scene1,20,old
2539,10.791854619979858,0.10350665093046829,PBPF,cracker_scene1,20,old
2540,10.796063899993896,0.1035011397114114,PBPF,cracker_scene1,20,old
2541,10.800546884536743,0.10350651706716221,PBPF,cracker_scene1,20,old
2542,10.804670810699465,0.10350651706716221,PBPF,cracker_scene1,20,old
2543,10.809060335159302,0.10353410650451711,PBPF,cracker_scene1,20,old
2544,10.813400268554688,0.1035390059678449,PBPF,cracker_scene1,20,old
2545,10.817689180374146,0.10353713751808821,PBPF,cracker_scene1,20,old
2546,10.821823120117188,0.1034400163031437,PBPF,cracker_scene1,20,old
2547,10.826419830322266,0.1034060975716011,PBPF,cracker_scene1,20,old
2548,10.830763339996338,0.1033896360143089,PBPF,cracker_scene1,20,old
2549,10.83521032333374,0.1033896360143089,PBPF,cracker_scene1,20,old
2550,10.839771032333374,0.10335345627549991,PBPF,cracker_scene1,20,old
2551,10.844239234924316,0.10335345627549991,PBPF,cracker_scene1,20,old
2552,10.84863805770874,0.10344013780887659,PBPF,cracker_scene1,20,old
2553,10.852774143218994,0.10344013780887659,PBPF,cracker_scene1,20,old
2554,10.85658359527588,0.10344013780887659,PBPF,cracker_scene1,20,old
2555,10.861251831054688,0.10343209085867769,PBPF,cracker_scene1,20,old
2556,10.865386724472046,0.10345329595296321,PBPF,cracker_scene1,20,old
2557,10.869900226593018,0.10345329595296321,PBPF,cracker_scene1,20,old
2558,10.874489545822144,0.1035072933177208,PBPF,cracker_scene1,20,old
2559,10.87855052947998,0.1035072933177208,PBPF,cracker_scene1,20,old
2560,10.88297414779663,0.1035026349192282,PBPF,cracker_scene1,20,old
2561,10.88697075843811,0.1035026349192282,PBPF,cracker_scene1,20,old
2562,10.891472816467283,0.10335440267809601,PBPF,cracker_scene1,20,old
2563,10.895670413970947,0.10335440267809601,PBPF,cracker_scene1,20,old
2564,10.900205373764038,0.1033397451781195,PBPF,cracker_scene1,20,old
2565,10.904857158660889,0.10441729149043771,PBPF,cracker_scene1,20,old
2566,10.909427165985107,0.10441729149043771,PBPF,cracker_scene1,20,old
2567,10.913475036621094,0.104416775799447,PBPF,cracker_scene1,20,old
2568,10.918142795562744,0.10436603365007391,PBPF,cracker_scene1,20,old
2569,10.92251443862915,0.1043518605742342,PBPF,cracker_scene1,20,old
2570,10.926897048950195,0.1043518605742342,PBPF,cracker_scene1,20,old
2571,10.931403160095217,0.104333912250205,PBPF,cracker_scene1,20,old
2572,10.935760736465454,0.104333912250205,PBPF,cracker_scene1,20,old
2573,10.9401273727417,0.1043742093518463,PBPF,cracker_scene1,20,old
2574,10.944169759750366,0.1043742093518463,PBPF,cracker_scene1,20,old
2575,10.94853138923645,0.1043547565552237,PBPF,cracker_scene1,20,old
2576,10.952759742736816,0.1043547565552237,PBPF,cracker_scene1,20,old
2577,10.95737910270691,0.10433260626994409,PBPF,cracker_scene1,20,old
2578,10.961632013320925,0.10433260626994409,PBPF,cracker_scene1,20,old
2579,10.966038942337036,0.1043518917823214,PBPF,cracker_scene1,20,old
2580,10.970231771469116,0.1043518917823214,PBPF,cracker_scene1,20,old
2581,10.974703788757324,0.10424333687893131,PBPF,cracker_scene1,20,old
2582,10.978825330734251,0.10424333687893131,PBPF,cracker_scene1,20,old
2583,10.983108282089232,0.10430870977801601,PBPF,cracker_scene1,20,old
2584,10.98724627494812,0.10430870977801601,PBPF,cracker_scene1,20,old
2585,10.99176573753357,0.10430517169999681,PBPF,cracker_scene1,20,old
2586,10.99597144126892,0.1043136704909075,PBPF,cracker_scene1,20,old
2587,11.000328540802002,0.10429043751228201,PBPF,cracker_scene1,20,old
2588,11.004577398300173,0.10427708144362621,PBPF,cracker_scene1,20,old
2589,11.00882339477539,0.10427708144362621,PBPF,cracker_scene1,20,old
2590,11.01305079460144,0.10427325941355,PBPF,cracker_scene1,20,old
2591,11.017414331436155,0.1042824500596577,PBPF,cracker_scene1,20,old
2592,11.021653413772585,0.10425857509280032,PBPF,cracker_scene1,20,old
2593,11.025978088378906,0.10425857509280032,PBPF,cracker_scene1,20,old
2594,11.030292510986328,0.10413748618786861,PBPF,cracker_scene1,20,old
2595,11.034710884094238,0.10413748618786861,PBPF,cracker_scene1,20,old
2596,11.039308786392212,0.10424888466959009,PBPF,cracker_scene1,20,old
2597,11.044835805892944,0.10424888466959009,PBPF,cracker_scene1,20,old
2598,11.04939031600952,0.1042669835996829,PBPF,cracker_scene1,20,old
2599,11.053775787353516,0.1042669835996829,PBPF,cracker_scene1,20,old
2600,11.05823254585266,0.1042616543471181,PBPF,cracker_scene1,20,old
2601,11.062483549118042,0.1042616543471181,PBPF,cracker_scene1,20,old
2602,11.06718921661377,0.10420880510744221,PBPF,cracker_scene1,20,old
2603,11.07190465927124,0.1047864121619683,PBPF,cracker_scene1,20,old
2604,11.07598066329956,0.1047864121619683,PBPF,cracker_scene1,20,old
2605,11.080156564712524,0.1047285436247995,PBPF,cracker_scene1,20,old
2606,11.084255456924438,0.1047285436247995,PBPF,cracker_scene1,20,old
2607,11.088433027267456,0.1047285436247995,PBPF,cracker_scene1,20,old
2608,11.093254804611206,0.10472060448564749,PBPF,cracker_scene1,20,old
2609,11.097541809082031,0.1046897323685411,PBPF,cracker_scene1,20,old
2610,11.101945877075195,0.1046897323685411,PBPF,cracker_scene1,20,old
2611,11.106272220611572,0.1047841453491771,PBPF,cracker_scene1,20,old
2612,11.110501289367676,0.1047841453491771,PBPF,cracker_scene1,20,old
2613,11.115028142929075,0.10478815597007521,PBPF,cracker_scene1,20,old
2614,11.11926770210266,0.1048141408190581,PBPF,cracker_scene1,20,old
2615,11.123695135116575,0.1048079509781254,PBPF,cracker_scene1,20,old
2616,11.127777576446531,0.1048079509781254,PBPF,cracker_scene1,20,old
2617,11.132267475128174,0.1047910438188906,PBPF,cracker_scene1,20,old
2618,11.136558771133425,0.1047910438188906,PBPF,cracker_scene1,20,old
2619,11.141066312789915,0.1047515661873375,PBPF,cracker_scene1,20,old
2620,11.145145416259766,0.1047515661873375,PBPF,cracker_scene1,20,old
2621,11.1496000289917,0.1045785744781654,PBPF,cracker_scene1,20,old
2622,11.153868198394775,0.1045785744781654,PBPF,cracker_scene1,20,old
2623,11.15846300125122,0.1046959342984832,PBPF,cracker_scene1,20,old
2624,11.16263508796692,0.1046959342984832,PBPF,cracker_scene1,20,old
2625,11.167121648788452,0.1046385912762442,PBPF,cracker_scene1,20,old
2626,11.171423196792604,0.1046385912762442,PBPF,cracker_scene1,20,old
2627,11.175812482833862,0.1046447820829112,PBPF,cracker_scene1,20,old
2628,11.180206060409546,0.10464742565122309,PBPF,cracker_scene1,20,old
2629,11.184581756591797,0.10464742565122309,PBPF,cracker_scene1,20,old
2630,11.188955307006836,0.10454558415953061,PBPF,cracker_scene1,20,old
2631,11.193243741989136,0.10454558415953061,PBPF,cracker_scene1,20,old
2632,11.197465896606444,0.1046835571308288,PBPF,cracker_scene1,20,old
2633,11.201930046081545,0.1046835571308288,PBPF,cracker_scene1,20,old
2634,11.20630979537964,0.10468710266535791,PBPF,cracker_scene1,20,old
2635,11.210838079452516,0.10468710266535791,PBPF,cracker_scene1,20,old
2636,11.215251922607422,0.1063570424159114,PBPF,cracker_scene1,20,old
2637,11.21942949295044,0.1063570424159114,PBPF,cracker_scene1,20,old
2638,11.223772764205933,0.10619609047465911,PBPF,cracker_scene1,20,old
2639,11.228012800216677,0.10619609047465911,PBPF,cracker_scene1,20,old
2640,11.232595682144163,0.1061456555482315,PBPF,cracker_scene1,20,old
2641,11.236749410629272,0.1061456555482315,PBPF,cracker_scene1,20,old
2642,11.240894079208374,0.10625310067328081,PBPF,cracker_scene1,20,old
2643,11.245129108428957,0.10625310067328081,PBPF,cracker_scene1,20,old
2644,11.249406814575195,0.10625310067328081,PBPF,cracker_scene1,20,old
2645,11.253427982330322,0.10625310067328081,PBPF,cracker_scene1,20,old
2646,11.257973909378052,0.1063096174867087,PBPF,cracker_scene1,20,old
2647,11.262378454208374,0.1063081413529818,PBPF,cracker_scene1,20,old
2648,11.266817569732666,0.10629631180775251,PBPF,cracker_scene1,20,old
2649,11.27130126953125,0.1062472421924294,PBPF,cracker_scene1,20,old
2650,11.275484561920166,0.1062472421924294,PBPF,cracker_scene1,20,old
2651,11.27971649169922,0.10625295319067879,PBPF,cracker_scene1,20,old
2652,11.283808946609495,0.1062616925278484,PBPF,cracker_scene1,20,old
2653,11.287810802459717,0.1062616925278484,PBPF,cracker_scene1,20,old
2654,11.29175853729248,0.1062616925278484,PBPF,cracker_scene1,20,old
2655,11.29665994644165,0.10624911080553331,PBPF,cracker_scene1,20,old
2656,11.301384449005129,0.10625760880402929,PBPF,cracker_scene1,20,old
2657,11.305400848388672,0.1062577504026129,PBPF,cracker_scene1,20,old
2658,11.309723377227783,0.1062543299134106,PBPF,cracker_scene1,20,old
2659,11.314077615737917,0.10623538028791299,PBPF,cracker_scene1,20,old
2660,11.318368196487429,0.10623538028791299,PBPF,cracker_scene1,20,old
2661,11.322487831115724,0.10623538028791299,PBPF,cracker_scene1,20,old
2662,11.326863050460815,0.10622678730567889,PBPF,cracker_scene1,20,old
2663,11.331125259399414,0.10622573854905201,PBPF,cracker_scene1,20,old
2664,11.335566997528076,0.10622914102407219,PBPF,cracker_scene1,20,old
2665,11.339824676513672,0.10622914102407219,PBPF,cracker_scene1,20,old
2666,11.34447741508484,0.10622407442128601,PBPF,cracker_scene1,20,old
2667,11.34876275062561,0.10605630552068951,PBPF,cracker_scene1,20,old
2668,11.353063583374023,0.10605630552068951,PBPF,cracker_scene1,20,old
2669,11.357458114624023,0.10619869270270829,PBPF,cracker_scene1,20,old
2670,11.361998796463013,0.10619869270270829,PBPF,cracker_scene1,20,old
2671,11.36630082130432,0.10619869270270829,PBPF,cracker_scene1,20,old
2672,11.370699644088743,0.10619118998377369,PBPF,cracker_scene1,20,old
2673,11.375180006027222,0.10660330351797359,PBPF,cracker_scene1,20,old
2674,11.379600524902344,0.106579918005895,PBPF,cracker_scene1,20,old
2675,11.383811473846436,0.106579918005895,PBPF,cracker_scene1,20,old
2676,11.388150453567505,0.10658896347508781,PBPF,cracker_scene1,20,old
2677,11.39252233505249,0.1065930126489816,PBPF,cracker_scene1,20,old
2678,11.39660358428955,0.106553345367248,PBPF,cracker_scene1,20,old
2679,11.40077805519104,0.106553345367248,PBPF,cracker_scene1,20,old
2680,11.405227899551392,0.1065623953061714,PBPF,cracker_scene1,20,old
2681,11.409603834152222,0.1065499992123331,PBPF,cracker_scene1,20,old
2682,11.414086818695068,0.1064360464424394,PBPF,cracker_scene1,20,old
2683,11.418581247329712,0.1064322611227371,PBPF,cracker_scene1,20,old
2684,11.423116445541382,0.1064022490143137,PBPF,cracker_scene1,20,old
2685,11.427558660507202,0.10651574892646709,PBPF,cracker_scene1,20,old
2686,11.4315984249115,0.10637755764594051,PBPF,cracker_scene1,20,old
2687,11.435943603515623,0.10633113366208141,PBPF,cracker_scene1,20,old
2688,11.44021773338318,0.10643961625986839,PBPF,cracker_scene1,20,old
2689,11.444356203079224,0.10643961625986839,PBPF,cracker_scene1,20,old
2690,11.448732852935793,0.10647781255753089,PBPF,cracker_scene1,20,old
2691,11.452906370162964,0.10647781255753089,PBPF,cracker_scene1,20,old
2692,11.457341432571411,0.10634048586556741,PBPF,cracker_scene1,20,old
2693,11.461508750915527,0.10634048586556741,PBPF,cracker_scene1,20,old
2694,11.465811967849731,0.1064831080789839,PBPF,cracker_scene1,20,old
2695,11.470042943954468,0.1064831080789839,PBPF,cracker_scene1,20,old
2696,11.47451376914978,0.10648207501374551,PBPF,cracker_scene1,20,old
2697,11.47866415977478,0.10648207501374551,PBPF,cracker_scene1,20,old
2698,11.483290910720823,0.1064838315440762,PBPF,cracker_scene1,20,old
2699,11.48728609085083,0.1064838315440762,PBPF,cracker_scene1,20,old
2700,11.491608381271362,0.10653292628744401,PBPF,cracker_scene1,20,old
2701,11.495862483978271,0.10653292628744401,PBPF,cracker_scene1,20,old
2702,11.5003023147583,0.10655400010305341,PBPF,cracker_scene1,20,old
2703,11.504739999771118,0.1065301463384293,PBPF,cracker_scene1,20,old
2704,11.508822441101074,0.1065301463384293,PBPF,cracker_scene1,20,old
2705,11.512937307357788,0.1065267810915351,PBPF,cracker_scene1,20,old
2706,11.517074346542358,0.10652648249040761,PBPF,cracker_scene1,20,old
2707,11.521177291870115,0.1065305985860337,PBPF,cracker_scene1,20,old
2708,11.525553226470947,0.10650611521335471,PBPF,cracker_scene1,20,old
2709,11.529680728912354,0.10647574743200841,PBPF,cracker_scene1,20,old
2710,11.534373760223389,0.10647574743200841,PBPF,cracker_scene1,20,old
2711,11.538941860198976,0.1077184906304858,PBPF,cracker_scene1,20,old
2712,11.543266773223875,0.1077184906304858,PBPF,cracker_scene1,20,old
2713,11.547334909439089,0.1077184906304858,PBPF,cracker_scene1,20,old
2714,11.551901578903198,0.1077155712564509,PBPF,cracker_scene1,20,old
2715,11.55633807182312,0.1075874173471508,PBPF,cracker_scene1,20,old
2716,11.560514450073242,0.1075874173471508,PBPF,cracker_scene1,20,old
2717,11.564908742904665,0.1076018021851275,PBPF,cracker_scene1,20,old
2718,11.569183826446531,0.1076018021851275,PBPF,cracker_scene1,20,old
2719,11.57357096672058,0.1076883550014538,PBPF,cracker_scene1,20,old
2720,11.577680826187134,0.1076883550014538,PBPF,cracker_scene1,20,old
2721,11.582234382629396,0.107712566553013,PBPF,cracker_scene1,20,old
2722,11.586360692977903,0.107712566553013,PBPF,cracker_scene1,20,old
2723,11.590741157531738,0.10769762866449589,PBPF,cracker_scene1,20,old
2724,11.5947687625885,0.10769762866449589,PBPF,cracker_scene1,20,old
2725,11.59912919998169,0.1076986256120239,PBPF,cracker_scene1,20,old
2726,11.603269815444946,0.1076986256120239,PBPF,cracker_scene1,20,old
2727,11.607725858688354,0.10768312832337631,PBPF,cracker_scene1,20,old
2728,11.611882209777832,0.10768312832337631,PBPF,cracker_scene1,20,old
2729,11.616201877593994,0.1076810101209505,PBPF,cracker_scene1,20,old
2730,11.620423555374146,0.1076810101209505,PBPF,cracker_scene1,20,old
2731,11.62484884262085,0.1077041942065628,PBPF,cracker_scene1,20,old
2732,11.628915548324583,0.1077041942065628,PBPF,cracker_scene1,20,old
2733,11.633417129516602,0.10770222924225281,PBPF,cracker_scene1,20,old
2734,11.637528419494627,0.10770222924225281,PBPF,cracker_scene1,20,old
2735,11.641767024993896,0.10768696540746661,PBPF,cracker_scene1,20,old
2736,11.64575695991516,0.10768696540746661,PBPF,cracker_scene1,20,old
2737,11.650190591812134,0.10768501922940521,PBPF,cracker_scene1,20,old
2738,11.654368877410889,0.1076955848516038,PBPF,cracker_scene1,20,old
2739,11.65883445739746,0.10769616324020881,PBPF,cracker_scene1,20,old
2740,11.663129329681396,0.10772739999907699,PBPF,cracker_scene1,20,old
2741,11.667588472366331,0.10772739999907699,PBPF,cracker_scene1,20,old
2742,11.671969413757324,0.1075885771754343,PBPF,cracker_scene1,20,old
2743,11.676185846328735,0.1075885771754343,PBPF,cracker_scene1,20,old
2744,11.680442571640016,0.1075759731301005,PBPF,cracker_scene1,20,old
2745,11.684847116470335,0.10774576327221261,PBPF,cracker_scene1,20,old
2746,11.689196586608888,0.10774576327221261,PBPF,cracker_scene1,20,old
2747,11.6934814453125,0.1077439886838309,PBPF,cracker_scene1,20,old
2748,11.698476791381836,0.10601922704730199,PBPF,cracker_scene1,20,old
2749,11.702839136123655,0.1059121044415583,PBPF,cracker_scene1,20,old
2750,11.707077741622925,0.1059121044415583,PBPF,cracker_scene1,20,old
2751,11.711398601531982,0.1060109364047051,PBPF,cracker_scene1,20,old
2752,11.715652704238892,0.1060109364047051,PBPF,cracker_scene1,20,old
2753,11.720102548599243,0.1060005857275503,PBPF,cracker_scene1,20,old
2754,11.724365711212158,0.1060005857275503,PBPF,cracker_scene1,20,old
2755,11.728758335113524,0.1059998637021281,PBPF,cracker_scene1,20,old
2756,11.733113765716553,0.10601300455570489,PBPF,cracker_scene1,20,old
2757,11.737441301345823,0.10600029964560409,PBPF,cracker_scene1,20,old
2758,11.741753816604614,0.1060055494305126,PBPF,cracker_scene1,20,old
2759,11.74608278274536,0.1060055494305126,PBPF,cracker_scene1,20,old
2760,11.750118017196655,0.1060055494305126,PBPF,cracker_scene1,20,old
2761,11.754467487335203,0.106023804157481,PBPF,cracker_scene1,20,old
2762,11.758659601211548,0.106023804157481,PBPF,cracker_scene1,20,old
2763,11.762985467910768,0.1060307602222402,PBPF,cracker_scene1,20,old
2764,11.767384052276611,0.1060279352303603,PBPF,cracker_scene1,20,old
2765,11.77165389060974,0.1060223794729589,PBPF,cracker_scene1,20,old
2766,11.77595329284668,0.1060223794729589,PBPF,cracker_scene1,20,old
2767,11.77995491027832,0.1060223794729589,PBPF,cracker_scene1,20,old
2768,11.784236669540403,0.10603107181749491,PBPF,cracker_scene1,20,old
2769,11.78852105140686,0.1060075681755955,PBPF,cracker_scene1,20,old
2770,11.79280924797058,0.1060075681755955,PBPF,cracker_scene1,20,old
2771,11.796846866607666,0.1060075681755955,PBPF,cracker_scene1,20,old
2772,11.80129337310791,0.1059087723787801,PBPF,cracker_scene1,20,old
2773,11.805724859237673,0.1060069748461655,PBPF,cracker_scene1,20,old
2774,11.81017804145813,0.10600122817078489,PBPF,cracker_scene1,20,old
2775,11.814516067504885,0.1060177664836148,PBPF,cracker_scene1,20,old
2776,11.819159984588625,0.1060149902722996,PBPF,cracker_scene1,20,old
2777,11.823527574539185,0.1058823455540781,PBPF,cracker_scene1,20,old
2778,11.827643394470217,0.1058823455540781,PBPF,cracker_scene1,20,old
2779,11.832035064697266,0.10601368974604991,PBPF,cracker_scene1,20,old
2780,11.83633017539978,0.10601368974604991,PBPF,cracker_scene1,20,old
2781,11.840728044509888,0.1060184586225267,PBPF,cracker_scene1,20,old
2782,11.844868421554564,0.1060184586225267,PBPF,cracker_scene1,20,old
2783,11.84936261177063,0.1060233759190854,PBPF,cracker_scene1,20,old
2784,11.85342574119568,0.1060233759190854,PBPF,cracker_scene1,20,old
2785,11.858211517333984,0.1058956824897676,PBPF,cracker_scene1,20,old
2786,11.86219334602356,0.1058956824897676,PBPF,cracker_scene1,20,old
2787,11.866473913192747,0.10588519931130991,PBPF,cracker_scene1,20,old
2788,11.870569944381714,0.1060135481246782,PBPF,cracker_scene1,20,old
2789,11.87472152709961,0.1059072263285763,PBPF,cracker_scene1,20,old
2790,11.878844261169434,0.1059072263285763,PBPF,cracker_scene1,20,old
2791,11.883527040481567,0.10588128186027601,PBPF,cracker_scene1,20,old
2792,11.887633800506592,0.10588128186027601,PBPF,cracker_scene1,20,old
2793,11.892323970794678,0.1059067833289449,PBPF,cracker_scene1,20,old
2794,11.89650058746338,0.10601360954133651,PBPF,cracker_scene1,20,old
2795,11.900999307632446,0.10601360954133651,PBPF,cracker_scene1,20,old
2796,11.90511703491211,0.10601360954133651,PBPF,cracker_scene1,20,old
2797,11.909465074539185,0.1059952808005056,PBPF,cracker_scene1,20,old
2798,11.913626432418823,0.10602676077059289,PBPF,cracker_scene1,20,old
2799,11.918031215667725,0.10602676077059289,PBPF,cracker_scene1,20,old
2800,11.922341585159302,0.10602174175880771,PBPF,cracker_scene1,20,old
2801,11.926830291748049,0.10590807046247719,PBPF,cracker_scene1,20,old
2802,11.931081056594849,0.1060209064672189,PBPF,cracker_scene1,20,old
2803,11.935178518295288,0.1060209064672189,PBPF,cracker_scene1,20,old
2804,11.93953537940979,0.10601666502730711,PBPF,cracker_scene1,20,old
2805,11.94382095336914,0.10601666502730711,PBPF,cracker_scene1,20,old
2806,11.948173999786375,0.10601811952674861,PBPF,cracker_scene1,20,old
2807,11.952200889587402,0.10601811952674861,PBPF,cracker_scene1,20,old
2808,11.956744194030762,0.1060060879235504,PBPF,cracker_scene1,20,old
2809,11.960843801498411,0.1060060879235504,PBPF,cracker_scene1,20,old
2810,11.965274095535278,0.10601633190020959,PBPF,cracker_scene1,20,old
2811,11.969544410705566,0.10601633190020959,PBPF,cracker_scene1,20,old
2812,11.973814010620115,0.10601542679274231,PBPF,cracker_scene1,20,old
2813,11.97800326347351,0.10601542679274231,PBPF,cracker_scene1,20,old
2814,11.982479810714722,0.1060141511953765,PBPF,cracker_scene1,20,old
2815,11.98647141456604,0.1060141511953765,PBPF,cracker_scene1,20,old
2816,11.990931034088137,0.1060249168321408,PBPF,cracker_scene1,20,old
2817,11.994940519332886,0.1060249168321408,PBPF,cracker_scene1,20,old
2818,11.999343872070312,0.10601257695948929,PBPF,cracker_scene1,20,old
2819,12.003622055053713,0.10601257695948929,PBPF,cracker_scene1,20,old
2820,12.008128881454468,0.1060138708372235,PBPF,cracker_scene1,20,old
2821,12.012149333953856,0.1060138708372235,PBPF,cracker_scene1,20,old
2822,12.016486406326294,0.10602327758963251,PBPF,cracker_scene1,20,old
2823,12.020517587661743,0.10602327758963251,PBPF,cracker_scene1,20,old
2824,12.024996757507324,0.10601717101001731,PBPF,cracker_scene1,20,old
2825,12.028979539871216,0.10601717101001731,PBPF,cracker_scene1,20,old
2826,12.03341031074524,0.1060158886508897,PBPF,cracker_scene1,20,old
2827,12.037637710571287,0.1060158886508897,PBPF,cracker_scene1,20,old
2828,12.04201889038086,0.1060264792241414,PBPF,cracker_scene1,20,old
2829,12.04634976387024,0.10601930503546281,PBPF,cracker_scene1,20,old
2830,12.050719738006592,0.10601930503546281,PBPF,cracker_scene1,20,old
2831,12.055060386657717,0.1060122675531209,PBPF,cracker_scene1,20,old
2832,12.059499502182009,0.10601696467814961,PBPF,cracker_scene1,20,old
2833,12.063712358474731,0.1060120544349738,PBPF,cracker_scene1,20,old
2834,12.068064212799072,0.1060120544349738,PBPF,cracker_scene1,20,old
2835,12.072238206863403,0.10601901522073509,PBPF,cracker_scene1,20,old
2836,12.076402425765991,0.10601901522073509,PBPF,cracker_scene1,20,old
2837,12.080742359161375,0.10601964786548271,PBPF,cracker_scene1,20,old
2838,12.085159540176392,0.10601356544710192,PBPF,cracker_scene1,20,old
2839,12.08951210975647,0.10588574641787571,PBPF,cracker_scene1,20,old
2840,12.09375286102295,0.10588574641787571,PBPF,cracker_scene1,20,old
2841,12.098174571990969,0.10602356613774899,PBPF,cracker_scene1,20,old
2842,12.102449417114258,0.10602356613774899,PBPF,cracker_scene1,20,old
2843,12.106870889663696,0.10601954124718971,PBPF,cracker_scene1,20,old
2844,12.11092734336853,0.10601954124718971,PBPF,cracker_scene1,20,old
2845,12.11542797088623,0.1060240710832556,PBPF,cracker_scene1,20,old
2846,12.119486093521118,0.1060240710832556,PBPF,cracker_scene1,20,old
2847,12.124059677124023,0.10601209029852529,PBPF,cracker_scene1,20,old
2848,12.1281840801239,0.10601209029852529,PBPF,cracker_scene1,20,old
2849,12.13266134262085,0.10601609923195099,PBPF,cracker_scene1,20,old
2850,12.13696551322937,0.10601609923195099,PBPF,cracker_scene1,20,old
2851,12.141441345214844,0.10603170749885951,PBPF,cracker_scene1,20,old
2852,12.145607948303224,0.10603170749885951,PBPF,cracker_scene1,20,old
2853,12.150035858154297,0.1058886438589727,PBPF,cracker_scene1,20,old
2854,12.154094219207764,0.1058886438589727,PBPF,cracker_scene1,20,old
2855,12.158538341522217,0.10594114566290092,PBPF,cracker_scene1,20,old
2856,12.16273307800293,0.10594114566290092,PBPF,cracker_scene1,20,old
2857,12.167280673980711,0.10601710724598179,PBPF,cracker_scene1,20,old
2858,12.171628713607788,0.10596583020765529,PBPF,cracker_scene1,20,old
2859,12.175681114196776,0.10596583020765529,PBPF,cracker_scene1,20,old
2860,12.179781198501589,0.10596583020765529,PBPF,cracker_scene1,20,old
2861,12.184043645858765,0.10594163870732351,PBPF,cracker_scene1,20,old
2862,12.18824315071106,0.1059349463142063,PBPF,cracker_scene1,20,old
2863,12.192332983016968,0.105939611635153,PBPF,cracker_scene1,20,old
2864,12.19652819633484,0.10593075271177221,PBPF,cracker_scene1,20,old
2865,12.200946807861328,0.10593075271177221,PBPF,cracker_scene1,20,old
2866,12.20518684387207,0.10594074287851851,PBPF,cracker_scene1,20,old
2867,12.209383487701416,0.10594074287851851,PBPF,cracker_scene1,20,old
2868,12.213443756103516,0.1059122953864223,PBPF,cracker_scene1,20,old
2869,12.217761278152466,0.1059122953864223,PBPF,cracker_scene1,20,old
2870,12.221882581710815,0.1058891800098131,PBPF,cracker_scene1,20,old
2871,12.226073026657104,0.1058992513751611,PBPF,cracker_scene1,20,old
2872,12.230366230010986,0.1058626646128118,PBPF,cracker_scene1,20,old
2873,12.23466682434082,0.1058626646128118,PBPF,cracker_scene1,20,old
2874,12.238786935806274,0.10584647324461322,PBPF,cracker_scene1,20,old
2875,12.24298334121704,0.10584647324461322,PBPF,cracker_scene1,20,old
2876,12.247102975845335,0.10574243270164049,PBPF,cracker_scene1,20,old
2877,12.251273155212402,0.10574243270164049,PBPF,cracker_scene1,20,old
2878,12.255380868911743,0.1058326335588709,PBPF,cracker_scene1,20,old
2879,12.25953984260559,0.1058326335588709,PBPF,cracker_scene1,20,old
2880,12.263762712478638,0.10584754644054131,PBPF,cracker_scene1,20,old
2881,12.26804256439209,0.10587047281763229,PBPF,cracker_scene1,20,old
2882,12.272212505340576,0.10587303237962059,PBPF,cracker_scene1,20,old
2883,12.27638053894043,0.10587303237962059,PBPF,cracker_scene1,20,old
2884,12.28049659729004,0.1058639640907236,PBPF,cracker_scene1,20,old
2885,12.284713745117188,0.1058639640907236,PBPF,cracker_scene1,20,old
2886,12.289076566696169,0.10585130096790829,PBPF,cracker_scene1,20,old
2887,12.293299198150637,0.10585130096790829,PBPF,cracker_scene1,20,old
2888,12.297614097595217,0.10580958055134701,PBPF,cracker_scene1,20,old
2889,12.301905155181885,0.10580958055134701,PBPF,cracker_scene1,20,old
2890,12.306296586990356,0.10566896481288629,PBPF,cracker_scene1,20,old
2891,12.310502290725708,0.10566896481288629,PBPF,cracker_scene1,20,old
2892,12.314887285232544,0.10578457401211971,PBPF,cracker_scene1,20,old
2893,12.319190502166748,0.10578457401211971,PBPF,cracker_scene1,20,old
2894,12.3235502243042,0.10575403815615311,PBPF,cracker_scene1,20,old
2895,12.32781720161438,0.10575403815615311,PBPF,cracker_scene1,20,old
2896,12.332252502441406,0.1057240633895686,PBPF,cracker_scene1,20,old
2897,12.336503028869627,0.1057240633895686,PBPF,cracker_scene1,20,old
2898,12.34111213684082,0.10518017849203751,PBPF,cracker_scene1,20,old
2899,12.34520959854126,0.10518017849203751,PBPF,cracker_scene1,20,old
2900,12.349477767944336,0.10521558017931151,PBPF,cracker_scene1,20,old
2901,12.35355520248413,0.10521558017931151,PBPF,cracker_scene1,20,old
2902,12.35779070854187,0.10528582923872931,PBPF,cracker_scene1,20,old
2903,12.361802816390991,0.10528582923872931,PBPF,cracker_scene1,20,old
2904,12.366084575653076,0.10525677272758249,PBPF,cracker_scene1,20,old
2905,12.370340585708618,0.10525677272758249,PBPF,cracker_scene1,20,old
2906,12.3745276927948,0.10520518695929451,PBPF,cracker_scene1,20,old
2907,12.378506898880005,0.10520518695929451,PBPF,cracker_scene1,20,old
2908,12.382622718811035,0.1051542772999581,PBPF,cracker_scene1,20,old
2909,12.386613368988035,0.1051542772999581,PBPF,cracker_scene1,20,old
2910,12.390753030776978,0.1051362634718388,PBPF,cracker_scene1,20,old
2911,12.394691944122314,0.1051362634718388,PBPF,cracker_scene1,20,old
2912,12.398971319198608,0.10514044651961879,PBPF,cracker_scene1,20,old
2913,12.403491973876951,0.10514044651961879,PBPF,cracker_scene1,20,old
2914,12.408048391342165,0.10498089545432171,PBPF,cracker_scene1,20,old
2915,12.412123680114746,0.10498089545432171,PBPF,cracker_scene1,20,old
2916,12.416632413864136,0.1050879871523501,PBPF,cracker_scene1,20,old
2917,12.42061734199524,0.1050879871523501,PBPF,cracker_scene1,20,old
2918,12.425014019012451,0.10491621340585919,PBPF,cracker_scene1,20,old
2919,12.429349184036257,0.10489425189403351,PBPF,cracker_scene1,20,old
2920,12.43372654914856,0.10489425189403351,PBPF,cracker_scene1,20,old
2921,12.438140392303469,0.1050018096939741,PBPF,cracker_scene1,20,old
2922,12.442407846450806,0.1050018096939741,PBPF,cracker_scene1,20,old
2923,12.44647479057312,0.1050018096939741,PBPF,cracker_scene1,20,old
2924,12.450811386108398,0.1049449171023914,PBPF,cracker_scene1,20,old
2925,12.454783916473389,0.1049449171023914,PBPF,cracker_scene1,20,old
2926,12.459206819534302,0.10492009845886571,PBPF,cracker_scene1,20,old
2927,12.46334671974182,0.10492009845886571,PBPF,cracker_scene1,20,old
2928,12.467803478240969,0.1047400772660445,PBPF,cracker_scene1,20,old
2929,12.472021341323853,0.1047400772660445,PBPF,cracker_scene1,20,old
2930,12.476397275924684,0.1048736056185226,PBPF,cracker_scene1,20,old
2931,12.480679512023926,0.1048736056185226,PBPF,cracker_scene1,20,old
2932,12.484883546829224,0.10488833718860119,PBPF,cracker_scene1,20,old
2933,12.489096403121948,0.10488833718860119,PBPF,cracker_scene1,20,old
2934,12.493054866790771,0.10488833718860119,PBPF,cracker_scene1,20,old
2935,12.49736475944519,0.10468733719894799,PBPF,cracker_scene1,20,old
2936,12.502084016799929,0.10537493687793281,PBPF,cracker_scene1,20,old
2937,12.506292581558228,0.10537493687793281,PBPF,cracker_scene1,20,old
2938,12.510642766952516,0.10549179955149851,PBPF,cracker_scene1,20,old
2939,12.514810562133787,0.1054884453036499,PBPF,cracker_scene1,20,old
2940,12.51913046836853,0.1054884453036499,PBPF,cracker_scene1,20,old
2941,12.523264408111572,0.1054884453036499,PBPF,cracker_scene1,20,old
2942,12.527669429779053,0.1054623239281322,PBPF,cracker_scene1,20,old
2943,12.531815528869627,0.1054623239281322,PBPF,cracker_scene1,20,old
2944,12.536136865615845,0.1053521561258417,PBPF,cracker_scene1,20,old
2945,12.540321111679075,0.1053521561258417,PBPF,cracker_scene1,20,old
2946,12.544559478759766,0.10530629973669811,PBPF,cracker_scene1,20,old
2947,12.548852443695068,0.10530629973669811,PBPF,cracker_scene1,20,old
2948,12.552974224090576,0.10530629973669811,PBPF,cracker_scene1,20,old
2949,12.557244777679443,0.1052570026000196,PBPF,cracker_scene1,20,old
2950,12.56134271621704,0.1052570026000196,PBPF,cracker_scene1,20,old
2951,12.56600546836853,0.1053071332063735,PBPF,cracker_scene1,20,old
2952,12.570232152938845,0.1053071332063735,PBPF,cracker_scene1,20,old
2953,12.574622631072998,0.10530405197174819,PBPF,cracker_scene1,20,old
2954,12.579081058502195,0.1051539220479683,PBPF,cracker_scene1,20,old
2955,12.583258390426636,0.1051539220479683,PBPF,cracker_scene1,20,old
2956,12.587601661682127,0.10511827784592961,PBPF,cracker_scene1,20,old
2957,12.591754913330078,0.10511827784592961,PBPF,cracker_scene1,20,old
2958,12.595762252807615,0.1052217815060674,PBPF,cracker_scene1,20,old
2959,12.600064992904665,0.1051993235217207,PBPF,cracker_scene1,20,old
2960,12.604776382446287,0.10517615440868161,PBPF,cracker_scene1,20,old
2961,12.609366416931152,0.10516326502387421,PBPF,cracker_scene1,20,old
2962,12.613975763320925,0.10509511686566161,PBPF,cracker_scene1,20,old
2963,12.618391752243042,0.10509511686566161,PBPF,cracker_scene1,20,old
2964,12.622434377670288,0.10509804889753879,PBPF,cracker_scene1,20,old
2965,12.626870155334473,0.10505910044479469,PBPF,cracker_scene1,20,old
2966,12.631147384643556,0.10506523978265,PBPF,cracker_scene1,20,old
2967,12.635566473007202,0.10506523978265,PBPF,cracker_scene1,20,old
2968,12.639923810958862,0.1050521306179979,PBPF,cracker_scene1,20,old
2969,12.643884897232056,0.1050521306179979,PBPF,cracker_scene1,20,old
2970,12.64847207069397,0.1049072500752482,PBPF,cracker_scene1,20,old
2971,12.652570486068726,0.1049072500752482,PBPF,cracker_scene1,20,old
2972,12.657191514968872,0.1049652331296346,PBPF,cracker_scene1,20,old
2973,12.661285400390623,0.1049652331296346,PBPF,cracker_scene1,20,old
2974,12.665834188461304,0.10195071449915771,PBPF,cracker_scene1,20,old
2975,12.670212268829346,0.10195071449915771,PBPF,cracker_scene1,20,old
2976,12.674593448638916,0.1018836527497676,PBPF,cracker_scene1,20,old
2977,12.678707838058472,0.1018836527497676,PBPF,cracker_scene1,20,old
2978,12.683042764663696,0.10190213460788719,PBPF,cracker_scene1,20,old
2979,12.687106847763062,0.10190213460788719,PBPF,cracker_scene1,20,old
2980,12.691628456115724,0.101893628547927,PBPF,cracker_scene1,20,old
2981,12.695706605911257,0.101893628547927,PBPF,cracker_scene1,20,old
2982,12.700214624404907,0.1018810919072286,PBPF,cracker_scene1,20,old
2983,12.704338073730469,0.1017008775975235,PBPF,cracker_scene1,20,old
2984,12.70878767967224,0.1017008775975235,PBPF,cracker_scene1,20,old
2985,12.713072538375854,0.1018347048328524,PBPF,cracker_scene1,20,old
2986,12.717529296875,0.1017802522733528,PBPF,cracker_scene1,20,old
2987,12.721588611602783,0.1017795747783693,PBPF,cracker_scene1,20,old
2988,12.725995779037476,0.1017337697530441,PBPF,cracker_scene1,20,old
2989,12.730275392532349,0.1017118192639388,PBPF,cracker_scene1,20,old
2990,12.734539031982422,0.1017118192639388,PBPF,cracker_scene1,20,old
2991,12.738754272460938,0.10170124653238571,PBPF,cracker_scene1,20,old
2992,12.743107795715332,0.10170124653238571,PBPF,cracker_scene1,20,old
2993,12.747437953948976,0.10166058638946279,PBPF,cracker_scene1,20,old
2994,12.751725912094116,0.10166058638946279,PBPF,cracker_scene1,20,old
2995,12.755956649780272,0.1016533538936433,PBPF,cracker_scene1,20,old
2996,12.76025915145874,0.1016533538936433,PBPF,cracker_scene1,20,old
2997,12.76416039466858,0.1016533538936433,PBPF,cracker_scene1,20,old
2998,12.768720388412476,0.1014744340864294,PBPF,cracker_scene1,20,old
2999,12.773180484771729,0.10157040540734949,PBPF,cracker_scene1,20,old
3000,12.777282476425173,0.10157040540734949,PBPF,cracker_scene1,20,old
3001,12.78166890144348,0.10157499068979059,PBPF,cracker_scene1,20,old
3002,12.78583836555481,0.10157499068979059,PBPF,cracker_scene1,20,old
3003,12.790348768234251,0.1014539113483924,PBPF,cracker_scene1,20,old
3004,12.794378280639648,0.1014539113483924,PBPF,cracker_scene1,20,old
3005,12.798800706863403,0.10150976997117,PBPF,cracker_scene1,20,old
3006,12.803163528442385,0.10150976997117,PBPF,cracker_scene1,20,old
3007,12.807421922683716,0.101357663885772,PBPF,cracker_scene1,20,old
3008,12.811442852020264,0.101357663885772,PBPF,cracker_scene1,20,old
3009,12.815705060958862,0.1014562637936354,PBPF,cracker_scene1,20,old
3010,12.81993842124939,0.10257278367066941,PBPF,cracker_scene1,20,old
3011,12.82418179512024,0.1023795915223927,PBPF,cracker_scene1,20,old
3012,12.82819676399231,0.1023795915223927,PBPF,cracker_scene1,20,old
3013,12.8324933052063,0.10233833052109939,PBPF,cracker_scene1,20,old
3014,12.836937189102173,0.10233833052109939,PBPF,cracker_scene1,20,old
3015,12.841516733169556,0.1024231802439893,PBPF,cracker_scene1,20,old
3016,12.845566034317017,0.1024231802439893,PBPF,cracker_scene1,20,old
3017,12.850035429000854,0.10240225402697589,PBPF,cracker_scene1,20,old
3018,12.854256868362429,0.10240225402697589,PBPF,cracker_scene1,20,old
3019,12.858596563339232,0.1023907133143212,PBPF,cracker_scene1,20,old
3020,12.86293363571167,0.1023907133143212,PBPF,cracker_scene1,20,old
3021,12.867310523986816,0.1024115690038073,PBPF,cracker_scene1,20,old
3022,12.87169098854065,0.1024115690038073,PBPF,cracker_scene1,20,old
3023,12.876136302947998,0.10236360433849609,PBPF,cracker_scene1,20,old
3024,12.88036823272705,0.10236360433849609,PBPF,cracker_scene1,20,old
3025,12.884613990783691,0.1022033920243739,PBPF,cracker_scene1,20,old
3026,12.888865947723389,0.1022033920243739,PBPF,cracker_scene1,20,old
3027,12.892868280410768,0.1022033920243739,PBPF,cracker_scene1,20,old
3028,12.897286415100098,0.1021407931165848,PBPF,cracker_scene1,20,old
3029,12.901592493057253,0.10221894660342509,PBPF,cracker_scene1,20,old
3030,12.90585446357727,0.10221894660342509,PBPF,cracker_scene1,20,old
3031,12.910160064697266,0.10221153904952571,PBPF,cracker_scene1,20,old
3032,12.91454792022705,0.1021711649750637,PBPF,cracker_scene1,20,old
3033,12.91889715194702,0.1021514220193332,PBPF,cracker_scene1,20,old
3034,12.923034191131592,0.1021514220193332,PBPF,cracker_scene1,20,old
3035,12.92733907699585,0.1020972037854335,PBPF,cracker_scene1,20,old
3036,12.931583404541016,0.1020972037854335,PBPF,cracker_scene1,20,old
3037,12.935820817947388,0.1020972037854335,PBPF,cracker_scene1,20,old
3038,12.940176010131836,0.1020972037854335,PBPF,cracker_scene1,20,old
3039,12.94451642036438,0.10206428455531699,PBPF,cracker_scene1,20,old
3040,12.94879388809204,0.10206428455531699,PBPF,cracker_scene1,20,old
3041,12.953093767166138,0.10196800929891289,PBPF,cracker_scene1,20,old
3042,12.957188844680786,0.10192805087602319,PBPF,cracker_scene1,20,old
3043,12.96159529685974,0.10192805087602319,PBPF,cracker_scene1,20,old
3044,12.965654373168944,0.1019273524893492,PBPF,cracker_scene1,20,old
3045,12.970182180404665,0.1018621958062767,PBPF,cracker_scene1,20,old
3046,12.974268674850464,0.1018621958062767,PBPF,cracker_scene1,20,old
3047,12.978718757629396,0.1019673152006366,PBPF,cracker_scene1,20,old
3048,12.98308515548706,0.09372552780799301,PBPF,cracker_scene1,20,old
3049,12.987380743026732,0.09366971802114399,PBPF,cracker_scene1,20,old
3050,12.9917094707489,0.09366971802114399,PBPF,cracker_scene1,20,old
3051,12.995702981948853,0.09366971802114399,PBPF,cracker_scene1,20,old
3052,13.000173807144163,0.09354792614557919,PBPF,cracker_scene1,20,old
3053,13.004638671875,0.09357209381859521,PBPF,cracker_scene1,20,old
3054,13.009250402450562,0.09343336680340081,PBPF,cracker_scene1,20,old
3055,13.01377820968628,0.093241171840665,PBPF,cracker_scene1,20,old
3056,13.018260478973389,0.09327453023548679,PBPF,cracker_scene1,20,old
3057,13.022650241851808,0.0932432773266077,PBPF,cracker_scene1,20,old
3058,13.027156114578249,0.0931894970158125,PBPF,cracker_scene1,20,old
3059,13.031582832336426,0.09315327258379541,PBPF,cracker_scene1,20,old
3060,13.035899877548218,0.09315327258379541,PBPF,cracker_scene1,20,old
3061,13.040164232254028,0.09317436721952829,PBPF,cracker_scene1,20,old
3062,13.044155597686768,0.09317436721952829,PBPF,cracker_scene1,20,old
3063,13.0484037399292,0.09322603238813901,PBPF,cracker_scene1,20,old
3064,13.052446126937866,0.09322603238813901,PBPF,cracker_scene1,20,old
3065,13.056454181671144,0.0930591995856595,PBPF,cracker_scene1,20,old
3066,13.0606050491333,0.0930591995856595,PBPF,cracker_scene1,20,old
3067,13.064939022064207,0.0931857065845818,PBPF,cracker_scene1,20,old
3068,13.069688320159912,0.0931857065845818,PBPF,cracker_scene1,20,old
3069,13.07400393486023,0.0930416908837009,PBPF,cracker_scene1,20,old
3070,13.078051567077637,0.0930416908837009,PBPF,cracker_scene1,20,old
3071,13.082625150680542,0.0931011444542314,PBPF,cracker_scene1,20,old
3072,13.086612462997437,0.0931011444542314,PBPF,cracker_scene1,20,old
3073,13.09107756614685,0.09305941132635201,PBPF,cracker_scene1,20,old
3074,13.095190048217772,0.09305941132635201,PBPF,cracker_scene1,20,old
3075,13.09946894645691,0.0930425040426687,PBPF,cracker_scene1,20,old
3076,13.1038658618927,0.0929653813208508,PBPF,cracker_scene1,20,old
3077,13.108309984207152,0.09280756926224329,PBPF,cracker_scene1,20,old
3078,13.113776445388794,0.09286325635449699,PBPF,cracker_scene1,20,old
3079,13.118290424346924,0.09286325635449699,PBPF,cracker_scene1,20,old
3080,13.122861862182615,0.0928263593992511,PBPF,cracker_scene1,20,old
3081,13.127151250839232,0.0928263593992511,PBPF,cracker_scene1,20,old
3082,13.131587028503418,0.0928181962612579,PBPF,cracker_scene1,20,old
3083,13.1360445022583,0.0824794988075809,PBPF,cracker_scene1,20,old
3084,13.140374422073364,0.0824424094204079,PBPF,cracker_scene1,20,old
3085,13.144546747207642,0.0824424094204079,PBPF,cracker_scene1,20,old
3086,13.149128913879396,0.08240352861509631,PBPF,cracker_scene1,20,old
3087,13.153319597244264,0.08240352861509631,PBPF,cracker_scene1,20,old
3088,13.157563924789429,0.08241119529277921,PBPF,cracker_scene1,20,old
3089,13.161903619766235,0.08241119529277921,PBPF,cracker_scene1,20,old
3090,13.166327953338625,0.0823361444715535,PBPF,cracker_scene1,20,old
3091,13.17076063156128,0.0823361444715535,PBPF,cracker_scene1,20,old
3092,13.17513632774353,0.0822440121906372,PBPF,cracker_scene1,20,old
3093,13.179312705993652,0.08217398056672451,PBPF,cracker_scene1,20,old
3094,13.18370532989502,0.08217398056672451,PBPF,cracker_scene1,20,old
3095,13.187764644622805,0.08210230699309601,PBPF,cracker_scene1,20,old
3096,13.192115783691406,0.08210230699309601,PBPF,cracker_scene1,20,old
3097,13.196332454681396,0.0818949184589175,PBPF,cracker_scene1,20,old
3098,13.200859546661375,0.0818949184589175,PBPF,cracker_scene1,20,old
3099,13.205049514770508,0.08197967265221251,PBPF,cracker_scene1,20,old
3100,13.209386348724363,0.08197967265221251,PBPF,cracker_scene1,20,old
3101,13.213680744171144,0.0819114238775962,PBPF,cracker_scene1,20,old
3102,13.217999696731567,0.0819114238775962,PBPF,cracker_scene1,20,old
3103,13.222260475158691,0.08176632876743639,PBPF,cracker_scene1,20,old
3104,13.226680517196655,0.08176632876743639,PBPF,cracker_scene1,20,old
3105,13.231115341186523,0.0817351137335629,PBPF,cracker_scene1,20,old
3106,13.235557079315186,0.0817351137335629,PBPF,cracker_scene1,20,old
3107,13.23973536491394,0.08176026276171791,PBPF,cracker_scene1,20,old
3108,13.243825912475586,0.08176026276171791,PBPF,cracker_scene1,20,old
3109,13.248058319091797,0.081675221307106,PBPF,cracker_scene1,20,old
3110,13.252174615859984,0.081675221307106,PBPF,cracker_scene1,20,old
3111,13.25641679763794,0.08162282538647339,PBPF,cracker_scene1,20,old
3112,13.260494947433472,0.08162282538647339,PBPF,cracker_scene1,20,old
3113,13.264768123626707,0.08157196189632701,PBPF,cracker_scene1,20,old
3114,13.268913984298706,0.08157196189632701,PBPF,cracker_scene1,20,old
3115,13.273600339889526,0.0815209855799644,PBPF,cracker_scene1,20,old
3116,13.277791500091553,0.0815209855799644,PBPF,cracker_scene1,20,old
3117,13.282219409942629,0.0814860615154673,PBPF,cracker_scene1,20,old
3118,13.286401748657228,0.0814860615154673,PBPF,cracker_scene1,20,old
3119,13.290846824645996,0.0814151167128069,PBPF,cracker_scene1,20,old
3120,13.29524040222168,0.0750928544333839,PBPF,cracker_scene1,20,old
3121,13.29967761039734,0.0749056503749666,PBPF,cracker_scene1,20,old
3122,13.30402374267578,0.0749056503749666,PBPF,cracker_scene1,20,old
3123,13.308346033096312,0.0749382038157008,PBPF,cracker_scene1,20,old
3124,13.312575817108154,0.0748421394253569,PBPF,cracker_scene1,20,old
3125,13.316778898239136,0.0747512471668848,PBPF,cracker_scene1,20,old
3126,13.32091236114502,0.0747512471668848,PBPF,cracker_scene1,20,old
3127,13.32541799545288,0.0747998837703335,PBPF,cracker_scene1,20,old
3128,13.329456567764282,0.0747998837703335,PBPF,cracker_scene1,20,old
3129,13.334105253219604,0.0746877185353776,PBPF,cracker_scene1,20,old
3130,13.338367223739624,0.07460878830499021,PBPF,cracker_scene1,20,old
3131,13.342616558074951,0.07461119578354561,PBPF,cracker_scene1,20,old
3132,13.346836566925049,0.0744146601289279,PBPF,cracker_scene1,20,old
3133,13.351160287857056,0.0744146601289279,PBPF,cracker_scene1,20,old
3134,13.35544776916504,0.0744714122861449,PBPF,cracker_scene1,20,old
3135,13.3596613407135,0.0744714122861449,PBPF,cracker_scene1,20,old
3136,13.363926410675049,0.0744127131808624,PBPF,cracker_scene1,20,old
3137,13.368186950683594,0.0744127131808624,PBPF,cracker_scene1,20,old
3138,13.37254762649536,0.0743877458405344,PBPF,cracker_scene1,20,old
3139,13.3767569065094,0.0743877458405344,PBPF,cracker_scene1,20,old
3140,13.381207942962646,0.0741954520491445,PBPF,cracker_scene1,20,old
3141,13.385324001312256,0.0741954520491445,PBPF,cracker_scene1,20,old
3142,13.38978362083435,0.0742092916129728,PBPF,cracker_scene1,20,old
3143,13.393993616104126,0.0742092916129728,PBPF,cracker_scene1,20,old
3144,13.39846158027649,0.074040683095185,PBPF,cracker_scene1,20,old
3145,13.40281057357788,0.074040683095185,PBPF,cracker_scene1,20,old
3146,13.4071044921875,0.07406065231738171,PBPF,cracker_scene1,20,old
3147,13.411161422729492,0.07406065231738171,PBPF,cracker_scene1,20,old
3148,13.415791511535645,0.07398272291355701,PBPF,cracker_scene1,20,old
3149,13.419890880584717,0.07398272291355701,PBPF,cracker_scene1,20,old
3150,13.424547672271729,0.07393987726488929,PBPF,cracker_scene1,20,old
3151,13.428653955459597,0.07393987726488929,PBPF,cracker_scene1,20,old
3152,13.43304181098938,0.0737197333907819,PBPF,cracker_scene1,20,old
3153,13.437368154525757,0.0737197333907819,PBPF,cracker_scene1,20,old
3154,13.44159984588623,0.0737807383458188,PBPF,cracker_scene1,20,old
3155,13.445619106292725,0.0737807383458188,PBPF,cracker_scene1,20,old
3156,13.44995641708374,0.0736176436543898,PBPF,cracker_scene1,20,old
3157,13.454172134399414,0.0743132553658655,PBPF,cracker_scene1,20,old
3158,13.458780765533447,0.07422233021018909,PBPF,cracker_scene1,20,old
3159,13.463037967681885,0.0742239985978854,PBPF,cracker_scene1,20,old
3160,13.467452764511108,0.0742239985978854,PBPF,cracker_scene1,20,old
3161,13.471676588058472,0.0742239985978854,PBPF,cracker_scene1,20,old
3162,13.476038932800291,0.0742058471697246,PBPF,cracker_scene1,20,old
3163,13.480149269104004,0.07420677902149961,PBPF,cracker_scene1,20,old
3164,13.484625339508057,0.074118153393,PBPF,cracker_scene1,20,old
3165,13.488914012908936,0.0740615297577853,PBPF,cracker_scene1,20,old
3166,13.493210554122925,0.0740615297577853,PBPF,cracker_scene1,20,old
3167,13.497533321380615,0.07397073214132671,PBPF,cracker_scene1,20,old
3168,13.50194263458252,0.07397073214132671,PBPF,cracker_scene1,20,old
3169,13.506247758865356,0.0738002710430633,PBPF,cracker_scene1,20,old
3170,13.510541439056396,0.0738002710430633,PBPF,cracker_scene1,20,old
3171,13.514994621276855,0.07380697560311911,PBPF,cracker_scene1,20,old
3172,13.519113063812256,0.07380697560311911,PBPF,cracker_scene1,20,old
3173,13.523525476455688,0.0737243467442273,PBPF,cracker_scene1,20,old
3174,13.527649402618408,0.0737243467442273,PBPF,cracker_scene1,20,old
3175,13.532047748565674,0.07367656803347669,PBPF,cracker_scene1,20,old
3176,13.536260843276978,0.07367656803347669,PBPF,cracker_scene1,20,old
3177,13.540604829788208,0.07360658061370559,PBPF,cracker_scene1,20,old
3178,13.544771194458008,0.07360658061370559,PBPF,cracker_scene1,20,old
3179,13.549011468887327,0.0735399384670103,PBPF,cracker_scene1,20,old
3180,13.553290367126465,0.0735399384670103,PBPF,cracker_scene1,20,old
3181,13.557731866836548,0.0733904675678255,PBPF,cracker_scene1,20,old
3182,13.561842441558838,0.0733904675678255,PBPF,cracker_scene1,20,old
3183,13.566142559051514,0.0734027183401578,PBPF,cracker_scene1,20,old
3184,13.570369005203249,0.0734027183401578,PBPF,cracker_scene1,20,old
3185,13.574914455413818,0.07330481948360809,PBPF,cracker_scene1,20,old
3186,13.57902717590332,0.07330481948360809,PBPF,cracker_scene1,20,old
3187,13.583584547042848,0.0731554609501131,PBPF,cracker_scene1,20,old
3188,13.587797164916992,0.0731961361976107,PBPF,cracker_scene1,20,old
3189,13.592338800430298,0.0731961361976107,PBPF,cracker_scene1,20,old
3190,13.596570491790771,0.0730959068347311,PBPF,cracker_scene1,20,old
3191,13.600926160812378,0.0730959068347311,PBPF,cracker_scene1,20,old
3192,13.605115175247192,0.0730425119891301,PBPF,cracker_scene1,20,old
3193,13.609466314315796,0.0730425119891301,PBPF,cracker_scene1,20,old
3194,13.613911151885986,0.0755538888836054,PBPF,cracker_scene1,20,old
3195,13.618082284927368,0.0755538888836054,PBPF,cracker_scene1,20,old
3196,13.622311353683472,0.0754404898913375,PBPF,cracker_scene1,20,old
3197,13.626572132110596,0.0754404898913375,PBPF,cracker_scene1,20,old
3198,13.63090968132019,0.07535347373698789,PBPF,cracker_scene1,20,old
3199,13.635374784469604,0.07535347373698789,PBPF,cracker_scene1,20,old
3200,13.639612197875977,0.0751936599819504,PBPF,cracker_scene1,20,old
3201,13.643740892410278,0.0751936599819504,PBPF,cracker_scene1,20,old
3202,13.64794898033142,0.0750301271744366,PBPF,cracker_scene1,20,old
3203,13.651989459991457,0.0750301271744366,PBPF,cracker_scene1,20,old
3204,13.65593719482422,0.0750301271744366,PBPF,cracker_scene1,20,old
3205,13.66015911102295,0.0749672269214765,PBPF,cracker_scene1,20,old
3206,13.664165019989014,0.0749672269214765,PBPF,cracker_scene1,20,old
3207,13.6687970161438,0.0749672269214765,PBPF,cracker_scene1,20,old
3208,13.672972440719604,0.0748809498850739,PBPF,cracker_scene1,20,old
3209,13.67740774154663,0.0748433198208181,PBPF,cracker_scene1,20,old
3210,13.681633949279783,0.0748433198208181,PBPF,cracker_scene1,20,old
3211,13.685827255249023,0.0748433198208181,PBPF,cracker_scene1,20,old
3212,13.690085887908936,0.07479255728536971,PBPF,cracker_scene1,20,old
3213,13.6943461894989,0.07479255728536971,PBPF,cracker_scene1,20,old
3214,13.698750734329224,0.0747715728326886,PBPF,cracker_scene1,20,old
3215,13.70310926437378,0.0747715728326886,PBPF,cracker_scene1,20,old
3216,13.707364559173584,0.0747715728326886,PBPF,cracker_scene1,20,old
3217,13.711774587631226,0.0746092110935277,PBPF,cracker_scene1,20,old
3218,13.715940713882446,0.0746092110935277,PBPF,cracker_scene1,20,old
3219,13.72026515007019,0.0746076473971394,PBPF,cracker_scene1,20,old
3220,13.724467754364014,0.0746076473971394,PBPF,cracker_scene1,20,old
3221,13.72873306274414,0.0744113428525071,PBPF,cracker_scene1,20,old
3222,13.733132362365724,0.0744113428525071,PBPF,cracker_scene1,20,old
3223,13.73733687400818,0.0744452004211017,PBPF,cracker_scene1,20,old
3224,13.741780042648315,0.0744444834620347,PBPF,cracker_scene1,20,old
3225,13.746062517166138,0.0744245043388875,PBPF,cracker_scene1,20,old
3226,13.750526666641235,0.0742587477074504,PBPF,cracker_scene1,20,old
3227,13.754681587219238,0.0742587477074504,PBPF,cracker_scene1,20,old
3228,13.759033203125,0.07415313299941731,PBPF,cracker_scene1,20,old
3229,13.76352334022522,0.07415313299941731,PBPF,cracker_scene1,20,old
3230,13.767619609832764,0.07415313299941731,PBPF,cracker_scene1,20,old
3231,13.771896600723268,0.07417876692915121,PBPF,cracker_scene1,20,old
3232,13.77664566040039,0.07659443085925641,PBPF,cracker_scene1,20,old
3233,13.780951261520386,0.07659443085925641,PBPF,cracker_scene1,20,old
3234,13.785199165344238,0.07659443085925641,PBPF,cracker_scene1,20,old
3235,13.789715051651,0.07653789369283359,PBPF,cracker_scene1,20,old
3236,13.794214248657228,0.07656467302121339,PBPF,cracker_scene1,20,old
3237,13.79853582382202,0.07656467302121339,PBPF,cracker_scene1,20,old
3238,13.802912473678589,0.07656467302121339,PBPF,cracker_scene1,20,old
3239,13.807493209838867,0.07641625335793009,PBPF,cracker_scene1,20,old
3240,13.812062501907349,0.0763336645445587,PBPF,cracker_scene1,20,old
3241,13.816661596298218,0.0762330492359442,PBPF,cracker_scene1,20,old
3242,13.82121729850769,0.0761121924063741,PBPF,cracker_scene1,20,old
3243,13.825921773910522,0.07612916069984521,PBPF,cracker_scene1,20,old
3244,13.830229997634888,0.07616185051824201,PBPF,cracker_scene1,20,old
3245,13.834662914276125,0.07616185051824201,PBPF,cracker_scene1,20,old
3246,13.83891749382019,0.07610575023345681,PBPF,cracker_scene1,20,old
3247,13.843081712722778,0.07610575023345681,PBPF,cracker_scene1,20,old
3248,13.847332954406738,0.0760288142763619,PBPF,cracker_scene1,20,old
3249,13.851470470428469,0.0760288142763619,PBPF,cracker_scene1,20,old
3250,13.85582947731018,0.07595089854670181,PBPF,cracker_scene1,20,old
3251,13.860012531280518,0.07595089854670181,PBPF,cracker_scene1,20,old
3252,13.864394426345823,0.0756241935967902,PBPF,cracker_scene1,20,old
3253,13.868706464767456,0.0756241935967902,PBPF,cracker_scene1,20,old
3254,13.872917175292969,0.075729710171341,PBPF,cracker_scene1,20,old
3255,13.87693977355957,0.075729710171341,PBPF,cracker_scene1,20,old
3256,13.881027936935425,0.0758302397445311,PBPF,cracker_scene1,20,old
3257,13.885196447372437,0.0757706059396061,PBPF,cracker_scene1,20,old
3258,13.889326333999634,0.0757049420405621,PBPF,cracker_scene1,20,old
3259,13.89329743385315,0.0757049420405621,PBPF,cracker_scene1,20,old
3260,13.897661924362184,0.0756615809154659,PBPF,cracker_scene1,20,old
3261,13.902379989624023,0.0756615809154659,PBPF,cracker_scene1,20,old
3262,13.906868696212769,0.0756284606409384,PBPF,cracker_scene1,20,old
3263,13.910943269729614,0.0756284606409384,PBPF,cracker_scene1,20,old
3264,13.915435791015623,0.0754594440446225,PBPF,cracker_scene1,20,old
3265,13.919533729553224,0.0754594440446225,PBPF,cracker_scene1,20,old
3266,13.923970937728882,0.0754758624335844,PBPF,cracker_scene1,20,old
3267,13.928058624267578,0.0754758624335844,PBPF,cracker_scene1,20,old
3268,13.932629823684692,0.0755311544523822,PBPF,cracker_scene1,20,old
3269,13.93699073791504,0.07520016201752111,PBPF,cracker_scene1,20,old
3270,13.94128942489624,0.0751157403319832,PBPF,cracker_scene1,20,old
3271,13.945465087890623,0.0750298285331934,PBPF,cracker_scene1,20,old
3272,13.949944972991943,0.07494256528327001,PBPF,cracker_scene1,20,old
3273,13.954015493392944,0.07494256528327001,PBPF,cracker_scene1,20,old
3274,13.958335399627686,0.074937724998743,PBPF,cracker_scene1,20,old
3275,13.962345600128174,0.074937724998743,PBPF,cracker_scene1,20,old
3276,13.966873407363892,0.0747043749855885,PBPF,cracker_scene1,20,old
3277,13.971028327941896,0.0745807845888342,PBPF,cracker_scene1,20,old
3278,13.975321054458618,0.0745807845888342,PBPF,cracker_scene1,20,old
3279,13.979477882385254,0.0746889050521813,PBPF,cracker_scene1,20,old
3280,13.983811616897585,0.0745847322344098,PBPF,cracker_scene1,20,old
3281,13.988287210464478,0.0744826391569868,PBPF,cracker_scene1,20,old
3282,13.992588520050049,0.07455247486565411,PBPF,cracker_scene1,20,old
3283,13.996770858764648,0.0746114031205172,PBPF,cracker_scene1,20,old
3284,14.00110650062561,0.0746114031205172,PBPF,cracker_scene1,20,old
3285,14.005362749099731,0.0744260248643086,PBPF,cracker_scene1,20,old
3286,14.00956130027771,0.0744260248643086,PBPF,cracker_scene1,20,old
3287,14.013760805130005,0.0742594584955205,PBPF,cracker_scene1,20,old
3288,14.01811933517456,0.0742594584955205,PBPF,cracker_scene1,20,old
3289,14.022433996200562,0.0743381924791011,PBPF,cracker_scene1,20,old
3290,14.026691436767578,0.0743381924791011,PBPF,cracker_scene1,20,old
3291,14.030878067016602,0.0744063651994951,PBPF,cracker_scene1,20,old
3292,14.0353524684906,0.0744063651994951,PBPF,cracker_scene1,20,old
3293,14.041128635406494,0.0742374760334694,PBPF,cracker_scene1,20,old
3294,14.04552721977234,0.0742374760334694,PBPF,cracker_scene1,20,old
3295,14.049758434295654,0.0742374760334694,PBPF,cracker_scene1,20,old
3296,14.054447889328005,0.0742806646743405,PBPF,cracker_scene1,20,old
3297,14.059154272079468,0.0742802760962683,PBPF,cracker_scene1,20,old
3298,14.063616037368774,0.0742177640942043,PBPF,cracker_scene1,20,old
3299,14.068270683288574,0.07407506943178249,PBPF,cracker_scene1,20,old
3300,14.072539567947388,0.07407506943178249,PBPF,cracker_scene1,20,old
3301,14.0767924785614,0.07407506943178249,PBPF,cracker_scene1,20,old
3302,14.080939292907717,0.0739437364494266,PBPF,cracker_scene1,20,old
3303,14.085286140441896,0.0739437364494266,PBPF,cracker_scene1,20,old
3304,14.089308261871338,0.0739437364494266,PBPF,cracker_scene1,20,old
3305,14.093677043914797,0.0739988754838508,PBPF,cracker_scene1,20,old
3306,14.098274946212769,0.0772114226559162,PBPF,cracker_scene1,20,old
3307,14.10263729095459,0.0772114226559162,PBPF,cracker_scene1,20,old
3308,14.106837511062622,0.07715495376923409,PBPF,cracker_scene1,20,old
3309,14.110819816589355,0.07715495376923409,PBPF,cracker_scene1,20,old
3310,14.114982604980469,0.07712523817085701,PBPF,cracker_scene1,20,old
3311,14.119020700454712,0.07712523817085701,PBPF,cracker_scene1,20,old
3312,14.123002767562866,0.07712523817085701,PBPF,cracker_scene1,20,old
3313,14.127317905426024,0.0769615032747282,PBPF,cracker_scene1,20,old
3314,14.13176727294922,0.0769615032747282,PBPF,cracker_scene1,20,old
3315,14.136296510696411,0.076994153681939,PBPF,cracker_scene1,20,old
3316,14.140438079833984,0.076994153681939,PBPF,cracker_scene1,20,old
3317,14.144698143005373,0.0768144853304509,PBPF,cracker_scene1,20,old
3318,14.14890742301941,0.0768144853304509,PBPF,cracker_scene1,20,old
3319,14.152945518493652,0.0768144853304509,PBPF,cracker_scene1,20,old
3320,14.157594442367554,0.0767618015788919,PBPF,cracker_scene1,20,old
3321,14.161808013916016,0.0767618015788919,PBPF,cracker_scene1,20,old
3322,14.16651487350464,0.0768645287005775,PBPF,cracker_scene1,20,old
3323,14.170918464660645,0.0768645287005775,PBPF,cracker_scene1,20,old
3324,14.175188064575195,0.0766653663897276,PBPF,cracker_scene1,20,old
3325,14.179595232009888,0.0766653663897276,PBPF,cracker_scene1,20,old
3326,14.183917760849,0.0766190280253079,PBPF,cracker_scene1,20,old
3327,14.18821096420288,0.0766190280253079,PBPF,cracker_scene1,20,old
3328,14.192533493041992,0.0766190280253079,PBPF,cracker_scene1,20,old
3329,14.196911334991457,0.076441727611851,PBPF,cracker_scene1,20,old
3330,14.201191186904907,0.076441727611851,PBPF,cracker_scene1,20,old
3331,14.205876350402832,0.0764045041328617,PBPF,cracker_scene1,20,old
3332,14.210923194885254,0.0764802175551034,PBPF,cracker_scene1,20,old
3333,14.21562671661377,0.07637129447127369,PBPF,cracker_scene1,20,old
3334,14.220151901245115,0.0764384660802403,PBPF,cracker_scene1,20,old
3335,14.224939584732056,0.0763795854144758,PBPF,cracker_scene1,20,old
3336,14.229204177856444,0.07638207423188931,PBPF,cracker_scene1,20,old
3337,14.233712196350098,0.0763752657721204,PBPF,cracker_scene1,20,old
3338,14.238045930862429,0.0763478144481862,PBPF,cracker_scene1,20,old
3339,14.242647647857666,0.0762355161854152,PBPF,cracker_scene1,20,old
3340,14.24694299697876,0.0764191744214526,PBPF,cracker_scene1,20,old
3341,14.25134539604187,0.0764191744214526,PBPF,cracker_scene1,20,old
3342,14.255709409713743,0.0764198935411814,PBPF,cracker_scene1,20,old
3343,14.26047158241272,0.0790915368322101,PBPF,cracker_scene1,20,old
3344,14.264737606048584,0.0790477876881505,PBPF,cracker_scene1,20,old
3345,14.269016981124878,0.0790477876881505,PBPF,cracker_scene1,20,old
3346,14.273414373397827,0.0790173033177267,PBPF,cracker_scene1,20,old
3347,14.277701377868652,0.0790173033177267,PBPF,cracker_scene1,20,old
3348,14.282182931900024,0.078864913706003,PBPF,cracker_scene1,20,old
3349,14.28631591796875,0.078864913706003,PBPF,cracker_scene1,20,old
3350,14.290992498397827,0.0790679339954046,PBPF,cracker_scene1,20,old
3351,14.295061111450195,0.0790679339954046,PBPF,cracker_scene1,20,old
3352,14.299720287322998,0.0788845543497678,PBPF,cracker_scene1,20,old
3353,14.304071426391602,0.0788845543497678,PBPF,cracker_scene1,20,old
3354,14.308558940887451,0.078859606551621,PBPF,cracker_scene1,20,old
3355,14.31274127960205,0.078859606551621,PBPF,cracker_scene1,20,old
3356,14.31728458404541,0.078828236110234,PBPF,cracker_scene1,20,old
3357,14.321572303771973,0.0787693509221146,PBPF,cracker_scene1,20,old
3358,14.325997591018677,0.0787693509221146,PBPF,cracker_scene1,20,old
3359,14.330299854278564,0.0786083727480979,PBPF,cracker_scene1,20,old
3360,14.334866046905518,0.0786083727480979,PBPF,cracker_scene1,20,old
3361,14.339237928390505,0.0786963634253269,PBPF,cracker_scene1,20,old
3362,14.343316555023192,0.0786963634253269,PBPF,cracker_scene1,20,old
3363,14.347631692886353,0.0786916695300521,PBPF,cracker_scene1,20,old
3364,14.351708889007568,0.0786916695300521,PBPF,cracker_scene1,20,old
3365,14.355938196182253,0.0786766337415858,PBPF,cracker_scene1,20,old
3366,14.359975814819336,0.0786766337415858,PBPF,cracker_scene1,20,old
3367,14.36430549621582,0.0786479797976048,PBPF,cracker_scene1,20,old
3368,14.369120121002195,0.07863967502907379,PBPF,cracker_scene1,20,old
3369,14.373528718948364,0.0784911849446489,PBPF,cracker_scene1,20,old
3370,14.377934217453005,0.0784911849446489,PBPF,cracker_scene1,20,old
3371,14.382484912872314,0.0784582808520985,PBPF,cracker_scene1,20,old
3372,14.386680841445925,0.0784582808520985,PBPF,cracker_scene1,20,old
3373,14.39111304283142,0.0785682976522481,PBPF,cracker_scene1,20,old
3374,14.395350456237791,0.0785682976522481,PBPF,cracker_scene1,20,old
3375,14.399901151657104,0.0785978589191675,PBPF,cracker_scene1,20,old
3376,14.404337167739868,0.0785978589191675,PBPF,cracker_scene1,20,old
3377,14.408984661102297,0.0785600074708242,PBPF,cracker_scene1,20,old
3378,14.413231611251833,0.0784303619784732,PBPF,cracker_scene1,20,old
3379,14.418210744857788,0.0784303619784732,PBPF,cracker_scene1,20,old
3380,14.422633409500122,0.0730232541576814,PBPF,cracker_scene1,20,old
3381,14.427097082138062,0.0730232541576814,PBPF,cracker_scene1,20,old
3382,14.431641817092896,0.072991416082203,PBPF,cracker_scene1,20,old
3383,14.43598222732544,0.072991416082203,PBPF,cracker_scene1,20,old
3384,14.440616369247437,0.0728248016790998,PBPF,cracker_scene1,20,old
3385,14.4449303150177,0.0728248016790998,PBPF,cracker_scene1,20,old
3386,14.449867963790894,0.072881788307171,PBPF,cracker_scene1,20,old
3387,14.454020023345947,0.072881788307171,PBPF,cracker_scene1,20,old
3388,14.458720922470093,0.0727388738192304,PBPF,cracker_scene1,20,old
3389,14.462842226028442,0.0727388738192304,PBPF,cracker_scene1,20,old
3390,14.467671632766724,0.0728193111977701,PBPF,cracker_scene1,20,old
3391,14.471867084503174,0.0728156023190097,PBPF,cracker_scene1,20,old
3392,14.47647476196289,0.0727554986176961,PBPF,cracker_scene1,20,old
3393,14.480916261672974,0.0726097434099146,PBPF,cracker_scene1,20,old
3394,14.485305070877075,0.0726097434099146,PBPF,cracker_scene1,20,old
3395,14.489909648895264,0.0727138181805551,PBPF,cracker_scene1,20,old
3396,14.494200468063354,0.0727138181805551,PBPF,cracker_scene1,20,old
3397,14.499052047729492,0.0727241674928558,PBPF,cracker_scene1,20,old
3398,14.503318309783936,0.0727241674928558,PBPF,cracker_scene1,20,old
3399,14.507944583892822,0.07270473890639481,PBPF,cracker_scene1,20,old
3400,14.51220440864563,0.07270473890639481,PBPF,cracker_scene1,20,old
3401,14.516626358032228,0.07264138097292641,PBPF,cracker_scene1,20,old
3402,14.521032333374023,0.07264138097292641,PBPF,cracker_scene1,20,old
3403,14.525392293930054,0.0724933027326794,PBPF,cracker_scene1,20,old
3404,14.529706239700316,0.0725623414147914,PBPF,cracker_scene1,20,old
3405,14.534183502197266,0.0725623414147914,PBPF,cracker_scene1,20,old
3406,14.538678169250488,0.0724064432781079,PBPF,cracker_scene1,20,old
3407,14.543013095855711,0.0724064432781079,PBPF,cracker_scene1,20,old
3408,14.54743266105652,0.07252373254672051,PBPF,cracker_scene1,20,old
3409,14.551769256591797,0.07252373254672051,PBPF,cracker_scene1,20,old
3410,14.556064367294312,0.07254323535268231,PBPF,cracker_scene1,20,old
3411,14.560503244400024,0.07254323535268231,PBPF,cracker_scene1,20,old
3412,14.565908670425417,0.0724168986610409,PBPF,cracker_scene1,20,old
3413,14.571778059005736,0.0724065931985736,PBPF,cracker_scene1,20,old
3414,14.577281951904297,0.07238393883396971,PBPF,cracker_scene1,20,old
3415,14.582985162734984,0.0727862696983947,PBPF,cracker_scene1,20,old
3416,14.588486433029177,0.0726743553118505,PBPF,cracker_scene1,20,old
3417,14.593037128448486,0.0726158572749928,PBPF,cracker_scene1,20,old
3418,14.59738302230835,0.0727109788705796,PBPF,cracker_scene1,20,old
3419,14.601932764053345,0.0727109788705796,PBPF,cracker_scene1,20,old
3420,14.606212377548218,0.0725432570057081,PBPF,cracker_scene1,20,old
3421,14.61046576499939,0.0725432570057081,PBPF,cracker_scene1,20,old
3422,14.614812135696411,0.072650686350632,PBPF,cracker_scene1,20,old
3423,14.618969917297363,0.072650686350632,PBPF,cracker_scene1,20,old
3424,14.623206853866575,0.0724758841491338,PBPF,cracker_scene1,20,old
3425,14.627414226531982,0.0724758841491338,PBPF,cracker_scene1,20,old
3426,14.631651878356934,0.0725752554584673,PBPF,cracker_scene1,20,old
3427,14.635923624038696,0.0725752554584673,PBPF,cracker_scene1,20,old
3428,14.640315532684326,0.0723933538536147,PBPF,cracker_scene1,20,old
3429,14.644373178482056,0.0723933538536147,PBPF,cracker_scene1,20,old
3430,14.64886474609375,0.0723506331339389,PBPF,cracker_scene1,20,old
3431,14.652970790863035,0.0723506331339389,PBPF,cracker_scene1,20,old
3432,14.657284021377563,0.0723246097264087,PBPF,cracker_scene1,20,old
3433,14.661391973495483,0.0723246097264087,PBPF,cracker_scene1,20,old
3434,14.665714263916016,0.07241652104396071,PBPF,cracker_scene1,20,old
3435,14.669985055923462,0.07241652104396071,PBPF,cracker_scene1,20,old
3436,14.67426061630249,0.0722552972102086,PBPF,cracker_scene1,20,old
3437,14.67852544784546,0.0722552972102086,PBPF,cracker_scene1,20,old
3438,14.682837009429932,0.072348298697248,PBPF,cracker_scene1,20,old
3439,14.68694257736206,0.072348298697248,PBPF,cracker_scene1,20,old
3440,14.691361427307127,0.0723562357683355,PBPF,cracker_scene1,20,old
3441,14.695449829101562,0.0723562357683355,PBPF,cracker_scene1,20,old
3442,14.699794054031372,0.0721704145392701,PBPF,cracker_scene1,20,old
3443,14.703856706619264,0.0721704145392701,PBPF,cracker_scene1,20,old
3444,14.708276748657228,0.0721344248696882,PBPF,cracker_scene1,20,old
3445,14.7124183177948,0.0722872598353489,PBPF,cracker_scene1,20,old
3446,14.716692447662354,0.0722872598353489,PBPF,cracker_scene1,20,old
3447,14.720709562301636,0.0722872598353489,PBPF,cracker_scene1,20,old
3448,14.72507381439209,0.0720594736349015,PBPF,cracker_scene1,20,old
3449,14.729303121566772,0.0722329669358241,PBPF,cracker_scene1,20,old
3450,14.7337646484375,0.07223381201611981,PBPF,cracker_scene1,20,old
3451,14.737831592559814,0.07223381201611981,PBPF,cracker_scene1,20,old
3452,14.742478847503662,0.0720633875778431,PBPF,cracker_scene1,20,old
3453,14.746784210205078,0.0721081784897005,PBPF,cracker_scene1,20,old
3454,14.751037120819092,0.0721081784897005,PBPF,cracker_scene1,20,old
3455,14.75523591041565,0.072103249462121,PBPF,cracker_scene1,20,old
3456,14.759587287902832,0.0720782326515219,PBPF,cracker_scene1,20,old
3457,14.763806819915771,0.0720436055318058,PBPF,cracker_scene1,20,old
3458,14.76844882965088,0.0720436055318058,PBPF,cracker_scene1,20,old
3459,14.772787809371948,0.0719705900361303,PBPF,cracker_scene1,20,old
3460,14.776956796646118,0.0719705900361303,PBPF,cracker_scene1,20,old
3461,14.78127408027649,0.0718434330811206,PBPF,cracker_scene1,20,old
3462,14.78538942337036,0.0718434330811206,PBPF,cracker_scene1,20,old
3463,14.789647340774536,0.0718230266985561,PBPF,cracker_scene1,20,old
3464,14.79384446144104,0.0718230266985561,PBPF,cracker_scene1,20,old
3465,14.798066854476929,0.0718772470241187,PBPF,cracker_scene1,20,old
3466,14.802520513534546,0.0718772470241187,PBPF,cracker_scene1,20,old
3467,14.806588172912598,0.0718490467887476,PBPF,cracker_scene1,20,old
3468,14.810803174972534,0.0718490467887476,PBPF,cracker_scene1,20,old
3469,14.814932346343994,0.0718292691064757,PBPF,cracker_scene1,20,old
3470,14.818933010101318,0.0718292691064757,PBPF,cracker_scene1,20,old
3471,14.823122262954712,0.0718197838519204,PBPF,cracker_scene1,20,old
3472,14.82711410522461,0.0718197838519204,PBPF,cracker_scene1,20,old
3473,14.831335306167604,0.0717307032816118,PBPF,cracker_scene1,20,old
3474,14.8353271484375,0.0717307032816118,PBPF,cracker_scene1,20,old
3475,14.840044498443604,0.07167480337804749,PBPF,cracker_scene1,20,old
3476,14.844140768051147,0.07167480337804749,PBPF,cracker_scene1,20,old
3477,14.84812307357788,0.07167480337804749,PBPF,cracker_scene1,20,old
3478,14.852414846420288,0.07173648206514299,PBPF,cracker_scene1,20,old
3479,14.85647439956665,0.07173648206514299,PBPF,cracker_scene1,20,old
3480,14.860624074935911,0.07173648206514299,PBPF,cracker_scene1,20,old
3481,14.865054607391356,0.0717149526122389,PBPF,cracker_scene1,20,old
3482,14.86930251121521,0.0717149526122389,PBPF,cracker_scene1,20,old
3483,14.873751401901243,0.0717296657192103,PBPF,cracker_scene1,20,old
3484,14.878012895584106,0.07165470108370489,PBPF,cracker_scene1,20,old
3485,14.882407426834106,0.07165470108370489,PBPF,cracker_scene1,20,old
3486,14.88658618927002,0.07165470108370489,PBPF,cracker_scene1,20,old
3487,14.890873193740845,0.07159828968933271,PBPF,cracker_scene1,20,old
3488,14.89511752128601,0.07159828968933271,PBPF,cracker_scene1,20,old
3489,14.899683237075806,0.0722855052844322,PBPF,cracker_scene1,20,old
3490,14.903810262680054,0.0722855052844322,PBPF,cracker_scene1,20,old
3491,14.908130645751951,0.0723742958945375,PBPF,cracker_scene1,20,old
3492,14.912647485733032,0.0722890884323959,PBPF,cracker_scene1,20,old
3493,14.916877031326294,0.0722896118951294,PBPF,cracker_scene1,20,old
3494,14.921294212341309,0.07238243563336119,PBPF,cracker_scene1,20,old
3495,14.925435543060305,0.0723342386443267,PBPF,cracker_scene1,20,old
3496,14.929917335510254,0.0723342386443267,PBPF,cracker_scene1,20,old
3497,14.934245824813845,0.0722899208252061,PBPF,cracker_scene1,20,old
3498,14.938474893569946,0.0722899208252061,PBPF,cracker_scene1,20,old
3499,14.942715883255005,0.07218154649250119,PBPF,cracker_scene1,20,old
3500,14.947062253952026,0.0721447498808777,PBPF,cracker_scene1,20,old
3501,14.951477527618408,0.072260964831004,PBPF,cracker_scene1,20,old
3502,14.955824136734009,0.072260964831004,PBPF,cracker_scene1,20,old
3503,14.960160732269289,0.0722094885815939,PBPF,cracker_scene1,20,old
3504,14.964611291885376,0.07223037890457401,PBPF,cracker_scene1,20,old
3505,14.968958854675291,0.07223037890457401,PBPF,cracker_scene1,20,old
3506,14.973230600357056,0.07223037890457401,PBPF,cracker_scene1,20,old
3507,14.97733473777771,0.07219662575513369,PBPF,cracker_scene1,20,old
3508,14.98171043395996,0.07219662575513369,PBPF,cracker_scene1,20,old
3509,14.986302375793455,0.0721290814187952,PBPF,cracker_scene1,20,old
3510,14.99060082435608,0.0721290814187952,PBPF,cracker_scene1,20,old
3511,14.994746446609495,0.0720800446857366,PBPF,cracker_scene1,20,old
3512,14.99901819229126,0.0720800446857366,PBPF,cracker_scene1,20,old
3513,15.003544807434082,0.0720800446857366,PBPF,cracker_scene1,20,old
3514,15.008045434951782,0.0719679959659176,PBPF,cracker_scene1,20,old
3515,15.012774229049684,0.07192226926598741,PBPF,cracker_scene1,20,old
3516,15.01724624633789,0.07196760322918641,PBPF,cracker_scene1,20,old
3517,15.021771430969238,0.07186130684361061,PBPF,cracker_scene1,20,old
3518,15.026211977005005,0.07186130684361061,PBPF,cracker_scene1,20,old
3519,15.03063416481018,0.0718582088777821,PBPF,cracker_scene1,20,old
3520,15.03506851196289,0.0718582088777821,PBPF,cracker_scene1,20,old
3521,15.039501428604126,0.07180593620724,PBPF,cracker_scene1,20,old
3522,15.043506622314451,0.07180593620724,PBPF,cracker_scene1,20,old
3523,15.047779321670532,0.0718176894957051,PBPF,cracker_scene1,20,old
3524,15.052144050598145,0.0719655884582617,PBPF,cracker_scene1,20,old
3525,15.056350231170654,0.071931634998061,PBPF,cracker_scene1,20,old
3526,15.06086492538452,0.071931634998061,PBPF,cracker_scene1,20,old
3527,15.06512188911438,0.0718034349654392,PBPF,cracker_scene1,20,old
3528,15.06946086883545,0.0718034349654392,PBPF,cracker_scene1,20,old
3529,15.074007034301758,0.071765637453286,PBPF,cracker_scene1,20,old
3530,15.078073263168337,0.071765637453286,PBPF,cracker_scene1,20,old
3531,15.082635879516602,0.0717900598817135,PBPF,cracker_scene1,20,old
3532,15.086869239807127,0.0717900598817135,PBPF,cracker_scene1,20,old
3533,15.091433048248293,0.0717518468789285,PBPF,cracker_scene1,20,old
3534,15.095367670059204,0.0717518468789285,PBPF,cracker_scene1,20,old
3535,15.09985852241516,0.0716150721413504,PBPF,cracker_scene1,20,old
3536,15.10429549217224,0.0716925189628346,PBPF,cracker_scene1,20,old
3537,15.108630418777466,0.0716925189628346,PBPF,cracker_scene1,20,old
3538,15.112821102142334,0.0716751498178254,PBPF,cracker_scene1,20,old
3539,15.11719274520874,0.0716751498178254,PBPF,cracker_scene1,20,old
3540,15.121479511260986,0.0715605549025522,PBPF,cracker_scene1,20,old
3541,15.125719547271729,0.0715605549025522,PBPF,cracker_scene1,20,old
3542,15.129875898361206,0.0716626725733773,PBPF,cracker_scene1,20,old
3543,15.134436130523682,0.0715914786911382,PBPF,cracker_scene1,20,old
3544,15.138632535934448,0.0714291328185632,PBPF,cracker_scene1,20,old
3545,15.14287257194519,0.0714291328185632,PBPF,cracker_scene1,20,old
3546,15.1473867893219,0.0715189369067269,PBPF,cracker_scene1,20,old
3547,15.15187692642212,0.0715189369067269,PBPF,cracker_scene1,20,old
3548,15.156316757202148,0.0713874254677071,PBPF,cracker_scene1,20,old
3549,15.16054344177246,0.0713874254677071,PBPF,cracker_scene1,20,old
3550,15.16487431526184,0.0713724957341963,PBPF,cracker_scene1,20,old
3551,15.169153451919556,0.0713724957341963,PBPF,cracker_scene1,20,old
3552,15.17375636100769,0.0714625499063436,PBPF,cracker_scene1,20,old
3553,15.177854299545288,0.0714625499063436,PBPF,cracker_scene1,20,old
3554,15.18244695663452,0.0713021565479892,PBPF,cracker_scene1,20,old
3555,15.186675786972046,0.0713021565479892,PBPF,cracker_scene1,20,old
3556,15.191248416900637,0.0712539718117976,PBPF,cracker_scene1,20,old
3557,15.195489168167114,0.0712539718117976,PBPF,cracker_scene1,20,old
3558,15.200058221817017,0.0713166184338189,PBPF,cracker_scene1,20,old
3559,15.204389095306396,0.0713971194244727,PBPF,cracker_scene1,20,old
3560,15.208746910095217,0.07141635527073109,PBPF,cracker_scene1,20,old
3561,15.213095664978027,0.0722402109403332,PBPF,cracker_scene1,20,old
3562,15.217417240142822,0.0721508778434044,PBPF,cracker_scene1,20,old
3563,15.22151517868042,0.07215286982923261,PBPF,cracker_scene1,20,old
3564,15.22584056854248,0.072086851164825,PBPF,cracker_scene1,20,old
3565,15.230021715164185,0.0720975726772696,PBPF,cracker_scene1,20,old
3566,15.234450101852415,0.0720975726772696,PBPF,cracker_scene1,20,old
3567,15.23855686187744,0.07215376437574039,PBPF,cracker_scene1,20,old
3568,15.242542028427124,0.07215376437574039,PBPF,cracker_scene1,20,old
3569,15.24660062789917,0.0721259604351274,PBPF,cracker_scene1,20,old
3570,15.250662088394163,0.0721259604351274,PBPF,cracker_scene1,20,old
3571,15.254623413085938,0.0721259604351274,PBPF,cracker_scene1,20,old
3572,15.258618116378784,0.0721259604351274,PBPF,cracker_scene1,20,old
3573,15.26312255859375,0.0719872031349921,PBPF,cracker_scene1,20,old
3574,15.267464399337769,0.0719872031349921,PBPF,cracker_scene1,20,old
3575,15.271873474121094,0.0720935705369943,PBPF,cracker_scene1,20,old
3576,15.276088237762451,0.0720935705369943,PBPF,cracker_scene1,20,old
3577,15.280211925506592,0.0720935705369943,PBPF,cracker_scene1,20,old
3578,15.284598350524902,0.0720111171597171,PBPF,cracker_scene1,20,old
3579,15.28873586654663,0.0720111171597171,PBPF,cracker_scene1,20,old
3580,15.29288125038147,0.0719524188834541,PBPF,cracker_scene1,20,old
3581,15.297058343887327,0.0719524188834541,PBPF,cracker_scene1,20,old
3582,15.30138897895813,0.0720176646036207,PBPF,cracker_scene1,20,old
3583,15.30570149421692,0.0720100997650185,PBPF,cracker_scene1,20,old
3584,15.30986499786377,0.07201910913350129,PBPF,cracker_scene1,20,old
3585,15.313993692398071,0.07201910913350129,PBPF,cracker_scene1,20,old
3586,15.318039178848268,0.07201910913350129,PBPF,cracker_scene1,20,old
3587,15.322359800338743,0.0718591871249933,PBPF,cracker_scene1,20,old
3588,15.326584339141846,0.0718591871249933,PBPF,cracker_scene1,20,old
3589,15.330893516540527,0.0719842384665148,PBPF,cracker_scene1,20,old
3590,15.335133075714111,0.0719842384665148,PBPF,cracker_scene1,20,old
3591,15.339338779449465,0.072013885937334,PBPF,cracker_scene1,20,old
3592,15.343536615371704,0.072013885937334,PBPF,cracker_scene1,20,old
3593,15.34783148765564,0.072012137316087,PBPF,cracker_scene1,20,old
3594,15.352248430252075,0.071992574183254,PBPF,cracker_scene1,20,old
3595,15.35647678375244,0.071992574183254,PBPF,cracker_scene1,20,old
3596,15.360906600952148,0.0719383556565458,PBPF,cracker_scene1,20,old
3597,15.365336418151855,0.0719248308240617,PBPF,cracker_scene1,20,old
3598,15.369442224502563,0.0719248308240617,PBPF,cracker_scene1,20,old
3599,15.373977422714232,0.0741321774164298,PBPF,cracker_scene1,20,old
3600,15.378278732299805,0.0741177768635985,PBPF,cracker_scene1,20,old
3601,15.382485151290894,0.0741177768635985,PBPF,cracker_scene1,20,old
3602,15.386703729629517,0.0739510524276063,PBPF,cracker_scene1,20,old
3603,15.390923500061035,0.0739510524276063,PBPF,cracker_scene1,20,old
3604,15.395260095596312,0.0739468851963322,PBPF,cracker_scene1,20,old
3605,15.399389505386353,0.0739468851963322,PBPF,cracker_scene1,20,old
3606,15.403706789016724,0.0739468851963322,PBPF,cracker_scene1,20,old
3607,15.40804123878479,0.07405609448017231,PBPF,cracker_scene1,20,old
3608,15.41212773323059,0.07405609448017231,PBPF,cracker_scene1,20,old
3609,15.416192770004272,0.07405609448017231,PBPF,cracker_scene1,20,old
3610,15.421345472335815,0.0739185539901488,PBPF,cracker_scene1,20,old
3611,15.425814151763916,0.0739640435250283,PBPF,cracker_scene1,20,old
3612,15.430103302001951,0.07382251563660891,PBPF,cracker_scene1,20,old
3613,15.434473752975464,0.07382251563660891,PBPF,cracker_scene1,20,old
3614,15.438665866851808,0.0739381673086229,PBPF,cracker_scene1,20,old
3615,15.442885398864746,0.0739381673086229,PBPF,cracker_scene1,20,old
3616,15.447073936462402,0.0739120418964347,PBPF,cracker_scene1,20,old
3617,15.451274156570436,0.0739120418964347,PBPF,cracker_scene1,20,old
3618,15.455447435379028,0.07376853267962011,PBPF,cracker_scene1,20,old
3619,15.459712266921995,0.07376853267962011,PBPF,cracker_scene1,20,old
3620,15.463987588882446,0.0737538358252379,PBPF,cracker_scene1,20,old
3621,15.468384981155396,0.0737538358252379,PBPF,cracker_scene1,20,old
3622,15.47252345085144,0.07375981421310421,PBPF,cracker_scene1,20,old
3623,15.476518869400024,0.07375981421310421,PBPF,cracker_scene1,20,old
3624,15.480667114257812,0.0738585689082956,PBPF,cracker_scene1,20,old
3625,15.484716176986694,0.0738585689082956,PBPF,cracker_scene1,20,old
3626,15.488915205001833,0.07373246791321611,PBPF,cracker_scene1,20,old
3627,15.49297857284546,0.07373246791321611,PBPF,cracker_scene1,20,old
3628,15.49725079536438,0.07385522930937741,PBPF,cracker_scene1,20,old
3629,15.501978635787964,0.07385522930937741,PBPF,cracker_scene1,20,old
3630,15.506396532058716,0.0738571465412255,PBPF,cracker_scene1,20,old
3631,15.510624408721924,0.0738571465412255,PBPF,cracker_scene1,20,old
3632,15.5151948928833,0.07386197265236441,PBPF,cracker_scene1,20,old
3633,15.519309043884276,0.07386197265236441,PBPF,cracker_scene1,20,old
3634,15.52383017539978,0.07386251119818629,PBPF,cracker_scene1,20,old
3635,15.527947664260864,0.07386251119818629,PBPF,cracker_scene1,20,old
3636,15.53253984451294,0.07373038279103561,PBPF,cracker_scene1,20,old
3637,15.53702425956726,0.0760817036869414,PBPF,cracker_scene1,20,old
3638,15.5414617061615,0.0761221354255434,PBPF,cracker_scene1,20,old
3639,15.54560160636902,0.0761221354255434,PBPF,cracker_scene1,20,old
3640,15.549903392791748,0.0761936475792803,PBPF,cracker_scene1,20,old
3641,15.553986310958862,0.0761936475792803,PBPF,cracker_scene1,20,old
3642,15.557985067367554,0.07618959614721821,PBPF,cracker_scene1,20,old
3643,15.562517166137695,0.0760950923172615,PBPF,cracker_scene1,20,old
3644,15.566876411437988,0.0760829263654276,PBPF,cracker_scene1,20,old
3645,15.571113348007202,0.0761839650653283,PBPF,cracker_scene1,20,old
3646,15.575394630432127,0.0761849683934061,PBPF,cracker_scene1,20,old
3647,15.579718589782717,0.07617968180095999,PBPF,cracker_scene1,20,old
3648,15.58404779434204,0.0761786930313878,PBPF,cracker_scene1,20,old
3649,15.58818006515503,0.0761786930313878,PBPF,cracker_scene1,20,old
3650,15.592515468597412,0.0761935345883125,PBPF,cracker_scene1,20,old
3651,15.596846580505373,0.0761852030589204,PBPF,cracker_scene1,20,old
3652,15.601156234741213,0.0761852030589204,PBPF,cracker_scene1,20,old
3653,15.605607509613035,0.07609665694615911,PBPF,cracker_scene1,20,old
3654,15.609910249710085,0.07609665694615911,PBPF,cracker_scene1,20,old
3655,15.614230155944824,0.0760799641442476,PBPF,cracker_scene1,20,old
3656,15.618390083312988,0.0760799641442476,PBPF,cracker_scene1,20,old
3657,15.62271523475647,0.0761743374058933,PBPF,cracker_scene1,20,old
3658,15.626893043518066,0.0761743374058933,PBPF,cracker_scene1,20,old
3659,15.631245136260986,0.0760851537141881,PBPF,cracker_scene1,20,old
3660,15.635518789291382,0.0760851537141881,PBPF,cracker_scene1,20,old
3661,15.639715194702148,0.076174024334979,PBPF,cracker_scene1,20,old
3662,15.643940687179564,0.076174024334979,PBPF,cracker_scene1,20,old
3663,15.648494720458984,0.0760785402310045,PBPF,cracker_scene1,20,old
3664,15.652634859085085,0.0760785402310045,PBPF,cracker_scene1,20,old
3665,15.65702986717224,0.0761047378191152,PBPF,cracker_scene1,20,old
3666,15.661069631576538,0.0761047378191152,PBPF,cracker_scene1,20,old
3667,15.665692329406738,0.076171183323166,PBPF,cracker_scene1,20,old
3668,15.669957160949709,0.076171183323166,PBPF,cracker_scene1,20,old
3669,15.674211025238035,0.0761780160302093,PBPF,cracker_scene1,20,old
3670,15.678218126296995,0.0761780160302093,PBPF,cracker_scene1,20,old
3671,15.682450771331789,0.07610680703263009,PBPF,cracker_scene1,20,old
3672,15.686493396759031,0.07610680703263009,PBPF,cracker_scene1,20,old
3673,15.690635681152344,0.0761704508484166,PBPF,cracker_scene1,20,old
3674,15.69467043876648,0.0761704508484166,PBPF,cracker_scene1,20,old
3675,15.69925308227539,0.07606188882768991,PBPF,cracker_scene1,20,old
3676,15.703450202941896,0.07606188882768991,PBPF,cracker_scene1,20,old
3677,15.707817316055298,0.0761005584523888,PBPF,cracker_scene1,20,old
3678,15.711790561676024,0.0761005584523888,PBPF,cracker_scene1,20,old
3679,15.716364622116089,0.07617394021399229,PBPF,cracker_scene1,20,old
3680,15.720544338226318,0.0761702836005935,PBPF,cracker_scene1,20,old
3681,15.725062847137451,0.0761678686445302,PBPF,cracker_scene1,20,old
3682,15.729143619537354,0.0761670030768304,PBPF,cracker_scene1,20,old
3683,15.73348832130432,0.0761727185622728,PBPF,cracker_scene1,20,old
3684,15.737848997116089,0.0760842848465211,PBPF,cracker_scene1,20,old
3685,15.742141723632812,0.0760842848465211,PBPF,cracker_scene1,20,old
3686,15.74639344215393,0.07618252902570691,PBPF,cracker_scene1,20,old
3687,15.750458240509031,0.07618252902570691,PBPF,cracker_scene1,20,old
3688,15.754787921905518,0.07618252902570691,PBPF,cracker_scene1,20,old
3689,15.759100437164308,0.0761761082667972,PBPF,cracker_scene1,20,old
3690,15.76335382461548,0.076074994205754,PBPF,cracker_scene1,20,old
3691,15.767649173736572,0.076074994205754,PBPF,cracker_scene1,20,old
3692,15.771977424621582,0.0761773841543753,PBPF,cracker_scene1,20,old
3693,15.776320695877075,0.0761773841543753,PBPF,cracker_scene1,20,old
3694,15.780643701553345,0.07607635862070461,PBPF,cracker_scene1,20,old
3695,15.784891605377195,0.07607635862070461,PBPF,cracker_scene1,20,old
3696,15.78910207748413,0.07617268503252969,PBPF,cracker_scene1,20,old
3697,15.793331384658812,0.07617268503252969,PBPF,cracker_scene1,20,old
3698,15.797552585601808,0.07617400037827471,PBPF,cracker_scene1,20,old
3699,15.80182409286499,0.07617400037827471,PBPF,cracker_scene1,20,old
3700,15.80624794960022,0.0761693756212371,PBPF,cracker_scene1,20,old
3701,15.8104248046875,0.0761693756212371,PBPF,cracker_scene1,20,old
3702,15.814746618270874,0.0761102271873551,PBPF,cracker_scene1,20,old
3703,15.818934440612791,0.0761102271873551,PBPF,cracker_scene1,20,old
3704,15.823297262191772,0.0761045145897061,PBPF,cracker_scene1,20,old
3705,15.827489614486694,0.0761045145897061,PBPF,cracker_scene1,20,old
3706,15.831801414489746,0.0761083373699776,PBPF,cracker_scene1,20,old
3707,15.836042404174805,0.0761083373699776,PBPF,cracker_scene1,20,old
3708,15.840303182601929,0.0761054394685151,PBPF,cracker_scene1,20,old
3709,15.844396114349363,0.0761054394685151,PBPF,cracker_scene1,20,old
3710,15.848520040512083,0.0761027882759687,PBPF,cracker_scene1,20,old
3711,15.852692127227783,0.0761027882759687,PBPF,cracker_scene1,20,old
3712,15.8572039604187,0.0761726505413294,PBPF,cracker_scene1,20,old
3713,15.861249446868896,0.0761726505413294,PBPF,cracker_scene1,20,old
3714,15.865709781646729,0.0761706094791659,PBPF,cracker_scene1,20,old
3715,15.86972951889038,0.0761706094791659,PBPF,cracker_scene1,20,old
3716,15.874131441116331,0.07616491550370261,PBPF,cracker_scene1,20,old
3717,15.878249406814575,0.07616491550370261,PBPF,cracker_scene1,20,old
3718,15.882554769515991,0.0761836215327518,PBPF,cracker_scene1,20,old
3719,15.886690855026243,0.0761836215327518,PBPF,cracker_scene1,20,old
3720,15.890973329544067,0.0761715615023083,PBPF,cracker_scene1,20,old
3721,15.89517617225647,0.0761715615023083,PBPF,cracker_scene1,20,old
3722,15.899502515792848,0.0761638848258269,PBPF,cracker_scene1,20,old
3723,15.903770685195925,0.0761638848258269,PBPF,cracker_scene1,20,old
3724,15.907970905303957,0.0761657725318283,PBPF,cracker_scene1,20,old
3725,15.912010431289673,0.0761657725318283,PBPF,cracker_scene1,20,old
3726,15.91621470451355,0.0761771184334476,PBPF,cracker_scene1,20,old
3727,15.920244216918944,0.0761771184334476,PBPF,cracker_scene1,20,old
3728,15.92444372177124,0.07609646991724811,PBPF,cracker_scene1,20,old
3729,15.928448677062988,0.07609646991724811,PBPF,cracker_scene1,20,old
3730,15.93273425102234,0.076101258963513,PBPF,cracker_scene1,20,old
3731,15.936826944351196,0.076101258963513,PBPF,cracker_scene1,20,old
3732,15.94145393371582,0.0762114088630752,PBPF,cracker_scene1,20,old
3733,15.945719957351685,0.0762066576303829,PBPF,cracker_scene1,20,old
3734,15.950042963027954,0.0761155887308804,PBPF,cracker_scene1,20,old
3735,15.954183340072632,0.0762142833040671,PBPF,cracker_scene1,20,old
3736,15.958557605743408,0.0761914782265729,PBPF,cracker_scene1,20,old
3737,15.962720155715942,0.07608220543756991,PBPF,cracker_scene1,20,old
3738,15.967271566390991,0.07608220543756991,PBPF,cracker_scene1,20,old
3739,15.971583127975464,0.07620330960805399,PBPF,cracker_scene1,20,old
3740,15.975846767425535,0.07620330960805399,PBPF,cracker_scene1,20,old
3741,15.980036735534668,0.07619671993659641,PBPF,cracker_scene1,20,old
3742,15.984352111816406,0.07619671993659641,PBPF,cracker_scene1,20,old
3743,15.988506317138672,0.0762092129548433,PBPF,cracker_scene1,20,old
3744,15.992738962173462,0.0762092129548433,PBPF,cracker_scene1,20,old
3745,15.99698805809021,0.0761881632393324,PBPF,cracker_scene1,20,old
3746,16.001251935958862,0.0761881632393324,PBPF,cracker_scene1,20,old
3747,16.005481719970703,0.0761799670347662,PBPF,cracker_scene1,20,old
3748,16.00981640815735,0.0761799670347662,PBPF,cracker_scene1,20,old
3749,16.01400113105774,0.07604385238393921,PBPF,cracker_scene1,20,old
3750,16.01822566986084,0.07604385238393921,PBPF,cracker_scene1,20,old
3751,16.02243685722351,0.07609309233940731,PBPF,cracker_scene1,20,old
3752,16.02665114402771,0.07609309233940731,PBPF,cracker_scene1,20,old
3753,16.030946731567383,0.0760747127395898,PBPF,cracker_scene1,20,old
3754,16.035179376602173,0.0760747127395898,PBPF,cracker_scene1,20,old
3755,16.039422035217285,0.0759953514791269,PBPF,cracker_scene1,20,old
3756,16.04370880126953,0.0759566593035371,PBPF,cracker_scene1,20,old
3757,16.047958374023438,0.0759001957008584,PBPF,cracker_scene1,20,old
3758,16.051998138427734,0.0759001957008584,PBPF,cracker_scene1,20,old
3759,16.05623197555542,0.0759001957008584,PBPF,cracker_scene1,20,old
3760,16.060497045516968,0.0760123071215409,PBPF,cracker_scene1,20,old
3761,16.064836502075195,0.0760123071215409,PBPF,cracker_scene1,20,old
3762,16.069353103637695,0.07600752105901981,PBPF,cracker_scene1,20,old
3763,16.073650121688843,0.07600752105901981,PBPF,cracker_scene1,20,old
3764,16.078022241592407,0.07587958447371901,PBPF,cracker_scene1,20,old
3765,16.08227825164795,0.07587958447371901,PBPF,cracker_scene1,20,old
3766,16.086618900299072,0.0759771857436123,PBPF,cracker_scene1,20,old
3767,16.0909264087677,0.0759771857436123,PBPF,cracker_scene1,20,old
3768,16.095174074172974,0.0760248466709183,PBPF,cracker_scene1,20,old
3769,16.099403858184814,0.0760248466709183,PBPF,cracker_scene1,20,old
3770,16.103830337524414,0.0759047307276528,PBPF,cracker_scene1,20,old
3771,16.108330965042114,0.0759047307276528,PBPF,cracker_scene1,20,old
3772,16.11273455619812,0.07600196367996681,PBPF,cracker_scene1,20,old
3773,16.117226123809814,0.07600196367996681,PBPF,cracker_scene1,20,old
3774,16.121347427368164,0.07600196367996681,PBPF,cracker_scene1,20,old
3775,16.125784158706665,0.0759873624216573,PBPF,cracker_scene1,20,old
3776,16.129987955093384,0.0759583193392536,PBPF,cracker_scene1,20,old
3777,16.13439130783081,0.0759583193392536,PBPF,cracker_scene1,20,old
3778,16.138876914978027,0.0758330388064095,PBPF,cracker_scene1,20,old
3779,16.143399238586426,0.0757647844687685,PBPF,cracker_scene1,20,old
3780,16.147815942764282,0.0757647844687685,PBPF,cracker_scene1,20,old
3781,16.15190291404724,0.0758841075208859,PBPF,cracker_scene1,20,old
3782,16.156330347061157,0.0758548096412427,PBPF,cracker_scene1,20,old
3783,16.160574674606323,0.07584854082610709,PBPF,cracker_scene1,20,old
3784,16.165077686309814,0.0758361665049625,PBPF,cracker_scene1,20,old
3785,16.169524908065796,0.07569058584049809,PBPF,cracker_scene1,20,old
3786,16.173842668533325,0.07569058584049809,PBPF,cracker_scene1,20,old
3787,16.178472995758057,0.0771214900045088,PBPF,cracker_scene1,20,old
3788,16.18256449699402,0.0771214900045088,PBPF,cracker_scene1,20,old
3789,16.187028169631958,0.0770030139023472,PBPF,cracker_scene1,20,old
3790,16.191163539886475,0.0770030139023472,PBPF,cracker_scene1,20,old
3791,16.195528745651245,0.0771274757561903,PBPF,cracker_scene1,20,old
3792,16.19975233078003,0.0771274757561903,PBPF,cracker_scene1,20,old
3793,16.20384669303894,0.0771274757561903,PBPF,cracker_scene1,20,old
3794,16.20839524269104,0.0771086279651634,PBPF,cracker_scene1,20,old
3795,16.212953805923462,0.0769547168146856,PBPF,cracker_scene1,20,old
3796,16.217637300491333,0.0769416034827978,PBPF,cracker_scene1,20,old
3797,16.222020387649536,0.0770172194531687,PBPF,cracker_scene1,20,old
3798,16.2263503074646,0.0770172194531687,PBPF,cracker_scene1,20,old
3799,16.230631113052368,0.07697482279561241,PBPF,cracker_scene1,20,old
3800,16.235026359558105,0.07697482279561241,PBPF,cracker_scene1,20,old
3801,16.239371299743652,0.07698732944135339,PBPF,cracker_scene1,20,old
3802,16.24364161491394,0.07698732944135339,PBPF,cracker_scene1,20,old
3803,16.24810791015625,0.0769494687683704,PBPF,cracker_scene1,20,old
3804,16.25217914581299,0.0769494687683704,PBPF,cracker_scene1,20,old
3805,16.25670051574707,0.0767846573049143,PBPF,cracker_scene1,20,old
3806,16.260761737823486,0.0767846573049143,PBPF,cracker_scene1,20,old
3807,16.265331745147705,0.07687599292573241,PBPF,cracker_scene1,20,old
3808,16.269614696502686,0.07687599292573241,PBPF,cracker_scene1,20,old
3809,16.27401113510132,0.0767362641976749,PBPF,cracker_scene1,20,old
3810,16.27825355529785,0.0767362641976749,PBPF,cracker_scene1,20,old
3811,16.282669067382812,0.07687866334851509,PBPF,cracker_scene1,20,old
3812,16.286715507507324,0.07687866334851509,PBPF,cracker_scene1,20,old
3813,16.291260480880737,0.0767733891333062,PBPF,cracker_scene1,20,old
3814,16.29537868499756,0.0767733891333062,PBPF,cracker_scene1,20,old
3815,16.299922466278076,0.0769031470387653,PBPF,cracker_scene1,20,old
3816,16.30423617362976,0.0767864946983973,PBPF,cracker_scene1,20,old
3817,16.308714389801025,0.0767864946983973,PBPF,cracker_scene1,20,old
3818,16.31296682357788,0.0768968561312228,PBPF,cracker_scene1,20,old
3819,16.317397832870483,0.0768968561312228,PBPF,cracker_scene1,20,old
3820,16.32164764404297,0.0767887154340044,PBPF,cracker_scene1,20,old
3821,16.326063871383667,0.0767887154340044,PBPF,cracker_scene1,20,old
3822,16.33037281036377,0.07689272068332889,PBPF,cracker_scene1,20,old
3823,16.334986925125122,0.07689272068332889,PBPF,cracker_scene1,20,old
3824,16.33954405784607,0.0788613669851142,PBPF,cracker_scene1,20,old
3825,16.343624591827393,0.0788613669851142,PBPF,cracker_scene1,20,old
3826,16.348013162612915,0.0788312147418006,PBPF,cracker_scene1,20,old
3827,16.352089166641235,0.0788312147418006,PBPF,cracker_scene1,20,old
3828,16.356511116027832,0.078666444413185,PBPF,cracker_scene1,20,old
3829,16.360553979873657,0.078666444413185,PBPF,cracker_scene1,20,old
3830,16.365206003189087,0.0787669188547738,PBPF,cracker_scene1,20,old
3831,16.369579076766968,0.0787669188547738,PBPF,cracker_scene1,20,old
3832,16.374125003814697,0.0787831332056941,PBPF,cracker_scene1,20,old
3833,16.378181219100952,0.0787831332056941,PBPF,cracker_scene1,20,old
3834,16.382697105407715,0.0787530506918266,PBPF,cracker_scene1,20,old
3835,16.386839151382446,0.0787530506918266,PBPF,cracker_scene1,20,old
3836,16.39138650894165,0.0786262210866531,PBPF,cracker_scene1,20,old
3837,16.395564556121826,0.0786241094465363,PBPF,cracker_scene1,20,old
3838,16.400099992752075,0.0786020947678845,PBPF,cracker_scene1,20,old
3839,16.404380083084106,0.07871936050113501,PBPF,cracker_scene1,20,old
3840,16.408868312835693,0.0787079448944859,PBPF,cracker_scene1,20,old
3841,16.413161993026733,0.0785829107749123,PBPF,cracker_scene1,20,old
3842,16.417478322982788,0.0785829107749123,PBPF,cracker_scene1,20,old
3843,16.421700477600098,0.0786793587478372,PBPF,cracker_scene1,20,old
3844,16.42615246772766,0.0786716491075578,PBPF,cracker_scene1,20,old
3845,16.43062400817871,0.0786701240099934,PBPF,cracker_scene1,20,old
3846,16.434918642044067,0.0786701240099934,PBPF,cracker_scene1,20,old
3847,16.439324855804443,0.0786617717242202,PBPF,cracker_scene1,20,old
3848,16.443469524383545,0.0786617717242202,PBPF,cracker_scene1,20,old
3849,16.447871208190918,0.07856826985385759,PBPF,cracker_scene1,20,old
3850,16.452013969421387,0.07856826985385759,PBPF,cracker_scene1,20,old
3851,16.456138372421265,0.07856826985385759,PBPF,cracker_scene1,20,old
3852,16.46052384376526,0.07855018705298569,PBPF,cracker_scene1,20,old
3853,16.464954614639282,0.0786615502970425,PBPF,cracker_scene1,20,old
3854,16.46938967704773,0.0786615502970425,PBPF,cracker_scene1,20,old
3855,16.473655462265015,0.0786615502970425,PBPF,cracker_scene1,20,old
3856,16.478199005126953,0.0786732395846188,PBPF,cracker_scene1,20,old
3857,16.482430458068848,0.0786732395846188,PBPF,cracker_scene1,20,old
3858,16.48761248588562,0.0786785226726289,PBPF,cracker_scene1,20,old
3859,16.491790056228638,0.0786785226726289,PBPF,cracker_scene1,20,old
3860,16.496278285980225,0.0785694043253902,PBPF,cracker_scene1,20,old
3861,16.500814199447632,0.08098792204487609,PBPF,cracker_scene1,20,old
3862,16.504916667938232,0.08098792204487609,PBPF,cracker_scene1,20,old
3863,16.50912070274353,0.08098792204487609,PBPF,cracker_scene1,20,old
3864,16.51352572441101,0.0809850545205361,PBPF,cracker_scene1,20,old
3865,16.51763343811035,0.0809850545205361,PBPF,cracker_scene1,20,old
3866,16.521920204162598,0.08096327191878061,PBPF,cracker_scene1,20,old
3867,16.52608060836792,0.08096327191878061,PBPF,cracker_scene1,20,old
3868,16.53028106689453,0.081046670874605,PBPF,cracker_scene1,20,old
3869,16.53465962409973,0.081046670874605,PBPF,cracker_scene1,20,old
3870,16.539011001586914,0.0810795144848369,PBPF,cracker_scene1,20,old
3871,16.54298162460327,0.0810795144848369,PBPF,cracker_scene1,20,old
3872,16.54715609550476,0.0809687612617546,PBPF,cracker_scene1,20,old
3873,16.551190614700317,0.0809687612617546,PBPF,cracker_scene1,20,old
3874,16.5552237033844,0.0809687612617546,PBPF,cracker_scene1,20,old
3875,16.559431314468384,0.08097615227299601,PBPF,cracker_scene1,20,old
3876,16.563446521759033,0.08097615227299601,PBPF,cracker_scene1,20,old
3877,16.56804585456848,0.0809614585420636,PBPF,cracker_scene1,20,old
3878,16.572213411331177,0.0809614585420636,PBPF,cracker_scene1,20,old
3879,16.57647728919983,0.0810551585013564,PBPF,cracker_scene1,20,old
3880,16.5806725025177,0.08106060764669451,PBPF,cracker_scene1,20,old
3881,16.58495855331421,0.08106060764669451,PBPF,cracker_scene1,20,old
3882,16.58912205696106,0.08093893744244321,PBPF,cracker_scene1,20,old
3883,16.59344720840454,0.08104946554337711,PBPF,cracker_scene1,20,old
3884,16.597805976867676,0.0810378753838296,PBPF,cracker_scene1,20,old
3885,16.601947784423828,0.0810378753838296,PBPF,cracker_scene1,20,old
3886,16.606235027313232,0.0810250859097082,PBPF,cracker_scene1,20,old
3887,16.61072278022766,0.0810140826297876,PBPF,cracker_scene1,20,old
3888,16.61519432067871,0.08100661732198261,PBPF,cracker_scene1,20,old
3889,16.619606018066406,0.08101424474347041,PBPF,cracker_scene1,20,old
3890,16.624184608459473,0.08099418353711241,PBPF,cracker_scene1,20,old
3891,16.62842345237732,0.08099418353711241,PBPF,cracker_scene1,20,old
3892,16.63278079032898,0.08084355851080499,PBPF,cracker_scene1,20,old
3893,16.63685703277588,0.08097301672611659,PBPF,cracker_scene1,20,old
3894,16.641263961791992,0.0809613855441361,PBPF,cracker_scene1,20,old
3895,16.645322561264038,0.0809613855441361,PBPF,cracker_scene1,20,old
3896,16.649800062179565,0.080848417352278,PBPF,cracker_scene1,20,old
3897,16.653904676437378,0.080848417352278,PBPF,cracker_scene1,20,old
3898,16.658465147018433,0.0823063102860147,PBPF,cracker_scene1,20,old
3899,16.662708044052124,0.0823063102860147,PBPF,cracker_scene1,20,old
3900,16.66715979576111,0.0823411945665091,PBPF,cracker_scene1,20,old
3901,16.67131471633911,0.0823351988529206,PBPF,cracker_scene1,20,old
3902,16.675588369369507,0.0823351988529206,PBPF,cracker_scene1,20,old
3903,16.679736614227295,0.0824135276918668,PBPF,cracker_scene1,20,old
3904,16.684013843536377,0.0824135276918668,PBPF,cracker_scene1,20,old
3905,16.688337802886963,0.08233855383545,PBPF,cracker_scene1,20,old
3906,16.693053245544434,0.08233855383545,PBPF,cracker_scene1,20,old
3907,16.697354316711426,0.0822911831041449,PBPF,cracker_scene1,20,old
3908,16.701655387878418,0.0822911831041449,PBPF,cracker_scene1,20,old
3909,16.705942392349243,0.08235978544647521,PBPF,cracker_scene1,20,old
3910,16.710130214691162,0.08235978544647521,PBPF,cracker_scene1,20,old
3911,16.714393377304077,0.08228114788871099,PBPF,cracker_scene1,20,old
3912,16.718677759170532,0.08228114788871099,PBPF,cracker_scene1,20,old
3913,16.72296404838562,0.0822559158580842,PBPF,cracker_scene1,20,old
3914,16.727144718170166,0.0822559158580842,PBPF,cracker_scene1,20,old
3915,16.731605529785156,0.0823455308114481,PBPF,cracker_scene1,20,old
3916,16.73591184616089,0.0823455308114481,PBPF,cracker_scene1,20,old
3917,16.740160703659058,0.0823483868540209,PBPF,cracker_scene1,20,old
3918,16.744165658950806,0.0823483868540209,PBPF,cracker_scene1,20,old
3919,16.748332500457764,0.0822506711870649,PBPF,cracker_scene1,20,old
3920,16.752315044403076,0.0822506711870649,PBPF,cracker_scene1,20,old
3921,16.756497144699097,0.0823632811784103,PBPF,cracker_scene1,20,old
3922,16.760822296142578,0.0823632811784103,PBPF,cracker_scene1,20,old
3923,16.765085697174072,0.0822604603041299,PBPF,cracker_scene1,20,old
3924,16.76943349838257,0.0822604603041299,PBPF,cracker_scene1,20,old
3925,16.77374815940857,0.08222486184417199,PBPF,cracker_scene1,20,old
3926,16.777833223342896,0.08222486184417199,PBPF,cracker_scene1,20,old
3927,16.782322883605957,0.0823346714682899,PBPF,cracker_scene1,20,old
3928,16.786412239074707,0.0823346714682899,PBPF,cracker_scene1,20,old
3929,16.791122436523438,0.0822463712582959,PBPF,cracker_scene1,20,old
3930,16.795382261276245,0.0822463712582959,PBPF,cracker_scene1,20,old
3931,16.799992322921753,0.0822400555013954,PBPF,cracker_scene1,20,old
3932,16.804126977920532,0.0822400555013954,PBPF,cracker_scene1,20,old
3933,16.80864667892456,0.0822135539384661,PBPF,cracker_scene1,20,old
3934,16.812856197357178,0.082201848774099,PBPF,cracker_scene1,20,old
3935,16.817259788513184,0.082201848774099,PBPF,cracker_scene1,20,old
3936,16.82156276702881,0.0821988983666408,PBPF,cracker_scene1,20,old
3937,16.826215744018555,0.0839944325487723,PBPF,cracker_scene1,20,old
3938,16.83063244819641,0.0839788207484108,PBPF,cracker_scene1,20,old
3939,16.835198640823364,0.0839788207484108,PBPF,cracker_scene1,20,old
3940,16.839415550231934,0.08400392971696591,PBPF,cracker_scene1,20,old
3941,16.843448638916016,0.08400392971696591,PBPF,cracker_scene1,20,old
3942,16.848379373550415,0.0840577454288162,PBPF,cracker_scene1,20,old
3943,16.85260772705078,0.0840577454288162,PBPF,cracker_scene1,20,old
3944,16.857258081436157,0.08393024102016569,PBPF,cracker_scene1,20,old
3945,16.86138081550598,0.08393024102016569,PBPF,cracker_scene1,20,old
3946,16.86619544029236,0.083972382460202,PBPF,cracker_scene1,20,old
3947,16.870310068130493,0.083972382460202,PBPF,cracker_scene1,20,old
3948,16.874903678894043,0.08391192066403591,PBPF,cracker_scene1,20,old
3949,16.879111766815186,0.0839085015234784,PBPF,cracker_scene1,20,old
3950,16.883705377578735,0.0839617518981518,PBPF,cracker_scene1,20,old
3951,16.888011693954468,0.0839602828590851,PBPF,cracker_scene1,20,old
3952,16.892769813537598,0.0839602828590851,PBPF,cracker_scene1,20,old
3953,16.89704942703247,0.08399960975126561,PBPF,cracker_scene1,20,old
3954,16.90156602859497,0.08399960975126561,PBPF,cracker_scene1,20,old
3955,16.90577483177185,0.0839259249067819,PBPF,cracker_scene1,20,old
3956,16.910191774368286,0.0839259249067819,PBPF,cracker_scene1,20,old
3957,16.914469718933105,0.0839542760997084,PBPF,cracker_scene1,20,old
3958,16.918757438659668,0.0839542760997084,PBPF,cracker_scene1,20,old
3959,16.923237323760986,0.0839121602417186,PBPF,cracker_scene1,20,old
3960,16.927376985549927,0.0839121602417186,PBPF,cracker_scene1,20,old
3961,16.9317729473114,0.0838369675222182,PBPF,cracker_scene1,20,old
3962,16.936336517333984,0.0838369675222182,PBPF,cracker_scene1,20,old
3963,16.94086718559265,0.08384789150514149,PBPF,cracker_scene1,20,old
3964,16.945120096206665,0.08384789150514149,PBPF,cracker_scene1,20,old
3965,16.949660301208496,0.0838171251356103,PBPF,cracker_scene1,20,old
3966,16.953768968582153,0.0838171251356103,PBPF,cracker_scene1,20,old
3967,16.958321571350098,0.0838842607114294,PBPF,cracker_scene1,20,old
3968,16.962462663650513,0.08382558746803931,PBPF,cracker_scene1,20,old
3969,16.966808319091797,0.0838127528180761,PBPF,cracker_scene1,20,old
3970,16.971878051757812,0.0853231049109606,PBPF,cracker_scene1,20,old
3971,16.9759304523468,0.0853231049109606,PBPF,cracker_scene1,20,old
3972,16.98007106781006,0.0853034639689085,PBPF,cracker_scene1,20,old
3973,16.984084129333496,0.0853034639689085,PBPF,cracker_scene1,20,old
3974,16.988210916519165,0.0853462435025133,PBPF,cracker_scene1,20,old
3975,16.99225115776062,0.0853462435025133,PBPF,cracker_scene1,20,old
3976,16.996360301971436,0.0853407269298545,PBPF,cracker_scene1,20,old
3977,17.00153875350952,0.0853287271993587,PBPF,cracker_scene1,20,old
3978,17.00586700439453,0.0852777140592795,PBPF,cracker_scene1,20,old
3979,17.010265588760376,0.0852777140592795,PBPF,cracker_scene1,20,old
3980,17.0147385597229,0.08528022899318241,PBPF,cracker_scene1,20,old
3981,17.018853664398193,0.08528022899318241,PBPF,cracker_scene1,20,old
3982,17.023245334625244,0.0852959767714697,PBPF,cracker_scene1,20,old
3983,17.02759552001953,0.0852959767714697,PBPF,cracker_scene1,20,old
3984,17.032085418701172,0.08508958829626301,PBPF,cracker_scene1,20,old
3985,17.03661870956421,0.08508958829626301,PBPF,cracker_scene1,20,old
3986,17.041355848312378,0.0852266592523794,PBPF,cracker_scene1,20,old
3987,17.045421838760376,0.0852266592523794,PBPF,cracker_scene1,20,old
3988,17.050116777420044,0.08524194886220221,PBPF,cracker_scene1,20,old
3989,17.054391622543335,0.0851680893295757,PBPF,cracker_scene1,20,old
3990,17.058770179748535,0.0851680893295757,PBPF,cracker_scene1,20,old
3991,17.06305766105652,0.0851462412408743,PBPF,cracker_scene1,20,old
3992,17.067450523376465,0.0851462412408743,PBPF,cracker_scene1,20,old
3993,17.071754693984985,0.0851432732661271,PBPF,cracker_scene1,20,old
3994,17.07590413093567,0.0851432732661271,PBPF,cracker_scene1,20,old
3995,17.080299377441406,0.0851243866164092,PBPF,cracker_scene1,20,old
3996,17.084547996520996,0.0851243866164092,PBPF,cracker_scene1,20,old
3997,17.08875846862793,0.08509000750016141,PBPF,cracker_scene1,20,old
3998,17.09320640563965,0.08509000750016141,PBPF,cracker_scene1,20,old
3999,17.09762477874756,0.0851999003363933,PBPF,cracker_scene1,20,old
4000,17.10190200805664,0.0851999003363933,PBPF,cracker_scene1,20,old
4001,17.106377363204956,0.0851127747892177,PBPF,cracker_scene1,20,old
4002,17.110522508621216,0.0851127747892177,PBPF,cracker_scene1,20,old
4003,17.11494016647339,0.0850936723660986,PBPF,cracker_scene1,20,old
4004,17.119146585464478,0.0850936723660986,PBPF,cracker_scene1,20,old
4005,17.123743772506714,0.08509541237064011,PBPF,cracker_scene1,20,old
4006,17.12794804573059,0.08509541237064011,PBPF,cracker_scene1,20,old
4007,17.132628440856934,0.0868478878738454,PBPF,cracker_scene1,20,old
4008,17.136740684509277,0.0868478878738454,PBPF,cracker_scene1,20,old
4009,17.14114499092102,0.0868734150839428,PBPF,cracker_scene1,20,old
4010,17.145239114761353,0.0868734150839428,PBPF,cracker_scene1,20,old
4011,17.149667978286743,0.08681188490843511,PBPF,cracker_scene1,20,old
4012,17.153844118118286,0.08685876555703939,PBPF,cracker_scene1,20,old
4013,17.158716917037964,0.08685252179407871,PBPF,cracker_scene1,20,old
4014,17.163251399993896,0.0868545264424539,PBPF,cracker_scene1,20,old
4015,17.16799783706665,0.0868545264424539,PBPF,cracker_scene1,20,old
4016,17.17236089706421,0.08684226350853361,PBPF,cracker_scene1,20,old
4017,17.17670440673828,0.08684226350853361,PBPF,cracker_scene1,20,old
4018,17.1810405254364,0.0867910743648724,PBPF,cracker_scene1,20,old
4019,17.185354471206665,0.0867910743648724,PBPF,cracker_scene1,20,old
4020,17.18964672088623,0.08679152052262709,PBPF,cracker_scene1,20,old
4021,17.193883657455444,0.08679152052262709,PBPF,cracker_scene1,20,old
4022,17.198415994644165,0.0868022461629889,PBPF,cracker_scene1,20,old
4023,17.202866315841675,0.0868022461629889,PBPF,cracker_scene1,20,old
4024,17.20729899406433,0.0867529500842423,PBPF,cracker_scene1,20,old
4025,17.211468935012817,0.0867529500842423,PBPF,cracker_scene1,20,old
4026,17.215741872787476,0.0867940421461673,PBPF,cracker_scene1,20,old
4027,17.219897031784058,0.0867940421461673,PBPF,cracker_scene1,20,old
4028,17.22413992881775,0.086705116600358,PBPF,cracker_scene1,20,old
4029,17.228288650512695,0.086705116600358,PBPF,cracker_scene1,20,old
4030,17.233060598373413,0.08673112987211601,PBPF,cracker_scene1,20,old
4031,17.2373685836792,0.0867109869183244,PBPF,cracker_scene1,20,old
4032,17.241753101348877,0.0867109869183244,PBPF,cracker_scene1,20,old
4033,17.245915174484253,0.08664161919547131,PBPF,cracker_scene1,20,old
4034,17.250227689743042,0.0866454619067072,PBPF,cracker_scene1,20,old
4035,17.2544686794281,0.0866454619067072,PBPF,cracker_scene1,20,old
4036,17.258859395980835,0.0865884294309532,PBPF,cracker_scene1,20,old
4037,17.263105392456055,0.0865884294309532,PBPF,cracker_scene1,20,old
4038,17.26748013496399,0.0865884294309532,PBPF,cracker_scene1,20,old
4039,17.27182960510254,0.08663987821730271,PBPF,cracker_scene1,20,old
4040,17.276276350021362,0.08658820706607051,PBPF,cracker_scene1,20,old
4041,17.280696153640747,0.08658820706607051,PBPF,cracker_scene1,20,old
4042,17.285009145736694,0.0866418672330374,PBPF,cracker_scene1,20,old
4043,17.289440870285034,0.0866308822422617,PBPF,cracker_scene1,20,old
4044,17.293997049331665,0.08849287728882141,PBPF,cracker_scene1,20,old
4045,17.29849624633789,0.08849287728882141,PBPF,cracker_scene1,20,old
4046,17.3029522895813,0.08846638827380521,PBPF,cracker_scene1,20,old
4047,17.30733871459961,0.08846638827380521,PBPF,cracker_scene1,20,old
4048,17.31179642677307,0.08846376675497239,PBPF,cracker_scene1,20,old
4049,17.316147327423096,0.08846376675497239,PBPF,cracker_scene1,20,old
4050,17.320441961288452,0.08842532225818261,PBPF,cracker_scene1,20,old
4051,17.32483673095703,0.0884122468551038,PBPF,cracker_scene1,20,old
4052,17.329196453094482,0.08845373333766421,PBPF,cracker_scene1,20,old
4053,17.333492040634155,0.0884149155885463,PBPF,cracker_scene1,20,old
4054,17.337969303131104,0.08838449028635331,PBPF,cracker_scene1,20,old
4055,17.34225082397461,0.0884064958246433,PBPF,cracker_scene1,20,old
4056,17.34667158126831,0.0884064958246433,PBPF,cracker_scene1,20,old
4057,17.350995779037476,0.0883606763493397,PBPF,cracker_scene1,20,old
4058,17.355416774749756,0.0883606763493397,PBPF,cracker_scene1,20,old
4059,17.359830379486084,0.08839808457032491,PBPF,cracker_scene1,20,old
4060,17.364198207855225,0.08839808457032491,PBPF,cracker_scene1,20,old
4061,17.368568897247314,0.08834242846319351,PBPF,cracker_scene1,20,old
4062,17.37289047241211,0.08834242846319351,PBPF,cracker_scene1,20,old
4063,17.37736964225769,0.08839810362506662,PBPF,cracker_scene1,20,old
4064,17.38183569908142,0.08839810362506662,PBPF,cracker_scene1,20,old
4065,17.38592028617859,0.08839810362506662,PBPF,cracker_scene1,20,old
4066,17.390511751174927,0.0883853905713203,PBPF,cracker_scene1,20,old
4067,17.394957304000854,0.08838318560903219,PBPF,cracker_scene1,20,old
4068,17.39956259727478,0.0883778630000811,PBPF,cracker_scene1,20,old
4069,17.404088020324707,0.08832656785363951,PBPF,cracker_scene1,20,old
4070,17.408517122268677,0.08832656785363951,PBPF,cracker_scene1,20,old
4071,17.413418531417847,0.08835410520082801,PBPF,cracker_scene1,20,old
4072,17.41808819770813,0.08837880248915711,PBPF,cracker_scene1,20,old
4073,17.422848224639893,0.0882957003648776,PBPF,cracker_scene1,20,old
4074,17.42713761329651,0.0882957003648776,PBPF,cracker_scene1,20,old
4075,17.43168306350708,0.08826399567447299,PBPF,cracker_scene1,20,old
4076,17.436250686645508,0.08826399567447299,PBPF,cracker_scene1,20,old
4077,17.44065022468567,0.0883114922527718,PBPF,cracker_scene1,20,old
4078,17.444880485534668,0.0883114922527718,PBPF,cracker_scene1,20,old
4079,17.449212551116943,0.0883048139800196,PBPF,cracker_scene1,20,old
4080,17.45350217819214,0.0883048139800196,PBPF,cracker_scene1,20,old
4081,17.457988739013672,0.0897095561656899,PBPF,cracker_scene1,20,old
4082,17.462170600891113,0.0897095561656899,PBPF,cracker_scene1,20,old
4083,17.466988563537598,0.08966706395383489,PBPF,cracker_scene1,20,old
4084,17.47147512435913,0.08965740544546649,PBPF,cracker_scene1,20,old
4085,17.4765682220459,0.0896364145475666,PBPF,cracker_scene1,20,old
4086,17.481199741363525,0.0896195871793519,PBPF,cracker_scene1,20,old
4087,17.485565185546875,0.0896195871793519,PBPF,cracker_scene1,20,old
4088,17.490270137786865,0.08960705101712702,PBPF,cracker_scene1,20,old
4089,17.494466543197632,0.08960705101712702,PBPF,cracker_scene1,20,old
4090,17.49913263320923,0.0895607497346192,PBPF,cracker_scene1,20,old
4091,17.503665685653687,0.08959765074343101,PBPF,cracker_scene1,20,old
4092,17.508228302001953,0.0895908931998747,PBPF,cracker_scene1,20,old
4093,17.512611389160156,0.089597334676525,PBPF,cracker_scene1,20,old
4094,17.517125368118286,0.089597334676525,PBPF,cracker_scene1,20,old
4095,17.521422624588013,0.0895652158451141,PBPF,cracker_scene1,20,old
4096,17.525973081588745,0.0895500313514587,PBPF,cracker_scene1,20,old
4097,17.53039002418518,0.089571689689591,PBPF,cracker_scene1,20,old
4098,17.534915924072266,0.089571689689591,PBPF,cracker_scene1,20,old
4099,17.539358615875244,0.08953936462676551,PBPF,cracker_scene1,20,old
4100,17.543721437454224,0.08953936462676551,PBPF,cracker_scene1,20,old
4101,17.548357725143433,0.08949814942112161,PBPF,cracker_scene1,20,old
4102,17.55246639251709,0.08949814942112161,PBPF,cracker_scene1,20,old
4103,17.556893587112427,0.08945970166537909,PBPF,cracker_scene1,20,old
4104,17.56098508834839,0.08945970166537909,PBPF,cracker_scene1,20,old
4105,17.565864324569702,0.08954227556838851,PBPF,cracker_scene1,20,old
4106,17.57013487815857,0.08954227556838851,PBPF,cracker_scene1,20,old
4107,17.574758768081665,0.0895001689512924,PBPF,cracker_scene1,20,old
4108,17.579013347625732,0.0895001689512924,PBPF,cracker_scene1,20,old
4109,17.58363175392151,0.08946239779837839,PBPF,cracker_scene1,20,old
4110,17.58787250518799,0.08946239779837839,PBPF,cracker_scene1,20,old
4111,17.59236764907837,0.0893807979604454,PBPF,cracker_scene1,20,old
4112,17.596861124038696,0.0893908001074416,PBPF,cracker_scene1,20,old
4113,17.60129141807556,0.0893908001074416,PBPF,cracker_scene1,20,old
4114,17.60568928718567,0.0894335643695165,PBPF,cracker_scene1,20,old
4115,17.61001992225647,0.0894335643695165,PBPF,cracker_scene1,20,old
4116,17.61467170715332,0.09304123123463609,PBPF,cracker_scene1,20,old
4117,17.61881947517395,0.09304123123463609,PBPF,cracker_scene1,20,old
4118,17.62347149848938,0.0929859528193385,PBPF,cracker_scene1,20,old
4119,17.627696752548218,0.0929859528193385,PBPF,cracker_scene1,20,old
4120,17.632213830947876,0.0930230852781794,PBPF,cracker_scene1,20,old
4121,17.636808156967163,0.0930230852781794,PBPF,cracker_scene1,20,old
4122,17.641034364700317,0.09300248160613059,PBPF,cracker_scene1,20,old
4123,17.645198345184326,0.09300248160613059,PBPF,cracker_scene1,20,old
4124,17.64954948425293,0.0929362055334278,PBPF,cracker_scene1,20,old
4125,17.653720140457153,0.0929362055334278,PBPF,cracker_scene1,20,old
4126,17.65778160095215,0.0929362055334278,PBPF,cracker_scene1,20,old
4127,17.66235113143921,0.0929565523318728,PBPF,cracker_scene1,20,old
4128,17.666759252548218,0.0929565523318728,PBPF,cracker_scene1,20,old
4129,17.671494007110596,0.0929417816137347,PBPF,cracker_scene1,20,old
4130,17.67574667930603,0.0929417816137347,PBPF,cracker_scene1,20,old
4131,17.68003249168396,0.092971283274729,PBPF,cracker_scene1,20,old
4132,17.684395790100098,0.092971283274729,PBPF,cracker_scene1,20,old
4133,17.688839435577393,0.0929713011933887,PBPF,cracker_scene1,20,old
4134,17.692992687225342,0.0929713011933887,PBPF,cracker_scene1,20,old
4135,17.697517156600952,0.09294019203087059,PBPF,cracker_scene1,20,old
4136,17.701998710632324,0.09294019203087059,PBPF,cracker_scene1,20,old
4137,17.70625615119934,0.09294019203087059,PBPF,cracker_scene1,20,old
4138,17.710638999938965,0.092912017190623,PBPF,cracker_scene1,20,old
4139,17.714991331100464,0.0929601290314371,PBPF,cracker_scene1,20,old
4140,17.719320058822632,0.09293749460860301,PBPF,cracker_scene1,20,old
4141,17.72356677055359,0.09293749460860301,PBPF,cracker_scene1,20,old
4142,17.727917194366455,0.09292757462389781,PBPF,cracker_scene1,20,old
4143,17.73228621482849,0.09292757462389781,PBPF,cracker_scene1,20,old
4144,17.736645460128784,0.09286356108552779,PBPF,cracker_scene1,20,old
4145,17.740906715393066,0.09286356108552779,PBPF,cracker_scene1,20,old
4146,17.745476961135864,0.0927837202517898,PBPF,cracker_scene1,20,old
4147,17.750031232833862,0.09276588799306909,PBPF,cracker_scene1,20,old
4148,17.75438690185547,0.09276588799306909,PBPF,cracker_scene1,20,old
4149,17.758983373641968,0.0927938567933734,PBPF,cracker_scene1,20,old
4150,17.76324725151062,0.0927938567933734,PBPF,cracker_scene1,20,old
4151,17.76766061782837,0.0927938567933734,PBPF,cracker_scene1,20,old
4152,17.77222752571106,0.09278745124311841,PBPF,cracker_scene1,20,old
4153,17.776569366455078,0.09278745124311841,PBPF,cracker_scene1,20,old
4154,17.781205892562866,0.0926442509730713,PBPF,cracker_scene1,20,old
4155,17.78543710708618,0.0926442509730713,PBPF,cracker_scene1,20,old
4156,17.790010690689087,0.0926268431015616,PBPF,cracker_scene1,20,old
4157,17.794309377670288,0.0926268431015616,PBPF,cracker_scene1,20,old
4158,17.79870915412903,0.09264363021116209,PBPF,cracker_scene1,20,old
4159,17.803020477294922,0.09264363021116209,PBPF,cracker_scene1,20,old
4160,17.80726408958435,0.09264363021116209,PBPF,cracker_scene1,20,old
4161,17.81178855895996,0.09258784836825529,PBPF,cracker_scene1,20,old
4162,17.816356897354126,0.0925272204962882,PBPF,cracker_scene1,20,old
4163,17.821103811264038,0.0925044481211603,PBPF,cracker_scene1,20,old
4164,17.825734615325928,0.0925656548639055,PBPF,cracker_scene1,20,old
4165,17.83033537864685,0.09249828478182939,PBPF,cracker_scene1,20,old
4166,17.834952354431152,0.09249828478182939,PBPF,cracker_scene1,20,old
4167,17.839340925216675,0.09254053193177339,PBPF,cracker_scene1,20,old
4168,17.843708753585815,0.09254053193177339,PBPF,cracker_scene1,20,old
4169,17.84821915626526,0.09260888976224571,PBPF,cracker_scene1,20,old
4170,17.852421283721924,0.09260888976224571,PBPF,cracker_scene1,20,old
4171,17.856942415237427,0.092518758920799,PBPF,cracker_scene1,20,old
4172,17.861212491989136,0.092518758920799,PBPF,cracker_scene1,20,old
4173,17.86589479446411,0.0924780752747272,PBPF,cracker_scene1,20,old
4174,17.87040686607361,0.09244230166411621,PBPF,cracker_scene1,20,old
4175,17.87463665008545,0.09241849778905159,PBPF,cracker_scene1,20,old
4176,17.878949880599976,0.0923928159466895,PBPF,cracker_scene1,20,old
4177,17.883126258850098,0.09242094568229059,PBPF,cracker_scene1,20,old
4178,17.88752770423889,0.09237862607970701,PBPF,cracker_scene1,20,old
4179,17.891728162765503,0.09237862607970701,PBPF,cracker_scene1,20,old
4180,17.89609956741333,0.09237271202685171,PBPF,cracker_scene1,20,old
4181,17.901060104370117,0.09235953633489269,PBPF,cracker_scene1,20,old
4182,17.905596494674683,0.0923819648104881,PBPF,cracker_scene1,20,old
4183,17.90994119644165,0.0923819648104881,PBPF,cracker_scene1,20,old
4184,17.91440486907959,0.09232093655587631,PBPF,cracker_scene1,20,old
4185,17.918715238571167,0.09232093655587631,PBPF,cracker_scene1,20,old
4186,17.92325472831726,0.0923679706896183,PBPF,cracker_scene1,20,old
4187,17.927390098571777,0.0923679706896183,PBPF,cracker_scene1,20,old
4188,17.931995391845703,0.09229933490780079,PBPF,cracker_scene1,20,old
4189,17.936424255371094,0.09229933490780079,PBPF,cracker_scene1,20,old
4190,17.940959930419922,0.09331910619607789,PBPF,cracker_scene1,20,old
4191,17.945456981658936,0.09331910619607789,PBPF,cracker_scene1,20,old
4192,17.950059175491333,0.0933764352507612,PBPF,cracker_scene1,20,old
4193,17.954331874847412,0.0933381490501044,PBPF,cracker_scene1,20,old
4194,17.958795070648193,0.0933381490501044,PBPF,cracker_scene1,20,old
4195,17.96315622329712,0.0933107731190537,PBPF,cracker_scene1,20,old
4196,17.96777844429016,0.0933107731190537,PBPF,cracker_scene1,20,old
4197,17.972259044647217,0.093300113592683,PBPF,cracker_scene1,20,old
4198,17.976640939712524,0.093300113592683,PBPF,cracker_scene1,20,old
4199,17.981278657913208,0.0932499715653787,PBPF,cracker_scene1,20,old
4200,17.98566961288452,0.0932499715653787,PBPF,cracker_scene1,20,old
4201,17.990540266036987,0.0932568723848605,PBPF,cracker_scene1,20,old
4202,17.99480152130127,0.0932568723848605,PBPF,cracker_scene1,20,old
4203,17.999541997909546,0.09322387953815789,PBPF,cracker_scene1,20,old
4204,18.00399923324585,0.0932493836161217,PBPF,cracker_scene1,20,old
4205,18.008650064468384,0.0932463964603869,PBPF,cracker_scene1,20,old
4206,18.01326632499695,0.09317665132907471,PBPF,cracker_scene1,20,old
4207,18.01769614219665,0.09317665132907471,PBPF,cracker_scene1,20,old
4208,18.022308826446533,0.0931938489821498,PBPF,cracker_scene1,20,old
4209,18.026673555374146,0.0931938489821498,PBPF,cracker_scene1,20,old
4210,18.031094551086422,0.0931588415704129,PBPF,cracker_scene1,20,old
4211,18.035534620285038,0.0931588415704129,PBPF,cracker_scene1,20,old
4212,18.04004216194153,0.0931549304162278,PBPF,cracker_scene1,20,old
4213,18.04433798789978,0.0931549304162278,PBPF,cracker_scene1,20,old
4214,18.0490984916687,0.0931247457014922,PBPF,cracker_scene1,20,old
4215,18.053173542022705,0.0931247457014922,PBPF,cracker_scene1,20,old
4216,18.05798602104187,0.09314363981638099,PBPF,cracker_scene1,20,old
4217,18.0623083114624,0.09315426767829421,PBPF,cracker_scene1,20,old
4218,18.067001581192017,0.09315426767829421,PBPF,cracker_scene1,20,old
4219,18.0712730884552,0.09316124636086559,PBPF,cracker_scene1,20,old
4220,18.07582712173462,0.09318708487579791,PBPF,cracker_scene1,20,old
4221,18.080331087112427,0.0931345949142374,PBPF,cracker_scene1,20,old
4222,18.08474278450012,0.0931345949142374,PBPF,cracker_scene1,20,old
4223,18.08918619155884,0.09310210138335029,PBPF,cracker_scene1,20,old
4224,18.09359073638916,0.09310210138335029,PBPF,cracker_scene1,20,old
4225,18.098409414291385,0.09359185725549979,PBPF,cracker_scene1,20,old
4226,18.10281872749329,0.09359185725549979,PBPF,cracker_scene1,20,old
4227,18.10724973678589,0.09358241372619089,PBPF,cracker_scene1,20,old
4228,18.111382961273197,0.09358241372619089,PBPF,cracker_scene1,20,old
4229,18.11582922935486,0.0935757102522431,PBPF,cracker_scene1,20,old
4230,18.11996555328369,0.0935757102522431,PBPF,cracker_scene1,20,old
4231,18.12429642677307,0.0935609933283684,PBPF,cracker_scene1,20,old
4232,18.128438234329224,0.0935609933283684,PBPF,cracker_scene1,20,old
4233,18.13298773765564,0.09355402251921399,PBPF,cracker_scene1,20,old
4234,18.137770414352417,0.09353793767319629,PBPF,cracker_scene1,20,old
4235,18.142363786697388,0.09353793767319629,PBPF,cracker_scene1,20,old
4236,18.146926164627075,0.09352652327143729,PBPF,cracker_scene1,20,old
4237,18.15138864517212,0.09352652327143729,PBPF,cracker_scene1,20,old
4238,18.155866146087646,0.09351701929336081,PBPF,cracker_scene1,20,old
4239,18.16013765335083,0.09351701929336081,PBPF,cracker_scene1,20,old
4240,18.16468381881714,0.0935487033480599,PBPF,cracker_scene1,20,old
4241,18.169118642807007,0.0935487033480599,PBPF,cracker_scene1,20,old
4242,18.17384457588196,0.09340586105642582,PBPF,cracker_scene1,20,old
4243,18.178165674209595,0.09340586105642582,PBPF,cracker_scene1,20,old
4244,18.18292260169983,0.0933851354883076,PBPF,cracker_scene1,20,old
4245,18.18727827072144,0.0933843674239947,PBPF,cracker_scene1,20,old
4246,18.191783905029297,0.09334956594807009,PBPF,cracker_scene1,20,old
4247,18.196045637130737,0.09334214892348,PBPF,cracker_scene1,20,old
4248,18.20071315765381,0.09331776496061589,PBPF,cracker_scene1,20,old
4249,18.2051944732666,0.0933098252042173,PBPF,cracker_scene1,20,old
4250,18.2097327709198,0.0933098252042173,PBPF,cracker_scene1,20,old
4251,18.214295148849487,0.09328882370998981,PBPF,cracker_scene1,20,old
4252,18.21886134147644,0.09328882370998981,PBPF,cracker_scene1,20,old
4253,18.223694324493408,0.09327144861580441,PBPF,cracker_scene1,20,old
4254,18.22805166244507,0.09327144861580441,PBPF,cracker_scene1,20,old
4255,18.23262357711792,0.0932321737582707,PBPF,cracker_scene1,20,old
4256,18.237010955810547,0.0932321737582707,PBPF,cracker_scene1,20,old
4257,18.241605281829838,0.093230944678695,PBPF,cracker_scene1,20,old
4258,18.245858907699585,0.093230944678695,PBPF,cracker_scene1,20,old
4259,18.25062322616577,0.0932278800843643,PBPF,cracker_scene1,20,old
4260,18.25523042678833,0.09324917352310261,PBPF,cracker_scene1,20,old
4261,18.26085615158081,0.09324917352310261,PBPF,cracker_scene1,20,old
4262,18.26557493209839,0.09640061081747159,PBPF,cracker_scene1,20,old
4263,18.270017385482788,0.09640061081747159,PBPF,cracker_scene1,20,old
4264,18.27468204498291,0.09637608357248931,PBPF,cracker_scene1,20,old
4265,18.278972864151,0.0963876463579387,PBPF,cracker_scene1,20,old
4266,18.283613443374637,0.0964114631290148,PBPF,cracker_scene1,20,old
4267,18.288193941116333,0.09639445947769379,PBPF,cracker_scene1,20,old
4268,18.29267263412476,0.09639344685307191,PBPF,cracker_scene1,20,old
4269,18.29712963104248,0.09636179353703,PBPF,cracker_scene1,20,old
4270,18.30170488357544,0.09636179353703,PBPF,cracker_scene1,20,old
4271,18.306211948394772,0.09635238972260021,PBPF,cracker_scene1,20,old
4272,18.31056880950928,0.09635238972260021,PBPF,cracker_scene1,20,old
4273,18.315119743347168,0.0963344165945082,PBPF,cracker_scene1,20,old
4274,18.319645404815677,0.0963344165945082,PBPF,cracker_scene1,20,old
4275,18.324233770370483,0.0963300688414549,PBPF,cracker_scene1,20,old
4276,18.328500747680664,0.0963300688414549,PBPF,cracker_scene1,20,old
4277,18.33315062522888,0.0963113281735632,PBPF,cracker_scene1,20,old
4278,18.33772444725037,0.0963113281735632,PBPF,cracker_scene1,20,old
4279,18.34208583831787,0.09632398347326329,PBPF,cracker_scene1,20,old
4280,18.34634518623352,0.0963159846860259,PBPF,cracker_scene1,20,old
4281,18.350711584091187,0.0963159846860259,PBPF,cracker_scene1,20,old
4282,18.35507130622864,0.0963032134555612,PBPF,cracker_scene1,20,old
4283,18.35929775238037,0.0963032134555612,PBPF,cracker_scene1,20,old
4284,18.36365485191345,0.0962927082527835,PBPF,cracker_scene1,20,old
4285,18.368313550949097,0.0962927082527835,PBPF,cracker_scene1,20,old
4286,18.37290096282959,0.0962762182325318,PBPF,cracker_scene1,20,old
4287,18.37746000289917,0.0962762182325318,PBPF,cracker_scene1,20,old
4288,18.38269853591919,0.09626004125879989,PBPF,cracker_scene1,20,old
4289,18.386977672576904,0.09626004125879989,PBPF,cracker_scene1,20,old
4290,18.39159202575684,0.0962872658447246,PBPF,cracker_scene1,20,old
4291,18.395939111709595,0.0962715426985411,PBPF,cracker_scene1,20,old
4292,18.400508165359497,0.0962715426985411,PBPF,cracker_scene1,20,old
4293,18.40499186515808,0.09622670923577531,PBPF,cracker_scene1,20,old
4294,18.40941619873047,0.09622670923577531,PBPF,cracker_scene1,20,old
4295,18.41392827033997,0.0962242798344198,PBPF,cracker_scene1,20,old
4296,18.418687105178837,0.0962242798344198,PBPF,cracker_scene1,20,old
4297,18.42432904243469,0.09861103022355641,PBPF,cracker_scene1,20,old
4298,18.42856764793396,0.09861103022355641,PBPF,cracker_scene1,20,old
4299,18.43327140808105,0.0985822357086219,PBPF,cracker_scene1,20,old
4300,18.43768668174744,0.0985651951107355,PBPF,cracker_scene1,20,old
4301,18.44212365150452,0.0985651951107355,PBPF,cracker_scene1,20,old
4302,18.44662857055664,0.09855651643228941,PBPF,cracker_scene1,20,old
4303,18.451148748397827,0.09855651643228941,PBPF,cracker_scene1,20,old
4304,18.455355644226078,0.09855651643228941,PBPF,cracker_scene1,20,old
4305,18.45983076095581,0.09854211230528981,PBPF,cracker_scene1,20,old
4306,18.46418786048889,0.09854211230528981,PBPF,cracker_scene1,20,old
4307,18.468684911727905,0.09851288328477689,PBPF,cracker_scene1,20,old
4308,18.47342300415039,0.09851536131068689,PBPF,cracker_scene1,20,old
4309,18.47807025909424,0.0984812248886667,PBPF,cracker_scene1,20,old
4310,18.482439756393436,0.0984812248886667,PBPF,cracker_scene1,20,old
4311,18.486892461776733,0.0984812248886667,PBPF,cracker_scene1,20,old
4312,18.49209260940552,0.098485266052518,PBPF,cracker_scene1,20,old
4313,18.496602296829224,0.0984980090184493,PBPF,cracker_scene1,20,old
4314,18.501315355300903,0.0984915600093988,PBPF,cracker_scene1,20,old
4315,18.505723237991333,0.09844619357811449,PBPF,cracker_scene1,20,old
4316,18.510396242141724,0.09844619357811449,PBPF,cracker_scene1,20,old
4317,18.5149040222168,0.09838846577104579,PBPF,cracker_scene1,20,old
4318,18.51949787139893,0.09838846577104579,PBPF,cracker_scene1,20,old
4319,18.524083852767944,0.09841628566174629,PBPF,cracker_scene1,20,old
4320,18.528547525405884,0.098428402946372,PBPF,cracker_scene1,20,old
4321,18.53320360183716,0.09842509940873401,PBPF,cracker_scene1,20,old
4322,18.53803324699402,0.09842509940873401,PBPF,cracker_scene1,20,old
4323,18.54250931739807,0.0984641894002033,PBPF,cracker_scene1,20,old
4324,18.547379970550537,0.09840873150232099,PBPF,cracker_scene1,20,old
4325,18.551730394363403,0.0983388619275013,PBPF,cracker_scene1,20,old
4326,18.55621576309204,0.0983388619275013,PBPF,cracker_scene1,20,old
4327,18.56054782867432,0.0983388619275013,PBPF,cracker_scene1,20,old
4328,18.565134286880493,0.098322011851562,PBPF,cracker_scene1,20,old
4329,18.57018494606018,0.0983294026404117,PBPF,cracker_scene1,20,old
4330,18.575052738189697,0.0982957013792739,PBPF,cracker_scene1,20,old
4331,18.579527139663696,0.1012284465460562,PBPF,cracker_scene1,20,old
4332,18.5836877822876,0.1012284465460562,PBPF,cracker_scene1,20,old
4333,18.58816623687744,0.10122176558540191,PBPF,cracker_scene1,20,old
4334,18.592363595962524,0.10122176558540191,PBPF,cracker_scene1,20,old
4335,18.59681510925293,0.10123039704300371,PBPF,cracker_scene1,20,old
4336,18.60162758827209,0.10123039704300371,PBPF,cracker_scene1,20,old
4337,18.6060049533844,0.10118230475529061,PBPF,cracker_scene1,20,old
4338,18.610397338867188,0.10118230475529061,PBPF,cracker_scene1,20,old
4339,18.614866018295288,0.10118230475529061,PBPF,cracker_scene1,20,old
4340,18.619577884674072,0.10115052510985009,PBPF,cracker_scene1,20,old
4341,18.62421464920044,0.1011855238242925,PBPF,cracker_scene1,20,old
4342,18.62907099723816,0.1011260848387584,PBPF,cracker_scene1,20,old
4343,18.63401222229004,0.10112550320269531,PBPF,cracker_scene1,20,old
4344,18.6386194229126,0.10110990440902001,PBPF,cracker_scene1,20,old
4345,18.64304804801941,0.10110990440902001,PBPF,cracker_scene1,20,old
4346,18.64747428894043,0.10108641347787939,PBPF,cracker_scene1,20,old
4347,18.65179681777954,0.10108641347787939,PBPF,cracker_scene1,20,old
4348,18.65639090538025,0.10107865871466609,PBPF,cracker_scene1,20,old
4349,18.660714626312256,0.10107865871466609,PBPF,cracker_scene1,20,old
4350,18.66513609886169,0.101039899322861,PBPF,cracker_scene1,20,old
4351,18.669408798217773,0.101039899322861,PBPF,cracker_scene1,20,old
4352,18.673863887786865,0.10101479064026181,PBPF,cracker_scene1,20,old
4353,18.6781165599823,0.10101479064026181,PBPF,cracker_scene1,20,old
4354,18.682842254638672,0.10099434947824809,PBPF,cracker_scene1,20,old
4355,18.68705916404724,0.10099434947824809,PBPF,cracker_scene1,20,old
4356,18.691676139831543,0.10099371533490101,PBPF,cracker_scene1,20,old
4357,18.69598698616028,0.10099371533490101,PBPF,cracker_scene1,20,old
4358,18.70066785812378,0.1009760072970396,PBPF,cracker_scene1,20,old
4359,18.704954862594604,0.1010094614503449,PBPF,cracker_scene1,20,old
4360,18.709396362304688,0.1010094614503449,PBPF,cracker_scene1,20,old
4361,18.713776111602783,0.1009649487660893,PBPF,cracker_scene1,20,old
4362,18.718233585357662,0.1009649487660893,PBPF,cracker_scene1,20,old
4363,18.722870349884037,0.10089756142882869,PBPF,cracker_scene1,20,old
4364,18.727213382720947,0.10089756142882869,PBPF,cracker_scene1,20,old
4365,18.73170828819275,0.1009079630958512,PBPF,cracker_scene1,20,old
4366,18.736082553863525,0.1009079630958512,PBPF,cracker_scene1,20,old
4367,18.74070119857788,0.10084728584325961,PBPF,cracker_scene1,20,old
4368,18.74512243270874,0.1029385904185334,PBPF,cracker_scene1,20,old
4369,18.74974012374878,0.10291923441049369,PBPF,cracker_scene1,20,old
4370,18.75399088859558,0.10292133483969901,PBPF,cracker_scene1,20,old
4371,18.75841164588928,0.10289548922897279,PBPF,cracker_scene1,20,old
4372,18.76274442672729,0.10289548922897279,PBPF,cracker_scene1,20,old
4373,18.767282962799072,0.10287656962517341,PBPF,cracker_scene1,20,old
4374,18.77183842658997,0.10284911312870601,PBPF,cracker_scene1,20,old
4375,18.77610945701599,0.10284911312870601,PBPF,cracker_scene1,20,old
4376,18.78054690361023,0.1028718032722222,PBPF,cracker_scene1,20,old
4377,18.78486466407776,0.1028543325191236,PBPF,cracker_scene1,20,old
4378,18.789369583129883,0.10282763042827961,PBPF,cracker_scene1,20,old
4379,18.79379415512085,0.10282763042827961,PBPF,cracker_scene1,20,old
4380,18.79824423789978,0.10280006491077179,PBPF,cracker_scene1,20,old
4381,18.802770376205444,0.10280006491077179,PBPF,cracker_scene1,20,old
4382,18.80708074569702,0.1028255971184589,PBPF,cracker_scene1,20,old
4383,18.81122398376465,0.1028255971184589,PBPF,cracker_scene1,20,old
4384,18.81548833847046,0.10280156093246051,PBPF,cracker_scene1,20,old
4385,18.81965565681457,0.10280156093246051,PBPF,cracker_scene1,20,old
4386,18.82408452033997,0.10282897570569491,PBPF,cracker_scene1,20,old
4387,18.82820725440979,0.10282897570569491,PBPF,cracker_scene1,20,old
4388,18.832966566085812,0.10280143387929669,PBPF,cracker_scene1,20,old
4389,18.83740997314453,0.1028072909240488,PBPF,cracker_scene1,20,old
4390,18.84201073646545,0.10280486486033791,PBPF,cracker_scene1,20,old
4391,18.84631109237671,0.10280777074813521,PBPF,cracker_scene1,20,old
4392,18.8508038520813,0.1027511659950418,PBPF,cracker_scene1,20,old
4393,18.854961156845093,0.1027511659950418,PBPF,cracker_scene1,20,old
4394,18.85938310623169,0.1027221815527343,PBPF,cracker_scene1,20,old
4395,18.86384105682373,0.1027221815527343,PBPF,cracker_scene1,20,old
4396,18.868314504623413,0.1026600545633263,PBPF,cracker_scene1,20,old
4397,18.872737884521484,0.1026600545633263,PBPF,cracker_scene1,20,old
4398,18.877339363098145,0.1026093430644531,PBPF,cracker_scene1,20,old
4399,18.881760358810425,0.1026093430644531,PBPF,cracker_scene1,20,old
4400,18.88622736930847,0.1025782968677715,PBPF,cracker_scene1,20,old
4401,18.890823125839237,0.10256614939200409,PBPF,cracker_scene1,20,old
4402,18.895242929458615,0.10609403103264581,PBPF,cracker_scene1,20,old
4403,18.89981198310852,0.1060428589975213,PBPF,cracker_scene1,20,old
4404,18.90446376800537,0.106012010201473,PBPF,cracker_scene1,20,old
4405,18.90871572494507,0.106012010201473,PBPF,cracker_scene1,20,old
4406,18.91325092315674,0.106012010201473,PBPF,cracker_scene1,20,old
4407,18.91776442527771,0.10602692222521659,PBPF,cracker_scene1,20,old
4408,18.922240495681763,0.10602692222521659,PBPF,cracker_scene1,20,old
4409,18.926645755767822,0.10600322699347,PBPF,cracker_scene1,20,old
4410,18.93131113052368,0.10596721338732351,PBPF,cracker_scene1,20,old
4411,18.9357488155365,0.10596721338732351,PBPF,cracker_scene1,20,old
4412,18.940235137939453,0.1059923401891752,PBPF,cracker_scene1,20,old
4413,18.94457173347473,0.1059923401891752,PBPF,cracker_scene1,20,old
4414,18.949047803878784,0.105947772546101,PBPF,cracker_scene1,20,old
4415,18.953432083129883,0.10590940672708729,PBPF,cracker_scene1,20,old
4416,18.95786952972412,0.1058704291706771,PBPF,cracker_scene1,20,old
4417,18.962432861328125,0.1058704291706771,PBPF,cracker_scene1,20,old
4418,18.96702241897583,0.10579492241041011,PBPF,cracker_scene1,20,old
4419,18.97139310836792,0.10579492241041011,PBPF,cracker_scene1,20,old
4420,18.975765466690063,0.10570441674471209,PBPF,cracker_scene1,20,old
4421,18.980034112930294,0.10570441674471209,PBPF,cracker_scene1,20,old
4422,18.984575271606445,0.10569642149054559,PBPF,cracker_scene1,20,old
4423,18.98895072937012,0.1056582013281071,PBPF,cracker_scene1,20,old
4424,18.993538856506348,0.1056945294313591,PBPF,cracker_scene1,20,old
4425,18.9978461265564,0.1056945294313591,PBPF,cracker_scene1,20,old
4426,19.0027437210083,0.1056446447999971,PBPF,cracker_scene1,20,old
4427,19.007022857666016,0.1056446447999971,PBPF,cracker_scene1,20,old
4428,19.01119709014893,0.1056446447999971,PBPF,cracker_scene1,20,old
4429,19.015865564346317,0.1056241813101709,PBPF,cracker_scene1,20,old
4430,19.020397901535038,0.1056247936438498,PBPF,cracker_scene1,20,old
4431,19.02518510818481,0.1056003305985165,PBPF,cracker_scene1,20,old
4432,19.02954077720642,0.105598354871105,PBPF,cracker_scene1,20,old
4433,19.03429698944092,0.1056004240968677,PBPF,cracker_scene1,20,old
4434,19.03872036933899,0.10556214917178411,PBPF,cracker_scene1,20,old
4435,19.042972564697266,0.10556214917178411,PBPF,cracker_scene1,20,old
4436,19.047342538833615,0.10552823267606859,PBPF,cracker_scene1,20,old
4437,19.05170035362244,0.10818218177544739,PBPF,cracker_scene1,20,old
4438,19.05600070953369,0.10813504892819009,PBPF,cracker_scene1,20,old
4439,19.060163021087646,0.10813504892819009,PBPF,cracker_scene1,20,old
4440,19.064494371414185,0.10812133278120031,PBPF,cracker_scene1,20,old
4441,19.06928515434265,0.10812133278120031,PBPF,cracker_scene1,20,old
4442,19.073764085769653,0.1080957485368911,PBPF,cracker_scene1,20,old
4443,19.07783055305481,0.1080957485368911,PBPF,cracker_scene1,20,old
4444,19.082354068756104,0.10808570630794131,PBPF,cracker_scene1,20,old
4445,19.086429595947266,0.10808570630794131,PBPF,cracker_scene1,20,old
4446,19.09089756011963,0.1080423945888512,PBPF,cracker_scene1,20,old
4447,19.09509968757629,0.1080423945888512,PBPF,cracker_scene1,20,old
4448,19.09962153434753,0.10797900267587751,PBPF,cracker_scene1,20,old
4449,19.104140520095825,0.1079273990346653,PBPF,cracker_scene1,20,old
4450,19.108505487442017,0.107900836452034,PBPF,cracker_scene1,20,old
4451,19.112678050994877,0.10791416097712331,PBPF,cracker_scene1,20,old
4452,19.11712646484375,0.1078851375065723,PBPF,cracker_scene1,20,old
4453,19.121286392211918,0.1078851375065723,PBPF,cracker_scene1,20,old
4454,19.125735998153687,0.107887773707185,PBPF,cracker_scene1,20,old
4455,19.12997579574585,0.1078492596762681,PBPF,cracker_scene1,20,old
4456,19.13456344604492,0.1078407981177763,PBPF,cracker_scene1,20,old
4457,19.138944387435917,0.1078150970981554,PBPF,cracker_scene1,20,old
4458,19.143195152282715,0.1078150970981554,PBPF,cracker_scene1,20,old
4459,19.1473445892334,0.1078077139338599,PBPF,cracker_scene1,20,old
4460,19.15202021598816,0.10777199297102161,PBPF,cracker_scene1,20,old
4461,19.156107902526852,0.10777199297102161,PBPF,cracker_scene1,20,old
4462,19.16050434112549,0.1077567613301208,PBPF,cracker_scene1,20,old
4463,19.16498732566833,0.10773414892421279,PBPF,cracker_scene1,20,old
4464,19.169127941131592,0.1076920486848418,PBPF,cracker_scene1,20,old
4465,19.17362809181213,0.1076921257334863,PBPF,cracker_scene1,20,old
4466,19.177872896194454,0.1076921257334863,PBPF,cracker_scene1,20,old
4467,19.18248224258423,0.10767357440519101,PBPF,cracker_scene1,20,old
4468,19.18684554100037,0.10767357440519101,PBPF,cracker_scene1,20,old
4469,19.19145154953003,0.10767151337884939,PBPF,cracker_scene1,20,old
4470,19.195816040039062,0.10767151337884939,PBPF,cracker_scene1,20,old
4471,19.20038604736328,0.10761369240914861,PBPF,cracker_scene1,20,old
4472,19.20482707023621,0.1076374014092733,PBPF,cracker_scene1,20,old
4473,19.20915651321411,0.10763379590825109,PBPF,cracker_scene1,20,old
4474,19.21351289749145,0.1112808712899796,PBPF,cracker_scene1,20,old
4475,19.217974185943604,0.1112808712899796,PBPF,cracker_scene1,20,old
4476,19.22227692604065,0.11130546949170389,PBPF,cracker_scene1,20,old
4477,19.226555347442627,0.11130546949170389,PBPF,cracker_scene1,20,old
4478,19.230934381484985,0.1112874924764104,PBPF,cracker_scene1,20,old
4479,19.2354097366333,0.1112874924764104,PBPF,cracker_scene1,20,old
4480,19.239983797073364,0.11120711139148601,PBPF,cracker_scene1,20,old
4481,19.24411916732788,0.11120711139148601,PBPF,cracker_scene1,20,old
4482,19.248539924621586,0.11120586605929861,PBPF,cracker_scene1,20,old
4483,19.25282049179077,0.11120586605929861,PBPF,cracker_scene1,20,old
4484,19.25719785690308,0.11118266423167031,PBPF,cracker_scene1,20,old
4485,19.261336088180546,0.11118266423167031,PBPF,cracker_scene1,20,old
4486,19.26609444618225,0.111213224048886,PBPF,cracker_scene1,20,old
4487,19.270485401153564,0.11117923015388609,PBPF,cracker_scene1,20,old
4488,19.27473735809326,0.1111658836112539,PBPF,cracker_scene1,20,old
4489,19.27893352508545,0.11115417724143539,PBPF,cracker_scene1,20,old
4490,19.28322005271912,0.11114655583745589,PBPF,cracker_scene1,20,old
4491,19.28752899169922,0.11114655583745589,PBPF,cracker_scene1,20,old
4492,19.291797637939453,0.11112441996028649,PBPF,cracker_scene1,20,old
4493,19.296034574508667,0.11111254144419569,PBPF,cracker_scene1,20,old
4494,19.300540924072266,0.11111254144419569,PBPF,cracker_scene1,20,old
4495,19.304937839508057,0.111149085546797,PBPF,cracker_scene1,20,old
4496,19.309248447418213,0.111149085546797,PBPF,cracker_scene1,20,old
4497,19.31347632408142,0.1111448262022943,PBPF,cracker_scene1,20,old
4498,19.31786608695984,0.1111172905579065,PBPF,cracker_scene1,20,old
4499,19.322230339050293,0.11113550582132489,PBPF,cracker_scene1,20,old
4500,19.32641315460205,0.11113550582132489,PBPF,cracker_scene1,20,old
4501,19.33060646057129,0.1111158861397866,PBPF,cracker_scene1,20,old
4502,19.335150003433228,0.1110772901112004,PBPF,cracker_scene1,20,old
4503,19.33960056304932,0.1111239634869104,PBPF,cracker_scene1,20,old
4504,19.34397268295288,0.1111239634869104,PBPF,cracker_scene1,20,old
4505,19.34846663475037,0.1111052027760174,PBPF,cracker_scene1,20,old
4506,19.35267782211304,0.1111052027760174,PBPF,cracker_scene1,20,old
4507,19.3572518825531,0.1111115354030624,PBPF,cracker_scene1,20,old
4508,19.36138606071472,0.1111115354030624,PBPF,cracker_scene1,20,old
4509,19.36598396301269,0.11112666423562789,PBPF,cracker_scene1,20,old
4510,19.370283365249637,0.111123255656156,PBPF,cracker_scene1,20,old
4511,19.375020742416385,0.11411062222769011,PBPF,cracker_scene1,20,old
4512,19.37936544418335,0.11409140261721201,PBPF,cracker_scene1,20,old
4513,19.383774280548096,0.11409140261721201,PBPF,cracker_scene1,20,old
4514,19.3880033493042,0.11409140261721201,PBPF,cracker_scene1,20,old
4515,19.392438411712646,0.11406903440978461,PBPF,cracker_scene1,20,old
4516,19.396742820739743,0.1140874436414793,PBPF,cracker_scene1,20,old
4517,19.401123046875,0.1140874436414793,PBPF,cracker_scene1,20,old
4518,19.405529499053955,0.1140235009889562,PBPF,cracker_scene1,20,old
4519,19.409804582595825,0.1140235009889562,PBPF,cracker_scene1,20,old
4520,19.414193153381348,0.1140426844668096,PBPF,cracker_scene1,20,old
4521,19.41842103004456,0.1140426844668096,PBPF,cracker_scene1,20,old
4522,19.42286849021912,0.11406451571859369,PBPF,cracker_scene1,20,old
4523,19.427170038223267,0.11406451571859369,PBPF,cracker_scene1,20,old
4524,19.431648015975952,0.11400505978885461,PBPF,cracker_scene1,20,old
4525,19.435936212539676,0.11400505978885461,PBPF,cracker_scene1,20,old
4526,19.440553665161133,0.1141113436381716,PBPF,cracker_scene1,20,old
4527,19.44472599029541,0.1141113436381716,PBPF,cracker_scene1,20,old
4528,19.44913935661316,0.11411302246613161,PBPF,cracker_scene1,20,old
4529,19.453266620635983,0.11411302246613161,PBPF,cracker_scene1,20,old
4530,19.4577693939209,0.1140109802651306,PBPF,cracker_scene1,20,old
4531,19.46190023422241,0.1140109802651306,PBPF,cracker_scene1,20,old
4532,19.46647453308105,0.1140474949630145,PBPF,cracker_scene1,20,old
4533,19.470887660980225,0.1140592186557241,PBPF,cracker_scene1,20,old
4534,19.47511577606201,0.11405598232432759,PBPF,cracker_scene1,20,old
4535,19.479347229003903,0.1140523977503328,PBPF,cracker_scene1,20,old
4536,19.483583211898804,0.11405783050566251,PBPF,cracker_scene1,20,old
4537,19.487706184387207,0.11405783050566251,PBPF,cracker_scene1,20,old
4538,19.491971731185917,0.1140525268169231,PBPF,cracker_scene1,20,old
4539,19.49630570411682,0.1140663812403461,PBPF,cracker_scene1,20,old
4540,19.500961780548096,0.1140663812403461,PBPF,cracker_scene1,20,old
4541,19.50532054901123,0.11407293480268621,PBPF,cracker_scene1,20,old
4542,19.509578227996823,0.11407293480268621,PBPF,cracker_scene1,20,old
4543,19.514008045196533,0.1140147654111553,PBPF,cracker_scene1,20,old
4544,19.518239498138428,0.1140147654111553,PBPF,cracker_scene1,20,old
4545,19.522608518600464,0.1140403402255224,PBPF,cracker_scene1,20,old
4546,19.526909112930294,0.1140403402255224,PBPF,cracker_scene1,20,old
4547,19.531331777572632,0.1140429275034805,PBPF,cracker_scene1,20,old
4548,19.535991430282596,0.1140429275034805,PBPF,cracker_scene1,20,old
4549,19.540587663650516,0.1140850345236532,PBPF,cracker_scene1,20,old
4550,19.54480123519897,0.1140850345236532,PBPF,cracker_scene1,20,old
4551,19.549273014068604,0.11406990955360019,PBPF,cracker_scene1,20,old
4552,19.553444385528564,0.11406990955360019,PBPF,cracker_scene1,20,old
4553,19.557796478271484,0.11406438337740821,PBPF,cracker_scene1,20,old
4554,19.56189250946045,0.11406438337740821,PBPF,cracker_scene1,20,old
4555,19.566383838653564,0.1140472206763185,PBPF,cracker_scene1,20,old
4556,19.570576906204224,0.1140472206763185,PBPF,cracker_scene1,20,old
4557,19.57505798339844,0.11401427731865729,PBPF,cracker_scene1,20,old
4558,19.57943630218506,0.1140780537594707,PBPF,cracker_scene1,20,old
4559,19.583826541900635,0.1140780537594707,PBPF,cracker_scene1,20,old
4560,19.58807063102722,0.11403495845650011,PBPF,cracker_scene1,20,old
4561,19.59242820739746,0.11403495845650011,PBPF,cracker_scene1,20,old
4562,19.596824169158936,0.1140540530414268,PBPF,cracker_scene1,20,old
4563,19.601176261901852,0.1140540530414268,PBPF,cracker_scene1,20,old
4564,19.605509042739868,0.11404151933992279,PBPF,cracker_scene1,20,old
4565,19.60986971855164,0.11404151933992279,PBPF,cracker_scene1,20,old
4566,19.614259243011475,0.11405427613000199,PBPF,cracker_scene1,20,old
4567,19.61849856376648,0.11405427613000199,PBPF,cracker_scene1,20,old
4568,19.622986316680908,0.1140533456722812,PBPF,cracker_scene1,20,old
4569,19.627204418182373,0.1140533456722812,PBPF,cracker_scene1,20,old
4570,19.631815671920776,0.1140047211628385,PBPF,cracker_scene1,20,old
4571,19.63602423667908,0.1140047211628385,PBPF,cracker_scene1,20,old
4572,19.640531063079838,0.11404758274254431,PBPF,cracker_scene1,20,old
4573,19.644728660583496,0.11404758274254431,PBPF,cracker_scene1,20,old
4574,19.64916181564331,0.11402052698696469,PBPF,cracker_scene1,20,old
4575,19.6532084941864,0.11402052698696469,PBPF,cracker_scene1,20,old
4576,19.657401084899902,0.11402052698696469,PBPF,cracker_scene1,20,old
4577,19.66180109977722,0.11405512342253929,PBPF,cracker_scene1,20,old
4578,19.666008472442627,0.11405512342253929,PBPF,cracker_scene1,20,old
4579,19.67092347145081,0.11408505687805309,PBPF,cracker_scene1,20,old
4580,19.67505693435669,0.11408505687805309,PBPF,cracker_scene1,20,old
4581,19.679275035858154,0.11400109086094651,PBPF,cracker_scene1,20,old
4582,19.68351411819458,0.11400109086094651,PBPF,cracker_scene1,20,old
4583,19.68781518936157,0.11406425409244439,PBPF,cracker_scene1,20,old
4584,19.69185972213745,0.11406425409244439,PBPF,cracker_scene1,20,old
4585,19.69660305976868,0.11403781895723189,PBPF,cracker_scene1,20,old
4586,19.70090794563293,0.11403781895723189,PBPF,cracker_scene1,20,old
4587,19.705544471740723,0.11406382254506231,PBPF,cracker_scene1,20,old
4588,19.70975947380066,0.11409275664872509,PBPF,cracker_scene1,20,old
4589,19.714237451553345,0.11403082353489472,PBPF,cracker_scene1,20,old
4590,19.718573808670044,0.11402464974744891,PBPF,cracker_scene1,20,old
4591,19.722738027572632,0.11402464974744891,PBPF,cracker_scene1,20,old
4592,19.727190494537357,0.1140658062279663,PBPF,cracker_scene1,20,old
4593,19.73143696784973,0.1140658062279663,PBPF,cracker_scene1,20,old
4594,19.735990285873413,0.11405332950061711,PBPF,cracker_scene1,20,old
4595,19.7402777671814,0.11405332950061711,PBPF,cracker_scene1,20,old
4596,19.744704246521,0.11401368299379,PBPF,cracker_scene1,20,old
4597,19.748974561691284,0.11401368299379,PBPF,cracker_scene1,20,old
4598,19.753334999084476,0.11411311614239791,PBPF,cracker_scene1,20,old
4599,19.75768232345581,0.1140461570953695,PBPF,cracker_scene1,20,old
4600,19.76190423965454,0.1140461570953695,PBPF,cracker_scene1,20,old
4601,19.76628017425537,0.1140461570953695,PBPF,cracker_scene1,20,old
4602,19.770658493041992,0.11405233572133971,PBPF,cracker_scene1,20,old
4603,19.774965524673465,0.11406875945843209,PBPF,cracker_scene1,20,old
4604,19.779194116592407,0.11406875945843209,PBPF,cracker_scene1,20,old
4605,19.783790349960327,0.1140552031836829,PBPF,cracker_scene1,20,old
4606,19.78814697265625,0.1140552031836829,PBPF,cracker_scene1,20,old
4607,19.792547702789307,0.1140595593810802,PBPF,cracker_scene1,20,old
4608,19.79687237739563,0.1140528897566794,PBPF,cracker_scene1,20,old
4609,19.801234006881717,0.1140581422382353,PBPF,cracker_scene1,20,old
4610,19.805411338806152,0.1140581422382353,PBPF,cracker_scene1,20,old
4611,19.80973505973816,0.1140634832512272,PBPF,cracker_scene1,20,old
4612,19.81419014930725,0.1140634832512272,PBPF,cracker_scene1,20,old
4613,19.818753004074097,0.114009501752521,PBPF,cracker_scene1,20,old
4614,19.823139429092407,0.11400326682067019,PBPF,cracker_scene1,20,old
4615,19.82744526863098,0.11400326682067019,PBPF,cracker_scene1,20,old
4616,19.831846237182617,0.11404716234029619,PBPF,cracker_scene1,20,old
4617,19.83608031272888,0.11404716234029619,PBPF,cracker_scene1,20,old
4618,19.840557098388672,0.1140958131012576,PBPF,cracker_scene1,20,old
4619,19.84471607208252,0.1140958131012576,PBPF,cracker_scene1,20,old
4620,19.84918785095215,0.1140082015723935,PBPF,cracker_scene1,20,old
4621,19.853209018707275,0.1140082015723935,PBPF,cracker_scene1,20,old
4622,19.85763573646545,0.11406158283122231,PBPF,cracker_scene1,20,old
4623,19.861852884292603,0.11406158283122231,PBPF,cracker_scene1,20,old
4624,19.866371393203732,0.11406394955116189,PBPF,cracker_scene1,20,old
4625,19.87079906463623,0.1141027562264709,PBPF,cracker_scene1,20,old
4626,19.87499475479126,0.1141027562264709,PBPF,cracker_scene1,20,old
4627,19.879146099090576,0.1141027562264709,PBPF,cracker_scene1,20,old
4628,19.883368968963623,0.11404860334701161,PBPF,cracker_scene1,20,old
4629,19.887622356414795,0.11404860334701161,PBPF,cracker_scene1,20,old
4630,19.89187479019165,0.1139988562658146,PBPF,cracker_scene1,20,old
4631,19.896141052246094,0.1140501980112908,PBPF,cracker_scene1,20,old
4632,19.900297164916992,0.1140501980112908,PBPF,cracker_scene1,20,old
4633,19.904486894607544,0.11404497366046029,PBPF,cracker_scene1,20,old
4634,19.90924406051636,0.11404497366046029,PBPF,cracker_scene1,20,old
4635,19.913466215133667,0.1140521488228935,PBPF,cracker_scene1,20,old
4636,19.917914390563965,0.1140521488228935,PBPF,cracker_scene1,20,old
4637,19.92229557037353,0.1140482684592232,PBPF,cracker_scene1,20,old
4638,19.92647910118103,0.1140482684592232,PBPF,cracker_scene1,20,old
4639,19.930821895599365,0.1140110766666172,PBPF,cracker_scene1,20,old
4640,19.93522834777832,0.1140110766666172,PBPF,cracker_scene1,20,old
4641,19.939724922180176,0.1140161987335257,PBPF,cracker_scene1,20,old
4642,19.94379019737244,0.1140161987335257,PBPF,cracker_scene1,20,old
4643,19.948262929916385,0.11402715419168469,PBPF,cracker_scene1,20,old
4644,19.952439308166504,0.11402715419168469,PBPF,cracker_scene1,20,old
4645,19.956900358200077,0.11400356168483011,PBPF,cracker_scene1,20,old
4646,19.961031913757324,0.11400356168483011,PBPF,cracker_scene1,20,old
4647,19.96545171737671,0.11401149902037719,PBPF,cracker_scene1,20,old
4648,19.96969199180603,0.11401149902037719,PBPF,cracker_scene1,20,old
4649,19.974268198013306,0.1140696808340195,PBPF,cracker_scene1,20,old
4650,19.97865867614746,0.1140019271774502,PBPF,cracker_scene1,20,old
4651,19.983121633529663,0.11400144014886529,PBPF,cracker_scene1,20,old
4652,19.98741769790649,0.11401090083255219,PBPF,cracker_scene1,20,old
4653,19.991803407669067,0.1140080157418891,PBPF,cracker_scene1,20,old
4654,19.99614262580872,0.11399582325661531,PBPF,cracker_scene1,20,old
4655,20.00052309036255,0.11399068215982841,PBPF,cracker_scene1,20,old
4656,20.004743576049805,0.11403813896371909,PBPF,cracker_scene1,20,old
4657,20.00923037528992,0.11404548231161751,PBPF,cracker_scene1,20,old
4658,20.01357769966125,0.11400683896281871,PBPF,cracker_scene1,20,old
4659,20.017943143844604,0.11400683896281871,PBPF,cracker_scene1,20,old
4660,20.022416591644287,0.11399616260324119,PBPF,cracker_scene1,20,old
4661,20.026597261428837,0.11399616260324119,PBPF,cracker_scene1,20,old
4662,20.031165838241577,0.11403563630407129,PBPF,cracker_scene1,20,old
4663,20.03534460067749,0.11403563630407129,PBPF,cracker_scene1,20,old
4664,20.039902687072757,0.113995711224126,PBPF,cracker_scene1,20,old
4665,20.044061422348022,0.113995711224126,PBPF,cracker_scene1,20,old
4666,20.0485577583313,0.1140507845548675,PBPF,cracker_scene1,20,old
4667,20.05261492729187,0.1140507845548675,PBPF,cracker_scene1,20,old
4668,20.05681133270264,0.1140507845548675,PBPF,cracker_scene1,20,old
4669,20.06135654449463,0.1139961930336002,PBPF,cracker_scene1,20,old
4670,20.065627813339237,0.1139961930336002,PBPF,cracker_scene1,20,old
4671,20.070114135742188,0.1140651234734314,PBPF,cracker_scene1,20,old
4672,20.07424473762512,0.1140651234734314,PBPF,cracker_scene1,20,old
4673,20.078743934631348,0.11402982158020711,PBPF,cracker_scene1,20,old
4674,20.08307123184204,0.11402982158020711,PBPF,cracker_scene1,20,old
4675,20.08756422996521,0.1140725336981277,PBPF,cracker_scene1,20,old
4676,20.091938734054565,0.1140725336981277,PBPF,cracker_scene1,20,old
4677,20.0962495803833,0.1139954601448796,PBPF,cracker_scene1,20,old
4678,20.10055375099182,0.1139954601448796,PBPF,cracker_scene1,20,old
4679,20.10520052909851,0.1140594309954017,PBPF,cracker_scene1,20,old
4680,20.109410762786865,0.1140594309954017,PBPF,cracker_scene1,20,old
4681,20.113635063171387,0.11405335208780279,PBPF,cracker_scene1,20,old
4682,20.118135690689087,0.11404581156893609,PBPF,cracker_scene1,20,old
4683,20.122663497924805,0.11405188293895449,PBPF,cracker_scene1,20,old
4684,20.12686562538147,0.11405188293895449,PBPF,cracker_scene1,20,old
4685,20.13119435310364,0.11398905248122551,PBPF,cracker_scene1,20,old
4686,20.135671138763428,0.11398905248122551,PBPF,cracker_scene1,20,old
4687,20.140077590942383,0.1140464616310023,PBPF,cracker_scene1,20,old
4688,20.14420199394226,0.1140464616310023,PBPF,cracker_scene1,20,old
4689,20.14874768257141,0.11409706374653039,PBPF,cracker_scene1,20,old
4690,20.153255462646484,0.11399152719780331,PBPF,cracker_scene1,20,old
4691,20.157437801361084,0.11398995597925071,PBPF,cracker_scene1,20,old
4692,20.16189217567444,0.1140149172876927,PBPF,cracker_scene1,20,old
4693,20.16635751724243,0.1140149172876927,PBPF,cracker_scene1,20,old
4694,20.17090439796448,0.11404894732845991,PBPF,cracker_scene1,20,old
4695,20.175143241882324,0.11404894732845991,PBPF,cracker_scene1,20,old
4696,20.179747819900516,0.11404741898406859,PBPF,cracker_scene1,20,old
4697,20.18421578407288,0.11404741898406859,PBPF,cracker_scene1,20,old
4698,20.188578844070435,0.1140480124269545,PBPF,cracker_scene1,20,old
4699,20.19302487373352,0.11404955776518791,PBPF,cracker_scene1,20,old
4700,20.197232723236084,0.11404955776518791,PBPF,cracker_scene1,20,old
4701,20.201776027679443,0.11404817696280031,PBPF,cracker_scene1,20,old
4702,20.20604157447815,0.1140110387601895,PBPF,cracker_scene1,20,old
4703,20.210718154907227,0.1140110387601895,PBPF,cracker_scene1,20,old
4704,20.2154757976532,0.11409673872820081,PBPF,cracker_scene1,20,old
4705,20.219932079315186,0.11409673872820081,PBPF,cracker_scene1,20,old
4706,20.22441983222961,0.11399710571139221,PBPF,cracker_scene1,20,old
4707,20.228657007217407,0.11399710571139221,PBPF,cracker_scene1,20,old
4708,20.23315477371216,0.11403996182702769,PBPF,cracker_scene1,20,old
4709,20.237399101257324,0.11404356763977141,PBPF,cracker_scene1,20,old
4710,20.24185800552368,0.1140570762918742,PBPF,cracker_scene1,20,old
4711,20.24600195884705,0.1140570762918742,PBPF,cracker_scene1,20,old
4712,20.250447034835812,0.1140833577824863,PBPF,cracker_scene1,20,old
4713,20.254722833633423,0.1140409517432582,PBPF,cracker_scene1,20,old
4714,20.25913023948669,0.11405269978283991,PBPF,cracker_scene1,20,old
4715,20.263445138931274,0.11399017045902321,PBPF,cracker_scene1,20,old
4716,20.26770305633545,0.11399017045902321,PBPF,cracker_scene1,20,old
4717,20.27205801010132,0.1140494027184277,PBPF,cracker_scene1,20,old
4718,20.27624893188477,0.1140494027184277,PBPF,cracker_scene1,20,old
4719,20.28061079978943,0.11405751626009619,PBPF,cracker_scene1,20,old
4720,20.2848801612854,0.11404761979201061,PBPF,cracker_scene1,20,old
4721,20.28916335105896,0.11400110391765919,PBPF,cracker_scene1,20,old
4722,20.29338359832764,0.11400110391765919,PBPF,cracker_scene1,20,old
4723,20.297844171524048,0.1140521540245116,PBPF,cracker_scene1,20,old
4724,20.302208423614506,0.1140521540245116,PBPF,cracker_scene1,20,old
4725,20.30678629875183,0.1140550388292424,PBPF,cracker_scene1,20,old
4726,20.31092429161072,0.1140550388292424,PBPF,cracker_scene1,20,old
4727,20.3154354095459,0.1140053259968836,PBPF,cracker_scene1,20,old
4728,20.31957244873047,0.1140053259968836,PBPF,cracker_scene1,20,old
4729,20.323946475982662,0.11401457423466879,PBPF,cracker_scene1,20,old
4730,20.328140020370483,0.11401457423466879,PBPF,cracker_scene1,20,old
4731,20.332634210586548,0.11405553338619889,PBPF,cracker_scene1,20,old
4732,20.337022066116333,0.1140524257915411,PBPF,cracker_scene1,20,old
4733,20.34127116203308,0.11404895491788841,PBPF,cracker_scene1,20,old
4734,20.345518827438354,0.11404895491788841,PBPF,cracker_scene1,20,old
4735,20.349841356277462,0.11400686375316249,PBPF,cracker_scene1,20,old
4736,20.354021310806274,0.11400686375316249,PBPF,cracker_scene1,20,old
4737,20.35831999778748,0.113994223782281,PBPF,cracker_scene1,20,old
4738,20.362541437149048,0.1140449662799769,PBPF,cracker_scene1,20,old
4739,20.366716623306274,0.1140449662799769,PBPF,cracker_scene1,20,old
4740,20.37101125717163,0.1140468823846851,PBPF,cracker_scene1,20,old
4741,20.37574052810669,0.11405325525926299,PBPF,cracker_scene1,20,old
4742,20.380131244659424,0.11404129502043031,PBPF,cracker_scene1,20,old
4743,20.384366512298584,0.11404129502043031,PBPF,cracker_scene1,20,old
4744,20.388752460479736,0.1139993645303535,PBPF,cracker_scene1,20,old
4745,20.39298963546753,0.1139993645303535,PBPF,cracker_scene1,20,old
4746,20.397461652755737,0.1140611052342961,PBPF,cracker_scene1,20,old
4747,20.401742696762085,0.1140611052342961,PBPF,cracker_scene1,20,old
4748,20.4061336517334,0.11405623141852331,PBPF,cracker_scene1,20,old
4749,20.41030859947205,0.11405623141852331,PBPF,cracker_scene1,20,old
4750,20.414693355560303,0.1140826668060698,PBPF,cracker_scene1,20,old
4751,20.418887615203857,0.1140826668060698,PBPF,cracker_scene1,20,old
4752,20.42332243919373,0.1140366545324499,PBPF,cracker_scene1,20,old
4753,20.427488088607788,0.1140366545324499,PBPF,cracker_scene1,20,old
4754,20.43200373649597,0.1140681751406909,PBPF,cracker_scene1,20,old
4755,20.436114072799683,0.1140681751406909,PBPF,cracker_scene1,20,old
4756,20.440425157547,0.11406614364714901,PBPF,cracker_scene1,20,old
4757,20.444639921188354,0.11406614364714901,PBPF,cracker_scene1,20,old
4758,20.44925284385681,0.1139935529446324,PBPF,cracker_scene1,20,old
4759,20.453344345092773,0.1139935529446324,PBPF,cracker_scene1,20,old
4760,20.45781207084656,0.11405713004379639,PBPF,cracker_scene1,20,old
4761,20.46213293075561,0.11405085566283779,PBPF,cracker_scene1,20,old
4762,20.466596364974976,0.11403534162701029,PBPF,cracker_scene1,20,old
4763,20.47083616256714,0.11403534162701029,PBPF,cracker_scene1,20,old
4764,20.47524333000183,0.1140388378239228,PBPF,cracker_scene1,20,old
4765,20.47971081733704,0.1140504205872073,PBPF,cracker_scene1,20,old
4766,20.4840099811554,0.1140504205872073,PBPF,cracker_scene1,20,old
4767,20.4884045124054,0.1140038694437015,PBPF,cracker_scene1,20,old
4768,20.49266767501831,0.1140038694437015,PBPF,cracker_scene1,20,old
4769,20.497116565704346,0.11403208144451671,PBPF,cracker_scene1,20,old
4770,20.50142765045166,0.11403208144451671,PBPF,cracker_scene1,20,old
4771,20.505810260772705,0.1140627831102013,PBPF,cracker_scene1,20,old
4772,20.510200262069706,0.1140627831102013,PBPF,cracker_scene1,20,old
4773,20.51455068588257,0.1140512450651458,PBPF,cracker_scene1,20,old
4774,20.51874303817749,0.1140512450651458,PBPF,cracker_scene1,20,old
4775,20.523152112960812,0.1140522672114305,PBPF,cracker_scene1,20,old
4776,20.52732491493225,0.1140522672114305,PBPF,cracker_scene1,20,old
4777,20.531394004821777,0.1140522672114305,PBPF,cracker_scene1,20,old
4778,20.535719633102417,0.11404969801617279,PBPF,cracker_scene1,20,old
4779,20.54054880142212,0.11406266893565711,PBPF,cracker_scene1,20,old
4780,20.54460120201111,0.11406266893565711,PBPF,cracker_scene1,20,old
4781,20.54904699325561,0.11411262602107561,PBPF,cracker_scene1,20,old
4782,20.553107738494877,0.11411262602107561,PBPF,cracker_scene1,20,old
4783,20.55756688117981,0.11400735614512089,PBPF,cracker_scene1,20,old
4784,20.561713933944706,0.1140553618167435,PBPF,cracker_scene1,20,old
4785,20.566287755966187,0.114049521572648,PBPF,cracker_scene1,20,old
4786,20.57060503959656,0.114049521572648,PBPF,cracker_scene1,20,old
4787,20.574930429458615,0.11403548920257611,PBPF,cracker_scene1,20,old
4788,20.57914352416992,0.1140065187250136,PBPF,cracker_scene1,20,old
4789,20.58350825309753,0.1140065187250136,PBPF,cracker_scene1,20,old
4790,20.587601900100708,0.1140065187250136,PBPF,cracker_scene1,20,old
4791,20.59203028678894,0.1140120940991558,PBPF,cracker_scene1,20,old
4792,20.596211194992065,0.11400876755844169,PBPF,cracker_scene1,20,old
4793,20.6007182598114,0.11400876755844169,PBPF,cracker_scene1,20,old
4794,20.60511541366577,0.1140175965761833,PBPF,cracker_scene1,20,old
4795,20.609337329864506,0.1140175965761833,PBPF,cracker_scene1,20,old
4796,20.613813400268555,0.11402994322765861,PBPF,cracker_scene1,20,old
4797,20.617923498153687,0.11402994322765861,PBPF,cracker_scene1,20,old
4798,20.622360944747925,0.11403393395047551,PBPF,cracker_scene1,20,old
4799,20.626559257507324,0.11403393395047551,PBPF,cracker_scene1,20,old
4800,20.63093614578247,0.1140575463465277,PBPF,cracker_scene1,20,old
4801,20.635135173797607,0.1140575463465277,PBPF,cracker_scene1,20,old
4802,20.63959288597107,0.1140376382720053,PBPF,cracker_scene1,20,old
4803,20.64380526542664,0.1140376382720053,PBPF,cracker_scene1,20,old
4804,20.64815402030945,0.11403223503085921,PBPF,cracker_scene1,20,old
4805,20.652414083480835,0.11403223503085921,PBPF,cracker_scene1,20,old
4806,20.656806230545044,0.1140081187852916,PBPF,cracker_scene1,20,old
4807,20.66091060638428,0.1140081187852916,PBPF,cracker_scene1,20,old
4808,20.6652991771698,0.1140011065623657,PBPF,cracker_scene1,20,old
4809,20.669530153274536,0.1140011065623657,PBPF,cracker_scene1,20,old
4810,20.67399406433105,0.11405760306756671,PBPF,cracker_scene1,20,old
4811,20.678060293197632,0.11405760306756671,PBPF,cracker_scene1,20,old
4812,20.68255043029785,0.1139971564475181,PBPF,cracker_scene1,20,old
4813,20.686642169952396,0.1139971564475181,PBPF,cracker_scene1,20,old
4814,20.69125294685364,0.11400079077485031,PBPF,cracker_scene1,20,old
4815,20.695297241210938,0.11400079077485031,PBPF,cracker_scene1,20,old
4816,20.699815273284912,0.1140979912059693,PBPF,cracker_scene1,20,old
4817,20.70406746864319,0.11405719291168881,PBPF,cracker_scene1,20,old
4818,20.70861387252808,0.11405624508800291,PBPF,cracker_scene1,20,old
4819,20.712897777557373,0.11409995867395589,PBPF,cracker_scene1,20,old
4820,20.71716785430908,0.11409995867395589,PBPF,cracker_scene1,20,old
4821,20.721479415893555,0.11404757719709699,PBPF,cracker_scene1,20,old
4822,20.725749731063843,0.1140331052618713,PBPF,cracker_scene1,20,old
4823,20.73000979423523,0.11399725933033611,PBPF,cracker_scene1,20,old
4824,20.73459315299988,0.11399725933033611,PBPF,cracker_scene1,20,old
4825,20.73878669738769,0.1140530405012106,PBPF,cracker_scene1,20,old
4826,20.742937326431274,0.1140530405012106,PBPF,cracker_scene1,20,old
4827,20.74712824821472,0.1140947013154898,PBPF,cracker_scene1,20,old
4828,20.751224994659424,0.1140947013154898,PBPF,cracker_scene1,20,old
4829,20.75543522834778,0.11399354513495119,PBPF,cracker_scene1,20,old
4830,20.75941681861877,0.11399354513495119,PBPF,cracker_scene1,20,old
4831,20.763972997665405,0.1140036230921174,PBPF,cracker_scene1,20,old
4832,20.768531322479248,0.11401153824438659,PBPF,cracker_scene1,20,old
4833,20.77299475669861,0.1140328129749908,PBPF,cracker_scene1,20,old
4834,20.777225732803345,0.1140328129749908,PBPF,cracker_scene1,20,old
4835,20.78163695335388,0.1140017273431477,PBPF,cracker_scene1,20,old
4836,20.785791158676147,0.1140017273431477,PBPF,cracker_scene1,20,old
4837,20.790267944335938,0.1140839493937933,PBPF,cracker_scene1,20,old
4838,20.794463634490967,0.1140839493937933,PBPF,cracker_scene1,20,old
4839,20.79887890815735,0.11403445680026761,PBPF,cracker_scene1,20,old
4840,20.80333638191223,0.11403445680026761,PBPF,cracker_scene1,20,old
4841,20.807875156402588,0.1140179001814153,PBPF,cracker_scene1,20,old
4842,20.812155723571777,0.1140179001814153,PBPF,cracker_scene1,20,old
4843,20.816627264022827,0.11405414106274761,PBPF,cracker_scene1,20,old
4844,20.820823907852173,0.11405414106274761,PBPF,cracker_scene1,20,old
4845,20.82536673545837,0.11406289654437049,PBPF,cracker_scene1,20,old
4846,20.82961082458496,0.11399677522920329,PBPF,cracker_scene1,20,old
4847,20.834112882614136,0.11399677522920329,PBPF,cracker_scene1,20,old
4848,20.8384268283844,0.1140060928780394,PBPF,cracker_scene1,20,old
4849,20.842822790145878,0.11400873692952321,PBPF,cracker_scene1,20,old
4850,20.847289562225345,0.1140524421248949,PBPF,cracker_scene1,20,old
4851,20.851550102233887,0.1140524421248949,PBPF,cracker_scene1,20,old
4852,20.85576844215393,0.11404621546016061,PBPF,cracker_scene1,20,old
4853,20.85978364944458,0.11404621546016061,PBPF,cracker_scene1,20,old
4854,20.864171504974365,0.11404621546016061,PBPF,cracker_scene1,20,old
4855,20.86860179901123,0.11405417071638049,PBPF,cracker_scene1,20,old
4856,20.873124361038208,0.1141008336870254,PBPF,cracker_scene1,20,old
4857,20.87726616859436,0.1141008336870254,PBPF,cracker_scene1,20,old
4858,20.881731033325195,0.11399746455315951,PBPF,cracker_scene1,20,old
4859,20.88589453697205,0.11399746455315951,PBPF,cracker_scene1,20,old
4860,20.89069938659668,0.1140463242826445,PBPF,cracker_scene1,20,old
4861,20.894961833953857,0.1140463242826445,PBPF,cracker_scene1,20,old
4862,20.89937686920166,0.114048565454378,PBPF,cracker_scene1,20,old
4863,20.903860807418823,0.114048565454378,PBPF,cracker_scene1,20,old
4864,20.908202409744263,0.114008019239001,PBPF,cracker_scene1,20,old
4865,20.9128098487854,0.11405599443140702,PBPF,cracker_scene1,20,old
4866,20.917225122451782,0.11405641697661559,PBPF,cracker_scene1,20,old
4867,20.921544551849365,0.114066297677898,PBPF,cracker_scene1,20,old
4868,20.926002025604248,0.114066297677898,PBPF,cracker_scene1,20,old
4869,20.930191040039062,0.114066297677898,PBPF,cracker_scene1,20,old
4870,20.935055017471317,0.11400716338857969,PBPF,cracker_scene1,20,old
4871,20.93937492370605,0.1140870697641076,PBPF,cracker_scene1,20,old
4872,20.94364094734192,0.1140870697641076,PBPF,cracker_scene1,20,old
4873,20.948183059692383,0.1140533400786442,PBPF,cracker_scene1,20,old
4874,20.952492475509644,0.1140533400786442,PBPF,cracker_scene1,20,old
4875,20.956862926483154,0.11404384487522301,PBPF,cracker_scene1,20,old
4876,20.96133065223694,0.1139922552591934,PBPF,cracker_scene1,20,old
4877,20.965649843215942,0.11404424693577639,PBPF,cracker_scene1,20,old
4878,20.97037029266357,0.11405672329889951,PBPF,cracker_scene1,20,old
4879,20.97517228126526,0.11409612247273021,PBPF,cracker_scene1,20,old
4880,20.979485511779785,0.1139978291307846,PBPF,cracker_scene1,20,old
4881,20.98401689529419,0.1139978291307846,PBPF,cracker_scene1,20,old
4882,20.98843455314636,0.11404990036293511,PBPF,cracker_scene1,20,old
4883,20.99283599853516,0.11404990036293511,PBPF,cracker_scene1,20,old
4884,20.99697041511536,0.11404990036293511,PBPF,cracker_scene1,20,old
4885,21.001798152923584,0.11405295661942991,PBPF,cracker_scene1,20,old
4886,21.006564378738403,0.1140113841507224,PBPF,cracker_scene1,20,old
4887,21.010890245437626,0.1140113841507224,PBPF,cracker_scene1,20,old
4888,21.01565432548523,0.1140032206267742,PBPF,cracker_scene1,20,old
4889,21.01982450485229,0.1140032206267742,PBPF,cracker_scene1,20,old
4890,21.024527311325077,0.11404950111886189,PBPF,cracker_scene1,20,old
4891,21.02883505821228,0.11404950111886189,PBPF,cracker_scene1,20,old
4892,21.03347134590149,0.1140005844156394,PBPF,cracker_scene1,20,old
4893,21.03819441795349,0.11404318502712299,PBPF,cracker_scene1,20,old
4894,21.042621850967407,0.11404318502712299,PBPF,cracker_scene1,20,old
4895,21.047114849090576,0.1140803617523013,PBPF,cracker_scene1,20,old
4896,21.05147075653076,0.1140803617523013,PBPF,cracker_scene1,20,old
4897,21.05593085289001,0.1140467288595533,PBPF,cracker_scene1,20,old
4898,21.06025576591492,0.1140467288595533,PBPF,cracker_scene1,20,old
4899,21.064858436584476,0.1140502825993687,PBPF,cracker_scene1,20,old
4900,21.069059133529663,0.1140502825993687,PBPF,cracker_scene1,20,old
4901,21.07378077507019,0.11404797052876739,PBPF,cracker_scene1,20,old
4902,21.077960968017575,0.11404797052876739,PBPF,cracker_scene1,20,old
4903,21.08277273178101,0.11400249670177459,PBPF,cracker_scene1,20,old
4904,21.08702158927917,0.11400249670177459,PBPF,cracker_scene1,20,old
4905,21.091694116592407,0.11405533882921101,PBPF,cracker_scene1,20,old
4906,21.096027135849,0.1140327616572489,PBPF,cracker_scene1,20,old
4907,21.100531816482544,0.1140327616572489,PBPF,cracker_scene1,20,old
4908,21.10501456260681,0.11405255179315879,PBPF,cracker_scene1,20,old
4909,21.10937261581421,0.11405255179315879,PBPF,cracker_scene1,20,old
4910,21.1140239238739,0.1140514585565445,PBPF,cracker_scene1,20,old
4911,21.1183500289917,0.1140514585565445,PBPF,cracker_scene1,20,old
4912,21.12301802635193,0.11407134269007221,PBPF,cracker_scene1,20,old
4913,21.12726330757141,0.11407134269007221,PBPF,cracker_scene1,20,old
4914,21.132051944732662,0.1140095716431048,PBPF,cracker_scene1,20,old
4915,21.136274337768555,0.1140095716431048,PBPF,cracker_scene1,20,old
4916,21.14086627960205,0.11405246618907819,PBPF,cracker_scene1,20,old
4917,21.145214080810547,0.11405246618907819,PBPF,cracker_scene1,20,old
4918,21.14984440803528,0.11405805748418771,PBPF,cracker_scene1,20,old
4919,21.15430903434753,0.11399869276133939,PBPF,cracker_scene1,20,old
4920,21.158917903900143,0.1139994001112383,PBPF,cracker_scene1,20,old
4921,21.16343760490417,0.1140457367108414,PBPF,cracker_scene1,20,old
4922,21.168211698532104,0.1140457367108414,PBPF,cracker_scene1,20,old
4923,21.17263984680176,0.1140656278809749,PBPF,cracker_scene1,20,old
4924,21.17679738998413,0.1140656278809749,PBPF,cracker_scene1,20,old
4925,21.181235313415527,0.11403964481795281,PBPF,cracker_scene1,20,old
4926,21.18551349639893,0.11403964481795281,PBPF,cracker_scene1,20,old
4927,21.189959049224854,0.11405698854484211,PBPF,cracker_scene1,20,old
4928,21.19427466392517,0.11405698854484211,PBPF,cracker_scene1,20,old
4929,21.199158430099487,0.1140658864906853,PBPF,cracker_scene1,20,old
4930,21.203646659851078,0.1140658864906853,PBPF,cracker_scene1,20,old
4931,21.20827031135559,0.11412313982200581,PBPF,cracker_scene1,20,old
4932,21.212847471237183,0.11399152608919619,PBPF,cracker_scene1,20,old
4933,21.217246294021606,0.11399152608919619,PBPF,cracker_scene1,20,old
4934,21.221741437911987,0.1140531610810045,PBPF,cracker_scene1,20,old
4935,21.226155757904053,0.1140531610810045,PBPF,cracker_scene1,20,old
4936,21.230504989624023,0.1140373908311092,PBPF,cracker_scene1,20,old
4937,21.235085487365723,0.11405890587787021,PBPF,cracker_scene1,20,old
4938,21.23960041999817,0.114006169825041,PBPF,cracker_scene1,20,old
4939,21.2439067363739,0.114006169825041,PBPF,cracker_scene1,20,old
4940,21.248407125473022,0.11399342435078419,PBPF,cracker_scene1,20,old
4941,21.25281572341919,0.11399138523036531,PBPF,cracker_scene1,20,old
4942,21.25748896598816,0.1140374341675115,PBPF,cracker_scene1,20,old
4943,21.26169729232788,0.1140374341675115,PBPF,cracker_scene1,20,old
4944,21.26629114151001,0.1140482762848625,PBPF,cracker_scene1,20,old
4945,21.27073454856873,0.1140659219618069,PBPF,cracker_scene1,20,old
4946,21.275203704833984,0.11406962398941989,PBPF,cracker_scene1,20,old
4947,21.27989149093628,0.1141069255021192,PBPF,cracker_scene1,20,old
4948,21.28432846069336,0.1141069255021192,PBPF,cracker_scene1,20,old
4949,21.288976192474365,0.1140456821716978,PBPF,cracker_scene1,20,old
4950,21.29330444335937,0.1140456821716978,PBPF,cracker_scene1,20,old
4951,21.298084020614624,0.11405736885832471,PBPF,cracker_scene1,20,old
4952,21.302311897277832,0.11405736885832471,PBPF,cracker_scene1,20,old
4953,21.30691885948181,0.1139976832141314,PBPF,cracker_scene1,20,old
4954,21.31103539466858,0.1139976832141314,PBPF,cracker_scene1,20,old
4955,21.31510591506958,0.1139976832141314,PBPF,cracker_scene1,20,old
4956,21.31913709640503,0.1139976832141314,PBPF,cracker_scene1,20,old
4957,21.323081731796265,0.1139976832141314,PBPF,cracker_scene1,20,old
4958,21.327136754989624,0.1139976832141314,PBPF,cracker_scene1,20,old
4959,21.33112931251526,0.1139976832141314,PBPF,cracker_scene1,20,old
4960,21.33513164520264,0.1139976832141314,PBPF,cracker_scene1,20,old
4961,21.33916687965393,0.1139976832141314,PBPF,cracker_scene1,20,old
4962,21.34314465522766,0.1139976832141314,PBPF,cracker_scene1,20,old
4963,21.347334623336792,0.1139976832141314,PBPF,cracker_scene1,20,old
4964,21.351413011550903,0.1139976832141314,PBPF,cracker_scene1,20,old
4965,21.355564832687374,0.1139976832141314,PBPF,cracker_scene1,20,old
4966,21.359658241271973,0.1139976832141314,PBPF,cracker_scene1,20,old
4967,21.363696336746216,0.1139976832141314,PBPF,cracker_scene1,20,old
4968,21.3676495552063,0.1139976832141314,PBPF,cracker_scene1,20,old
4969,21.37165856361389,0.1139976832141314,PBPF,cracker_scene1,20,old
4970,21.375619411468502,0.1139976832141314,PBPF,cracker_scene1,20,old
4971,21.379621028900143,0.1139976832141314,PBPF,cracker_scene1,20,old
4972,21.38362836837769,0.1139976832141314,PBPF,cracker_scene1,20,old
4973,21.38765001296997,0.1139976832141314,PBPF,cracker_scene1,20,old
4974,21.391648292541504,0.1139976832141314,PBPF,cracker_scene1,20,old
4975,21.395607471466064,0.1139976832141314,PBPF,cracker_scene1,20,old
4976,21.399582147598267,0.1139976832141314,PBPF,cracker_scene1,20,old
4977,21.40360450744629,0.1139976832141314,PBPF,cracker_scene1,20,old
4978,21.40763759613037,0.1139976832141314,PBPF,cracker_scene1,20,old
4979,21.411707162857056,0.1139976832141314,PBPF,cracker_scene1,20,old
4980,21.41563367843628,0.1139976832141314,PBPF,cracker_scene1,20,old
4981,21.419695377349854,0.1139976832141314,PBPF,cracker_scene1,20,old
4982,21.42369747161865,0.1139976832141314,PBPF,cracker_scene1,20,old
4983,21.427749633789062,0.1139976832141314,PBPF,cracker_scene1,20,old
4984,21.43171787261963,0.1139976832141314,PBPF,cracker_scene1,20,old
4985,21.435741424560547,0.1139976832141314,PBPF,cracker_scene1,20,old
4986,21.439701795578003,0.1139976832141314,PBPF,cracker_scene1,20,old
4987,21.44417953491211,0.1139976832141314,PBPF,cracker_scene1,20,old
4988,21.44945597648621,0.1139976832141314,PBPF,cracker_scene1,20,old
4989,21.454378366470337,0.1139976832141314,PBPF,cracker_scene1,20,old
4990,21.458627700805664,0.1139976832141314,PBPF,cracker_scene1,20,old
4991,21.462815046310425,0.1139976832141314,PBPF,cracker_scene1,20,old
4992,21.46695709228516,0.1139976832141314,PBPF,cracker_scene1,20,old
4993,21.4709997177124,0.1139976832141314,PBPF,cracker_scene1,20,old
4994,21.47497940063477,0.1139976832141314,PBPF,cracker_scene1,20,old
4995,21.479029417037964,0.1139976832141314,PBPF,cracker_scene1,20,old
4996,21.48301339149475,0.1139976832141314,PBPF,cracker_scene1,20,old
4997,21.48715305328369,0.1139976832141314,PBPF,cracker_scene1,20,old
4998,21.49113941192627,0.1139976832141314,PBPF,cracker_scene1,20,old
4999,21.495140075683597,0.1139976832141314,PBPF,cracker_scene1,20,old
5000,21.49909734725952,0.1139976832141314,PBPF,cracker_scene1,20,old
5001,21.503247022628784,0.1139976832141314,PBPF,cracker_scene1,20,old
5002,21.50788736343384,0.1139976832141314,PBPF,cracker_scene1,20,old
5003,21.512261390686035,0.1139976832141314,PBPF,cracker_scene1,20,old
5004,21.516690254211422,0.1139976832141314,PBPF,cracker_scene1,20,old
5005,21.52110457420349,0.1139976832141314,PBPF,cracker_scene1,20,old
5006,21.52545738220215,0.1139976832141314,PBPF,cracker_scene1,20,old
5007,21.529969930648804,0.1139976832141314,PBPF,cracker_scene1,20,old
5008,21.53427028656006,0.1139976832141314,PBPF,cracker_scene1,20,old
5009,21.53838348388672,0.1139976832141314,PBPF,cracker_scene1,20,old
5010,21.542366981506348,0.1139976832141314,PBPF,cracker_scene1,20,old
5011,21.546492338180546,0.1139976832141314,PBPF,cracker_scene1,20,old
5012,21.550546646118164,0.1139976832141314,PBPF,cracker_scene1,20,old
5013,21.554593801498413,0.1139976832141314,PBPF,cracker_scene1,20,old
5014,21.558653593063354,0.1139976832141314,PBPF,cracker_scene1,20,old
5015,21.56265640258789,0.1139976832141314,PBPF,cracker_scene1,20,old
5016,21.56670427322388,0.1139976832141314,PBPF,cracker_scene1,20,old
5017,21.57071280479431,0.1139976832141314,PBPF,cracker_scene1,20,old
5018,21.57469391822815,0.1139976832141314,PBPF,cracker_scene1,20,old
5019,21.578680515289307,0.1139976832141314,PBPF,cracker_scene1,20,old
5020,21.58277010917664,0.1139976832141314,PBPF,cracker_scene1,20,old
5021,21.58685564994812,0.1139976832141314,PBPF,cracker_scene1,20,old
5022,21.59081077575684,0.1139976832141314,PBPF,cracker_scene1,20,old
5023,21.59481716156006,0.1139976832141314,PBPF,cracker_scene1,20,old
5024,21.598816871643063,0.1139976832141314,PBPF,cracker_scene1,20,old
5025,21.603106260299683,0.1139976832141314,PBPF,cracker_scene1,20,old
5026,21.60844397544861,0.1139976832141314,PBPF,cracker_scene1,20,old
5027,21.612540006637573,0.1139976832141314,PBPF,cracker_scene1,20,old
5028,21.61656904220581,0.1139976832141314,PBPF,cracker_scene1,20,old
5029,21.62065362930298,0.1139976832141314,PBPF,cracker_scene1,20,old
5030,21.62465238571167,0.1139976832141314,PBPF,cracker_scene1,20,old
5031,21.628745317459103,0.1139976832141314,PBPF,cracker_scene1,20,old
5032,21.632806301116943,0.1139976832141314,PBPF,cracker_scene1,20,old
5033,21.63688707351685,0.1139976832141314,PBPF,cracker_scene1,20,old
5034,21.64087128639221,0.1139976832141314,PBPF,cracker_scene1,20,old
5035,21.644975185394287,0.1139976832141314,PBPF,cracker_scene1,20,old
5036,21.64902377128601,0.1139976832141314,PBPF,cracker_scene1,20,old
5037,21.65317416191101,0.1139976832141314,PBPF,cracker_scene1,20,old
5038,21.6572060585022,0.1139976832141314,PBPF,cracker_scene1,20,old
5039,21.66127920150757,0.1139976832141314,PBPF,cracker_scene1,20,old
5040,21.665282249450684,0.1139976832141314,PBPF,cracker_scene1,20,old
5041,21.66931438446045,0.1139976832141314,PBPF,cracker_scene1,20,old
5042,21.67329955101013,0.1139976832141314,PBPF,cracker_scene1,20,old
5043,21.67730069160461,0.1139976832141314,PBPF,cracker_scene1,20,old
5044,21.68130826950073,0.1139976832141314,PBPF,cracker_scene1,20,old
5045,21.685402393341064,0.1139976832141314,PBPF,cracker_scene1,20,old
5046,21.689421892166138,0.1139976832141314,PBPF,cracker_scene1,20,old
5047,21.693416595458984,0.1139976832141314,PBPF,cracker_scene1,20,old
5048,21.697450637817383,0.1139976832141314,PBPF,cracker_scene1,20,old
5049,21.701438903808597,0.1139976832141314,PBPF,cracker_scene1,20,old
5050,21.705462217330933,0.1139976832141314,PBPF,cracker_scene1,20,old
5051,21.709513664245605,0.1139976832141314,PBPF,cracker_scene1,20,old
5052,21.713754892349243,0.1139976832141314,PBPF,cracker_scene1,20,old
5053,21.718098878860477,0.1139976832141314,PBPF,cracker_scene1,20,old
5054,21.72240257263184,0.1139976832141314,PBPF,cracker_scene1,20,old
5055,21.726720333099365,0.1139976832141314,PBPF,cracker_scene1,20,old
5056,21.731003761291504,0.1139976832141314,PBPF,cracker_scene1,20,old
5057,21.73507761955261,0.1139976832141314,PBPF,cracker_scene1,20,old
5058,21.73917531967163,0.1139976832141314,PBPF,cracker_scene1,20,old
5059,21.743156909942627,0.1139976832141314,PBPF,cracker_scene1,20,old
5060,21.74727845191956,0.1139976832141314,PBPF,cracker_scene1,20,old
5061,21.75129532814026,0.1139976832141314,PBPF,cracker_scene1,20,old
5062,21.7554144859314,0.1139976832141314,PBPF,cracker_scene1,20,old
5063,21.759453296661377,0.1139976832141314,PBPF,cracker_scene1,20,old
5064,21.76352548599243,0.1139976832141314,PBPF,cracker_scene1,20,old
5065,21.767518043518063,0.1139976832141314,PBPF,cracker_scene1,20,old
5066,21.771547079086304,0.1139976832141314,PBPF,cracker_scene1,20,old
5067,21.77555990219116,0.1139976832141314,PBPF,cracker_scene1,20,old
5068,21.779557704925537,0.1139976832141314,PBPF,cracker_scene1,20,old
5069,21.783541917800903,0.1139976832141314,PBPF,cracker_scene1,20,old
5070,21.78765821456909,0.1139976832141314,PBPF,cracker_scene1,20,old
5071,21.791624307632446,0.1139976832141314,PBPF,cracker_scene1,20,old
5072,21.79563999176025,0.1139976832141314,PBPF,cracker_scene1,20,old
5073,21.79963040351868,0.1139976832141314,PBPF,cracker_scene1,20,old
5074,21.80367112159729,0.1139976832141314,PBPF,cracker_scene1,20,old
5075,21.80767583847046,0.1139976832141314,PBPF,cracker_scene1,20,old
5076,21.81175446510315,0.1139976832141314,PBPF,cracker_scene1,20,old
5077,21.81572222709656,0.1139976832141314,PBPF,cracker_scene1,20,old
5078,21.81978988647461,0.1139976832141314,PBPF,cracker_scene1,20,old
5079,21.823793411254883,0.1139976832141314,PBPF,cracker_scene1,20,old
5080,21.82790899276733,0.1139976832141314,PBPF,cracker_scene1,20,old
5081,21.831889390945435,0.1139976832141314,PBPF,cracker_scene1,20,old
5082,21.83594346046448,0.1139976832141314,PBPF,cracker_scene1,20,old
5083,21.84000277519226,0.1139976832141314,PBPF,cracker_scene1,20,old
5084,21.84410166740417,0.1139976832141314,PBPF,cracker_scene1,20,old
5085,21.848140478134155,0.1139976832141314,PBPF,cracker_scene1,20,old
5086,21.852378845214844,0.1139976832141314,PBPF,cracker_scene1,20,old
5087,21.856432914733887,0.1139976832141314,PBPF,cracker_scene1,20,old
5088,21.86050057411194,0.1139976832141314,PBPF,cracker_scene1,20,old
5089,21.864627599716187,0.1139976832141314,PBPF,cracker_scene1,20,old
5090,21.868664264678955,0.1139976832141314,PBPF,cracker_scene1,20,old
5091,21.872711420059204,0.1139976832141314,PBPF,cracker_scene1,20,old
5092,21.876708030700684,0.1139976832141314,PBPF,cracker_scene1,20,old
5093,21.88075470924377,0.1139976832141314,PBPF,cracker_scene1,20,old
5094,21.88481116294861,0.1139976832141314,PBPF,cracker_scene1,20,old
5095,21.888882160186768,0.1139976832141314,PBPF,cracker_scene1,20,old
5096,21.892883777618408,0.1139976832141314,PBPF,cracker_scene1,20,old
5097,21.8969509601593,0.1139976832141314,PBPF,cracker_scene1,20,old
5098,21.90094828605652,0.1139976832141314,PBPF,cracker_scene1,20,old
5099,21.90507745742798,0.1139976832141314,PBPF,cracker_scene1,20,old
5100,21.90908718109131,0.1139976832141314,PBPF,cracker_scene1,20,old
5101,21.913156270980835,0.1139976832141314,PBPF,cracker_scene1,20,old
5102,21.91712856292725,0.1139976832141314,PBPF,cracker_scene1,20,old
5103,21.92114496231079,0.1139976832141314,PBPF,cracker_scene1,20,old
5104,21.925163745880127,0.1139976832141314,PBPF,cracker_scene1,20,old
5105,21.92917943000793,0.1139976832141314,PBPF,cracker_scene1,20,old
5106,21.933183670043945,0.1139976832141314,PBPF,cracker_scene1,20,old
5107,21.937291622161865,0.1139976832141314,PBPF,cracker_scene1,20,old
5108,21.94129467010498,0.1139976832141314,PBPF,cracker_scene1,20,old
5109,21.945273637771606,0.1139976832141314,PBPF,cracker_scene1,20,old
5110,21.94931936264038,0.1139976832141314,PBPF,cracker_scene1,20,old
5111,21.95334529876709,0.1139976832141314,PBPF,cracker_scene1,20,old
5112,21.95745730400085,0.1139976832141314,PBPF,cracker_scene1,20,old
5113,21.96146869659424,0.1139976832141314,PBPF,cracker_scene1,20,old
5114,21.96558284759521,0.1139976832141314,PBPF,cracker_scene1,20,old
5115,21.969587564468384,0.1139976832141314,PBPF,cracker_scene1,20,old
5116,21.973669052124023,0.1139976832141314,PBPF,cracker_scene1,20,old
5117,21.9776623249054,0.1139976832141314,PBPF,cracker_scene1,20,old
5118,21.98173785209656,0.1139976832141314,PBPF,cracker_scene1,20,old
5119,21.985844612121586,0.1139976832141314,PBPF,cracker_scene1,20,old
5120,21.989892959594727,0.1139976832141314,PBPF,cracker_scene1,20,old
5121,21.9939022064209,0.1139976832141314,PBPF,cracker_scene1,20,old
5122,21.99794030189514,0.1139976832141314,PBPF,cracker_scene1,20,old
5123,22.001892805099487,0.1139976832141314,PBPF,cracker_scene1,20,old
5124,22.00603151321411,0.1139976832141314,PBPF,cracker_scene1,20,old
5125,22.01001000404358,0.1139976832141314,PBPF,cracker_scene1,20,old
5126,22.014129638671875,0.1139976832141314,PBPF,cracker_scene1,20,old
5127,22.018319368362427,0.1139976832141314,PBPF,cracker_scene1,20,old
5128,22.02238512039185,0.1139976832141314,PBPF,cracker_scene1,20,old
5129,22.026355266571045,0.1139976832141314,PBPF,cracker_scene1,20,old
5130,22.03046154975891,0.1139976832141314,PBPF,cracker_scene1,20,old
5131,22.03445196151733,0.1139976832141314,PBPF,cracker_scene1,20,old
5132,22.03847289085388,0.1139976832141314,PBPF,cracker_scene1,20,old
5133,22.042429208755493,0.1139976832141314,PBPF,cracker_scene1,20,old
5134,22.04652714729309,0.1139976832141314,PBPF,cracker_scene1,20,old
5135,22.05055975914001,0.1139976832141314,PBPF,cracker_scene1,20,old
5136,22.05463671684265,0.1139976832141314,PBPF,cracker_scene1,20,old
5137,22.0586462020874,0.1139976832141314,PBPF,cracker_scene1,20,old
5138,22.0627384185791,0.1139976832141314,PBPF,cracker_scene1,20,old
5139,22.06678056716919,0.1139976832141314,PBPF,cracker_scene1,20,old
5140,22.070842027664185,0.1139976832141314,PBPF,cracker_scene1,20,old
5141,22.074817419052124,0.1139976832141314,PBPF,cracker_scene1,20,old
5142,22.07884192466736,0.1139976832141314,PBPF,cracker_scene1,20,old
5143,22.082826852798465,0.1139976832141314,PBPF,cracker_scene1,20,old
5144,22.08692216873169,0.1139976832141314,PBPF,cracker_scene1,20,old
5145,22.090889930725098,0.1139976832141314,PBPF,cracker_scene1,20,old
5146,22.09492444992065,0.1139976832141314,PBPF,cracker_scene1,20,old
5147,22.09891629219055,0.1139976832141314,PBPF,cracker_scene1,20,old
5148,22.103014945983887,0.1139976832141314,PBPF,cracker_scene1,20,old
5149,22.106995582580566,0.1139976832141314,PBPF,cracker_scene1,20,old
5150,22.111076831817627,0.1139976832141314,PBPF,cracker_scene1,20,old
5151,22.11506676673889,0.1139976832141314,PBPF,cracker_scene1,20,old
5152,22.119133472442627,0.1139976832141314,PBPF,cracker_scene1,20,old
5153,22.12309718132019,0.1139976832141314,PBPF,cracker_scene1,20,old
5154,22.12719964981079,0.1139976832141314,PBPF,cracker_scene1,20,old
5155,22.131218194961548,0.1139976832141314,PBPF,cracker_scene1,20,old
5156,22.13520455360413,0.1139976832141314,PBPF,cracker_scene1,20,old
5157,22.139228105545044,0.1139976832141314,PBPF,cracker_scene1,20,old
5158,22.14322280883789,0.1139976832141314,PBPF,cracker_scene1,20,old
5159,22.14730954170227,0.1139976832141314,PBPF,cracker_scene1,20,old
5160,22.151317358016968,0.1139976832141314,PBPF,cracker_scene1,20,old
5161,22.15543794631958,0.1139976832141314,PBPF,cracker_scene1,20,old
5162,22.15950870513916,0.1139976832141314,PBPF,cracker_scene1,20,old
5163,22.163561582565308,0.1139976832141314,PBPF,cracker_scene1,20,old
5164,22.167531490325928,0.1139976832141314,PBPF,cracker_scene1,20,old
5165,22.17159867286682,0.1139976832141314,PBPF,cracker_scene1,20,old
5166,22.17558550834656,0.1139976832141314,PBPF,cracker_scene1,20,old
5167,22.179617881774902,0.1139976832141314,PBPF,cracker_scene1,20,old
5168,22.183659076690677,0.1139976832141314,PBPF,cracker_scene1,20,old
5169,22.187771320343018,0.1139976832141314,PBPF,cracker_scene1,20,old
5170,22.19173836708069,0.1139976832141314,PBPF,cracker_scene1,20,old
5171,22.1957688331604,0.1139976832141314,PBPF,cracker_scene1,20,old
5172,22.199738264083862,0.1139976832141314,PBPF,cracker_scene1,20,old
5173,22.20383644104004,0.1139976832141314,PBPF,cracker_scene1,20,old
5174,22.20781183242798,0.1139976832141314,PBPF,cracker_scene1,20,old
5175,22.21190857887268,0.1139976832141314,PBPF,cracker_scene1,20,old
5176,22.21590757369995,0.1139976832141314,PBPF,cracker_scene1,20,old
5177,22.219998598098755,0.1139976832141314,PBPF,cracker_scene1,20,old
5178,22.224036693573,0.1139976832141314,PBPF,cracker_scene1,20,old
5179,22.22811079025269,0.1139976832141314,PBPF,cracker_scene1,20,old
5180,22.23207998275757,0.1139976832141314,PBPF,cracker_scene1,20,old
5181,22.236114263534542,0.1139976832141314,PBPF,cracker_scene1,20,old
5182,22.240115642547607,0.1139976832141314,PBPF,cracker_scene1,20,old
5183,22.24420738220215,0.1139976832141314,PBPF,cracker_scene1,20,old
5184,22.248212337493896,0.1139976832141314,PBPF,cracker_scene1,20,old
5185,22.252254962921143,0.1139976832141314,PBPF,cracker_scene1,20,old
5186,22.25636076927185,0.1139976832141314,PBPF,cracker_scene1,20,old
5187,22.2604763507843,0.1139976832141314,PBPF,cracker_scene1,20,old
5188,22.26449942588806,0.1139976832141314,PBPF,cracker_scene1,20,old
5189,22.268484830856323,0.1139976832141314,PBPF,cracker_scene1,20,old
5190,22.27251648902893,0.1139976832141314,PBPF,cracker_scene1,20,old
5191,22.27652192115784,0.1139976832141314,PBPF,cracker_scene1,20,old
5192,22.28053331375122,0.1139976832141314,PBPF,cracker_scene1,20,old
5193,22.28463363647461,0.1139976832141314,PBPF,cracker_scene1,20,old
5194,22.28868269920349,0.1139976832141314,PBPF,cracker_scene1,20,old
5195,22.292686700820923,0.1139976832141314,PBPF,cracker_scene1,20,old
5196,22.296709775924683,0.1139976832141314,PBPF,cracker_scene1,20,old
5197,22.300694942474365,0.1139976832141314,PBPF,cracker_scene1,20,old
5198,22.30474805831909,0.1139976832141314,PBPF,cracker_scene1,20,old
5199,22.308749437332157,0.1139976832141314,PBPF,cracker_scene1,20,old
5200,22.31282377243042,0.1139976832141314,PBPF,cracker_scene1,20,old
5201,22.31680679321289,0.1139976832141314,PBPF,cracker_scene1,20,old
5202,22.32088541984558,0.1139976832141314,PBPF,cracker_scene1,20,old
5203,22.32488250732422,0.1139976832141314,PBPF,cracker_scene1,20,old
5204,22.32895278930664,0.1139976832141314,PBPF,cracker_scene1,20,old
5205,22.33294415473938,0.1139976832141314,PBPF,cracker_scene1,20,old
5206,22.336981058120728,0.1139976832141314,PBPF,cracker_scene1,20,old
5207,22.34096622467041,0.1139976832141314,PBPF,cracker_scene1,20,old
5208,22.34507441520691,0.1139976832141314,PBPF,cracker_scene1,20,old
5209,22.34908938407898,0.1139976832141314,PBPF,cracker_scene1,20,old
5210,22.353354692459103,0.1139976832141314,PBPF,cracker_scene1,20,old
5211,22.35738754272461,0.1139976832141314,PBPF,cracker_scene1,20,old
5212,22.36151647567749,0.1139976832141314,PBPF,cracker_scene1,20,old
5213,22.365481853485107,0.1139976832141314,PBPF,cracker_scene1,20,old
5214,22.36950206756592,0.1139976832141314,PBPF,cracker_scene1,20,old
5215,22.37348747253418,0.1139976832141314,PBPF,cracker_scene1,20,old
5216,22.37753176689148,0.1139976832141314,PBPF,cracker_scene1,20,old
5217,22.38154435157776,0.1139976832141314,PBPF,cracker_scene1,20,old
5218,22.386401653289795,0.1139976832141314,PBPF,cracker_scene1,20,old
5219,22.39165043830872,0.1139976832141314,PBPF,cracker_scene1,20,old
5220,22.395799160003666,0.1139976832141314,PBPF,cracker_scene1,20,old
5221,22.39987206459045,0.1139976832141314,PBPF,cracker_scene1,20,old
5222,22.40394687652588,0.1139976832141314,PBPF,cracker_scene1,20,old
5223,22.407963514328003,0.1139976832141314,PBPF,cracker_scene1,20,old
5224,22.412078857421875,0.1139976832141314,PBPF,cracker_scene1,20,old
5225,22.41611337661743,0.1139976832141314,PBPF,cracker_scene1,20,old
5226,22.42020297050476,0.1139976832141314,PBPF,cracker_scene1,20,old
5227,22.42419981956482,0.1139976832141314,PBPF,cracker_scene1,20,old
5228,22.42828321456909,0.1139976832141314,PBPF,cracker_scene1,20,old
5229,22.43227815628052,0.1139976832141314,PBPF,cracker_scene1,20,old
5230,22.436339139938354,0.1139976832141314,PBPF,cracker_scene1,20,old
5231,22.44033432006836,0.1139976832141314,PBPF,cracker_scene1,20,old
5232,22.4444272518158,0.1139976832141314,PBPF,cracker_scene1,20,old
5233,22.448478937149048,0.1139976832141314,PBPF,cracker_scene1,20,old
5234,22.452582359313965,0.1139976832141314,PBPF,cracker_scene1,20,old
5235,22.45666074752808,0.1139976832141314,PBPF,cracker_scene1,20,old
5236,22.46076250076294,0.1139976832141314,PBPF,cracker_scene1,20,old
5237,22.46479678153992,0.1139976832141314,PBPF,cracker_scene1,20,old
5238,22.468806266784668,0.1139976832141314,PBPF,cracker_scene1,20,old
5239,22.47283959388733,0.1139976832141314,PBPF,cracker_scene1,20,old
5240,22.476836442947388,0.1139976832141314,PBPF,cracker_scene1,20,old
5241,22.480897426605225,0.1139976832141314,PBPF,cracker_scene1,20,old
5242,22.48498249053955,0.1139976832141314,PBPF,cracker_scene1,20,old
5243,22.489037036895752,0.1139976832141314,PBPF,cracker_scene1,20,old
5244,22.493044137954712,0.1139976832141314,PBPF,cracker_scene1,20,old
5245,22.497124671936035,0.1139976832141314,PBPF,cracker_scene1,20,old
5246,22.50110936164856,0.1139976832141314,PBPF,cracker_scene1,20,old
5247,22.505208730697632,0.1139976832141314,PBPF,cracker_scene1,20,old
5248,22.50920844078064,0.1139976832141314,PBPF,cracker_scene1,20,old
5249,22.513309717178345,0.1139976832141314,PBPF,cracker_scene1,20,old
5250,22.517397165298465,0.1139976832141314,PBPF,cracker_scene1,20,old
5251,22.52146553993225,0.1139976832141314,PBPF,cracker_scene1,20,old
5252,22.52545928955078,0.1139976832141314,PBPF,cracker_scene1,20,old
5253,22.529576063156128,0.1139976832141314,PBPF,cracker_scene1,20,old
5254,22.533593893051147,0.1139976832141314,PBPF,cracker_scene1,20,old
5255,22.53762269020081,0.1139976832141314,PBPF,cracker_scene1,20,old
5256,22.54165267944336,0.1139976832141314,PBPF,cracker_scene1,20,old
5257,22.54591202735901,0.1139976832141314,PBPF,cracker_scene1,20,old
5258,22.549925327301025,0.1139976832141314,PBPF,cracker_scene1,20,old
5259,22.55409145355225,0.1139976832141314,PBPF,cracker_scene1,20,old
5260,22.55811071395874,0.1139976832141314,PBPF,cracker_scene1,20,old
5261,22.56226849555969,0.1139976832141314,PBPF,cracker_scene1,20,old
5262,22.566271781921387,0.1139976832141314,PBPF,cracker_scene1,20,old
5263,22.57033133506775,0.1139976832141314,PBPF,cracker_scene1,20,old
5264,22.574344873428345,0.1139976832141314,PBPF,cracker_scene1,20,old
5265,22.578393936157227,0.1139976832141314,PBPF,cracker_scene1,20,old
5266,22.58238959312439,0.1139976832141314,PBPF,cracker_scene1,20,old
5267,22.586518049240112,0.1139976832141314,PBPF,cracker_scene1,20,old
5268,22.59049391746521,0.1139976832141314,PBPF,cracker_scene1,20,old
5269,22.594528913497925,0.1139976832141314,PBPF,cracker_scene1,20,old
5270,22.59850001335144,0.1139976832141314,PBPF,cracker_scene1,20,old
5271,22.60256814956665,0.1139976832141314,PBPF,cracker_scene1,20,old
5272,22.606605768203732,0.1139976832141314,PBPF,cracker_scene1,20,old
5273,22.610641479492188,0.1139976832141314,PBPF,cracker_scene1,20,old
5274,22.614662647247314,0.1139976832141314,PBPF,cracker_scene1,20,old
5275,22.618706703186035,0.1139976832141314,PBPF,cracker_scene1,20,old
5276,22.62276124954224,0.1139976832141314,PBPF,cracker_scene1,20,old
5277,22.626745223999023,0.1139976832141314,PBPF,cracker_scene1,20,old
5278,22.630825757980347,0.1139976832141314,PBPF,cracker_scene1,20,old
5279,22.63485717773437,0.1139976832141314,PBPF,cracker_scene1,20,old
5280,22.63895297050476,0.1139976832141314,PBPF,cracker_scene1,20,old
5281,22.643016576766968,0.1139976832141314,PBPF,cracker_scene1,20,old
5282,22.64714765548706,0.1139976832141314,PBPF,cracker_scene1,20,old
5283,22.6512930393219,0.1139976832141314,PBPF,cracker_scene1,20,old
5284,22.655420303344727,0.1139976832141314,PBPF,cracker_scene1,20,old
5285,22.659538984298703,0.1139976832141314,PBPF,cracker_scene1,20,old
5286,22.66365075111389,0.1139976832141314,PBPF,cracker_scene1,20,old
5287,22.667691469192505,0.1139976832141314,PBPF,cracker_scene1,20,old
5288,22.6717791557312,0.1139976832141314,PBPF,cracker_scene1,20,old
5289,22.67579460144043,0.1139976832141314,PBPF,cracker_scene1,20,old
5290,22.67983841896057,0.1139976832141314,PBPF,cracker_scene1,20,old
5291,22.683847188949585,0.1139976832141314,PBPF,cracker_scene1,20,old
5292,22.68790006637573,0.1139976832141314,PBPF,cracker_scene1,20,old
5293,22.691898345947266,0.1139976832141314,PBPF,cracker_scene1,20,old
5294,22.69592523574829,0.1139976832141314,PBPF,cracker_scene1,20,old
5295,22.699928283691406,0.1139976832141314,PBPF,cracker_scene1,20,old
5296,22.70404481887817,0.1139976832141314,PBPF,cracker_scene1,20,old
5297,22.70803022384644,0.1139976832141314,PBPF,cracker_scene1,20,old
5298,22.71211194992065,0.1139976832141314,PBPF,cracker_scene1,20,old
5299,22.716137886047363,0.1139976832141314,PBPF,cracker_scene1,20,old
5300,22.72026515007019,0.1139976832141314,PBPF,cracker_scene1,20,old
5301,22.72431254386902,0.1139976832141314,PBPF,cracker_scene1,20,old
5302,22.72841215133667,0.1139976832141314,PBPF,cracker_scene1,20,old
5303,22.732403993606567,0.1139976832141314,PBPF,cracker_scene1,20,old
5304,22.736475467681885,0.1139976832141314,PBPF,cracker_scene1,20,old
5305,22.74044442176819,0.1139976832141314,PBPF,cracker_scene1,20,old
5306,22.744520902633667,0.1139976832141314,PBPF,cracker_scene1,20,old
5307,22.74851632118225,0.1139976832141314,PBPF,cracker_scene1,20,old
5308,22.75262880325317,0.1139976832141314,PBPF,cracker_scene1,20,old
