0,0.000171422958374,0.0903130760285783,PBPF,cracker_scene1,40,old
1,0.00217866897583,0.0903130760285783,PBPF,cracker_scene1,40,old
2,0.0064871311187744,0.09031948072088089,PBPF,cracker_scene1,40,old
3,0.0107419490814208,0.09031948072088089,PBPF,cracker_scene1,40,old
4,0.014909029006958,0.09031948072088089,PBPF,cracker_scene1,40,old
5,0.0192875862121582,0.09038415095491649,PBPF,cracker_scene1,40,old
6,0.0239174365997314,0.0903949487900203,PBPF,cracker_scene1,40,old
7,0.0282063484191894,0.0903949487900203,PBPF,cracker_scene1,40,old
8,0.0324437618255615,0.09034374211830119,PBPF,cracker_scene1,40,old
9,0.0367348194122314,0.09032676388269939,PBPF,cracker_scene1,40,old
10,0.0409243106842041,0.09032676388269939,PBPF,cracker_scene1,40,old
11,0.045156717300415,0.0905708445617094,PBPF,cracker_scene1,40,old
12,0.0494532585144043,0.0905885107914963,PBPF,cracker_scene1,40,old
13,0.05367112159729,0.0905885107914963,PBPF,cracker_scene1,40,old
14,0.0578224658966064,0.09058129967916739,PBPF,cracker_scene1,40,old
15,0.0619525909423828,0.09058129967916739,PBPF,cracker_scene1,40,old
16,0.0661821365356445,0.09058129967916739,PBPF,cracker_scene1,40,old
17,0.0707674026489257,0.0905830326317673,PBPF,cracker_scene1,40,old
18,0.0749340057373046,0.0905830326317673,PBPF,cracker_scene1,40,old
19,0.079068899154663,0.0905830326317673,PBPF,cracker_scene1,40,old
20,0.0834712982177734,0.09057735796516299,PBPF,cracker_scene1,40,old
21,0.0878362655639648,0.0905826472493162,PBPF,cracker_scene1,40,old
22,0.0925912857055664,0.0903687789691989,PBPF,cracker_scene1,40,old
23,0.0968554019927978,0.09036820607001879,PBPF,cracker_scene1,40,old
24,0.1010966300964355,0.0903395182518575,PBPF,cracker_scene1,40,old
25,0.1054036617279052,0.0903281477948379,PBPF,cracker_scene1,40,old
26,0.1096267700195312,0.0903399033144596,PBPF,cracker_scene1,40,old
27,0.1141731739044189,0.09036302877208259,PBPF,cracker_scene1,40,old
28,0.1187877655029296,0.0903561560243783,PBPF,cracker_scene1,40,old
29,0.1231825351715087,0.09034676764489759,PBPF,cracker_scene1,40,old
30,0.1273887157440185,0.09034676764489759,PBPF,cracker_scene1,40,old
31,0.1317114830017089,0.0904830798957485,PBPF,cracker_scene1,40,old
32,0.1360318660736084,0.0904830798957485,PBPF,cracker_scene1,40,old
33,0.1402795314788818,0.0904830798957485,PBPF,cracker_scene1,40,old
34,0.144575834274292,0.0903543063716484,PBPF,cracker_scene1,40,old
35,0.149179458618164,0.0905858366768549,PBPF,cracker_scene1,40,old
36,0.1533296108245849,0.0905858366768549,PBPF,cracker_scene1,40,old
37,0.1575331687927246,0.0905858366768549,PBPF,cracker_scene1,40,old
38,0.1619365215301513,0.0905858366768549,PBPF,cracker_scene1,40,old
39,0.1668300628662109,0.0903457812814296,PBPF,cracker_scene1,40,old
40,0.17169189453125,0.09047640511867519,PBPF,cracker_scene1,40,old
41,0.1761772632598877,0.0906371924037807,PBPF,cracker_scene1,40,old
42,0.180678129196167,0.0904606840212904,PBPF,cracker_scene1,40,old
43,0.1848921775817871,0.09048355378141569,PBPF,cracker_scene1,40,old
44,0.1890428066253662,0.09048355378141569,PBPF,cracker_scene1,40,old
45,0.1932289600372314,0.09048355378141569,PBPF,cracker_scene1,40,old
46,0.1973841190338134,0.0906384551568035,PBPF,cracker_scene1,40,old
47,0.2015080451965332,0.0906384551568035,PBPF,cracker_scene1,40,old
48,0.2055931091308593,0.0906384551568035,PBPF,cracker_scene1,40,old
49,0.2099237442016601,0.0906302478189889,PBPF,cracker_scene1,40,old
50,0.2140183448791504,0.0906302478189889,PBPF,cracker_scene1,40,old
51,0.2188773155212402,0.0898137486977957,PBPF,cracker_scene1,40,old
52,0.2230806350708007,0.0898137486977957,PBPF,cracker_scene1,40,old
53,0.2274377346038818,0.08952244951382429,PBPF,cracker_scene1,40,old
54,0.2315726280212402,0.08952244951382429,PBPF,cracker_scene1,40,old
55,0.2357420921325683,0.08952244951382429,PBPF,cracker_scene1,40,old
56,0.240607738494873,0.0894766013810525,PBPF,cracker_scene1,40,old
57,0.2448089122772216,0.0894766013810525,PBPF,cracker_scene1,40,old
58,0.2491090297698974,0.0894083218778924,PBPF,cracker_scene1,40,old
59,0.2533245086669922,0.0894083218778924,PBPF,cracker_scene1,40,old
60,0.2573623657226562,0.0894083218778924,PBPF,cracker_scene1,40,old
61,0.2616007328033447,0.0891014475516819,PBPF,cracker_scene1,40,old
62,0.265636682510376,0.0891014475516819,PBPF,cracker_scene1,40,old
63,0.2699005603790283,0.08908867584893759,PBPF,cracker_scene1,40,old
64,0.2741997241973877,0.0886560926595041,PBPF,cracker_scene1,40,old
65,0.2785558700561523,0.0886560926595041,PBPF,cracker_scene1,40,old
66,0.2831764221191406,0.0886074198298286,PBPF,cracker_scene1,40,old
67,0.2873661518096924,0.0884071546567924,PBPF,cracker_scene1,40,old
68,0.2913260459899902,0.0884071546567924,PBPF,cracker_scene1,40,old
69,0.3095834255218506,0.08791156560121169,PBPF,cracker_scene1,40,old
70,0.3137507438659668,0.08791156560121169,PBPF,cracker_scene1,40,old
71,0.3181703090667724,0.08772519121218199,PBPF,cracker_scene1,40,old
72,0.3222589492797851,0.08750078191142209,PBPF,cracker_scene1,40,old
73,0.3263156414031982,0.08750078191142209,PBPF,cracker_scene1,40,old
74,0.3305854797363281,0.08750078191142209,PBPF,cracker_scene1,40,old
75,0.3348238468170166,0.08723801621939149,PBPF,cracker_scene1,40,old
76,0.3388750553131103,0.08723801621939149,PBPF,cracker_scene1,40,old
77,0.3432278633117676,0.0870301575006517,PBPF,cracker_scene1,40,old
78,0.3473730087280273,0.0870301575006517,PBPF,cracker_scene1,40,old
79,0.3518333435058594,0.0870301575006517,PBPF,cracker_scene1,40,old
80,0.3559448719024658,0.0870301575006517,PBPF,cracker_scene1,40,old
81,0.3601949214935303,0.07787584470225149,PBPF,cracker_scene1,40,old
82,0.3642756938934326,0.07787584470225149,PBPF,cracker_scene1,40,old
83,0.3685939311981201,0.07787584470225149,PBPF,cracker_scene1,40,old
84,0.3732028007507324,0.07738435257027189,PBPF,cracker_scene1,40,old
85,0.3775515556335449,0.0772600593591227,PBPF,cracker_scene1,40,old
86,0.3818175792694092,0.0772600593591227,PBPF,cracker_scene1,40,old
87,0.3863983154296875,0.07697408027498939,PBPF,cracker_scene1,40,old
88,0.390408992767334,0.07697408027498939,PBPF,cracker_scene1,40,old
89,0.3945596218109131,0.07697408027498939,PBPF,cracker_scene1,40,old
90,0.3987865447998047,0.07687327769672879,PBPF,cracker_scene1,40,old
91,0.4030084609985351,0.07687327769672879,PBPF,cracker_scene1,40,old
92,0.407090425491333,0.07687327769672879,PBPF,cracker_scene1,40,old
93,0.4113643169403076,0.076472196683954,PBPF,cracker_scene1,40,old
94,0.4157643318176269,0.0761793226758194,PBPF,cracker_scene1,40,old
95,0.4199259281158447,0.0761793226758194,PBPF,cracker_scene1,40,old
96,0.4240202903747558,0.0761793226758194,PBPF,cracker_scene1,40,old
97,0.4284007549285888,0.07590061079237069,PBPF,cracker_scene1,40,old
98,0.4329335689544678,0.075949224713525,PBPF,cracker_scene1,40,old
99,0.4369537830352783,0.075949224713525,PBPF,cracker_scene1,40,old
100,0.4412283897399902,0.075895942728938,PBPF,cracker_scene1,40,old
101,0.4455657005310058,0.075895942728938,PBPF,cracker_scene1,40,old
102,0.449763536453247,0.075895942728938,PBPF,cracker_scene1,40,old
103,0.4539029598236084,0.0756573476225243,PBPF,cracker_scene1,40,old
104,0.4578986167907715,0.0756573476225243,PBPF,cracker_scene1,40,old
105,0.4618029594421386,0.0756573476225243,PBPF,cracker_scene1,40,old
106,0.4658539295196533,0.0756573476225243,PBPF,cracker_scene1,40,old
107,0.4698853492736816,0.0756573476225243,PBPF,cracker_scene1,40,old
108,0.4741063117980957,0.0754162830482604,PBPF,cracker_scene1,40,old
109,0.4784631729125976,0.0754369971038056,PBPF,cracker_scene1,40,old
110,0.483076810836792,0.0754543284025344,PBPF,cracker_scene1,40,old
111,0.4872615337371826,0.07536443726808739,PBPF,cracker_scene1,40,old
112,0.4915997982025146,0.0748506067942744,PBPF,cracker_scene1,40,old
113,0.4960510730743408,0.0782606058805521,PBPF,cracker_scene1,40,old
114,0.4999747276306152,0.0782606058805521,PBPF,cracker_scene1,40,old
115,0.504040002822876,0.0782606058805521,PBPF,cracker_scene1,40,old
116,0.5081303119659424,0.0782606058805521,PBPF,cracker_scene1,40,old
117,0.5124015808105469,0.07782260315978119,PBPF,cracker_scene1,40,old
118,0.5166397094726562,0.0778274852558707,PBPF,cracker_scene1,40,old
119,0.5207633972167969,0.0778274852558707,PBPF,cracker_scene1,40,old
120,0.5249085426330566,0.0778274852558707,PBPF,cracker_scene1,40,old
121,0.5291211605072021,0.0778269210181341,PBPF,cracker_scene1,40,old
122,0.5335056781768799,0.0778269210181341,PBPF,cracker_scene1,40,old
123,0.5377151966094971,0.07768565477118759,PBPF,cracker_scene1,40,old
124,0.5422236919403076,0.0778366396684287,PBPF,cracker_scene1,40,old
125,0.5462846755981445,0.0778366396684287,PBPF,cracker_scene1,40,old
126,0.5503952503204346,0.07768611392083549,PBPF,cracker_scene1,40,old
127,0.5543785095214844,0.07768611392083549,PBPF,cracker_scene1,40,old
128,0.5585684776306152,0.0775451401925464,PBPF,cracker_scene1,40,old
129,0.5630178451538086,0.0775451401925464,PBPF,cracker_scene1,40,old
130,0.5670084953308105,0.0775451401925464,PBPF,cracker_scene1,40,old
131,0.5714068412780762,0.0772043778266974,PBPF,cracker_scene1,40,old
132,0.57550048828125,0.0772043778266974,PBPF,cracker_scene1,40,old
133,0.5797834396362305,0.0772043778266974,PBPF,cracker_scene1,40,old
134,0.5841574668884277,0.07684847714061069,PBPF,cracker_scene1,40,old
135,0.5882599353790283,0.07684847714061069,PBPF,cracker_scene1,40,old
136,0.5923473834991455,0.07684847714061069,PBPF,cracker_scene1,40,old
137,0.5964751243591309,0.07684847714061069,PBPF,cracker_scene1,40,old
138,0.6010763645172119,0.0764003909167874,PBPF,cracker_scene1,40,old
139,0.6051952838897705,0.0764003909167874,PBPF,cracker_scene1,40,old
140,0.6095867156982422,0.07623258489333459,PBPF,cracker_scene1,40,old
141,0.6137475967407227,0.0764430907735707,PBPF,cracker_scene1,40,old
142,0.6180565357208252,0.07630393605883849,PBPF,cracker_scene1,40,old
143,0.6221451759338379,0.07630393605883849,PBPF,cracker_scene1,40,old
144,0.6267802715301514,0.0759838262491295,PBPF,cracker_scene1,40,old
145,0.631007194519043,0.0759838262491295,PBPF,cracker_scene1,40,old
146,0.6354160308837891,0.0759589266308503,PBPF,cracker_scene1,40,old
147,0.6396117210388184,0.0759589266308503,PBPF,cracker_scene1,40,old
148,0.6437616348266602,0.0759589266308503,PBPF,cracker_scene1,40,old
149,0.6478302478790283,0.0759589266308503,PBPF,cracker_scene1,40,old
150,0.6522426605224609,0.0758489166286772,PBPF,cracker_scene1,40,old
151,0.6563096046447754,0.0758489166286772,PBPF,cracker_scene1,40,old
152,0.6607456207275391,0.0758820645271934,PBPF,cracker_scene1,40,old
153,0.6655645370483398,0.0754275758500791,PBPF,cracker_scene1,40,old
154,0.6697022914886475,0.0752694516522572,PBPF,cracker_scene1,40,old
155,0.6737837791442871,0.0752694516522572,PBPF,cracker_scene1,40,old
156,0.6778881549835205,0.0752694516522572,PBPF,cracker_scene1,40,old
157,0.682152271270752,0.0754839269623388,PBPF,cracker_scene1,40,old
158,0.6863043308258057,0.0751704773855897,PBPF,cracker_scene1,40,old
159,0.6903958320617676,0.0751704773855897,PBPF,cracker_scene1,40,old
160,0.694467306137085,0.0751704773855897,PBPF,cracker_scene1,40,old
161,0.69856858253479,0.0751704773855897,PBPF,cracker_scene1,40,old
162,0.7027401924133301,0.0751704773855897,PBPF,cracker_scene1,40,old
163,0.7075631618499756,0.07468533305865739,PBPF,cracker_scene1,40,old
164,0.711698055267334,0.07468533305865739,PBPF,cracker_scene1,40,old
165,0.7160093784332275,0.0745489862766969,PBPF,cracker_scene1,40,old
166,0.7203521728515625,0.0745543774299146,PBPF,cracker_scene1,40,old
167,0.7244410514831543,0.0743935291139589,PBPF,cracker_scene1,40,old
168,0.7287483215332031,0.0742920795196705,PBPF,cracker_scene1,40,old
169,0.7329840660095215,0.0742920795196705,PBPF,cracker_scene1,40,old
170,0.7370474338531494,0.0742920795196705,PBPF,cracker_scene1,40,old
171,0.7412495613098145,0.07416251426545259,PBPF,cracker_scene1,40,old
172,0.7457826137542725,0.07419533347026,PBPF,cracker_scene1,40,old
173,0.7500627040863037,0.07419533347026,PBPF,cracker_scene1,40,old
174,0.7542521953582764,0.07419533347026,PBPF,cracker_scene1,40,old
175,0.7584364414215088,0.07419533347026,PBPF,cracker_scene1,40,old
176,0.7628965377807617,0.07427519534312829,PBPF,cracker_scene1,40,old
177,0.7670440673828125,0.0740956342381636,PBPF,cracker_scene1,40,old
178,0.7711122035980225,0.0740956342381636,PBPF,cracker_scene1,40,old
179,0.7757859230041504,0.0734861268091408,PBPF,cracker_scene1,40,old
180,0.7801957130432129,0.0733600544972238,PBPF,cracker_scene1,40,old
181,0.7844090461730957,0.0731905323046464,PBPF,cracker_scene1,40,old
182,0.7885515689849854,0.0731905323046464,PBPF,cracker_scene1,40,old
183,0.7927920818328857,0.07305689051379559,PBPF,cracker_scene1,40,old
184,0.7971489429473877,0.0733095355400855,PBPF,cracker_scene1,40,old
185,0.8012316226959229,0.0733125219648718,PBPF,cracker_scene1,40,old
186,0.8054955005645752,0.0731728677278314,PBPF,cracker_scene1,40,old
187,0.8095917701721191,0.0731728677278314,PBPF,cracker_scene1,40,old
188,0.8139386177062988,0.0730270617704019,PBPF,cracker_scene1,40,old
189,0.8180770874023438,0.0755070444050565,PBPF,cracker_scene1,40,old
190,0.8222405910491943,0.075438306717643,PBPF,cracker_scene1,40,old
191,0.8265187740325928,0.07527611878399809,PBPF,cracker_scene1,40,old
192,0.8305695056915283,0.07527611878399809,PBPF,cracker_scene1,40,old
193,0.834789514541626,0.07527611878399809,PBPF,cracker_scene1,40,old
194,0.8388314247131348,0.07527611878399809,PBPF,cracker_scene1,40,old
195,0.8434221744537354,0.0752089433795948,PBPF,cracker_scene1,40,old
196,0.8475778102874756,0.0752089433795948,PBPF,cracker_scene1,40,old
197,0.8516879081726074,0.0752089433795948,PBPF,cracker_scene1,40,old
198,0.8561239242553711,0.07480365829833929,PBPF,cracker_scene1,40,old
199,0.8605389595031738,0.0747741467013144,PBPF,cracker_scene1,40,old
200,0.8645789623260498,0.0747741467013144,PBPF,cracker_scene1,40,old
201,0.8691067695617676,0.07454407246477379,PBPF,cracker_scene1,40,old
202,0.8732633590698242,0.07454407246477379,PBPF,cracker_scene1,40,old
203,0.8774187564849854,0.07454407246477379,PBPF,cracker_scene1,40,old
204,0.8818786144256592,0.07440043543202099,PBPF,cracker_scene1,40,old
205,0.8860390186309814,0.07440043543202099,PBPF,cracker_scene1,40,old
206,0.8902997970581055,0.0743167514972266,PBPF,cracker_scene1,40,old
207,0.8945047855377197,0.0743167514972266,PBPF,cracker_scene1,40,old
208,0.8986480236053467,0.0743167514972266,PBPF,cracker_scene1,40,old
209,0.9029803276062012,0.0743167514972266,PBPF,cracker_scene1,40,old
210,0.9071037769317628,0.0742172866115705,PBPF,cracker_scene1,40,old
211,0.911860466003418,0.0739795207980444,PBPF,cracker_scene1,40,old
212,0.9161086082458496,0.0741647652656539,PBPF,cracker_scene1,40,old
213,0.9203970432281494,0.07401874202990219,PBPF,cracker_scene1,40,old
214,0.9247233867645264,0.07401874202990219,PBPF,cracker_scene1,40,old
215,0.928924322128296,0.07379566243357169,PBPF,cracker_scene1,40,old
216,0.9333162307739258,0.07379566243357169,PBPF,cracker_scene1,40,old
217,0.9376909732818604,0.07341412113337879,PBPF,cracker_scene1,40,old
218,0.9417755603790284,0.07341412113337879,PBPF,cracker_scene1,40,old
219,0.9460408687591552,0.0735159800052178,PBPF,cracker_scene1,40,old
220,0.9502513408660888,0.0735159800052178,PBPF,cracker_scene1,40,old
221,0.9547653198242188,0.0732408231310282,PBPF,cracker_scene1,40,old
222,0.9588861465454102,0.0732408231310282,PBPF,cracker_scene1,40,old
223,0.9631869792938232,0.073040851473742,PBPF,cracker_scene1,40,old
224,0.9673576354980468,0.07305990883085729,PBPF,cracker_scene1,40,old
225,0.971472978591919,0.07305990883085729,PBPF,cracker_scene1,40,old
226,0.9755690097808838,0.07305990883085729,PBPF,cracker_scene1,40,old
227,0.9797093868255616,0.07305990883085729,PBPF,cracker_scene1,40,old
228,0.9839475154876708,0.07288123034162469,PBPF,cracker_scene1,40,old
229,0.988410472869873,0.07267714244945239,PBPF,cracker_scene1,40,old
230,0.9924924373626708,0.07267714244945239,PBPF,cracker_scene1,40,old
231,0.9968020915985109,0.0726578852724704,PBPF,cracker_scene1,40,old
232,1.000908374786377,0.0726578852724704,PBPF,cracker_scene1,40,old
233,1.0054199695587158,0.0726190685032926,PBPF,cracker_scene1,40,old
234,1.0098984241485596,0.07251139646478759,PBPF,cracker_scene1,40,old
235,1.0140562057495115,0.0724214984881224,PBPF,cracker_scene1,40,old
236,1.0184080600738523,0.0722233288194852,PBPF,cracker_scene1,40,old
237,1.0224993228912354,0.0722233288194852,PBPF,cracker_scene1,40,old
238,1.0270888805389404,0.0718988270055321,PBPF,cracker_scene1,40,old
239,1.031425952911377,0.0718988270055321,PBPF,cracker_scene1,40,old
240,1.0355768203735352,0.0718988270055321,PBPF,cracker_scene1,40,old
241,1.039825677871704,0.07171292227420879,PBPF,cracker_scene1,40,old
242,1.0439136028289795,0.07171292227420879,PBPF,cracker_scene1,40,old
243,1.0481157302856443,0.0715650118121256,PBPF,cracker_scene1,40,old
244,1.0523614883422852,0.0713852057542906,PBPF,cracker_scene1,40,old
245,1.056574821472168,0.0713852057542906,PBPF,cracker_scene1,40,old
246,1.060618877410889,0.0713852057542906,PBPF,cracker_scene1,40,old
247,1.0649967193603516,0.0714399134648021,PBPF,cracker_scene1,40,old
248,1.069108486175537,0.0714399134648021,PBPF,cracker_scene1,40,old
249,1.073302984237671,0.0711153171025096,PBPF,cracker_scene1,40,old
250,1.0775115489959717,0.07103407969499449,PBPF,cracker_scene1,40,old
251,1.0816600322723389,0.07103529649467259,PBPF,cracker_scene1,40,old
252,1.0860953330993652,0.0709430403842696,PBPF,cracker_scene1,40,old
253,1.0905303955078125,0.0709499934231277,PBPF,cracker_scene1,40,old
254,1.0948903560638428,0.0708714791804264,PBPF,cracker_scene1,40,old
255,1.0990676879882812,0.0710268370507891,PBPF,cracker_scene1,40,old
256,1.1034696102142334,0.0707280318385575,PBPF,cracker_scene1,40,old
257,1.1075093746185305,0.0707280318385575,PBPF,cracker_scene1,40,old
258,1.1115927696228027,0.0707280318385575,PBPF,cracker_scene1,40,old
259,1.115652322769165,0.07060693426508739,PBPF,cracker_scene1,40,old
260,1.120166540145874,0.0704802832206911,PBPF,cracker_scene1,40,old
261,1.1241965293884275,0.0704802832206911,PBPF,cracker_scene1,40,old
262,1.1285743713378906,0.0703355619432988,PBPF,cracker_scene1,40,old
263,1.1326744556427002,0.0703293807286183,PBPF,cracker_scene1,40,old
264,1.137122392654419,0.0702432076838114,PBPF,cracker_scene1,40,old
265,1.1412303447723389,0.0702432076838114,PBPF,cracker_scene1,40,old
266,1.145352125167847,0.0702432076838114,PBPF,cracker_scene1,40,old
267,1.149479866027832,0.0702369326081603,PBPF,cracker_scene1,40,old
268,1.1536133289337158,0.0702369326081603,PBPF,cracker_scene1,40,old
269,1.158027410507202,0.0698007815436114,PBPF,cracker_scene1,40,old
270,1.1624560356140137,0.069605694895345,PBPF,cracker_scene1,40,old
271,1.166597843170166,0.069605694895345,PBPF,cracker_scene1,40,old
272,1.170764684677124,0.0696078406713881,PBPF,cracker_scene1,40,old
273,1.175092697143555,0.0695159288798963,PBPF,cracker_scene1,40,old
274,1.1793015003204346,0.0696870488034545,PBPF,cracker_scene1,40,old
275,1.1834721565246582,0.0695421210351801,PBPF,cracker_scene1,40,old
276,1.1876955032348633,0.06922908207887529,PBPF,cracker_scene1,40,old
277,1.191697597503662,0.06922908207887529,PBPF,cracker_scene1,40,old
278,1.1957852840423584,0.06922908207887529,PBPF,cracker_scene1,40,old
279,1.1999483108520508,0.0692580598311915,PBPF,cracker_scene1,40,old
280,1.204057216644287,0.0691336264606749,PBPF,cracker_scene1,40,old
281,1.2080693244934082,0.0691336264606749,PBPF,cracker_scene1,40,old
282,1.2120978832244873,0.0691336264606749,PBPF,cracker_scene1,40,old
283,1.2167553901672363,0.0689472683464014,PBPF,cracker_scene1,40,old
284,1.2208662033081057,0.06894749282625359,PBPF,cracker_scene1,40,old
285,1.225217580795288,0.0688744134973707,PBPF,cracker_scene1,40,old
286,1.2294232845306396,0.0688744134973707,PBPF,cracker_scene1,40,old
287,1.233574390411377,0.0687675567757841,PBPF,cracker_scene1,40,old
288,1.2376725673675537,0.0687675567757841,PBPF,cracker_scene1,40,old
289,1.241776704788208,0.0686614468317255,PBPF,cracker_scene1,40,old
290,1.245960712432861,0.0686614468317255,PBPF,cracker_scene1,40,old
291,1.2503015995025637,0.0685610969322112,PBPF,cracker_scene1,40,old
292,1.2545428276062012,0.0685610969322112,PBPF,cracker_scene1,40,old
293,1.258771896362305,0.06843834528217149,PBPF,cracker_scene1,40,old
294,1.2629530429840088,0.06843834528217149,PBPF,cracker_scene1,40,old
295,1.267017126083374,0.06843834528217149,PBPF,cracker_scene1,40,old
296,1.271087884902954,0.06843834528217149,PBPF,cracker_scene1,40,old
297,1.2750773429870603,0.06843834528217149,PBPF,cracker_scene1,40,old
298,1.279118537902832,0.06843834528217149,PBPF,cracker_scene1,40,old
299,1.283656120300293,0.06823495194993069,PBPF,cracker_scene1,40,old
300,1.2880206108093262,0.0682129217661632,PBPF,cracker_scene1,40,old
301,1.2921347618103027,0.0682129217661632,PBPF,cracker_scene1,40,old
302,1.296447992324829,0.0695454008257411,PBPF,cracker_scene1,40,old
303,1.3006243705749512,0.0694711276111222,PBPF,cracker_scene1,40,old
304,1.3047168254852295,0.0694711276111222,PBPF,cracker_scene1,40,old
305,1.3089001178741455,0.0694097964216995,PBPF,cracker_scene1,40,old
306,1.313196897506714,0.0694097964216995,PBPF,cracker_scene1,40,old
307,1.3173432350158691,0.06930967074968569,PBPF,cracker_scene1,40,old
308,1.321382761001587,0.06930967074968569,PBPF,cracker_scene1,40,old
309,1.325511455535889,0.0693334926754797,PBPF,cracker_scene1,40,old
310,1.3299741744995115,0.0692318578423275,PBPF,cracker_scene1,40,old
311,1.3339512348175049,0.0692318578423275,PBPF,cracker_scene1,40,old
312,1.338148593902588,0.0692008677232062,PBPF,cracker_scene1,40,old
313,1.3424746990203855,0.0692008677232062,PBPF,cracker_scene1,40,old
314,1.346714973449707,0.0691993307036334,PBPF,cracker_scene1,40,old
315,1.3508172035217283,0.0690683036076391,PBPF,cracker_scene1,40,old
316,1.3549559116363523,0.0690683036076391,PBPF,cracker_scene1,40,old
317,1.3593196868896484,0.0690662497605765,PBPF,cracker_scene1,40,old
318,1.3633599281311035,0.0690662497605765,PBPF,cracker_scene1,40,old
319,1.367386817932129,0.0690662497605765,PBPF,cracker_scene1,40,old
320,1.3715488910675049,0.0690662497605765,PBPF,cracker_scene1,40,old
321,1.3760089874267578,0.0690124706242639,PBPF,cracker_scene1,40,old
322,1.3803467750549316,0.0690124706242639,PBPF,cracker_scene1,40,old
323,1.3846659660339355,0.0687831555816287,PBPF,cracker_scene1,40,old
324,1.3889238834381104,0.0687046748975926,PBPF,cracker_scene1,40,old
325,1.3933546543121338,0.0684302963331619,PBPF,cracker_scene1,40,old
326,1.3974242210388184,0.0684302963331619,PBPF,cracker_scene1,40,old
327,1.4014909267425537,0.0684302963331619,PBPF,cracker_scene1,40,old
328,1.4056012630462646,0.0684302963331619,PBPF,cracker_scene1,40,old
329,1.410069704055786,0.0682736197735319,PBPF,cracker_scene1,40,old
330,1.4142990112304688,0.0682736197735319,PBPF,cracker_scene1,40,old
331,1.4184794425964355,0.0681981041023961,PBPF,cracker_scene1,40,old
332,1.422562599182129,0.0681981041023961,PBPF,cracker_scene1,40,old
333,1.4272778034210205,0.0682333306022998,PBPF,cracker_scene1,40,old
334,1.4314372539520264,0.0682333306022998,PBPF,cracker_scene1,40,old
335,1.4358108043670654,0.0681293983570556,PBPF,cracker_scene1,40,old
336,1.43992280960083,0.06810124881069529,PBPF,cracker_scene1,40,old
337,1.444072961807251,0.06810124881069529,PBPF,cracker_scene1,40,old
338,1.4481801986694336,0.0680642314775195,PBPF,cracker_scene1,40,old
339,1.4523873329162598,0.0680642314775195,PBPF,cracker_scene1,40,old
340,1.4571354389190674,0.0687070548803055,PBPF,cracker_scene1,40,old
341,1.4612486362457275,0.0687070548803055,PBPF,cracker_scene1,40,old
342,1.4653191566467283,0.0687467047776478,PBPF,cracker_scene1,40,old
343,1.4696323871612549,0.0686655529721239,PBPF,cracker_scene1,40,old
344,1.473818063735962,0.0685435155543252,PBPF,cracker_scene1,40,old
345,1.4778971672058103,0.0685435155543252,PBPF,cracker_scene1,40,old
346,1.4821734428405762,0.0685435155543252,PBPF,cracker_scene1,40,old
347,1.486419916152954,0.0684487439182601,PBPF,cracker_scene1,40,old
348,1.4905312061309814,0.068431288227066,PBPF,cracker_scene1,40,old
349,1.4949042797088623,0.0682822600339365,PBPF,cracker_scene1,40,old
350,1.499077081680298,0.068366370374308,PBPF,cracker_scene1,40,old
351,1.5032241344451904,0.068366370374308,PBPF,cracker_scene1,40,old
352,1.5072615146636963,0.068366370374308,PBPF,cracker_scene1,40,old
353,1.5116045475006104,0.0681567468480766,PBPF,cracker_scene1,40,old
354,1.515721321105957,0.068266836538767,PBPF,cracker_scene1,40,old
355,1.5198664665222168,0.0680615734773521,PBPF,cracker_scene1,40,old
356,1.5242140293121338,0.0680615734773521,PBPF,cracker_scene1,40,old
357,1.5283761024475098,0.0680232046973914,PBPF,cracker_scene1,40,old
358,1.5325927734375,0.0679593785889242,PBPF,cracker_scene1,40,old
359,1.5367448329925537,0.0679551440830114,PBPF,cracker_scene1,40,old
360,1.540839672088623,0.0679551440830114,PBPF,cracker_scene1,40,old
361,1.545008659362793,0.0678914045305596,PBPF,cracker_scene1,40,old
362,1.5491831302642822,0.0678914045305596,PBPF,cracker_scene1,40,old
363,1.5535154342651367,0.0678558286000613,PBPF,cracker_scene1,40,old
364,1.5580620765686035,0.0678925167259065,PBPF,cracker_scene1,40,old
365,1.5623283386230469,0.0677274222118105,PBPF,cracker_scene1,40,old
366,1.5664727687835691,0.0677274222118105,PBPF,cracker_scene1,40,old
367,1.571001052856445,0.0676538621891128,PBPF,cracker_scene1,40,old
368,1.575063943862915,0.0676538621891128,PBPF,cracker_scene1,40,old
369,1.5794179439544678,0.0676847984452548,PBPF,cracker_scene1,40,old
370,1.583564043045044,0.0676847984452548,PBPF,cracker_scene1,40,old
371,1.5878095626831057,0.0676530752953664,PBPF,cracker_scene1,40,old
372,1.591982364654541,0.0676530752953664,PBPF,cracker_scene1,40,old
373,1.5960514545440674,0.0676530752953664,PBPF,cracker_scene1,40,old
374,1.600127935409546,0.0676530752953664,PBPF,cracker_scene1,40,old
375,1.6044063568115234,0.0676015774517643,PBPF,cracker_scene1,40,old
376,1.6089982986450195,0.07116359594819929,PBPF,cracker_scene1,40,old
377,1.6129915714263916,0.07116359594819929,PBPF,cracker_scene1,40,old
378,1.6174588203430176,0.0710911515776875,PBPF,cracker_scene1,40,old
379,1.6217575073242188,0.0710124368401118,PBPF,cracker_scene1,40,old
380,1.625932693481445,0.0710124368401118,PBPF,cracker_scene1,40,old
381,1.6300301551818848,0.07093471062219389,PBPF,cracker_scene1,40,old
382,1.6343286037445068,0.07093341612377049,PBPF,cracker_scene1,40,old
383,1.6384391784667969,0.0708661058587275,PBPF,cracker_scene1,40,old
384,1.6427626609802246,0.07086480145579589,PBPF,cracker_scene1,40,old
385,1.6472148895263672,0.0707975432645555,PBPF,cracker_scene1,40,old
386,1.6513206958770752,0.0707975432645555,PBPF,cracker_scene1,40,old
387,1.65563702583313,0.0708009030672786,PBPF,cracker_scene1,40,old
388,1.659780979156494,0.0708009030672786,PBPF,cracker_scene1,40,old
389,1.6637942790985107,0.0708009030672786,PBPF,cracker_scene1,40,old
390,1.6681113243103027,0.0708150799969022,PBPF,cracker_scene1,40,old
391,1.672142744064331,0.0708150799969022,PBPF,cracker_scene1,40,old
392,1.6762442588806152,0.0708150799969022,PBPF,cracker_scene1,40,old
393,1.6805965900421145,0.0705351917239551,PBPF,cracker_scene1,40,old
394,1.684596300125122,0.0705351917239551,PBPF,cracker_scene1,40,old
395,1.688671350479126,0.0705863478452061,PBPF,cracker_scene1,40,old
396,1.6930623054504397,0.0704894195715775,PBPF,cracker_scene1,40,old
397,1.697046995162964,0.0704894195715775,PBPF,cracker_scene1,40,old
398,1.701080560684204,0.0704894195715775,PBPF,cracker_scene1,40,old
399,1.7050201892852783,0.0704894195715775,PBPF,cracker_scene1,40,old
400,1.708986759185791,0.0704894195715775,PBPF,cracker_scene1,40,old
401,1.7131023406982422,0.0704797744381605,PBPF,cracker_scene1,40,old
402,1.7176637649536133,0.0704912489396225,PBPF,cracker_scene1,40,old
403,1.7217049598693848,0.0704912489396225,PBPF,cracker_scene1,40,old
404,1.7258827686309814,0.0704391886817404,PBPF,cracker_scene1,40,old
405,1.7301859855651855,0.0703333832700248,PBPF,cracker_scene1,40,old
406,1.7345519065856934,0.0703001657491061,PBPF,cracker_scene1,40,old
407,1.738727331161499,0.0703001657491061,PBPF,cracker_scene1,40,old
408,1.7430741786956787,0.07029407543171849,PBPF,cracker_scene1,40,old
409,1.7472312450408936,0.07029407543171849,PBPF,cracker_scene1,40,old
410,1.7515463829040527,0.07023119674163,PBPF,cracker_scene1,40,old
411,1.7557127475738523,0.07023119674163,PBPF,cracker_scene1,40,old
412,1.7599749565124512,0.0701743030697484,PBPF,cracker_scene1,40,old
413,1.764143466949463,0.0701743030697484,PBPF,cracker_scene1,40,old
414,1.769202470779419,0.0694333399658669,PBPF,cracker_scene1,40,old
415,1.7734737396240234,0.069412874486044,PBPF,cracker_scene1,40,old
416,1.7778494358062744,0.06941678417447329,PBPF,cracker_scene1,40,old
417,1.7819528579711914,0.0693971016941144,PBPF,cracker_scene1,40,old
418,1.7861626148223877,0.0693971016941144,PBPF,cracker_scene1,40,old
419,1.7905709743499756,0.0692805248029527,PBPF,cracker_scene1,40,old
420,1.7949552536010742,0.0692699366406109,PBPF,cracker_scene1,40,old
421,1.7991280555725098,0.0692699366406109,PBPF,cracker_scene1,40,old
422,1.8035757541656492,0.0692194808354209,PBPF,cracker_scene1,40,old
423,1.8077988624572756,0.0692194808354209,PBPF,cracker_scene1,40,old
424,1.8130345344543457,0.0692802827505145,PBPF,cracker_scene1,40,old
425,1.8180232048034668,0.0692802827505145,PBPF,cracker_scene1,40,old
426,1.8222641944885252,0.0691882477196615,PBPF,cracker_scene1,40,old
427,1.8263177871704104,0.0691882477196615,PBPF,cracker_scene1,40,old
428,1.8303816318511963,0.0691882477196615,PBPF,cracker_scene1,40,old
429,1.834536075592041,0.0691873009230512,PBPF,cracker_scene1,40,old
430,1.8387336730957031,0.0691841325725967,PBPF,cracker_scene1,40,old
431,1.842817068099976,0.0691841325725967,PBPF,cracker_scene1,40,old
432,1.8469750881195068,0.0691883104989633,PBPF,cracker_scene1,40,old
433,1.8510351181030276,0.0691883104989633,PBPF,cracker_scene1,40,old
434,1.85538387298584,0.0691938685945629,PBPF,cracker_scene1,40,old
435,1.8598833084106443,0.0691938685945629,PBPF,cracker_scene1,40,old
436,1.8642473220825195,0.06920100447743589,PBPF,cracker_scene1,40,old
437,1.8683717250823972,0.069206120947178,PBPF,cracker_scene1,40,old
438,1.8727552890777588,0.0690045026834134,PBPF,cracker_scene1,40,old
439,1.877115488052368,0.06899549896493799,PBPF,cracker_scene1,40,old
440,1.88128399848938,0.06899549896493799,PBPF,cracker_scene1,40,old
441,1.885434865951538,0.06899549896493799,PBPF,cracker_scene1,40,old
442,1.8901662826538088,0.0688193261232471,PBPF,cracker_scene1,40,old
443,1.8944330215454104,0.0687825315243841,PBPF,cracker_scene1,40,old
444,1.8984854221343996,0.0687825315243841,PBPF,cracker_scene1,40,old
445,1.9025747776031492,0.0687825315243841,PBPF,cracker_scene1,40,old
446,1.9067962169647217,0.0687825315243841,PBPF,cracker_scene1,40,old
447,1.9111647605896,0.0688062622339034,PBPF,cracker_scene1,40,old
448,1.915374517440796,0.0688062622339034,PBPF,cracker_scene1,40,old
449,1.919492483139038,0.0688062622339034,PBPF,cracker_scene1,40,old
450,1.9237375259399412,0.068735486881849,PBPF,cracker_scene1,40,old
451,1.928121566772461,0.0687104399229329,PBPF,cracker_scene1,40,old
452,1.932274341583252,0.0687104399229329,PBPF,cracker_scene1,40,old
453,1.936718463897705,0.0717648936711203,PBPF,cracker_scene1,40,old
454,1.9408025741577148,0.0717648936711203,PBPF,cracker_scene1,40,old
455,1.944915533065796,0.0717352036041176,PBPF,cracker_scene1,40,old
456,1.9490966796875,0.0716739201663552,PBPF,cracker_scene1,40,old
457,1.953340768814087,0.071666546365285,PBPF,cracker_scene1,40,old
458,1.957261323928833,0.071666546365285,PBPF,cracker_scene1,40,old
459,1.961583375930786,0.0715868005296485,PBPF,cracker_scene1,40,old
460,1.965664625167847,0.0715868005296485,PBPF,cracker_scene1,40,old
461,1.969781875610352,0.071582448794254,PBPF,cracker_scene1,40,old
462,1.9738736152648928,0.071582448794254,PBPF,cracker_scene1,40,old
463,1.97806978225708,0.071582448794254,PBPF,cracker_scene1,40,old
464,1.98236083984375,0.071582448794254,PBPF,cracker_scene1,40,old
465,1.9866135120391848,0.0715542528046917,PBPF,cracker_scene1,40,old
466,1.990934133529663,0.0715556945734747,PBPF,cracker_scene1,40,old
467,1.9950296878814695,0.0715556945734747,PBPF,cracker_scene1,40,old
468,1.9991769790649412,0.0715233245096889,PBPF,cracker_scene1,40,old
469,2.00322699546814,0.0715233245096889,PBPF,cracker_scene1,40,old
470,2.007387638092041,0.07152144216270209,PBPF,cracker_scene1,40,old
471,2.0115668773651123,0.07152144216270209,PBPF,cracker_scene1,40,old
472,2.0156614780426025,0.07152144216270209,PBPF,cracker_scene1,40,old
473,2.019770383834839,0.07152144216270209,PBPF,cracker_scene1,40,old
474,2.0238826274871826,0.07152144216270209,PBPF,cracker_scene1,40,old
475,2.028731346130371,0.0715135776355882,PBPF,cracker_scene1,40,old
476,2.0331780910491943,0.0713653819169482,PBPF,cracker_scene1,40,old
477,2.0374035835266118,0.0713995945795441,PBPF,cracker_scene1,40,old
478,2.041581630706787,0.0714114643367507,PBPF,cracker_scene1,40,old
479,2.0460262298583984,0.0713943041193981,PBPF,cracker_scene1,40,old
480,2.0499415397644043,0.0713898479351805,PBPF,cracker_scene1,40,old
481,2.054036855697632,0.0714040390677642,PBPF,cracker_scene1,40,old
482,2.058107376098633,0.0714040390677642,PBPF,cracker_scene1,40,old
483,2.062208652496338,0.0714040390677642,PBPF,cracker_scene1,40,old
484,2.0663537979125977,0.0714103862849772,PBPF,cracker_scene1,40,old
485,2.0708696842193604,0.0713494132824236,PBPF,cracker_scene1,40,old
486,2.075044631958008,0.0713494132824236,PBPF,cracker_scene1,40,old
487,2.079475879669189,0.0712960605067498,PBPF,cracker_scene1,40,old
488,2.0836217403411865,0.0712960605067498,PBPF,cracker_scene1,40,old
489,2.088026523590088,0.071289949608392,PBPF,cracker_scene1,40,old
490,2.0921525955200195,0.071289949608392,PBPF,cracker_scene1,40,old
491,2.096904993057251,0.0700035599968262,PBPF,cracker_scene1,40,old
492,2.100857973098755,0.0700035599968262,PBPF,cracker_scene1,40,old
493,2.104948043823242,0.0700035599968262,PBPF,cracker_scene1,40,old
494,2.1092729568481445,0.07022322997276499,PBPF,cracker_scene1,40,old
495,2.113502025604248,0.070220236921995,PBPF,cracker_scene1,40,old
496,2.1176013946533203,0.070220236921995,PBPF,cracker_scene1,40,old
497,2.122159242630005,0.0702473884475346,PBPF,cracker_scene1,40,old
498,2.12624454498291,0.0702473884475346,PBPF,cracker_scene1,40,old
499,2.130371570587158,0.0702473884475346,PBPF,cracker_scene1,40,old
500,2.1346445083618164,0.0702000986960338,PBPF,cracker_scene1,40,old
501,2.138983964920044,0.0701644375784604,PBPF,cracker_scene1,40,old
502,2.1430110931396484,0.0701644375784604,PBPF,cracker_scene1,40,old
503,2.14713454246521,0.0701285777894098,PBPF,cracker_scene1,40,old
504,2.1515002250671387,0.0701072792505955,PBPF,cracker_scene1,40,old
505,2.155571937561035,0.0701072792505955,PBPF,cracker_scene1,40,old
506,2.159658193588257,0.0700287946126374,PBPF,cracker_scene1,40,old
507,2.163880586624145,0.0700137040933862,PBPF,cracker_scene1,40,old
508,2.167920589447021,0.0700137040933862,PBPF,cracker_scene1,40,old
509,2.172201871871948,0.0700937336517807,PBPF,cracker_scene1,40,old
510,2.176299333572388,0.0700969856159068,PBPF,cracker_scene1,40,old
511,2.1805543899536133,0.0700896667315809,PBPF,cracker_scene1,40,old
512,2.1848549842834477,0.0700941250077728,PBPF,cracker_scene1,40,old
513,2.1890738010406494,0.0700941250077728,PBPF,cracker_scene1,40,old
514,2.193337202072144,0.0700749046496105,PBPF,cracker_scene1,40,old
515,2.1973953247070312,0.0701077872295178,PBPF,cracker_scene1,40,old
516,2.201446771621704,0.07008149016705689,PBPF,cracker_scene1,40,old
517,2.205915689468384,0.0700838438713918,PBPF,cracker_scene1,40,old
518,2.2099509239196777,0.0700536301862814,PBPF,cracker_scene1,40,old
519,2.21429443359375,0.0700162899688781,PBPF,cracker_scene1,40,old
520,2.218609094619751,0.0700405037342072,PBPF,cracker_scene1,40,old
521,2.2227377891540527,0.0700405037342072,PBPF,cracker_scene1,40,old
522,2.226923704147339,0.0700116407888752,PBPF,cracker_scene1,40,old
523,2.231224298477173,0.0700116407888752,PBPF,cracker_scene1,40,old
524,2.235238552093506,0.06990101345467249,PBPF,cracker_scene1,40,old
525,2.239468097686768,0.06990101345467249,PBPF,cracker_scene1,40,old
526,2.2436013221740723,0.06990857995755789,PBPF,cracker_scene1,40,old
527,2.247870683670044,0.06990857995755789,PBPF,cracker_scene1,40,old
528,2.252039670944214,0.0700162729417404,PBPF,cracker_scene1,40,old
529,2.256367444992065,0.0715226752752163,PBPF,cracker_scene1,40,old
530,2.260770559310913,0.0715206298506719,PBPF,cracker_scene1,40,old
531,2.2650725841522217,0.0715092324567807,PBPF,cracker_scene1,40,old
532,2.269444704055786,0.0715101099045526,PBPF,cracker_scene1,40,old
533,2.2735228538513184,0.0715101099045526,PBPF,cracker_scene1,40,old
534,2.277768850326538,0.0715264742320776,PBPF,cracker_scene1,40,old
535,2.2820756435394287,0.0715264742320776,PBPF,cracker_scene1,40,old
536,2.286340713500977,0.071417357381836,PBPF,cracker_scene1,40,old
537,2.290583848953247,0.071417357381836,PBPF,cracker_scene1,40,old
538,2.294818639755249,0.071417357381836,PBPF,cracker_scene1,40,old
539,2.299070358276367,0.0714456955557792,PBPF,cracker_scene1,40,old
540,2.3034019470214844,0.0714188581315813,PBPF,cracker_scene1,40,old
541,2.3076391220092773,0.0714188581315813,PBPF,cracker_scene1,40,old
542,2.31210994720459,0.071394345645009,PBPF,cracker_scene1,40,old
543,2.3162903785705566,0.071394345645009,PBPF,cracker_scene1,40,old
544,2.320692300796509,0.07145459484128319,PBPF,cracker_scene1,40,old
545,2.324612617492676,0.07145459484128319,PBPF,cracker_scene1,40,old
546,2.3290960788726807,0.0714237866572567,PBPF,cracker_scene1,40,old
547,2.333277702331543,0.0714237866572567,PBPF,cracker_scene1,40,old
548,2.337636232376098,0.07141415535173459,PBPF,cracker_scene1,40,old
549,2.341904878616333,0.0714173550101519,PBPF,cracker_scene1,40,old
550,2.346274852752685,0.0714152322965647,PBPF,cracker_scene1,40,old
551,2.3505139350891118,0.0714152322965647,PBPF,cracker_scene1,40,old
552,2.355145215988159,0.0714076567859669,PBPF,cracker_scene1,40,old
553,2.3593108654022217,0.0714929391413632,PBPF,cracker_scene1,40,old
554,2.36319351196289,0.0714929391413632,PBPF,cracker_scene1,40,old
555,2.3672170639038086,0.0714929391413632,PBPF,cracker_scene1,40,old
556,2.371493339538574,0.0714521688340374,PBPF,cracker_scene1,40,old
557,2.3755416870117188,0.0714386186201977,PBPF,cracker_scene1,40,old
558,2.380072593688965,0.07143679912688129,PBPF,cracker_scene1,40,old
559,2.3843953609466557,0.0714649627250446,PBPF,cracker_scene1,40,old
560,2.388824939727783,0.0714545727778641,PBPF,cracker_scene1,40,old
561,2.3928351402282715,0.0714545727778641,PBPF,cracker_scene1,40,old
562,2.397090196609497,0.0714545727778641,PBPF,cracker_scene1,40,old
563,2.4012413024902344,0.071316727517434,PBPF,cracker_scene1,40,old
564,2.4056718349456787,0.0714785820474286,PBPF,cracker_scene1,40,old
565,2.4100043773651123,0.0714785820474286,PBPF,cracker_scene1,40,old
566,2.414193630218506,0.0715007891606985,PBPF,cracker_scene1,40,old
567,2.418318271636963,0.0715007891606985,PBPF,cracker_scene1,40,old
568,2.4230313301086426,0.0708551086659581,PBPF,cracker_scene1,40,old
569,2.4272565841674805,0.0708394348657749,PBPF,cracker_scene1,40,old
570,2.43155288696289,0.0708394348657749,PBPF,cracker_scene1,40,old
571,2.435826063156128,0.0708394348657749,PBPF,cracker_scene1,40,old
572,2.439878463745117,0.0708394348657749,PBPF,cracker_scene1,40,old
573,2.4442830085754395,0.0708101854816479,PBPF,cracker_scene1,40,old
574,2.448564052581787,0.0708070245371526,PBPF,cracker_scene1,40,old
575,2.452840566635132,0.070800433000267,PBPF,cracker_scene1,40,old
576,2.4571645259857178,0.0708062922693607,PBPF,cracker_scene1,40,old
577,2.461410999298096,0.0708062922693607,PBPF,cracker_scene1,40,old
578,2.465611219406128,0.0708085733237121,PBPF,cracker_scene1,40,old
579,2.469879627227783,0.0708053204359007,PBPF,cracker_scene1,40,old
580,2.4742889404296875,0.0708520372794763,PBPF,cracker_scene1,40,old
581,2.47859525680542,0.0708520372794763,PBPF,cracker_scene1,40,old
582,2.482834577560425,0.0708520372794763,PBPF,cracker_scene1,40,old
583,2.4872243404388428,0.0708280383415546,PBPF,cracker_scene1,40,old
584,2.4913954734802246,0.0708280383415546,PBPF,cracker_scene1,40,old
585,2.495735883712769,0.0707801004204222,PBPF,cracker_scene1,40,old
586,2.500037908554077,0.0707801004204222,PBPF,cracker_scene1,40,old
587,2.50445818901062,0.0707810978246798,PBPF,cracker_scene1,40,old
588,2.508765935897827,0.0707810978246798,PBPF,cracker_scene1,40,old
589,2.512909412384033,0.0707810978246798,PBPF,cracker_scene1,40,old
590,2.517380475997925,0.0707612268626254,PBPF,cracker_scene1,40,old
591,2.521927118301392,0.0707553339648871,PBPF,cracker_scene1,40,old
592,2.5261833667755127,0.0707553339648871,PBPF,cracker_scene1,40,old
593,2.530576467514038,0.070733285910351,PBPF,cracker_scene1,40,old
594,2.534557342529297,0.070733285910351,PBPF,cracker_scene1,40,old
595,2.538928747177124,0.0707576294704067,PBPF,cracker_scene1,40,old
596,2.5433003902435303,0.0707576294704067,PBPF,cracker_scene1,40,old
597,2.5477585792541504,0.0707651023661653,PBPF,cracker_scene1,40,old
598,2.5523056983947754,0.0707582556590759,PBPF,cracker_scene1,40,old
599,2.556558847427368,0.0707582556590759,PBPF,cracker_scene1,40,old
600,2.5611088275909424,0.0707775778414243,PBPF,cracker_scene1,40,old
601,2.565114736557007,0.0707775778414243,PBPF,cracker_scene1,40,old
602,2.569129943847656,0.0707966671446939,PBPF,cracker_scene1,40,old
603,2.5735833644866943,0.0707966671446939,PBPF,cracker_scene1,40,old
604,2.57814621925354,0.0706344360554449,PBPF,cracker_scene1,40,old
605,2.582396507263184,0.0708534257437529,PBPF,cracker_scene1,40,old
606,2.586948871612549,0.07074418223113489,PBPF,cracker_scene1,40,old
607,2.591179609298706,0.07074418223113489,PBPF,cracker_scene1,40,old
608,2.595757484436035,0.0707772420179001,PBPF,cracker_scene1,40,old
609,2.6002509593963623,0.0707772420179001,PBPF,cracker_scene1,40,old
610,2.604509115219116,0.0707913718017968,PBPF,cracker_scene1,40,old
611,2.608565092086792,0.0707913718017968,PBPF,cracker_scene1,40,old
612,2.612621784210205,0.0708053424373907,PBPF,cracker_scene1,40,old
613,2.6166725158691406,0.0708053424373907,PBPF,cracker_scene1,40,old
614,2.621040344238281,0.07081512264614649,PBPF,cracker_scene1,40,old
615,2.625308036804199,0.0708102899935066,PBPF,cracker_scene1,40,old
616,2.629644632339477,0.0708176708441749,PBPF,cracker_scene1,40,old
617,2.6335930824279785,0.0708176708441749,PBPF,cracker_scene1,40,old
618,2.637788772583008,0.0707897804645579,PBPF,cracker_scene1,40,old
619,2.641944169998169,0.0707897804645579,PBPF,cracker_scene1,40,old
620,2.646136283874512,0.07078023835680419,PBPF,cracker_scene1,40,old
621,2.6504056453704834,0.0707822189214726,PBPF,cracker_scene1,40,old
622,2.654684543609619,0.0707797170632732,PBPF,cracker_scene1,40,old
623,2.658836603164673,0.0707797170632732,PBPF,cracker_scene1,40,old
624,2.6630802154541016,0.0708198843146302,PBPF,cracker_scene1,40,old
625,2.66709566116333,0.0708198843146302,PBPF,cracker_scene1,40,old
626,2.671506404876709,0.0709189305453242,PBPF,cracker_scene1,40,old
627,2.675588130950928,0.0709189305453242,PBPF,cracker_scene1,40,old
628,2.679931163787842,0.0709765820879667,PBPF,cracker_scene1,40,old
629,2.684124708175659,0.0709730364920952,PBPF,cracker_scene1,40,old
630,2.688387870788574,0.0709290925962866,PBPF,cracker_scene1,40,old
631,2.692603826522827,0.0709290925962866,PBPF,cracker_scene1,40,old
632,2.697040557861328,0.0709044002730424,PBPF,cracker_scene1,40,old
633,2.700988531112671,0.0709044002730424,PBPF,cracker_scene1,40,old
634,2.705388307571411,0.0709365171310481,PBPF,cracker_scene1,40,old
635,2.70945143699646,0.0709365171310481,PBPF,cracker_scene1,40,old
636,2.7137162685394287,0.0709955528975084,PBPF,cracker_scene1,40,old
637,2.717837333679199,0.0709955528975084,PBPF,cracker_scene1,40,old
638,2.7223615646362305,0.0710543178365721,PBPF,cracker_scene1,40,old
639,2.726466178894043,0.0710543178365721,PBPF,cracker_scene1,40,old
640,2.730919599533081,0.07108088524114489,PBPF,cracker_scene1,40,old
641,2.734992504119873,0.07108088524114489,PBPF,cracker_scene1,40,old
642,2.74000096321106,0.0723825819624664,PBPF,cracker_scene1,40,old
643,2.7461931705474854,0.0723320959654444,PBPF,cracker_scene1,40,old
644,2.751028299331665,0.0723320959654444,PBPF,cracker_scene1,40,old
645,2.75573992729187,0.0723689838508846,PBPF,cracker_scene1,40,old
646,2.760090112686157,0.0724348221656228,PBPF,cracker_scene1,40,old
647,2.764334201812744,0.0724348221656228,PBPF,cracker_scene1,40,old
648,2.7687737941741943,0.0724684224136735,PBPF,cracker_scene1,40,old
649,2.773235559463501,0.0724684224136735,PBPF,cracker_scene1,40,old
650,2.7777490615844727,0.07247632550555119,PBPF,cracker_scene1,40,old
651,2.782017230987549,0.07247632550555119,PBPF,cracker_scene1,40,old
652,2.7864909172058105,0.0725095632152418,PBPF,cracker_scene1,40,old
653,2.790436029434204,0.0725095632152418,PBPF,cracker_scene1,40,old
654,2.794552803039551,0.0725661025244883,PBPF,cracker_scene1,40,old
655,2.798502922058105,0.0725661025244883,PBPF,cracker_scene1,40,old
656,2.802604913711548,0.0726624096766525,PBPF,cracker_scene1,40,old
657,2.8065574169158936,0.0726624096766525,PBPF,cracker_scene1,40,old
658,2.8104615211486816,0.0726624096766525,PBPF,cracker_scene1,40,old
659,2.8145623207092285,0.07270745926488989,PBPF,cracker_scene1,40,old
660,2.81923770904541,0.07270745926488989,PBPF,cracker_scene1,40,old
661,2.8233230113983154,0.07270745926488989,PBPF,cracker_scene1,40,old
662,2.8277297019958496,0.07274235071539399,PBPF,cracker_scene1,40,old
663,2.831852674484253,0.0727790050470717,PBPF,cracker_scene1,40,old
664,2.836055278778076,0.0727790050470717,PBPF,cracker_scene1,40,old
665,2.8404481410980225,0.0727997206264614,PBPF,cracker_scene1,40,old
666,2.844642400741577,0.0727997206264614,PBPF,cracker_scene1,40,old
667,2.84909462928772,0.07282697186702719,PBPF,cracker_scene1,40,old
668,2.853412628173828,0.07282697186702719,PBPF,cracker_scene1,40,old
669,2.857732057571411,0.0729090615078883,PBPF,cracker_scene1,40,old
670,2.861837148666382,0.0729090615078883,PBPF,cracker_scene1,40,old
671,2.865987539291382,0.0729090615078883,PBPF,cracker_scene1,40,old
672,2.870326519012451,0.072911863807057,PBPF,cracker_scene1,40,old
673,2.8745076656341557,0.072911863807057,PBPF,cracker_scene1,40,old
674,2.878812313079834,0.0729529187727198,PBPF,cracker_scene1,40,old
675,2.8831746578216557,0.0729553137357061,PBPF,cracker_scene1,40,old
676,2.887321949005127,0.0729553137357061,PBPF,cracker_scene1,40,old
677,2.89180850982666,0.0729553137357061,PBPF,cracker_scene1,40,old
678,2.896004199981689,0.07297826177515869,PBPF,cracker_scene1,40,old
679,2.9001924991607666,0.07297826177515869,PBPF,cracker_scene1,40,old
680,2.9044883251190186,0.07295357550477459,PBPF,cracker_scene1,40,old
681,2.9089972972869877,0.069593484881548,PBPF,cracker_scene1,40,old
682,2.9131863117218018,0.0696427283988948,PBPF,cracker_scene1,40,old
683,2.9174039363861084,0.0696427283988948,PBPF,cracker_scene1,40,old
684,2.921462297439575,0.0696427283988948,PBPF,cracker_scene1,40,old
685,2.9259212017059326,0.0696716999590612,PBPF,cracker_scene1,40,old
686,2.9300456047058105,0.0696716999590612,PBPF,cracker_scene1,40,old
687,2.9342525005340576,0.0696716999590612,PBPF,cracker_scene1,40,old
688,2.938577651977539,0.0696626680272915,PBPF,cracker_scene1,40,old
689,2.9427804946899414,0.0696626680272915,PBPF,cracker_scene1,40,old
690,2.947042465209961,0.0696299764340508,PBPF,cracker_scene1,40,old
691,2.951364517211914,0.0696299764340508,PBPF,cracker_scene1,40,old
692,2.955547571182251,0.0696357614067587,PBPF,cracker_scene1,40,old
693,2.959568977355957,0.0696357614067587,PBPF,cracker_scene1,40,old
694,2.963932514190674,0.0696357614067587,PBPF,cracker_scene1,40,old
695,2.9682061672210693,0.06969152220523289,PBPF,cracker_scene1,40,old
696,2.972609281539917,0.069741934969155,PBPF,cracker_scene1,40,old
697,2.97704815864563,0.0697691347996407,PBPF,cracker_scene1,40,old
698,2.9814419746398926,0.0697691347996407,PBPF,cracker_scene1,40,old
699,2.985815525054932,0.06975229284425649,PBPF,cracker_scene1,40,old
700,2.989933490753174,0.06975229284425649,PBPF,cracker_scene1,40,old
701,2.994138479232788,0.069766757494392,PBPF,cracker_scene1,40,old
702,2.998318910598755,0.069766757494392,PBPF,cracker_scene1,40,old
703,3.002584218978882,0.0697501199788795,PBPF,cracker_scene1,40,old
704,3.0067052841186523,0.0697501199788795,PBPF,cracker_scene1,40,old
705,3.010985851287842,0.0697366842228994,PBPF,cracker_scene1,40,old
706,3.01514196395874,0.0697366842228994,PBPF,cracker_scene1,40,old
707,3.019614219665528,0.0697301837872807,PBPF,cracker_scene1,40,old
708,3.0236525535583496,0.0697301837872807,PBPF,cracker_scene1,40,old
709,3.0278890132904053,0.0697544722228179,PBPF,cracker_scene1,40,old
710,3.031922578811645,0.0697544722228179,PBPF,cracker_scene1,40,old
711,3.036051988601685,0.0697489078692379,PBPF,cracker_scene1,40,old
712,3.040419578552246,0.0697489078692379,PBPF,cracker_scene1,40,old
713,3.0445556640625,0.0697448426390137,PBPF,cracker_scene1,40,old
714,3.0488831996917725,0.0697448426390137,PBPF,cracker_scene1,40,old
715,3.0530059337615967,0.0697448426390137,PBPF,cracker_scene1,40,old
716,3.057408809661865,0.0697035243154446,PBPF,cracker_scene1,40,old
717,3.0619046688079834,0.0696990898436245,PBPF,cracker_scene1,40,old
718,3.066265821456909,0.0693090037982091,PBPF,cracker_scene1,40,old
719,3.0705506801605225,0.06930385532216089,PBPF,cracker_scene1,40,old
720,3.074582099914551,0.06930385532216089,PBPF,cracker_scene1,40,old
721,3.0788981914520264,0.0693161993986925,PBPF,cracker_scene1,40,old
722,3.0832676887512207,0.0693161993986925,PBPF,cracker_scene1,40,old
723,3.0876340866088867,0.0693230166161249,PBPF,cracker_scene1,40,old
724,3.091692924499512,0.0693211444452528,PBPF,cracker_scene1,40,old
725,3.095946788787842,0.069322524007026,PBPF,cracker_scene1,40,old
726,3.1000657081604004,0.069322524007026,PBPF,cracker_scene1,40,old
727,3.1043126583099365,0.0693196333294818,PBPF,cracker_scene1,40,old
728,3.1084985733032227,0.0693196333294818,PBPF,cracker_scene1,40,old
729,3.112813949584961,0.0693178887809491,PBPF,cracker_scene1,40,old
730,3.116950750350952,0.0693178887809491,PBPF,cracker_scene1,40,old
731,3.1215100288391118,0.0693276531080675,PBPF,cracker_scene1,40,old
732,3.1255290508270264,0.0693276531080675,PBPF,cracker_scene1,40,old
733,3.1300151348114014,0.0693259071154045,PBPF,cracker_scene1,40,old
734,3.1340718269348145,0.0692803248950683,PBPF,cracker_scene1,40,old
735,3.138326644897461,0.0692803248950683,PBPF,cracker_scene1,40,old
736,3.142300605773926,0.0692803248950683,PBPF,cracker_scene1,40,old
737,3.146657705307007,0.0693104036566977,PBPF,cracker_scene1,40,old
738,3.151043653488159,0.069302839710739,PBPF,cracker_scene1,40,old
739,3.1553597450256348,0.069302839710739,PBPF,cracker_scene1,40,old
740,3.1596009731292725,0.0692884032082664,PBPF,cracker_scene1,40,old
741,3.1637332439422607,0.0692884032082664,PBPF,cracker_scene1,40,old
742,3.167818069458008,0.0692844399846858,PBPF,cracker_scene1,40,old
743,3.172226905822754,0.06927655855730559,PBPF,cracker_scene1,40,old
744,3.1763415336608887,0.0692792120721767,PBPF,cracker_scene1,40,old
745,3.1806485652923584,0.0692792120721767,PBPF,cracker_scene1,40,old
746,3.1849753856658936,0.0692892204785495,PBPF,cracker_scene1,40,old
747,3.1891872882843018,0.0692892204785495,PBPF,cracker_scene1,40,old
748,3.1933515071868896,0.0692951578718146,PBPF,cracker_scene1,40,old
749,3.1975860595703125,0.0692885546773942,PBPF,cracker_scene1,40,old
750,3.201874256134033,0.0692836533140099,PBPF,cracker_scene1,40,old
751,3.205973625183105,0.0692836533140099,PBPF,cracker_scene1,40,old
752,3.2102503776550293,0.0692782815730443,PBPF,cracker_scene1,40,old
753,3.2144463062286377,0.0692782815730443,PBPF,cracker_scene1,40,old
754,3.2189137935638428,0.0692782815730443,PBPF,cracker_scene1,40,old
755,3.2229175567626958,0.0692855639894435,PBPF,cracker_scene1,40,old
756,3.227102041244507,0.0692731646462308,PBPF,cracker_scene1,40,old
757,3.2313387393951416,0.0692731646462308,PBPF,cracker_scene1,40,old
758,3.235625028610229,0.0692837645791444,PBPF,cracker_scene1,40,old
759,3.2397375106811523,0.0692837645791444,PBPF,cracker_scene1,40,old
760,3.2440102100372314,0.0692798117469292,PBPF,cracker_scene1,40,old
761,3.248131513595581,0.0692798117469292,PBPF,cracker_scene1,40,old
762,3.252539873123169,0.0692876983671922,PBPF,cracker_scene1,40,old
763,3.2564966678619385,0.0692876983671922,PBPF,cracker_scene1,40,old
764,3.260748863220215,0.0692775764516508,PBPF,cracker_scene1,40,old
765,3.2646677494049072,0.0692775764516508,PBPF,cracker_scene1,40,old
766,3.2687783241271973,0.0692775764516508,PBPF,cracker_scene1,40,old
767,3.2729310989379883,0.0692445291925082,PBPF,cracker_scene1,40,old
768,3.2770791053771973,0.0692859128288339,PBPF,cracker_scene1,40,old
769,3.2817187309265137,0.0692859128288339,PBPF,cracker_scene1,40,old
770,3.2860991954803467,0.0692805189340311,PBPF,cracker_scene1,40,old
771,3.2902276515960693,0.0692805189340311,PBPF,cracker_scene1,40,old
772,3.294555902481079,0.069276369357357,PBPF,cracker_scene1,40,old
773,3.2986092567443848,0.069276369357357,PBPF,cracker_scene1,40,old
774,3.3029093742370605,0.06928521419676979,PBPF,cracker_scene1,40,old
775,3.307016372680664,0.06928521419676979,PBPF,cracker_scene1,40,old
776,3.3114047050476074,0.0692862276395262,PBPF,cracker_scene1,40,old
777,3.315653085708618,0.0692862276395262,PBPF,cracker_scene1,40,old
778,3.319988489151001,0.0692756052106805,PBPF,cracker_scene1,40,old
779,3.324186086654663,0.0692685747788296,PBPF,cracker_scene1,40,old
780,3.3285839557647705,0.06927180218251029,PBPF,cracker_scene1,40,old
781,3.3325905799865723,0.06927180218251029,PBPF,cracker_scene1,40,old
782,3.336923360824585,0.06927263314215369,PBPF,cracker_scene1,40,old
783,3.3409998416900635,0.06927263314215369,PBPF,cracker_scene1,40,old
784,3.3452885150909424,0.0692695218881987,PBPF,cracker_scene1,40,old
785,3.349371671676636,0.0692695218881987,PBPF,cracker_scene1,40,old
786,3.3537631034851074,0.0692671862969281,PBPF,cracker_scene1,40,old
787,3.3578977584838867,0.0692671862969281,PBPF,cracker_scene1,40,old
788,3.3624658584594727,0.0692779524943768,PBPF,cracker_scene1,40,old
789,3.366488456726074,0.0692779524943768,PBPF,cracker_scene1,40,old
790,3.3707430362701416,0.0692814411400477,PBPF,cracker_scene1,40,old
791,3.374756097793579,0.0692814411400477,PBPF,cracker_scene1,40,old
792,3.3791251182556152,0.0692766175347686,PBPF,cracker_scene1,40,old
793,3.3834996223449707,0.0692766175347686,PBPF,cracker_scene1,40,old
794,3.387758016586304,0.06927237403052759,PBPF,cracker_scene1,40,old
795,3.392040491104126,0.0692731340194128,PBPF,cracker_scene1,40,old
796,3.3962535858154297,0.0692731340194128,PBPF,cracker_scene1,40,old
797,3.400564670562744,0.0692689156323277,PBPF,cracker_scene1,40,old
798,3.4049324989318848,0.0692650341148887,PBPF,cracker_scene1,40,old
799,3.408937454223633,0.0692650341148887,PBPF,cracker_scene1,40,old
800,3.4133167266845703,0.0692667621601188,PBPF,cracker_scene1,40,old
801,3.41739273071289,0.0692776268033028,PBPF,cracker_scene1,40,old
802,3.421696424484253,0.0692776268033028,PBPF,cracker_scene1,40,old
803,3.4257891178131104,0.0692776268033028,PBPF,cracker_scene1,40,old
804,3.4302146434783936,0.06927189075403149,PBPF,cracker_scene1,40,old
805,3.434311389923096,0.0692336219157312,PBPF,cracker_scene1,40,old
806,3.4385571479797363,0.0692336219157312,PBPF,cracker_scene1,40,old
807,3.442673683166504,0.0692385522319177,PBPF,cracker_scene1,40,old
808,3.446863174438477,0.0692385522319177,PBPF,cracker_scene1,40,old
809,3.45132064819336,0.0692354545947356,PBPF,cracker_scene1,40,old
810,3.4555983543396,0.0692354545947356,PBPF,cracker_scene1,40,old
811,3.459814071655273,0.0692354545947356,PBPF,cracker_scene1,40,old
812,3.4640920162200928,0.0692371409994926,PBPF,cracker_scene1,40,old
813,3.4682114124298096,0.0692700597541314,PBPF,cracker_scene1,40,old
814,3.472416877746582,0.0692700597541314,PBPF,cracker_scene1,40,old
815,3.4767091274261475,0.0692713225865873,PBPF,cracker_scene1,40,old
816,3.480929374694824,0.0692713225865873,PBPF,cracker_scene1,40,old
817,3.485291004180908,0.0692601319096163,PBPF,cracker_scene1,40,old
818,3.489248514175415,0.0692601319096163,PBPF,cracker_scene1,40,old
819,3.4933879375457764,0.0692723938860664,PBPF,cracker_scene1,40,old
820,3.4973247051239014,0.0692723938860664,PBPF,cracker_scene1,40,old
821,3.5014753341674805,0.06926303071093799,PBPF,cracker_scene1,40,old
822,3.505392074584961,0.06926303071093799,PBPF,cracker_scene1,40,old
823,3.5094289779663086,0.0692613998456058,PBPF,cracker_scene1,40,old
824,3.514117479324341,0.0692613998456058,PBPF,cracker_scene1,40,old
825,3.518392562866211,0.0692728736986955,PBPF,cracker_scene1,40,old
826,3.5226848125457764,0.0692728736986955,PBPF,cracker_scene1,40,old
827,3.526801347732544,0.0692669454534262,PBPF,cracker_scene1,40,old
828,3.531070709228516,0.0692669454534262,PBPF,cracker_scene1,40,old
829,3.5352463722229004,0.0692854341596269,PBPF,cracker_scene1,40,old
830,3.5393786430358887,0.0692854341596269,PBPF,cracker_scene1,40,old
831,3.543649673461914,0.0692965734017874,PBPF,cracker_scene1,40,old
832,3.5477445125579834,0.0692965734017874,PBPF,cracker_scene1,40,old
833,3.552255153656006,0.0692733782602199,PBPF,cracker_scene1,40,old
834,3.556454658508301,0.0692733782602199,PBPF,cracker_scene1,40,old
835,3.560614824295044,0.0693165013743221,PBPF,cracker_scene1,40,old
836,3.5648250579833984,0.0693165013743221,PBPF,cracker_scene1,40,old
837,3.568969964981079,0.0693202049836539,PBPF,cracker_scene1,40,old
838,3.5732014179229736,0.0693202049836539,PBPF,cracker_scene1,40,old
839,3.5773608684539795,0.0692513288702715,PBPF,cracker_scene1,40,old
840,3.5815887451171875,0.0692513288702715,PBPF,cracker_scene1,40,old
841,3.5862221717834477,0.06925066186858769,PBPF,cracker_scene1,40,old
842,3.5902175903320312,0.06925066186858769,PBPF,cracker_scene1,40,old
843,3.594613075256348,0.0692560461780302,PBPF,cracker_scene1,40,old
844,3.598667621612549,0.0692560461780302,PBPF,cracker_scene1,40,old
845,3.6031224727630615,0.0692763586588462,PBPF,cracker_scene1,40,old
846,3.6071953773498535,0.0692763586588462,PBPF,cracker_scene1,40,old
847,3.611093521118164,0.0692763586588462,PBPF,cracker_scene1,40,old
848,3.615156173706055,0.0692763586588462,PBPF,cracker_scene1,40,old
849,3.619459867477417,0.0692656687481594,PBPF,cracker_scene1,40,old
850,3.623914957046509,0.0692633571558627,PBPF,cracker_scene1,40,old
851,3.628095149993897,0.0692633571558627,PBPF,cracker_scene1,40,old
852,3.632311820983887,0.0692388967985598,PBPF,cracker_scene1,40,old
853,3.636521577835083,0.0692388967985598,PBPF,cracker_scene1,40,old
854,3.640766859054565,0.06924460945898289,PBPF,cracker_scene1,40,old
855,3.64516544342041,0.06924460945898289,PBPF,cracker_scene1,40,old
856,3.649229049682617,0.06924460945898289,PBPF,cracker_scene1,40,old
857,3.653553009033203,0.0692202268164175,PBPF,cracker_scene1,40,old
858,3.65766191482544,0.0692202268164175,PBPF,cracker_scene1,40,old
859,3.662142276763916,0.069174422507531,PBPF,cracker_scene1,40,old
860,3.666750907897949,0.069174422507531,PBPF,cracker_scene1,40,old
861,3.6710803508758554,0.0691746873834655,PBPF,cracker_scene1,40,old
862,3.6751437187194815,0.0691545611033319,PBPF,cracker_scene1,40,old
863,3.6796586513519287,0.0691633032955126,PBPF,cracker_scene1,40,old
864,3.684049129486084,0.0691633032955126,PBPF,cracker_scene1,40,old
865,3.688493251800537,0.0691494475599355,PBPF,cracker_scene1,40,old
866,3.6927335262298575,0.0691494475599355,PBPF,cracker_scene1,40,old
867,3.6971399784088135,0.0691411755182469,PBPF,cracker_scene1,40,old
868,3.7018442153930655,0.070088285578563,PBPF,cracker_scene1,40,old
869,3.706080198287964,0.07009647544645829,PBPF,cracker_scene1,40,old
870,3.7105345726013184,0.0700986167612665,PBPF,cracker_scene1,40,old
871,3.714851140975952,0.0700872850103778,PBPF,cracker_scene1,40,old
872,3.7195303440094,0.0700580928315461,PBPF,cracker_scene1,40,old
873,3.723769187927246,0.070061668582646,PBPF,cracker_scene1,40,old
874,3.7281455993652335,0.070061668582646,PBPF,cracker_scene1,40,old
875,3.732517957687378,0.0700615647290052,PBPF,cracker_scene1,40,old
876,3.7368826866149902,0.0700256087862186,PBPF,cracker_scene1,40,old
877,3.7411465644836426,0.0700017512286741,PBPF,cracker_scene1,40,old
878,3.745518922805786,0.0699925942163301,PBPF,cracker_scene1,40,old
879,3.749915838241577,0.0699925942163301,PBPF,cracker_scene1,40,old
880,3.754213571548462,0.0699925942163301,PBPF,cracker_scene1,40,old
881,3.758586645126343,0.0699491213648166,PBPF,cracker_scene1,40,old
882,3.762809991836548,0.0699447761048876,PBPF,cracker_scene1,40,old
883,3.767220973968506,0.0699531167183343,PBPF,cracker_scene1,40,old
884,3.771901845932007,0.0699203663886392,PBPF,cracker_scene1,40,old
885,3.7765955924987793,0.0699681786613307,PBPF,cracker_scene1,40,old
886,3.781186819076538,0.0699561539635567,PBPF,cracker_scene1,40,old
887,3.7860093116760254,0.0699818721718823,PBPF,cracker_scene1,40,old
888,3.790144205093384,0.0699818721718823,PBPF,cracker_scene1,40,old
889,3.794399499893189,0.0699658932296312,PBPF,cracker_scene1,40,old
890,3.7988247871398926,0.0699658932296312,PBPF,cracker_scene1,40,old
891,3.80317759513855,0.0699768606140134,PBPF,cracker_scene1,40,old
892,3.80737829208374,0.0699768606140134,PBPF,cracker_scene1,40,old
893,3.811861515045166,0.0699323748992562,PBPF,cracker_scene1,40,old
894,3.816157102584839,0.0699323748992562,PBPF,cracker_scene1,40,old
895,3.8204245567321777,0.06988605903675729,PBPF,cracker_scene1,40,old
896,3.8246448040008554,0.06988605903675729,PBPF,cracker_scene1,40,old
897,3.829488277435303,0.0698712323683999,PBPF,cracker_scene1,40,old
898,3.833555221557617,0.0698712323683999,PBPF,cracker_scene1,40,old
899,3.838096618652344,0.0698621234912342,PBPF,cracker_scene1,40,old
900,3.842069387435913,0.0698621234912342,PBPF,cracker_scene1,40,old
901,3.8467297554016113,0.0698334883074977,PBPF,cracker_scene1,40,old
902,3.850942850112915,0.0698635410406757,PBPF,cracker_scene1,40,old
903,3.8552677631378174,0.0698635410406757,PBPF,cracker_scene1,40,old
904,3.859431743621826,0.0698541321686376,PBPF,cracker_scene1,40,old
905,3.864023208618164,0.0709520198936521,PBPF,cracker_scene1,40,old
906,3.868298053741455,0.07095841305798099,PBPF,cracker_scene1,40,old
907,3.872540235519409,0.0709429906981662,PBPF,cracker_scene1,40,old
908,3.8767940998077393,0.0709232066290774,PBPF,cracker_scene1,40,old
909,3.88098406791687,0.0709232066290774,PBPF,cracker_scene1,40,old
910,3.8851723670959473,0.0709420666677439,PBPF,cracker_scene1,40,old
911,3.889364242553711,0.0709420666677439,PBPF,cracker_scene1,40,old
912,3.8936092853546143,0.0709432565780203,PBPF,cracker_scene1,40,old
913,3.897782802581787,0.0709432565780203,PBPF,cracker_scene1,40,old
914,3.901965379714966,0.0709440159026669,PBPF,cracker_scene1,40,old
915,3.9061295986175537,0.0709440159026669,PBPF,cracker_scene1,40,old
916,3.910267353057861,0.0709521720246515,PBPF,cracker_scene1,40,old
917,3.914440631866455,0.0709521720246515,PBPF,cracker_scene1,40,old
918,3.918734550476074,0.0709157193445673,PBPF,cracker_scene1,40,old
919,3.922909259796143,0.0709157193445673,PBPF,cracker_scene1,40,old
920,3.927105188369751,0.0708523418752519,PBPF,cracker_scene1,40,old
921,3.931436061859131,0.0708523418752519,PBPF,cracker_scene1,40,old
922,3.935692071914673,0.0708245712125839,PBPF,cracker_scene1,40,old
923,3.939796209335327,0.0708245712125839,PBPF,cracker_scene1,40,old
924,3.944140911102295,0.0708491257938822,PBPF,cracker_scene1,40,old
925,3.948240280151367,0.0708491257938822,PBPF,cracker_scene1,40,old
926,3.9525437355041504,0.0708645208193261,PBPF,cracker_scene1,40,old
927,3.9564850330352783,0.0708645208193261,PBPF,cracker_scene1,40,old
928,3.960603475570679,0.07076579651068,PBPF,cracker_scene1,40,old
929,3.964574098587036,0.07076579651068,PBPF,cracker_scene1,40,old
930,3.968660354614258,0.0708230124422716,PBPF,cracker_scene1,40,old
931,3.97294282913208,0.0708230124422716,PBPF,cracker_scene1,40,old
932,3.977130651473999,0.07082595277494069,PBPF,cracker_scene1,40,old
933,3.981392145156861,0.07082595277494069,PBPF,cracker_scene1,40,old
934,3.9857852458953857,0.07083654559406209,PBPF,cracker_scene1,40,old
935,3.989863634109497,0.07083654559406209,PBPF,cracker_scene1,40,old
936,3.9941086769104,0.0708217734693843,PBPF,cracker_scene1,40,old
937,3.998264789581299,0.0708217734693843,PBPF,cracker_scene1,40,old
938,4.002523899078369,0.0708224426082795,PBPF,cracker_scene1,40,old
939,4.0066797733306885,0.0708224426082795,PBPF,cracker_scene1,40,old
940,4.010673761367798,0.0708146707408658,PBPF,cracker_scene1,40,old
941,4.014709711074829,0.0708146707408658,PBPF,cracker_scene1,40,old
942,4.019193410873413,0.070824560306402,PBPF,cracker_scene1,40,old
943,4.023612022399902,0.0722037882549518,PBPF,cracker_scene1,40,old
944,4.027968168258667,0.0721884793223081,PBPF,cracker_scene1,40,old
945,4.032108545303345,0.0722193752940761,PBPF,cracker_scene1,40,old
946,4.036390066146851,0.0722193752940761,PBPF,cracker_scene1,40,old
947,4.0405113697052,0.0722805932832217,PBPF,cracker_scene1,40,old
948,4.04478931427002,0.0722726532925163,PBPF,cracker_scene1,40,old
949,4.04896879196167,0.072324917131644,PBPF,cracker_scene1,40,old
950,4.053109169006348,0.072324917131644,PBPF,cracker_scene1,40,old
951,4.057360887527466,0.0723192000573797,PBPF,cracker_scene1,40,old
952,4.061717987060547,0.0723446856387315,PBPF,cracker_scene1,40,old
953,4.065860271453857,0.0723176104266804,PBPF,cracker_scene1,40,old
954,4.070182085037232,0.0723574123494213,PBPF,cracker_scene1,40,old
955,4.074230909347534,0.0723574123494213,PBPF,cracker_scene1,40,old
956,4.078620195388794,0.0724184569703127,PBPF,cracker_scene1,40,old
957,4.082714557647705,0.0723919296895649,PBPF,cracker_scene1,40,old
958,4.087122917175293,0.0723903689130556,PBPF,cracker_scene1,40,old
959,4.091220855712891,0.0724500108630094,PBPF,cracker_scene1,40,old
960,4.095499038696289,0.0724500108630094,PBPF,cracker_scene1,40,old
961,4.099582672119141,0.0724692025907616,PBPF,cracker_scene1,40,old
962,4.103937387466431,0.0724692025907616,PBPF,cracker_scene1,40,old
963,4.10814642906189,0.0725115172599124,PBPF,cracker_scene1,40,old
964,4.1123998165130615,0.0725115172599124,PBPF,cracker_scene1,40,old
965,4.116599082946777,0.0725115172599124,PBPF,cracker_scene1,40,old
966,4.12092661857605,0.07257848052661689,PBPF,cracker_scene1,40,old
967,4.125191926956177,0.0726510142263857,PBPF,cracker_scene1,40,old
968,4.1293885707855225,0.0726510142263857,PBPF,cracker_scene1,40,old
969,4.133574485778809,0.0726510927996788,PBPF,cracker_scene1,40,old
970,4.138031959533691,0.07268844956927929,PBPF,cracker_scene1,40,old
971,4.142169237136841,0.07262388603041589,PBPF,cracker_scene1,40,old
972,4.146415948867798,0.07262388603041589,PBPF,cracker_scene1,40,old
973,4.150723934173584,0.0726364115197158,PBPF,cracker_scene1,40,old
974,4.154998779296875,0.0726364115197158,PBPF,cracker_scene1,40,old
975,4.159078359603882,0.07264556193179919,PBPF,cracker_scene1,40,old
976,4.163105487823486,0.07264556193179919,PBPF,cracker_scene1,40,old
977,4.167211532592773,0.07264556193179919,PBPF,cracker_scene1,40,old
978,4.171676397323608,0.072617471393939,PBPF,cracker_scene1,40,old
979,4.175983428955078,0.0726693141848797,PBPF,cracker_scene1,40,old
980,4.180555105209351,0.0727216701481869,PBPF,cracker_scene1,40,old
981,4.185435771942139,0.0736378538117779,PBPF,cracker_scene1,40,old
982,4.189401865005493,0.0736378538117779,PBPF,cracker_scene1,40,old
983,4.193544149398804,0.0736837973780089,PBPF,cracker_scene1,40,old
984,4.197607755661011,0.0736837973780089,PBPF,cracker_scene1,40,old
985,4.201717138290405,0.07373620688154339,PBPF,cracker_scene1,40,old
986,4.205720663070679,0.07373620688154339,PBPF,cracker_scene1,40,old
987,4.209828853607178,0.07375278682616569,PBPF,cracker_scene1,40,old
988,4.214333772659302,0.07375278682616569,PBPF,cracker_scene1,40,old
989,4.218664646148682,0.0737430496144165,PBPF,cracker_scene1,40,old
990,4.222824335098267,0.0737430496144165,PBPF,cracker_scene1,40,old
991,4.227157831192017,0.07370789413708,PBPF,cracker_scene1,40,old
992,4.231238126754761,0.07370789413708,PBPF,cracker_scene1,40,old
993,4.235520362854004,0.0737254741143218,PBPF,cracker_scene1,40,old
994,4.2397003173828125,0.0737254741143218,PBPF,cracker_scene1,40,old
995,4.243859529495239,0.0737431710713341,PBPF,cracker_scene1,40,old
996,4.248029947280884,0.0737431710713341,PBPF,cracker_scene1,40,old
997,4.25252366065979,0.0737673990865131,PBPF,cracker_scene1,40,old
998,4.256604909896851,0.0737673990865131,PBPF,cracker_scene1,40,old
999,4.260833024978638,0.0737794241776356,PBPF,cracker_scene1,40,old
1000,4.264919281005859,0.0737794241776356,PBPF,cracker_scene1,40,old
1001,4.269162893295288,0.0738200125749476,PBPF,cracker_scene1,40,old
1002,4.273450136184692,0.0738200125749476,PBPF,cracker_scene1,40,old
1003,4.2777416706085205,0.0738494450613396,PBPF,cracker_scene1,40,old
1004,4.28194260597229,0.0738494450613396,PBPF,cracker_scene1,40,old
1005,4.286190271377564,0.07385438215811099,PBPF,cracker_scene1,40,old
1006,4.2902374267578125,0.07385438215811099,PBPF,cracker_scene1,40,old
1007,4.294623613357544,0.07388300090061979,PBPF,cracker_scene1,40,old
1008,4.298800468444824,0.07388300090061979,PBPF,cracker_scene1,40,old
1009,4.303059816360474,0.0739299416022701,PBPF,cracker_scene1,40,old
1010,4.307262182235718,0.0739299416022701,PBPF,cracker_scene1,40,old
1011,4.3115150928497314,0.0739576833855089,PBPF,cracker_scene1,40,old
1012,4.3156938552856445,0.0739576833855089,PBPF,cracker_scene1,40,old
1013,4.3200342655181885,0.07399873323158819,PBPF,cracker_scene1,40,old
1014,4.324114084243774,0.07399873323158819,PBPF,cracker_scene1,40,old
1015,4.328505277633667,0.0740210792518444,PBPF,cracker_scene1,40,old
1016,4.332472562789917,0.0740210792518444,PBPF,cracker_scene1,40,old
1017,4.336802244186401,0.0739951823154512,PBPF,cracker_scene1,40,old
1018,4.341111421585083,0.0739951823154512,PBPF,cracker_scene1,40,old
1019,4.345968246459961,0.07403683956049649,PBPF,cracker_scene1,40,old
1020,4.350119352340698,0.0743053801125449,PBPF,cracker_scene1,40,old
1021,4.354379415512085,0.0742884439972948,PBPF,cracker_scene1,40,old
1022,4.358320474624634,0.0742884439972948,PBPF,cracker_scene1,40,old
1023,4.362550020217896,0.0742963747709354,PBPF,cracker_scene1,40,old
1024,4.366535186767578,0.0742963747709354,PBPF,cracker_scene1,40,old
1025,4.370706558227539,0.07429784727170699,PBPF,cracker_scene1,40,old
1026,4.374693632125855,0.07429784727170699,PBPF,cracker_scene1,40,old
1027,4.378984212875366,0.074321628786523,PBPF,cracker_scene1,40,old
1028,4.3830342292785645,0.074321628786523,PBPF,cracker_scene1,40,old
1029,4.387280464172363,0.0743499131627545,PBPF,cracker_scene1,40,old
1030,4.391183137893677,0.0743499131627545,PBPF,cracker_scene1,40,old
1031,4.3953351974487305,0.0743383670972949,PBPF,cracker_scene1,40,old
1032,4.399355888366699,0.0743383670972949,PBPF,cracker_scene1,40,old
1033,4.403589725494385,0.07440058273598289,PBPF,cracker_scene1,40,old
1034,4.407567739486694,0.07440058273598289,PBPF,cracker_scene1,40,old
1035,4.411688327789307,0.07440964241297099,PBPF,cracker_scene1,40,old
1036,4.415811061859131,0.07440964241297099,PBPF,cracker_scene1,40,old
1037,4.420006036758423,0.0743632701873538,PBPF,cracker_scene1,40,old
1038,4.423891305923462,0.0743632701873538,PBPF,cracker_scene1,40,old
1039,4.4280078411102295,0.0743959694051841,PBPF,cracker_scene1,40,old
1040,4.431910991668701,0.0743959694051841,PBPF,cracker_scene1,40,old
1041,4.436038732528687,0.074360728091469,PBPF,cracker_scene1,40,old
1042,4.440174102783203,0.074360728091469,PBPF,cracker_scene1,40,old
1043,4.444524049758911,0.0743597660150601,PBPF,cracker_scene1,40,old
1044,4.448516845703125,0.0743597660150601,PBPF,cracker_scene1,40,old
1045,4.452781677246094,0.0743695018515351,PBPF,cracker_scene1,40,old
1046,4.45693302154541,0.0743695018515351,PBPF,cracker_scene1,40,old
1047,4.461033582687378,0.0743940870910335,PBPF,cracker_scene1,40,old
1048,4.465122938156128,0.0743940870910335,PBPF,cracker_scene1,40,old
1049,4.469301462173462,0.0744017839327458,PBPF,cracker_scene1,40,old
1050,4.473466873168945,0.0744017839327458,PBPF,cracker_scene1,40,old
1051,4.477641820907593,0.07441249380133359,PBPF,cracker_scene1,40,old
1052,4.481839179992676,0.07441249380133359,PBPF,cracker_scene1,40,old
1053,4.486142635345459,0.0744589153952763,PBPF,cracker_scene1,40,old
1054,4.49019980430603,0.0744589153952763,PBPF,cracker_scene1,40,old
1055,4.4944281578063965,0.07448171291186449,PBPF,cracker_scene1,40,old
1056,4.498472929000855,0.07448171291186449,PBPF,cracker_scene1,40,old
1057,4.502663850784302,0.07453441453839349,PBPF,cracker_scene1,40,old
1058,4.506791114807129,0.07453441453839349,PBPF,cracker_scene1,40,old
1059,4.511241912841797,0.0751473587590923,PBPF,cracker_scene1,40,old
1060,4.515331029891968,0.0751473587590923,PBPF,cracker_scene1,40,old
1061,4.5195066928863525,0.0752046424217034,PBPF,cracker_scene1,40,old
1062,4.523455619812012,0.0752046424217034,PBPF,cracker_scene1,40,old
1063,4.52777361869812,0.07519562611694519,PBPF,cracker_scene1,40,old
1064,4.531797885894775,0.07519562611694519,PBPF,cracker_scene1,40,old
1065,4.536226034164429,0.0752161649395815,PBPF,cracker_scene1,40,old
1066,4.540319442749023,0.0752161649395815,PBPF,cracker_scene1,40,old
1067,4.544662237167358,0.0752155769226055,PBPF,cracker_scene1,40,old
1068,4.548927068710327,0.0752155769226055,PBPF,cracker_scene1,40,old
1069,4.553285837173462,0.0752195303150514,PBPF,cracker_scene1,40,old
1070,4.557400703430176,0.0752195303150514,PBPF,cracker_scene1,40,old
1071,4.561763286590576,0.07522081724341739,PBPF,cracker_scene1,40,old
1072,4.565807342529297,0.07522081724341739,PBPF,cracker_scene1,40,old
1073,4.570304393768311,0.07521364243919669,PBPF,cracker_scene1,40,old
1074,4.57435417175293,0.07521364243919669,PBPF,cracker_scene1,40,old
1075,4.578854084014893,0.0752291009098048,PBPF,cracker_scene1,40,old
1076,4.582846879959106,0.0752291009098048,PBPF,cracker_scene1,40,old
1077,4.587318181991577,0.07521242759988779,PBPF,cracker_scene1,40,old
1078,4.59130334854126,0.07521242759988779,PBPF,cracker_scene1,40,old
1079,4.595710277557373,0.07521519915895869,PBPF,cracker_scene1,40,old
1080,4.599776983261108,0.07521519915895869,PBPF,cracker_scene1,40,old
1081,4.604018449783325,0.07523604480613519,PBPF,cracker_scene1,40,old
1082,4.60814356803894,0.07523604480613519,PBPF,cracker_scene1,40,old
1083,4.612423658370972,0.07532996469506059,PBPF,cracker_scene1,40,old
1084,4.6168434619903564,0.07531951435469429,PBPF,cracker_scene1,40,old
1085,4.621035099029541,0.07532609753366169,PBPF,cracker_scene1,40,old
1086,4.625193357467651,0.07532609753366169,PBPF,cracker_scene1,40,old
1087,4.629379510879517,0.075369230357859,PBPF,cracker_scene1,40,old
1088,4.633496522903442,0.075369230357859,PBPF,cracker_scene1,40,old
1089,4.637659788131714,0.0753703128867988,PBPF,cracker_scene1,40,old
1090,4.641737699508667,0.0753703128867988,PBPF,cracker_scene1,40,old
1091,4.646252870559692,0.07534955347059029,PBPF,cracker_scene1,40,old
1092,4.650535583496094,0.07534955347059029,PBPF,cracker_scene1,40,old
1093,4.6550164222717285,0.0754615997485255,PBPF,cracker_scene1,40,old
1094,4.6591973304748535,0.07544680622847019,PBPF,cracker_scene1,40,old
1095,4.664595365524292,0.07546315769108,PBPF,cracker_scene1,40,old
1096,4.670055150985718,0.07622264673147329,PBPF,cracker_scene1,40,old
1097,4.674095392227173,0.07622264673147329,PBPF,cracker_scene1,40,old
1098,4.67843508720398,0.0762841481028731,PBPF,cracker_scene1,40,old
1099,4.682527780532837,0.0762841481028731,PBPF,cracker_scene1,40,old
1100,4.686857461929321,0.07622512346157209,PBPF,cracker_scene1,40,old
1101,4.690952777862549,0.07622512346157209,PBPF,cracker_scene1,40,old
1102,4.695245265960693,0.07623644323355039,PBPF,cracker_scene1,40,old
1103,4.69933009147644,0.07623644323355039,PBPF,cracker_scene1,40,old
1104,4.703549385070801,0.07626855449693759,PBPF,cracker_scene1,40,old
1105,4.707628965377808,0.07626855449693759,PBPF,cracker_scene1,40,old
1106,4.711870908737183,0.07623747245566109,PBPF,cracker_scene1,40,old
1107,4.715998888015747,0.07623747245566109,PBPF,cracker_scene1,40,old
1108,4.720240354537964,0.0762684808920351,PBPF,cracker_scene1,40,old
1109,4.72436785697937,0.0762684808920351,PBPF,cracker_scene1,40,old
1110,4.728716611862183,0.0762137552856528,PBPF,cracker_scene1,40,old
1111,4.732696533203125,0.0762137552856528,PBPF,cracker_scene1,40,old
1112,4.736966371536255,0.0762136912665915,PBPF,cracker_scene1,40,old
1113,4.741122007369995,0.0762136912665915,PBPF,cracker_scene1,40,old
1114,4.745442628860474,0.0757869066259015,PBPF,cracker_scene1,40,old
1115,4.751429796218872,0.07575395527851249,PBPF,cracker_scene1,40,old
1116,4.755770444869995,0.07575395527851249,PBPF,cracker_scene1,40,old
1117,4.760059833526611,0.0757562338818632,PBPF,cracker_scene1,40,old
1118,4.764249801635742,0.0757562338818632,PBPF,cracker_scene1,40,old
1119,4.76850962638855,0.0757397895971844,PBPF,cracker_scene1,40,old
1120,4.773704767227173,0.0757397895971844,PBPF,cracker_scene1,40,old
1121,4.77785062789917,0.0757683107263671,PBPF,cracker_scene1,40,old
1122,4.781925916671753,0.0757683107263671,PBPF,cracker_scene1,40,old
1123,4.786464214324951,0.07575129847607659,PBPF,cracker_scene1,40,old
1124,4.790593147277832,0.07575129847607659,PBPF,cracker_scene1,40,old
1125,4.79505467414856,0.0758384365881202,PBPF,cracker_scene1,40,old
1126,4.799108982086182,0.0758384365881202,PBPF,cracker_scene1,40,old
1127,4.803518056869507,0.075820705237352,PBPF,cracker_scene1,40,old
1128,4.807565212249756,0.075820705237352,PBPF,cracker_scene1,40,old
1129,4.811748266220093,0.0758300793320246,PBPF,cracker_scene1,40,old
1130,4.816010475158691,0.0758300793320246,PBPF,cracker_scene1,40,old
1131,4.82032322883606,0.0758011248468241,PBPF,cracker_scene1,40,old
1132,4.825448036193848,0.0758136172384966,PBPF,cracker_scene1,40,old
1133,4.831106901168823,0.07626715776217119,PBPF,cracker_scene1,40,old
1134,4.83536958694458,0.07626715776217119,PBPF,cracker_scene1,40,old
1135,4.839668035507202,0.07627695226149339,PBPF,cracker_scene1,40,old
1136,4.843759536743164,0.07627695226149339,PBPF,cracker_scene1,40,old
1137,4.848168611526489,0.0762870458859162,PBPF,cracker_scene1,40,old
1138,4.852449178695679,0.0762870458859162,PBPF,cracker_scene1,40,old
1139,4.85643458366394,0.07629448491916499,PBPF,cracker_scene1,40,old
1140,4.860578536987305,0.07629448491916499,PBPF,cracker_scene1,40,old
1141,4.86454439163208,0.07629448491916499,PBPF,cracker_scene1,40,old
1142,4.86888861656189,0.07624026341279899,PBPF,cracker_scene1,40,old
1143,4.872943639755249,0.07624026341279899,PBPF,cracker_scene1,40,old
1144,4.877116918563843,0.0762330629838713,PBPF,cracker_scene1,40,old
1145,4.881499290466309,0.0762330629838713,PBPF,cracker_scene1,40,old
1146,4.885998010635376,0.0762851202063455,PBPF,cracker_scene1,40,old
1147,4.890167236328125,0.0762851202063455,PBPF,cracker_scene1,40,old
1148,4.894368648529053,0.0762760845465712,PBPF,cracker_scene1,40,old
1149,4.898656368255615,0.07629039008998119,PBPF,cracker_scene1,40,old
1150,4.902895450592041,0.07629509826141789,PBPF,cracker_scene1,40,old
1151,4.907104730606079,0.07629509826141789,PBPF,cracker_scene1,40,old
1152,4.912994384765625,0.07623903812784409,PBPF,cracker_scene1,40,old
1153,4.917341709136963,0.07623903812784409,PBPF,cracker_scene1,40,old
1154,4.921717166900635,0.07625090639625419,PBPF,cracker_scene1,40,old
1155,4.925988674163818,0.07625090639625419,PBPF,cracker_scene1,40,old
1156,4.930238485336304,0.0762437209322136,PBPF,cracker_scene1,40,old
1157,4.934636116027832,0.0762437209322136,PBPF,cracker_scene1,40,old
1158,4.938970327377319,0.076248431972715,PBPF,cracker_scene1,40,old
1159,4.943320035934448,0.07626071104677619,PBPF,cracker_scene1,40,old
1160,4.947576522827148,0.0762314912504585,PBPF,cracker_scene1,40,old
1161,4.951931238174439,0.07623183930226249,PBPF,cracker_scene1,40,old
1162,4.9562294483184814,0.07623183930226249,PBPF,cracker_scene1,40,old
1163,4.960697174072266,0.0762431267812671,PBPF,cracker_scene1,40,old
1164,4.964806079864502,0.0762431267812671,PBPF,cracker_scene1,40,old
1165,4.968939781188965,0.0762431267812671,PBPF,cracker_scene1,40,old
1166,4.9733803272247314,0.0762560388581614,PBPF,cracker_scene1,40,old
1167,4.977839231491089,0.07629433970481049,PBPF,cracker_scene1,40,old
1168,4.9824159145355225,0.0763370864019599,PBPF,cracker_scene1,40,old
1169,4.98855447769165,0.07624474556867479,PBPF,cracker_scene1,40,old
1170,4.993626832962036,0.0771914287327969,PBPF,cracker_scene1,40,old
1171,4.997758388519287,0.0771914287327969,PBPF,cracker_scene1,40,old
1172,5.0020411014556885,0.07716486364675,PBPF,cracker_scene1,40,old
1173,5.006245136260986,0.07716486364675,PBPF,cracker_scene1,40,old
1174,5.010543584823608,0.0771210385201237,PBPF,cracker_scene1,40,old
1175,5.014658689498901,0.0771210385201237,PBPF,cracker_scene1,40,old
1176,5.019007682800293,0.0771156997646994,PBPF,cracker_scene1,40,old
1177,5.023154258728027,0.0771156997646994,PBPF,cracker_scene1,40,old
1178,5.027520418167114,0.0771559790623952,PBPF,cracker_scene1,40,old
1179,5.031678915023804,0.0771559790623952,PBPF,cracker_scene1,40,old
1180,5.036095142364502,0.0771949821703591,PBPF,cracker_scene1,40,old
1181,5.040193319320679,0.0771949821703591,PBPF,cracker_scene1,40,old
1182,5.044496059417725,0.07722626588876069,PBPF,cracker_scene1,40,old
1183,5.0485999584198,0.07722626588876069,PBPF,cracker_scene1,40,old
1184,5.0531158447265625,0.0772379614687269,PBPF,cracker_scene1,40,old
1185,5.057095766067505,0.0772379614687269,PBPF,cracker_scene1,40,old
1186,5.06136155128479,0.07724405824258179,PBPF,cracker_scene1,40,old
1187,5.065356492996216,0.07724405824258179,PBPF,cracker_scene1,40,old
1188,5.070425748825073,0.07725957615172589,PBPF,cracker_scene1,40,old
1189,5.075329303741455,0.07725957615172589,PBPF,cracker_scene1,40,old
1190,5.080228567123413,0.07725211835172,PBPF,cracker_scene1,40,old
1191,5.084601879119873,0.07722384769771799,PBPF,cracker_scene1,40,old
1192,5.088922500610352,0.07722384769771799,PBPF,cracker_scene1,40,old
1193,5.093120574951172,0.07723742440184829,PBPF,cracker_scene1,40,old
1194,5.097362518310547,0.07723742440184829,PBPF,cracker_scene1,40,old
1195,5.101590156555176,0.0772167947411483,PBPF,cracker_scene1,40,old
1196,5.105924844741821,0.0772167947411483,PBPF,cracker_scene1,40,old
1197,5.110279560089111,0.07720519008996479,PBPF,cracker_scene1,40,old
1198,5.114391803741455,0.07720519008996479,PBPF,cracker_scene1,40,old
1199,5.11881685256958,0.0772191533326304,PBPF,cracker_scene1,40,old
1200,5.1230762004852295,0.0772191533326304,PBPF,cracker_scene1,40,old
1201,5.127376556396484,0.0772364355165964,PBPF,cracker_scene1,40,old
1202,5.131555557250977,0.0772364355165964,PBPF,cracker_scene1,40,old
1203,5.135805606842041,0.07729379234770929,PBPF,cracker_scene1,40,old
1204,5.140060663223267,0.07729379234770929,PBPF,cracker_scene1,40,old
1205,5.1443727016448975,0.07730665256718089,PBPF,cracker_scene1,40,old
1206,5.1485915184021,0.07730665256718089,PBPF,cracker_scene1,40,old
1207,5.153046607971191,0.07825235752512269,PBPF,cracker_scene1,40,old
1208,5.157227277755737,0.07825235752512269,PBPF,cracker_scene1,40,old
1209,5.161611795425415,0.07825299326321729,PBPF,cracker_scene1,40,old
1210,5.165809154510498,0.07825299326321729,PBPF,cracker_scene1,40,old
1211,5.17029333114624,0.0782900485004291,PBPF,cracker_scene1,40,old
1212,5.174323797225952,0.0782900485004291,PBPF,cracker_scene1,40,old
1213,5.178688764572144,0.0782653301216463,PBPF,cracker_scene1,40,old
1214,5.1828484535217285,0.0782653301216463,PBPF,cracker_scene1,40,old
1215,5.187186241149902,0.0782198471910968,PBPF,cracker_scene1,40,old
1216,5.191382169723511,0.0782198471910968,PBPF,cracker_scene1,40,old
1217,5.195745944976807,0.07819014508257799,PBPF,cracker_scene1,40,old
1218,5.199854373931885,0.07819014508257799,PBPF,cracker_scene1,40,old
1219,5.20428991317749,0.0781758358147234,PBPF,cracker_scene1,40,old
1220,5.208381414413452,0.0781758358147234,PBPF,cracker_scene1,40,old
1221,5.212535381317139,0.07813982043377579,PBPF,cracker_scene1,40,old
1222,5.2167065143585205,0.07813982043377579,PBPF,cracker_scene1,40,old
1223,5.220799446105957,0.07813982043377579,PBPF,cracker_scene1,40,old
1224,5.225111722946167,0.078193114806853,PBPF,cracker_scene1,40,old
1225,5.229270696640015,0.078193114806853,PBPF,cracker_scene1,40,old
1226,5.233577251434326,0.07817301915688869,PBPF,cracker_scene1,40,old
1227,5.23782753944397,0.07821112692283419,PBPF,cracker_scene1,40,old
1228,5.242163181304932,0.0782350714669158,PBPF,cracker_scene1,40,old
1229,5.246336460113525,0.0782350714669158,PBPF,cracker_scene1,40,old
1230,5.25086236000061,0.07826735729212199,PBPF,cracker_scene1,40,old
1231,5.254980802536011,0.07826735729212199,PBPF,cracker_scene1,40,old
1232,5.259331464767456,0.0782677463942488,PBPF,cracker_scene1,40,old
1233,5.263351202011108,0.0782677463942488,PBPF,cracker_scene1,40,old
1234,5.267796039581299,0.0782971942970427,PBPF,cracker_scene1,40,old
1235,5.272038698196411,0.0782971942970427,PBPF,cracker_scene1,40,old
1236,5.276243448257446,0.0782971942970427,PBPF,cracker_scene1,40,old
1237,5.280474901199341,0.0782307593938949,PBPF,cracker_scene1,40,old
1238,5.284952640533447,0.07822688122936079,PBPF,cracker_scene1,40,old
1239,5.289267063140869,0.07822688122936079,PBPF,cracker_scene1,40,old
1240,5.293562889099121,0.07822688122936079,PBPF,cracker_scene1,40,old
1241,5.297824382781982,0.07821082166530349,PBPF,cracker_scene1,40,old
1242,5.302120923995972,0.07821082166530349,PBPF,cracker_scene1,40,old
1243,5.306596994400024,0.0782167479720001,PBPF,cracker_scene1,40,old
1244,5.311048269271851,0.0782445704272888,PBPF,cracker_scene1,40,old
1245,5.315410852432251,0.0782365352487885,PBPF,cracker_scene1,40,old
1246,5.319488525390625,0.0782365352487885,PBPF,cracker_scene1,40,old
1247,5.323911190032959,0.0782552686557164,PBPF,cracker_scene1,40,old
1248,5.328115701675415,0.0782552686557164,PBPF,cracker_scene1,40,old
1249,5.332323789596558,0.07825543592403429,PBPF,cracker_scene1,40,old
1250,5.33647894859314,0.07825543592403429,PBPF,cracker_scene1,40,old
1251,5.340767860412598,0.0782218019273445,PBPF,cracker_scene1,40,old
1252,5.344977378845215,0.0782218019273445,PBPF,cracker_scene1,40,old
1253,5.349236965179443,0.0782260440255862,PBPF,cracker_scene1,40,old
1254,5.353596448898315,0.0782474564282126,PBPF,cracker_scene1,40,old
1255,5.357878923416138,0.0783057040661825,PBPF,cracker_scene1,40,old
1256,5.3620994091033936,0.0783057040661825,PBPF,cracker_scene1,40,old
1257,5.366201162338257,0.0783057040661825,PBPF,cracker_scene1,40,old
1258,5.3704869747161865,0.0782812685266367,PBPF,cracker_scene1,40,old
1259,5.374950170516968,0.0782693177974238,PBPF,cracker_scene1,40,old
1260,5.379363536834717,0.07828670860955829,PBPF,cracker_scene1,40,old
1261,5.383808374404907,0.07831844469375479,PBPF,cracker_scene1,40,old
1262,5.388268947601318,0.0783121771903882,PBPF,cracker_scene1,40,old
1263,5.392763137817383,0.0783050919633556,PBPF,cracker_scene1,40,old
1264,5.396947860717773,0.0783050919633556,PBPF,cracker_scene1,40,old
1265,5.401170015335083,0.0783023368537564,PBPF,cracker_scene1,40,old
1266,5.405500888824463,0.0782675529667142,PBPF,cracker_scene1,40,old
1267,5.409739971160889,0.07832352605019839,PBPF,cracker_scene1,40,old
1268,5.4141459465026855,0.07832352605019839,PBPF,cracker_scene1,40,old
1269,5.418326377868652,0.07834476184382759,PBPF,cracker_scene1,40,old
1270,5.422651529312134,0.07834476184382759,PBPF,cracker_scene1,40,old
1271,5.426986217498779,0.07838839811047499,PBPF,cracker_scene1,40,old
1272,5.431262731552124,0.07838839811047499,PBPF,cracker_scene1,40,old
1273,5.435637474060059,0.0783860559919759,PBPF,cracker_scene1,40,old
1274,5.439996004104614,0.0783860559919759,PBPF,cracker_scene1,40,old
1275,5.445228099822998,0.07836300164382949,PBPF,cracker_scene1,40,old
1276,5.449329614639282,0.07836300164382949,PBPF,cracker_scene1,40,old
1277,5.453717470169067,0.0784065606893612,PBPF,cracker_scene1,40,old
1278,5.457677125930786,0.0784065606893612,PBPF,cracker_scene1,40,old
1279,5.462084293365479,0.0783999403145596,PBPF,cracker_scene1,40,old
1280,5.466149568557739,0.0783999403145596,PBPF,cracker_scene1,40,old
1281,5.471720218658447,0.07840260988440349,PBPF,cracker_scene1,40,old
1282,5.476821184158325,0.0790566074283712,PBPF,cracker_scene1,40,old
1283,5.481051206588745,0.0790566074283712,PBPF,cracker_scene1,40,old
1284,5.485148191452026,0.0790669420129648,PBPF,cracker_scene1,40,old
1285,5.489229202270508,0.0790669420129648,PBPF,cracker_scene1,40,old
1286,5.493350505828857,0.0790686416456453,PBPF,cracker_scene1,40,old
1287,5.49756121635437,0.0790686416456453,PBPF,cracker_scene1,40,old
1288,5.501641750335693,0.0790589696212316,PBPF,cracker_scene1,40,old
1289,5.505756855010986,0.0790589696212316,PBPF,cracker_scene1,40,old
1290,5.509943008422852,0.079055390015613,PBPF,cracker_scene1,40,old
1291,5.51430606842041,0.079055390015613,PBPF,cracker_scene1,40,old
1292,5.518570423126221,0.0790700414855134,PBPF,cracker_scene1,40,old
1293,5.522484064102173,0.0790700414855134,PBPF,cracker_scene1,40,old
1294,5.526534557342529,0.0790510371039978,PBPF,cracker_scene1,40,old
1295,5.53046989440918,0.0790398382474528,PBPF,cracker_scene1,40,old
1296,5.534496068954468,0.07902499040333509,PBPF,cracker_scene1,40,old
1297,5.538430452346802,0.07902499040333509,PBPF,cracker_scene1,40,old
1298,5.543540954589844,0.07897966771124329,PBPF,cracker_scene1,40,old
1299,5.54936671257019,0.0790008821365945,PBPF,cracker_scene1,40,old
1300,5.554231643676758,0.07899322278152629,PBPF,cracker_scene1,40,old
1301,5.558287382125855,0.07899322278152629,PBPF,cracker_scene1,40,old
1302,5.562784671783447,0.0789710509759355,PBPF,cracker_scene1,40,old
1303,5.566845655441284,0.0789710509759355,PBPF,cracker_scene1,40,old
1304,5.57133412361145,0.07895071785879419,PBPF,cracker_scene1,40,old
1305,5.575567007064819,0.0789836128276656,PBPF,cracker_scene1,40,old
1306,5.579827308654785,0.0789497656320099,PBPF,cracker_scene1,40,old
1307,5.584280967712402,0.07896783582089989,PBPF,cracker_scene1,40,old
1308,5.5885303020477295,0.07896783582089989,PBPF,cracker_scene1,40,old
1309,5.592621326446533,0.0789809424771256,PBPF,cracker_scene1,40,old
1310,5.596828937530518,0.0789809424771256,PBPF,cracker_scene1,40,old
1311,5.600848197937012,0.0789508792027154,PBPF,cracker_scene1,40,old
1312,5.605219602584839,0.0789508792027154,PBPF,cracker_scene1,40,old
1313,5.609317779541016,0.07899354502910069,PBPF,cracker_scene1,40,old
1314,5.613582611083984,0.07899354502910069,PBPF,cracker_scene1,40,old
1315,5.617758750915527,0.07900681020962509,PBPF,cracker_scene1,40,old
1316,5.622400999069214,0.07898591609682039,PBPF,cracker_scene1,40,old
1317,5.628427267074585,0.07902786763884069,PBPF,cracker_scene1,40,old
1318,5.632728338241577,0.0802434048948861,PBPF,cracker_scene1,40,old
1319,5.636934280395508,0.0802524640946547,PBPF,cracker_scene1,40,old
1320,5.6408679485321045,0.0802524640946547,PBPF,cracker_scene1,40,old
1321,5.645150661468506,0.0802572853821027,PBPF,cracker_scene1,40,old
1322,5.649234771728516,0.0802572853821027,PBPF,cracker_scene1,40,old
1323,5.6535303592681885,0.08023674000605399,PBPF,cracker_scene1,40,old
1324,5.657381772994995,0.08023674000605399,PBPF,cracker_scene1,40,old
1325,5.661723852157593,0.0802614425076144,PBPF,cracker_scene1,40,old
1326,5.665832042694092,0.0802614425076144,PBPF,cracker_scene1,40,old
1327,5.67019510269165,0.08029259343209989,PBPF,cracker_scene1,40,old
1328,5.674149513244629,0.08029259343209989,PBPF,cracker_scene1,40,old
1329,5.678382158279419,0.08029613597937549,PBPF,cracker_scene1,40,old
1330,5.682433128356934,0.08029613597937549,PBPF,cracker_scene1,40,old
1331,5.686864376068115,0.0803045479030876,PBPF,cracker_scene1,40,old
1332,5.690815210342407,0.0803045479030876,PBPF,cracker_scene1,40,old
1333,5.695195913314819,0.0802819582151417,PBPF,cracker_scene1,40,old
1334,5.699139833450317,0.0802819582151417,PBPF,cracker_scene1,40,old
1335,5.704454183578491,0.08037158278281979,PBPF,cracker_scene1,40,old
1336,5.70932149887085,0.0803641270115639,PBPF,cracker_scene1,40,old
1337,5.7136070728302,0.0803641270115639,PBPF,cracker_scene1,40,old
1338,5.717984914779663,0.08034185534018759,PBPF,cracker_scene1,40,old
1339,5.72201132774353,0.08034185534018759,PBPF,cracker_scene1,40,old
1340,5.726123809814453,0.08033656468440109,PBPF,cracker_scene1,40,old
1341,5.730214595794678,0.08031669974162539,PBPF,cracker_scene1,40,old
1342,5.73438024520874,0.0803232525486485,PBPF,cracker_scene1,40,old
1343,5.738472938537598,0.08033247821775509,PBPF,cracker_scene1,40,old
1344,5.743192195892334,0.08032852746617129,PBPF,cracker_scene1,40,old
1345,5.748008489608765,0.0803033943817043,PBPF,cracker_scene1,40,old
1346,5.7525954246521,0.0803164940675038,PBPF,cracker_scene1,40,old
1347,5.756713151931763,0.0803164940675038,PBPF,cracker_scene1,40,old
1348,5.761111736297607,0.0803245710136741,PBPF,cracker_scene1,40,old
1349,5.766437530517578,0.0803245710136741,PBPF,cracker_scene1,40,old
1350,5.770752429962158,0.0803323591469548,PBPF,cracker_scene1,40,old
1351,5.775022745132446,0.0803323591469548,PBPF,cracker_scene1,40,old
1352,5.7794153690338135,0.0803635492346954,PBPF,cracker_scene1,40,old
1353,5.783803939819336,0.0803635492346954,PBPF,cracker_scene1,40,old
1354,5.788241624832153,0.0803977061599292,PBPF,cracker_scene1,40,old
1355,5.792595624923706,0.0813762244530705,PBPF,cracker_scene1,40,old
1356,5.796767473220825,0.0813762244530705,PBPF,cracker_scene1,40,old
1357,5.800853490829468,0.0814193588864791,PBPF,cracker_scene1,40,old
1358,5.805062532424927,0.0814193588864791,PBPF,cracker_scene1,40,old
1359,5.809084177017212,0.0813640331736252,PBPF,cracker_scene1,40,old
1360,5.81336784362793,0.0813640331736252,PBPF,cracker_scene1,40,old
1361,5.8174662590026855,0.0813567962994799,PBPF,cracker_scene1,40,old
1362,5.821610689163208,0.0813567962994799,PBPF,cracker_scene1,40,old
1363,5.825845956802368,0.0812793355063636,PBPF,cracker_scene1,40,old
1364,5.830023050308228,0.0812793355063636,PBPF,cracker_scene1,40,old
1365,5.834373712539673,0.08127205360917769,PBPF,cracker_scene1,40,old
1366,5.838664293289185,0.08127205360917769,PBPF,cracker_scene1,40,old
1367,5.842712640762329,0.08127205360917769,PBPF,cracker_scene1,40,old
1368,5.847168445587158,0.0812442463949348,PBPF,cracker_scene1,40,old
1369,5.851475715637207,0.08123391581986579,PBPF,cracker_scene1,40,old
1370,5.85578203201294,0.08123391581986579,PBPF,cracker_scene1,40,old
1371,5.859940052032471,0.0812643177170634,PBPF,cracker_scene1,40,old
1372,5.865032196044922,0.0812643177170634,PBPF,cracker_scene1,40,old
1373,5.870413541793823,0.0812545967494879,PBPF,cracker_scene1,40,old
1374,5.875117540359497,0.0812545967494879,PBPF,cracker_scene1,40,old
1375,5.8795483112335205,0.081286545868772,PBPF,cracker_scene1,40,old
1376,5.883746147155762,0.0813135205726447,PBPF,cracker_scene1,40,old
1377,5.888001918792725,0.0813135205726447,PBPF,cracker_scene1,40,old
1378,5.8919947147369385,0.0812870832897786,PBPF,cracker_scene1,40,old
1379,5.896298885345459,0.0812870832897786,PBPF,cracker_scene1,40,old
1380,5.900416851043701,0.08132609876072609,PBPF,cracker_scene1,40,old
1381,5.904867649078369,0.08137097719594069,PBPF,cracker_scene1,40,old
1382,5.909010887145996,0.08136880018293459,PBPF,cracker_scene1,40,old
1383,5.913354873657227,0.08138101470717099,PBPF,cracker_scene1,40,old
1384,5.917725563049316,0.08138190047411019,PBPF,cracker_scene1,40,old
1385,5.921667814254761,0.08138190047411019,PBPF,cracker_scene1,40,old
1386,5.925797462463379,0.08140097586832219,PBPF,cracker_scene1,40,old
1387,5.929792881011963,0.08140097586832219,PBPF,cracker_scene1,40,old
1388,5.93389105796814,0.0813440049892881,PBPF,cracker_scene1,40,old
1389,5.937933444976807,0.0813440049892881,PBPF,cracker_scene1,40,old
1390,5.942846298217773,0.0813440049892881,PBPF,cracker_scene1,40,old
1391,5.948812007904053,0.08099929204555359,PBPF,cracker_scene1,40,old
1392,5.953025579452515,0.08104792447562159,PBPF,cracker_scene1,40,old
1393,5.957088232040405,0.08104792447562159,PBPF,cracker_scene1,40,old
1394,5.961254358291626,0.08103428737804509,PBPF,cracker_scene1,40,old
1395,5.965198993682861,0.08103428737804509,PBPF,cracker_scene1,40,old
1396,5.969334363937378,0.0810529838220388,PBPF,cracker_scene1,40,old
1397,5.973485708236694,0.0810529838220388,PBPF,cracker_scene1,40,old
1398,5.977655410766602,0.08106596462663809,PBPF,cracker_scene1,40,old
1399,5.9816529750823975,0.08106596462663809,PBPF,cracker_scene1,40,old
1400,5.985974550247192,0.0810679677307363,PBPF,cracker_scene1,40,old
1401,5.990056276321411,0.0810679677307363,PBPF,cracker_scene1,40,old
1402,5.99424147605896,0.08109352700950019,PBPF,cracker_scene1,40,old
1403,5.998264312744141,0.08109352700950019,PBPF,cracker_scene1,40,old
1404,6.002453088760376,0.0810686489012009,PBPF,cracker_scene1,40,old
1405,6.006662845611572,0.0810686489012009,PBPF,cracker_scene1,40,old
1406,6.010936498641968,0.08109735025908539,PBPF,cracker_scene1,40,old
1407,6.0151047706604,0.08109735025908539,PBPF,cracker_scene1,40,old
1408,6.019042015075684,0.08109735025908539,PBPF,cracker_scene1,40,old
1409,6.023199558258057,0.08103038055737599,PBPF,cracker_scene1,40,old
1410,6.028995037078857,0.08103038055737599,PBPF,cracker_scene1,40,old
1411,6.033452749252319,0.0810774041791726,PBPF,cracker_scene1,40,old
1412,6.03765869140625,0.0810774041791726,PBPF,cracker_scene1,40,old
1413,6.041934490203857,0.08110705184099329,PBPF,cracker_scene1,40,old
1414,6.046090126037598,0.08110705184099329,PBPF,cracker_scene1,40,old
1415,6.0502402782440186,0.0810860613532496,PBPF,cracker_scene1,40,old
1416,6.054444789886475,0.0810860613532496,PBPF,cracker_scene1,40,old
1417,6.058517456054688,0.08106146776031549,PBPF,cracker_scene1,40,old
1418,6.06277322769165,0.0811022788259882,PBPF,cracker_scene1,40,old
1419,6.066720247268677,0.0811022788259882,PBPF,cracker_scene1,40,old
1420,6.070953130722046,0.0811022788259882,PBPF,cracker_scene1,40,old
1421,6.075063705444336,0.0811022788259882,PBPF,cracker_scene1,40,old
1422,6.079273223876953,0.08110601423329339,PBPF,cracker_scene1,40,old
1423,6.083385467529297,0.08110601423329339,PBPF,cracker_scene1,40,old
1424,6.087714672088623,0.0811469995625793,PBPF,cracker_scene1,40,old
1425,6.091724634170532,0.0810736226080217,PBPF,cracker_scene1,40,old
1426,6.095731019973755,0.0810736226080217,PBPF,cracker_scene1,40,old
1427,6.099961042404175,0.0811349785983375,PBPF,cracker_scene1,40,old
1428,6.103936195373535,0.0811349785983375,PBPF,cracker_scene1,40,old
1429,6.108459949493408,0.08060560922355249,PBPF,cracker_scene1,40,old
1430,6.112574577331543,0.08054368571350079,PBPF,cracker_scene1,40,old
1431,6.116910219192505,0.08054368571350079,PBPF,cracker_scene1,40,old
1432,6.120922803878784,0.08053239870462449,PBPF,cracker_scene1,40,old
1433,6.124898672103882,0.08053239870462449,PBPF,cracker_scene1,40,old
1434,6.128787040710449,0.08053239870462449,PBPF,cracker_scene1,40,old
1435,6.132809400558472,0.08052559774911379,PBPF,cracker_scene1,40,old
1436,6.1367621421813965,0.08052559774911379,PBPF,cracker_scene1,40,old
1437,6.140759706497192,0.0805056859063749,PBPF,cracker_scene1,40,old
1438,6.144850969314575,0.0805056859063749,PBPF,cracker_scene1,40,old
1439,6.149446725845337,0.0804818295749479,PBPF,cracker_scene1,40,old
1440,6.153535842895508,0.0804818295749479,PBPF,cracker_scene1,40,old
1441,6.157521963119507,0.0804818295749479,PBPF,cracker_scene1,40,old
1442,6.161789417266846,0.08045494624355419,PBPF,cracker_scene1,40,old
1443,6.165868043899536,0.08045872758422129,PBPF,cracker_scene1,40,old
1444,6.169807195663452,0.08045872758422129,PBPF,cracker_scene1,40,old
1445,6.173868179321289,0.08045872758422129,PBPF,cracker_scene1,40,old
1446,6.1781744956970215,0.0805201067987946,PBPF,cracker_scene1,40,old
1447,6.182519435882568,0.0805304253399171,PBPF,cracker_scene1,40,old
1448,6.188544988632202,0.08052862222848049,PBPF,cracker_scene1,40,old
1449,6.193523645401001,0.08051483931174519,PBPF,cracker_scene1,40,old
1450,6.197885036468506,0.0804843226452468,PBPF,cracker_scene1,40,old
1451,6.202016353607178,0.08050207445323079,PBPF,cracker_scene1,40,old
1452,6.206231594085693,0.08050207445323079,PBPF,cracker_scene1,40,old
1453,6.210437059402466,0.0804719593600283,PBPF,cracker_scene1,40,old
1454,6.214704751968384,0.0804719593600283,PBPF,cracker_scene1,40,old
1455,6.219001531600952,0.0804782939441998,PBPF,cracker_scene1,40,old
1456,6.223099946975708,0.0804782939441998,PBPF,cracker_scene1,40,old
1457,6.227103471755981,0.08051301417105859,PBPF,cracker_scene1,40,old
1458,6.2312188148498535,0.08053612670991529,PBPF,cracker_scene1,40,old
1459,6.2357330322265625,0.08055573037562369,PBPF,cracker_scene1,40,old
1460,6.239828586578369,0.08055573037562369,PBPF,cracker_scene1,40,old
1461,6.245055675506592,0.0805445409032004,PBPF,cracker_scene1,40,old
1462,6.249205827713013,0.0805445409032004,PBPF,cracker_scene1,40,old
1463,6.253462553024292,0.0805352612208876,PBPF,cracker_scene1,40,old
1464,6.257512331008911,0.0805352612208876,PBPF,cracker_scene1,40,old
1465,6.261747360229492,0.08054191220363409,PBPF,cracker_scene1,40,old
1466,6.267470836639404,0.08056066549286779,PBPF,cracker_scene1,40,old
1467,6.272443056106567,0.08305438030593659,PBPF,cracker_scene1,40,old
1468,6.276752233505249,0.0830081193573185,PBPF,cracker_scene1,40,old
1469,6.280937910079956,0.082992649823298,PBPF,cracker_scene1,40,old
1470,6.285041809082031,0.0830091543236339,PBPF,cracker_scene1,40,old
1471,6.289158344268799,0.0830091543236339,PBPF,cracker_scene1,40,old
1472,6.293239593505859,0.0830120406207895,PBPF,cracker_scene1,40,old
1473,6.297311067581177,0.0830120406207895,PBPF,cracker_scene1,40,old
1474,6.301391363143921,0.0829944811764644,PBPF,cracker_scene1,40,old
1475,6.305521249771118,0.0829944811764644,PBPF,cracker_scene1,40,old
1476,6.3095362186431885,0.08297705434006679,PBPF,cracker_scene1,40,old
1477,6.313580513000488,0.08297705434006679,PBPF,cracker_scene1,40,old
1478,6.317940473556519,0.08298229571160079,PBPF,cracker_scene1,40,old
1479,6.321974277496338,0.08298229571160079,PBPF,cracker_scene1,40,old
1480,6.326117515563965,0.0830011590234043,PBPF,cracker_scene1,40,old
1481,6.330061197280884,0.0830011590234043,PBPF,cracker_scene1,40,old
1482,6.334120988845825,0.0829599980760897,PBPF,cracker_scene1,40,old
1483,6.338125705718994,0.0829599980760897,PBPF,cracker_scene1,40,old
1484,6.342045545578003,0.082944927777563,PBPF,cracker_scene1,40,old
1485,6.346583366394043,0.08297616160122209,PBPF,cracker_scene1,40,old
1486,6.35090970993042,0.083015799442099,PBPF,cracker_scene1,40,old
1487,6.355098009109497,0.083015799442099,PBPF,cracker_scene1,40,old
1488,6.359300374984741,0.0830028372347084,PBPF,cracker_scene1,40,old
1489,6.363512992858887,0.0830056289415268,PBPF,cracker_scene1,40,old
1490,6.36772346496582,0.0829762139632395,PBPF,cracker_scene1,40,old
1491,6.371810436248779,0.0829762139632395,PBPF,cracker_scene1,40,old
1492,6.375892639160156,0.08298403512513859,PBPF,cracker_scene1,40,old
1493,6.380169868469238,0.08298403512513859,PBPF,cracker_scene1,40,old
1494,6.384422302246094,0.082967590198683,PBPF,cracker_scene1,40,old
1495,6.388681650161743,0.082967590198683,PBPF,cracker_scene1,40,old
1496,6.392750263214111,0.0829634785594765,PBPF,cracker_scene1,40,old
1497,6.397077322006226,0.0829634785594765,PBPF,cracker_scene1,40,old
1498,6.401234865188599,0.0828500798198608,PBPF,cracker_scene1,40,old
1499,6.405434608459473,0.0828500798198608,PBPF,cracker_scene1,40,old
1500,6.409468173980713,0.0829071694713513,PBPF,cracker_scene1,40,old
1501,6.413774967193604,0.08290820912498359,PBPF,cracker_scene1,40,old
1502,6.417866945266724,0.08290820912498359,PBPF,cracker_scene1,40,old
1503,6.4220781326293945,0.08282537450731009,PBPF,cracker_scene1,40,old
1504,6.426530599594116,0.0832996057431258,PBPF,cracker_scene1,40,old
1505,6.430927753448486,0.0833451820479247,PBPF,cracker_scene1,40,old
1506,6.435185432434082,0.0833451820479247,PBPF,cracker_scene1,40,old
1507,6.439251661300659,0.0833451820479247,PBPF,cracker_scene1,40,old
1508,6.44350004196167,0.08334703386822659,PBPF,cracker_scene1,40,old
1509,6.448003768920898,0.0833569916239013,PBPF,cracker_scene1,40,old
1510,6.451978445053101,0.0833569916239013,PBPF,cracker_scene1,40,old
1511,6.456242084503174,0.08335669579214479,PBPF,cracker_scene1,40,old
1512,6.460415601730347,0.08337705158985549,PBPF,cracker_scene1,40,old
1513,6.464351415634155,0.08337705158985549,PBPF,cracker_scene1,40,old
1514,6.468507528305054,0.0833736437910165,PBPF,cracker_scene1,40,old
1515,6.472894191741943,0.0833216003679253,PBPF,cracker_scene1,40,old
1516,6.476938009262085,0.0833216003679253,PBPF,cracker_scene1,40,old
1517,6.481041193008423,0.0833216003679253,PBPF,cracker_scene1,40,old
1518,6.485495328903198,0.083368691418093,PBPF,cracker_scene1,40,old
1519,6.4896626472473145,0.08337793624054819,PBPF,cracker_scene1,40,old
1520,6.493611812591553,0.08337793624054819,PBPF,cracker_scene1,40,old
1521,6.49776291847229,0.08337793624054819,PBPF,cracker_scene1,40,old
1522,6.501860618591309,0.08338515523505409,PBPF,cracker_scene1,40,old
1523,6.506023645401001,0.08339636367264229,PBPF,cracker_scene1,40,old
1524,6.510220289230347,0.08339636367264229,PBPF,cracker_scene1,40,old
1525,6.514662981033325,0.0834086046286506,PBPF,cracker_scene1,40,old
1526,6.519044876098633,0.0834086046286506,PBPF,cracker_scene1,40,old
1527,6.5233235359191895,0.0833796004739542,PBPF,cracker_scene1,40,old
1528,6.527345418930054,0.0833796004739542,PBPF,cracker_scene1,40,old
1529,6.531632423400879,0.083395092933817,PBPF,cracker_scene1,40,old
1530,6.535696744918823,0.083395092933817,PBPF,cracker_scene1,40,old
1531,6.539862155914307,0.0833596308975622,PBPF,cracker_scene1,40,old
1532,6.543999910354614,0.0833596308975622,PBPF,cracker_scene1,40,old
1533,6.548193454742432,0.0833596308975622,PBPF,cracker_scene1,40,old
1534,6.552508592605591,0.0833916910704514,PBPF,cracker_scene1,40,old
1535,6.556572198867798,0.0833916910704514,PBPF,cracker_scene1,40,old
1536,6.56141996383667,0.08338528655327279,PBPF,cracker_scene1,40,old
1537,6.5653886795043945,0.08338528655327279,PBPF,cracker_scene1,40,old
1538,6.569461822509766,0.08338528655327279,PBPF,cracker_scene1,40,old
1539,6.573810338973999,0.0833635035612285,PBPF,cracker_scene1,40,old
1540,6.578197479248047,0.08336366963316519,PBPF,cracker_scene1,40,old
1541,6.582683563232422,0.0833561740325043,PBPF,cracker_scene1,40,old
1542,6.587571382522583,0.08218747364840029,PBPF,cracker_scene1,40,old
1543,6.5918145179748535,0.08221619606642419,PBPF,cracker_scene1,40,old
1544,6.596055030822754,0.08221619606642419,PBPF,cracker_scene1,40,old
1545,6.600092887878418,0.08227150387568069,PBPF,cracker_scene1,40,old
1546,6.604331254959106,0.08228348846422999,PBPF,cracker_scene1,40,old
1547,6.60836124420166,0.08228348846422999,PBPF,cracker_scene1,40,old
1548,6.612459421157837,0.08227012604114789,PBPF,cracker_scene1,40,old
1549,6.616602659225464,0.08227012604114789,PBPF,cracker_scene1,40,old
1550,6.62091875076294,0.0822526240373476,PBPF,cracker_scene1,40,old
1551,6.624788522720337,0.0822526240373476,PBPF,cracker_scene1,40,old
1552,6.629309415817261,0.0821823949989014,PBPF,cracker_scene1,40,old
1553,6.633301734924316,0.08211840783668309,PBPF,cracker_scene1,40,old
1554,6.637587308883667,0.0820777426918384,PBPF,cracker_scene1,40,old
1555,6.641538143157959,0.0820777426918384,PBPF,cracker_scene1,40,old
1556,6.645763874053955,0.0821265704254766,PBPF,cracker_scene1,40,old
1557,6.649999141693115,0.0821265704254766,PBPF,cracker_scene1,40,old
1558,6.6543357372283936,0.08213505347110879,PBPF,cracker_scene1,40,old
1559,6.658300876617432,0.08213505347110879,PBPF,cracker_scene1,40,old
1560,6.662569761276245,0.0821540365169212,PBPF,cracker_scene1,40,old
1561,6.666628837585449,0.0821540365169212,PBPF,cracker_scene1,40,old
1562,6.671209335327148,0.0820801732511241,PBPF,cracker_scene1,40,old
1563,6.675164699554443,0.0820801732511241,PBPF,cracker_scene1,40,old
1564,6.679483890533447,0.0821827284833693,PBPF,cracker_scene1,40,old
1565,6.683362007141113,0.0821827284833693,PBPF,cracker_scene1,40,old
1566,6.687677383422852,0.0822095811901014,PBPF,cracker_scene1,40,old
1567,6.691814422607422,0.0822095811901014,PBPF,cracker_scene1,40,old
1568,6.696233510971069,0.0821775138223603,PBPF,cracker_scene1,40,old
1569,6.700309991836548,0.08217655354904539,PBPF,cracker_scene1,40,old
1570,6.704551935195923,0.08215257466946779,PBPF,cracker_scene1,40,old
1571,6.708712816238403,0.08211894869280799,PBPF,cracker_scene1,40,old
1572,6.712961673736572,0.08211894869280799,PBPF,cracker_scene1,40,old
1573,6.717109680175781,0.08211894869280799,PBPF,cracker_scene1,40,old
1574,6.721485137939453,0.0821325819235418,PBPF,cracker_scene1,40,old
1575,6.725491285324097,0.08213205126388569,PBPF,cracker_scene1,40,old
1576,6.72986364364624,0.08213426168976669,PBPF,cracker_scene1,40,old
1577,6.733856678009033,0.0821280590519678,PBPF,cracker_scene1,40,old
1578,6.738128662109375,0.0821280590519678,PBPF,cracker_scene1,40,old
1579,6.742136478424072,0.0821127519748332,PBPF,cracker_scene1,40,old
1580,6.746371746063232,0.0821127519748332,PBPF,cracker_scene1,40,old
1581,6.751043796539307,0.08313890769559029,PBPF,cracker_scene1,40,old
1582,6.754987239837647,0.08313890769559029,PBPF,cracker_scene1,40,old
1583,6.759050607681274,0.08313890769559029,PBPF,cracker_scene1,40,old
1584,6.763070344924927,0.0831452369667146,PBPF,cracker_scene1,40,old
1585,6.76708722114563,0.0831452369667146,PBPF,cracker_scene1,40,old
1586,6.771289110183716,0.0831664419903464,PBPF,cracker_scene1,40,old
1587,6.7753074169158936,0.0831664419903464,PBPF,cracker_scene1,40,old
1588,6.779399633407593,0.0831187686686411,PBPF,cracker_scene1,40,old
1589,6.783304214477539,0.0831187686686411,PBPF,cracker_scene1,40,old
1590,6.788080453872681,0.0830831002591145,PBPF,cracker_scene1,40,old
1591,6.792311668395996,0.0830831002591145,PBPF,cracker_scene1,40,old
1592,6.79660439491272,0.0831095325602317,PBPF,cracker_scene1,40,old
1593,6.800679683685303,0.083091683237056,PBPF,cracker_scene1,40,old
1594,6.804793119430542,0.083091683237056,PBPF,cracker_scene1,40,old
1595,6.8089869022369385,0.0830651891932044,PBPF,cracker_scene1,40,old
1596,6.813102722167969,0.0830651891932044,PBPF,cracker_scene1,40,old
1597,6.817320823669434,0.08304034913569669,PBPF,cracker_scene1,40,old
1598,6.8216636180877686,0.08304034913569669,PBPF,cracker_scene1,40,old
1599,6.825748682022095,0.0830417708459907,PBPF,cracker_scene1,40,old
1600,6.830219984054565,0.0830434784477771,PBPF,cracker_scene1,40,old
1601,6.834369897842407,0.08303570413019179,PBPF,cracker_scene1,40,old
1602,6.838644981384277,0.08304628693254949,PBPF,cracker_scene1,40,old
1603,6.84276556968689,0.08307917605249049,PBPF,cracker_scene1,40,old
1604,6.846993446350098,0.08307917605249049,PBPF,cracker_scene1,40,old
1605,6.851227521896362,0.0830036802705061,PBPF,cracker_scene1,40,old
1606,6.855449676513672,0.08295976435780669,PBPF,cracker_scene1,40,old
1607,6.859689712524414,0.083059414803956,PBPF,cracker_scene1,40,old
1608,6.8639209270477295,0.083059414803956,PBPF,cracker_scene1,40,old
1609,6.868078470230103,0.0830652113125608,PBPF,cracker_scene1,40,old
1610,6.872314691543579,0.0830652113125608,PBPF,cracker_scene1,40,old
1611,6.876431703567505,0.08302242086303,PBPF,cracker_scene1,40,old
1612,6.880676984786987,0.08302242086303,PBPF,cracker_scene1,40,old
1613,6.8849639892578125,0.0830341654693038,PBPF,cracker_scene1,40,old
1614,6.889042615890503,0.0830341654693038,PBPF,cracker_scene1,40,old
1615,6.893230199813843,0.0830770281187056,PBPF,cracker_scene1,40,old
1616,6.897510766983032,0.0830770743167259,PBPF,cracker_scene1,40,old
1617,6.901759386062622,0.08310177245858419,PBPF,cracker_scene1,40,old
1618,6.906069993972778,0.08310177245858419,PBPF,cracker_scene1,40,old
1619,6.910568952560425,0.08425184212332419,PBPF,cracker_scene1,40,old
1620,6.914655208587647,0.08425184212332419,PBPF,cracker_scene1,40,old
1621,6.918959140777588,0.0842945544919638,PBPF,cracker_scene1,40,old
1622,6.922972202301025,0.0842945544919638,PBPF,cracker_scene1,40,old
1623,6.927260398864746,0.0843046295788896,PBPF,cracker_scene1,40,old
1624,6.931577444076538,0.0843046295788896,PBPF,cracker_scene1,40,old
1625,6.935905456542969,0.0842047260756689,PBPF,cracker_scene1,40,old
1626,6.939996242523193,0.0842047260756689,PBPF,cracker_scene1,40,old
1627,6.944095134735107,0.0842079682240631,PBPF,cracker_scene1,40,old
1628,6.948502779006958,0.0842079682240631,PBPF,cracker_scene1,40,old
1629,6.95270299911499,0.0842600079674167,PBPF,cracker_scene1,40,old
1630,6.956795692443848,0.0842600079674167,PBPF,cracker_scene1,40,old
1631,6.961405992507935,0.0841820134648954,PBPF,cracker_scene1,40,old
1632,6.9659411907196045,0.0841820134648954,PBPF,cracker_scene1,40,old
1633,6.97039008140564,0.0842614882997212,PBPF,cracker_scene1,40,old
1634,6.974512815475464,0.0842614882997212,PBPF,cracker_scene1,40,old
1635,6.978879451751709,0.0842673350904308,PBPF,cracker_scene1,40,old
1636,6.983211755752564,0.0842673350904308,PBPF,cracker_scene1,40,old
1637,6.98741340637207,0.0842739719929892,PBPF,cracker_scene1,40,old
1638,6.991496324539185,0.0842739719929892,PBPF,cracker_scene1,40,old
1639,6.995623588562012,0.0842694921037923,PBPF,cracker_scene1,40,old
1640,6.999694347381592,0.0842694921037923,PBPF,cracker_scene1,40,old
1641,7.003855466842651,0.08428979397716689,PBPF,cracker_scene1,40,old
1642,7.008306503295898,0.08419370290291679,PBPF,cracker_scene1,40,old
1643,7.012672424316406,0.08419370290291679,PBPF,cracker_scene1,40,old
1644,7.0169970989227295,0.08419370290291679,PBPF,cracker_scene1,40,old
1645,7.021430253982544,0.08426729775443799,PBPF,cracker_scene1,40,old
1646,7.025539398193359,0.0842572745198141,PBPF,cracker_scene1,40,old
1647,7.030002593994141,0.08425552452138829,PBPF,cracker_scene1,40,old
1648,7.034268140792847,0.08427311203908089,PBPF,cracker_scene1,40,old
1649,7.038405895233154,0.08427311203908089,PBPF,cracker_scene1,40,old
1650,7.04253625869751,0.08417135302410249,PBPF,cracker_scene1,40,old
1651,7.046855688095093,0.08417135302410249,PBPF,cracker_scene1,40,old
1652,7.05147385597229,0.0841743465530712,PBPF,cracker_scene1,40,old
1653,7.055719614028931,0.0842603193568923,PBPF,cracker_scene1,40,old
1654,7.060016393661499,0.0842895239181012,PBPF,cracker_scene1,40,old
1655,7.064316034317017,0.0842895239181012,PBPF,cracker_scene1,40,old
1656,7.068899393081665,0.08486593975826699,PBPF,cracker_scene1,40,old
1657,7.073052406311035,0.08486593975826699,PBPF,cracker_scene1,40,old
1658,7.077324628829956,0.0848816007255285,PBPF,cracker_scene1,40,old
1659,7.081523656845093,0.0848816007255285,PBPF,cracker_scene1,40,old
1660,7.085556268692017,0.08481125101806429,PBPF,cracker_scene1,40,old
1661,7.0896501541137695,0.08481125101806429,PBPF,cracker_scene1,40,old
1662,7.09430742263794,0.0848511956959887,PBPF,cracker_scene1,40,old
1663,7.098421335220337,0.0848511956959887,PBPF,cracker_scene1,40,old
1664,7.102757215499878,0.0847637771063734,PBPF,cracker_scene1,40,old
1665,7.106890201568604,0.0847637771063734,PBPF,cracker_scene1,40,old
1666,7.111267566680908,0.0848307338494763,PBPF,cracker_scene1,40,old
1667,7.1154396533966064,0.0848307338494763,PBPF,cracker_scene1,40,old
1668,7.11978006362915,0.0848435571540309,PBPF,cracker_scene1,40,old
1669,7.123947381973267,0.0848435571540309,PBPF,cracker_scene1,40,old
1670,7.128320217132568,0.0847934943093413,PBPF,cracker_scene1,40,old
1671,7.132459878921509,0.0847934943093413,PBPF,cracker_scene1,40,old
1672,7.136710166931152,0.0847809562066043,PBPF,cracker_scene1,40,old
1673,7.140796899795532,0.0847809562066043,PBPF,cracker_scene1,40,old
1674,7.145321846008301,0.0846933257437436,PBPF,cracker_scene1,40,old
1675,7.149541854858398,0.0846933257437436,PBPF,cracker_scene1,40,old
1676,7.154076814651489,0.08477239028843049,PBPF,cracker_scene1,40,old
1677,7.158135414123535,0.08477239028843049,PBPF,cracker_scene1,40,old
1678,7.162639617919922,0.0847951453779479,PBPF,cracker_scene1,40,old
1679,7.166986703872681,0.0847151885077167,PBPF,cracker_scene1,40,old
1680,7.171425342559815,0.08472516779389959,PBPF,cracker_scene1,40,old
1681,7.175519943237305,0.08472516779389959,PBPF,cracker_scene1,40,old
1682,7.18001389503479,0.0848119198723387,PBPF,cracker_scene1,40,old
1683,7.184621810913086,0.08474051685014579,PBPF,cracker_scene1,40,old
1684,7.188946008682251,0.08474051685014579,PBPF,cracker_scene1,40,old
1685,7.19321084022522,0.0848230206693342,PBPF,cracker_scene1,40,old
1686,7.197481393814087,0.0848230206693342,PBPF,cracker_scene1,40,old
1687,7.201875448226929,0.08480926938884649,PBPF,cracker_scene1,40,old
1688,7.2060546875,0.08480926938884649,PBPF,cracker_scene1,40,old
1689,7.210448980331421,0.08480757401840319,PBPF,cracker_scene1,40,old
1690,7.214612483978271,0.08480757401840319,PBPF,cracker_scene1,40,old
1691,7.218868255615234,0.08480757401840319,PBPF,cracker_scene1,40,old
1692,7.223177909851074,0.0848349460920954,PBPF,cracker_scene1,40,old
1693,7.227455854415893,0.08537147244698169,PBPF,cracker_scene1,40,old
1694,7.231762647628784,0.0853631305852129,PBPF,cracker_scene1,40,old
1695,7.23581337928772,0.0853631305852129,PBPF,cracker_scene1,40,old
1696,7.239936351776123,0.0853631305852129,PBPF,cracker_scene1,40,old
1697,7.244467735290527,0.08535226102403279,PBPF,cracker_scene1,40,old
1698,7.248973846435547,0.0853250912491248,PBPF,cracker_scene1,40,old
1699,7.253188610076904,0.0853250912491248,PBPF,cracker_scene1,40,old
1700,7.257434368133545,0.085296925770196,PBPF,cracker_scene1,40,old
1701,7.261803388595581,0.085296925770196,PBPF,cracker_scene1,40,old
1702,7.2661285400390625,0.0852888259698071,PBPF,cracker_scene1,40,old
1703,7.270466089248657,0.0852888259698071,PBPF,cracker_scene1,40,old
1704,7.274650573730469,0.0852888259698071,PBPF,cracker_scene1,40,old
1705,7.279119729995727,0.08530185189000039,PBPF,cracker_scene1,40,old
1706,7.283677816390991,0.08529601301394919,PBPF,cracker_scene1,40,old
1707,7.287997484207153,0.08526883153729159,PBPF,cracker_scene1,40,old
1708,7.292232513427734,0.085264342681888,PBPF,cracker_scene1,40,old
1709,7.296529769897461,0.085264342681888,PBPF,cracker_scene1,40,old
1710,7.300758600234985,0.08526860505320069,PBPF,cracker_scene1,40,old
1711,7.305107116699219,0.08526860505320069,PBPF,cracker_scene1,40,old
1712,7.309064865112305,0.08526860505320069,PBPF,cracker_scene1,40,old
1713,7.313435554504394,0.08528395306097919,PBPF,cracker_scene1,40,old
1714,7.317713022232056,0.08530065363185439,PBPF,cracker_scene1,40,old
1715,7.3222496509552,0.08530065363185439,PBPF,cracker_scene1,40,old
1716,7.326574325561523,0.08530065363185439,PBPF,cracker_scene1,40,old
1717,7.330781936645508,0.0852941204890904,PBPF,cracker_scene1,40,old
1718,7.335055828094482,0.0852941204890904,PBPF,cracker_scene1,40,old
1719,7.339309215545654,0.0853204408937556,PBPF,cracker_scene1,40,old
1720,7.343568563461304,0.0853204408937556,PBPF,cracker_scene1,40,old
1721,7.347907066345215,0.085237174046167,PBPF,cracker_scene1,40,old
1722,7.352291822433472,0.085237174046167,PBPF,cracker_scene1,40,old
1723,7.356250524520874,0.085237174046167,PBPF,cracker_scene1,40,old
1724,7.360739231109619,0.0853197324720216,PBPF,cracker_scene1,40,old
1725,7.36514139175415,0.0853226636179452,PBPF,cracker_scene1,40,old
1726,7.36961030960083,0.0853215428368761,PBPF,cracker_scene1,40,old
1727,7.374075412750244,0.0853215428368761,PBPF,cracker_scene1,40,old
1728,7.378412961959839,0.08531525208359719,PBPF,cracker_scene1,40,old
1729,7.383162975311279,0.0853131187355032,PBPF,cracker_scene1,40,old
1730,7.387885093688965,0.08446715864730449,PBPF,cracker_scene1,40,old
1731,7.392523288726807,0.0844677125220972,PBPF,cracker_scene1,40,old
1732,7.397072076797485,0.08447832198166559,PBPF,cracker_scene1,40,old
1733,7.401454210281372,0.0844734566975698,PBPF,cracker_scene1,40,old
1734,7.4056761264801025,0.0844734566975698,PBPF,cracker_scene1,40,old
1735,7.40988564491272,0.08447683678462889,PBPF,cracker_scene1,40,old
1736,7.414166450500488,0.08447683678462889,PBPF,cracker_scene1,40,old
1737,7.418514728546143,0.08448534831571289,PBPF,cracker_scene1,40,old
1738,7.422767400741577,0.08448534831571289,PBPF,cracker_scene1,40,old
1739,7.426997184753418,0.0844767651725884,PBPF,cracker_scene1,40,old
1740,7.431159019470215,0.0844767651725884,PBPF,cracker_scene1,40,old
1741,7.435596466064453,0.08442274200837939,PBPF,cracker_scene1,40,old
1742,7.439700365066528,0.08442274200837939,PBPF,cracker_scene1,40,old
1743,7.444120645523071,0.0844691981389739,PBPF,cracker_scene1,40,old
1744,7.448306083679199,0.0844691981389739,PBPF,cracker_scene1,40,old
1745,7.452821969985962,0.08446335183454019,PBPF,cracker_scene1,40,old
1746,7.4567015171051025,0.08446335183454019,PBPF,cracker_scene1,40,old
1747,7.460888862609863,0.0844712476820932,PBPF,cracker_scene1,40,old
1748,7.464876413345337,0.0844712476820932,PBPF,cracker_scene1,40,old
1749,7.469044208526611,0.0844706973856057,PBPF,cracker_scene1,40,old
1750,7.473006248474121,0.0844706973856057,PBPF,cracker_scene1,40,old
1751,7.477183818817139,0.0844667927008911,PBPF,cracker_scene1,40,old
1752,7.481122970581055,0.0844667927008911,PBPF,cracker_scene1,40,old
1753,7.485867023468018,0.0844572072587345,PBPF,cracker_scene1,40,old
1754,7.4898810386657715,0.0844572072587345,PBPF,cracker_scene1,40,old
1755,7.4940714836120605,0.0844607009500758,PBPF,cracker_scene1,40,old
1756,7.498106718063354,0.0844607009500758,PBPF,cracker_scene1,40,old
1757,7.502364635467529,0.08439945568120359,PBPF,cracker_scene1,40,old
1758,7.506392478942871,0.08439945568120359,PBPF,cracker_scene1,40,old
1759,7.5106871128082275,0.0844529583325718,PBPF,cracker_scene1,40,old
1760,7.51480507850647,0.0844529583325718,PBPF,cracker_scene1,40,old
1761,7.519153118133545,0.08447137214276859,PBPF,cracker_scene1,40,old
1762,7.523243188858032,0.08447137214276859,PBPF,cracker_scene1,40,old
1763,7.52747368812561,0.08440773220206109,PBPF,cracker_scene1,40,old
1764,7.531486988067627,0.08440773220206109,PBPF,cracker_scene1,40,old
1765,7.535728931427002,0.0844054103252291,PBPF,cracker_scene1,40,old
1766,7.539757013320923,0.0844054103252291,PBPF,cracker_scene1,40,old
1767,7.544159412384033,0.08446129012721079,PBPF,cracker_scene1,40,old
1768,7.54814887046814,0.08446129012721079,PBPF,cracker_scene1,40,old
1769,7.552491188049316,0.0844607208731988,PBPF,cracker_scene1,40,old
1770,7.556509733200073,0.0844607208731988,PBPF,cracker_scene1,40,old
1771,7.560970306396484,0.08445919126473679,PBPF,cracker_scene1,40,old
1772,7.565027475357056,0.08445919126473679,PBPF,cracker_scene1,40,old
1773,7.569200992584228,0.0844604907344806,PBPF,cracker_scene1,40,old
1774,7.573344945907593,0.0844604907344806,PBPF,cracker_scene1,40,old
1775,7.5775392055511475,0.08446617535871609,PBPF,cracker_scene1,40,old
1776,7.581575155258179,0.08446617535871609,PBPF,cracker_scene1,40,old
1777,7.58585262298584,0.08446240835357899,PBPF,cracker_scene1,40,old
1778,7.589955568313599,0.08446240835357899,PBPF,cracker_scene1,40,old
1779,7.594220399856567,0.0844082549438627,PBPF,cracker_scene1,40,old
1780,7.598199129104614,0.0844082549438627,PBPF,cracker_scene1,40,old
1781,7.602738380432129,0.08446406379859579,PBPF,cracker_scene1,40,old
1782,7.606854915618896,0.08446406379859579,PBPF,cracker_scene1,40,old
1783,7.611048460006714,0.0844623846568736,PBPF,cracker_scene1,40,old
1784,7.615220308303833,0.0844623846568736,PBPF,cracker_scene1,40,old
1785,7.619208335876465,0.0844623846568736,PBPF,cracker_scene1,40,old
1786,7.623362064361572,0.08445993060324809,PBPF,cracker_scene1,40,old
1787,7.627508640289307,0.08445993060324809,PBPF,cracker_scene1,40,old
1788,7.631616592407227,0.08441120053322089,PBPF,cracker_scene1,40,old
1789,7.635790109634399,0.08441120053322089,PBPF,cracker_scene1,40,old
1790,7.63996410369873,0.0844200034596356,PBPF,cracker_scene1,40,old
1791,7.644009590148926,0.0844200034596356,PBPF,cracker_scene1,40,old
1792,7.648322343826294,0.08446839444180279,PBPF,cracker_scene1,40,old
1793,7.652338266372681,0.08446839444180279,PBPF,cracker_scene1,40,old
1794,7.656579971313477,0.0844609724274427,PBPF,cracker_scene1,40,old
1795,7.660794734954834,0.0844609724274427,PBPF,cracker_scene1,40,old
1796,7.665319442749023,0.08445714870665319,PBPF,cracker_scene1,40,old
1797,7.669814109802246,0.08445714870665319,PBPF,cracker_scene1,40,old
1798,7.674237728118896,0.08445714870665319,PBPF,cracker_scene1,40,old
1799,7.67878532409668,0.0844647132628481,PBPF,cracker_scene1,40,old
1800,7.682987451553345,0.0844647132628481,PBPF,cracker_scene1,40,old
1801,7.6872406005859375,0.0844086893404135,PBPF,cracker_scene1,40,old
1802,7.691156148910522,0.0844086893404135,PBPF,cracker_scene1,40,old
1803,7.695183515548706,0.0844622979569703,PBPF,cracker_scene1,40,old
1804,7.699188470840454,0.0844573479129491,PBPF,cracker_scene1,40,old
1805,7.703124523162842,0.0844573479129491,PBPF,cracker_scene1,40,old
1806,7.707247734069824,0.08445985531395009,PBPF,cracker_scene1,40,old
1807,7.711471796035767,0.08445985531395009,PBPF,cracker_scene1,40,old
1808,7.7160444259643555,0.0844599490156059,PBPF,cracker_scene1,40,old
1809,7.720016241073608,0.0844599490156059,PBPF,cracker_scene1,40,old
1810,7.72423243522644,0.08446038164006779,PBPF,cracker_scene1,40,old
1811,7.728416442871094,0.08446038164006779,PBPF,cracker_scene1,40,old
1812,7.732839822769165,0.0844589164635504,PBPF,cracker_scene1,40,old
1813,7.73709225654602,0.0844565101920579,PBPF,cracker_scene1,40,old
1814,7.741067886352539,0.0844565101920579,PBPF,cracker_scene1,40,old
1815,7.745271921157837,0.08445695874177399,PBPF,cracker_scene1,40,old
1816,7.749426603317261,0.08445695874177399,PBPF,cracker_scene1,40,old
1817,7.753741502761841,0.0844143969152396,PBPF,cracker_scene1,40,old
1818,7.757835626602173,0.0844143969152396,PBPF,cracker_scene1,40,old
1819,7.7621214389801025,0.0844629969999825,PBPF,cracker_scene1,40,old
1820,7.766350507736206,0.0844600713308093,PBPF,cracker_scene1,40,old
1821,7.77035927772522,0.0844600713308093,PBPF,cracker_scene1,40,old
1822,7.774633884429932,0.0844600713308093,PBPF,cracker_scene1,40,old
1823,7.779118299484253,0.0844594049800044,PBPF,cracker_scene1,40,old
1824,7.783644199371338,0.0844518781034046,PBPF,cracker_scene1,40,old
1825,7.787904262542725,0.084461316710434,PBPF,cracker_scene1,40,old
1826,7.792353391647339,0.08446270372432589,PBPF,cracker_scene1,40,old
1827,7.796754598617554,0.0844681535581774,PBPF,cracker_scene1,40,old
1828,7.800944805145264,0.08446285793533159,PBPF,cracker_scene1,40,old
1829,7.805089473724365,0.084459538146631,PBPF,cracker_scene1,40,old
1830,7.809206008911133,0.0844586313266429,PBPF,cracker_scene1,40,old
1831,7.813412427902222,0.0844673168173757,PBPF,cracker_scene1,40,old
1832,7.8174729347229,0.0844750020854855,PBPF,cracker_scene1,40,old
1833,7.821622610092163,0.0844750020854855,PBPF,cracker_scene1,40,old
1834,7.825773954391479,0.0844266471347656,PBPF,cracker_scene1,40,old
1835,7.829966068267822,0.08442074967976579,PBPF,cracker_scene1,40,old
1836,7.834111928939819,0.08443164014091599,PBPF,cracker_scene1,40,old
1837,7.838438272476196,0.0844359369578394,PBPF,cracker_scene1,40,old
1838,7.84254789352417,0.08448676968005689,PBPF,cracker_scene1,40,old
1839,7.846787929534912,0.08448676968005689,PBPF,cracker_scene1,40,old
1840,7.850868225097656,0.08448794993326579,PBPF,cracker_scene1,40,old
1841,7.854953765869141,0.08449492515756049,PBPF,cracker_scene1,40,old
1842,7.859057903289795,0.0844984398038228,PBPF,cracker_scene1,40,old
1843,7.863297939300537,0.0844984398038228,PBPF,cracker_scene1,40,old
1844,7.867555856704712,0.08450329408617879,PBPF,cracker_scene1,40,old
1845,7.871726512908935,0.08447025618921289,PBPF,cracker_scene1,40,old
1846,7.875813007354736,0.0844640506422569,PBPF,cracker_scene1,40,old
1847,7.880102396011352,0.08445707933223019,PBPF,cracker_scene1,40,old
1848,7.884284019470215,0.08441834172469559,PBPF,cracker_scene1,40,old
1849,7.888476371765137,0.08441834172469559,PBPF,cracker_scene1,40,old
1850,7.892541885375977,0.0844241704770469,PBPF,cracker_scene1,40,old
1851,7.89663815498352,0.0844241704770469,PBPF,cracker_scene1,40,old
1852,7.9009480476379395,0.0844259077526158,PBPF,cracker_scene1,40,old
1853,7.905166149139404,0.0844259077526158,PBPF,cracker_scene1,40,old
1854,7.909209966659546,0.0844156335407283,PBPF,cracker_scene1,40,old
1855,7.913330078125,0.0844156335407283,PBPF,cracker_scene1,40,old
1856,7.917808771133423,0.0843471418443675,PBPF,cracker_scene1,40,old
1857,7.921718597412109,0.0843471418443675,PBPF,cracker_scene1,40,old
1858,7.925883293151855,0.08440601811349109,PBPF,cracker_scene1,40,old
1859,7.929784536361694,0.08440601811349109,PBPF,cracker_scene1,40,old
1860,7.933820486068726,0.084399582022543,PBPF,cracker_scene1,40,old
1861,7.938064575195312,0.08438016088938889,PBPF,cracker_scene1,40,old
1862,7.942155361175537,0.08438016088938889,PBPF,cracker_scene1,40,old
1863,7.946792840957642,0.0843792568324744,PBPF,cracker_scene1,40,old
1864,7.95124077796936,0.0843783531178627,PBPF,cracker_scene1,40,old
1865,7.9554572105407715,0.0843783531178627,PBPF,cracker_scene1,40,old
1866,7.959646463394165,0.08435199400354869,PBPF,cracker_scene1,40,old
1867,7.963787794113159,0.08435199400354869,PBPF,cracker_scene1,40,old
1868,7.96796441078186,0.08429356681820199,PBPF,cracker_scene1,40,old
1869,7.97211766242981,0.08429356681820199,PBPF,cracker_scene1,40,old
1870,7.97625994682312,0.0843509546428249,PBPF,cracker_scene1,40,old
1871,7.9803831577301025,0.0843509546428249,PBPF,cracker_scene1,40,old
1872,7.98461127281189,0.0843728410897731,PBPF,cracker_scene1,40,old
1873,7.988813161849976,0.0843728410897731,PBPF,cracker_scene1,40,old
1874,7.992862224578857,0.0843302082394439,PBPF,cracker_scene1,40,old
1875,7.997153520584106,0.0843302082394439,PBPF,cracker_scene1,40,old
1876,8.001263856887817,0.08426703415742899,PBPF,cracker_scene1,40,old
1877,8.005364179611206,0.08426703415742899,PBPF,cracker_scene1,40,old
1878,8.009385585784912,0.0843169116159484,PBPF,cracker_scene1,40,old
1879,8.013651132583618,0.0843169116159484,PBPF,cracker_scene1,40,old
1880,8.017817974090576,0.08430978413668849,PBPF,cracker_scene1,40,old
1881,8.021904230117798,0.08430978413668849,PBPF,cracker_scene1,40,old
1882,8.026179313659668,0.08430222148346189,PBPF,cracker_scene1,40,old
1883,8.030285120010376,0.08430222148346189,PBPF,cracker_scene1,40,old
1884,8.034322261810303,0.08421482391416299,PBPF,cracker_scene1,40,old
1885,8.038545846939087,0.08421482391416299,PBPF,cracker_scene1,40,old
1886,8.042495965957642,0.08421482391416299,PBPF,cracker_scene1,40,old
1887,8.046737909317017,0.0842624525153638,PBPF,cracker_scene1,40,old
1888,8.05094289779663,0.0841752418325714,PBPF,cracker_scene1,40,old
1889,8.05513048171997,0.0841752418325714,PBPF,cracker_scene1,40,old
1890,8.059279441833496,0.0841807179733461,PBPF,cracker_scene1,40,old
1891,8.063626050949097,0.08424948654301559,PBPF,cracker_scene1,40,old
1892,8.067831039428711,0.0841653201885937,PBPF,cracker_scene1,40,old
1893,8.072076559066772,0.0841653201885937,PBPF,cracker_scene1,40,old
1894,8.07628321647644,0.0841858521612926,PBPF,cracker_scene1,40,old
1895,8.080450773239136,0.084258729925214,PBPF,cracker_scene1,40,old
1896,8.08472228050232,0.0842896544660927,PBPF,cracker_scene1,40,old
1897,8.088876247406006,0.0842896544660927,PBPF,cracker_scene1,40,old
1898,8.093005180358887,0.08419486990920029,PBPF,cracker_scene1,40,old
1899,8.097120761871338,0.08419486990920029,PBPF,cracker_scene1,40,old
1900,8.10128378868103,0.0842930060140127,PBPF,cracker_scene1,40,old
1901,8.105480194091797,0.0842930060140127,PBPF,cracker_scene1,40,old
1902,8.109593868255615,0.08417260212186059,PBPF,cracker_scene1,40,old
1903,8.113789319992065,0.08417260212186059,PBPF,cracker_scene1,40,old
1904,8.118115425109863,0.084203838002085,PBPF,cracker_scene1,40,old
1905,8.122300624847412,0.084203838002085,PBPF,cracker_scene1,40,old
1906,8.12651252746582,0.0842030551114969,PBPF,cracker_scene1,40,old
1907,8.130687713623047,0.0842030551114969,PBPF,cracker_scene1,40,old
1908,8.13486099243164,0.0842127101313897,PBPF,cracker_scene1,40,old
1909,8.139029264450073,0.0842127101313897,PBPF,cracker_scene1,40,old
1910,8.143249988555908,0.0841896139467645,PBPF,cracker_scene1,40,old
1911,8.14753532409668,0.0841896139467645,PBPF,cracker_scene1,40,old
1912,8.152143716812134,0.0841228416050575,PBPF,cracker_scene1,40,old
1913,8.156186819076538,0.0841228416050575,PBPF,cracker_scene1,40,old
1914,8.16044020652771,0.0841107153746061,PBPF,cracker_scene1,40,old
1915,8.16439414024353,0.08419129683082409,PBPF,cracker_scene1,40,old
1916,8.168586492538452,0.08408769081524839,PBPF,cracker_scene1,40,old
1917,8.172548770904541,0.08408769081524839,PBPF,cracker_scene1,40,old
1918,8.17683482170105,0.08407379921328219,PBPF,cracker_scene1,40,old
1919,8.181327104568481,0.08407379921328219,PBPF,cracker_scene1,40,old
1920,8.18622899055481,0.0858155228280421,PBPF,cracker_scene1,40,old
1921,8.190200090408325,0.0858155228280421,PBPF,cracker_scene1,40,old
1922,8.194450378417969,0.08585295491227919,PBPF,cracker_scene1,40,old
1923,8.198535919189453,0.08585295491227919,PBPF,cracker_scene1,40,old
1924,8.202596426010132,0.0857737634373829,PBPF,cracker_scene1,40,old
1925,8.206797122955322,0.0857737634373829,PBPF,cracker_scene1,40,old
1926,8.211103439331055,0.0858277092602919,PBPF,cracker_scene1,40,old
1927,8.215198993682861,0.0858277092602919,PBPF,cracker_scene1,40,old
1928,8.219496011734009,0.0857942988207908,PBPF,cracker_scene1,40,old
1929,8.223612546920776,0.0857942988207908,PBPF,cracker_scene1,40,old
1930,8.227989912033081,0.08573916358619159,PBPF,cracker_scene1,40,old
1931,8.23195195198059,0.08573916358619159,PBPF,cracker_scene1,40,old
1932,8.236293077468872,0.0856807318100363,PBPF,cracker_scene1,40,old
1933,8.240248441696167,0.0856807318100363,PBPF,cracker_scene1,40,old
1934,8.24452257156372,0.0856584089771713,PBPF,cracker_scene1,40,old
1935,8.24858546257019,0.0856584089771713,PBPF,cracker_scene1,40,old
1936,8.252960681915283,0.0856788389984306,PBPF,cracker_scene1,40,old
1937,8.256970643997192,0.0856788389984306,PBPF,cracker_scene1,40,old
1938,8.261308193206787,0.0857134814617557,PBPF,cracker_scene1,40,old
1939,8.265399694442749,0.0857134814617557,PBPF,cracker_scene1,40,old
1940,8.269790410995483,0.08576792379145469,PBPF,cracker_scene1,40,old
1941,8.273791313171387,0.08576792379145469,PBPF,cracker_scene1,40,old
1942,8.278135776519775,0.08567339952171449,PBPF,cracker_scene1,40,old
1943,8.282239198684692,0.08567339952171449,PBPF,cracker_scene1,40,old
1944,8.286606073379517,0.0856932279871203,PBPF,cracker_scene1,40,old
1945,8.290640830993652,0.0856932279871203,PBPF,cracker_scene1,40,old
1946,8.29502820968628,0.0855606649912105,PBPF,cracker_scene1,40,old
1947,8.299100399017334,0.0855606649912105,PBPF,cracker_scene1,40,old
1948,8.303434610366821,0.0856362819946067,PBPF,cracker_scene1,40,old
1949,8.307512521743774,0.0856362819946067,PBPF,cracker_scene1,40,old
1950,8.31187391281128,0.08565031265017099,PBPF,cracker_scene1,40,old
1951,8.31603193283081,0.08565031265017099,PBPF,cracker_scene1,40,old
1952,8.320346593856812,0.0856727780416991,PBPF,cracker_scene1,40,old
1953,8.32440185546875,0.0856727780416991,PBPF,cracker_scene1,40,old
1954,8.328752279281616,0.08565215417505609,PBPF,cracker_scene1,40,old
1955,8.332828283309937,0.08565215417505609,PBPF,cracker_scene1,40,old
1956,8.33727741241455,0.0856459703824502,PBPF,cracker_scene1,40,old
1957,8.341329097747803,0.0856459703824502,PBPF,cracker_scene1,40,old
1958,8.345842599868774,0.08567582452722869,PBPF,cracker_scene1,40,old
1959,8.350303173065186,0.0865681788251055,PBPF,cracker_scene1,40,old
1960,8.354522466659546,0.08657215286479919,PBPF,cracker_scene1,40,old
1961,8.358614444732666,0.08657215286479919,PBPF,cracker_scene1,40,old
1962,8.362756490707397,0.0865676665804481,PBPF,cracker_scene1,40,old
1963,8.366918087005615,0.08654161349529739,PBPF,cracker_scene1,40,old
1964,8.370902299880981,0.08654161349529739,PBPF,cracker_scene1,40,old
1965,8.374882221221924,0.08654161349529739,PBPF,cracker_scene1,40,old
1966,8.379467010498047,0.0865234652635358,PBPF,cracker_scene1,40,old
1967,8.383700132369995,0.0865234652635358,PBPF,cracker_scene1,40,old
1968,8.388173341751099,0.0864085234858554,PBPF,cracker_scene1,40,old
1969,8.392252683639526,0.0864085234858554,PBPF,cracker_scene1,40,old
1970,8.39643144607544,0.0864946991125406,PBPF,cracker_scene1,40,old
1971,8.40062427520752,0.08643429422211639,PBPF,cracker_scene1,40,old
1972,8.404768228530884,0.08643429422211639,PBPF,cracker_scene1,40,old
1973,8.408909797668457,0.08640647628273479,PBPF,cracker_scene1,40,old
1974,8.413140296936035,0.0864049252206925,PBPF,cracker_scene1,40,old
1975,8.417222261428833,0.0864049252206925,PBPF,cracker_scene1,40,old
1976,8.421158075332642,0.0864049252206925,PBPF,cracker_scene1,40,old
1977,8.425371885299683,0.0863580175636161,PBPF,cracker_scene1,40,old
1978,8.429511785507202,0.0863580175636161,PBPF,cracker_scene1,40,old
1979,8.4337739944458,0.08638403810643219,PBPF,cracker_scene1,40,old
1980,8.439145565032959,0.086488512953006,PBPF,cracker_scene1,40,old
1981,8.443454504013062,0.086488512953006,PBPF,cracker_scene1,40,old
1982,8.447756052017212,0.0864154439303419,PBPF,cracker_scene1,40,old
1983,8.45180082321167,0.0864154439303419,PBPF,cracker_scene1,40,old
1984,8.45622706413269,0.08649973852214139,PBPF,cracker_scene1,40,old
1985,8.460488080978394,0.0864674728376543,PBPF,cracker_scene1,40,old
1986,8.464632034301758,0.08644350273335259,PBPF,cracker_scene1,40,old
1987,8.468925952911377,0.08644350273335259,PBPF,cracker_scene1,40,old
1988,8.47303581237793,0.0864142693747112,PBPF,cracker_scene1,40,old
1989,8.477206468582153,0.0864142693747112,PBPF,cracker_scene1,40,old
1990,8.481359243392944,0.0864142693747112,PBPF,cracker_scene1,40,old
1991,8.485552072525024,0.0862650819358598,PBPF,cracker_scene1,40,old
1992,8.48989987373352,0.0862650819358598,PBPF,cracker_scene1,40,old
1993,8.494179010391235,0.08631823488785789,PBPF,cracker_scene1,40,old
1994,8.498236656188965,0.08631823488785789,PBPF,cracker_scene1,40,old
1995,8.50251579284668,0.08632582045516099,PBPF,cracker_scene1,40,old
1996,8.506686210632324,0.08632582045516099,PBPF,cracker_scene1,40,old
1997,8.511211395263672,0.0867237947340386,PBPF,cracker_scene1,40,old
1998,8.515179872512817,0.0867237947340386,PBPF,cracker_scene1,40,old
1999,8.519492387771606,0.0866405506696322,PBPF,cracker_scene1,40,old
2000,8.523658752441406,0.0866405506696322,PBPF,cracker_scene1,40,old
2001,8.527795791625977,0.0866956495208566,PBPF,cracker_scene1,40,old
2002,8.531880378723145,0.0866956495208566,PBPF,cracker_scene1,40,old
2003,8.536026239395142,0.08666785010306159,PBPF,cracker_scene1,40,old
2004,8.54016661643982,0.08666785010306159,PBPF,cracker_scene1,40,old
2005,8.544502019882202,0.0866457713723062,PBPF,cracker_scene1,40,old
2006,8.548813819885254,0.0866457713723062,PBPF,cracker_scene1,40,old
2007,8.55291485786438,0.086549447256282,PBPF,cracker_scene1,40,old
2008,8.557100772857666,0.086549447256282,PBPF,cracker_scene1,40,old
2009,8.561196565628052,0.0865087528624955,PBPF,cracker_scene1,40,old
2010,8.565459728240967,0.08657828343537699,PBPF,cracker_scene1,40,old
2011,8.56949496269226,0.08657828343537699,PBPF,cracker_scene1,40,old
2012,8.57364797592163,0.08659024077722559,PBPF,cracker_scene1,40,old
2013,8.577958106994629,0.08660502267304769,PBPF,cracker_scene1,40,old
2014,8.58235788345337,0.08657769592455619,PBPF,cracker_scene1,40,old
2015,8.586879014968872,0.08658828726755849,PBPF,cracker_scene1,40,old
2016,8.590838193893433,0.08658828726755849,PBPF,cracker_scene1,40,old
2017,8.594784498214722,0.08658828726755849,PBPF,cracker_scene1,40,old
2018,8.598943948745728,0.08658054507193409,PBPF,cracker_scene1,40,old
2019,8.603489875793457,0.08649425425097129,PBPF,cracker_scene1,40,old
2020,8.607487678527832,0.08649425425097129,PBPF,cracker_scene1,40,old
2021,8.611885786056519,0.08654737612641579,PBPF,cracker_scene1,40,old
2022,8.615906000137329,0.08654737612641579,PBPF,cracker_scene1,40,old
2023,8.620440006256104,0.0865109012742757,PBPF,cracker_scene1,40,old
2024,8.624433040618896,0.0865109012742757,PBPF,cracker_scene1,40,old
2025,8.62877345085144,0.08642384917660509,PBPF,cracker_scene1,40,old
2026,8.632843255996704,0.08642384917660509,PBPF,cracker_scene1,40,old
2027,8.637194156646729,0.0864188843376597,PBPF,cracker_scene1,40,old
2028,8.641218423843384,0.0864188843376597,PBPF,cracker_scene1,40,old
2029,8.645530700683594,0.08651948375707179,PBPF,cracker_scene1,40,old
2030,8.649797916412354,0.08653209532851999,PBPF,cracker_scene1,40,old
2031,8.654147624969482,0.08644848270034579,PBPF,cracker_scene1,40,old
2032,8.658137083053589,0.08644848270034579,PBPF,cracker_scene1,40,old
2033,8.662620306015015,0.0865236412163352,PBPF,cracker_scene1,40,old
2034,8.66662335395813,0.0865236412163352,PBPF,cracker_scene1,40,old
2035,8.67132019996643,0.08826154694923069,PBPF,cracker_scene1,40,old
2036,8.675290822982788,0.08826154694923069,PBPF,cracker_scene1,40,old
2037,8.6796715259552,0.08814987707139879,PBPF,cracker_scene1,40,old
2038,8.68372106552124,0.08822579621261249,PBPF,cracker_scene1,40,old
2039,8.688053607940674,0.08824221661195579,PBPF,cracker_scene1,40,old
2040,8.692354917526245,0.08824221661195579,PBPF,cracker_scene1,40,old
2041,8.696650981903076,0.0882698767081065,PBPF,cracker_scene1,40,old
2042,8.700830221176147,0.08814022241278299,PBPF,cracker_scene1,40,old
2043,8.704911947250366,0.08814022241278299,PBPF,cracker_scene1,40,old
2044,8.70905089378357,0.0882242731585166,PBPF,cracker_scene1,40,old
2045,8.71323037147522,0.0882242731585166,PBPF,cracker_scene1,40,old
2046,8.717273473739624,0.0882009970336696,PBPF,cracker_scene1,40,old
2047,8.721521854400635,0.0882009970336696,PBPF,cracker_scene1,40,old
2048,8.725698947906494,0.08821026487546049,PBPF,cracker_scene1,40,old
2049,8.729986190795898,0.08821026487546049,PBPF,cracker_scene1,40,old
2050,8.733991861343384,0.0882137347311192,PBPF,cracker_scene1,40,old
2051,8.738488674163818,0.08819829108875249,PBPF,cracker_scene1,40,old
2052,8.74260950088501,0.08819174640157529,PBPF,cracker_scene1,40,old
2053,8.746835947036743,0.0881937925758904,PBPF,cracker_scene1,40,old
2054,8.751190185546875,0.08808094617243209,PBPF,cracker_scene1,40,old
2055,8.755417823791504,0.08808094617243209,PBPF,cracker_scene1,40,old
2056,8.759456872940063,0.08808094617243209,PBPF,cracker_scene1,40,old
2057,8.763739585876465,0.088159949458104,PBPF,cracker_scene1,40,old
2058,8.76810359954834,0.08816176832195119,PBPF,cracker_scene1,40,old
2059,8.772284030914307,0.08816176832195119,PBPF,cracker_scene1,40,old
2060,8.776647567749023,0.0881696577195741,PBPF,cracker_scene1,40,old
2061,8.780918598175049,0.0881696577195741,PBPF,cracker_scene1,40,old
2062,8.785291910171509,0.08815976771121739,PBPF,cracker_scene1,40,old
2063,8.789527654647827,0.08815976771121739,PBPF,cracker_scene1,40,old
2064,8.793839454650879,0.08811676946405769,PBPF,cracker_scene1,40,old
2065,8.798039674758911,0.08811676946405769,PBPF,cracker_scene1,40,old
2066,8.802307844161987,0.08811516015813209,PBPF,cracker_scene1,40,old
2067,8.806427240371704,0.08811516015813209,PBPF,cracker_scene1,40,old
2068,8.810714721679688,0.08806061956992449,PBPF,cracker_scene1,40,old
2069,8.814844846725464,0.08806061956992449,PBPF,cracker_scene1,40,old
2070,8.819045543670654,0.08806061956992449,PBPF,cracker_scene1,40,old
2071,8.82309865951538,0.08806061956992449,PBPF,cracker_scene1,40,old
2072,8.827210664749146,0.0880368683773784,PBPF,cracker_scene1,40,old
2073,8.831397294998169,0.08996929185668419,PBPF,cracker_scene1,40,old
2074,8.83545207977295,0.09003827599856369,PBPF,cracker_scene1,40,old
2075,8.839530944824219,0.0899385564994043,PBPF,cracker_scene1,40,old
2076,8.843504190444946,0.0899385564994043,PBPF,cracker_scene1,40,old
2077,8.847999811172485,0.0899196379026548,PBPF,cracker_scene1,40,old
2078,8.852458238601685,0.0899196379026548,PBPF,cracker_scene1,40,old
2079,8.856579065322876,0.0899921926468944,PBPF,cracker_scene1,40,old
2080,8.860726356506348,0.0899921926468944,PBPF,cracker_scene1,40,old
2081,8.864879608154297,0.0899921926468944,PBPF,cracker_scene1,40,old
2082,8.868984699249268,0.0899657448259943,PBPF,cracker_scene1,40,old
2083,8.873192310333252,0.0899657448259943,PBPF,cracker_scene1,40,old
2084,8.877079963684082,0.0899657448259943,PBPF,cracker_scene1,40,old
2085,8.881649017333984,0.08988591909646179,PBPF,cracker_scene1,40,old
2086,8.88607406616211,0.0899388705036962,PBPF,cracker_scene1,40,old
2087,8.890358924865723,0.0899388705036962,PBPF,cracker_scene1,40,old
2088,8.894642353057861,0.089869244087736,PBPF,cracker_scene1,40,old
2089,8.898751258850098,0.089869244087736,PBPF,cracker_scene1,40,old
2090,8.903120756149292,0.0899567052601758,PBPF,cracker_scene1,40,old
2091,8.907289505004883,0.0899567052601758,PBPF,cracker_scene1,40,old
2092,8.911834478378296,0.0899227802750688,PBPF,cracker_scene1,40,old
2093,8.915963411331177,0.0899227802750688,PBPF,cracker_scene1,40,old
2094,8.920437335968018,0.0899221803805154,PBPF,cracker_scene1,40,old
2095,8.92464804649353,0.0899221803805154,PBPF,cracker_scene1,40,old
2096,8.929036140441895,0.08989594535706,PBPF,cracker_scene1,40,old
2097,8.9333655834198,0.08989594535706,PBPF,cracker_scene1,40,old
2098,8.937485456466675,0.0898938087110832,PBPF,cracker_scene1,40,old
2099,8.94161319732666,0.0898938087110832,PBPF,cracker_scene1,40,old
2100,8.94579792022705,0.08979111385377009,PBPF,cracker_scene1,40,old
2101,8.950093507766724,0.08979111385377009,PBPF,cracker_scene1,40,old
2102,8.954298496246338,0.0898641357404837,PBPF,cracker_scene1,40,old
2103,8.958511590957642,0.0898519851036891,PBPF,cracker_scene1,40,old
2104,8.962652921676636,0.0898519851036891,PBPF,cracker_scene1,40,old
2105,8.966878414154053,0.08985559175544189,PBPF,cracker_scene1,40,old
2106,8.970932245254517,0.08985559175544189,PBPF,cracker_scene1,40,old
2107,8.975157499313354,0.08985293373347379,PBPF,cracker_scene1,40,old
2108,8.979463338851929,0.08985463454970789,PBPF,cracker_scene1,40,old
2109,8.983392238616943,0.08985463454970789,PBPF,cracker_scene1,40,old
2110,8.987568378448486,0.0903236876781454,PBPF,cracker_scene1,40,old
2111,8.992270946502686,0.0902526675962103,PBPF,cracker_scene1,40,old
2112,8.99687123298645,0.0902686014744063,PBPF,cracker_scene1,40,old
2113,9.001104831695557,0.0902792842907533,PBPF,cracker_scene1,40,old
2114,9.005235433578491,0.0902792842907533,PBPF,cracker_scene1,40,old
2115,9.00943636894226,0.0902720276865503,PBPF,cracker_scene1,40,old
2116,9.013630628585815,0.09019650774541939,PBPF,cracker_scene1,40,old
2117,9.01797652244568,0.0902867430975106,PBPF,cracker_scene1,40,old
2118,9.021959066390991,0.0902867430975106,PBPF,cracker_scene1,40,old
2119,9.026025295257568,0.09028078112886939,PBPF,cracker_scene1,40,old
2120,9.03006625175476,0.09026786429327249,PBPF,cracker_scene1,40,old
2121,9.034222841262816,0.090200203613911,PBPF,cracker_scene1,40,old
2122,9.038169860839844,0.090200203613911,PBPF,cracker_scene1,40,old
2123,9.042242288589478,0.0901943668718902,PBPF,cracker_scene1,40,old
2124,9.046824216842651,0.09017879128116389,PBPF,cracker_scene1,40,old
2125,9.051154375076294,0.0901805512707482,PBPF,cracker_scene1,40,old
2126,9.055253267288208,0.0901805512707482,PBPF,cracker_scene1,40,old
2127,9.059420347213743,0.09015825971923279,PBPF,cracker_scene1,40,old
2128,9.063698530197144,0.09006318616827,PBPF,cracker_scene1,40,old
2129,9.067749500274658,0.09006318616827,PBPF,cracker_scene1,40,old
2130,9.072022199630736,0.0901490096757789,PBPF,cracker_scene1,40,old
2131,9.076133251190186,0.0901420754719052,PBPF,cracker_scene1,40,old
2132,9.08038091659546,0.0901420754719052,PBPF,cracker_scene1,40,old
2133,9.084827423095703,0.09014602510524819,PBPF,cracker_scene1,40,old
2134,9.089065074920654,0.0901485924484005,PBPF,cracker_scene1,40,old
2135,9.093290090560911,0.09013245997093319,PBPF,cracker_scene1,40,old
2136,9.097422122955322,0.09013245997093319,PBPF,cracker_scene1,40,old
2137,9.101687669754028,0.09012696643502509,PBPF,cracker_scene1,40,old
2138,9.105873584747314,0.09012696643502509,PBPF,cracker_scene1,40,old
2139,9.110118627548218,0.09015718315373869,PBPF,cracker_scene1,40,old
2140,9.114412546157835,0.09015718315373869,PBPF,cracker_scene1,40,old
2141,9.1186363697052,0.09018434172346139,PBPF,cracker_scene1,40,old
2142,9.122732162475586,0.09018434172346139,PBPF,cracker_scene1,40,old
2143,9.127546310424805,0.0901279298825919,PBPF,cracker_scene1,40,old
2144,9.1332745552063,0.0902125661509431,PBPF,cracker_scene1,40,old
2145,9.137796878814695,0.09021631428023,PBPF,cracker_scene1,40,old
2146,9.141990900039673,0.09021631428023,PBPF,cracker_scene1,40,old
2147,9.146448135375977,0.0900890049943059,PBPF,cracker_scene1,40,old
2148,9.150845050811768,0.09098398707911469,PBPF,cracker_scene1,40,old
2149,9.155121088027954,0.09098398707911469,PBPF,cracker_scene1,40,old
2150,9.159353017807009,0.0909317990388895,PBPF,cracker_scene1,40,old
2151,9.16370701789856,0.0909317990388895,PBPF,cracker_scene1,40,old
2152,9.16787576675415,0.09090816549279049,PBPF,cracker_scene1,40,old
2153,9.172360181808472,0.09090816549279049,PBPF,cracker_scene1,40,old
2154,9.176602363586426,0.090930376987561,PBPF,cracker_scene1,40,old
2155,9.180917978286743,0.090930376987561,PBPF,cracker_scene1,40,old
2156,9.185275793075562,0.0908349744057282,PBPF,cracker_scene1,40,old
2157,9.189406156539915,0.0908349744057282,PBPF,cracker_scene1,40,old
2158,9.193791151046751,0.09088210342760179,PBPF,cracker_scene1,40,old
2159,9.1978280544281,0.09088210342760179,PBPF,cracker_scene1,40,old
2160,9.202223539352415,0.0907910255340436,PBPF,cracker_scene1,40,old
2161,9.206380367279053,0.0907910255340436,PBPF,cracker_scene1,40,old
2162,9.210631370544434,0.0908909297007844,PBPF,cracker_scene1,40,old
2163,9.214821100234984,0.0908909297007844,PBPF,cracker_scene1,40,old
2164,9.219230651855469,0.09092746150251209,PBPF,cracker_scene1,40,old
2165,9.223376512527466,0.09092746150251209,PBPF,cracker_scene1,40,old
2166,9.227664470672607,0.09095192112138929,PBPF,cracker_scene1,40,old
2167,9.231890201568604,0.09095192112138929,PBPF,cracker_scene1,40,old
2168,9.23611307144165,0.090972474946021,PBPF,cracker_scene1,40,old
2169,9.24034070968628,0.090972474946021,PBPF,cracker_scene1,40,old
2170,9.244735479354858,0.09084082682977919,PBPF,cracker_scene1,40,old
2171,9.248864650726318,0.09084082682977919,PBPF,cracker_scene1,40,old
2172,9.25335144996643,0.0909173638425773,PBPF,cracker_scene1,40,old
2173,9.257344961166382,0.0909173638425773,PBPF,cracker_scene1,40,old
2174,9.26160740852356,0.09090621036244209,PBPF,cracker_scene1,40,old
2175,9.26560378074646,0.09090621036244209,PBPF,cracker_scene1,40,old
2176,9.269793033599854,0.0908818315238331,PBPF,cracker_scene1,40,old
2177,9.273838520050049,0.0908818315238331,PBPF,cracker_scene1,40,old
2178,9.278539180755615,0.0908659608042763,PBPF,cracker_scene1,40,old
2179,9.2826726436615,0.0908659608042763,PBPF,cracker_scene1,40,old
2180,9.287216663360596,0.09074448697157869,PBPF,cracker_scene1,40,old
2181,9.291276693344116,0.09074448697157869,PBPF,cracker_scene1,40,old
2182,9.295661687850952,0.09083673837647159,PBPF,cracker_scene1,40,old
2183,9.299697637557983,0.09083673837647159,PBPF,cracker_scene1,40,old
2184,9.304589748382568,0.0912380897762371,PBPF,cracker_scene1,40,old
2185,9.308748960494995,0.09122588037936889,PBPF,cracker_scene1,40,old
2186,9.313133955001833,0.0912182823835027,PBPF,cracker_scene1,40,old
2187,9.317394256591797,0.09130777722877749,PBPF,cracker_scene1,40,old
2188,9.321687698364258,0.09130777722877749,PBPF,cracker_scene1,40,old
2189,9.325823307037354,0.0913033333977108,PBPF,cracker_scene1,40,old
2190,9.330087900161743,0.0913033333977108,PBPF,cracker_scene1,40,old
2191,9.33432912826538,0.09129481357851839,PBPF,cracker_scene1,40,old
2192,9.338601350784302,0.09129481357851839,PBPF,cracker_scene1,40,old
2193,9.342812299728394,0.09128451010560759,PBPF,cracker_scene1,40,old
2194,9.347058057785034,0.0912913743634122,PBPF,cracker_scene1,40,old
2195,9.351280212402344,0.0911987412484404,PBPF,cracker_scene1,40,old
2196,9.35563898086548,0.0912022881875728,PBPF,cracker_scene1,40,old
2197,9.359890937805176,0.0913015319058334,PBPF,cracker_scene1,40,old
2198,9.364125728607178,0.0913015319058334,PBPF,cracker_scene1,40,old
2199,9.36838436126709,0.091304567828811,PBPF,cracker_scene1,40,old
2200,9.372730731964111,0.091304567828811,PBPF,cracker_scene1,40,old
2201,9.37704062461853,0.09130451200279649,PBPF,cracker_scene1,40,old
2202,9.38123655319214,0.09130451200279649,PBPF,cracker_scene1,40,old
2203,9.385539531707764,0.09116612044829979,PBPF,cracker_scene1,40,old
2204,9.389710664749146,0.09116612044829979,PBPF,cracker_scene1,40,old
2205,9.394050598144531,0.0909977504647195,PBPF,cracker_scene1,40,old
2206,9.398229360580444,0.0909977504647195,PBPF,cracker_scene1,40,old
2207,9.402501106262209,0.0910896322395702,PBPF,cracker_scene1,40,old
2208,9.406914710998535,0.0910896322395702,PBPF,cracker_scene1,40,old
2209,9.411263465881348,0.09094528873438959,PBPF,cracker_scene1,40,old
2210,9.41546368598938,0.09094528873438959,PBPF,cracker_scene1,40,old
2211,9.419851303100586,0.09091099309515019,PBPF,cracker_scene1,40,old
2212,9.42396354675293,0.09091099309515019,PBPF,cracker_scene1,40,old
2213,9.4283709526062,0.09102126409262369,PBPF,cracker_scene1,40,old
2214,9.43250322341919,0.09102126409262369,PBPF,cracker_scene1,40,old
2215,9.43687129020691,0.091047952283369,PBPF,cracker_scene1,40,old
2216,9.441049814224243,0.091047952283369,PBPF,cracker_scene1,40,old
2217,9.445396900177002,0.0910771331479287,PBPF,cracker_scene1,40,old
2218,9.4497332572937,0.0910771331479287,PBPF,cracker_scene1,40,old
2219,9.454217195510864,0.09106320842016749,PBPF,cracker_scene1,40,old
2220,9.458527088165283,0.0909578932226154,PBPF,cracker_scene1,40,old
2221,9.463937520980837,0.090964611478213,PBPF,cracker_scene1,40,old
2222,9.469152450561523,0.0916808348675254,PBPF,cracker_scene1,40,old
2223,9.473242044448853,0.0916808348675254,PBPF,cracker_scene1,40,old
2224,9.477368593215942,0.091683482889228,PBPF,cracker_scene1,40,old
2225,9.481433153152466,0.091683482889228,PBPF,cracker_scene1,40,old
2226,9.486244678497314,0.09167258100627189,PBPF,cracker_scene1,40,old
2227,9.49039626121521,0.09167258100627189,PBPF,cracker_scene1,40,old
2228,9.494705438613892,0.0916600855302322,PBPF,cracker_scene1,40,old
2229,9.498816013336182,0.0916600855302322,PBPF,cracker_scene1,40,old
2230,9.50321340560913,0.0916068680086872,PBPF,cracker_scene1,40,old
2231,9.50737690925598,0.0916068680086872,PBPF,cracker_scene1,40,old
2232,9.511706352233888,0.09157990362527739,PBPF,cracker_scene1,40,old
2233,9.51608180999756,0.09157990362527739,PBPF,cracker_scene1,40,old
2234,9.520428895950316,0.09153697489211199,PBPF,cracker_scene1,40,old
2235,9.524549722671509,0.09153697489211199,PBPF,cracker_scene1,40,old
2236,9.52903127670288,0.0915032977173836,PBPF,cracker_scene1,40,old
2237,9.533062934875488,0.0915032977173836,PBPF,cracker_scene1,40,old
2238,9.537239074707031,0.09156525520774139,PBPF,cracker_scene1,40,old
2239,9.541336297988892,0.09156525520774139,PBPF,cracker_scene1,40,old
2240,9.54568600654602,0.0915714609379778,PBPF,cracker_scene1,40,old
2241,9.549786806106567,0.0915714609379778,PBPF,cracker_scene1,40,old
2242,9.554193019866943,0.0915605633912843,PBPF,cracker_scene1,40,old
2243,9.558213233947754,0.0915724152246491,PBPF,cracker_scene1,40,old
2244,9.562675714492798,0.091579289917437,PBPF,cracker_scene1,40,old
2245,9.566915035247805,0.0915671976690004,PBPF,cracker_scene1,40,old
2246,9.571098804473875,0.0915671976690004,PBPF,cracker_scene1,40,old
2247,9.575189113616943,0.0915671976690004,PBPF,cracker_scene1,40,old
2248,9.579565048217772,0.0915281605760038,PBPF,cracker_scene1,40,old
2249,9.58377242088318,0.0915281605760038,PBPF,cracker_scene1,40,old
2250,9.588095426559448,0.0915304468561836,PBPF,cracker_scene1,40,old
2251,9.592110872268677,0.0915229016701265,PBPF,cracker_scene1,40,old
2252,9.596461057662964,0.0914955476831132,PBPF,cracker_scene1,40,old
2253,9.60058617591858,0.0913959280109838,PBPF,cracker_scene1,40,old
2254,9.604963064193726,0.0913959280109838,PBPF,cracker_scene1,40,old
2255,9.60912275314331,0.0914915352106704,PBPF,cracker_scene1,40,old
2256,9.613363027572632,0.0914915352106704,PBPF,cracker_scene1,40,old
2257,9.617546796798706,0.09142285459208499,PBPF,cracker_scene1,40,old
2258,9.6215398311615,0.09142285459208499,PBPF,cracker_scene1,40,old
2259,9.62578272819519,0.09142285459208499,PBPF,cracker_scene1,40,old
2260,9.630656719207764,0.0919273730282109,PBPF,cracker_scene1,40,old
2261,9.63484525680542,0.0919273730282109,PBPF,cracker_scene1,40,old
2262,9.639410018920898,0.091887530185932,PBPF,cracker_scene1,40,old
2263,9.643730640411375,0.091887530185932,PBPF,cracker_scene1,40,old
2264,9.648640155792236,0.0917940252334688,PBPF,cracker_scene1,40,old
2265,9.652951002120972,0.0919079643751863,PBPF,cracker_scene1,40,old
2266,9.657118558883669,0.0919079643751863,PBPF,cracker_scene1,40,old
2267,9.661305665969849,0.09191190355555609,PBPF,cracker_scene1,40,old
2268,9.66564965248108,0.09191647180273209,PBPF,cracker_scene1,40,old
2269,9.66975474357605,0.09191647180273209,PBPF,cracker_scene1,40,old
2270,9.67392897605896,0.091779208834712,PBPF,cracker_scene1,40,old
2271,9.67811107635498,0.091779208834712,PBPF,cracker_scene1,40,old
2272,9.682493925094604,0.09175526486611639,PBPF,cracker_scene1,40,old
2273,9.686684608459473,0.0917706411021038,PBPF,cracker_scene1,40,old
2274,9.690691947937012,0.09180584711558559,PBPF,cracker_scene1,40,old
2275,9.694729804992676,0.09180584711558559,PBPF,cracker_scene1,40,old
2276,9.698742628097534,0.09180584711558559,PBPF,cracker_scene1,40,old
2277,9.702786922454834,0.0917115264040872,PBPF,cracker_scene1,40,old
2278,9.707075834274292,0.0917115264040872,PBPF,cracker_scene1,40,old
2279,9.711514711380005,0.0917899488976197,PBPF,cracker_scene1,40,old
2280,9.715964794158936,0.0917899488976197,PBPF,cracker_scene1,40,old
2281,9.720182418823242,0.0917833372968041,PBPF,cracker_scene1,40,old
2282,9.724332571029665,0.0917833372968041,PBPF,cracker_scene1,40,old
2283,9.728530168533323,0.09175912079476399,PBPF,cracker_scene1,40,old
2284,9.732668161392212,0.09175912079476399,PBPF,cracker_scene1,40,old
2285,9.737001419067385,0.09163831174739799,PBPF,cracker_scene1,40,old
2286,9.740944147109984,0.09163831174739799,PBPF,cracker_scene1,40,old
2287,9.74506664276123,0.09163831174739799,PBPF,cracker_scene1,40,old
2288,9.749645233154297,0.0916562338818793,PBPF,cracker_scene1,40,old
2289,9.753827571868896,0.0917205006640235,PBPF,cracker_scene1,40,old
2290,9.758066415786743,0.0916915800048794,PBPF,cracker_scene1,40,old
2291,9.762140274047852,0.0916915800048794,PBPF,cracker_scene1,40,old
2292,9.766525983810425,0.091724373689705,PBPF,cracker_scene1,40,old
2293,9.770706176757812,0.0917260654778022,PBPF,cracker_scene1,40,old
2294,9.77504825592041,0.0917260654778022,PBPF,cracker_scene1,40,old
2295,9.779359579086304,0.0917260654778022,PBPF,cracker_scene1,40,old
2296,9.78404712677002,0.0917287770285804,PBPF,cracker_scene1,40,old
2297,9.7890625,0.0910975450288907,PBPF,cracker_scene1,40,old
2298,9.79403591156006,0.09104512249729889,PBPF,cracker_scene1,40,old
2299,9.798224925994871,0.09104512249729889,PBPF,cracker_scene1,40,old
2300,9.802539587020874,0.0909859820626258,PBPF,cracker_scene1,40,old
2301,9.806783199310305,0.0909859820626258,PBPF,cracker_scene1,40,old
2302,9.811213970184326,0.0909645759422655,PBPF,cracker_scene1,40,old
2303,9.815471649169922,0.0909645759422655,PBPF,cracker_scene1,40,old
2304,9.819950342178345,0.0909463630456851,PBPF,cracker_scene1,40,old
2305,9.824046611785889,0.0909463630456851,PBPF,cracker_scene1,40,old
2306,9.828529596328735,0.0909212170254114,PBPF,cracker_scene1,40,old
2307,9.83264422416687,0.0909212170254114,PBPF,cracker_scene1,40,old
2308,9.836946964263916,0.0909054035371876,PBPF,cracker_scene1,40,old
2309,9.841234922409058,0.09090182516175829,PBPF,cracker_scene1,40,old
2310,9.845481634140016,0.09089107620237509,PBPF,cracker_scene1,40,old
2311,9.85007619857788,0.0908994840541251,PBPF,cracker_scene1,40,old
2312,9.854594230651855,0.09087410597310669,PBPF,cracker_scene1,40,old
2313,9.858747005462646,0.09087410597310669,PBPF,cracker_scene1,40,old
2314,9.86319613456726,0.0908048546380682,PBPF,cracker_scene1,40,old
2315,9.869266271591188,0.09087170285327159,PBPF,cracker_scene1,40,old
2316,9.873389482498167,0.09087170285327159,PBPF,cracker_scene1,40,old
2317,9.87786865234375,0.0908449350723633,PBPF,cracker_scene1,40,old
2318,9.882209300994871,0.0908449350723633,PBPF,cracker_scene1,40,old
2319,9.886605024337769,0.0907542200361214,PBPF,cracker_scene1,40,old
2320,9.890846490859984,0.0907542200361214,PBPF,cracker_scene1,40,old
2321,9.895183563232422,0.0908547859110901,PBPF,cracker_scene1,40,old
2322,9.899387121200562,0.0908547859110901,PBPF,cracker_scene1,40,old
2323,9.903936386108398,0.0907412588836446,PBPF,cracker_scene1,40,old
2324,9.908244132995604,0.0907412588836446,PBPF,cracker_scene1,40,old
2325,9.912632942199709,0.090812002826799,PBPF,cracker_scene1,40,old
2326,9.917044401168823,0.090812002826799,PBPF,cracker_scene1,40,old
2327,9.92159867286682,0.0907558545989952,PBPF,cracker_scene1,40,old
2328,9.92591118812561,0.0907259875261425,PBPF,cracker_scene1,40,old
2329,9.930151462554932,0.0907259875261425,PBPF,cracker_scene1,40,old
2330,9.934375286102297,0.09071634770533149,PBPF,cracker_scene1,40,old
2331,9.9387788772583,0.09071634770533149,PBPF,cracker_scene1,40,old
2332,9.942965507507324,0.09075440474753049,PBPF,cracker_scene1,40,old
2333,9.9473557472229,0.09177924765751659,PBPF,cracker_scene1,40,old
2334,9.951898336410522,0.0917408895664278,PBPF,cracker_scene1,40,old
2335,9.956094980239868,0.0917408895664278,PBPF,cracker_scene1,40,old
2336,9.960338354110718,0.0917426800719532,PBPF,cracker_scene1,40,old
2337,9.964486360549929,0.0917426800719532,PBPF,cracker_scene1,40,old
2338,9.968648195266724,0.091734537410837,PBPF,cracker_scene1,40,old
2339,9.972793102264404,0.091734537410837,PBPF,cracker_scene1,40,old
2340,9.977045059204102,0.0916330167861185,PBPF,cracker_scene1,40,old
2341,9.981120109558104,0.0916330167861185,PBPF,cracker_scene1,40,old
2342,9.98551869392395,0.0916130203940163,PBPF,cracker_scene1,40,old
2343,9.989598274230955,0.0916130203940163,PBPF,cracker_scene1,40,old
2344,9.993834018707275,0.0916651116165792,PBPF,cracker_scene1,40,old
2345,9.997989416122437,0.0916651116165792,PBPF,cracker_scene1,40,old
2346,10.00221848487854,0.09156963624297919,PBPF,cracker_scene1,40,old
2347,10.006303310394289,0.09156963624297919,PBPF,cracker_scene1,40,old
2348,10.0104558467865,0.0916249928445989,PBPF,cracker_scene1,40,old
2349,10.014671564102173,0.0916249928445989,PBPF,cracker_scene1,40,old
2350,10.018954992294312,0.09161907223337129,PBPF,cracker_scene1,40,old
2351,10.023120880126951,0.0915972971666974,PBPF,cracker_scene1,40,old
2352,10.027321100234984,0.0915972971666974,PBPF,cracker_scene1,40,old
2353,10.031542539596558,0.09157401424708239,PBPF,cracker_scene1,40,old
2354,10.035897016525269,0.0914736660304368,PBPF,cracker_scene1,40,old
2355,10.040004014968872,0.0914736660304368,PBPF,cracker_scene1,40,old
2356,10.044280290603638,0.0915377011872378,PBPF,cracker_scene1,40,old
2357,10.048639297485352,0.0915377011872378,PBPF,cracker_scene1,40,old
2358,10.05298662185669,0.0915196611442963,PBPF,cracker_scene1,40,old
2359,10.05720853805542,0.0915196611442963,PBPF,cracker_scene1,40,old
2360,10.0613272190094,0.09152314410718039,PBPF,cracker_scene1,40,old
2361,10.06551456451416,0.0914527625457459,PBPF,cracker_scene1,40,old
2362,10.069814443588257,0.091525608217915,PBPF,cracker_scene1,40,old
2363,10.073987483978271,0.091525608217915,PBPF,cracker_scene1,40,old
2364,10.07819890975952,0.091525608217915,PBPF,cracker_scene1,40,old
2365,10.082285404205322,0.091525608217915,PBPF,cracker_scene1,40,old
2366,10.086740493774414,0.0915224995566885,PBPF,cracker_scene1,40,old
2367,10.091028928756714,0.09149940476222479,PBPF,cracker_scene1,40,old
2368,10.09533190727234,0.0914504837971319,PBPF,cracker_scene1,40,old
2369,10.099554061889648,0.0914428836549365,PBPF,cracker_scene1,40,old
2370,10.103896617889404,0.09140978657885819,PBPF,cracker_scene1,40,old
2371,10.108523845672607,0.090246589196097,PBPF,cracker_scene1,40,old
2372,10.112682819366457,0.0902514269173019,PBPF,cracker_scene1,40,old
2373,10.117067098617554,0.0901783177392803,PBPF,cracker_scene1,40,old
2374,10.121285915374756,0.0901783177392803,PBPF,cracker_scene1,40,old
2375,10.125537633895874,0.09006664368315359,PBPF,cracker_scene1,40,old
2376,10.129765272140505,0.09006664368315359,PBPF,cracker_scene1,40,old
2377,10.133789539337158,0.09006664368315359,PBPF,cracker_scene1,40,old
2378,10.138134002685549,0.0900446023168449,PBPF,cracker_scene1,40,old
2379,10.142127990722656,0.0900446023168449,PBPF,cracker_scene1,40,old
2380,10.14642596244812,0.0900611120884107,PBPF,cracker_scene1,40,old
2381,10.150828838348389,0.0900611120884107,PBPF,cracker_scene1,40,old
2382,10.154899835586548,0.09005498412423779,PBPF,cracker_scene1,40,old
2383,10.158965349197388,0.09005498412423779,PBPF,cracker_scene1,40,old
2384,10.163037300109863,0.09007242455690319,PBPF,cracker_scene1,40,old
2385,10.167157411575316,0.09007242455690319,PBPF,cracker_scene1,40,old
2386,10.171301364898682,0.0900910975358097,PBPF,cracker_scene1,40,old
2387,10.17530608177185,0.0900910975358097,PBPF,cracker_scene1,40,old
2388,10.179896593093872,0.09000910616543349,PBPF,cracker_scene1,40,old
2389,10.18435525894165,0.0901264778672727,PBPF,cracker_scene1,40,old
2390,10.188780784606934,0.0901102086055727,PBPF,cracker_scene1,40,old
2391,10.193288564682009,0.0899914777604863,PBPF,cracker_scene1,40,old
2392,10.197556734085085,0.0899914777604863,PBPF,cracker_scene1,40,old
2393,10.20183253288269,0.09004102175832339,PBPF,cracker_scene1,40,old
2394,10.206066608428957,0.09004102175832339,PBPF,cracker_scene1,40,old
2395,10.21032691001892,0.0899267742757128,PBPF,cracker_scene1,40,old
2396,10.21459174156189,0.0899267742757128,PBPF,cracker_scene1,40,old
2397,10.219012260437012,0.0900208516337587,PBPF,cracker_scene1,40,old
2398,10.223167896270752,0.0900208516337587,PBPF,cracker_scene1,40,old
2399,10.227529287338257,0.08998651739423899,PBPF,cracker_scene1,40,old
2400,10.231607437133787,0.08998651739423899,PBPF,cracker_scene1,40,old
2401,10.23588514328003,0.0899880388822974,PBPF,cracker_scene1,40,old
2402,10.240030527114868,0.0899880388822974,PBPF,cracker_scene1,40,old
2403,10.244297742843628,0.0900336371603282,PBPF,cracker_scene1,40,old
2404,10.248484373092651,0.0900336371603282,PBPF,cracker_scene1,40,old
2405,10.252739191055298,0.08994008267766279,PBPF,cracker_scene1,40,old
2406,10.256974458694458,0.08994008267766279,PBPF,cracker_scene1,40,old
2407,10.261378049850464,0.0900619902673501,PBPF,cracker_scene1,40,old
2408,10.265638828277588,0.09165625942465219,PBPF,cracker_scene1,40,old
2409,10.269906282424929,0.09164583045121649,PBPF,cracker_scene1,40,old
2410,10.2739577293396,0.09164583045121649,PBPF,cracker_scene1,40,old
2411,10.278287172317505,0.0915965132955804,PBPF,cracker_scene1,40,old
2412,10.282402753829956,0.0915965132955804,PBPF,cracker_scene1,40,old
2413,10.28673815727234,0.0915635002461043,PBPF,cracker_scene1,40,old
2414,10.290912389755247,0.0915635002461043,PBPF,cracker_scene1,40,old
2415,10.295188426971436,0.0915514644475256,PBPF,cracker_scene1,40,old
2416,10.299270153045654,0.0915514644475256,PBPF,cracker_scene1,40,old
2417,10.30365514755249,0.0915328762135772,PBPF,cracker_scene1,40,old
2418,10.30772590637207,0.0915328762135772,PBPF,cracker_scene1,40,old
2419,10.312004804611206,0.0915279340756265,PBPF,cracker_scene1,40,old
2420,10.316068649291992,0.0915279340756265,PBPF,cracker_scene1,40,old
2421,10.320377349853516,0.0915388999312034,PBPF,cracker_scene1,40,old
2422,10.32433271408081,0.0915388999312034,PBPF,cracker_scene1,40,old
2423,10.328832864761353,0.09142473261405329,PBPF,cracker_scene1,40,old
2424,10.3330659866333,0.09142473261405329,PBPF,cracker_scene1,40,old
2425,10.337388277053831,0.09146307711549899,PBPF,cracker_scene1,40,old
2426,10.341373205184937,0.09146307711549899,PBPF,cracker_scene1,40,old
2427,10.345763444900513,0.09145413611818849,PBPF,cracker_scene1,40,old
2428,10.350144863128662,0.09143453225180949,PBPF,cracker_scene1,40,old
2429,10.35421633720398,0.09143453225180949,PBPF,cracker_scene1,40,old
2430,10.358229637145996,0.09143453225180949,PBPF,cracker_scene1,40,old
2431,10.362418413162231,0.0913994827577678,PBPF,cracker_scene1,40,old
2432,10.366452693939207,0.0913994827577678,PBPF,cracker_scene1,40,old
2433,10.370702981948853,0.0913678093631308,PBPF,cracker_scene1,40,old
2434,10.37471318244934,0.0913678093631308,PBPF,cracker_scene1,40,old
2435,10.379265308380129,0.0913620686329784,PBPF,cracker_scene1,40,old
2436,10.38335394859314,0.0913620686329784,PBPF,cracker_scene1,40,old
2437,10.38786244392395,0.0913153736092061,PBPF,cracker_scene1,40,old
2438,10.391912698745728,0.0913153736092061,PBPF,cracker_scene1,40,old
2439,10.396301507949827,0.09124043944712999,PBPF,cracker_scene1,40,old
2440,10.400583744049072,0.09132948113499799,PBPF,cracker_scene1,40,old
2441,10.404831409454346,0.09132948113499799,PBPF,cracker_scene1,40,old
2442,10.409112453460692,0.0912401446009648,PBPF,cracker_scene1,40,old
2443,10.4136164188385,0.0912401446009648,PBPF,cracker_scene1,40,old
2444,10.41812539100647,0.0913177207360756,PBPF,cracker_scene1,40,old
2445,10.422701120376589,0.0913177207360756,PBPF,cracker_scene1,40,old
2446,10.427273511886597,0.09272989906484419,PBPF,cracker_scene1,40,old
2447,10.431555271148682,0.09272989906484419,PBPF,cracker_scene1,40,old
2448,10.435750484466553,0.09264074610728089,PBPF,cracker_scene1,40,old
2449,10.439931631088257,0.09264074610728089,PBPF,cracker_scene1,40,old
2450,10.444249153137209,0.0927003651688705,PBPF,cracker_scene1,40,old
2451,10.448392868041992,0.0927003651688705,PBPF,cracker_scene1,40,old
2452,10.45284628868103,0.0926630568812096,PBPF,cracker_scene1,40,old
2453,10.457331418991089,0.0926630568812096,PBPF,cracker_scene1,40,old
2454,10.462013959884644,0.0926419037574552,PBPF,cracker_scene1,40,old
2455,10.466395139694214,0.0926419037574552,PBPF,cracker_scene1,40,old
2456,10.47078824043274,0.09254578158617169,PBPF,cracker_scene1,40,old
2457,10.474859714508057,0.09262792631659969,PBPF,cracker_scene1,40,old
2458,10.479165077209473,0.0926094078565327,PBPF,cracker_scene1,40,old
2459,10.483309030532835,0.09261477287198809,PBPF,cracker_scene1,40,old
2460,10.487711668014526,0.0925906176557119,PBPF,cracker_scene1,40,old
2461,10.49175214767456,0.0925906176557119,PBPF,cracker_scene1,40,old
2462,10.496044874191284,0.09257624490231689,PBPF,cracker_scene1,40,old
2463,10.500107765197754,0.0925601857089606,PBPF,cracker_scene1,40,old
2464,10.504522562026978,0.09253772867312529,PBPF,cracker_scene1,40,old
2465,10.509005784988403,0.0925064441003185,PBPF,cracker_scene1,40,old
2466,10.513308048248293,0.0925064441003185,PBPF,cracker_scene1,40,old
2467,10.517643213272097,0.0924775325011117,PBPF,cracker_scene1,40,old
2468,10.521942138671877,0.0924775325011117,PBPF,cracker_scene1,40,old
2469,10.526075839996338,0.09248060187423719,PBPF,cracker_scene1,40,old
2470,10.530525207519531,0.09246440251075999,PBPF,cracker_scene1,40,old
2471,10.534795761108398,0.0924764142950332,PBPF,cracker_scene1,40,old
2472,10.539043426513672,0.0924764142950332,PBPF,cracker_scene1,40,old
2473,10.543274879455566,0.0924854619076566,PBPF,cracker_scene1,40,old
2474,10.547743320465088,0.0924854619076566,PBPF,cracker_scene1,40,old
2475,10.552077531814575,0.092474642074726,PBPF,cracker_scene1,40,old
2476,10.556195735931396,0.092474642074726,PBPF,cracker_scene1,40,old
2477,10.560524225234984,0.092388912032805,PBPF,cracker_scene1,40,old
2478,10.564747095108032,0.092388912032805,PBPF,cracker_scene1,40,old
2479,10.569151639938354,0.09239653241948849,PBPF,cracker_scene1,40,old
2480,10.573275566101074,0.09239653241948849,PBPF,cracker_scene1,40,old
2481,10.577589511871338,0.09238471442685059,PBPF,cracker_scene1,40,old
2482,10.581871032714844,0.09238471442685059,PBPF,cracker_scene1,40,old
2483,10.58628273010254,0.0923753319400408,PBPF,cracker_scene1,40,old
2484,10.59057641029358,0.09466020239528469,PBPF,cracker_scene1,40,old
2485,10.594789028167725,0.0946458241177985,PBPF,cracker_scene1,40,old
2486,10.598859786987305,0.0946458241177985,PBPF,cracker_scene1,40,old
2487,10.603005647659302,0.0945147200033897,PBPF,cracker_scene1,40,old
2488,10.606974363327026,0.0945147200033897,PBPF,cracker_scene1,40,old
2489,10.611746311187744,0.094564542752912,PBPF,cracker_scene1,40,old
2490,10.616101264953612,0.094564542752912,PBPF,cracker_scene1,40,old
2491,10.620711088180542,0.09456089646433269,PBPF,cracker_scene1,40,old
2492,10.624788761138916,0.09456089646433269,PBPF,cracker_scene1,40,old
2493,10.629365682601929,0.09458277002804219,PBPF,cracker_scene1,40,old
2494,10.633586406707764,0.0944726254395534,PBPF,cracker_scene1,40,old
2495,10.637569427490234,0.0944726254395534,PBPF,cracker_scene1,40,old
2496,10.641603231430054,0.0944726254395534,PBPF,cracker_scene1,40,old
2497,10.646092891693115,0.0944591387307939,PBPF,cracker_scene1,40,old
2498,10.650381088256836,0.09455731583520599,PBPF,cracker_scene1,40,old
2499,10.65470051765442,0.0945569649838486,PBPF,cracker_scene1,40,old
2500,10.658877849578856,0.09454914358437709,PBPF,cracker_scene1,40,old
2501,10.663221836090088,0.09454914358437709,PBPF,cracker_scene1,40,old
2502,10.667410373687744,0.0945336265508321,PBPF,cracker_scene1,40,old
2503,10.671760559082031,0.0945336265508321,PBPF,cracker_scene1,40,old
2504,10.676197290420532,0.0944998976965588,PBPF,cracker_scene1,40,old
2505,10.680508136749268,0.0944998976965588,PBPF,cracker_scene1,40,old
2506,10.684820175170898,0.09448256204603349,PBPF,cracker_scene1,40,old
2507,10.689063549041748,0.09448256204603349,PBPF,cracker_scene1,40,old
2508,10.693442821502686,0.0944556198223924,PBPF,cracker_scene1,40,old
2509,10.697608947753906,0.0944556198223924,PBPF,cracker_scene1,40,old
2510,10.7018940448761,0.09432306716073839,PBPF,cracker_scene1,40,old
2511,10.70604133605957,0.09432306716073839,PBPF,cracker_scene1,40,old
2512,10.710391283035278,0.09443036640938089,PBPF,cracker_scene1,40,old
2513,10.714593887329102,0.09443036640938089,PBPF,cracker_scene1,40,old
2514,10.718918561935425,0.0944428527599631,PBPF,cracker_scene1,40,old
2515,10.72307586669922,0.0944428527599631,PBPF,cracker_scene1,40,old
2516,10.727518796920776,0.0944565864414423,PBPF,cracker_scene1,40,old
2517,10.73177695274353,0.0944565864414423,PBPF,cracker_scene1,40,old
2518,10.736077070236206,0.0944503635286405,PBPF,cracker_scene1,40,old
2519,10.740341901779177,0.0944503635286405,PBPF,cracker_scene1,40,old
2520,10.744778871536257,0.09445012311952959,PBPF,cracker_scene1,40,old
2521,10.749059677124023,0.09445012311952959,PBPF,cracker_scene1,40,old
2522,10.75355315208435,0.0951525072338123,PBPF,cracker_scene1,40,old
2523,10.75766134262085,0.0951525072338123,PBPF,cracker_scene1,40,old
2524,10.76216959953308,0.095125822271906,PBPF,cracker_scene1,40,old
2525,10.766200065612791,0.095125822271906,PBPF,cracker_scene1,40,old
2526,10.770557403564451,0.0950897664059544,PBPF,cracker_scene1,40,old
2527,10.77465844154358,0.0950897664059544,PBPF,cracker_scene1,40,old
2528,10.779066324234009,0.09508373847820299,PBPF,cracker_scene1,40,old
2529,10.78337264060974,0.09508373847820299,PBPF,cracker_scene1,40,old
2530,10.787817001342772,0.09516801420771709,PBPF,cracker_scene1,40,old
2531,10.791999340057371,0.09516801420771709,PBPF,cracker_scene1,40,old
2532,10.796406745910645,0.0951216127453914,PBPF,cracker_scene1,40,old
2533,10.800645112991331,0.0951275187380503,PBPF,cracker_scene1,40,old
2534,10.805254697799684,0.0951168514000168,PBPF,cracker_scene1,40,old
2535,10.809661865234377,0.0951123362839017,PBPF,cracker_scene1,40,old
2536,10.813964128494264,0.0951123362839017,PBPF,cracker_scene1,40,old
2537,10.81831979751587,0.09497443412771489,PBPF,cracker_scene1,40,old
2538,10.822365760803224,0.09497443412771489,PBPF,cracker_scene1,40,old
2539,10.826408624649048,0.09497443412771489,PBPF,cracker_scene1,40,old
2540,10.830646753311155,0.0949531492593112,PBPF,cracker_scene1,40,old
2541,10.834676265716553,0.0949531492593112,PBPF,cracker_scene1,40,old
2542,10.83895468711853,0.09494688362882919,PBPF,cracker_scene1,40,old
2543,10.84333324432373,0.09494688362882919,PBPF,cracker_scene1,40,old
2544,10.847543478012083,0.09504126340765999,PBPF,cracker_scene1,40,old
2545,10.851924896240234,0.09504126340765999,PBPF,cracker_scene1,40,old
2546,10.856237173080444,0.09503048670942109,PBPF,cracker_scene1,40,old
2547,10.860519170761108,0.09503048670942109,PBPF,cracker_scene1,40,old
2548,10.864851236343384,0.09492684599075679,PBPF,cracker_scene1,40,old
2549,10.869107484817505,0.09492684599075679,PBPF,cracker_scene1,40,old
2550,10.873271226882936,0.09492684599075679,PBPF,cracker_scene1,40,old
2551,10.877625703811646,0.0950403720293897,PBPF,cracker_scene1,40,old
2552,10.882247686386108,0.09489643817978609,PBPF,cracker_scene1,40,old
2553,10.886471509933472,0.09489643817978609,PBPF,cracker_scene1,40,old
2554,10.890543222427368,0.0949013957659895,PBPF,cracker_scene1,40,old
2555,10.894908905029297,0.09487536369023529,PBPF,cracker_scene1,40,old
2556,10.899247884750366,0.09485011673039999,PBPF,cracker_scene1,40,old
2557,10.90357255935669,0.09485011673039999,PBPF,cracker_scene1,40,old
2558,10.90770673751831,0.0949492179350103,PBPF,cracker_scene1,40,old
2559,10.912227869033812,0.0954646904888639,PBPF,cracker_scene1,40,old
2560,10.916715383529665,0.0954453449480065,PBPF,cracker_scene1,40,old
2561,10.921002864837646,0.0954453449480065,PBPF,cracker_scene1,40,old
2562,10.925206661224363,0.0954121163598539,PBPF,cracker_scene1,40,old
2563,10.929572105407717,0.0954121163598539,PBPF,cracker_scene1,40,old
2564,10.933543682098389,0.0954121163598539,PBPF,cracker_scene1,40,old
2565,10.938008785247805,0.0953949985613312,PBPF,cracker_scene1,40,old
2566,10.94210720062256,0.0953949985613312,PBPF,cracker_scene1,40,old
2567,10.94653868675232,0.09526852078935169,PBPF,cracker_scene1,40,old
2568,10.95077633857727,0.09526852078935169,PBPF,cracker_scene1,40,old
2569,10.955194473266602,0.09535641566917949,PBPF,cracker_scene1,40,old
2570,10.959250926971436,0.09535641566917949,PBPF,cracker_scene1,40,old
2571,10.963863849639893,0.0952289826690579,PBPF,cracker_scene1,40,old
2572,10.968068599700928,0.0952289826690579,PBPF,cracker_scene1,40,old
2573,10.972638130187988,0.0952092928699498,PBPF,cracker_scene1,40,old
2574,10.976775407791138,0.0952092928699498,PBPF,cracker_scene1,40,old
2575,10.980964422225952,0.0952092928699498,PBPF,cracker_scene1,40,old
2576,10.985396385192873,0.09534085322169969,PBPF,cracker_scene1,40,old
2577,10.989998817443848,0.09524301359485729,PBPF,cracker_scene1,40,old
2578,10.994567155838013,0.09535616863679819,PBPF,cracker_scene1,40,old
2579,10.999141931533812,0.0953020567124426,PBPF,cracker_scene1,40,old
2580,11.003577947616575,0.09525886835919249,PBPF,cracker_scene1,40,old
2581,11.00762677192688,0.09525886835919249,PBPF,cracker_scene1,40,old
2582,11.012105464935305,0.09515783954538279,PBPF,cracker_scene1,40,old
2583,11.016370058059692,0.09515783954538279,PBPF,cracker_scene1,40,old
2584,11.020747423171995,0.09526831379180019,PBPF,cracker_scene1,40,old
2585,11.024999618530272,0.0952485546677863,PBPF,cracker_scene1,40,old
2586,11.029353857040403,0.0952506537865987,PBPF,cracker_scene1,40,old
2587,11.033663511276243,0.09524400210491729,PBPF,cracker_scene1,40,old
2588,11.038116455078123,0.0952202427655111,PBPF,cracker_scene1,40,old
2589,11.042343854904177,0.0952312547152102,PBPF,cracker_scene1,40,old
2590,11.046610116958618,0.0952312547152102,PBPF,cracker_scene1,40,old
2591,11.051116943359377,0.09516920260608809,PBPF,cracker_scene1,40,old
2592,11.05520749092102,0.09516920260608809,PBPF,cracker_scene1,40,old
2593,11.05936884880066,0.0951877885316277,PBPF,cracker_scene1,40,old
2594,11.063518047332764,0.0951877885316277,PBPF,cracker_scene1,40,old
2595,11.06770086288452,0.09517934381035359,PBPF,cracker_scene1,40,old
2596,11.071820259094238,0.09517934381035359,PBPF,cracker_scene1,40,old
2597,11.076322317123411,0.095756919760198,PBPF,cracker_scene1,40,old
2598,11.080384969711304,0.095756919760198,PBPF,cracker_scene1,40,old
2599,11.08529543876648,0.09559339658067349,PBPF,cracker_scene1,40,old
2600,11.090513229370115,0.09559339658067349,PBPF,cracker_scene1,40,old
2601,11.095436811447144,0.09569614517863499,PBPF,cracker_scene1,40,old
2602,11.099420547485352,0.09569614517863499,PBPF,cracker_scene1,40,old
2603,11.103740692138672,0.0956929087128621,PBPF,cracker_scene1,40,old
2604,11.107758045196531,0.0956929087128621,PBPF,cracker_scene1,40,old
2605,11.112098217010498,0.0956217105376857,PBPF,cracker_scene1,40,old
2606,11.116143703460692,0.0956217105376857,PBPF,cracker_scene1,40,old
2607,11.120489120483398,0.09547930414441,PBPF,cracker_scene1,40,old
2608,11.124590635299684,0.09547930414441,PBPF,cracker_scene1,40,old
2609,11.128852605819702,0.0955805249240938,PBPF,cracker_scene1,40,old
2610,11.132861375808716,0.0955805249240938,PBPF,cracker_scene1,40,old
2611,11.137100458145142,0.09557376905988739,PBPF,cracker_scene1,40,old
2612,11.141241788864136,0.09557376905988739,PBPF,cracker_scene1,40,old
2613,11.14575695991516,0.09542814090555489,PBPF,cracker_scene1,40,old
2614,11.150011777877808,0.09555888635600389,PBPF,cracker_scene1,40,old
2615,11.154481172561646,0.0955487049678795,PBPF,cracker_scene1,40,old
2616,11.15856909751892,0.09555775602383769,PBPF,cracker_scene1,40,old
2617,11.163011074066162,0.09555951015799559,PBPF,cracker_scene1,40,old
2618,11.167168617248535,0.0954874187294472,PBPF,cracker_scene1,40,old
2619,11.171501636505129,0.0954874187294472,PBPF,cracker_scene1,40,old
2620,11.17592716217041,0.0954900972695691,PBPF,cracker_scene1,40,old
2621,11.180268287658691,0.0954900972695691,PBPF,cracker_scene1,40,old
2622,11.18463945388794,0.0953689394289822,PBPF,cracker_scene1,40,old
2623,11.188974618911743,0.0953689394289822,PBPF,cracker_scene1,40,old
2624,11.193254947662354,0.0954876138464266,PBPF,cracker_scene1,40,old
2625,11.197555541992188,0.0954876138464266,PBPF,cracker_scene1,40,old
2626,11.201841592788696,0.095465510626825,PBPF,cracker_scene1,40,old
2627,11.206210374832152,0.095465510626825,PBPF,cracker_scene1,40,old
2628,11.210680961608888,0.095472770012855,PBPF,cracker_scene1,40,old
2629,11.214954614639282,0.095472770012855,PBPF,cracker_scene1,40,old
2630,11.2193865776062,0.0954569699483351,PBPF,cracker_scene1,40,old
2631,11.223608255386353,0.0964112695711674,PBPF,cracker_scene1,40,old
2632,11.227832317352297,0.0964131847249216,PBPF,cracker_scene1,40,old
2633,11.232203245162964,0.09637142477931959,PBPF,cracker_scene1,40,old
2634,11.236475467681885,0.09625972181658639,PBPF,cracker_scene1,40,old
2635,11.24064564704895,0.09625972181658639,PBPF,cracker_scene1,40,old
2636,11.245075464248655,0.0963867584766782,PBPF,cracker_scene1,40,old
2637,11.249566555023192,0.096353815726388,PBPF,cracker_scene1,40,old
2638,11.253663301467896,0.096353815726388,PBPF,cracker_scene1,40,old
2639,11.257898092269896,0.096318732164678,PBPF,cracker_scene1,40,old
2640,11.261922121047974,0.096318732164678,PBPF,cracker_scene1,40,old
2641,11.2665696144104,0.0963328840147385,PBPF,cracker_scene1,40,old
2642,11.270639896392822,0.0963328840147385,PBPF,cracker_scene1,40,old
2643,11.275098085403442,0.0962986556256939,PBPF,cracker_scene1,40,old
2644,11.279289245605469,0.0962587801555381,PBPF,cracker_scene1,40,old
2645,11.283818244934082,0.0962587801555381,PBPF,cracker_scene1,40,old
2646,11.287959814071655,0.0961457813126231,PBPF,cracker_scene1,40,old
2647,11.292389392852783,0.0961320172624882,PBPF,cracker_scene1,40,old
2648,11.2967791557312,0.0961368397919829,PBPF,cracker_scene1,40,old
2649,11.300939559936523,0.0961368397919829,PBPF,cracker_scene1,40,old
2650,11.305088996887209,0.0961368397919829,PBPF,cracker_scene1,40,old
2651,11.309430599212646,0.09627527470195779,PBPF,cracker_scene1,40,old
2652,11.31379246711731,0.09626775365430139,PBPF,cracker_scene1,40,old
2653,11.318404197692873,0.0962554908117724,PBPF,cracker_scene1,40,old
2654,11.32273268699646,0.0962706916592553,PBPF,cracker_scene1,40,old
2655,11.326937198638916,0.0962449053201479,PBPF,cracker_scene1,40,old
2656,11.331200122833252,0.0962449053201479,PBPF,cracker_scene1,40,old
2657,11.335354566574097,0.09620786630339799,PBPF,cracker_scene1,40,old
2658,11.339431524276732,0.09620786630339799,PBPF,cracker_scene1,40,old
2659,11.34392023086548,0.0960491987458668,PBPF,cracker_scene1,40,old
2660,11.3482825756073,0.0960491987458668,PBPF,cracker_scene1,40,old
2661,11.352711200714111,0.0960491987458668,PBPF,cracker_scene1,40,old
2662,11.357084512710571,0.09614577566288479,PBPF,cracker_scene1,40,old
2663,11.36133337020874,0.0961457101805374,PBPF,cracker_scene1,40,old
2664,11.365706205368042,0.09611514334673489,PBPF,cracker_scene1,40,old
2665,11.370097160339355,0.09614373294451109,PBPF,cracker_scene1,40,old
2666,11.37433099746704,0.09614373294451109,PBPF,cracker_scene1,40,old
2667,11.37873101234436,0.09614373294451109,PBPF,cracker_scene1,40,old
2668,11.38336706161499,0.0961203338590087,PBPF,cracker_scene1,40,old
2669,11.388218641281128,0.0971860171964668,PBPF,cracker_scene1,40,old
2670,11.392943143844604,0.09714589736456679,PBPF,cracker_scene1,40,old
2671,11.397151708602903,0.09714589736456679,PBPF,cracker_scene1,40,old
2672,11.401370525360107,0.0971431547963561,PBPF,cracker_scene1,40,old
2673,11.405746459960938,0.0971431547963561,PBPF,cracker_scene1,40,old
2674,11.410006523132324,0.0970219185369913,PBPF,cracker_scene1,40,old
2675,11.4143545627594,0.0970219185369913,PBPF,cracker_scene1,40,old
2676,11.418625354766846,0.0970941284082872,PBPF,cracker_scene1,40,old
2677,11.422829151153564,0.0970941284082872,PBPF,cracker_scene1,40,old
2678,11.427167177200316,0.09692599023653209,PBPF,cracker_scene1,40,old
2679,11.431192874908447,0.09692599023653209,PBPF,cracker_scene1,40,old
2680,11.43566346168518,0.09702197916518279,PBPF,cracker_scene1,40,old
2681,11.439740419387816,0.09702197916518279,PBPF,cracker_scene1,40,old
2682,11.444138765335085,0.097013546256422,PBPF,cracker_scene1,40,old
2683,11.448275804519652,0.097013546256422,PBPF,cracker_scene1,40,old
2684,11.452652215957642,0.0970309565219335,PBPF,cracker_scene1,40,old
2685,11.456737041473389,0.0970309565219335,PBPF,cracker_scene1,40,old
2686,11.461395978927612,0.09702846505323369,PBPF,cracker_scene1,40,old
2687,11.465484380722046,0.09702846505323369,PBPF,cracker_scene1,40,old
2688,11.469890594482422,0.09702715595045569,PBPF,cracker_scene1,40,old
2689,11.473922967910768,0.09702715595045569,PBPF,cracker_scene1,40,old
2690,11.477977991104126,0.09702715595045569,PBPF,cracker_scene1,40,old
2691,11.482526302337646,0.09702795502602829,PBPF,cracker_scene1,40,old
2692,11.48701310157776,0.09689412144618169,PBPF,cracker_scene1,40,old
2693,11.491033792495728,0.09689412144618169,PBPF,cracker_scene1,40,old
2694,11.495964765548706,0.0969559705818646,PBPF,cracker_scene1,40,old
2695,11.50018048286438,0.09697435359936969,PBPF,cracker_scene1,40,old
2696,11.504696607589722,0.09697274076860819,PBPF,cracker_scene1,40,old
2697,11.50895881652832,0.0968224351252915,PBPF,cracker_scene1,40,old
2698,11.513322830200195,0.0968224351252915,PBPF,cracker_scene1,40,old
2699,11.517897605895996,0.09695586320545199,PBPF,cracker_scene1,40,old
2700,11.522022724151611,0.09695586320545199,PBPF,cracker_scene1,40,old
2701,11.526320457458496,0.0968442252425554,PBPF,cracker_scene1,40,old
2702,11.530316829681396,0.0968442252425554,PBPF,cracker_scene1,40,old
2703,11.534626245498655,0.0968235059755487,PBPF,cracker_scene1,40,old
2704,11.538643836975098,0.0968235059755487,PBPF,cracker_scene1,40,old
2705,11.542911052703856,0.0969708460481514,PBPF,cracker_scene1,40,old
2706,11.547640800476074,0.0981937825094736,PBPF,cracker_scene1,40,old
2707,11.552094221115112,0.0980592867326624,PBPF,cracker_scene1,40,old
2708,11.556335687637327,0.0980592867326624,PBPF,cracker_scene1,40,old
2709,11.560644388198853,0.0981609219462873,PBPF,cracker_scene1,40,old
2710,11.564789533615112,0.0981609219462873,PBPF,cracker_scene1,40,old
2711,11.569093465805054,0.0980036496329538,PBPF,cracker_scene1,40,old
2712,11.573272228240969,0.0980036496329538,PBPF,cracker_scene1,40,old
2713,11.57767128944397,0.09799002881038149,PBPF,cracker_scene1,40,old
2714,11.58188533782959,0.09799002881038149,PBPF,cracker_scene1,40,old
2715,11.586467504501345,0.0979750499000731,PBPF,cracker_scene1,40,old
2716,11.590492248535156,0.0979750499000731,PBPF,cracker_scene1,40,old
2717,11.594931602478027,0.097963715749551,PBPF,cracker_scene1,40,old
2718,11.598922491073608,0.097963715749551,PBPF,cracker_scene1,40,old
2719,11.603489637374878,0.09806708715140379,PBPF,cracker_scene1,40,old
2720,11.607611656188965,0.09806708715140379,PBPF,cracker_scene1,40,old
2721,11.612073421478271,0.09793509231644329,PBPF,cracker_scene1,40,old
2722,11.616275787353516,0.09793509231644329,PBPF,cracker_scene1,40,old
2723,11.62071704864502,0.0980539836247652,PBPF,cracker_scene1,40,old
2724,11.62483835220337,0.0980539836247652,PBPF,cracker_scene1,40,old
2725,11.629242181777954,0.0979167561846061,PBPF,cracker_scene1,40,old
2726,11.633315324783323,0.0979167561846061,PBPF,cracker_scene1,40,old
2727,11.63786268234253,0.0979112098665796,PBPF,cracker_scene1,40,old
2728,11.641943454742432,0.0979112098665796,PBPF,cracker_scene1,40,old
2729,11.646427631378174,0.0979126914107558,PBPF,cracker_scene1,40,old
2730,11.650722980499268,0.09790617929654029,PBPF,cracker_scene1,40,old
2731,11.65515398979187,0.09790617929654029,PBPF,cracker_scene1,40,old
2732,11.659536600112917,0.09789848275014659,PBPF,cracker_scene1,40,old
2733,11.66379690170288,0.09789848275014659,PBPF,cracker_scene1,40,old
2734,11.668147325515749,0.098008274513602,PBPF,cracker_scene1,40,old
2735,11.672272205352783,0.098008274513602,PBPF,cracker_scene1,40,old
2736,11.676780462265016,0.098024463672214,PBPF,cracker_scene1,40,old
2737,11.681187868118286,0.098024463672214,PBPF,cracker_scene1,40,old
2738,11.685680389404297,0.0980177725452559,PBPF,cracker_scene1,40,old
2739,11.689958333969116,0.0980177725452559,PBPF,cracker_scene1,40,old
2740,11.694364547729492,0.0978916946109405,PBPF,cracker_scene1,40,old
2741,11.698556900024414,0.0978916946109405,PBPF,cracker_scene1,40,old
2742,11.702958106994627,0.098014683775625,PBPF,cracker_scene1,40,old
2743,11.707536220550535,0.0646870012918883,PBPF,cracker_scene1,40,old
2744,11.712190866470335,0.0645976160794492,PBPF,cracker_scene1,40,old
2745,11.71659517288208,0.06459423232666239,PBPF,cracker_scene1,40,old
2746,11.720749855041504,0.06459423232666239,PBPF,cracker_scene1,40,old
2747,11.724928855895996,0.0646869840260494,PBPF,cracker_scene1,40,old
2748,11.72908854484558,0.0646597735407027,PBPF,cracker_scene1,40,old
2749,11.73312497138977,0.0646597735407027,PBPF,cracker_scene1,40,old
2750,11.737441062927246,0.0645733029033246,PBPF,cracker_scene1,40,old
2751,11.741515636444092,0.0646681883388406,PBPF,cracker_scene1,40,old
2752,11.746224641799929,0.0646771168329504,PBPF,cracker_scene1,40,old
2753,11.7505362033844,0.0646504034879619,PBPF,cracker_scene1,40,old
2754,11.754869937896729,0.0646504034879619,PBPF,cracker_scene1,40,old
2755,11.759130001068115,0.0646681907442628,PBPF,cracker_scene1,40,old
2756,11.763338088989258,0.0646681907442628,PBPF,cracker_scene1,40,old
2757,11.767634868621826,0.0645822569734747,PBPF,cracker_scene1,40,old
2758,11.771817445755005,0.0645822569734747,PBPF,cracker_scene1,40,old
2759,11.77605438232422,0.0646729592959464,PBPF,cracker_scene1,40,old
2760,11.78027629852295,0.0646729592959464,PBPF,cracker_scene1,40,old
2761,11.784707307815552,0.064672088020304,PBPF,cracker_scene1,40,old
2762,11.789178848266602,0.0646773372373147,PBPF,cracker_scene1,40,old
2763,11.793640851974487,0.0645864350146979,PBPF,cracker_scene1,40,old
2764,11.797751903533936,0.0645864350146979,PBPF,cracker_scene1,40,old
2765,11.802095890045166,0.0646817693856859,PBPF,cracker_scene1,40,old
2766,11.806270360946655,0.0646817693856859,PBPF,cracker_scene1,40,old
2767,11.81054663658142,0.064572016464591,PBPF,cracker_scene1,40,old
2768,11.814694166183472,0.064572016464591,PBPF,cracker_scene1,40,old
2769,11.819031715393066,0.0645884554656976,PBPF,cracker_scene1,40,old
2770,11.823163032531738,0.0645884554656976,PBPF,cracker_scene1,40,old
2771,11.827537298202516,0.0646788806320297,PBPF,cracker_scene1,40,old
2772,11.831543684005736,0.0646788806320297,PBPF,cracker_scene1,40,old
2773,11.836105585098268,0.064675381953242,PBPF,cracker_scene1,40,old
2774,11.840073108673096,0.064675381953242,PBPF,cracker_scene1,40,old
2775,11.844554901123049,0.0646749860126283,PBPF,cracker_scene1,40,old
2776,11.848780632019045,0.0646749860126283,PBPF,cracker_scene1,40,old
2777,11.853272676467896,0.0646761466008079,PBPF,cracker_scene1,40,old
2778,11.85747241973877,0.0646780152005205,PBPF,cracker_scene1,40,old
2779,11.86184573173523,0.0646780152005205,PBPF,cracker_scene1,40,old
2780,11.866021633148192,0.0646780152005205,PBPF,cracker_scene1,40,old
2781,11.870529890060425,0.06466810860318199,PBPF,cracker_scene1,40,old
2782,11.874610900878906,0.06466810860318199,PBPF,cracker_scene1,40,old
2783,11.87903618812561,0.0646779165405692,PBPF,cracker_scene1,40,old
2784,11.883118867874146,0.0645818338477589,PBPF,cracker_scene1,40,old
2785,11.88767957687378,0.0645755796315269,PBPF,cracker_scene1,40,old
2786,11.891931772232056,0.06467610096234219,PBPF,cracker_scene1,40,old
2787,11.896311521530151,0.0646733872912029,PBPF,cracker_scene1,40,old
2788,11.900482892990112,0.06458252706371839,PBPF,cracker_scene1,40,old
2789,11.904768466949465,0.06458252706371839,PBPF,cracker_scene1,40,old
2790,11.908933162689207,0.0645723540171696,PBPF,cracker_scene1,40,old
2791,11.91313624382019,0.0645723540171696,PBPF,cracker_scene1,40,old
2792,11.917611360549929,0.0645757631045582,PBPF,cracker_scene1,40,old
2793,11.92174243927002,0.06457191302246079,PBPF,cracker_scene1,40,old
2794,11.92605185508728,0.06467072396993889,PBPF,cracker_scene1,40,old
2795,11.93009114265442,0.0646714292890871,PBPF,cracker_scene1,40,old
2796,11.934324741363524,0.0646725584026315,PBPF,cracker_scene1,40,old
2797,11.93883228302002,0.0646725584026315,PBPF,cracker_scene1,40,old
2798,11.943137645721436,0.064683937620882,PBPF,cracker_scene1,40,old
2799,11.947362899780272,0.064683937620882,PBPF,cracker_scene1,40,old
2800,11.951868772506714,0.0645897020544002,PBPF,cracker_scene1,40,old
2801,11.956140756607056,0.0645897020544002,PBPF,cracker_scene1,40,old
2802,11.960392713546751,0.0646704361958165,PBPF,cracker_scene1,40,old
2803,11.964538812637327,0.0646704361958165,PBPF,cracker_scene1,40,old
2804,11.968913316726685,0.064581791116628,PBPF,cracker_scene1,40,old
2805,11.973098754882812,0.064581791116628,PBPF,cracker_scene1,40,old
2806,11.97755742073059,0.0646701993830143,PBPF,cracker_scene1,40,old
2807,11.981579303741457,0.0646701993830143,PBPF,cracker_scene1,40,old
2808,11.98612928390503,0.06466710288972449,PBPF,cracker_scene1,40,old
2809,11.990343570709229,0.06466710288972449,PBPF,cracker_scene1,40,old
2810,11.9947612285614,0.0646661174814497,PBPF,cracker_scene1,40,old
2811,11.998806238174438,0.0646661174814497,PBPF,cracker_scene1,40,old
2812,12.00327968597412,0.06457769131565799,PBPF,cracker_scene1,40,old
2813,12.00738525390625,0.06457769131565799,PBPF,cracker_scene1,40,old
2814,12.011826038360596,0.0646736193293077,PBPF,cracker_scene1,40,old
2815,12.016040563583374,0.0646736193293077,PBPF,cracker_scene1,40,old
2816,12.020431995391846,0.0646704593108797,PBPF,cracker_scene1,40,old
2817,12.024494409561155,0.0646704593108797,PBPF,cracker_scene1,40,old
2818,12.028852701187134,0.0646687815066123,PBPF,cracker_scene1,40,old
2819,12.033141613006592,0.0646687815066123,PBPF,cracker_scene1,40,old
2820,12.0399272441864,0.0646664661566286,PBPF,cracker_scene1,40,old
2821,12.044669389724731,0.0646664661566286,PBPF,cracker_scene1,40,old
2822,12.0499107837677,0.06466981146080959,PBPF,cracker_scene1,40,old
2823,12.054194688796995,0.06466981146080959,PBPF,cracker_scene1,40,old
2824,12.058676481246948,0.06466981146080959,PBPF,cracker_scene1,40,old
2825,12.062972784042358,0.0646749316839336,PBPF,cracker_scene1,40,old
2826,12.067171096801758,0.0646749316839336,PBPF,cracker_scene1,40,old
2827,12.071620225906372,0.0646703840200883,PBPF,cracker_scene1,40,old
2828,12.075751066207886,0.0646703840200883,PBPF,cracker_scene1,40,old
2829,12.079967260360718,0.0645799261772083,PBPF,cracker_scene1,40,old
2830,12.084049224853516,0.0645799261772083,PBPF,cracker_scene1,40,old
2831,12.0885112285614,0.0645786290278208,PBPF,cracker_scene1,40,old
2832,12.092750787734984,0.0645786290278208,PBPF,cracker_scene1,40,old
2833,12.096787691116331,0.0645786290278208,PBPF,cracker_scene1,40,old
2834,12.10101580619812,0.064674648690592,PBPF,cracker_scene1,40,old
2835,12.10522174835205,0.0646654877498726,PBPF,cracker_scene1,40,old
2836,12.109379529953005,0.0646654877498726,PBPF,cracker_scene1,40,old
2837,12.113531351089478,0.0646654877498726,PBPF,cracker_scene1,40,old
2838,12.117896556854248,0.0646719324796963,PBPF,cracker_scene1,40,old
2839,12.122110366821287,0.0646719324796963,PBPF,cracker_scene1,40,old
2840,12.126208543777466,0.0645695410615282,PBPF,cracker_scene1,40,old
2841,12.130443096160889,0.0645694429811885,PBPF,cracker_scene1,40,old
2842,12.134455442428589,0.0645694429811885,PBPF,cracker_scene1,40,old
2843,12.138637781143188,0.0645694429811885,PBPF,cracker_scene1,40,old
2844,12.142822980880736,0.0645614909556483,PBPF,cracker_scene1,40,old
2845,12.14689588546753,0.0645614909556483,PBPF,cracker_scene1,40,old
2846,12.151326179504396,0.0646646304104803,PBPF,cracker_scene1,40,old
2847,12.15531325340271,0.0646646304104803,PBPF,cracker_scene1,40,old
2848,12.159325122833252,0.0646646304104803,PBPF,cracker_scene1,40,old
2849,12.163471221923828,0.0645612312385207,PBPF,cracker_scene1,40,old
2850,12.167452573776243,0.0645612312385207,PBPF,cracker_scene1,40,old
2851,12.17142105102539,0.0645612312385207,PBPF,cracker_scene1,40,old
2852,12.175599813461304,0.0646649148734898,PBPF,cracker_scene1,40,old
2853,12.179934978485107,0.0646649148734898,PBPF,cracker_scene1,40,old
2854,12.184425354003906,0.0645718548674129,PBPF,cracker_scene1,40,old
2855,12.188827276229858,0.0645768030975525,PBPF,cracker_scene1,40,old
2856,12.19346284866333,0.0646726304867601,PBPF,cracker_scene1,40,old
2857,12.1982262134552,0.06455569790179559,PBPF,cracker_scene1,40,old
2858,12.202916860580444,0.0646649673827982,PBPF,cracker_scene1,40,old
2859,12.20776081085205,0.0647145853804389,PBPF,cracker_scene1,40,old
2860,12.212459564208984,0.0645994504713472,PBPF,cracker_scene1,40,old
2861,12.217081546783447,0.0645459413961694,PBPF,cracker_scene1,40,old
2862,12.221811294555664,0.0645134496987939,PBPF,cracker_scene1,40,old
2863,12.226061820983888,0.064469188278804,PBPF,cracker_scene1,40,old
2864,12.230430603027344,0.064469188278804,PBPF,cracker_scene1,40,old
2865,12.234728813171388,0.0644348649240917,PBPF,cracker_scene1,40,old
2866,12.239093542099,0.0644348649240917,PBPF,cracker_scene1,40,old
2867,12.243454694747925,0.0645320883387744,PBPF,cracker_scene1,40,old
2868,12.247763395309448,0.0645320883387744,PBPF,cracker_scene1,40,old
2869,12.252103805541992,0.0644137301101064,PBPF,cracker_scene1,40,old
2870,12.25663447380066,0.0644137301101064,PBPF,cracker_scene1,40,old
2871,12.26127004623413,0.06449947376149259,PBPF,cracker_scene1,40,old
2872,12.265581130981444,0.06449947376149259,PBPF,cracker_scene1,40,old
2873,12.270026445388794,0.0644865280928956,PBPF,cracker_scene1,40,old
2874,12.274077653884888,0.0644865280928956,PBPF,cracker_scene1,40,old
2875,12.278449773788452,0.0643013578975734,PBPF,cracker_scene1,40,old
2876,12.282554864883425,0.0643013578975734,PBPF,cracker_scene1,40,old
2877,12.286519527435305,0.0643013578975734,PBPF,cracker_scene1,40,old
2878,12.290939092636108,0.0642578354088064,PBPF,cracker_scene1,40,old
2879,12.295459270477297,0.0643522823144476,PBPF,cracker_scene1,40,old
2880,12.29963493347168,0.0643464272653135,PBPF,cracker_scene1,40,old
2881,12.303924083709717,0.0643122317962049,PBPF,cracker_scene1,40,old
2882,12.308270692825316,0.0642891012722344,PBPF,cracker_scene1,40,old
2883,12.312623977661133,0.0641870442458894,PBPF,cracker_scene1,40,old
2884,12.316742658615112,0.0642938978560744,PBPF,cracker_scene1,40,old
2885,12.32105565071106,0.0642842644284824,PBPF,cracker_scene1,40,old
2886,12.325144052505491,0.0642842644284824,PBPF,cracker_scene1,40,old
2887,12.329629182815552,0.0642549171565799,PBPF,cracker_scene1,40,old
2888,12.333727598190308,0.0641423562334392,PBPF,cracker_scene1,40,old
2889,12.338106632232666,0.0641278553149047,PBPF,cracker_scene1,40,old
2890,12.342150211334229,0.0642009408481547,PBPF,cracker_scene1,40,old
2891,12.34640336036682,0.0642009408481547,PBPF,cracker_scene1,40,old
2892,12.351070404052734,0.0647875084026925,PBPF,cracker_scene1,40,old
2893,12.355133533477783,0.0647613704629047,PBPF,cracker_scene1,40,old
2894,12.35935354232788,0.0646568860563788,PBPF,cracker_scene1,40,old
2895,12.363392114639282,0.0646568860563788,PBPF,cracker_scene1,40,old
2896,12.367636919021606,0.0645528310425044,PBPF,cracker_scene1,40,old
2897,12.37161922454834,0.0645528310425044,PBPF,cracker_scene1,40,old
2898,12.375693082809448,0.0645243300456697,PBPF,cracker_scene1,40,old
2899,12.380104303359984,0.0645243300456697,PBPF,cracker_scene1,40,old
2900,12.38443088531494,0.0645294295840029,PBPF,cracker_scene1,40,old
2901,12.388736724853516,0.0645294295840029,PBPF,cracker_scene1,40,old
2902,12.392791032791138,0.06452864744131209,PBPF,cracker_scene1,40,old
2903,12.39712142944336,0.0644245828699771,PBPF,cracker_scene1,40,old
2904,12.401407241821287,0.0643800174875822,PBPF,cracker_scene1,40,old
2905,12.405531644821169,0.0643800174875822,PBPF,cracker_scene1,40,old
2906,12.409873008728027,0.0642660278044496,PBPF,cracker_scene1,40,old
2907,12.414089918136597,0.0642660278044496,PBPF,cracker_scene1,40,old
2908,12.41845726966858,0.0643413536894839,PBPF,cracker_scene1,40,old
2909,12.422471523284912,0.0643413536894839,PBPF,cracker_scene1,40,old
2910,12.426477193832396,0.0643413536894839,PBPF,cracker_scene1,40,old
2911,12.43056035041809,0.0643413536894839,PBPF,cracker_scene1,40,old
2912,12.434976577758787,0.0641993102639478,PBPF,cracker_scene1,40,old
2913,12.4392409324646,0.0642530277719118,PBPF,cracker_scene1,40,old
2914,12.443281412124634,0.0642530277719118,PBPF,cracker_scene1,40,old
2915,12.447595119476318,0.0640874746364761,PBPF,cracker_scene1,40,old
2916,12.451839685440063,0.0640874746364761,PBPF,cracker_scene1,40,old
2917,12.455909967422484,0.0640874746364761,PBPF,cracker_scene1,40,old
2918,12.460352182388306,0.0641362896239363,PBPF,cracker_scene1,40,old
2919,12.464550495147703,0.0641362896239363,PBPF,cracker_scene1,40,old
2920,12.46889066696167,0.0640676493026726,PBPF,cracker_scene1,40,old
2921,12.47315526008606,0.0640676493026726,PBPF,cracker_scene1,40,old
2922,12.477317094802856,0.0639911024390902,PBPF,cracker_scene1,40,old
2923,12.48164439201355,0.0639911024390902,PBPF,cracker_scene1,40,old
2924,12.485920906066896,0.063986341975987,PBPF,cracker_scene1,40,old
2925,12.490196228027344,0.063986341975987,PBPF,cracker_scene1,40,old
2926,12.494299173355104,0.063986341975987,PBPF,cracker_scene1,40,old
2927,12.498576641082764,0.063954592188687,PBPF,cracker_scene1,40,old
2928,12.50292682647705,0.0639644379140189,PBPF,cracker_scene1,40,old
2929,12.507243156433104,0.0653066949767594,PBPF,cracker_scene1,40,old
2930,12.511460065841677,0.0653066949767594,PBPF,cracker_scene1,40,old
2931,12.515792846679688,0.0652462399777286,PBPF,cracker_scene1,40,old
2932,12.520005464553831,0.0652462399777286,PBPF,cracker_scene1,40,old
2933,12.52405047416687,0.065187505375693,PBPF,cracker_scene1,40,old
2934,12.528369426727297,0.065187505375693,PBPF,cracker_scene1,40,old
2935,12.532600164413452,0.0650300029044669,PBPF,cracker_scene1,40,old
2936,12.536719560623167,0.0650300029044669,PBPF,cracker_scene1,40,old
2937,12.541190147399902,0.0650687399700694,PBPF,cracker_scene1,40,old
2938,12.545420169830322,0.0650687399700694,PBPF,cracker_scene1,40,old
2939,12.549691915512083,0.0649725026257249,PBPF,cracker_scene1,40,old
2940,12.553955078125,0.0649725026257249,PBPF,cracker_scene1,40,old
2941,12.557950735092165,0.0649725026257249,PBPF,cracker_scene1,40,old
2942,12.56206226348877,0.0649137071905577,PBPF,cracker_scene1,40,old
2943,12.566075563430786,0.0649137071905577,PBPF,cracker_scene1,40,old
2944,12.570208072662354,0.0649137071905577,PBPF,cracker_scene1,40,old
2945,12.57449460029602,0.0649154206891633,PBPF,cracker_scene1,40,old
2946,12.578638076782228,0.0649154206891633,PBPF,cracker_scene1,40,old
2947,12.583125591278076,0.0647808665350094,PBPF,cracker_scene1,40,old
2948,12.58746576309204,0.0647281822123558,PBPF,cracker_scene1,40,old
2949,12.591945886611938,0.0646684802440594,PBPF,cracker_scene1,40,old
2950,12.596342086791992,0.0646265884065583,PBPF,cracker_scene1,40,old
2951,12.600706815719604,0.0646265884065583,PBPF,cracker_scene1,40,old
2952,12.605933904647827,0.0644837920720182,PBPF,cracker_scene1,40,old
2953,12.610965490341188,0.0644606048403978,PBPF,cracker_scene1,40,old
2954,12.61516571044922,0.0644606048403978,PBPF,cracker_scene1,40,old
2955,12.619662284851074,0.0644169648671707,PBPF,cracker_scene1,40,old
2956,12.623680353164673,0.0644169648671707,PBPF,cracker_scene1,40,old
2957,12.628021001815796,0.0644848167986811,PBPF,cracker_scene1,40,old
2958,12.63221287727356,0.0644848167986811,PBPF,cracker_scene1,40,old
2959,12.636572122573853,0.06445494352213049,PBPF,cracker_scene1,40,old
2960,12.640650510787964,0.06445494352213049,PBPF,cracker_scene1,40,old
2961,12.645002365112305,0.0644131971124871,PBPF,cracker_scene1,40,old
2962,12.649115562438965,0.0644131971124871,PBPF,cracker_scene1,40,old
2963,12.653538465499878,0.0642164976141097,PBPF,cracker_scene1,40,old
2964,12.6576030254364,0.0641622276676486,PBPF,cracker_scene1,40,old
2965,12.66199231147766,0.06418128565387039,PBPF,cracker_scene1,40,old
2966,12.6661217212677,0.06418128565387039,PBPF,cracker_scene1,40,old
2967,12.670608043670654,0.0641459650890686,PBPF,cracker_scene1,40,old
2968,12.674806356430054,0.0662925820483251,PBPF,cracker_scene1,40,old
2969,12.679253578186035,0.0662066437982105,PBPF,cracker_scene1,40,old
2970,12.683324337005615,0.06620571285530359,PBPF,cracker_scene1,40,old
2971,12.68761920928955,0.0662132283568153,PBPF,cracker_scene1,40,old
2972,12.691717624664308,0.0662132283568153,PBPF,cracker_scene1,40,old
2973,12.695994138717651,0.0663039720272067,PBPF,cracker_scene1,40,old
2974,12.700330257415771,0.0661266871701361,PBPF,cracker_scene1,40,old
2975,12.70460820198059,0.0661266871701361,PBPF,cracker_scene1,40,old
2976,12.708726644515991,0.0660474874028987,PBPF,cracker_scene1,40,old
2977,12.712989330291748,0.0660474874028987,PBPF,cracker_scene1,40,old
2978,12.717167377471924,0.0659852924858716,PBPF,cracker_scene1,40,old
2979,12.72136616706848,0.0659852924858716,PBPF,cracker_scene1,40,old
2980,12.725544214248655,0.0659852924858716,PBPF,cracker_scene1,40,old
2981,12.729918956756592,0.0659323560626164,PBPF,cracker_scene1,40,old
2982,12.73402452468872,0.0658926851678955,PBPF,cracker_scene1,40,old
2983,12.738298177719116,0.0658926851678955,PBPF,cracker_scene1,40,old
2984,12.742510795593262,0.0659739912744585,PBPF,cracker_scene1,40,old
2985,12.74667739868164,0.0659739912744585,PBPF,cracker_scene1,40,old
2986,12.751123189926147,0.065822410044389,PBPF,cracker_scene1,40,old
2987,12.755101919174194,0.065822410044389,PBPF,cracker_scene1,40,old
2988,12.759187936782835,0.065774393904902,PBPF,cracker_scene1,40,old
2989,12.76326823234558,0.065774393904902,PBPF,cracker_scene1,40,old
2990,12.767364978790283,0.0658731916785063,PBPF,cracker_scene1,40,old
2991,12.771438360214232,0.0658731916785063,PBPF,cracker_scene1,40,old
2992,12.775636434555054,0.0658418442725785,PBPF,cracker_scene1,40,old
2993,12.779777526855469,0.0658418442725785,PBPF,cracker_scene1,40,old
2994,12.784702062606812,0.0656219431715252,PBPF,cracker_scene1,40,old
2995,12.788959264755247,0.0656219431715252,PBPF,cracker_scene1,40,old
2996,12.793299436569214,0.0655768163661005,PBPF,cracker_scene1,40,old
2997,12.79764986038208,0.0657040332809947,PBPF,cracker_scene1,40,old
2998,12.802047729492188,0.0656537085415745,PBPF,cracker_scene1,40,old
2999,12.80633544921875,0.0656537085415745,PBPF,cracker_scene1,40,old
3000,12.810712337493896,0.06547613044744299,PBPF,cracker_scene1,40,old
3001,12.815061330795288,0.06547613044744299,PBPF,cracker_scene1,40,old
3002,12.81938886642456,0.0655842261698456,PBPF,cracker_scene1,40,old
3003,12.82357668876648,0.0655842261698456,PBPF,cracker_scene1,40,old
3004,12.827889442443848,0.0654474581330154,PBPF,cracker_scene1,40,old
3005,12.832283735275269,0.0654474581330154,PBPF,cracker_scene1,40,old
3006,12.836750268936155,0.0678948822348006,PBPF,cracker_scene1,40,old
3007,12.840920209884644,0.0678948822348006,PBPF,cracker_scene1,40,old
3008,12.845195770263672,0.0679781815238309,PBPF,cracker_scene1,40,old
3009,12.849250555038452,0.0679781815238309,PBPF,cracker_scene1,40,old
3010,12.853567123413086,0.0679020136020522,PBPF,cracker_scene1,40,old
3011,12.85764503479004,0.0679020136020522,PBPF,cracker_scene1,40,old
3012,12.862123727798462,0.0678536462631124,PBPF,cracker_scene1,40,old
3013,12.866276025772097,0.0676986337181684,PBPF,cracker_scene1,40,old
3014,12.8705472946167,0.0676986337181684,PBPF,cracker_scene1,40,old
3015,12.87459397315979,0.0676986337181684,PBPF,cracker_scene1,40,old
3016,12.878828763961792,0.0676171876636862,PBPF,cracker_scene1,40,old
3017,12.88304090499878,0.0676171876636862,PBPF,cracker_scene1,40,old
3018,12.887315273284912,0.0675104260269028,PBPF,cracker_scene1,40,old
3019,12.891472339630129,0.0675104260269028,PBPF,cracker_scene1,40,old
3020,12.89578104019165,0.0674387708998201,PBPF,cracker_scene1,40,old
3021,12.899842023849487,0.0675509531528111,PBPF,cracker_scene1,40,old
3022,12.904297590255736,0.0675085945906724,PBPF,cracker_scene1,40,old
3023,12.908390045166016,0.0675085945906724,PBPF,cracker_scene1,40,old
3024,12.912717580795288,0.0674525755028708,PBPF,cracker_scene1,40,old
3025,12.916990995407104,0.0673706729880194,PBPF,cracker_scene1,40,old
3026,12.921313285827637,0.0673706729880194,PBPF,cracker_scene1,40,old
3027,12.925425052642822,0.0673706729880194,PBPF,cracker_scene1,40,old
3028,12.929880619049072,0.0672363014786069,PBPF,cracker_scene1,40,old
3029,12.934022426605225,0.0673183963829905,PBPF,cracker_scene1,40,old
3030,12.938291311264038,0.0673183963829905,PBPF,cracker_scene1,40,old
3031,12.942600965499878,0.0671260013951049,PBPF,cracker_scene1,40,old
3032,12.94692349433899,0.0671260013951049,PBPF,cracker_scene1,40,old
3033,12.95143985748291,0.0672471314171784,PBPF,cracker_scene1,40,old
3034,12.955668687820436,0.06719964646633189,PBPF,cracker_scene1,40,old
3035,12.95999836921692,0.0669742817139601,PBPF,cracker_scene1,40,old
3036,12.964199542999268,0.0669742817139601,PBPF,cracker_scene1,40,old
3037,12.96850323677063,0.0670274688250089,PBPF,cracker_scene1,40,old
3038,12.972694635391235,0.0670274688250089,PBPF,cracker_scene1,40,old
3039,12.97711706161499,0.0669990533690386,PBPF,cracker_scene1,40,old
3040,12.981326580047607,0.0669990533690386,PBPF,cracker_scene1,40,old
3041,12.985652923583984,0.0669376897867427,PBPF,cracker_scene1,40,old
3042,12.989683151245115,0.0669376897867427,PBPF,cracker_scene1,40,old
3043,12.994086027145386,0.0675311572625098,PBPF,cracker_scene1,40,old
3044,12.99804949760437,0.0675311572625098,PBPF,cracker_scene1,40,old
3045,13.002345085144045,0.0675313257536016,PBPF,cracker_scene1,40,old
3046,13.006292581558228,0.0675313257536016,PBPF,cracker_scene1,40,old
3047,13.011181354522703,0.06746243945021439,PBPF,cracker_scene1,40,old
3048,13.01539421081543,0.06746243945021439,PBPF,cracker_scene1,40,old
3049,13.019781589508057,0.0673911617318301,PBPF,cracker_scene1,40,old
3050,13.023933172225952,0.0673911617318301,PBPF,cracker_scene1,40,old
3051,13.02832555770874,0.0673350428926569,PBPF,cracker_scene1,40,old
3052,13.03248691558838,0.0673350428926569,PBPF,cracker_scene1,40,old
3053,13.03694486618042,0.06718807483979759,PBPF,cracker_scene1,40,old
3054,13.04100465774536,0.06718807483979759,PBPF,cracker_scene1,40,old
3055,13.045384168624878,0.0671518854634538,PBPF,cracker_scene1,40,old
3056,13.049660921096802,0.0670237946424121,PBPF,cracker_scene1,40,old
3057,13.054048299789429,0.066969426728407,PBPF,cracker_scene1,40,old
3058,13.058203220367432,0.0670534479317239,PBPF,cracker_scene1,40,old
3059,13.06254506111145,0.0669886798384565,PBPF,cracker_scene1,40,old
3060,13.066624402999878,0.0669886798384565,PBPF,cracker_scene1,40,old
3061,13.07100749015808,0.0669047574821781,PBPF,cracker_scene1,40,old
3062,13.075265407562256,0.06690672305341169,PBPF,cracker_scene1,40,old
3063,13.079691648483276,0.0668522105254629,PBPF,cracker_scene1,40,old
3064,13.083969831466677,0.066989880170013,PBPF,cracker_scene1,40,old
3065,13.08820915222168,0.066989880170013,PBPF,cracker_scene1,40,old
3066,13.092674016952516,0.0668172724307658,PBPF,cracker_scene1,40,old
3067,13.096885204315186,0.0668172724307658,PBPF,cracker_scene1,40,old
3068,13.101207494735718,0.06686602173435979,PBPF,cracker_scene1,40,old
3069,13.105438947677612,0.06686602173435979,PBPF,cracker_scene1,40,old
3070,13.109767198562622,0.06680072277847,PBPF,cracker_scene1,40,old
3071,13.11411166191101,0.06680072277847,PBPF,cracker_scene1,40,old
3072,13.1183762550354,0.0667640928154104,PBPF,cracker_scene1,40,old
3073,13.122621774673462,0.0667640928154104,PBPF,cracker_scene1,40,old
3074,13.126897096633911,0.0666956406563577,PBPF,cracker_scene1,40,old
3075,13.131042242050173,0.0666956406563577,PBPF,cracker_scene1,40,old
3076,13.135396718978882,0.0665591466632721,PBPF,cracker_scene1,40,old
3077,13.139539241790771,0.0665591466632721,PBPF,cracker_scene1,40,old
3078,13.143802404403688,0.0665740191840364,PBPF,cracker_scene1,40,old
3079,13.148234844207764,0.0564735655587701,PBPF,cracker_scene1,40,old
3080,13.152690649032593,0.0564029509765813,PBPF,cracker_scene1,40,old
3081,13.156711339950562,0.0564029509765813,PBPF,cracker_scene1,40,old
3082,13.160924911499023,0.056352336946539704,PBPF,cracker_scene1,40,old
3083,13.165138721466064,0.0562921696922934,PBPF,cracker_scene1,40,old
3084,13.169537544250488,0.0561580688573901,PBPF,cracker_scene1,40,old
3085,13.173721313476562,0.0561580688573901,PBPF,cracker_scene1,40,old
3086,13.178025484085085,0.0560984475737531,PBPF,cracker_scene1,40,old
3087,13.182317733764648,0.0560984475737531,PBPF,cracker_scene1,40,old
3088,13.18667721748352,0.056005900699268904,PBPF,cracker_scene1,40,old
3089,13.190997123718262,0.056005900699268904,PBPF,cracker_scene1,40,old
3090,13.195361614227297,0.0559602936803162,PBPF,cracker_scene1,40,old
3091,13.199371814727783,0.0559602936803162,PBPF,cracker_scene1,40,old
3092,13.20376443862915,0.0558711135084683,PBPF,cracker_scene1,40,old
3093,13.207780122756958,0.0558711135084683,PBPF,cracker_scene1,40,old
3094,13.212211847305298,0.0558331585668091,PBPF,cracker_scene1,40,old
3095,13.21661639213562,0.0557813893419543,PBPF,cracker_scene1,40,old
3096,13.220699548721312,0.0557760349358305,PBPF,cracker_scene1,40,old
3097,13.224804878234863,0.0557760349358305,PBPF,cracker_scene1,40,old
3098,13.228880405426024,0.055808886199647405,PBPF,cracker_scene1,40,old
3099,13.232953548431396,0.055808886199647405,PBPF,cracker_scene1,40,old
3100,13.236903429031372,0.055808886199647405,PBPF,cracker_scene1,40,old
3101,13.241097927093506,0.055684906936700904,PBPF,cracker_scene1,40,old
3102,13.245151042938232,0.055684906936700904,PBPF,cracker_scene1,40,old
3103,13.249846696853638,0.055697516815109004,PBPF,cracker_scene1,40,old
3104,13.25390911102295,0.055697516815109004,PBPF,cracker_scene1,40,old
3105,13.258238077163696,0.0556377683019054,PBPF,cracker_scene1,40,old
3106,13.262460231781006,0.0555610120403666,PBPF,cracker_scene1,40,old
3107,13.266934871673584,0.055504397844391,PBPF,cracker_scene1,40,old
3108,13.270994424819946,0.055504397844391,PBPF,cracker_scene1,40,old
3109,13.275317907333374,0.055449846159951105,PBPF,cracker_scene1,40,old
3110,13.279469966888428,0.055449846159951105,PBPF,cracker_scene1,40,old
3111,13.28417181968689,0.055475467204807304,PBPF,cracker_scene1,40,old
3112,13.288334846496582,0.055475467204807304,PBPF,cracker_scene1,40,old
3113,13.292632102966309,0.055475467204807304,PBPF,cracker_scene1,40,old
3114,13.297014474868774,0.0553958330902481,PBPF,cracker_scene1,40,old
3115,13.301139831542969,0.0553958330902481,PBPF,cracker_scene1,40,old
3116,13.305552005767822,0.055341336910482104,PBPF,cracker_scene1,40,old
3117,13.310027599334717,0.0547611125410159,PBPF,cracker_scene1,40,old
3118,13.314306259155272,0.0547685480475586,PBPF,cracker_scene1,40,old
3119,13.318807125091553,0.0546762893820631,PBPF,cracker_scene1,40,old
3120,13.322928428649902,0.0545991100201181,PBPF,cracker_scene1,40,old
3121,13.327235698699951,0.0545556239773997,PBPF,cracker_scene1,40,old
3122,13.33143949508667,0.0545686500295933,PBPF,cracker_scene1,40,old
3123,13.33581042289734,0.0545686500295933,PBPF,cracker_scene1,40,old
3124,13.339868545532228,0.054387885784087604,PBPF,cracker_scene1,40,old
3125,13.344149351119995,0.054387885784087604,PBPF,cracker_scene1,40,old
3126,13.348404169082642,0.0543892838716837,PBPF,cracker_scene1,40,old
3127,13.352668285369871,0.0542560680228006,PBPF,cracker_scene1,40,old
3128,13.356795072555542,0.0542560680228006,PBPF,cracker_scene1,40,old
3129,13.36099934577942,0.054234765388258804,PBPF,cracker_scene1,40,old
3130,13.36514163017273,0.054234765388258804,PBPF,cracker_scene1,40,old
3131,13.369387865066528,0.0541388901511814,PBPF,cracker_scene1,40,old
3132,13.373712301254272,0.0541388901511814,PBPF,cracker_scene1,40,old
3133,13.377830028533936,0.0541275512948321,PBPF,cracker_scene1,40,old
3134,13.382083654403688,0.0541275512948321,PBPF,cracker_scene1,40,old
3135,13.386404752731323,0.0541275512948321,PBPF,cracker_scene1,40,old
3136,13.39107084274292,0.053993759787615,PBPF,cracker_scene1,40,old
3137,13.39567232131958,0.0538941727913462,PBPF,cracker_scene1,40,old
3138,13.400067806243896,0.053835937371303405,PBPF,cracker_scene1,40,old
3139,13.404561758041382,0.0536796017457119,PBPF,cracker_scene1,40,old
3140,13.40892767906189,0.0535858568081322,PBPF,cracker_scene1,40,old
3141,13.413284540176392,0.0535858568081322,PBPF,cracker_scene1,40,old
3142,13.417758464813232,0.0535922493069551,PBPF,cracker_scene1,40,old
3143,13.421950340270996,0.0535922493069551,PBPF,cracker_scene1,40,old
3144,13.426266431808472,0.0535106947479209,PBPF,cracker_scene1,40,old
3145,13.430429697036743,0.0535106947479209,PBPF,cracker_scene1,40,old
3146,13.434718132019045,0.0534598410918933,PBPF,cracker_scene1,40,old
3147,13.43890643119812,0.0534598410918933,PBPF,cracker_scene1,40,old
3148,13.443262815475464,0.0533815978963797,PBPF,cracker_scene1,40,old
3149,13.44740915298462,0.0533815978963797,PBPF,cracker_scene1,40,old
3150,13.451858043670654,0.053306028448125105,PBPF,cracker_scene1,40,old
3151,13.456032037734984,0.053306028448125105,PBPF,cracker_scene1,40,old
3152,13.460424661636353,0.0531551160246417,PBPF,cracker_scene1,40,old
3153,13.46471881866455,0.054785711217539404,PBPF,cracker_scene1,40,old
3154,13.468855619430542,0.0547756710240921,PBPF,cracker_scene1,40,old
3155,13.473211526870728,0.0547756710240921,PBPF,cracker_scene1,40,old
3156,13.47784686088562,0.0544339890242198,PBPF,cracker_scene1,40,old
3157,13.481942892074583,0.0544339890242198,PBPF,cracker_scene1,40,old
3158,13.486388206481934,0.0545262612550094,PBPF,cracker_scene1,40,old
3159,13.490581512451172,0.0545262612550094,PBPF,cracker_scene1,40,old
3160,13.49496579170227,0.054584539177868804,PBPF,cracker_scene1,40,old
3161,13.499033451080322,0.054584539177868804,PBPF,cracker_scene1,40,old
3162,13.503402471542358,0.054476219217681504,PBPF,cracker_scene1,40,old
3163,13.507376194000244,0.054476219217681504,PBPF,cracker_scene1,40,old
3164,13.51176691055298,0.0542987204868602,PBPF,cracker_scene1,40,old
3165,13.51597023010254,0.0542987204868602,PBPF,cracker_scene1,40,old
3166,13.520196676254272,0.054331427031014304,PBPF,cracker_scene1,40,old
3167,13.524407386779783,0.054331427031014304,PBPF,cracker_scene1,40,old
3168,13.52883791923523,0.054131049096297,PBPF,cracker_scene1,40,old
3169,13.53285837173462,0.054199468012451,PBPF,cracker_scene1,40,old
3170,13.537280321121216,0.0541976551721614,PBPF,cracker_scene1,40,old
3171,13.541423320770264,0.0541795410333717,PBPF,cracker_scene1,40,old
3172,13.54568648338318,0.0541795410333717,PBPF,cracker_scene1,40,old
3173,13.549770593643188,0.0541795410333717,PBPF,cracker_scene1,40,old
3174,13.554203748703005,0.0539955670945461,PBPF,cracker_scene1,40,old
3175,13.55847954750061,0.0539068186463884,PBPF,cracker_scene1,40,old
3176,13.56283164024353,0.0539068186463884,PBPF,cracker_scene1,40,old
3177,13.567039966583252,0.053937472719752105,PBPF,cracker_scene1,40,old
3178,13.571324110031128,0.053937472719752105,PBPF,cracker_scene1,40,old
3179,13.575484991073608,0.053931121908338,PBPF,cracker_scene1,40,old
3180,13.579774379730225,0.0537290205669552,PBPF,cracker_scene1,40,old
3181,13.584067821502686,0.0537418324663606,PBPF,cracker_scene1,40,old
3182,13.5883469581604,0.0537418324663606,PBPF,cracker_scene1,40,old
3183,13.592682123184204,0.0536896162622643,PBPF,cracker_scene1,40,old
3184,13.596973896026611,0.0536896162622643,PBPF,cracker_scene1,40,old
3185,13.601189613342283,0.0536145185819558,PBPF,cracker_scene1,40,old
3186,13.60556411743164,0.0536145185819558,PBPF,cracker_scene1,40,old
3187,13.60972785949707,0.0535453833000298,PBPF,cracker_scene1,40,old
3188,13.614030122756958,0.0535453833000298,PBPF,cracker_scene1,40,old
3189,13.61833882331848,0.0534508360360214,PBPF,cracker_scene1,40,old
3190,13.62256121635437,0.0534508360360214,PBPF,cracker_scene1,40,old
3191,13.626991748809814,0.0519399997024757,PBPF,cracker_scene1,40,old
3192,13.631049156188965,0.0519399997024757,PBPF,cracker_scene1,40,old
3193,13.63541340827942,0.0519399997024757,PBPF,cracker_scene1,40,old
3194,13.639716386795044,0.0516140735428445,PBPF,cracker_scene1,40,old
3195,13.644040822982788,0.0516257472925428,PBPF,cracker_scene1,40,old
3196,13.648154497146606,0.0516257472925428,PBPF,cracker_scene1,40,old
3197,13.652610301971436,0.0516257472925428,PBPF,cracker_scene1,40,old
3198,13.65700888633728,0.0516436725481844,PBPF,cracker_scene1,40,old
3199,13.661075592041016,0.0516436725481844,PBPF,cracker_scene1,40,old
3200,13.665130853652954,0.0516436725481844,PBPF,cracker_scene1,40,old
3201,13.669583797454834,0.051587754583565903,PBPF,cracker_scene1,40,old
3202,13.67363429069519,0.0515970561208539,PBPF,cracker_scene1,40,old
3203,13.678378343582152,0.051547120596763404,PBPF,cracker_scene1,40,old
3204,13.682574272155762,0.051547120596763404,PBPF,cracker_scene1,40,old
3205,13.687331438064575,0.051553694437743,PBPF,cracker_scene1,40,old
3206,13.691659450531006,0.051349767928470604,PBPF,cracker_scene1,40,old
3207,13.696048021316528,0.051349767928470604,PBPF,cracker_scene1,40,old
3208,13.700447082519531,0.051197376964404705,PBPF,cracker_scene1,40,old
3209,13.704651594161987,0.051197376964404705,PBPF,cracker_scene1,40,old
3210,13.709317922592165,0.051286919769725804,PBPF,cracker_scene1,40,old
3211,13.71350359916687,0.051286919769725804,PBPF,cracker_scene1,40,old
3212,13.718097925186155,0.0511324390227451,PBPF,cracker_scene1,40,old
3213,13.722309112548828,0.0511324390227451,PBPF,cracker_scene1,40,old
3214,13.72682523727417,0.051080869065435505,PBPF,cracker_scene1,40,old
3215,13.731011390686035,0.051080869065435505,PBPF,cracker_scene1,40,old
3216,13.735279321670532,0.051080869065435505,PBPF,cracker_scene1,40,old
3217,13.739578485488892,0.0510692820265164,PBPF,cracker_scene1,40,old
3218,13.743886470794678,0.0510692820265164,PBPF,cracker_scene1,40,old
3219,13.748262166976929,0.0509024187370143,PBPF,cracker_scene1,40,old
3220,13.75255846977234,0.0509024187370143,PBPF,cracker_scene1,40,old
3221,13.75678825378418,0.0509786314539541,PBPF,cracker_scene1,40,old
3222,13.761376142501833,0.0509786314539541,PBPF,cracker_scene1,40,old
3223,13.765625715255736,0.0507453962804041,PBPF,cracker_scene1,40,old
3224,13.770182609558104,0.050837169250111905,PBPF,cracker_scene1,40,old
3225,13.77435564994812,0.050837169250111905,PBPF,cracker_scene1,40,old
3226,13.77864933013916,0.050837169250111905,PBPF,cracker_scene1,40,old
3227,13.7828209400177,0.050837169250111905,PBPF,cracker_scene1,40,old
3228,13.78737473487854,0.0521148466077963,PBPF,cracker_scene1,40,old
3229,13.792006492614746,0.0520899890768507,PBPF,cracker_scene1,40,old
3230,13.79657769203186,0.0518239264854929,PBPF,cracker_scene1,40,old
3231,13.801076650619509,0.0517136673242327,PBPF,cracker_scene1,40,old
3232,13.805722951889038,0.0516387773847398,PBPF,cracker_scene1,40,old
3233,13.81031370162964,0.051818127286247004,PBPF,cracker_scene1,40,old
3234,13.814470767974854,0.051818127286247004,PBPF,cracker_scene1,40,old
3235,13.818884134292604,0.051706116536265,PBPF,cracker_scene1,40,old
3236,13.822958707809448,0.051706116536265,PBPF,cracker_scene1,40,old
3237,13.827329635620115,0.0517284138087824,PBPF,cracker_scene1,40,old
3238,13.831457376480104,0.0517284138087824,PBPF,cracker_scene1,40,old
3239,13.836008787155151,0.051427522068859005,PBPF,cracker_scene1,40,old
3240,13.840080976486206,0.051427522068859005,PBPF,cracker_scene1,40,old
3241,13.844626426696776,0.051461804905729505,PBPF,cracker_scene1,40,old
3242,13.84899091720581,0.051461804905729505,PBPF,cracker_scene1,40,old
3243,13.853352308273315,0.0513103981325483,PBPF,cracker_scene1,40,old
3244,13.85758352279663,0.0514072998694155,PBPF,cracker_scene1,40,old
3245,13.861976385116575,0.0513475600560095,PBPF,cracker_scene1,40,old
3246,13.866232872009276,0.0514478183484118,PBPF,cracker_scene1,40,old
3247,13.870680809020996,0.0514478183484118,PBPF,cracker_scene1,40,old
3248,13.875142574310305,0.051450411444446204,PBPF,cracker_scene1,40,old
3249,13.879667520523071,0.0514033469988586,PBPF,cracker_scene1,40,old
3250,13.884084701538086,0.051117061045440504,PBPF,cracker_scene1,40,old
3251,13.888195753097534,0.051117061045440504,PBPF,cracker_scene1,40,old
3252,13.892407178878784,0.051156159374214,PBPF,cracker_scene1,40,old
3253,13.896565914154053,0.051156159374214,PBPF,cracker_scene1,40,old
3254,13.900790214538574,0.0511590077300606,PBPF,cracker_scene1,40,old
3255,13.90489649772644,0.0510824720093214,PBPF,cracker_scene1,40,old
3256,13.909188747406006,0.0510271869754685,PBPF,cracker_scene1,40,old
3257,13.91361403465271,0.0510271869754685,PBPF,cracker_scene1,40,old
3258,13.918206214904783,0.0509888116481709,PBPF,cracker_scene1,40,old
3259,13.922404289245604,0.0509888116481709,PBPF,cracker_scene1,40,old
3260,13.927090644836426,0.050948615035331504,PBPF,cracker_scene1,40,old
3261,13.931381940841677,0.050948615035331504,PBPF,cracker_scene1,40,old
3262,13.935949802398682,0.0510163050758759,PBPF,cracker_scene1,40,old
3263,13.939961671829224,0.0510163050758759,PBPF,cracker_scene1,40,old
3264,13.944451093673706,0.050837139810300504,PBPF,cracker_scene1,40,old
3265,13.948928833007812,0.0523600261552419,PBPF,cracker_scene1,40,old
3266,13.953364372253418,0.052300908968142504,PBPF,cracker_scene1,40,old
3267,13.957581520080566,0.052300908968142504,PBPF,cracker_scene1,40,old
3268,13.962005376815796,0.0521537583420554,PBPF,cracker_scene1,40,old
3269,13.966355323791504,0.052124873335329704,PBPF,cracker_scene1,40,old
3270,13.97076153755188,0.0521274251919486,PBPF,cracker_scene1,40,old
3271,13.97505235671997,0.052209621920462405,PBPF,cracker_scene1,40,old
3272,13.97965955734253,0.0521630000116853,PBPF,cracker_scene1,40,old
3273,13.98389196395874,0.052257171797585905,PBPF,cracker_scene1,40,old
3274,13.98829221725464,0.052257171797585905,PBPF,cracker_scene1,40,old
3275,13.9927237033844,0.0522563061052645,PBPF,cracker_scene1,40,old
3276,13.99711799621582,0.052049361725527404,PBPF,cracker_scene1,40,old
3277,14.0013325214386,0.0520126549952121,PBPF,cracker_scene1,40,old
3278,14.005551099777222,0.0520126549952121,PBPF,cracker_scene1,40,old
3279,14.00983476638794,0.051977419095054704,PBPF,cracker_scene1,40,old
3280,14.014010190963743,0.051977419095054704,PBPF,cracker_scene1,40,old
3281,14.018288373947144,0.051905363187361504,PBPF,cracker_scene1,40,old
3282,14.022359371185305,0.051905363187361504,PBPF,cracker_scene1,40,old
3283,14.026708841323853,0.051833147136811204,PBPF,cracker_scene1,40,old
3284,14.030905723571776,0.051833147136811204,PBPF,cracker_scene1,40,old
3285,14.035312414169312,0.0517160677686172,PBPF,cracker_scene1,40,old
3286,14.039632320404053,0.0517160677686172,PBPF,cracker_scene1,40,old
3287,14.043898582458496,0.0517753952482779,PBPF,cracker_scene1,40,old
3288,14.048115968704224,0.0517753952482779,PBPF,cracker_scene1,40,old
3289,14.05246353149414,0.0516016242728021,PBPF,cracker_scene1,40,old
3290,14.056788444519045,0.0516016242728021,PBPF,cracker_scene1,40,old
3291,14.061374425888062,0.0515296925304023,PBPF,cracker_scene1,40,old
3292,14.0654616355896,0.0515296925304023,PBPF,cracker_scene1,40,old
3293,14.070006847381592,0.051463474114070304,PBPF,cracker_scene1,40,old
3294,14.07402753829956,0.051463474114070304,PBPF,cracker_scene1,40,old
3295,14.078501224517822,0.051517885884865805,PBPF,cracker_scene1,40,old
3296,14.082666158676147,0.051517885884865805,PBPF,cracker_scene1,40,old
3297,14.087157011032104,0.0514871129252639,PBPF,cracker_scene1,40,old
3298,14.091331720352173,0.051431599458320404,PBPF,cracker_scene1,40,old
3299,14.095659732818604,0.051431599458320404,PBPF,cracker_scene1,40,old
3300,14.099887132644652,0.0513111236490328,PBPF,cracker_scene1,40,old
3301,14.104196548461914,0.0513111236490328,PBPF,cracker_scene1,40,old
3302,14.10864806175232,0.0510568632187645,PBPF,cracker_scene1,40,old
3303,14.113006353378296,0.0510580270580752,PBPF,cracker_scene1,40,old
3304,14.117507696151732,0.0510007683981947,PBPF,cracker_scene1,40,old
3305,14.121506690979004,0.0510007683981947,PBPF,cracker_scene1,40,old
3306,14.125715732574465,0.050931484244993705,PBPF,cracker_scene1,40,old
3307,14.12975001335144,0.0509315497529726,PBPF,cracker_scene1,40,old
3308,14.133651971817017,0.0509315497529726,PBPF,cracker_scene1,40,old
3309,14.137964010238647,0.0509082999064008,PBPF,cracker_scene1,40,old
3310,14.14211654663086,0.0508905787043525,PBPF,cracker_scene1,40,old
3311,14.146146059036257,0.050835315339086605,PBPF,cracker_scene1,40,old
3312,14.150352001190186,0.0508349678551316,PBPF,cracker_scene1,40,old
3313,14.155022859573364,0.0508144320020303,PBPF,cracker_scene1,40,old
3314,14.15933322906494,0.0507659504965229,PBPF,cracker_scene1,40,old
3315,14.163528442382812,0.0507659504965229,PBPF,cracker_scene1,40,old
3316,14.167775630950928,0.0507751841117439,PBPF,cracker_scene1,40,old
3317,14.171957969665527,0.0507751841117439,PBPF,cracker_scene1,40,old
3318,14.176260232925417,0.0507257809147637,PBPF,cracker_scene1,40,old
3319,14.180454015731812,0.0507257809147637,PBPF,cracker_scene1,40,old
3320,14.184885025024414,0.0506427975675346,PBPF,cracker_scene1,40,old
3321,14.18908977508545,0.0506427975675346,PBPF,cracker_scene1,40,old
3322,14.193336248397827,0.0506059567558249,PBPF,cracker_scene1,40,old
3323,14.197568893432615,0.0506059567558249,PBPF,cracker_scene1,40,old
3324,14.201825380325316,0.0505641022017298,PBPF,cracker_scene1,40,old
3325,14.206033945083618,0.0505641022017298,PBPF,cracker_scene1,40,old
3326,14.210394620895386,0.0505276620096533,PBPF,cracker_scene1,40,old
3327,14.214499235153198,0.0505276620096533,PBPF,cracker_scene1,40,old
3328,14.218929767608644,0.0504571336703281,PBPF,cracker_scene1,40,old
3329,14.223007440567017,0.0504571336703281,PBPF,cracker_scene1,40,old
3330,14.22747015953064,0.050303640307999005,PBPF,cracker_scene1,40,old
3331,14.23160481452942,0.050303640307999005,PBPF,cracker_scene1,40,old
3332,14.235960721969604,0.0503564121516089,PBPF,cracker_scene1,40,old
3333,14.240192651748655,0.0503564121516089,PBPF,cracker_scene1,40,old
3334,14.24462080001831,0.050328188916805,PBPF,cracker_scene1,40,old
3335,14.24876356124878,0.050328188916805,PBPF,cracker_scene1,40,old
3336,14.253156900405884,0.0502814390329228,PBPF,cracker_scene1,40,old
3337,14.257226705551147,0.0502814390329228,PBPF,cracker_scene1,40,old
3338,14.261684656143188,0.050244790832958304,PBPF,cracker_scene1,40,old
3339,14.26567006111145,0.050244790832958304,PBPF,cracker_scene1,40,old
3340,14.270148992538452,0.0502307604962895,PBPF,cracker_scene1,40,old
3341,14.274516820907593,0.0531418949963698,PBPF,cracker_scene1,40,old
3342,14.278927564620972,0.053122176835503104,PBPF,cracker_scene1,40,old
3343,14.283095836639404,0.0531192179353812,PBPF,cracker_scene1,40,old
3344,14.287540912628174,0.0530737150293811,PBPF,cracker_scene1,40,old
3345,14.291708946228027,0.0530786258642562,PBPF,cracker_scene1,40,old
3346,14.295982360839844,0.0530603432214396,PBPF,cracker_scene1,40,old
3347,14.300149202346802,0.0529455028427016,PBPF,cracker_scene1,40,old
3348,14.304430484771729,0.0529142679699936,PBPF,cracker_scene1,40,old
3349,14.308595418930054,0.0529895958925572,PBPF,cracker_scene1,40,old
3350,14.312864780426024,0.0529895958925572,PBPF,cracker_scene1,40,old
3351,14.317131757736206,0.0528791535023779,PBPF,cracker_scene1,40,old
3352,14.321390628814695,0.0528791535023779,PBPF,cracker_scene1,40,old
3353,14.325592756271362,0.0528670300323522,PBPF,cracker_scene1,40,old
3354,14.329892873764038,0.0528670300323522,PBPF,cracker_scene1,40,old
3355,14.334136962890623,0.0528091926332128,PBPF,cracker_scene1,40,old
3356,14.338382720947266,0.0528091926332128,PBPF,cracker_scene1,40,old
3357,14.342666387557983,0.0526255287657579,PBPF,cracker_scene1,40,old
3358,14.346871614456177,0.0526255287657579,PBPF,cracker_scene1,40,old
3359,14.35138988494873,0.0527274313382695,PBPF,cracker_scene1,40,old
3360,14.355374813079834,0.0527274313382695,PBPF,cracker_scene1,40,old
3361,14.359604835510254,0.052734022853291505,PBPF,cracker_scene1,40,old
3362,14.363623142242432,0.052734022853291505,PBPF,cracker_scene1,40,old
3363,14.36783218383789,0.0527069297215339,PBPF,cracker_scene1,40,old
3364,14.3718364238739,0.0527069297215339,PBPF,cracker_scene1,40,old
3365,14.376496076583862,0.052550836283436,PBPF,cracker_scene1,40,old
3366,14.380798101425173,0.052550836283436,PBPF,cracker_scene1,40,old
3367,14.385258436203005,0.0525348627768947,PBPF,cracker_scene1,40,old
3368,14.38950228691101,0.0525348627768947,PBPF,cracker_scene1,40,old
3369,14.39395809173584,0.052490317172875105,PBPF,cracker_scene1,40,old
3370,14.398008823394775,0.052490317172875105,PBPF,cracker_scene1,40,old
3371,14.402355432510376,0.052460407223538605,PBPF,cracker_scene1,40,old
3372,14.406424283981323,0.052460407223538605,PBPF,cracker_scene1,40,old
3373,14.410840034484863,0.0525769179668465,PBPF,cracker_scene1,40,old
3374,14.41499662399292,0.0525769179668465,PBPF,cracker_scene1,40,old
3375,14.41950511932373,0.0524231158743075,PBPF,cracker_scene1,40,old
3376,14.423590898513794,0.0524231158743075,PBPF,cracker_scene1,40,old
3377,14.42830204963684,0.053371937852458,PBPF,cracker_scene1,40,old
3378,14.43229913711548,0.053371937852458,PBPF,cracker_scene1,40,old
3379,14.436540603637695,0.0533356616247091,PBPF,cracker_scene1,40,old
3380,14.44074773788452,0.0533356616247091,PBPF,cracker_scene1,40,old
3381,14.445172309875488,0.053378591684745,PBPF,cracker_scene1,40,old
3382,14.449384689331056,0.053378591684745,PBPF,cracker_scene1,40,old
3383,14.453461647033691,0.053378591684745,PBPF,cracker_scene1,40,old
3384,14.457831144332886,0.0532391486092463,PBPF,cracker_scene1,40,old
3385,14.462072610855104,0.0532391486092463,PBPF,cracker_scene1,40,old
3386,14.46650505065918,0.0532118011323073,PBPF,cracker_scene1,40,old
3387,14.47059679031372,0.0532118011323073,PBPF,cracker_scene1,40,old
3388,14.474910497665403,0.0531875316754603,PBPF,cracker_scene1,40,old
3389,14.479148864746094,0.0531875316754603,PBPF,cracker_scene1,40,old
3390,14.48345398902893,0.0532471391263428,PBPF,cracker_scene1,40,old
3391,14.487604856491089,0.0532471391263428,PBPF,cracker_scene1,40,old
3392,14.491788148880005,0.0532412429031595,PBPF,cracker_scene1,40,old
3393,14.496070861816406,0.053197520293183205,PBPF,cracker_scene1,40,old
3394,14.500240325927734,0.0532047301988061,PBPF,cracker_scene1,40,old
3395,14.504531860351562,0.053178300364356,PBPF,cracker_scene1,40,old
3396,14.508793830871582,0.0530248990186423,PBPF,cracker_scene1,40,old
3397,14.513071537017822,0.0530248990186423,PBPF,cracker_scene1,40,old
3398,14.517185926437378,0.0530173667408274,PBPF,cracker_scene1,40,old
3399,14.52161955833435,0.052952248847795404,PBPF,cracker_scene1,40,old
3400,14.525742053985596,0.052952248847795404,PBPF,cracker_scene1,40,old
3401,14.53008246421814,0.0529217490503091,PBPF,cracker_scene1,40,old
3402,14.534298658370972,0.0529217490503091,PBPF,cracker_scene1,40,old
3403,14.538321495056152,0.0529217490503091,PBPF,cracker_scene1,40,old
3404,14.542631387710571,0.0530100875507992,PBPF,cracker_scene1,40,old
3405,14.546808242797852,0.0530100875507992,PBPF,cracker_scene1,40,old
3406,14.551337718963625,0.052988224349004,PBPF,cracker_scene1,40,old
3407,14.555567979812622,0.052948205086501804,PBPF,cracker_scene1,40,old
3408,14.559770345687866,0.052948205086501804,PBPF,cracker_scene1,40,old
3409,14.564008712768556,0.0528002226674489,PBPF,cracker_scene1,40,old
3410,14.568247079849243,0.0528002226674489,PBPF,cracker_scene1,40,old
3411,14.572314500808716,0.0528002226674489,PBPF,cracker_scene1,40,old
3412,14.576611042022703,0.0528978737116832,PBPF,cracker_scene1,40,old
3413,14.580888271331789,0.0528978737116832,PBPF,cracker_scene1,40,old
3414,14.585505962371826,0.053523594201947904,PBPF,cracker_scene1,40,old
3415,14.58962869644165,0.053523594201947904,PBPF,cracker_scene1,40,old
3416,14.593899488449097,0.0535639615048737,PBPF,cracker_scene1,40,old
3417,14.598020076751707,0.053406391113095905,PBPF,cracker_scene1,40,old
3418,14.602627515792848,0.0534083280927946,PBPF,cracker_scene1,40,old
3419,14.6068115234375,0.0533760674686495,PBPF,cracker_scene1,40,old
3420,14.611101865768433,0.0533486741984244,PBPF,cracker_scene1,40,old
3421,14.615403175354004,0.0533486741984244,PBPF,cracker_scene1,40,old
3422,14.619828701019289,0.053408153751125405,PBPF,cracker_scene1,40,old
3423,14.623838901519775,0.053408153751125405,PBPF,cracker_scene1,40,old
3424,14.628139734268188,0.053367236380450704,PBPF,cracker_scene1,40,old
3425,14.632298469543455,0.053367236380450704,PBPF,cracker_scene1,40,old
3426,14.6366069316864,0.0532484322456551,PBPF,cracker_scene1,40,old
3427,14.640855073928831,0.0532501088457388,PBPF,cracker_scene1,40,old
3428,14.645098686218262,0.0532501088457388,PBPF,cracker_scene1,40,old
3429,14.64929223060608,0.0532501088457388,PBPF,cracker_scene1,40,old
3430,14.653690099716188,0.0533394653285592,PBPF,cracker_scene1,40,old
3431,14.657683849334717,0.0533394653285592,PBPF,cracker_scene1,40,old
3432,14.662041425704956,0.053224639787552305,PBPF,cracker_scene1,40,old
3433,14.66613221168518,0.053200113161529,PBPF,cracker_scene1,40,old
3434,14.67047357559204,0.0531640166936584,PBPF,cracker_scene1,40,old
3435,14.674572467803957,0.0531640166936584,PBPF,cracker_scene1,40,old
3436,14.678995132446287,0.0531604355112232,PBPF,cracker_scene1,40,old
3437,14.683240413665771,0.0531604355112232,PBPF,cracker_scene1,40,old
3438,14.68755054473877,0.0531497432433578,PBPF,cracker_scene1,40,old
3439,14.69177746772766,0.0532082481442561,PBPF,cracker_scene1,40,old
3440,14.696083068847656,0.0532082481442561,PBPF,cracker_scene1,40,old
3441,14.700304746627808,0.0530445599464045,PBPF,cracker_scene1,40,old
3442,14.704524517059326,0.0530445599464045,PBPF,cracker_scene1,40,old
3443,14.70869517326355,0.0531841181578002,PBPF,cracker_scene1,40,old
3444,14.71295714378357,0.0531841181578002,PBPF,cracker_scene1,40,old
3445,14.71722412109375,0.0530661226320375,PBPF,cracker_scene1,40,old
3446,14.721583366394045,0.0530661226320375,PBPF,cracker_scene1,40,old
3447,14.725835800170898,0.053148665765171105,PBPF,cracker_scene1,40,old
3448,14.730135679244995,0.053148665765171105,PBPF,cracker_scene1,40,old
3449,14.734271049499512,0.0530520040638518,PBPF,cracker_scene1,40,old
3450,14.738674402236938,0.053063307169342,PBPF,cracker_scene1,40,old
3451,14.743035793304443,0.053191842835179005,PBPF,cracker_scene1,40,old
3452,14.747239589691162,0.053191842835179005,PBPF,cracker_scene1,40,old
3453,14.751811265945436,0.0538124681204613,PBPF,cracker_scene1,40,old
3454,14.755924940109251,0.0538124681204613,PBPF,cracker_scene1,40,old
3455,14.76025128364563,0.0538730663448519,PBPF,cracker_scene1,40,old
3456,14.76435923576355,0.0538730663448519,PBPF,cracker_scene1,40,old
3457,14.76864218711853,0.053740893442732,PBPF,cracker_scene1,40,old
3458,14.772802591323853,0.053740893442732,PBPF,cracker_scene1,40,old
3459,14.77705192565918,0.0537470097266319,PBPF,cracker_scene1,40,old
3460,14.781264066696169,0.0537470097266319,PBPF,cracker_scene1,40,old
3461,14.785696744918823,0.0537775892995788,PBPF,cracker_scene1,40,old
3462,14.789763689041138,0.0537775892995788,PBPF,cracker_scene1,40,old
3463,14.794167518615724,0.053756215616114704,PBPF,cracker_scene1,40,old
3464,14.798190355300903,0.053756215616114704,PBPF,cracker_scene1,40,old
3465,14.802499294281006,0.053727131726686105,PBPF,cracker_scene1,40,old
3466,14.806588888168337,0.053727131726686105,PBPF,cracker_scene1,40,old
3467,14.810958862304688,0.053673234965078705,PBPF,cracker_scene1,40,old
3468,14.815118551254272,0.053673234965078705,PBPF,cracker_scene1,40,old
3469,14.81938099861145,0.053659072126798005,PBPF,cracker_scene1,40,old
3470,14.823414087295532,0.053659072126798005,PBPF,cracker_scene1,40,old
3471,14.827802896499634,0.0536209051339262,PBPF,cracker_scene1,40,old
3472,14.83180546760559,0.0536209051339262,PBPF,cracker_scene1,40,old
3473,14.836015701293944,0.0535994674097269,PBPF,cracker_scene1,40,old
3474,14.84038758277893,0.0535994674097269,PBPF,cracker_scene1,40,old
3475,14.844607830047607,0.0535994674097269,PBPF,cracker_scene1,40,old
3476,14.84907341003418,0.0536226101726247,PBPF,cracker_scene1,40,old
3477,14.853443622589111,0.0536226101726247,PBPF,cracker_scene1,40,old
3478,14.857431411743164,0.0536226101726247,PBPF,cracker_scene1,40,old
3479,14.861918687820436,0.053631677098180904,PBPF,cracker_scene1,40,old
3480,14.86608386039734,0.053631677098180904,PBPF,cracker_scene1,40,old
3481,14.870510339736938,0.0535921678197691,PBPF,cracker_scene1,40,old
3482,14.874773979187012,0.0535137943935394,PBPF,cracker_scene1,40,old
3483,14.87909460067749,0.0535137943935394,PBPF,cracker_scene1,40,old
3484,14.88355302810669,0.0534754248340397,PBPF,cracker_scene1,40,old
3485,14.887784481048584,0.0534754248340397,PBPF,cracker_scene1,40,old
3486,14.89181399345398,0.0534754248340397,PBPF,cracker_scene1,40,old
3487,14.896005153656006,0.053374692931294904,PBPF,cracker_scene1,40,old
3488,14.90031361579895,0.053374692931294904,PBPF,cracker_scene1,40,old
3489,14.904557704925535,0.0533882580241507,PBPF,cracker_scene1,40,old
3490,14.908698320388794,0.0533882580241507,PBPF,cracker_scene1,40,old
3491,14.913175582885742,0.054333651584382005,PBPF,cracker_scene1,40,old
3492,14.917588710784912,0.054333651584382005,PBPF,cracker_scene1,40,old
3493,14.921722888946531,0.0543287137776347,PBPF,cracker_scene1,40,old
3494,14.926002979278564,0.0543035438273776,PBPF,cracker_scene1,40,old
3495,14.930120468139648,0.0543035438273776,PBPF,cracker_scene1,40,old
3496,14.93464732170105,0.054170753690903205,PBPF,cracker_scene1,40,old
3497,14.938979864120483,0.0542474741706762,PBPF,cracker_scene1,40,old
3498,14.943280220031738,0.0542474741706762,PBPF,cracker_scene1,40,old
3499,14.94749355316162,0.0542165158248804,PBPF,cracker_scene1,40,old
3500,14.95176386833191,0.0542165158248804,PBPF,cracker_scene1,40,old
3501,14.955871343612673,0.0542165158248804,PBPF,cracker_scene1,40,old
3502,14.960204362869264,0.054194430334912905,PBPF,cracker_scene1,40,old
3503,14.9644455909729,0.054194430334912905,PBPF,cracker_scene1,40,old
3504,14.968735456466677,0.0540632441397135,PBPF,cracker_scene1,40,old
3505,14.973020792007446,0.0540632441397135,PBPF,cracker_scene1,40,old
3506,14.977481126785278,0.0541345286802039,PBPF,cracker_scene1,40,old
3507,14.981914520263672,0.0541345286802039,PBPF,cracker_scene1,40,old
3508,14.986372470855711,0.0540508088513375,PBPF,cracker_scene1,40,old
3509,14.991247653961182,0.0541044453111163,PBPF,cracker_scene1,40,old
3510,14.996016502380373,0.054070728605964104,PBPF,cracker_scene1,40,old
3511,15.00076961517334,0.0539410692257375,PBPF,cracker_scene1,40,old
3512,15.00522494316101,0.0539410692257375,PBPF,cracker_scene1,40,old
3513,15.009721994400024,0.054045448090482104,PBPF,cracker_scene1,40,old
3514,15.013987064361572,0.054045448090482104,PBPF,cracker_scene1,40,old
3515,15.018351554870604,0.0540266904563292,PBPF,cracker_scene1,40,old
3516,15.02264928817749,0.0540266904563292,PBPF,cracker_scene1,40,old
3517,15.027036428451538,0.0538862697807104,PBPF,cracker_scene1,40,old
3518,15.031205654144289,0.0538862697807104,PBPF,cracker_scene1,40,old
3519,15.035677671432495,0.054003697105376905,PBPF,cracker_scene1,40,old
3520,15.040029048919678,0.054003697105376905,PBPF,cracker_scene1,40,old
3521,15.044682025909424,0.053921285518442705,PBPF,cracker_scene1,40,old
3522,15.048957347869871,0.053921285518442705,PBPF,cracker_scene1,40,old
3523,15.05330491065979,0.0538760928622888,PBPF,cracker_scene1,40,old
3524,15.057440996170044,0.0538711154552296,PBPF,cracker_scene1,40,old
3525,15.06193780899048,0.054583169241245504,PBPF,cracker_scene1,40,old
3526,15.06598138809204,0.054583169241245504,PBPF,cracker_scene1,40,old
3527,15.070133924484251,0.0546774329072658,PBPF,cracker_scene1,40,old
3528,15.074227571487429,0.0546774329072658,PBPF,cracker_scene1,40,old
3529,15.078769445419312,0.054533791648367705,PBPF,cracker_scene1,40,old
3530,15.08309245109558,0.0546244673217899,PBPF,cracker_scene1,40,old
3531,15.08739161491394,0.054590349536639104,PBPF,cracker_scene1,40,old
3532,15.091688871383669,0.0545892945892493,PBPF,cracker_scene1,40,old
3533,15.096033811569214,0.0545611526122843,PBPF,cracker_scene1,40,old
3534,15.100218534469604,0.054459058959569304,PBPF,cracker_scene1,40,old
3535,15.104617595672607,0.0544199679340484,PBPF,cracker_scene1,40,old
3536,15.108750581741331,0.0545169087582835,PBPF,cracker_scene1,40,old
3537,15.113301277160645,0.0545155616225902,PBPF,cracker_scene1,40,old
3538,15.11758542060852,0.0545170595062349,PBPF,cracker_scene1,40,old
3539,15.122052192687988,0.054463044054819304,PBPF,cracker_scene1,40,old
3540,15.12654423713684,0.054309779662152204,PBPF,cracker_scene1,40,old
3541,15.13084101676941,0.054309779662152204,PBPF,cracker_scene1,40,old
3542,15.135382175445557,0.0544081265164515,PBPF,cracker_scene1,40,old
3543,15.139578819274902,0.0544081265164515,PBPF,cracker_scene1,40,old
3544,15.144307136535645,0.054308674148146004,PBPF,cracker_scene1,40,old
3545,15.14849019050598,0.054308674148146004,PBPF,cracker_scene1,40,old
3546,15.153093576431274,0.0542722926486706,PBPF,cracker_scene1,40,old
3547,15.157325267791748,0.0542722926486706,PBPF,cracker_scene1,40,old
3548,15.162226915359495,0.0543575852612731,PBPF,cracker_scene1,40,old
3549,15.166383266448976,0.0543575852612731,PBPF,cracker_scene1,40,old
3550,15.171024799346924,0.054370596348038404,PBPF,cracker_scene1,40,old
3551,15.17547869682312,0.0543519640543511,PBPF,cracker_scene1,40,old
3552,15.18003225326538,0.0543519640543511,PBPF,cracker_scene1,40,old
3553,15.184471845626833,0.0543415854837278,PBPF,cracker_scene1,40,old
3554,15.188862800598145,0.0543415854837278,PBPF,cracker_scene1,40,old
3555,15.193512201309204,0.0543131051941651,PBPF,cracker_scene1,40,old
3556,15.19783854484558,0.0543131051941651,PBPF,cracker_scene1,40,old
3557,15.202022075653076,0.054281876127759504,PBPF,cracker_scene1,40,old
3558,15.2062029838562,0.054281876127759504,PBPF,cracker_scene1,40,old
3559,15.210793256759644,0.054281876127759504,PBPF,cracker_scene1,40,old
3560,15.21530032157898,0.0541889604186349,PBPF,cracker_scene1,40,old
3561,15.219781637191772,0.0541889604186349,PBPF,cracker_scene1,40,old
3562,15.224518060684204,0.055683748126351705,PBPF,cracker_scene1,40,old
3563,15.228756666183472,0.055683748126351705,PBPF,cracker_scene1,40,old
3564,15.233057022094728,0.0556131956675755,PBPF,cracker_scene1,40,old
3565,15.237334251403809,0.0556131956675755,PBPF,cracker_scene1,40,old
3566,15.24133324623108,0.0556131956675755,PBPF,cracker_scene1,40,old
3567,15.245691299438477,0.055617082865634604,PBPF,cracker_scene1,40,old
3568,15.250173807144163,0.055571737340044704,PBPF,cracker_scene1,40,old
3569,15.25429654121399,0.055571737340044704,PBPF,cracker_scene1,40,old
3570,15.258461475372314,0.0555277176848371,PBPF,cracker_scene1,40,old
3571,15.262579441070557,0.0555277176848371,PBPF,cracker_scene1,40,old
3572,15.266587257385254,0.0555277176848371,PBPF,cracker_scene1,40,old
3573,15.270708084106444,0.0555277176848371,PBPF,cracker_scene1,40,old
3574,15.275212526321411,0.0554801854416144,PBPF,cracker_scene1,40,old
3575,15.279548168182371,0.0554556725315252,PBPF,cracker_scene1,40,old
3576,15.28394865989685,0.0554556725315252,PBPF,cracker_scene1,40,old
3577,15.288057327270508,0.055367165778205905,PBPF,cracker_scene1,40,old
3578,15.292123317718506,0.055367165778205905,PBPF,cracker_scene1,40,old
3579,15.29633641242981,0.0554602841036019,PBPF,cracker_scene1,40,old
3580,15.300496339797974,0.0554716207822814,PBPF,cracker_scene1,40,old
3581,15.304781198501589,0.0554716207822814,PBPF,cracker_scene1,40,old
3582,15.309128284454346,0.0554726260708458,PBPF,cracker_scene1,40,old
3583,15.31317901611328,0.0554726260708458,PBPF,cracker_scene1,40,old
3584,15.317728519439695,0.0554686016783408,PBPF,cracker_scene1,40,old
3585,15.32188367843628,0.0554686016783408,PBPF,cracker_scene1,40,old
3586,15.326138734817505,0.0554686016783408,PBPF,cracker_scene1,40,old
3587,15.330515623092651,0.0554678724616627,PBPF,cracker_scene1,40,old
3588,15.334778070449827,0.0554678724616627,PBPF,cracker_scene1,40,old
3589,15.339056491851808,0.055492907218605,PBPF,cracker_scene1,40,old
3590,15.343390226364136,0.055492907218605,PBPF,cracker_scene1,40,old
3591,15.347818851470947,0.055499273607484904,PBPF,cracker_scene1,40,old
3592,15.352014780044556,0.055499273607484904,PBPF,cracker_scene1,40,old
3593,15.3563551902771,0.0553727229469652,PBPF,cracker_scene1,40,old
3594,15.360543489456177,0.0553727229469652,PBPF,cracker_scene1,40,old
3595,15.365021228790283,0.0553727229469652,PBPF,cracker_scene1,40,old
3596,15.369228839874268,0.055383330404949305,PBPF,cracker_scene1,40,old
3597,15.373473167419434,0.055383330404949305,PBPF,cracker_scene1,40,old
3598,15.377829790115356,0.0553683180855651,PBPF,cracker_scene1,40,old
3599,15.38207221031189,0.0553683180855651,PBPF,cracker_scene1,40,old
3600,15.386406421661375,0.0553683180855651,PBPF,cracker_scene1,40,old
3601,15.390747547149658,0.0558060341725798,PBPF,cracker_scene1,40,old
3602,15.394919872283936,0.0558060341725798,PBPF,cracker_scene1,40,old
3603,15.399110794067385,0.0558060341725798,PBPF,cracker_scene1,40,old
3604,15.403581857681274,0.0559120616617393,PBPF,cracker_scene1,40,old
3605,15.40786862373352,0.0559120616617393,PBPF,cracker_scene1,40,old
3606,15.412149906158447,0.0558782984526988,PBPF,cracker_scene1,40,old
3607,15.416463851928713,0.0558782984526988,PBPF,cracker_scene1,40,old
3608,15.420523166656494,0.0558782984526988,PBPF,cracker_scene1,40,old
3609,15.424844980239868,0.055852202070781405,PBPF,cracker_scene1,40,old
3610,15.42900013923645,0.0558468869234896,PBPF,cracker_scene1,40,old
3611,15.433561086654665,0.0558481174337166,PBPF,cracker_scene1,40,old
3612,15.438023328781128,0.0558413093697945,PBPF,cracker_scene1,40,old
3613,15.442267417907717,0.0558555270911269,PBPF,cracker_scene1,40,old
3614,15.446683168411257,0.0557383253004963,PBPF,cracker_scene1,40,old
3615,15.451037168502808,0.0557450605922757,PBPF,cracker_scene1,40,old
3616,15.45535373687744,0.0557450605922757,PBPF,cracker_scene1,40,old
3617,15.459488153457642,0.0557523742817914,PBPF,cracker_scene1,40,old
3618,15.463664770126345,0.055768341879155504,PBPF,cracker_scene1,40,old
3619,15.467827081680298,0.0557888570606568,PBPF,cracker_scene1,40,old
3620,15.471922636032104,0.0558908986701737,PBPF,cracker_scene1,40,old
3621,15.476138591766356,0.0558397086394685,PBPF,cracker_scene1,40,old
3622,15.480674982070925,0.0558397086394685,PBPF,cracker_scene1,40,old
3623,15.485172748565674,0.0558397086394685,PBPF,cracker_scene1,40,old
3624,15.489336729049684,0.055716692590435005,PBPF,cracker_scene1,40,old
3625,15.493585348129272,0.055716692590435005,PBPF,cracker_scene1,40,old
3626,15.497848272323608,0.0558005023051537,PBPF,cracker_scene1,40,old
3627,15.502261638641356,0.0556957817622565,PBPF,cracker_scene1,40,old
3628,15.506590843200684,0.0556957817622565,PBPF,cracker_scene1,40,old
3629,15.51123046875,0.0556957817622565,PBPF,cracker_scene1,40,old
3630,15.515733242034912,0.055749274575147,PBPF,cracker_scene1,40,old
3631,15.520006656646729,0.055749274575147,PBPF,cracker_scene1,40,old
3632,15.52440357208252,0.0556282399481259,PBPF,cracker_scene1,40,old
3633,15.528711318969728,0.0556282399481259,PBPF,cracker_scene1,40,old
3634,15.53303599357605,0.0556219951925905,PBPF,cracker_scene1,40,old
3635,15.537335395812988,0.0556219951925905,PBPF,cracker_scene1,40,old
3636,15.541509866714478,0.0556219951925905,PBPF,cracker_scene1,40,old
3637,15.546206951141356,0.055636641699311803,PBPF,cracker_scene1,40,old
3638,15.55085515975952,0.0577751124731525,PBPF,cracker_scene1,40,old
3639,15.555437326431274,0.057688914442182604,PBPF,cracker_scene1,40,old
3640,15.559784650802612,0.057781504707649,PBPF,cracker_scene1,40,old
3641,15.564308881759644,0.057661294171258905,PBPF,cracker_scene1,40,old
3642,15.568804025650024,0.057731917741199804,PBPF,cracker_scene1,40,old
3643,15.573334217071531,0.0576518778714459,PBPF,cracker_scene1,40,old
3644,15.577770709991457,0.057737319004010204,PBPF,cracker_scene1,40,old
3645,15.58230757713318,0.0577420210227128,PBPF,cracker_scene1,40,old
3646,15.586867570877075,0.0577363234368601,PBPF,cracker_scene1,40,old
3647,15.591373682022097,0.057647885274658105,PBPF,cracker_scene1,40,old
3648,15.595911264419556,0.0577278842414135,PBPF,cracker_scene1,40,old
3649,15.600100755691528,0.0577232471529367,PBPF,cracker_scene1,40,old
3650,15.604410648345947,0.0577232471529367,PBPF,cracker_scene1,40,old
3651,15.60871434211731,0.057632179981919905,PBPF,cracker_scene1,40,old
3652,15.613007307052612,0.057632179981919905,PBPF,cracker_scene1,40,old
3653,15.617331743240356,0.057628525653801305,PBPF,cracker_scene1,40,old
3654,15.621519804000854,0.057628525653801305,PBPF,cracker_scene1,40,old
3655,15.62584352493286,0.057733686551407204,PBPF,cracker_scene1,40,old
3656,15.630223035812378,0.057733686551407204,PBPF,cracker_scene1,40,old
3657,15.634597539901732,0.0577366178780912,PBPF,cracker_scene1,40,old
3658,15.638715028762816,0.0577366178780912,PBPF,cracker_scene1,40,old
3659,15.64297866821289,0.057667310818236305,PBPF,cracker_scene1,40,old
3660,15.647225856781006,0.057667310818236305,PBPF,cracker_scene1,40,old
3661,15.651666164398192,0.0577365113186104,PBPF,cracker_scene1,40,old
3662,15.655670166015623,0.0577365113186104,PBPF,cracker_scene1,40,old
3663,15.659894704818726,0.0577265343232913,PBPF,cracker_scene1,40,old
3664,15.663917779922484,0.0577265343232913,PBPF,cracker_scene1,40,old
3665,15.668182134628296,0.0577321851501699,PBPF,cracker_scene1,40,old
3666,15.672223329544067,0.0577321851501699,PBPF,cracker_scene1,40,old
3667,15.67644739151001,0.0576481131677699,PBPF,cracker_scene1,40,old
3668,15.680887699127195,0.0576481131677699,PBPF,cracker_scene1,40,old
3669,15.685394763946531,0.057736813297988,PBPF,cracker_scene1,40,old
3670,15.689625978469849,0.057736813297988,PBPF,cracker_scene1,40,old
3671,15.693933010101318,0.057663529443147205,PBPF,cracker_scene1,40,old
3672,15.698113918304443,0.057663529443147205,PBPF,cracker_scene1,40,old
3673,15.70253562927246,0.0576603691740391,PBPF,cracker_scene1,40,old
3674,15.706667423248293,0.0576603691740391,PBPF,cracker_scene1,40,old
3675,15.710959911346436,0.057730315409949905,PBPF,cracker_scene1,40,old
3676,15.715119123458862,0.057730315409949905,PBPF,cracker_scene1,40,old
3677,15.719557762145996,0.057730397262343705,PBPF,cracker_scene1,40,old
3678,15.723642349243164,0.057730397262343705,PBPF,cracker_scene1,40,old
3679,15.728039979934692,0.0577341041570776,PBPF,cracker_scene1,40,old
3680,15.73213529586792,0.0577341041570776,PBPF,cracker_scene1,40,old
3681,15.73651123046875,0.057731354892556305,PBPF,cracker_scene1,40,old
3682,15.740645408630373,0.057731354892556305,PBPF,cracker_scene1,40,old
3683,15.744992017745972,0.0577409525757449,PBPF,cracker_scene1,40,old
3684,15.74920105934143,0.0577409525757449,PBPF,cracker_scene1,40,old
3685,15.75359559059143,0.0577399835534404,PBPF,cracker_scene1,40,old
3686,15.757664442062378,0.0577399835534404,PBPF,cracker_scene1,40,old
3687,15.761993169784546,0.057735294377297304,PBPF,cracker_scene1,40,old
3688,15.766209602355955,0.057726935892131404,PBPF,cracker_scene1,40,old
3689,15.77057123184204,0.0577325722315294,PBPF,cracker_scene1,40,old
3690,15.77476978302002,0.057647363219983004,PBPF,cracker_scene1,40,old
3691,15.779271125793455,0.057647363219983004,PBPF,cracker_scene1,40,old
3692,15.783513069152832,0.0577348660918938,PBPF,cracker_scene1,40,old
3693,15.787877559661863,0.0577348660918938,PBPF,cracker_scene1,40,old
3694,15.792163372039797,0.057734452434178005,PBPF,cracker_scene1,40,old
3695,15.796394109725952,0.057734452434178005,PBPF,cracker_scene1,40,old
3696,15.800477504730225,0.057734452434178005,PBPF,cracker_scene1,40,old
3697,15.804675340652466,0.057732893827637,PBPF,cracker_scene1,40,old
3698,15.808877229690552,0.057732893827637,PBPF,cracker_scene1,40,old
3699,15.813244581222534,0.0576464797873368,PBPF,cracker_scene1,40,old
3700,15.817577123641968,0.0576464797873368,PBPF,cracker_scene1,40,old
3701,15.82169508934021,0.057733924770722304,PBPF,cracker_scene1,40,old
3702,15.82590103149414,0.057733924770722304,PBPF,cracker_scene1,40,old
3703,15.830113887786863,0.057733924770722304,PBPF,cracker_scene1,40,old
3704,15.834092140197754,0.057733924770722304,PBPF,cracker_scene1,40,old
3705,15.838592767715454,0.0576373585776751,PBPF,cracker_scene1,40,old
3706,15.842612266540527,0.0576373585776751,PBPF,cracker_scene1,40,old
3707,15.84695839881897,0.057728188476990905,PBPF,cracker_scene1,40,old
3708,15.851224660873411,0.057728188476990905,PBPF,cracker_scene1,40,old
3709,15.855468273162842,0.0576213522261988,PBPF,cracker_scene1,40,old
3710,15.8594331741333,0.0576213522261988,PBPF,cracker_scene1,40,old
3711,15.863542556762695,0.0577182816850565,PBPF,cracker_scene1,40,old
3712,15.86759114265442,0.0577182816850565,PBPF,cracker_scene1,40,old
3713,15.87175178527832,0.0576390735682779,PBPF,cracker_scene1,40,old
3714,15.876219749450684,0.0576390735682779,PBPF,cracker_scene1,40,old
3715,15.880300283432009,0.0576390735682779,PBPF,cracker_scene1,40,old
3716,15.88461446762085,0.0577323112930562,PBPF,cracker_scene1,40,old
3717,15.888906478881836,0.0577323112930562,PBPF,cracker_scene1,40,old
3718,15.893176555633543,0.0577350560077629,PBPF,cracker_scene1,40,old
3719,15.897380590438845,0.0577350560077629,PBPF,cracker_scene1,40,old
3720,15.901671648025513,0.057647593712036704,PBPF,cracker_scene1,40,old
3721,15.90591311454773,0.057647593712036704,PBPF,cracker_scene1,40,old
3722,15.91003966331482,0.057647593712036704,PBPF,cracker_scene1,40,old
3723,15.914495944976808,0.0576711237888125,PBPF,cracker_scene1,40,old
3724,15.918694496154783,0.0576711237888125,PBPF,cracker_scene1,40,old
3725,15.922993183135986,0.0576690035985885,PBPF,cracker_scene1,40,old
3726,15.927034378051758,0.0576690035985885,PBPF,cracker_scene1,40,old
3727,15.93124532699585,0.057725929259189,PBPF,cracker_scene1,40,old
3728,15.93540859222412,0.0577214266320694,PBPF,cracker_scene1,40,old
3729,15.9397554397583,0.057726636027797505,PBPF,cracker_scene1,40,old
3730,15.944094896316528,0.057715321055020405,PBPF,cracker_scene1,40,old
3731,15.94850468635559,0.057645479867259805,PBPF,cracker_scene1,40,old
3732,15.952663660049438,0.057651742015866,PBPF,cracker_scene1,40,old
3733,15.956888437271118,0.057651742015866,PBPF,cracker_scene1,40,old
3734,15.96125102043152,0.057722301569917304,PBPF,cracker_scene1,40,old
3735,15.965704917907717,0.057650879564402305,PBPF,cracker_scene1,40,old
3736,15.970130443572998,0.0577161931055023,PBPF,cracker_scene1,40,old
3737,15.974635362625122,0.057655092468844704,PBPF,cracker_scene1,40,old
3738,15.979061365127563,0.0577329434249988,PBPF,cracker_scene1,40,old
3739,15.983678340911863,0.0577102973554649,PBPF,cracker_scene1,40,old
3740,15.988244771957396,0.057738192601817,PBPF,cracker_scene1,40,old
3741,15.99252438545227,0.057674947250922,PBPF,cracker_scene1,40,old
3742,15.996757745742798,0.057674947250922,PBPF,cracker_scene1,40,old
3743,16.000997304916382,0.057747822537478004,PBPF,cracker_scene1,40,old
3744,16.005176782608032,0.057747822537478004,PBPF,cracker_scene1,40,old
3745,16.009520053863525,0.0577062618147768,PBPF,cracker_scene1,40,old
3746,16.01377558708191,0.0577062618147768,PBPF,cracker_scene1,40,old
3747,16.018206357955933,0.0577169997357466,PBPF,cracker_scene1,40,old
3748,16.02234125137329,0.0577169997357466,PBPF,cracker_scene1,40,old
3749,16.026623964309692,0.0577896042526924,PBPF,cracker_scene1,40,old
3750,16.030796766281128,0.0577896042526924,PBPF,cracker_scene1,40,old
3751,16.035189151763916,0.0577386650619158,PBPF,cracker_scene1,40,old
3752,16.039366483688354,0.0577386650619158,PBPF,cracker_scene1,40,old
3753,16.043702125549316,0.0578098341870823,PBPF,cracker_scene1,40,old
3754,16.047977447509766,0.0578098341870823,PBPF,cracker_scene1,40,old
3755,16.052292346954346,0.0577990492726689,PBPF,cracker_scene1,40,old
3756,16.056288719177246,0.0577990492726689,PBPF,cracker_scene1,40,old
3757,16.060576677322388,0.057775843498537705,PBPF,cracker_scene1,40,old
3758,16.064634561538696,0.057775843498537705,PBPF,cracker_scene1,40,old
3759,16.068814754486084,0.0576599737385411,PBPF,cracker_scene1,40,old
3760,16.07282018661499,0.0576599737385411,PBPF,cracker_scene1,40,old
3761,16.07710075378418,0.0576246158264393,PBPF,cracker_scene1,40,old
3762,16.081672430038452,0.0576246158264393,PBPF,cracker_scene1,40,old
3763,16.08611249923706,0.0576756044599048,PBPF,cracker_scene1,40,old
3764,16.090238332748413,0.0576756044599048,PBPF,cracker_scene1,40,old
3765,16.094654321670532,0.0576055039922901,PBPF,cracker_scene1,40,old
3766,16.09877371788025,0.0576055039922901,PBPF,cracker_scene1,40,old
3767,16.10321879386902,0.057671280492493704,PBPF,cracker_scene1,40,old
3768,16.107342004776,0.057671280492493704,PBPF,cracker_scene1,40,old
3769,16.111908197402954,0.057582893891535605,PBPF,cracker_scene1,40,old
3770,16.116161108016968,0.0575815077693277,PBPF,cracker_scene1,40,old
3771,16.120638132095337,0.0575900789202506,PBPF,cracker_scene1,40,old
3772,16.124752283096313,0.0575900789202506,PBPF,cracker_scene1,40,old
3773,16.129153966903687,0.0576624511659028,PBPF,cracker_scene1,40,old
3774,16.133246660232544,0.0576624511659028,PBPF,cracker_scene1,40,old
3775,16.137754917144775,0.0576845087787643,PBPF,cracker_scene1,40,old
3776,16.141934871673584,0.0576788079885428,PBPF,cracker_scene1,40,old
3777,16.146288633346558,0.0576788079885428,PBPF,cracker_scene1,40,old
3778,16.15056276321411,0.0575834017918027,PBPF,cracker_scene1,40,old
3779,16.154937267303467,0.0575834017918027,PBPF,cracker_scene1,40,old
3780,16.15933871269226,0.0576697281206347,PBPF,cracker_scene1,40,old
3781,16.163668870925903,0.0576697281206347,PBPF,cracker_scene1,40,old
3782,16.167991399765015,0.0576862945578651,PBPF,cracker_scene1,40,old
3783,16.172226190567017,0.0576862945578651,PBPF,cracker_scene1,40,old
3784,16.176440000534058,0.057671402472216804,PBPF,cracker_scene1,40,old
3785,16.180838584899902,0.057671402472216804,PBPF,cracker_scene1,40,old
3786,16.18525791168213,0.0575751801680867,PBPF,cracker_scene1,40,old
3787,16.189510583877563,0.0575751801680867,PBPF,cracker_scene1,40,old
3788,16.194197416305542,0.0591393988852532,PBPF,cracker_scene1,40,old
3789,16.19845938682556,0.0591393988852532,PBPF,cracker_scene1,40,old
3790,16.202654600143433,0.0592152391754029,PBPF,cracker_scene1,40,old
3791,16.20714545249939,0.059220418157179704,PBPF,cracker_scene1,40,old
3792,16.21170449256897,0.0591252083451275,PBPF,cracker_scene1,40,old
3793,16.216131687164307,0.0591252083451275,PBPF,cracker_scene1,40,old
3794,16.22059726715088,0.059175193460322704,PBPF,cracker_scene1,40,old
3795,16.22475838661194,0.059175193460322704,PBPF,cracker_scene1,40,old
3796,16.22902536392212,0.059175193460322704,PBPF,cracker_scene1,40,old
3797,16.233328342437744,0.0591674528273428,PBPF,cracker_scene1,40,old
3798,16.237660884857178,0.0590938151724043,PBPF,cracker_scene1,40,old
3799,16.241784811019897,0.0590938151724043,PBPF,cracker_scene1,40,old
3800,16.246132135391235,0.0590938151724043,PBPF,cracker_scene1,40,old
3801,16.250656604766846,0.059074365029516705,PBPF,cracker_scene1,40,old
3802,16.254671573638916,0.059074365029516705,PBPF,cracker_scene1,40,old
3803,16.25874924659729,0.059074365029516705,PBPF,cracker_scene1,40,old
3804,16.26302218437195,0.059135547436683804,PBPF,cracker_scene1,40,old
3805,16.26710867881775,0.0591063051011568,PBPF,cracker_scene1,40,old
3806,16.27132821083069,0.0590986496871441,PBPF,cracker_scene1,40,old
3807,16.27549147605896,0.0591075214270846,PBPF,cracker_scene1,40,old
3808,16.28016185760498,0.059062053520892,PBPF,cracker_scene1,40,old
3809,16.284522533416748,0.059062053520892,PBPF,cracker_scene1,40,old
3810,16.288625240325928,0.059062053520892,PBPF,cracker_scene1,40,old
3811,16.292991399765015,0.0590738509405244,PBPF,cracker_scene1,40,old
3812,16.29717254638672,0.0590043883968371,PBPF,cracker_scene1,40,old
3813,16.30145812034607,0.0589969115226135,PBPF,cracker_scene1,40,old
3814,16.305792093276978,0.0589969115226135,PBPF,cracker_scene1,40,old
3815,16.310089826583862,0.0589948156876072,PBPF,cracker_scene1,40,old
3816,16.314249515533447,0.0589948156876072,PBPF,cracker_scene1,40,old
3817,16.318703174591064,0.0589948156876072,PBPF,cracker_scene1,40,old
3818,16.32296919822693,0.0590891643535111,PBPF,cracker_scene1,40,old
3819,16.327173233032227,0.0590891643535111,PBPF,cracker_scene1,40,old
3820,16.33138394355774,0.0590891643535111,PBPF,cracker_scene1,40,old
3821,16.33565330505371,0.0590822122112642,PBPF,cracker_scene1,40,old
3822,16.339892387390137,0.0590822122112642,PBPF,cracker_scene1,40,old
3823,16.344102382659912,0.059036459795742,PBPF,cracker_scene1,40,old
3824,16.348706245422363,0.059036459795742,PBPF,cracker_scene1,40,old
3825,16.353030681610107,0.0609270466876008,PBPF,cracker_scene1,40,old
3826,16.357243061065674,0.060839169778051004,PBPF,cracker_scene1,40,old
3827,16.361937761306763,0.0609211035575958,PBPF,cracker_scene1,40,old
3828,16.36643695831299,0.060917535703311,PBPF,cracker_scene1,40,old
3829,16.37103772163391,0.060913918823077604,PBPF,cracker_scene1,40,old
3830,16.375415802001953,0.0608295690979518,PBPF,cracker_scene1,40,old
3831,16.38032555580139,0.060782395243051304,PBPF,cracker_scene1,40,old
3832,16.384953260421753,0.0607352543793304,PBPF,cracker_scene1,40,old
3833,16.38969922065735,0.060783668754717204,PBPF,cracker_scene1,40,old
3834,16.394220113754272,0.0606891345200914,PBPF,cracker_scene1,40,old
3835,16.398347854614258,0.0606891345200914,PBPF,cracker_scene1,40,old
3836,16.402929067611694,0.060672494588858504,PBPF,cracker_scene1,40,old
3837,16.406900882720947,0.060672494588858504,PBPF,cracker_scene1,40,old
3838,16.41159963607788,0.060671615713728505,PBPF,cracker_scene1,40,old
3839,16.415757656097412,0.060671615713728505,PBPF,cracker_scene1,40,old
3840,16.420236110687256,0.0606742495904266,PBPF,cracker_scene1,40,old
3841,16.4242901802063,0.0606742495904266,PBPF,cracker_scene1,40,old
3842,16.42876100540161,0.060679988224329205,PBPF,cracker_scene1,40,old
3843,16.432881116867065,0.060679988224329205,PBPF,cracker_scene1,40,old
3844,16.43730854988098,0.0607682620489967,PBPF,cracker_scene1,40,old
3845,16.44153356552124,0.0606756171727151,PBPF,cracker_scene1,40,old
3846,16.445815563201904,0.0606756171727151,PBPF,cracker_scene1,40,old
3847,16.4503276348114,0.060680348134619,PBPF,cracker_scene1,40,old
3848,16.45444416999817,0.060680348134619,PBPF,cracker_scene1,40,old
3849,16.458701848983765,0.0607536802306258,PBPF,cracker_scene1,40,old
3850,16.463141441345215,0.0607536802306258,PBPF,cracker_scene1,40,old
3851,16.46728539466858,0.060657976678307905,PBPF,cracker_scene1,40,old
3852,16.47155475616455,0.060657976678307905,PBPF,cracker_scene1,40,old
3853,16.475796461105347,0.0607415626551059,PBPF,cracker_scene1,40,old
3854,16.48034405708313,0.0607415626551059,PBPF,cracker_scene1,40,old
3855,16.48492455482483,0.0607545987944764,PBPF,cracker_scene1,40,old
3856,16.48941993713379,0.0607545987944764,PBPF,cracker_scene1,40,old
3857,16.493953466415405,0.0606891720499287,PBPF,cracker_scene1,40,old
3858,16.49810528755188,0.0606891720499287,PBPF,cracker_scene1,40,old
3859,16.502653121948242,0.060650766415291504,PBPF,cracker_scene1,40,old
3860,16.50684905052185,0.060650766415291504,PBPF,cracker_scene1,40,old
3861,16.51148557662964,0.060640595508044404,PBPF,cracker_scene1,40,old
3862,16.51608180999756,0.0622654407897532,PBPF,cracker_scene1,40,old
3863,16.5207576751709,0.0622341650972214,PBPF,cracker_scene1,40,old
3864,16.52495241165161,0.0622519808321102,PBPF,cracker_scene1,40,old
3865,16.529459714889526,0.0622519808321102,PBPF,cracker_scene1,40,old
3866,16.53355121612549,0.0622519808321102,PBPF,cracker_scene1,40,old
3867,16.538155555725098,0.0622784152919542,PBPF,cracker_scene1,40,old
3868,16.542420864105225,0.0622693858656184,PBPF,cracker_scene1,40,old
3869,16.54696488380432,0.0622693858656184,PBPF,cracker_scene1,40,old
3870,16.551568508148193,0.0622437335225339,PBPF,cracker_scene1,40,old
3871,16.555704832077026,0.0622437335225339,PBPF,cracker_scene1,40,old
3872,16.560341358184814,0.0622773002016082,PBPF,cracker_scene1,40,old
3873,16.564396619796753,0.0622773002016082,PBPF,cracker_scene1,40,old
3874,16.568824768066406,0.0622854371509667,PBPF,cracker_scene1,40,old
3875,16.573089599609375,0.0622854371509667,PBPF,cracker_scene1,40,old
3876,16.577621459960938,0.0622734289332654,PBPF,cracker_scene1,40,old
3877,16.58183479309082,0.0622734289332654,PBPF,cracker_scene1,40,old
3878,16.586487531661987,0.0621106022071081,PBPF,cracker_scene1,40,old
3879,16.590606451034546,0.0621106022071081,PBPF,cracker_scene1,40,old
3880,16.59518837928772,0.0622003257142663,PBPF,cracker_scene1,40,old
3881,16.59938955307007,0.062121817704978405,PBPF,cracker_scene1,40,old
3882,16.603927850723267,0.0620998561318157,PBPF,cracker_scene1,40,old
3883,16.608145475387573,0.0620998561318157,PBPF,cracker_scene1,40,old
3884,16.61280918121338,0.0621604570897432,PBPF,cracker_scene1,40,old
3885,16.616992235183716,0.0621534554383276,PBPF,cracker_scene1,40,old
3886,16.621422052383423,0.0621503432798673,PBPF,cracker_scene1,40,old
3887,16.62558937072754,0.0620623972563576,PBPF,cracker_scene1,40,old
3888,16.629976511001587,0.0620623972563576,PBPF,cracker_scene1,40,old
3889,16.634307622909546,0.0621559112343308,PBPF,cracker_scene1,40,old
3890,16.63868474960327,0.0621559112343308,PBPF,cracker_scene1,40,old
3891,16.643014907836914,0.0621423408134859,PBPF,cracker_scene1,40,old
3892,16.647295236587524,0.0621423408134859,PBPF,cracker_scene1,40,old
3893,16.651798009872437,0.06207664865347,PBPF,cracker_scene1,40,old
3894,16.655956506729126,0.06207664865347,PBPF,cracker_scene1,40,old
3895,16.66033434867859,0.0621328454988865,PBPF,cracker_scene1,40,old
3896,16.66449761390686,0.0621328454988865,PBPF,cracker_scene1,40,old
3897,16.66874861717224,0.0621277297466077,PBPF,cracker_scene1,40,old
3898,16.673022985458374,0.0621277297466077,PBPF,cracker_scene1,40,old
3899,16.67755889892578,0.0623149725067037,PBPF,cracker_scene1,40,old
3900,16.681796073913574,0.0623149725067037,PBPF,cracker_scene1,40,old
3901,16.68607807159424,0.0622922422273927,PBPF,cracker_scene1,40,old
3902,16.69013237953186,0.0622922422273927,PBPF,cracker_scene1,40,old
3903,16.694365978240967,0.062280038472872,PBPF,cracker_scene1,40,old
3904,16.69837474822998,0.062280038472872,PBPF,cracker_scene1,40,old
3905,16.702646493911743,0.0622822705595634,PBPF,cracker_scene1,40,old
3906,16.706655502319336,0.0622822705595634,PBPF,cracker_scene1,40,old
3907,16.711469173431396,0.0622881748721116,PBPF,cracker_scene1,40,old
3908,16.715710163116455,0.0622881748721116,PBPF,cracker_scene1,40,old
3909,16.720253467559814,0.0622830142717513,PBPF,cracker_scene1,40,old
3910,16.724274396896362,0.0622830142717513,PBPF,cracker_scene1,40,old
3911,16.728630781173706,0.0622725012918019,PBPF,cracker_scene1,40,old
3912,16.73284149169922,0.0622700301563621,PBPF,cracker_scene1,40,old
3913,16.737144708633423,0.062272130007396405,PBPF,cracker_scene1,40,old
3914,16.7412748336792,0.0622690175410942,PBPF,cracker_scene1,40,old
3915,16.745593309402466,0.0622302405613942,PBPF,cracker_scene1,40,old
3916,16.749892234802246,0.062205557079902,PBPF,cracker_scene1,40,old
3917,16.754335403442383,0.062205557079902,PBPF,cracker_scene1,40,old
3918,16.758557558059692,0.0621791207184363,PBPF,cracker_scene1,40,old
3919,16.762866020202637,0.0621791207184363,PBPF,cracker_scene1,40,old
3920,16.767109632492065,0.0622691100280243,PBPF,cracker_scene1,40,old
3921,16.77149748802185,0.0622691100280243,PBPF,cracker_scene1,40,old
3922,16.775740385055542,0.0622434726727549,PBPF,cracker_scene1,40,old
3923,16.780051708221436,0.062178135056893104,PBPF,cracker_scene1,40,old
3924,16.78439974784851,0.062187998418921205,PBPF,cracker_scene1,40,old
3925,16.78874444961548,0.062187998418921205,PBPF,cracker_scene1,40,old
3926,16.793018579483032,0.0621937490893659,PBPF,cracker_scene1,40,old
3927,16.79728937149048,0.0621937490893659,PBPF,cracker_scene1,40,old
3928,16.801576375961304,0.0621793187167644,PBPF,cracker_scene1,40,old
3929,16.805774450302124,0.0621793187167644,PBPF,cracker_scene1,40,old
3930,16.810083627700806,0.0621040675660183,PBPF,cracker_scene1,40,old
3931,16.81439971923828,0.062168655665282,PBPF,cracker_scene1,40,old
3932,16.8187837600708,0.0621787406036541,PBPF,cracker_scene1,40,old
3933,16.82317614555359,0.0621787406036541,PBPF,cracker_scene1,40,old
3934,16.827552318572998,0.0621689668091054,PBPF,cracker_scene1,40,old
3935,16.83180546760559,0.0621689668091054,PBPF,cracker_scene1,40,old
3936,16.8365216255188,0.0638787695430021,PBPF,cracker_scene1,40,old
3937,16.84067678451538,0.0638787695430021,PBPF,cracker_scene1,40,old
3938,16.84514045715332,0.0639048907129537,PBPF,cracker_scene1,40,old
3939,16.849331617355347,0.0639048907129537,PBPF,cracker_scene1,40,old
3940,16.85380244255066,0.0639165091887693,PBPF,cracker_scene1,40,old
3941,16.85781979560852,0.0639165091887693,PBPF,cracker_scene1,40,old
3942,16.862377882003784,0.0638655794893572,PBPF,cracker_scene1,40,old
3943,16.866527557373047,0.0638655794893572,PBPF,cracker_scene1,40,old
3944,16.871034383773804,0.0638648258202518,PBPF,cracker_scene1,40,old
3945,16.87521195411682,0.06382300646312959,PBPF,cracker_scene1,40,old
3946,16.879460334777832,0.06382300646312959,PBPF,cracker_scene1,40,old
3947,16.88388729095459,0.0638402522769384,PBPF,cracker_scene1,40,old
3948,16.888010263442993,0.0637844410402172,PBPF,cracker_scene1,40,old
3949,16.892212629318237,0.0637804789024368,PBPF,cracker_scene1,40,old
3950,16.89630365371704,0.06379890140965219,PBPF,cracker_scene1,40,old
3951,16.900473594665527,0.0638200028272877,PBPF,cracker_scene1,40,old
3952,16.90462613105774,0.0638200028272877,PBPF,cracker_scene1,40,old
3953,16.90880537033081,0.06380849276841839,PBPF,cracker_scene1,40,old
3954,16.91340208053589,0.06380849276841839,PBPF,cracker_scene1,40,old
3955,16.917829990386963,0.0638007467683232,PBPF,cracker_scene1,40,old
3956,16.922056436538696,0.0638007467683232,PBPF,cracker_scene1,40,old
3957,16.92635750770569,0.0637781728290161,PBPF,cracker_scene1,40,old
3958,16.93062973022461,0.0637781728290161,PBPF,cracker_scene1,40,old
3959,16.934957265853882,0.0637890176547664,PBPF,cracker_scene1,40,old
3960,16.939164876937866,0.0637890176547664,PBPF,cracker_scene1,40,old
3961,16.94349718093872,0.0637682490569821,PBPF,cracker_scene1,40,old
3962,16.947784662246704,0.0637682490569821,PBPF,cracker_scene1,40,old
3963,16.95233130455017,0.0637033207093548,PBPF,cracker_scene1,40,old
3964,16.9564471244812,0.0637033207093548,PBPF,cracker_scene1,40,old
3965,16.96088457107544,0.0637260709820757,PBPF,cracker_scene1,40,old
3966,16.96514344215393,0.0637260709820757,PBPF,cracker_scene1,40,old
3967,16.969407081604004,0.0636691385875546,PBPF,cracker_scene1,40,old
3968,16.973703622817993,0.0636691385875546,PBPF,cracker_scene1,40,old
3969,16.978039026260376,0.0636675818728126,PBPF,cracker_scene1,40,old
3970,16.982588529586792,0.0636675818728126,PBPF,cracker_scene1,40,old
3971,16.98715853691101,0.0649084623239502,PBPF,cracker_scene1,40,old
3972,16.99149465560913,0.0649084623239502,PBPF,cracker_scene1,40,old
3973,16.99561643600464,0.0649243273970636,PBPF,cracker_scene1,40,old
3974,16.99990224838257,0.0649243273970636,PBPF,cracker_scene1,40,old
3975,17.00420045852661,0.0648984888561138,PBPF,cracker_scene1,40,old
3976,17.008366584777832,0.0648984888561138,PBPF,cracker_scene1,40,old
3977,17.01292586326599,0.0648881894678255,PBPF,cracker_scene1,40,old
3978,17.017070531845093,0.0648881894678255,PBPF,cracker_scene1,40,old
3979,17.02141261100769,0.0648881894678255,PBPF,cracker_scene1,40,old
3980,17.025670766830444,0.0648729551904723,PBPF,cracker_scene1,40,old
3981,17.02998161315918,0.0648729551904723,PBPF,cracker_scene1,40,old
3982,17.03426766395569,0.0648621164714233,PBPF,cracker_scene1,40,old
3983,17.03870129585266,0.0648653561295835,PBPF,cracker_scene1,40,old
3984,17.042902946472168,0.0648665502664499,PBPF,cracker_scene1,40,old
3985,17.047311305999756,0.0648665502664499,PBPF,cracker_scene1,40,old
3986,17.051660776138306,0.0648600762036808,PBPF,cracker_scene1,40,old
3987,17.055891752243042,0.0648600762036808,PBPF,cracker_scene1,40,old
3988,17.0602548122406,0.0648065949520391,PBPF,cracker_scene1,40,old
3989,17.064432382583618,0.0648065949520391,PBPF,cracker_scene1,40,old
3990,17.06870412826538,0.0648065949520391,PBPF,cracker_scene1,40,old
3991,17.073135137557983,0.0648137703640968,PBPF,cracker_scene1,40,old
3992,17.077320098876953,0.0648137703640968,PBPF,cracker_scene1,40,old
3993,17.081669807434082,0.0647656452232514,PBPF,cracker_scene1,40,old
3994,17.086169242858887,0.0648114326886617,PBPF,cracker_scene1,40,old
3995,17.090243577957153,0.0648114326886617,PBPF,cracker_scene1,40,old
3996,17.094643354415894,0.0647684779057689,PBPF,cracker_scene1,40,old
3997,17.098766088485718,0.064772022521145,PBPF,cracker_scene1,40,old
3998,17.103172063827515,0.064772022521145,PBPF,cracker_scene1,40,old
3999,17.10744857788086,0.0647768326513033,PBPF,cracker_scene1,40,old
4000,17.111775875091553,0.0647375603244819,PBPF,cracker_scene1,40,old
4001,17.116068601608276,0.0647244457107322,PBPF,cracker_scene1,40,old
4002,17.120328426361084,0.0647244457107322,PBPF,cracker_scene1,40,old
4003,17.124558210372925,0.064717072281291,PBPF,cracker_scene1,40,old
4004,17.128933906555176,0.0646959652376523,PBPF,cracker_scene1,40,old
4005,17.13318371772766,0.0646959652376523,PBPF,cracker_scene1,40,old
4006,17.137672901153564,0.0647026148465793,PBPF,cracker_scene1,40,old
4007,17.1419460773468,0.0647358662726657,PBPF,cracker_scene1,40,old
4008,17.146417379379272,0.0639532922844892,PBPF,cracker_scene1,40,old
4009,17.150656938552856,0.0639532922844892,PBPF,cracker_scene1,40,old
4010,17.155019760131836,0.06391113869246359,PBPF,cracker_scene1,40,old
4011,17.159491062164307,0.0639276418176522,PBPF,cracker_scene1,40,old
4012,17.16403365135193,0.0638539954099505,PBPF,cracker_scene1,40,old
4013,17.168462991714478,0.0638522819171658,PBPF,cracker_scene1,40,old
4014,17.17294716835022,0.0638719816695886,PBPF,cracker_scene1,40,old
4015,17.177488327026367,0.0639387267830812,PBPF,cracker_scene1,40,old
4016,17.181665658950806,0.0639387267830812,PBPF,cracker_scene1,40,old
4017,17.18617534637451,0.0639047116571738,PBPF,cracker_scene1,40,old
4018,17.190335273742676,0.0639047116571738,PBPF,cracker_scene1,40,old
4019,17.194841861724854,0.0638495508760972,PBPF,cracker_scene1,40,old
4020,17.198999404907227,0.0638538413151204,PBPF,cracker_scene1,40,old
4021,17.203346729278564,0.0638430788887397,PBPF,cracker_scene1,40,old
4022,17.207491874694824,0.0638430788887397,PBPF,cracker_scene1,40,old
4023,17.211907863616943,0.0638261631508571,PBPF,cracker_scene1,40,old
4024,17.216159343719482,0.0638261631508571,PBPF,cracker_scene1,40,old
4025,17.220502376556396,0.0637848179677952,PBPF,cracker_scene1,40,old
4026,17.22489595413208,0.06373595081054789,PBPF,cracker_scene1,40,old
4027,17.229339599609375,0.06373595081054789,PBPF,cracker_scene1,40,old
4028,17.233590126037598,0.0637001405520773,PBPF,cracker_scene1,40,old
4029,17.23800826072693,0.0637001405520773,PBPF,cracker_scene1,40,old
4030,17.242305040359497,0.0636998281025797,PBPF,cracker_scene1,40,old
4031,17.246680736541748,0.0636998281025797,PBPF,cracker_scene1,40,old
4032,17.251091241836548,0.06370848268143049,PBPF,cracker_scene1,40,old
4033,17.25531530380249,0.06370848268143049,PBPF,cracker_scene1,40,old
4034,17.259506940841675,0.0637344165138591,PBPF,cracker_scene1,40,old
4035,17.263638734817505,0.0637344165138591,PBPF,cracker_scene1,40,old
4036,17.26815104484558,0.0637034879323394,PBPF,cracker_scene1,40,old
4037,17.27241039276123,0.0637034879323394,PBPF,cracker_scene1,40,old
4038,17.27688694000244,0.0637030142995253,PBPF,cracker_scene1,40,old
4039,17.281062841415405,0.0637030142995253,PBPF,cracker_scene1,40,old
4040,17.28549075126648,0.0636441752764498,PBPF,cracker_scene1,40,old
4041,17.28958225250244,0.0636441752764498,PBPF,cracker_scene1,40,old
4042,17.293885946273804,0.0636566095187915,PBPF,cracker_scene1,40,old
4043,17.297937393188477,0.0636566095187915,PBPF,cracker_scene1,40,old
4044,17.302470684051514,0.06606524828368039,PBPF,cracker_scene1,40,old
4045,17.306591510772705,0.06606524828368039,PBPF,cracker_scene1,40,old
4046,17.31127667427063,0.0660731635393157,PBPF,cracker_scene1,40,old
4047,17.315456867218018,0.0660770809407713,PBPF,cracker_scene1,40,old
4048,17.31988000869751,0.066053453776943,PBPF,cracker_scene1,40,old
4049,17.323949813842773,0.066053453776943,PBPF,cracker_scene1,40,old
4050,17.328355312347412,0.06608284943827519,PBPF,cracker_scene1,40,old
4051,17.332563877105713,0.0660464776086812,PBPF,cracker_scene1,40,old
4052,17.336884260177612,0.0660464776086812,PBPF,cracker_scene1,40,old
4053,17.340996026992798,0.0660464776086812,PBPF,cracker_scene1,40,old
4054,17.345381498336792,0.0660260553941089,PBPF,cracker_scene1,40,old
4055,17.34954261779785,0.0660410953589169,PBPF,cracker_scene1,40,old
4056,17.35400700569153,0.0660410953589169,PBPF,cracker_scene1,40,old
4057,17.35817813873291,0.06599962860658169,PBPF,cracker_scene1,40,old
4058,17.362457990646362,0.06599962860658169,PBPF,cracker_scene1,40,old
4059,17.366743803024292,0.06604689320854659,PBPF,cracker_scene1,40,old
4060,17.371032238006592,0.06604689320854659,PBPF,cracker_scene1,40,old
4061,17.37530755996704,0.066008353253595,PBPF,cracker_scene1,40,old
4062,17.379466772079468,0.066008353253595,PBPF,cracker_scene1,40,old
4063,17.383743047714233,0.0660097967845545,PBPF,cracker_scene1,40,old
4064,17.388330698013306,0.0660097967845545,PBPF,cracker_scene1,40,old
4065,17.39266085624695,0.0659563836555836,PBPF,cracker_scene1,40,old
4066,17.397045850753784,0.0659563836555836,PBPF,cracker_scene1,40,old
4067,17.401137590408325,0.0659563836555836,PBPF,cracker_scene1,40,old
4068,17.405563592910767,0.0659379481245797,PBPF,cracker_scene1,40,old
4069,17.40961790084839,0.0659379481245797,PBPF,cracker_scene1,40,old
4070,17.41392207145691,0.0659646203702931,PBPF,cracker_scene1,40,old
4071,17.418147563934326,0.0659646203702931,PBPF,cracker_scene1,40,old
4072,17.42260193824768,0.06596252921385219,PBPF,cracker_scene1,40,old
4073,17.426880359649658,0.0659553702056159,PBPF,cracker_scene1,40,old
4074,17.431424617767334,0.0659346440850111,PBPF,cracker_scene1,40,old
4075,17.43585705757141,0.0659346440850111,PBPF,cracker_scene1,40,old
4076,17.440630197525024,0.0659753681027291,PBPF,cracker_scene1,40,old
4077,17.445053100585938,0.0659630700043855,PBPF,cracker_scene1,40,old
4078,17.449151515960693,0.0659630700043855,PBPF,cracker_scene1,40,old
4079,17.45353889465332,0.0659030802393136,PBPF,cracker_scene1,40,old
4080,17.457744598388672,0.0659030802393136,PBPF,cracker_scene1,40,old
4081,17.462178468704224,0.0659078115460667,PBPF,cracker_scene1,40,old
4082,17.466646432876587,0.06792938800596669,PBPF,cracker_scene1,40,old
4083,17.471038818359375,0.0678959210583168,PBPF,cracker_scene1,40,old
4084,17.47548270225525,0.0678959210583168,PBPF,cracker_scene1,40,old
4085,17.4797203540802,0.0678592561563357,PBPF,cracker_scene1,40,old
4086,17.484455108642578,0.0678592561563357,PBPF,cracker_scene1,40,old
4087,17.488919019699097,0.067840999621023,PBPF,cracker_scene1,40,old
4088,17.493460178375244,0.0678534359176165,PBPF,cracker_scene1,40,old
4089,17.498165607452393,0.0678456975431012,PBPF,cracker_scene1,40,old
4090,17.50275683403015,0.0678279741048967,PBPF,cracker_scene1,40,old
4091,17.50735378265381,0.0678185202563765,PBPF,cracker_scene1,40,old
4092,17.5116126537323,0.0678185202563765,PBPF,cracker_scene1,40,old
4093,17.516080617904663,0.0678185202563765,PBPF,cracker_scene1,40,old
4094,17.520282983779907,0.0678072144620196,PBPF,cracker_scene1,40,old
4095,17.524507761001587,0.0678072144620196,PBPF,cracker_scene1,40,old
4096,17.52870488166809,0.0677898399569558,PBPF,cracker_scene1,40,old
4097,17.532973527908325,0.0677898399569558,PBPF,cracker_scene1,40,old
4098,17.537495374679565,0.0677898399569558,PBPF,cracker_scene1,40,old
4099,17.541679859161377,0.0677966539630122,PBPF,cracker_scene1,40,old
4100,17.546258687973022,0.0677966539630122,PBPF,cracker_scene1,40,old
4101,17.550777435302734,0.0677603439852129,PBPF,cracker_scene1,40,old
4102,17.555108785629272,0.0677603439852129,PBPF,cracker_scene1,40,old
4103,17.55962610244751,0.0677603439852129,PBPF,cracker_scene1,40,old
4104,17.564453601837158,0.0677368422315042,PBPF,cracker_scene1,40,old
4105,17.569072484970093,0.0677200307783356,PBPF,cracker_scene1,40,old
4106,17.573894739151,0.0676574187110045,PBPF,cracker_scene1,40,old
4107,17.578700304031372,0.0676889869401496,PBPF,cracker_scene1,40,old
4108,17.58354139328003,0.0676489702470061,PBPF,cracker_scene1,40,old
4109,17.588387966156006,0.0676391928803908,PBPF,cracker_scene1,40,old
4110,17.593108415603638,0.0676270814533502,PBPF,cracker_scene1,40,old
4111,17.59785556793213,0.0676132167286983,PBPF,cracker_scene1,40,old
4112,17.60236096382141,0.0676203717344955,PBPF,cracker_scene1,40,old
4113,17.606825828552246,0.0676203717344955,PBPF,cracker_scene1,40,old
4114,17.61142897605896,0.0675790506005645,PBPF,cracker_scene1,40,old
4115,17.61574959754944,0.0675909614461937,PBPF,cracker_scene1,40,old
4116,17.620447397232056,0.067553349106396,PBPF,cracker_scene1,40,old
4117,17.62470030784607,0.06758298377879769,PBPF,cracker_scene1,40,old
4118,17.629547357559204,0.0703375249885678,PBPF,cracker_scene1,40,old
4119,17.633868932724,0.07031159739526929,PBPF,cracker_scene1,40,old
4120,17.63852572441101,0.07031159739526929,PBPF,cracker_scene1,40,old
4121,17.643175840377808,0.0702980373098313,PBPF,cracker_scene1,40,old
4122,17.64763569831848,0.0702980373098313,PBPF,cracker_scene1,40,old
4123,17.65216040611267,0.0702661217360043,PBPF,cracker_scene1,40,old
4124,17.65642547607422,0.0702661217360043,PBPF,cracker_scene1,40,old
4125,17.660595417022705,0.0702671467089627,PBPF,cracker_scene1,40,old
4126,17.664552688598633,0.0702671467089627,PBPF,cracker_scene1,40,old
4127,17.669628858566284,0.0702703530449687,PBPF,cracker_scene1,40,old
4128,17.67376732826233,0.0702703530449687,PBPF,cracker_scene1,40,old
4129,17.67846655845642,0.0702194498758402,PBPF,cracker_scene1,40,old
4130,17.682998657226562,0.0702194498758402,PBPF,cracker_scene1,40,old
4131,17.6873619556427,0.0702194286172988,PBPF,cracker_scene1,40,old
4132,17.691503763198853,0.070213526235427,PBPF,cracker_scene1,40,old
4133,17.69563102722168,0.070213526235427,PBPF,cracker_scene1,40,old
4134,17.6997332572937,0.070199198148037,PBPF,cracker_scene1,40,old
4135,17.70384407043457,0.070195383772061,PBPF,cracker_scene1,40,old
4136,17.70806908607483,0.070195383772061,PBPF,cracker_scene1,40,old
4137,17.712764024734497,0.0701717008817821,PBPF,cracker_scene1,40,old
4138,17.717257976531982,0.07014663633972419,PBPF,cracker_scene1,40,old
4139,17.721813440322876,0.07014663633972419,PBPF,cracker_scene1,40,old
4140,17.726257801055908,0.0701466246286828,PBPF,cracker_scene1,40,old
4141,17.73070001602173,0.0701466246286828,PBPF,cracker_scene1,40,old
4142,17.735227584838867,0.0701481739200445,PBPF,cracker_scene1,40,old
4143,17.739813089370728,0.0701481739200445,PBPF,cracker_scene1,40,old
4144,17.744332551956177,0.0701291455645994,PBPF,cracker_scene1,40,old
4145,17.74885582923889,0.0701291455645994,PBPF,cracker_scene1,40,old
4146,17.753602027893066,0.0701043834537773,PBPF,cracker_scene1,40,old
4147,17.757792711257935,0.0700798717728401,PBPF,cracker_scene1,40,old
4148,17.76251196861267,0.0701063103294611,PBPF,cracker_scene1,40,old
4149,17.76697039604187,0.0700900563105246,PBPF,cracker_scene1,40,old
4150,17.771650552749634,0.070106457650304,PBPF,cracker_scene1,40,old
4151,17.776095867156982,0.0700754569034369,PBPF,cracker_scene1,40,old
4152,17.780548810958862,0.0700754569034369,PBPF,cracker_scene1,40,old
4153,17.785099744796753,0.07003624951294429,PBPF,cracker_scene1,40,old
4154,17.789843559265137,0.07297299853857009,PBPF,cracker_scene1,40,old
4155,17.794455528259277,0.0729514806329307,PBPF,cracker_scene1,40,old
4156,17.798619031906128,0.0729514806329307,PBPF,cracker_scene1,40,old
4157,17.803169012069702,0.0729776903205162,PBPF,cracker_scene1,40,old
4158,17.807641983032227,0.0729255767440716,PBPF,cracker_scene1,40,old
4159,17.8122878074646,0.0729255767440716,PBPF,cracker_scene1,40,old
4160,17.816539525985718,0.0729255767440716,PBPF,cracker_scene1,40,old
4161,17.821177005767822,0.0729210823359573,PBPF,cracker_scene1,40,old
4162,17.825395107269287,0.0729091001759464,PBPF,cracker_scene1,40,old
4163,17.829971075057983,0.0729091001759464,PBPF,cracker_scene1,40,old
4164,17.83433198928833,0.07288976653523879,PBPF,cracker_scene1,40,old
4165,17.83888602256775,0.07288976653523879,PBPF,cracker_scene1,40,old
4166,17.84348726272583,0.07287119438314969,PBPF,cracker_scene1,40,old
4167,17.847967624664307,0.07287119438314969,PBPF,cracker_scene1,40,old
4168,17.852494955062866,0.0728567584882858,PBPF,cracker_scene1,40,old
4169,17.856785774230957,0.0728567584882858,PBPF,cracker_scene1,40,old
4170,17.86144781112671,0.07290904991849649,PBPF,cracker_scene1,40,old
4171,17.86579656600952,0.07290904991849649,PBPF,cracker_scene1,40,old
4172,17.870558738708496,0.0728760471230942,PBPF,cracker_scene1,40,old
4173,17.874738931655884,0.07280920632859429,PBPF,cracker_scene1,40,old
4174,17.87955117225647,0.07284616434992769,PBPF,cracker_scene1,40,old
4175,17.8837788105011,0.0728268509982622,PBPF,cracker_scene1,40,old
4176,17.888148307800293,0.0728268509982622,PBPF,cracker_scene1,40,old
4177,17.892334461212158,0.0728070712445877,PBPF,cracker_scene1,40,old
4178,17.89666223526001,0.0728070712445877,PBPF,cracker_scene1,40,old
4179,17.900983333587646,0.072704414325539,PBPF,cracker_scene1,40,old
4180,17.90555500984192,0.072704414325539,PBPF,cracker_scene1,40,old
4181,17.910132884979248,0.07271086378964979,PBPF,cracker_scene1,40,old
4182,17.914583444595337,0.07271086378964979,PBPF,cracker_scene1,40,old
4183,17.919067859649658,0.0727469945687906,PBPF,cracker_scene1,40,old
4184,17.92307758331299,0.0727469945687906,PBPF,cracker_scene1,40,old
4185,17.927298307418823,0.07271555289079669,PBPF,cracker_scene1,40,old
4186,17.93133020401001,0.07271555289079669,PBPF,cracker_scene1,40,old
4187,17.935559511184692,0.07266918565662349,PBPF,cracker_scene1,40,old
4188,17.939658641815186,0.07266918565662349,PBPF,cracker_scene1,40,old
4189,17.944336891174316,0.0726629471760266,PBPF,cracker_scene1,40,old
4190,17.949153900146484,0.0755621145621304,PBPF,cracker_scene1,40,old
4191,17.95380163192749,0.0755467600434822,PBPF,cracker_scene1,40,old
4192,17.95805788040161,0.0755176592534573,PBPF,cracker_scene1,40,old
4193,17.962632417678833,0.0755176592534573,PBPF,cracker_scene1,40,old
4194,17.966991901397705,0.07547118807240999,PBPF,cracker_scene1,40,old
4195,17.971601009368896,0.07547118807240999,PBPF,cracker_scene1,40,old
4196,17.975922346115112,0.0754469309373278,PBPF,cracker_scene1,40,old
4197,17.980465412139893,0.0754469309373278,PBPF,cracker_scene1,40,old
4198,17.985101461410522,0.0754700293928329,PBPF,cracker_scene1,40,old
4199,17.989594221115112,0.0754700293928329,PBPF,cracker_scene1,40,old
4200,17.994120597839355,0.0754475743728555,PBPF,cracker_scene1,40,old
4201,17.998659372329712,0.0754475743728555,PBPF,cracker_scene1,40,old
4202,18.003225088119507,0.07545937284780539,PBPF,cracker_scene1,40,old
4203,18.007505893707275,0.07545937284780539,PBPF,cracker_scene1,40,old
4204,18.011931896209717,0.07542744284496289,PBPF,cracker_scene1,40,old
4205,18.016088485717773,0.07539920460968949,PBPF,cracker_scene1,40,old
4206,18.020468950271606,0.07539920460968949,PBPF,cracker_scene1,40,old
4207,18.02466654777527,0.0753897936740834,PBPF,cracker_scene1,40,old
4208,18.02909135818481,0.0753897936740834,PBPF,cracker_scene1,40,old
4209,18.03328037261963,0.0753825574014793,PBPF,cracker_scene1,40,old
4210,18.037700414657596,0.0753825574014793,PBPF,cracker_scene1,40,old
4211,18.041849613189697,0.07535331494001199,PBPF,cracker_scene1,40,old
4212,18.0464346408844,0.0753305957539282,PBPF,cracker_scene1,40,old
4213,18.050779104232788,0.0752973418209702,PBPF,cracker_scene1,40,old
4214,18.05533790588379,0.0752973418209702,PBPF,cracker_scene1,40,old
4215,18.059852123260494,0.0752774683171439,PBPF,cracker_scene1,40,old
4216,18.06413173675537,0.0752774683171439,PBPF,cracker_scene1,40,old
4217,18.06856083869934,0.07528773036886449,PBPF,cracker_scene1,40,old
4218,18.07304883003235,0.07528773036886449,PBPF,cracker_scene1,40,old
4219,18.0775363445282,0.07526298869441869,PBPF,cracker_scene1,40,old
4220,18.082021474838257,0.07526298869441869,PBPF,cracker_scene1,40,old
4221,18.086846590042114,0.0752310833248985,PBPF,cracker_scene1,40,old
4222,18.09117865562439,0.07522406901161799,PBPF,cracker_scene1,40,old
4223,18.09559988975525,0.07522406901161799,PBPF,cracker_scene1,40,old
4224,18.099809408187863,0.07520831118677569,PBPF,cracker_scene1,40,old
4225,18.104154586791992,0.07520831118677569,PBPF,cracker_scene1,40,old
4226,18.108686447143555,0.0778171641748596,PBPF,cracker_scene1,40,old
4227,18.112975358963013,0.0778171641748596,PBPF,cracker_scene1,40,old
4228,18.117446422576904,0.0778295674484564,PBPF,cracker_scene1,40,old
4229,18.12146520614624,0.0778295674484564,PBPF,cracker_scene1,40,old
4230,18.125646591186523,0.0778027118685236,PBPF,cracker_scene1,40,old
4231,18.12974762916565,0.0778027118685236,PBPF,cracker_scene1,40,old
4232,18.133936405181885,0.07779201096558759,PBPF,cracker_scene1,40,old
4233,18.137985706329346,0.07779201096558759,PBPF,cracker_scene1,40,old
4234,18.14218020439148,0.0777706004322447,PBPF,cracker_scene1,40,old
4235,18.14662384986877,0.0777706004322447,PBPF,cracker_scene1,40,old
4236,18.151126623153687,0.0776959597488951,PBPF,cracker_scene1,40,old
4237,18.15529584884644,0.0776959597488951,PBPF,cracker_scene1,40,old
4238,18.15963697433472,0.07766628525045349,PBPF,cracker_scene1,40,old
4239,18.163805723190308,0.07766628525045349,PBPF,cracker_scene1,40,old
4240,18.168212175369263,0.0776708782423587,PBPF,cracker_scene1,40,old
4241,18.17237591743469,0.0776708782423587,PBPF,cracker_scene1,40,old
4242,18.176844120025635,0.0776244215714863,PBPF,cracker_scene1,40,old
4243,18.181065320968628,0.0776244215714863,PBPF,cracker_scene1,40,old
4244,18.18557333946228,0.077614797378394,PBPF,cracker_scene1,40,old
4245,18.189735412597656,0.077614797378394,PBPF,cracker_scene1,40,old
4246,18.19414448738098,0.077588043499476,PBPF,cracker_scene1,40,old
4247,18.19834589958191,0.077588043499476,PBPF,cracker_scene1,40,old
4248,18.2024142742157,0.077588043499476,PBPF,cracker_scene1,40,old
4249,18.206693649291992,0.07758041810930369,PBPF,cracker_scene1,40,old
4250,18.211159467697144,0.07758041810930369,PBPF,cracker_scene1,40,old
4251,18.215452432632446,0.0775291600764592,PBPF,cracker_scene1,40,old
4252,18.22008514404297,0.0775291600764592,PBPF,cracker_scene1,40,old
4253,18.224395751953125,0.0774984476060286,PBPF,cracker_scene1,40,old
4254,18.22889924049377,0.0774984476060286,PBPF,cracker_scene1,40,old
4255,18.23363184928894,0.0775054827610257,PBPF,cracker_scene1,40,old
4256,18.23818135261536,0.0775054827610257,PBPF,cracker_scene1,40,old
4257,18.242406606674194,0.0774857317823148,PBPF,cracker_scene1,40,old
4258,18.247232913970947,0.07745740895497359,PBPF,cracker_scene1,40,old
4259,18.25171542167664,0.0774837545424151,PBPF,cracker_scene1,40,old
4260,18.256362438201904,0.0774837545424151,PBPF,cracker_scene1,40,old
4261,18.26082015037537,0.0774220648828429,PBPF,cracker_scene1,40,old
4262,18.265161514282227,0.0774220648828429,PBPF,cracker_scene1,40,old
4263,18.27005243301392,0.081036112880119,PBPF,cracker_scene1,40,old
4264,18.27435302734375,0.081036112880119,PBPF,cracker_scene1,40,old
4265,18.27900075912476,0.08103993176021419,PBPF,cracker_scene1,40,old
4266,18.28360748291016,0.08103993176021419,PBPF,cracker_scene1,40,old
4267,18.288076162338257,0.08095308236326129,PBPF,cracker_scene1,40,old
4268,18.292627096176147,0.08095308236326129,PBPF,cracker_scene1,40,old
4269,18.296873807907104,0.0809161102260087,PBPF,cracker_scene1,40,old
4270,18.30123996734619,0.0809161102260087,PBPF,cracker_scene1,40,old
4271,18.30602550506592,0.0808768601911605,PBPF,cracker_scene1,40,old
4272,18.31022047996521,0.0808768601911605,PBPF,cracker_scene1,40,old
4273,18.31493830680847,0.0808602436220602,PBPF,cracker_scene1,40,old
4274,18.319234371185303,0.0808602436220602,PBPF,cracker_scene1,40,old
4275,18.323562383651733,0.0808602436220602,PBPF,cracker_scene1,40,old
4276,18.32786726951599,0.08084154914466689,PBPF,cracker_scene1,40,old
4277,18.33218789100647,0.08084154914466689,PBPF,cracker_scene1,40,old
4278,18.33658242225647,0.0808499553254112,PBPF,cracker_scene1,40,old
4279,18.34079504013061,0.0808499553254112,PBPF,cracker_scene1,40,old
4280,18.345256567001343,0.08087996242011189,PBPF,cracker_scene1,40,old
4281,18.34968852996826,0.08087996242011189,PBPF,cracker_scene1,40,old
4282,18.353906869888306,0.08077348790900249,PBPF,cracker_scene1,40,old
4283,18.358076333999637,0.08077348790900249,PBPF,cracker_scene1,40,old
4284,18.36233782768249,0.08074307703995419,PBPF,cracker_scene1,40,old
4285,18.366462469100952,0.08074307703995419,PBPF,cracker_scene1,40,old
4286,18.370718717575077,0.0807692803269539,PBPF,cracker_scene1,40,old
4287,18.37568211555481,0.0808529708312339,PBPF,cracker_scene1,40,old
4288,18.38045024871826,0.0808075016132912,PBPF,cracker_scene1,40,old
4289,18.385314226150516,0.08078410678444449,PBPF,cracker_scene1,40,old
4290,18.390074014663696,0.08077744484827809,PBPF,cracker_scene1,40,old
4291,18.394716262817383,0.08075788032562489,PBPF,cracker_scene1,40,old
4292,18.398951292037964,0.08081034167164129,PBPF,cracker_scene1,40,old
4293,18.403419017791748,0.0807882575962991,PBPF,cracker_scene1,40,old
4294,18.40758490562439,0.0807882575962991,PBPF,cracker_scene1,40,old
4295,18.41206359863281,0.0807263505426049,PBPF,cracker_scene1,40,old
4296,18.416411876678467,0.0806835361258195,PBPF,cracker_scene1,40,old
4297,18.420948266983032,0.0806835361258195,PBPF,cracker_scene1,40,old
4298,18.42523670196533,0.0806921269186198,PBPF,cracker_scene1,40,old
4299,18.43109655380249,0.0806921269186198,PBPF,cracker_scene1,40,old
4300,18.43629002571106,0.0830867853267205,PBPF,cracker_scene1,40,old
4301,18.440491199493408,0.0830867853267205,PBPF,cracker_scene1,40,old
4302,18.445133924484253,0.08312652239409829,PBPF,cracker_scene1,40,old
4303,18.44940304756165,0.08312652239409829,PBPF,cracker_scene1,40,old
4304,18.453951597213745,0.0829985913937886,PBPF,cracker_scene1,40,old
4305,18.45814561843872,0.0830740333965493,PBPF,cracker_scene1,40,old
4306,18.46262669563293,0.0830740333965493,PBPF,cracker_scene1,40,old
4307,18.46714162826538,0.08295543633197039,PBPF,cracker_scene1,40,old
4308,18.47152948379517,0.08295543633197039,PBPF,cracker_scene1,40,old
4309,18.47591590881348,0.0829119100801136,PBPF,cracker_scene1,40,old
4310,18.480234146118164,0.0829119100801136,PBPF,cracker_scene1,40,old
4311,18.484646320343018,0.08289081562206989,PBPF,cracker_scene1,40,old
4312,18.48899221420288,0.08289081562206989,PBPF,cracker_scene1,40,old
4313,18.49345660209656,0.0829407171322764,PBPF,cracker_scene1,40,old
4314,18.49760103225708,0.0829407171322764,PBPF,cracker_scene1,40,old
4315,18.502328872680664,0.082893947331547,PBPF,cracker_scene1,40,old
4316,18.506628036499023,0.082893947331547,PBPF,cracker_scene1,40,old
4317,18.51121401786804,0.0828741189183066,PBPF,cracker_scene1,40,old
4318,18.51540756225586,0.0828741189183066,PBPF,cracker_scene1,40,old
4319,18.520082473754883,0.08290001884701889,PBPF,cracker_scene1,40,old
4320,18.524367570877075,0.0828727036983558,PBPF,cracker_scene1,40,old
4321,18.528605461120605,0.08283238605383379,PBPF,cracker_scene1,40,old
4322,18.533146142959595,0.08277987321338179,PBPF,cracker_scene1,40,old
4323,18.53744435310364,0.08277987321338179,PBPF,cracker_scene1,40,old
4324,18.541692972183228,0.0827314593066326,PBPF,cracker_scene1,40,old
4325,18.54624629020691,0.0827314593066326,PBPF,cracker_scene1,40,old
4326,18.550687313079838,0.082690705942152,PBPF,cracker_scene1,40,old
4327,18.55504608154297,0.082690705942152,PBPF,cracker_scene1,40,old
4328,18.559555768966675,0.0827004295075115,PBPF,cracker_scene1,40,old
4329,18.563812494277958,0.0827004295075115,PBPF,cracker_scene1,40,old
4330,18.56832838058472,0.08263000969979499,PBPF,cracker_scene1,40,old
4331,18.572555541992188,0.08263000969979499,PBPF,cracker_scene1,40,old
4332,18.57705330848694,0.0826093384501069,PBPF,cracker_scene1,40,old
4333,18.581217288970947,0.0826093384501069,PBPF,cracker_scene1,40,old
4334,18.585753440856934,0.08258879920083169,PBPF,cracker_scene1,40,old
4335,18.58985209465027,0.08258879920083169,PBPF,cracker_scene1,40,old
4336,18.594343900680546,0.08499006298717779,PBPF,cracker_scene1,40,old
4337,18.59843134880066,0.08499006298717779,PBPF,cracker_scene1,40,old
4338,18.602604627609253,0.08499006298717779,PBPF,cracker_scene1,40,old
4339,18.606824159622192,0.0849059902839006,PBPF,cracker_scene1,40,old
4340,18.610910177230835,0.0849059902839006,PBPF,cracker_scene1,40,old
4341,18.615087747573853,0.0848793737939892,PBPF,cracker_scene1,40,old
4342,18.61908745765686,0.0848793737939892,PBPF,cracker_scene1,40,old
4343,18.6241934299469,0.0849566803990621,PBPF,cracker_scene1,40,old
4344,18.628599405288696,0.0849566803990621,PBPF,cracker_scene1,40,old
4345,18.633028030395508,0.0849566803990621,PBPF,cracker_scene1,40,old
4346,18.637531280517575,0.08490508345533189,PBPF,cracker_scene1,40,old
4347,18.64161062240601,0.08490508345533189,PBPF,cracker_scene1,40,old
4348,18.646544456481934,0.0848001649653818,PBPF,cracker_scene1,40,old
4349,18.65117883682251,0.0848001649653818,PBPF,cracker_scene1,40,old
4350,18.655706644058228,0.0848615113467147,PBPF,cracker_scene1,40,old
4351,18.66011643409729,0.0848615113467147,PBPF,cracker_scene1,40,old
4352,18.66468811035156,0.084782487844105,PBPF,cracker_scene1,40,old
4353,18.669193983078003,0.084782487844105,PBPF,cracker_scene1,40,old
4354,18.673700094223022,0.0847609215763812,PBPF,cracker_scene1,40,old
4355,18.67808032035828,0.0847609215763812,PBPF,cracker_scene1,40,old
4356,18.68257999420166,0.0847950543430181,PBPF,cracker_scene1,40,old
4357,18.687063694000244,0.0847950543430181,PBPF,cracker_scene1,40,old
4358,18.69163942337036,0.0847950543430181,PBPF,cracker_scene1,40,old
4359,18.695924758911133,0.084734733782088,PBPF,cracker_scene1,40,old
4360,18.700448036193848,0.084734733782088,PBPF,cracker_scene1,40,old
4361,18.70479726791382,0.0847294196798479,PBPF,cracker_scene1,40,old
4362,18.709237337112427,0.0847294196798479,PBPF,cracker_scene1,40,old
4363,18.713621854782104,0.0846338950167269,PBPF,cracker_scene1,40,old
4364,18.717750549316406,0.0846338950167269,PBPF,cracker_scene1,40,old
4365,18.722318172454838,0.08469285223299809,PBPF,cracker_scene1,40,old
4366,18.72681760787964,0.0847013496715382,PBPF,cracker_scene1,40,old
4367,18.731130599975582,0.0847226447931322,PBPF,cracker_scene1,40,old
4368,18.73552966117859,0.0847226447931322,PBPF,cracker_scene1,40,old
4369,18.73992109298706,0.08469535685016989,PBPF,cracker_scene1,40,old
4370,18.74442267417908,0.08468673355419959,PBPF,cracker_scene1,40,old
4371,18.74867582321167,0.08468673355419959,PBPF,cracker_scene1,40,old
4372,18.753324508666992,0.08654689086036839,PBPF,cracker_scene1,40,old
4373,18.75809597969055,0.0864451566387011,PBPF,cracker_scene1,40,old
4374,18.76296353340149,0.08652259215921179,PBPF,cracker_scene1,40,old
4375,18.76769614219665,0.086475873840657,PBPF,cracker_scene1,40,old
4376,18.772480487823486,0.08647081191022689,PBPF,cracker_scene1,40,old
4377,18.777278184890747,0.08644292165849049,PBPF,cracker_scene1,40,old
4378,18.781985759735107,0.0863912829643544,PBPF,cracker_scene1,40,old
4379,18.786486387252808,0.0863550797247863,PBPF,cracker_scene1,40,old
4380,18.790639400482178,0.0863550797247863,PBPF,cracker_scene1,40,old
4381,18.795127391815186,0.0863834378237312,PBPF,cracker_scene1,40,old
4382,18.799326181411743,0.0863883468885284,PBPF,cracker_scene1,40,old
4383,18.803673267364506,0.0863883468885284,PBPF,cracker_scene1,40,old
4384,18.807807207107544,0.0863883468885284,PBPF,cracker_scene1,40,old
4385,18.812328100204468,0.086416046416325,PBPF,cracker_scene1,40,old
4386,18.816733360290527,0.0863002089098462,PBPF,cracker_scene1,40,old
4387,18.82097816467285,0.0863002089098462,PBPF,cracker_scene1,40,old
4388,18.82525062561035,0.0862962742212183,PBPF,cracker_scene1,40,old
4389,18.829418182373047,0.0862962742212183,PBPF,cracker_scene1,40,old
4390,18.83387589454651,0.0862190762066026,PBPF,cracker_scene1,40,old
4391,18.837965726852417,0.0862190762066026,PBPF,cracker_scene1,40,old
4392,18.842270612716675,0.0862131793909384,PBPF,cracker_scene1,40,old
4393,18.847048044204712,0.0861810224757207,PBPF,cracker_scene1,40,old
4394,18.851560831069943,0.08620606617444909,PBPF,cracker_scene1,40,old
4395,18.855801582336422,0.08620606617444909,PBPF,cracker_scene1,40,old
4396,18.86008858680725,0.0861146971160304,PBPF,cracker_scene1,40,old
4397,18.86423802375793,0.0861146971160304,PBPF,cracker_scene1,40,old
4398,18.868932723999023,0.0861766976843851,PBPF,cracker_scene1,40,old
4399,18.87320280075073,0.0861766976843851,PBPF,cracker_scene1,40,old
4400,18.87782979011536,0.08606831428384559,PBPF,cracker_scene1,40,old
4401,18.88217401504517,0.08606831428384559,PBPF,cracker_scene1,40,old
4402,18.886571168899536,0.08607551039568209,PBPF,cracker_scene1,40,old
4403,18.890674591064453,0.08607551039568209,PBPF,cracker_scene1,40,old
4404,18.8952157497406,0.0860530626217956,PBPF,cracker_scene1,40,old
4405,18.899534463882446,0.0860530626217956,PBPF,cracker_scene1,40,old
4406,18.9047167301178,0.0895827728068364,PBPF,cracker_scene1,40,old
4407,18.909147024154663,0.0896101929000956,PBPF,cracker_scene1,40,old
4408,18.9135856628418,0.0896101929000956,PBPF,cracker_scene1,40,old
4409,18.918071031570435,0.08967470290783619,PBPF,cracker_scene1,40,old
4410,18.92240881919861,0.08967470290783619,PBPF,cracker_scene1,40,old
4411,18.92697548866272,0.08964181877448389,PBPF,cracker_scene1,40,old
4412,18.93117499351501,0.08964181877448389,PBPF,cracker_scene1,40,old
4413,18.93574595451355,0.0895015462433466,PBPF,cracker_scene1,40,old
4414,18.93997550010681,0.0895015462433466,PBPF,cracker_scene1,40,old
4415,18.944493532180783,0.0894681290899573,PBPF,cracker_scene1,40,old
4416,18.948748111724854,0.0894681290899573,PBPF,cracker_scene1,40,old
4417,18.95331740379333,0.0895178903213215,PBPF,cracker_scene1,40,old
4418,18.9574613571167,0.0895178903213215,PBPF,cracker_scene1,40,old
4419,18.962143659591675,0.0894592657270292,PBPF,cracker_scene1,40,old
4420,18.96654963493347,0.0894592657270292,PBPF,cracker_scene1,40,old
4421,18.97118759155273,0.08944138413474549,PBPF,cracker_scene1,40,old
4422,18.975587844848636,0.0894378811363674,PBPF,cracker_scene1,40,old
4423,18.980003595352173,0.089407975597926,PBPF,cracker_scene1,40,old
4424,18.9846875667572,0.0893240967788858,PBPF,cracker_scene1,40,old
4425,18.98893523216248,0.0893240967788858,PBPF,cracker_scene1,40,old
4426,18.99364686012268,0.0893464827903306,PBPF,cracker_scene1,40,old
4427,18.997832775115967,0.0893464827903306,PBPF,cracker_scene1,40,old
4428,19.00250792503357,0.0892741739973606,PBPF,cracker_scene1,40,old
4429,19.00692296028137,0.0892741739973606,PBPF,cracker_scene1,40,old
4430,19.01156497001648,0.08925552478283079,PBPF,cracker_scene1,40,old
4431,19.01603126525879,0.08925552478283079,PBPF,cracker_scene1,40,old
4432,19.020535469055176,0.08924793802836109,PBPF,cracker_scene1,40,old
4433,19.02473735809326,0.08924793802836109,PBPF,cracker_scene1,40,old
4434,19.02929997444153,0.08923283219790379,PBPF,cracker_scene1,40,old
4435,19.033674716949463,0.08927265237499059,PBPF,cracker_scene1,40,old
4436,19.038146018981934,0.08934561335514479,PBPF,cracker_scene1,40,old
4437,19.04250741004944,0.0892174457250786,PBPF,cracker_scene1,40,old
4438,19.046908617019653,0.0892174457250786,PBPF,cracker_scene1,40,old
4439,19.051363706588745,0.0892336586891271,PBPF,cracker_scene1,40,old
4440,19.055541515350345,0.0892336586891271,PBPF,cracker_scene1,40,old
4441,19.0598087310791,0.08928887537084809,PBPF,cracker_scene1,40,old
4442,19.064047813415527,0.08928887537084809,PBPF,cracker_scene1,40,old
4443,19.068613290786743,0.0936592811165837,PBPF,cracker_scene1,40,old
4444,19.07273960113525,0.0936592811165837,PBPF,cracker_scene1,40,old
4445,19.0770275592804,0.09356471997789009,PBPF,cracker_scene1,40,old
4446,19.081079244613647,0.09356471997789009,PBPF,cracker_scene1,40,old
4447,19.08593702316284,0.09352354280712899,PBPF,cracker_scene1,40,old
4448,19.090052843093872,0.09352354280712899,PBPF,cracker_scene1,40,old
4449,19.09456586837769,0.0935425783359557,PBPF,cracker_scene1,40,old
4450,19.09858465194702,0.0935425783359557,PBPF,cracker_scene1,40,old
4451,19.103142976760864,0.0935648573629722,PBPF,cracker_scene1,40,old
4452,19.107313632965088,0.09355082578416439,PBPF,cracker_scene1,40,old
4453,19.111732959747314,0.09353881076765899,PBPF,cracker_scene1,40,old
4454,19.116310596466064,0.09351767278756,PBPF,cracker_scene1,40,old
4455,19.120578050613403,0.09351767278756,PBPF,cracker_scene1,40,old
4456,19.12476873397827,0.09351767278756,PBPF,cracker_scene1,40,old
4457,19.129250288009644,0.093410009889018,PBPF,cracker_scene1,40,old
4458,19.133583068847656,0.09339330415825399,PBPF,cracker_scene1,40,old
4459,19.137855768203732,0.09339330415825399,PBPF,cracker_scene1,40,old
4460,19.142030477523804,0.0934537878202246,PBPF,cracker_scene1,40,old
4461,19.1463840007782,0.0934537878202246,PBPF,cracker_scene1,40,old
4462,19.150720834732056,0.09333380579019429,PBPF,cracker_scene1,40,old
4463,19.15520668029785,0.09333380579019429,PBPF,cracker_scene1,40,old
4464,19.1596417427063,0.093297207342359,PBPF,cracker_scene1,40,old
4465,19.16396427154541,0.093297207342359,PBPF,cracker_scene1,40,old
4466,19.168328046798703,0.09326966921523769,PBPF,cracker_scene1,40,old
4467,19.172600984573364,0.09326966921523769,PBPF,cracker_scene1,40,old
4468,19.176992893218998,0.0933455488982244,PBPF,cracker_scene1,40,old
4469,19.18119025230408,0.0933455488982244,PBPF,cracker_scene1,40,old
4470,19.185737371444706,0.09322499162383589,PBPF,cracker_scene1,40,old
4471,19.189981698989868,0.09322499162383589,PBPF,cracker_scene1,40,old
4472,19.19461750984192,0.09326561581383959,PBPF,cracker_scene1,40,old
4473,19.198801279067997,0.09326561581383959,PBPF,cracker_scene1,40,old
4474,19.203410863876343,0.093163867477502,PBPF,cracker_scene1,40,old
4475,19.20772933959961,0.093221283436004,PBPF,cracker_scene1,40,old
4476,19.212059020996094,0.093221283436004,PBPF,cracker_scene1,40,old
4477,19.216387033462524,0.093221283436004,PBPF,cracker_scene1,40,old
4478,19.220884799957275,0.09320558057211409,PBPF,cracker_scene1,40,old
4479,19.22532629966736,0.0932029161291167,PBPF,cracker_scene1,40,old
4480,19.229780673980716,0.0973289926666673,PBPF,cracker_scene1,40,old
4481,19.23407912254333,0.09730298144717539,PBPF,cracker_scene1,40,old
4482,19.23834991455078,0.09730298144717539,PBPF,cracker_scene1,40,old
4483,19.24250149726868,0.097202406744355,PBPF,cracker_scene1,40,old
4484,19.246942281723022,0.097202406744355,PBPF,cracker_scene1,40,old
4485,19.251607418060303,0.0973161101377901,PBPF,cracker_scene1,40,old
4486,19.25593900680542,0.0973161101377901,PBPF,cracker_scene1,40,old
4487,19.260557651519772,0.0972425917177501,PBPF,cracker_scene1,40,old
4488,19.264734029769897,0.0972425917177501,PBPF,cracker_scene1,40,old
4489,19.26935386657715,0.09715642292927,PBPF,cracker_scene1,40,old
4490,19.273657083511356,0.09715642292927,PBPF,cracker_scene1,40,old
4491,19.27817916870117,0.09718217557531099,PBPF,cracker_scene1,40,old
4492,19.2826087474823,0.09718217557531099,PBPF,cracker_scene1,40,old
4493,19.28701400756836,0.09727595880900579,PBPF,cracker_scene1,40,old
4494,19.29127025604248,0.09727595880900579,PBPF,cracker_scene1,40,old
4495,19.295576572418213,0.0971303805686557,PBPF,cracker_scene1,40,old
4496,19.29985857009888,0.0972512123021148,PBPF,cracker_scene1,40,old
4497,19.304175853729248,0.0972698102431106,PBPF,cracker_scene1,40,old
4498,19.308515787124637,0.09721176378462079,PBPF,cracker_scene1,40,old
4499,19.313135862350464,0.09721176378462079,PBPF,cracker_scene1,40,old
4500,19.31781268119812,0.09713627708450359,PBPF,cracker_scene1,40,old
4501,19.32210063934326,0.09713627708450359,PBPF,cracker_scene1,40,old
4502,19.326637744903564,0.0972061253857791,PBPF,cracker_scene1,40,old
4503,19.330880641937256,0.0972061253857791,PBPF,cracker_scene1,40,old
4504,19.335484504699707,0.0971326176734028,PBPF,cracker_scene1,40,old
4505,19.339740991592407,0.0971326176734028,PBPF,cracker_scene1,40,old
4506,19.344342947006226,0.0971353195425288,PBPF,cracker_scene1,40,old
4507,19.34859538078308,0.0971353195425288,PBPF,cracker_scene1,40,old
4508,19.353337287902832,0.09727231301910519,PBPF,cracker_scene1,40,old
4509,19.357568740844727,0.0972375512049582,PBPF,cracker_scene1,40,old
4510,19.361982583999637,0.0972375512049582,PBPF,cracker_scene1,40,old
4511,19.36621332168579,0.0971715794443286,PBPF,cracker_scene1,40,old
4512,19.37065696716309,0.0971715794443286,PBPF,cracker_scene1,40,old
4513,19.375030517578125,0.097148489119766,PBPF,cracker_scene1,40,old
4514,19.379366874694824,0.097148489119766,PBPF,cracker_scene1,40,old
4515,19.3838951587677,0.0972268319908883,PBPF,cracker_scene1,40,old
4516,19.388448476791385,0.0997047725801799,PBPF,cracker_scene1,40,old
4517,19.392820358276367,0.0997597716105228,PBPF,cracker_scene1,40,old
4518,19.39708161354065,0.0997597716105228,PBPF,cracker_scene1,40,old
4519,19.40121054649353,0.099588644039226,PBPF,cracker_scene1,40,old
4520,19.40533232688904,0.099588644039226,PBPF,cracker_scene1,40,old
4521,19.40973997116089,0.099588644039226,PBPF,cracker_scene1,40,old
4522,19.413773775100708,0.09966008802593529,PBPF,cracker_scene1,40,old
4523,19.418647050857544,0.09969000006474739,PBPF,cracker_scene1,40,old
4524,19.422820329666138,0.09969000006474739,PBPF,cracker_scene1,40,old
4525,19.427417278289795,0.099576621181378,PBPF,cracker_scene1,40,old
4526,19.431776762008667,0.09957410924067969,PBPF,cracker_scene1,40,old
4527,19.436505794525143,0.09957410924067969,PBPF,cracker_scene1,40,old
4528,19.440994024276733,0.09973062197317009,PBPF,cracker_scene1,40,old
4529,19.44533085823059,0.09973062197317009,PBPF,cracker_scene1,40,old
4530,19.449742317199707,0.09955803071277909,PBPF,cracker_scene1,40,old
4531,19.4541654586792,0.0995681913066151,PBPF,cracker_scene1,40,old
4532,19.45840787887573,0.0995681913066151,PBPF,cracker_scene1,40,old
4533,19.46269655227661,0.0995681913066151,PBPF,cracker_scene1,40,old
4534,19.467061281204224,0.0996643882571293,PBPF,cracker_scene1,40,old
4535,19.471437454223636,0.0996643882571293,PBPF,cracker_scene1,40,old
4536,19.47593593597412,0.0995386257182191,PBPF,cracker_scene1,40,old
4537,19.480310201644897,0.0995386257182191,PBPF,cracker_scene1,40,old
4538,19.48465347290039,0.0996281382691312,PBPF,cracker_scene1,40,old
4539,19.48899817466736,0.0996281382691312,PBPF,cracker_scene1,40,old
4540,19.493123531341556,0.09961912384343499,PBPF,cracker_scene1,40,old
4541,19.49760937690735,0.099634818862767,PBPF,cracker_scene1,40,old
4542,19.501873254776,0.0996376818686808,PBPF,cracker_scene1,40,old
4543,19.50626802444458,0.0996192320593922,PBPF,cracker_scene1,40,old
4544,19.510629415512085,0.0996192320593922,PBPF,cracker_scene1,40,old
4545,19.51498341560364,0.0995150655747869,PBPF,cracker_scene1,40,old
4546,19.519744634628296,0.0995150655747869,PBPF,cracker_scene1,40,old
4547,19.52402710914612,0.09962808121165599,PBPF,cracker_scene1,40,old
4548,19.52835178375244,0.09962808121165599,PBPF,cracker_scene1,40,old
4549,19.53265142440796,0.09952498116461779,PBPF,cracker_scene1,40,old
4550,19.537004232406616,0.09952498116461779,PBPF,cracker_scene1,40,old
4551,19.54121160507202,0.09954566913207939,PBPF,cracker_scene1,40,old
4552,19.545653343200684,0.09954566913207939,PBPF,cracker_scene1,40,old
4553,19.550046682357788,0.09954566913207939,PBPF,cracker_scene1,40,old
4554,19.554525136947632,0.1031222345110599,PBPF,cracker_scene1,40,old
4555,19.559133768081665,0.1031531975134479,PBPF,cracker_scene1,40,old
4556,19.563690662384037,0.1031173407675525,PBPF,cracker_scene1,40,old
4557,19.568233728408813,0.1030101348572155,PBPF,cracker_scene1,40,old
4558,19.57270550727844,0.10312754750089949,PBPF,cracker_scene1,40,old
4559,19.577359914779663,0.1030175413301552,PBPF,cracker_scene1,40,old
4560,19.581572771072388,0.1030175413301552,PBPF,cracker_scene1,40,old
4561,19.58622121810913,0.1030122648159854,PBPF,cracker_scene1,40,old
4562,19.590276956558228,0.1030122648159854,PBPF,cracker_scene1,40,old
4563,19.59491443634033,0.1030079721018853,PBPF,cracker_scene1,40,old
4564,19.599138736724854,0.1031245573297048,PBPF,cracker_scene1,40,old
4565,19.603518962860107,0.1031239636178665,PBPF,cracker_scene1,40,old
4566,19.607872247695923,0.1031250008121595,PBPF,cracker_scene1,40,old
4567,19.61225771903992,0.1030949964905324,PBPF,cracker_scene1,40,old
4568,19.616547346115112,0.1030949964905324,PBPF,cracker_scene1,40,old
4569,19.620951652526852,0.1031351088776596,PBPF,cracker_scene1,40,old
4570,19.62520480155945,0.103040490111754,PBPF,cracker_scene1,40,old
4571,19.62956738471985,0.103040490111754,PBPF,cracker_scene1,40,old
4572,19.63399982452393,0.1031836002981148,PBPF,cracker_scene1,40,old
4573,19.638267755508423,0.1031836002981148,PBPF,cracker_scene1,40,old
4574,19.64256763458252,0.103038957667643,PBPF,cracker_scene1,40,old
4575,19.64685034751892,0.103038957667643,PBPF,cracker_scene1,40,old
4576,19.65116500854492,0.1031120454500545,PBPF,cracker_scene1,40,old
4577,19.655404567718502,0.1031120454500545,PBPF,cracker_scene1,40,old
4578,19.659766674041748,0.1030475899415102,PBPF,cracker_scene1,40,old
4579,19.663917779922485,0.1030475899415102,PBPF,cracker_scene1,40,old
4580,19.668426990509037,0.1031053877362419,PBPF,cracker_scene1,40,old
4581,19.67259097099304,0.1031053877362419,PBPF,cracker_scene1,40,old
4582,19.67708992958069,0.10311370404307729,PBPF,cracker_scene1,40,old
4583,19.681293725967407,0.10311370404307729,PBPF,cracker_scene1,40,old
4584,19.685787677764893,0.103173245837625,PBPF,cracker_scene1,40,old
4585,19.689982652664185,0.103173245837625,PBPF,cracker_scene1,40,old
4586,19.694520950317383,0.1030400261057208,PBPF,cracker_scene1,40,old
4587,19.69870686531067,0.1031309820312631,PBPF,cracker_scene1,40,old
4588,19.70311570167541,0.1031344875349302,PBPF,cracker_scene1,40,old
4589,19.70739769935608,0.1031065267593756,PBPF,cracker_scene1,40,old
4590,19.71177053451538,0.1031065267593756,PBPF,cracker_scene1,40,old
4591,19.716042280197144,0.1031020405798032,PBPF,cracker_scene1,40,old
4592,19.720340490341187,0.1031002130121811,PBPF,cracker_scene1,40,old
4593,19.72448253631592,0.1031191797268905,PBPF,cracker_scene1,40,old
4594,19.72863292694092,0.1031191797268905,PBPF,cracker_scene1,40,old
4595,19.732780933380127,0.1031191797268905,PBPF,cracker_scene1,40,old
4596,19.73701429367065,0.10313836487043959,PBPF,cracker_scene1,40,old
4597,19.7411892414093,0.1030384948106728,PBPF,cracker_scene1,40,old
4598,19.7456214427948,0.1030384948106728,PBPF,cracker_scene1,40,old
4599,19.750041246414185,0.1031092797442377,PBPF,cracker_scene1,40,old
4600,19.75436782836914,0.1031092797442377,PBPF,cracker_scene1,40,old
4601,19.758663415908813,0.1031452709339917,PBPF,cracker_scene1,40,old
4602,19.76289010047913,0.1031452709339917,PBPF,cracker_scene1,40,old
4603,19.76716375350952,0.10302481957947969,PBPF,cracker_scene1,40,old
4604,19.771397590637207,0.10302481957947969,PBPF,cracker_scene1,40,old
4605,19.7756450176239,0.103127539889272,PBPF,cracker_scene1,40,old
4606,19.77996516227722,0.103127539889272,PBPF,cracker_scene1,40,old
4607,19.78442430496216,0.1031484257886417,PBPF,cracker_scene1,40,old
4608,19.78872895240784,0.1031484257886417,PBPF,cracker_scene1,40,old
4609,19.792877435684204,0.1031484257886417,PBPF,cracker_scene1,40,old
4610,19.797314405441284,0.1030134657145145,PBPF,cracker_scene1,40,old
4611,19.80155563354492,0.103159222963459,PBPF,cracker_scene1,40,old
4612,19.805634021759037,0.103159222963459,PBPF,cracker_scene1,40,old
4613,19.80997133255005,0.1030157393211088,PBPF,cracker_scene1,40,old
4614,19.814104080200195,0.1030157393211088,PBPF,cracker_scene1,40,old
4615,19.818660497665405,0.1030831784500855,PBPF,cracker_scene1,40,old
4616,19.82281279563904,0.1030831784500855,PBPF,cracker_scene1,40,old
4617,19.82733654975891,0.1030939335779305,PBPF,cracker_scene1,40,old
4618,19.831779956817627,0.1030939335779305,PBPF,cracker_scene1,40,old
4619,19.836004734039307,0.1030627383869035,PBPF,cracker_scene1,40,old
4620,19.84034466743469,0.1030627383869035,PBPF,cracker_scene1,40,old
4621,19.84462594985962,0.10309016030883819,PBPF,cracker_scene1,40,old
4622,19.848985195159912,0.10309016030883819,PBPF,cracker_scene1,40,old
4623,19.853188037872314,0.10302431780784939,PBPF,cracker_scene1,40,old
4624,19.857483625411987,0.10302431780784939,PBPF,cracker_scene1,40,old
4625,19.86186385154724,0.10313938573215539,PBPF,cracker_scene1,40,old
4626,19.866113901138306,0.10313938573215539,PBPF,cracker_scene1,40,old
4627,19.87051367759705,0.1030871065949443,PBPF,cracker_scene1,40,old
4628,19.87481379508972,0.1030871065949443,PBPF,cracker_scene1,40,old
4629,19.87919497489929,0.10308902133441569,PBPF,cracker_scene1,40,old
4630,19.88359570503235,0.10308902133441569,PBPF,cracker_scene1,40,old
4631,19.88790464401245,0.10312666247388809,PBPF,cracker_scene1,40,old
4632,19.89227414131165,0.10312666247388809,PBPF,cracker_scene1,40,old
4633,19.896610975265503,0.1031245743807052,PBPF,cracker_scene1,40,old
4634,19.90090823173523,0.1031245743807052,PBPF,cracker_scene1,40,old
4635,19.905076503753666,0.10313000481012169,PBPF,cracker_scene1,40,old
4636,19.90961265563965,0.1030257450679135,PBPF,cracker_scene1,40,old
4637,19.913636684417725,0.1030257450679135,PBPF,cracker_scene1,40,old
4638,19.918444871902462,0.1031264561134117,PBPF,cracker_scene1,40,old
4639,19.92253518104553,0.1031264561134117,PBPF,cracker_scene1,40,old
4640,19.927014350891117,0.10301555482063049,PBPF,cracker_scene1,40,old
4641,19.93136167526245,0.10301555482063049,PBPF,cracker_scene1,40,old
4642,19.935542821884155,0.1030156390299294,PBPF,cracker_scene1,40,old
4643,19.939890384674072,0.1030156390299294,PBPF,cracker_scene1,40,old
4644,19.94441509246826,0.1030154412383448,PBPF,cracker_scene1,40,old
4645,19.948707103729248,0.1030154412383448,PBPF,cracker_scene1,40,old
4646,19.953041553497314,0.10312161372341129,PBPF,cracker_scene1,40,old
4647,19.9574613571167,0.10312161372341129,PBPF,cracker_scene1,40,old
4648,19.962002515792847,0.10303248975507949,PBPF,cracker_scene1,40,old
4649,19.966132164001465,0.10303248975507949,PBPF,cracker_scene1,40,old
4650,19.97064328193665,0.10309586055280899,PBPF,cracker_scene1,40,old
4651,19.97476840019226,0.10302570763442999,PBPF,cracker_scene1,40,old
4652,19.979294300079346,0.1030260050863502,PBPF,cracker_scene1,40,old
4653,19.983945846557617,0.10316831693446199,PBPF,cracker_scene1,40,old
4654,19.98835825920105,0.10316831693446199,PBPF,cracker_scene1,40,old
4655,19.9927282333374,0.1030935866610465,PBPF,cracker_scene1,40,old
4656,19.997026443481445,0.1030935866610465,PBPF,cracker_scene1,40,old
4657,20.00154519081116,0.10310093898453479,PBPF,cracker_scene1,40,old
4658,20.00592041015625,0.10310093898453479,PBPF,cracker_scene1,40,old
4659,20.010512113571167,0.1030197440261538,PBPF,cracker_scene1,40,old
4660,20.01463913917541,0.1030197440261538,PBPF,cracker_scene1,40,old
4661,20.019240379333496,0.10315877749617279,PBPF,cracker_scene1,40,old
4662,20.02326273918152,0.10315877749617279,PBPF,cracker_scene1,40,old
4663,20.027875661849976,0.1031298604272321,PBPF,cracker_scene1,40,old
4664,20.031943321228027,0.1031298604272321,PBPF,cracker_scene1,40,old
4665,20.036527395248413,0.10312430418517389,PBPF,cracker_scene1,40,old
4666,20.04077100753784,0.1031281805886161,PBPF,cracker_scene1,40,old
4667,20.04516005516052,0.1030892884516936,PBPF,cracker_scene1,40,old
4668,20.04950523376465,0.1030830630275852,PBPF,cracker_scene1,40,old
4669,20.053934335708615,0.1031196314493397,PBPF,cracker_scene1,40,old
4670,20.058238983154297,0.1031196314493397,PBPF,cracker_scene1,40,old
4671,20.06263828277588,0.10300958769026769,PBPF,cracker_scene1,40,old
4672,20.06688618659973,0.10310714436215429,PBPF,cracker_scene1,40,old
4673,20.07120656967163,0.10310714436215429,PBPF,cracker_scene1,40,old
4674,20.07545208930969,0.10309633012638429,PBPF,cracker_scene1,40,old
4675,20.07978820800781,0.1030038322733359,PBPF,cracker_scene1,40,old
4676,20.084089517593384,0.10314817086397149,PBPF,cracker_scene1,40,old
4677,20.088366746902462,0.10314817086397149,PBPF,cracker_scene1,40,old
4678,20.092794179916385,0.1031299660639629,PBPF,cracker_scene1,40,old
4679,20.0969295501709,0.1031299660639629,PBPF,cracker_scene1,40,old
4680,20.101296424865723,0.10309843869994009,PBPF,cracker_scene1,40,old
4681,20.105461359024048,0.10309843869994009,PBPF,cracker_scene1,40,old
4682,20.10987877845764,0.10302905114213069,PBPF,cracker_scene1,40,old
4683,20.11407446861267,0.10302905114213069,PBPF,cracker_scene1,40,old
4684,20.11859679222107,0.10313475509779449,PBPF,cracker_scene1,40,old
4685,20.12265348434448,0.10313475509779449,PBPF,cracker_scene1,40,old
4686,20.12685489654541,0.10303519778757139,PBPF,cracker_scene1,40,old
4687,20.13092994689941,0.10303519778757139,PBPF,cracker_scene1,40,old
4688,20.135170459747314,0.10313194565875329,PBPF,cracker_scene1,40,old
4689,20.13921523094177,0.10313194565875329,PBPF,cracker_scene1,40,old
4690,20.14341402053833,0.10309868494756469,PBPF,cracker_scene1,40,old
4691,20.14742398262024,0.10309868494756469,PBPF,cracker_scene1,40,old
4692,20.15262460708618,0.10313153258284839,PBPF,cracker_scene1,40,old
4693,20.1567645072937,0.10313153258284839,PBPF,cracker_scene1,40,old
4694,20.16143536567688,0.1031292276326697,PBPF,cracker_scene1,40,old
4695,20.16555094718933,0.103149177047255,PBPF,cracker_scene1,40,old
4696,20.17004942893982,0.1030584207942164,PBPF,cracker_scene1,40,old
4697,20.17429208755493,0.1030261630701302,PBPF,cracker_scene1,40,old
4698,20.178757190704346,0.1030261630701302,PBPF,cracker_scene1,40,old
4699,20.18313479423523,0.10313910282333219,PBPF,cracker_scene1,40,old
4700,20.187475442886356,0.10314172697748239,PBPF,cracker_scene1,40,old
4701,20.191977500915527,0.103131145829072,PBPF,cracker_scene1,40,old
4702,20.1963152885437,0.103131145829072,PBPF,cracker_scene1,40,old
4703,20.20069932937622,0.1031267732855892,PBPF,cracker_scene1,40,old
4704,20.205031633377075,0.1031267732855892,PBPF,cracker_scene1,40,old
4705,20.209444284439087,0.1031498873988896,PBPF,cracker_scene1,40,old
4706,20.21369743347168,0.1031498873988896,PBPF,cracker_scene1,40,old
4707,20.21828365325928,0.10313179648414339,PBPF,cracker_scene1,40,old
4708,20.22256064414978,0.10313179648414339,PBPF,cracker_scene1,40,old
4709,20.22706890106201,0.1032086060093468,PBPF,cracker_scene1,40,old
4710,20.231303930282596,0.1032086060093468,PBPF,cracker_scene1,40,old
4711,20.235833168029785,0.10313311642643659,PBPF,cracker_scene1,40,old
4712,20.239973545074463,0.10313311642643659,PBPF,cracker_scene1,40,old
4713,20.244489908218384,0.10312832710978659,PBPF,cracker_scene1,40,old
4714,20.248759746551517,0.10312832710978659,PBPF,cracker_scene1,40,old
4715,20.25333404541016,0.103198665422553,PBPF,cracker_scene1,40,old
4716,20.257569551467896,0.103198665422553,PBPF,cracker_scene1,40,old
4717,20.26219201087952,0.10301726180503379,PBPF,cracker_scene1,40,old
4718,20.26644778251648,0.10301902267222239,PBPF,cracker_scene1,40,old
4719,20.271100521087646,0.10301902267222239,PBPF,cracker_scene1,40,old
4720,20.275434970855716,0.10304379428053949,PBPF,cracker_scene1,40,old
4721,20.279902696609497,0.10304379428053949,PBPF,cracker_scene1,40,old
4722,20.284054279327396,0.10304379428053949,PBPF,cracker_scene1,40,old
4723,20.28841590881348,0.10313484171493749,PBPF,cracker_scene1,40,old
4724,20.2930691242218,0.10300926880831719,PBPF,cracker_scene1,40,old
4725,20.297281742095947,0.10300926880831719,PBPF,cracker_scene1,40,old
4726,20.301931381225582,0.1030450949982948,PBPF,cracker_scene1,40,old
4727,20.30598855018616,0.1030450949982948,PBPF,cracker_scene1,40,old
4728,20.310522079467773,0.1031260575027214,PBPF,cracker_scene1,40,old
4729,20.314687490463257,0.1031260575027214,PBPF,cracker_scene1,40,old
4730,20.319450616836548,0.1030204699241854,PBPF,cracker_scene1,40,old
4731,20.32359313964844,0.1030204699241854,PBPF,cracker_scene1,40,old
4732,20.328152179718018,0.1032002664987408,PBPF,cracker_scene1,40,old
4733,20.33235740661621,0.1032002664987408,PBPF,cracker_scene1,40,old
4734,20.336853504180908,0.10314999893392139,PBPF,cracker_scene1,40,old
4735,20.341169595718384,0.10302879382556329,PBPF,cracker_scene1,40,old
4736,20.345571756362915,0.10302879382556329,PBPF,cracker_scene1,40,old
4737,20.350181341171265,0.103017660630426,PBPF,cracker_scene1,40,old
4738,20.35438299179077,0.103017660630426,PBPF,cracker_scene1,40,old
4739,20.358633995056152,0.1031400901282257,PBPF,cracker_scene1,40,old
4740,20.36278486251831,0.1031400901282257,PBPF,cracker_scene1,40,old
4741,20.36702680587769,0.1031193264993735,PBPF,cracker_scene1,40,old
4742,20.371122121810917,0.1031193264993735,PBPF,cracker_scene1,40,old
4743,20.37542700767517,0.10301190916106019,PBPF,cracker_scene1,40,old
4744,20.379529237747192,0.10301190916106019,PBPF,cracker_scene1,40,old
4745,20.38600754737854,0.1031147492935379,PBPF,cracker_scene1,40,old
4746,20.390798568725582,0.1030177809867205,PBPF,cracker_scene1,40,old
4747,20.3952898979187,0.1030177809867205,PBPF,cracker_scene1,40,old
4748,20.399555683135983,0.10302254947881309,PBPF,cracker_scene1,40,old
4749,20.403834104537964,0.10302254947881309,PBPF,cracker_scene1,40,old
4750,20.40799331665039,0.10311822158107449,PBPF,cracker_scene1,40,old
4751,20.412379264831543,0.10311822158107449,PBPF,cracker_scene1,40,old
4752,20.416892766952515,0.1031317979583366,PBPF,cracker_scene1,40,old
4753,20.421303033828732,0.1031317979583366,PBPF,cracker_scene1,40,old
4754,20.42555332183838,0.10312764820119899,PBPF,cracker_scene1,40,old
4755,20.430041790008545,0.10312764820119899,PBPF,cracker_scene1,40,old
4756,20.43462920188904,0.10313041662445549,PBPF,cracker_scene1,40,old
4757,20.43875551223755,0.10313041662445549,PBPF,cracker_scene1,40,old
4758,20.443233728408813,0.1030275614151894,PBPF,cracker_scene1,40,old
4759,20.44746351242065,0.1030275614151894,PBPF,cracker_scene1,40,old
4760,20.45199227333069,0.1031498376927654,PBPF,cracker_scene1,40,old
4761,20.45602035522461,0.1031498376927654,PBPF,cracker_scene1,40,old
4762,20.46050000190735,0.1031141294705137,PBPF,cracker_scene1,40,old
4763,20.46470880508423,0.1031141294705137,PBPF,cracker_scene1,40,old
4764,20.46922016143799,0.10312740489917499,PBPF,cracker_scene1,40,old
4765,20.473311185836792,0.10312740489917499,PBPF,cracker_scene1,40,old
4766,20.477781057357788,0.10302796743640999,PBPF,cracker_scene1,40,old
4767,20.482220888137817,0.10301968450668479,PBPF,cracker_scene1,40,old
4768,20.486727237701416,0.1031044607110096,PBPF,cracker_scene1,40,old
4769,20.491016387939453,0.1031291616067577,PBPF,cracker_scene1,40,old
4770,20.49555349349976,0.1031291616067577,PBPF,cracker_scene1,40,old
4771,20.499760150909424,0.1031291616067577,PBPF,cracker_scene1,40,old
4772,20.50433850288391,0.10302730751628279,PBPF,cracker_scene1,40,old
4773,20.50875496864319,0.1030179077230244,PBPF,cracker_scene1,40,old
4774,20.51320481300354,0.1030179077230244,PBPF,cracker_scene1,40,old
4775,20.517611980438232,0.1030214628513261,PBPF,cracker_scene1,40,old
4776,20.5219886302948,0.1030214628513261,PBPF,cracker_scene1,40,old
4777,20.526360034942627,0.1031259616050866,PBPF,cracker_scene1,40,old
4778,20.53075075149536,0.1031259616050866,PBPF,cracker_scene1,40,old
4779,20.53514790534973,0.10311081962480119,PBPF,cracker_scene1,40,old
4780,20.53928542137146,0.10311081962480119,PBPF,cracker_scene1,40,old
4781,20.543764352798465,0.10320532330247549,PBPF,cracker_scene1,40,old
4782,20.548048973083496,0.10320532330247549,PBPF,cracker_scene1,40,old
4783,20.552572011947632,0.10302379586093349,PBPF,cracker_scene1,40,old
4784,20.556538581848145,0.10302379586093349,PBPF,cracker_scene1,40,old
4785,20.56121516227722,0.1031207189422424,PBPF,cracker_scene1,40,old
4786,20.565255165100098,0.1031207189422424,PBPF,cracker_scene1,40,old
4787,20.569936752319336,0.10307560826987859,PBPF,cracker_scene1,40,old
4788,20.57425093650818,0.10307560826987859,PBPF,cracker_scene1,40,old
4789,20.578822135925293,0.1031524020435832,PBPF,cracker_scene1,40,old
4790,20.58364248275757,0.1030252933025904,PBPF,cracker_scene1,40,old
4791,20.58775520324707,0.1030252933025904,PBPF,cracker_scene1,40,old
4792,20.59209394454956,0.10310675694694449,PBPF,cracker_scene1,40,old
4793,20.59617280960083,0.10310675694694449,PBPF,cracker_scene1,40,old
4794,20.60043263435364,0.1031170687276692,PBPF,cracker_scene1,40,old
4795,20.604629278182983,0.10311657914797949,PBPF,cracker_scene1,40,old
4796,20.608832120895386,0.10313520842398499,PBPF,cracker_scene1,40,old
4797,20.613328218460083,0.10313520842398499,PBPF,cracker_scene1,40,old
4798,20.617528438568115,0.10313520842398499,PBPF,cracker_scene1,40,old
4799,20.62197613716125,0.1030282649550571,PBPF,cracker_scene1,40,old
4800,20.626405239105225,0.1031047602555472,PBPF,cracker_scene1,40,old
4801,20.63075613975525,0.1031047602555472,PBPF,cracker_scene1,40,old
4802,20.63508176803589,0.1031485330273263,PBPF,cracker_scene1,40,old
4803,20.639232635498047,0.1031485330273263,PBPF,cracker_scene1,40,old
4804,20.643765926361084,0.1030175892353441,PBPF,cracker_scene1,40,old
4805,20.647879600524902,0.1030175892353441,PBPF,cracker_scene1,40,old
4806,20.65248012542725,0.10309924168867819,PBPF,cracker_scene1,40,old
4807,20.6565682888031,0.10309924168867819,PBPF,cracker_scene1,40,old
4808,20.6612651348114,0.1031501590376495,PBPF,cracker_scene1,40,old
4809,20.66542601585388,0.1031501590376495,PBPF,cracker_scene1,40,old
4810,20.670167446136475,0.1031711032654369,PBPF,cracker_scene1,40,old
4811,20.67452383041382,0.103098931314986,PBPF,cracker_scene1,40,old
4812,20.67890954017639,0.103098931314986,PBPF,cracker_scene1,40,old
4813,20.68346905708313,0.10314505901861609,PBPF,cracker_scene1,40,old
4814,20.687695503234863,0.10314505901861609,PBPF,cracker_scene1,40,old
4815,20.692248821258545,0.10301328071180549,PBPF,cracker_scene1,40,old
4816,20.69649863243103,0.10301328071180549,PBPF,cracker_scene1,40,old
4817,20.70090675354004,0.10314142931259629,PBPF,cracker_scene1,40,old
4818,20.70516276359558,0.10314142931259629,PBPF,cracker_scene1,40,old
4819,20.709474563598636,0.1031359608720253,PBPF,cracker_scene1,40,old
4820,20.713586807250977,0.1031359608720253,PBPF,cracker_scene1,40,old
4821,20.718393325805664,0.1031372036238839,PBPF,cracker_scene1,40,old
4822,20.722576379776,0.1031372036238839,PBPF,cracker_scene1,40,old
4823,20.72669816017151,0.1031372036238839,PBPF,cracker_scene1,40,old
4824,20.731239557266235,0.1031013384035577,PBPF,cracker_scene1,40,old
4825,20.73565459251404,0.1031757113817314,PBPF,cracker_scene1,40,old
4826,20.739947080612183,0.1031757113817314,PBPF,cracker_scene1,40,old
4827,20.744413137435917,0.1031896480806956,PBPF,cracker_scene1,40,old
4828,20.748627185821533,0.1030976197846441,PBPF,cracker_scene1,40,old
4829,20.753039121627808,0.10309827579323169,PBPF,cracker_scene1,40,old
4830,20.757189512252808,0.10310997358800729,PBPF,cracker_scene1,40,old
4831,20.76153063774109,0.10310997358800729,PBPF,cracker_scene1,40,old
4832,20.765713930130005,0.10313350993651549,PBPF,cracker_scene1,40,old
4833,20.77009415626526,0.10312242117617379,PBPF,cracker_scene1,40,old
4834,20.77428150177002,0.10312148329660199,PBPF,cracker_scene1,40,old
4835,20.77869749069214,0.10312148329660199,PBPF,cracker_scene1,40,old
4836,20.783045768737797,0.10316814277139129,PBPF,cracker_scene1,40,old
4837,20.787367582321167,0.10316814277139129,PBPF,cracker_scene1,40,old
4838,20.791880130767822,0.1031224328976956,PBPF,cracker_scene1,40,old
4839,20.79608726501465,0.1031224328976956,PBPF,cracker_scene1,40,old
4840,20.80033588409424,0.1030989185947268,PBPF,cracker_scene1,40,old
4841,20.804651975631717,0.1030989185947268,PBPF,cracker_scene1,40,old
4842,20.80899405479431,0.1031159596639468,PBPF,cracker_scene1,40,old
4843,20.813379764556885,0.1031278994940358,PBPF,cracker_scene1,40,old
4844,20.8179144859314,0.1031936975788631,PBPF,cracker_scene1,40,old
4845,20.82204270362854,0.1031936975788631,PBPF,cracker_scene1,40,old
4846,20.8262677192688,0.1031441537029838,PBPF,cracker_scene1,40,old
4847,20.830310344696045,0.1031441537029838,PBPF,cracker_scene1,40,old
4848,20.834645986557007,0.1031235742239198,PBPF,cracker_scene1,40,old
4849,20.838666915893555,0.1031235742239198,PBPF,cracker_scene1,40,old
4850,20.84299874305725,0.1031542734738611,PBPF,cracker_scene1,40,old
4851,20.84741258621216,0.1031542734738611,PBPF,cracker_scene1,40,old
4852,20.8520302772522,0.10313948468318859,PBPF,cracker_scene1,40,old
4853,20.856079578399655,0.10313948468318859,PBPF,cracker_scene1,40,old
4854,20.860589027404785,0.1031356096143263,PBPF,cracker_scene1,40,old
4855,20.864677906036377,0.1031356096143263,PBPF,cracker_scene1,40,old
4856,20.869219303131104,0.1031064495532246,PBPF,cracker_scene1,40,old
4857,20.873305797576904,0.1031064495532246,PBPF,cracker_scene1,40,old
4858,20.87807536125183,0.1030217915713472,PBPF,cracker_scene1,40,old
4859,20.882235050201416,0.1030217915713472,PBPF,cracker_scene1,40,old
4860,20.886764526367188,0.103132797471495,PBPF,cracker_scene1,40,old
4861,20.89098358154297,0.1030990869441322,PBPF,cracker_scene1,40,old
4862,20.895484685897827,0.10309158397330209,PBPF,cracker_scene1,40,old
4863,20.8996684551239,0.1030927457178162,PBPF,cracker_scene1,40,old
4864,20.90418767929077,0.1030902363139351,PBPF,cracker_scene1,40,old
4865,20.90856170654297,0.1031191845844854,PBPF,cracker_scene1,40,old
4866,20.91283583641052,0.1031191845844854,PBPF,cracker_scene1,40,old
4867,20.917156219482425,0.10300756757238119,PBPF,cracker_scene1,40,old
4868,20.921391010284424,0.10300756757238119,PBPF,cracker_scene1,40,old
4869,20.925822496414185,0.1031146732651032,PBPF,cracker_scene1,40,old
4870,20.93012237548828,0.1031146732651032,PBPF,cracker_scene1,40,old
4871,20.93448305130005,0.1031826939129699,PBPF,cracker_scene1,40,old
4872,20.938724994659424,0.1031826939129699,PBPF,cracker_scene1,40,old
4873,20.94304299354553,0.1030282041694922,PBPF,cracker_scene1,40,old
4874,20.94723892211914,0.1030282041694922,PBPF,cracker_scene1,40,old
4875,20.95192694664001,0.10315160147739509,PBPF,cracker_scene1,40,old
4876,20.956021785736084,0.10315160147739509,PBPF,cracker_scene1,40,old
4877,20.960469484329224,0.1030879533377065,PBPF,cracker_scene1,40,old
4878,20.964595317840576,0.1030879533377065,PBPF,cracker_scene1,40,old
4879,20.96914005279541,0.10302420719519939,PBPF,cracker_scene1,40,old
4880,20.973407745361328,0.10302420719519939,PBPF,cracker_scene1,40,old
4881,20.977856636047363,0.1031302177483921,PBPF,cracker_scene1,40,old
4882,20.98204445838928,0.1031139170216991,PBPF,cracker_scene1,40,old
4883,20.98635959625244,0.10311533084103039,PBPF,cracker_scene1,40,old
4884,20.990396738052368,0.10311533084103039,PBPF,cracker_scene1,40,old
4885,20.994869470596317,0.10312889581873069,PBPF,cracker_scene1,40,old
4886,20.998964071273804,0.10312889581873069,PBPF,cracker_scene1,40,old
4887,21.003416299819943,0.1030775418700329,PBPF,cracker_scene1,40,old
4888,21.007673978805546,0.1030775418700329,PBPF,cracker_scene1,40,old
4889,21.01203036308289,0.10308435957301329,PBPF,cracker_scene1,40,old
4890,21.016506910324097,0.10308435957301329,PBPF,cracker_scene1,40,old
4891,21.02082300186157,0.10300849003521989,PBPF,cracker_scene1,40,old
4892,21.0249342918396,0.10300849003521989,PBPF,cracker_scene1,40,old
4893,21.02924346923828,0.10299817050316619,PBPF,cracker_scene1,40,old
4894,21.033339262008667,0.10299817050316619,PBPF,cracker_scene1,40,old
4895,21.03758406639099,0.1031054893660161,PBPF,cracker_scene1,40,old
4896,21.041589975357056,0.1031054893660161,PBPF,cracker_scene1,40,old
4897,21.045878410339355,0.10298922618334959,PBPF,cracker_scene1,40,old
4898,21.04995846748352,0.10298922618334959,PBPF,cracker_scene1,40,old
4899,21.0548107624054,0.10310483696857299,PBPF,cracker_scene1,40,old
4900,21.05884885787964,0.10310483696857299,PBPF,cracker_scene1,40,old
4901,21.063415050506592,0.10300719738943509,PBPF,cracker_scene1,40,old
4902,21.06741499900818,0.10300719738943509,PBPF,cracker_scene1,40,old
4903,21.07135009765625,0.10300719738943509,PBPF,cracker_scene1,40,old
4904,21.075220584869385,0.10300719738943509,PBPF,cracker_scene1,40,old
4905,21.07918643951416,0.10300719738943509,PBPF,cracker_scene1,40,old
4906,21.083112001419067,0.10300719738943509,PBPF,cracker_scene1,40,old
4907,21.087032318115234,0.10300719738943509,PBPF,cracker_scene1,40,old
4908,21.09103012084961,0.10300719738943509,PBPF,cracker_scene1,40,old
4909,21.095069408416748,0.10300719738943509,PBPF,cracker_scene1,40,old
4910,21.09897398948669,0.10300719738943509,PBPF,cracker_scene1,40,old
4911,21.10288023948669,0.10300719738943509,PBPF,cracker_scene1,40,old
4912,21.10681462287903,0.10300719738943509,PBPF,cracker_scene1,40,old
4913,21.110685110092163,0.10300719738943509,PBPF,cracker_scene1,40,old
4914,21.114696264266968,0.10300719738943509,PBPF,cracker_scene1,40,old
4915,21.11856293678284,0.10300719738943509,PBPF,cracker_scene1,40,old
4916,21.122562170028687,0.10300719738943509,PBPF,cracker_scene1,40,old
4917,21.12641453742981,0.10300719738943509,PBPF,cracker_scene1,40,old
4918,21.130358695983887,0.10300719738943509,PBPF,cracker_scene1,40,old
4919,21.1342716217041,0.10300719738943509,PBPF,cracker_scene1,40,old
4920,21.1382155418396,0.10300719738943509,PBPF,cracker_scene1,40,old
4921,21.142130136489868,0.10300719738943509,PBPF,cracker_scene1,40,old
4922,21.146058559417725,0.10300719738943509,PBPF,cracker_scene1,40,old
4923,21.14995121955872,0.10300719738943509,PBPF,cracker_scene1,40,old
4924,21.153894186019897,0.10300719738943509,PBPF,cracker_scene1,40,old
4925,21.15776991844177,0.10300719738943509,PBPF,cracker_scene1,40,old
4926,21.161675930023197,0.10300719738943509,PBPF,cracker_scene1,40,old
4927,21.1655867099762,0.10300719738943509,PBPF,cracker_scene1,40,old
4928,21.16945242881775,0.10300719738943509,PBPF,cracker_scene1,40,old
4929,21.173438549041748,0.10300719738943509,PBPF,cracker_scene1,40,old
4930,21.17733359336853,0.10300719738943509,PBPF,cracker_scene1,40,old
4931,21.181297302246094,0.10300719738943509,PBPF,cracker_scene1,40,old
4932,21.18521213531494,0.10300719738943509,PBPF,cracker_scene1,40,old
4933,21.18919467926025,0.10300719738943509,PBPF,cracker_scene1,40,old
4934,21.19306230545044,0.10300719738943509,PBPF,cracker_scene1,40,old
4935,21.1970534324646,0.10300719738943509,PBPF,cracker_scene1,40,old
4936,21.20095944404602,0.10300719738943509,PBPF,cracker_scene1,40,old
4937,21.20492386817932,0.10300719738943509,PBPF,cracker_scene1,40,old
4938,21.20880436897278,0.10300719738943509,PBPF,cracker_scene1,40,old
4939,21.21274161338806,0.10300719738943509,PBPF,cracker_scene1,40,old
4940,21.21669888496399,0.10300719738943509,PBPF,cracker_scene1,40,old
4941,21.22137689590454,0.10300719738943509,PBPF,cracker_scene1,40,old
4942,21.226634979248047,0.10300719738943509,PBPF,cracker_scene1,40,old
4943,21.2312593460083,0.10300719738943509,PBPF,cracker_scene1,40,old
4944,21.235358476638797,0.10300719738943509,PBPF,cracker_scene1,40,old
4945,21.23939275741577,0.10300719738943509,PBPF,cracker_scene1,40,old
4946,21.24392533302307,0.10300719738943509,PBPF,cracker_scene1,40,old
4947,21.248050451278687,0.10300719738943509,PBPF,cracker_scene1,40,old
4948,21.252280950546265,0.10300719738943509,PBPF,cracker_scene1,40,old
4949,21.256508827209476,0.10300719738943509,PBPF,cracker_scene1,40,old
4950,21.260727405548096,0.10300719738943509,PBPF,cracker_scene1,40,old
4951,21.265121459960938,0.10300719738943509,PBPF,cracker_scene1,40,old
4952,21.269288301467896,0.10300719738943509,PBPF,cracker_scene1,40,old
4953,21.27349877357483,0.10300719738943509,PBPF,cracker_scene1,40,old
4954,21.27768898010254,0.10300719738943509,PBPF,cracker_scene1,40,old
4955,21.281715154647827,0.10300719738943509,PBPF,cracker_scene1,40,old
4956,21.28563904762268,0.10300719738943509,PBPF,cracker_scene1,40,old
4957,21.28964781761169,0.10300719738943509,PBPF,cracker_scene1,40,old
4958,21.29356789588928,0.10300719738943509,PBPF,cracker_scene1,40,old
4959,21.297590732574463,0.10300719738943509,PBPF,cracker_scene1,40,old
4960,21.301490783691406,0.10300719738943509,PBPF,cracker_scene1,40,old
4961,21.305540323257446,0.10300719738943509,PBPF,cracker_scene1,40,old
4962,21.30962061882019,0.10300719738943509,PBPF,cracker_scene1,40,old
4963,21.3137264251709,0.10300719738943509,PBPF,cracker_scene1,40,old
4964,21.31764006614685,0.10300719738943509,PBPF,cracker_scene1,40,old
4965,21.32166051864624,0.10300719738943509,PBPF,cracker_scene1,40,old
4966,21.325567960739136,0.10300719738943509,PBPF,cracker_scene1,40,old
4967,21.329569578170776,0.10300719738943509,PBPF,cracker_scene1,40,old
4968,21.33478617668152,0.10300719738943509,PBPF,cracker_scene1,40,old
4969,21.33962845802307,0.10300719738943509,PBPF,cracker_scene1,40,old
4970,21.344199180603027,0.10300719738943509,PBPF,cracker_scene1,40,old
4971,21.34837317466736,0.10300719738943509,PBPF,cracker_scene1,40,old
4972,21.35252094268799,0.10300719738943509,PBPF,cracker_scene1,40,old
4973,21.356781721115112,0.10300719738943509,PBPF,cracker_scene1,40,old
4974,21.360902547836304,0.10300719738943509,PBPF,cracker_scene1,40,old
4975,21.36492943763733,0.10300719738943509,PBPF,cracker_scene1,40,old
4976,21.368881225585938,0.10300719738943509,PBPF,cracker_scene1,40,old
4977,21.372873067855835,0.10300719738943509,PBPF,cracker_scene1,40,old
4978,21.376781940460205,0.10300719738943509,PBPF,cracker_scene1,40,old
4979,21.38077664375305,0.10300719738943509,PBPF,cracker_scene1,40,old
4980,21.38473081588745,0.10300719738943509,PBPF,cracker_scene1,40,old
4981,21.388751745224,0.10300719738943509,PBPF,cracker_scene1,40,old
4982,21.392645120620728,0.10300719738943509,PBPF,cracker_scene1,40,old
4983,21.396644830703732,0.10300719738943509,PBPF,cracker_scene1,40,old
4984,21.40059280395508,0.10300719738943509,PBPF,cracker_scene1,40,old
4985,21.4045844078064,0.10300719738943509,PBPF,cracker_scene1,40,old
4986,21.40848970413208,0.10300719738943509,PBPF,cracker_scene1,40,old
4987,21.412513256073,0.10300719738943509,PBPF,cracker_scene1,40,old
4988,21.4164834022522,0.10300719738943509,PBPF,cracker_scene1,40,old
4989,21.420441150665283,0.10300719738943509,PBPF,cracker_scene1,40,old
4990,21.42438578605652,0.10300719738943509,PBPF,cracker_scene1,40,old
4991,21.428332805633545,0.10300719738943509,PBPF,cracker_scene1,40,old
4992,21.43226623535156,0.10300719738943509,PBPF,cracker_scene1,40,old
4993,21.43618440628052,0.10300719738943509,PBPF,cracker_scene1,40,old
4994,21.440205097198486,0.10300719738943509,PBPF,cracker_scene1,40,old
4995,21.444292545318604,0.10300719738943509,PBPF,cracker_scene1,40,old
4996,21.44851875305176,0.10300719738943509,PBPF,cracker_scene1,40,old
4997,21.452749252319336,0.10300719738943509,PBPF,cracker_scene1,40,old
4998,21.457019329071045,0.10300719738943509,PBPF,cracker_scene1,40,old
4999,21.46129512786865,0.10300719738943509,PBPF,cracker_scene1,40,old
5000,21.46531343460083,0.10300719738943509,PBPF,cracker_scene1,40,old
5001,21.469245195388797,0.10300719738943509,PBPF,cracker_scene1,40,old
5002,21.473216772079468,0.10300719738943509,PBPF,cracker_scene1,40,old
5003,21.47712540626526,0.10300719738943509,PBPF,cracker_scene1,40,old
5004,21.48116707801819,0.10300719738943509,PBPF,cracker_scene1,40,old
5005,21.485154628753666,0.10300719738943509,PBPF,cracker_scene1,40,old
5006,21.489186763763428,0.10300719738943509,PBPF,cracker_scene1,40,old
5007,21.49320387840271,0.10300719738943509,PBPF,cracker_scene1,40,old
5008,21.497241497039795,0.10300719738943509,PBPF,cracker_scene1,40,old
5009,21.501147747039795,0.10300719738943509,PBPF,cracker_scene1,40,old
5010,21.505149126052856,0.10300719738943509,PBPF,cracker_scene1,40,old
5011,21.509165048599243,0.10300719738943509,PBPF,cracker_scene1,40,old
5012,21.513396501541138,0.10300719738943509,PBPF,cracker_scene1,40,old
5013,21.517287492752075,0.10300719738943509,PBPF,cracker_scene1,40,old
5014,21.521276712417603,0.10300719738943509,PBPF,cracker_scene1,40,old
5015,21.52517938613892,0.10300719738943509,PBPF,cracker_scene1,40,old
5016,21.529151439666748,0.10300719738943509,PBPF,cracker_scene1,40,old
5017,21.533078908920288,0.10300719738943509,PBPF,cracker_scene1,40,old
5018,21.53703093528748,0.10300719738943509,PBPF,cracker_scene1,40,old
5019,21.540974378585812,0.10300719738943509,PBPF,cracker_scene1,40,old
5020,21.54492712020874,0.10300719738943509,PBPF,cracker_scene1,40,old
5021,21.54882907867432,0.10300719738943509,PBPF,cracker_scene1,40,old
5022,21.55272126197815,0.10300719738943509,PBPF,cracker_scene1,40,old
5023,21.556801557540894,0.10300719738943509,PBPF,cracker_scene1,40,old
5024,21.560736417770386,0.10300719738943509,PBPF,cracker_scene1,40,old
5025,21.564634084701535,0.10300719738943509,PBPF,cracker_scene1,40,old
5026,21.56849956512451,0.10300719738943509,PBPF,cracker_scene1,40,old
5027,21.572452783584595,0.10300719738943509,PBPF,cracker_scene1,40,old
5028,21.576364517211918,0.10300719738943509,PBPF,cracker_scene1,40,old
5029,21.58033537864685,0.10300719738943509,PBPF,cracker_scene1,40,old
5030,21.58425521850586,0.10300719738943509,PBPF,cracker_scene1,40,old
5031,21.58827519416809,0.10300719738943509,PBPF,cracker_scene1,40,old
5032,21.59217405319214,0.10300719738943509,PBPF,cracker_scene1,40,old
5033,21.59616589546204,0.10300719738943509,PBPF,cracker_scene1,40,old
5034,21.60007119178772,0.10300719738943509,PBPF,cracker_scene1,40,old
5035,21.60405731201172,0.10300719738943509,PBPF,cracker_scene1,40,old
5036,21.60797691345215,0.10300719738943509,PBPF,cracker_scene1,40,old
5037,21.61198091506958,0.10300719738943509,PBPF,cracker_scene1,40,old
5038,21.615883588790894,0.10300719738943509,PBPF,cracker_scene1,40,old
5039,21.619850158691406,0.10300719738943509,PBPF,cracker_scene1,40,old
5040,21.623787879943848,0.10300719738943509,PBPF,cracker_scene1,40,old
5041,21.627697229385376,0.10300719738943509,PBPF,cracker_scene1,40,old
5042,21.63168478012085,0.10300719738943509,PBPF,cracker_scene1,40,old
5043,21.635579347610477,0.10300719738943509,PBPF,cracker_scene1,40,old
5044,21.63946533203125,0.10300719738943509,PBPF,cracker_scene1,40,old
5045,21.643503427505493,0.10300719738943509,PBPF,cracker_scene1,40,old
5046,21.64741849899292,0.10300719738943509,PBPF,cracker_scene1,40,old
5047,21.65142798423767,0.10300719738943509,PBPF,cracker_scene1,40,old
5048,21.65546202659607,0.10300719738943509,PBPF,cracker_scene1,40,old
5049,21.659390926361084,0.10300719738943509,PBPF,cracker_scene1,40,old
5050,21.66339421272278,0.10300719738943509,PBPF,cracker_scene1,40,old
5051,21.66728639602661,0.10300719738943509,PBPF,cracker_scene1,40,old
5052,21.671176433563232,0.10300719738943509,PBPF,cracker_scene1,40,old
5053,21.67521357536316,0.10300719738943509,PBPF,cracker_scene1,40,old
5054,21.679144859313965,0.10300719738943509,PBPF,cracker_scene1,40,old
5055,21.68320393562317,0.10300719738943509,PBPF,cracker_scene1,40,old
5056,21.687168836593628,0.10300719738943509,PBPF,cracker_scene1,40,old
5057,21.69107675552368,0.10300719738943509,PBPF,cracker_scene1,40,old
5058,21.69507360458374,0.10300719738943509,PBPF,cracker_scene1,40,old
5059,21.698994636535645,0.10300719738943509,PBPF,cracker_scene1,40,old
5060,21.70286703109741,0.10300719738943509,PBPF,cracker_scene1,40,old
5061,21.70685839653015,0.10300719738943509,PBPF,cracker_scene1,40,old
5062,21.710767030715942,0.10300719738943509,PBPF,cracker_scene1,40,old
5063,21.71475505828857,0.10300719738943509,PBPF,cracker_scene1,40,old
5064,21.71866464614868,0.10300719738943509,PBPF,cracker_scene1,40,old
5065,21.722703218460083,0.10300719738943509,PBPF,cracker_scene1,40,old
5066,21.726603507995605,0.10300719738943509,PBPF,cracker_scene1,40,old
5067,21.730642080307007,0.10300719738943509,PBPF,cracker_scene1,40,old
5068,21.73454475402832,0.10300719738943509,PBPF,cracker_scene1,40,old
5069,21.73854422569275,0.10300719738943509,PBPF,cracker_scene1,40,old
5070,21.742494106292725,0.10300719738943509,PBPF,cracker_scene1,40,old
5071,21.746504306793213,0.10300719738943509,PBPF,cracker_scene1,40,old
5072,21.750418424606323,0.10300719738943509,PBPF,cracker_scene1,40,old
5073,21.754372596740723,0.10300719738943509,PBPF,cracker_scene1,40,old
5074,21.758307695388797,0.10300719738943509,PBPF,cracker_scene1,40,old
5075,21.762226819992065,0.10300719738943509,PBPF,cracker_scene1,40,old
5076,21.766096115112305,0.10300719738943509,PBPF,cracker_scene1,40,old
5077,21.76998519897461,0.10300719738943509,PBPF,cracker_scene1,40,old
5078,21.773897886276245,0.10300719738943509,PBPF,cracker_scene1,40,old
5079,21.777782440185547,0.10300719738943509,PBPF,cracker_scene1,40,old
5080,21.78177070617676,0.10300719738943509,PBPF,cracker_scene1,40,old
5081,21.785699367523197,0.10300719738943509,PBPF,cracker_scene1,40,old
5082,21.7896420955658,0.10300719738943509,PBPF,cracker_scene1,40,old
5083,21.793532133102417,0.10300719738943509,PBPF,cracker_scene1,40,old
5084,21.79751873016357,0.10300719738943509,PBPF,cracker_scene1,40,old
5085,21.80141949653625,0.10300719738943509,PBPF,cracker_scene1,40,old
5086,21.805418014526367,0.10300719738943509,PBPF,cracker_scene1,40,old
5087,21.80931329727173,0.10300719738943509,PBPF,cracker_scene1,40,old
5088,21.81334900856018,0.10300719738943509,PBPF,cracker_scene1,40,old
5089,21.81724500656128,0.10300719738943509,PBPF,cracker_scene1,40,old
5090,21.821253538131717,0.10300719738943509,PBPF,cracker_scene1,40,old
5091,21.825170516967773,0.10300719738943509,PBPF,cracker_scene1,40,old
5092,21.82911872863769,0.10300719738943509,PBPF,cracker_scene1,40,old
5093,21.83305239677429,0.10300719738943509,PBPF,cracker_scene1,40,old
5094,21.83699345588684,0.10300719738943509,PBPF,cracker_scene1,40,old
5095,21.84092712402344,0.10300719738943509,PBPF,cracker_scene1,40,old
5096,21.84489250183105,0.10300719738943509,PBPF,cracker_scene1,40,old
5097,21.84880566596985,0.10300719738943509,PBPF,cracker_scene1,40,old
5098,21.852758646011356,0.10300719738943509,PBPF,cracker_scene1,40,old
5099,21.856731176376343,0.10300719738943509,PBPF,cracker_scene1,40,old
5100,21.86059880256653,0.10300719738943509,PBPF,cracker_scene1,40,old
5101,21.864540815353397,0.10300719738943509,PBPF,cracker_scene1,40,old
5102,21.86846709251404,0.10300719738943509,PBPF,cracker_scene1,40,old
5103,21.87245988845825,0.10300719738943509,PBPF,cracker_scene1,40,old
5104,21.876375913619995,0.10300719738943509,PBPF,cracker_scene1,40,old
5105,21.8803608417511,0.10300719738943509,PBPF,cracker_scene1,40,old
5106,21.88431978225708,0.10300719738943509,PBPF,cracker_scene1,40,old
5107,21.888288974761963,0.10300719738943509,PBPF,cracker_scene1,40,old
5108,21.892204523086548,0.10300719738943509,PBPF,cracker_scene1,40,old
5109,21.89621925354004,0.10300719738943509,PBPF,cracker_scene1,40,old
5110,21.90014624595642,0.10300719738943509,PBPF,cracker_scene1,40,old
5111,21.90415358543396,0.10300719738943509,PBPF,cracker_scene1,40,old
5112,21.90806221961975,0.10300719738943509,PBPF,cracker_scene1,40,old
5113,21.912033796310425,0.10300719738943509,PBPF,cracker_scene1,40,old
5114,21.91597318649292,0.10300719738943509,PBPF,cracker_scene1,40,old
5115,21.91991257667541,0.10300719738943509,PBPF,cracker_scene1,40,old
5116,21.923844814300537,0.10300719738943509,PBPF,cracker_scene1,40,old
5117,21.92774224281311,0.10300719738943509,PBPF,cracker_scene1,40,old
5118,21.93175458908081,0.10300719738943509,PBPF,cracker_scene1,40,old
5119,21.935667991638184,0.10300719738943509,PBPF,cracker_scene1,40,old
5120,21.93965029716492,0.10300719738943509,PBPF,cracker_scene1,40,old
5121,21.94356870651245,0.10300719738943509,PBPF,cracker_scene1,40,old
5122,21.94753646850586,0.10300719738943509,PBPF,cracker_scene1,40,old
5123,21.95142936706543,0.10300719738943509,PBPF,cracker_scene1,40,old
5124,21.955405950546265,0.10300719738943509,PBPF,cracker_scene1,40,old
5125,21.95930290222168,0.10300719738943509,PBPF,cracker_scene1,40,old
5126,21.963228940963745,0.10300719738943509,PBPF,cracker_scene1,40,old
5127,21.96712040901184,0.10300719738943509,PBPF,cracker_scene1,40,old
5128,21.971104383468628,0.10300719738943509,PBPF,cracker_scene1,40,old
5129,21.974984407424927,0.10300719738943509,PBPF,cracker_scene1,40,old
5130,21.978962659835812,0.10300719738943509,PBPF,cracker_scene1,40,old
5131,21.98287296295166,0.10300719738943509,PBPF,cracker_scene1,40,old
5132,21.986847639083862,0.10300719738943509,PBPF,cracker_scene1,40,old
5133,21.99074864387512,0.10300719738943509,PBPF,cracker_scene1,40,old
5134,21.994678258895878,0.10300719738943509,PBPF,cracker_scene1,40,old
5135,21.9986252784729,0.10300719738943509,PBPF,cracker_scene1,40,old
5136,22.0025315284729,0.10300719738943509,PBPF,cracker_scene1,40,old
5137,22.00652527809143,0.10300719738943509,PBPF,cracker_scene1,40,old
5138,22.01039266586304,0.10300719738943509,PBPF,cracker_scene1,40,old
5139,22.01460027694702,0.10300719738943509,PBPF,cracker_scene1,40,old
5140,22.018484115600582,0.10300719738943509,PBPF,cracker_scene1,40,old
5141,22.022512197494507,0.10300719738943509,PBPF,cracker_scene1,40,old
5142,22.02641463279724,0.10300719738943509,PBPF,cracker_scene1,40,old
5143,22.03037929534912,0.10300719738943509,PBPF,cracker_scene1,40,old
5144,22.03429269790649,0.10300719738943509,PBPF,cracker_scene1,40,old
5145,22.038280963897705,0.10300719738943509,PBPF,cracker_scene1,40,old
5146,22.04220151901245,0.10300719738943509,PBPF,cracker_scene1,40,old
5147,22.046192169189453,0.10300719738943509,PBPF,cracker_scene1,40,old
5148,22.05010676383972,0.10300719738943509,PBPF,cracker_scene1,40,old
5149,22.054075479507446,0.10300719738943509,PBPF,cracker_scene1,40,old
5150,22.057971715927124,0.10300719738943509,PBPF,cracker_scene1,40,old
5151,22.061894178390503,0.10300719738943509,PBPF,cracker_scene1,40,old
5152,22.065768480300903,0.10300719738943509,PBPF,cracker_scene1,40,old
5153,22.06966996192932,0.10300719738943509,PBPF,cracker_scene1,40,old
5154,22.07362508773804,0.10300719738943509,PBPF,cracker_scene1,40,old
5155,22.07750606536865,0.10300719738943509,PBPF,cracker_scene1,40,old
5156,22.08146953582764,0.10300719738943509,PBPF,cracker_scene1,40,old
5157,22.085406064987183,0.10300719738943509,PBPF,cracker_scene1,40,old
5158,22.08939957618713,0.10300719738943509,PBPF,cracker_scene1,40,old
5159,22.093299865722656,0.10300719738943509,PBPF,cracker_scene1,40,old
5160,22.09731125831604,0.10300719738943509,PBPF,cracker_scene1,40,old
5161,22.10120916366577,0.10300719738943509,PBPF,cracker_scene1,40,old
5162,22.105197191238403,0.10300719738943509,PBPF,cracker_scene1,40,old
5163,22.109079360961918,0.10300719738943509,PBPF,cracker_scene1,40,old
5164,22.11306405067444,0.10300719738943509,PBPF,cracker_scene1,40,old
5165,22.11697006225586,0.10300719738943509,PBPF,cracker_scene1,40,old
5166,22.120956659317017,0.10300719738943509,PBPF,cracker_scene1,40,old
5167,22.124906063079838,0.10300719738943509,PBPF,cracker_scene1,40,old
5168,22.12889337539673,0.10300719738943509,PBPF,cracker_scene1,40,old
5169,22.132816791534424,0.10300719738943509,PBPF,cracker_scene1,40,old
5170,22.13673710823059,0.10300719738943509,PBPF,cracker_scene1,40,old
5171,22.14068984985352,0.10300719738943509,PBPF,cracker_scene1,40,old
5172,22.144646406173703,0.10300719738943509,PBPF,cracker_scene1,40,old
5173,22.148598670959476,0.10300719738943509,PBPF,cracker_scene1,40,old
5174,22.15246820449829,0.10300719738943509,PBPF,cracker_scene1,40,old
5175,22.156426906585693,0.10300719738943509,PBPF,cracker_scene1,40,old
5176,22.160333156585693,0.10300719738943509,PBPF,cracker_scene1,40,old
5177,22.164262294769287,0.10300719738943509,PBPF,cracker_scene1,40,old
5178,22.16816473007202,0.10300719738943509,PBPF,cracker_scene1,40,old
5179,22.172155380249023,0.10300719738943509,PBPF,cracker_scene1,40,old
5180,22.176053762435917,0.10300719738943509,PBPF,cracker_scene1,40,old
5181,22.18004846572876,0.10300719738943509,PBPF,cracker_scene1,40,old
5182,22.18404173851013,0.10300719738943509,PBPF,cracker_scene1,40,old
5183,22.18803715705872,0.10300719738943509,PBPF,cracker_scene1,40,old
5184,22.191935300827023,0.10300719738943509,PBPF,cracker_scene1,40,old
5185,22.19594693183899,0.10300719738943509,PBPF,cracker_scene1,40,old
5186,22.1998393535614,0.10300719738943509,PBPF,cracker_scene1,40,old
5187,22.20376873016357,0.10300719738943509,PBPF,cracker_scene1,40,old
5188,22.207762241363525,0.10300719738943509,PBPF,cracker_scene1,40,old
5189,22.211968421936035,0.10300719738943509,PBPF,cracker_scene1,40,old
5190,22.21590518951416,0.10300719738943509,PBPF,cracker_scene1,40,old
5191,22.21989130973816,0.10300719738943509,PBPF,cracker_scene1,40,old
5192,22.22386336326599,0.10300719738943509,PBPF,cracker_scene1,40,old
5193,22.227774381637573,0.10300719738943509,PBPF,cracker_scene1,40,old
5194,22.231805086135864,0.10300719738943509,PBPF,cracker_scene1,40,old
5195,22.23572850227356,0.10300719738943509,PBPF,cracker_scene1,40,old
5196,22.23971629142761,0.10300719738943509,PBPF,cracker_scene1,40,old
5197,22.24373197555542,0.10300719738943509,PBPF,cracker_scene1,40,old
5198,22.247731924057007,0.10300719738943509,PBPF,cracker_scene1,40,old
5199,22.251654148101807,0.10300719738943509,PBPF,cracker_scene1,40,old
5200,22.25566601753235,0.10300719738943509,PBPF,cracker_scene1,40,old
5201,22.25956988334656,0.10300719738943509,PBPF,cracker_scene1,40,old
5202,22.26348567008972,0.10300719738943509,PBPF,cracker_scene1,40,old
5203,22.267383575439453,0.10300719738943509,PBPF,cracker_scene1,40,old
5204,22.2713360786438,0.10300719738943509,PBPF,cracker_scene1,40,old
5205,22.27522921562195,0.10300719738943509,PBPF,cracker_scene1,40,old
5206,22.2792227268219,0.10300719738943509,PBPF,cracker_scene1,40,old
5207,22.283218145370483,0.10300719738943509,PBPF,cracker_scene1,40,old
5208,22.287272453308105,0.10300719738943509,PBPF,cracker_scene1,40,old
5209,22.29118704795837,0.10300719738943509,PBPF,cracker_scene1,40,old
5210,22.29519915580749,0.10300719738943509,PBPF,cracker_scene1,40,old
5211,22.299091339111328,0.10300719738943509,PBPF,cracker_scene1,40,old
5212,22.303035497665405,0.10300719738943509,PBPF,cracker_scene1,40,old
5213,22.30698657035828,0.10300719738943509,PBPF,cracker_scene1,40,old
5214,22.310863733291622,0.10300719738943509,PBPF,cracker_scene1,40,old
5215,22.315021276474,0.10300719738943509,PBPF,cracker_scene1,40,old
5216,22.318930864334103,0.10300719738943509,PBPF,cracker_scene1,40,old
5217,22.3229615688324,0.10300719738943509,PBPF,cracker_scene1,40,old
5218,22.326828956604004,0.10300719738943509,PBPF,cracker_scene1,40,old
5219,22.33084797859192,0.10300719738943509,PBPF,cracker_scene1,40,old
5220,22.334720373153687,0.10300719738943509,PBPF,cracker_scene1,40,old
5221,22.338693380355835,0.10300719738943509,PBPF,cracker_scene1,40,old
5222,22.342634201049805,0.10300719738943509,PBPF,cracker_scene1,40,old
5223,22.3467960357666,0.10300719738943509,PBPF,cracker_scene1,40,old
5224,22.350720167160038,0.10300719738943509,PBPF,cracker_scene1,40,old
5225,22.354761123657227,0.10300719738943509,PBPF,cracker_scene1,40,old
5226,22.35871911048889,0.10300719738943509,PBPF,cracker_scene1,40,old
5227,22.36271095275879,0.10300719738943509,PBPF,cracker_scene1,40,old
5228,22.36663579940796,0.10300719738943509,PBPF,cracker_scene1,40,old
5229,22.37060308456421,0.10300719738943509,PBPF,cracker_scene1,40,old
5230,22.374511003494263,0.10300719738943509,PBPF,cracker_scene1,40,old
5231,22.378478050231934,0.10300719738943509,PBPF,cracker_scene1,40,old
5232,22.38240647315979,0.10300719738943509,PBPF,cracker_scene1,40,old
5233,22.38634419441223,0.10300719738943509,PBPF,cracker_scene1,40,old
5234,22.390357732772827,0.10300719738943509,PBPF,cracker_scene1,40,old
5235,22.394280433654785,0.10300719738943509,PBPF,cracker_scene1,40,old
5236,22.39826202392578,0.10300719738943509,PBPF,cracker_scene1,40,old
5237,22.4021475315094,0.10300719738943509,PBPF,cracker_scene1,40,old
5238,22.406194925308228,0.10300719738943509,PBPF,cracker_scene1,40,old
5239,22.41015100479126,0.10300719738943509,PBPF,cracker_scene1,40,old
5240,22.41416335105896,0.10300719738943509,PBPF,cracker_scene1,40,old
5241,22.41805100440979,0.10300719738943509,PBPF,cracker_scene1,40,old
5242,22.42207360267639,0.10300719738943509,PBPF,cracker_scene1,40,old
5243,22.425978660583496,0.10300719738943509,PBPF,cracker_scene1,40,old
5244,22.43001890182495,0.10300719738943509,PBPF,cracker_scene1,40,old
5245,22.43397188186645,0.10300719738943509,PBPF,cracker_scene1,40,old
5246,22.43797492980957,0.10300719738943509,PBPF,cracker_scene1,40,old
5247,22.441906929016117,0.10300719738943509,PBPF,cracker_scene1,40,old
5248,22.445878982543945,0.10300719738943509,PBPF,cracker_scene1,40,old
5249,22.44977760314941,0.10300719738943509,PBPF,cracker_scene1,40,old
5250,22.453725814819336,0.10300719738943509,PBPF,cracker_scene1,40,old
5251,22.457754611968998,0.10300719738943509,PBPF,cracker_scene1,40,old
5252,22.461689233779907,0.10300719738943509,PBPF,cracker_scene1,40,old
5253,22.46559858322144,0.10300719738943509,PBPF,cracker_scene1,40,old
5254,22.46948838233948,0.10300719738943509,PBPF,cracker_scene1,40,old
5255,22.47343158721924,0.10300719738943509,PBPF,cracker_scene1,40,old
5256,22.47730708122253,0.10300719738943509,PBPF,cracker_scene1,40,old
5257,22.481305837631226,0.10300719738943509,PBPF,cracker_scene1,40,old
5258,22.48527193069458,0.10300719738943509,PBPF,cracker_scene1,40,old
5259,22.4892475605011,0.10300719738943509,PBPF,cracker_scene1,40,old
5260,22.493155002593998,0.10300719738943509,PBPF,cracker_scene1,40,old
5261,22.49714159965515,0.10300719738943509,PBPF,cracker_scene1,40,old
5262,22.501052379608154,0.10300719738943509,PBPF,cracker_scene1,40,old
5263,22.505091905593872,0.10300719738943509,PBPF,cracker_scene1,40,old
5264,22.508988618850708,0.10300719738943509,PBPF,cracker_scene1,40,old
