0,0.00019359588623046875,0.06532074746559884,obse
1,0.0022306442260742188,0.06509385839729895,obse
2,0.005715370178222656,0.06509385839729899,obse
3,0.00854039192199707,0.06509385839729899,obse
4,0.011588811874389648,0.06509385839729899,obse
5,0.014812231063842773,0.06509385839729899,obse
6,0.01772332191467285,0.06509385839729899,obse
7,0.02118992805480957,0.06519718412805854,obse
8,0.024089813232421875,0.06519718412805854,obse
9,0.026970386505126953,0.06519718412805854,obse
10,0.03089451789855957,0.06519632969413042,obse
11,0.03414320945739746,0.0651955547487811,obse
12,0.03711891174316406,0.0651955547487811,obse
13,0.04003119468688965,0.0651955547487811,obse
14,0.04300832748413086,0.0651955547487811,obse
15,0.046097755432128906,0.0651955547487811,obse
16,0.04904484748840332,0.0651955547487811,obse
17,0.05224299430847168,0.0649611007974603,obse
18,0.055348873138427734,0.0649796319496069,obse
19,0.05866241455078125,0.06527343075855559,obse
20,0.0624847412109375,0.06527343075855559,obse
21,0.06568598747253418,0.06526934002851774,obse
22,0.06882476806640625,0.06526934002851774,obse
23,0.07198977470397949,0.0649570272152754,obse
24,0.07523441314697266,0.06493109515002453,obse
25,0.07843399047851562,0.06475116418839526,obse
26,0.08151817321777344,0.06350378470162008,obse
27,0.08472561836242676,0.06351976348205059,obse
28,0.08749270439147949,0.06351976348205059,obse
29,0.09086728096008301,0.06340070178963117,obse
30,0.09385395050048828,0.06340070178963117,obse
31,0.0967721939086914,0.06360732258437805,obse
32,0.09966230392456055,0.06360732258437805,obse
33,0.10284042358398438,0.06359902213519199,obse
34,0.10576438903808594,0.06359902213519199,obse
35,0.10879898071289062,0.06360632086811549,obse
36,0.11179637908935547,0.06360632086811549,obse
37,0.11469244956970215,0.06360632086811549,obse
38,0.11772346496582031,0.0634575307049754,obse
39,0.1211092472076416,0.06346438381374771,obse
40,0.12439274787902832,0.06346438381374771,obse
41,0.12735724449157715,0.06365776960918089,obse
42,0.13057494163513184,0.06365104213670127,obse
43,0.1335453987121582,0.06365104213670127,obse
44,0.13641619682312012,0.06365104213670127,obse
45,0.13946104049682617,0.06342485631324678,obse
46,0.14238333702087402,0.06342485631324678,obse
47,0.14526653289794922,0.06342485631324678,obse
48,0.14825177192687988,0.06341958465433388,obse
49,0.15117740631103516,0.06341958465433388,obse
50,0.15465116500854492,0.06341958465433388,obse
51,0.15752053260803223,0.06341958465433388,obse
52,0.16054415702819824,0.06340944040881091,obse
53,0.16341447830200195,0.06340944040881091,obse
54,0.16633987426757812,0.06340944040881091,obse
55,0.16922998428344727,0.06340944040881091,obse
56,0.17208337783813477,0.06340944040881091,obse
57,0.1753537654876709,0.06365728320816756,obse
58,0.17821598052978516,0.06365728320816756,obse
59,0.18111300468444824,0.06365728320816756,obse
60,0.18461894989013672,0.06365728320816756,obse
61,0.18755578994750977,0.06369617734426843,obse
62,0.191314697265625,0.06377687281069945,obse
63,0.19454479217529297,0.06345094127598086,obse
64,0.19741249084472656,0.06345094127598086,obse
65,0.20025181770324707,0.06345094127598086,obse
66,0.2033693790435791,0.06345264401779828,obse
67,0.20666050910949707,0.06340543883232073,obse
68,0.20964336395263672,0.06338563031429033,obse
69,0.21259665489196777,0.0646148538719274,obse
70,0.21548223495483398,0.0646148538719274,obse
71,0.21867871284484863,0.06502241814209586,obse
72,0.2216508388519287,0.06502241814209586,obse
73,0.2245490550994873,0.06502241814209586,obse
74,0.22743439674377441,0.06502241814209586,obse
75,0.2303938865661621,0.06502241814209586,obse
76,0.23326969146728516,0.06502241814209586,obse
77,0.25017237663269043,0.06503263380006719,obse
78,0.25303220748901367,0.06503263380006719,obse
79,0.25586676597595215,0.06503263380006719,obse
80,0.2587292194366455,0.06503263380006719,obse
81,0.26165056228637695,0.06503263380006719,obse
82,0.2645301818847656,0.06503263380006719,obse
83,0.2674410343170166,0.06503263380006719,obse
84,0.27034902572631836,0.06503263380006719,obse
85,0.273212194442749,0.06503263380006719,obse
86,0.27657437324523926,0.06578713396417415,obse
87,0.2795529365539551,0.06578713396417415,obse
88,0.28252315521240234,0.06578713396417415,obse
89,0.2854301929473877,0.06578713396417415,obse
90,0.28832197189331055,0.06578713396417415,obse
91,0.29118800163269043,0.06578713396417415,obse
92,0.2940711975097656,0.06578713396417415,obse
93,0.29740166664123535,0.06548838910003624,obse
94,0.3006410598754883,0.06548838910003624,obse
95,0.30355215072631836,0.06434358978415225,obse
96,0.30643415451049805,0.06434358978415225,obse
97,0.309769868850708,0.06434211507860257,obse
98,0.31266212463378906,0.06434211507860257,obse
99,0.31551241874694824,0.06434211507860257,obse
100,0.31844258308410645,0.06434604745574439,obse
101,0.3212299346923828,0.06434604745574439,obse
102,0.32403993606567383,0.06434604745574439,obse
103,0.3268442153930664,0.06434604745574439,obse
104,0.3299376964569092,0.06433888908928233,obse
105,0.3330650329589844,0.06515062835973943,obse
106,0.33600950241088867,0.06511326967198668,obse
107,0.3389403820037842,0.06551897799888344,obse
108,0.341808557510376,0.06551897799888344,obse
109,0.34468793869018555,0.06551897799888344,obse
110,0.3474876880645752,0.06551897799888344,obse
111,0.35050082206726074,0.06537921398670446,obse
112,0.3533201217651367,0.06537921398670446,obse
113,0.3561711311340332,0.06537921398670446,obse
114,0.35938024520874023,0.06515567653067864,obse
115,0.3622140884399414,0.06547519962271026,obse
116,0.3650481700897217,0.06546595478490658,obse
117,0.3678553104400635,0.06546595478490658,obse
118,0.3706521987915039,0.06546595478490658,obse
119,0.37369585037231445,0.06546595478490658,obse
120,0.3765437602996826,0.06541790733619966,obse
121,0.3794071674346924,0.06541790733619966,obse
122,0.3822014331817627,0.06541790733619966,obse
123,0.3852541446685791,0.0646137871787207,obse
124,0.3881068229675293,0.0646137871787207,obse
125,0.3908810615539551,0.0646137871787207,obse
126,0.39365315437316895,0.0646137871787207,obse
127,0.3964693546295166,0.0646137871787207,obse
128,0.3995931148529053,0.06494271222160651,obse
129,0.4023902416229248,0.06494271222160651,obse
130,0.40532565116882324,0.06467619028023518,obse
131,0.4080812931060791,0.06467619028023518,obse
132,0.41098713874816895,0.06467619028023518,obse
133,0.4138004779815674,0.06467619028023518,obse
134,0.4165937900543213,0.06467619028023518,obse
135,0.4193558692932129,0.06467619028023518,obse
136,0.4221065044403076,0.06467619028023518,obse
137,0.42490530014038086,0.06467619028023518,obse
138,0.42762088775634766,0.06467619028023518,obse
139,0.4310414791107178,0.06467619028023518,obse
140,0.4339168071746826,0.06477149016142564,obse
141,0.4367489814758301,0.06477149016142564,obse
142,0.4394645690917969,0.06477149016142564,obse
143,0.44222569465637207,0.06477149016142564,obse
144,0.44500088691711426,0.06477149016142564,obse
145,0.44774913787841797,0.06477149016142564,obse
146,0.4508659839630127,0.06352876854592317,obse
147,0.4536287784576416,0.06352876854592317,obse
148,0.4569685459136963,0.06351128005513391,obse
149,0.45981931686401367,0.06351128005513391,obse
150,0.4628722667694092,0.06352119876494206,obse
151,0.46564769744873047,0.06339371121459876,obse
152,0.4684631824493408,0.06339371121459876,obse
153,0.4712657928466797,0.06339371121459876,obse
154,0.4740455150604248,0.06339371121459876,obse
155,0.47690701484680176,0.06363065235542192,obse
156,0.4796457290649414,0.06363065235542192,obse
157,0.482419490814209,0.06363065235542192,obse
158,0.4853227138519287,0.06363065235542192,obse
159,0.48807692527770996,0.06363065235542192,obse
160,0.4909355640411377,0.06356055387755283,obse
161,0.49375033378601074,0.06356055387755283,obse
162,0.4966263771057129,0.06356858943159749,obse
163,0.49936914443969727,0.06356858943159749,obse
164,0.502206563949585,0.06356858943159749,obse
165,0.5050053596496582,0.06356858943159749,obse
166,0.5077788829803467,0.06356858943159749,obse
167,0.5105671882629395,0.06356858943159749,obse
168,0.5133342742919922,0.06356858943159749,obse
169,0.516068696975708,0.06356858943159749,obse
170,0.518824577331543,0.06356858943159749,obse
171,0.5223720073699951,0.06447372639162867,obse
172,0.5253627300262451,0.06447372639162867,obse
173,0.5281462669372559,0.06450144141763307,obse
174,0.5314724445343018,0.0647789995259657,obse
175,0.5342907905578613,0.0647789995259657,obse
176,0.5370597839355469,0.06340907124692943,obse
177,0.5398716926574707,0.06340907124692943,obse
178,0.542611837387085,0.06340907124692943,obse
179,0.5456259250640869,0.06310842363627607,obse
180,0.5484635829925537,0.06310842363627607,obse
181,0.5515100955963135,0.06351389004735636,obse
182,0.5543804168701172,0.06351389004735636,obse
183,0.5574049949645996,0.06377531659354438,obse
184,0.5602548122406006,0.06376667237231247,obse
185,0.5631611347198486,0.06377658243481953,obse
186,0.5659072399139404,0.06377658243481953,obse
187,0.5688092708587646,0.06361752202110982,obse
188,0.5715999603271484,0.06361752202110982,obse
189,0.5746161937713623,0.06350065033151041,obse
190,0.5773603916168213,0.06350065033151041,obse
191,0.580155611038208,0.06350065033151041,obse
192,0.5829901695251465,0.06350065033151041,obse
193,0.585930585861206,0.06348266790032435,obse
194,0.5890522003173828,0.06358381684217965,obse
195,0.591766357421875,0.06358381684217965,obse
196,0.5945084095001221,0.06358381684217965,obse
197,0.5973687171936035,0.06348350419671835,obse
198,0.6001625061035156,0.06348350419671835,obse
199,0.6029922962188721,0.06348350419671835,obse
200,0.605893611907959,0.06346132125403561,obse
201,0.6087660789489746,0.06346132125403561,obse
202,0.6118686199188232,0.06372641060179153,obse
203,0.6148712635040283,0.06372641060179153,obse
204,0.6178264617919922,0.06372641060179153,obse
205,0.62135910987854,0.06413780310592887,obse
206,0.6242465972900391,0.06413780310592887,obse
207,0.6271171569824219,0.06413780310592887,obse
208,0.6306033134460449,0.06413486317821541,obse
209,0.6338787078857422,0.064359551142082,obse
210,0.6367714405059814,0.064359551142082,obse
211,0.63979172706604,0.06435865991984918,obse
212,0.6426026821136475,0.06435865991984918,obse
213,0.6455240249633789,0.06435865991984918,obse
214,0.6489439010620117,0.064149191154366,obse
215,0.6516845226287842,0.064149191154366,obse
216,0.6545009613037109,0.064149191154366,obse
217,0.6573209762573242,0.064149191154366,obse
218,0.6603395938873291,0.06425232228705859,obse
219,0.6633245944976807,0.06448197852403542,obse
220,0.6662540435791016,0.06448197852403542,obse
221,0.6692020893096924,0.06448197852403542,obse
222,0.6725919246673584,0.06537304046444913,obse
223,0.6755683422088623,0.06537304046444913,obse
224,0.678555965423584,0.06535524800857136,obse
225,0.6820106506347656,0.06650498820916292,obse
226,0.6849350929260254,0.06650498820916292,obse
227,0.6878409385681152,0.06650498820916292,obse
228,0.6907131671905518,0.06650498820916292,obse
229,0.6938924789428711,0.06688520466393501,obse
230,0.696819543838501,0.06688520466393501,obse
231,0.700035810470581,0.06664858814131293,obse
232,0.7032604217529297,0.0666281674330576,obse
233,0.7061045169830322,0.0666281674330576,obse
234,0.7089993953704834,0.0666281674330576,obse
235,0.7119698524475098,0.0666281674330576,obse
236,0.7151103019714355,0.0666281674330576,obse
237,0.7179820537567139,0.0666281674330576,obse
238,0.721229076385498,0.06653685465005676,obse
239,0.7241122722625732,0.06653685465005676,obse
240,0.7269864082336426,0.06653685465005676,obse
241,0.7301075458526611,0.0668726110824617,obse
242,0.7335853576660156,0.06647578050488588,obse
243,0.7365744113922119,0.06647578050488588,obse
244,0.7397055625915527,0.06561045820311487,obse
245,0.7425785064697266,0.06561045820311487,obse
246,0.7457201480865479,0.06561045820311487,obse
247,0.748760461807251,0.06565407857874443,obse
248,0.7519478797912598,0.06564776014570445,obse
249,0.7549521923065186,0.06512418579214807,obse
250,0.7580265998840332,0.06512418579214807,obse
251,0.7608668804168701,0.06512418579214807,obse
252,0.7638275623321533,0.0651931123437295,obse
253,0.7670779228210449,0.0651931123437295,obse
254,0.7700691223144531,0.0651931123437295,obse
255,0.7729759216308594,0.06544033953796974,obse
256,0.7758169174194336,0.06544033953796974,obse
257,0.7788128852844238,0.06544033953796974,obse
258,0.7819726467132568,0.0651618223580776,obse
259,0.784783124923706,0.0651618223580776,obse
260,0.7876772880554199,0.0651618223580776,obse
261,0.7906591892242432,0.0651618223580776,obse
262,0.7937283515930176,0.06526411019991313,obse
263,0.7968771457672119,0.06526411019991313,obse
264,0.8002243041992188,0.0654696095460833,obse
265,0.803098201751709,0.0654696095460833,obse
266,0.8059024810791016,0.0654696095460833,obse
267,0.8089120388031006,0.0654696095460833,obse
268,0.8117265701293945,0.06447890127353109,obse
269,0.8149082660675049,0.06460066450954327,obse
270,0.8177177906036377,0.06460066450954327,obse
271,0.82057785987854,0.06460066450954327,obse
272,0.8234779834747314,0.06460066450954327,obse
273,0.8263359069824219,0.06460066450954327,obse
274,0.8294868469238281,0.06463089125376666,obse
275,0.832294225692749,0.06463089125376666,obse
276,0.8350212574005127,0.06463089125376666,obse
277,0.8381741046905518,0.06492161551769626,obse
278,0.8414771556854248,0.06458937900451547,obse
279,0.8443167209625244,0.06458937900451547,obse
280,0.8471367359161377,0.06488729859233473,obse
281,0.8500070571899414,0.06488729859233473,obse
282,0.8527979850769043,0.06488729859233473,obse
283,0.8557002544403076,0.06488729859233473,obse
284,0.8585097789764404,0.06488729859233473,obse
285,0.8613147735595703,0.06488729859233473,obse
286,0.8644306659698486,0.06462241596448266,obse
287,0.8673110008239746,0.06462241596448266,obse
288,0.8702147006988525,0.06462241596448266,obse
289,0.8733084201812744,0.06462241596448266,obse
290,0.8761653900146484,0.06462241596448266,obse
291,0.8790171146392822,0.06462241596448266,obse
292,0.8818228244781494,0.06462241596448266,obse
293,0.8848476409912109,0.06462241596448266,obse
294,0.8877665996551514,0.06482042321532794,obse
295,0.8906185626983643,0.06482042321532794,obse
296,0.8934190273284912,0.06482042321532794,obse
297,0.8970184326171875,0.06334212616911428,obse
298,0.8999340534210205,0.06334212616911428,obse
299,0.9029242992401123,0.06334212616911428,obse
300,0.9057698249816895,0.06334212616911428,obse
301,0.908571720123291,0.06334212616911428,obse
302,0.911376953125,0.06334212616911428,obse
303,0.914299488067627,0.06334212616911428,obse
304,0.917039155960083,0.06334212616911428,obse
305,0.919891357421875,0.06334212616911428,obse
306,0.9226546287536621,0.06334212616911428,obse
307,0.9257528781890869,0.06332780119825085,obse
308,0.9285686016082764,0.06345551515832412,obse
309,0.9320929050445557,0.0636613340293425,obse
310,0.934943675994873,0.0636613340293425,obse
311,0.93788743019104,0.0636613340293425,obse
312,0.9408910274505615,0.06402107522363465,obse
313,0.9437859058380127,0.06402107522363465,obse
314,0.9467222690582275,0.06402107522363465,obse
315,0.9502174854278564,0.06525419665660158,obse
316,0.9529814720153809,0.06535502343663051,obse
317,0.9556896686553955,0.06535502343663051,obse
318,0.9591546058654785,0.06566416787604162,obse
319,0.9620683193206787,0.06566416787604162,obse
320,0.964911937713623,0.06566416787604162,obse
321,0.9677565097808838,0.06566416787604162,obse
322,0.9706094264984131,0.06566416787604162,obse
323,0.9734656810760498,0.06566416787604162,obse
324,0.9765353202819824,0.06539559811448192,obse
325,0.9796361923217773,0.06564655940835398,obse
326,0.9824850559234619,0.06564655940835398,obse
327,0.9852683544158936,0.06564655940835398,obse
328,0.9881298542022705,0.06564655940835398,obse
329,0.9912362098693848,0.06564370943773683,obse
330,0.9943897724151611,0.06564370943773683,obse
331,0.9972572326660156,0.06564370943773683,obse
332,1.000199317932129,0.06564711488138555,obse
333,1.0031111240386963,0.06564711488138555,obse
334,1.0061349868774414,0.06554220752595145,obse
335,1.0092062950134277,0.06367820240498262,obse
336,1.0122401714324951,0.06315539733549298,obse
337,1.0152578353881836,0.06315539733549298,obse
338,1.0181059837341309,0.06331747055495635,obse
339,1.0209825038909912,0.06331747055495635,obse
340,1.0238924026489258,0.063316638866296,obse
341,1.0270140171051025,0.06290990427486416,obse
342,1.0298376083374023,0.06290990427486416,obse
343,1.0327377319335938,0.06290990427486416,obse
344,1.0357117652893066,0.06290990427486416,obse
345,1.0387191772460938,0.06337572540903112,obse
346,1.0417349338531494,0.06337159301447619,obse
347,1.044510841369629,0.06337159301447619,obse
348,1.047619104385376,0.06337159301447619,obse
349,1.050607442855835,0.06312542194450595,obse
350,1.0534534454345703,0.06312542194450595,obse
351,1.0565826892852783,0.063100908558136,obse
352,1.059427261352539,0.063100908558136,obse
353,1.062265157699585,0.063100908558136,obse
354,1.065077543258667,0.063100908558136,obse
355,1.0678765773773193,0.063100908558136,obse
356,1.070744514465332,0.063100908558136,obse
357,1.0737080574035645,0.063100908558136,obse
358,1.0765571594238281,0.063100908558136,obse
359,1.0796008110046387,0.06329388649201352,obse
360,1.0830857753753662,0.0643257072011146,obse
361,1.0858337879180908,0.06432594136177838,obse
362,1.0886943340301514,0.06432594136177838,obse
363,1.091538667678833,0.06432594136177838,obse
364,1.0946171283721924,0.06431336137685488,obse
365,1.0975031852722168,0.06431336137685488,obse
366,1.1003730297088623,0.06431336137685488,obse
367,1.1034011840820312,0.06431336137685488,obse
368,1.106478214263916,0.06456657802910001,obse
369,1.1093356609344482,0.06456657802910001,obse
370,1.1123127937316895,0.06456657802910001,obse
371,1.1152408123016357,0.06445464840690038,obse
372,1.1181037425994873,0.06445464840690038,obse
373,1.1213080883026123,0.06432338105174489,obse
374,1.1242001056671143,0.06432338105174489,obse
375,1.1272382736206055,0.06432338105174489,obse
376,1.1302895545959473,0.06458807378653049,obse
377,1.1339964866638184,0.06435685880586998,obse
378,1.136826992034912,0.06312148273638579,obse
379,1.1399893760681152,0.06330852305014407,obse
380,1.1429033279418945,0.06330852305014407,obse
381,1.1458561420440674,0.06330852305014407,obse
382,1.1489107608795166,0.06342997673416136,obse
383,1.1517963409423828,0.06384342228547357,obse
384,1.1547608375549316,0.06384342228547357,obse
385,1.1580262184143066,0.06384342228547357,obse
386,1.1610345840454102,0.06352266057724643,obse
387,1.1640570163726807,0.06351628074062166,obse
388,1.1669437885284424,0.06351628074062166,obse
389,1.1698901653289795,0.06351628074062166,obse
390,1.1731822490692139,0.06353571739851271,obse
391,1.1760151386260986,0.06353571739851271,obse
392,1.1791930198669434,0.06362245549324765,obse
393,1.18221116065979,0.06362245549324765,obse
394,1.185089111328125,0.06362245549324765,obse
395,1.1880719661712646,0.06355473839529131,obse
396,1.1910123825073242,0.06355393386328023,obse
397,1.193965196609497,0.06355393386328023,obse
398,1.197618007659912,0.06381906593363283,obse
399,1.2004399299621582,0.06381906593363283,obse
400,1.20338773727417,0.06381906593363283,obse
401,1.2063584327697754,0.06442527022409704,obse
402,1.2092199325561523,0.06442527022409704,obse
403,1.2121708393096924,0.06442527022409704,obse
404,1.215419054031372,0.06429698599427973,obse
405,1.2184803485870361,0.06429698599427973,obse
406,1.2213704586029053,0.06463514991546804,obse
407,1.2242069244384766,0.06463514991546804,obse
408,1.227196455001831,0.06438497429665625,obse
409,1.2300643920898438,0.06438497429665625,obse
410,1.2329373359680176,0.06438497429665625,obse
411,1.2357356548309326,0.06438497429665625,obse
412,1.2386753559112549,0.06438497429665625,obse
413,1.2419958114624023,0.06447197071136689,obse
414,1.2448580265045166,0.06447197071136689,obse
415,1.2476918697357178,0.06447197071136689,obse
416,1.2505061626434326,0.06447197071136689,obse
417,1.253319263458252,0.06447197071136689,obse
418,1.256195306777954,0.06447197071136689,obse
419,1.2590157985687256,0.06447197071136689,obse
420,1.2618107795715332,0.06447197071136689,obse
421,1.2646784782409668,0.06447197071136689,obse
422,1.267918348312378,0.06446119318119926,obse
423,1.2707467079162598,0.06446119318119926,obse
424,1.2741546630859375,0.06558464270612356,obse
425,1.2769775390625,0.06558464270612356,obse
426,1.2797904014587402,0.06558464270612356,obse
427,1.2825427055358887,0.06558464270612356,obse
428,1.2857842445373535,0.06533426265897366,obse
429,1.288616418838501,0.06501012370876641,obse
430,1.2914764881134033,0.06501012370876641,obse
431,1.2944188117980957,0.06501012370876641,obse
432,1.297802448272705,0.06504245731773506,obse
433,1.3004796504974365,0.06504245731773506,obse
434,1.303253412246704,0.06504245731773506,obse
435,1.306074857711792,0.06539439101099757,obse
436,1.3088226318359375,0.06539439101099757,obse
437,1.3118362426757812,0.06537543228157638,obse
438,1.314591407775879,0.06537543228157638,obse
439,1.3174550533294678,0.06537543228157638,obse
440,1.3202598094940186,0.06537543228157638,obse
441,1.3230199813842773,0.06537543228157638,obse
442,1.3259398937225342,0.06517384040665114,obse
443,1.328751564025879,0.06517384040665114,obse
444,1.331843376159668,0.06517265871592166,obse
445,1.334606409072876,0.06517265871592166,obse
446,1.3373470306396484,0.06517265871592166,obse
447,1.3400957584381104,0.06517265871592166,obse
448,1.3432672023773193,0.06488486667213214,obse
449,1.3463315963745117,0.06347970038619712,obse
450,1.3490982055664062,0.06347970038619712,obse
451,1.3520777225494385,0.06404648698638674,obse
452,1.3551502227783203,0.06404648698638674,obse
453,1.3590257167816162,0.06427201543512205,obse
454,1.361954689025879,0.06427201543512205,obse
455,1.3648638725280762,0.06427201543512205,obse
456,1.3675932884216309,0.06427201543512205,obse
457,1.3702964782714844,0.06427201543512205,obse
458,1.3730952739715576,0.06427201543512205,obse
459,1.3758227825164795,0.06427201543512205,obse
460,1.3787155151367188,0.06427201543512205,obse
461,1.3815433979034424,0.06427201543512205,obse
462,1.3843975067138672,0.0643275535620037,obse
463,1.3871245384216309,0.0643275535620037,obse
464,1.389815330505371,0.0643275535620037,obse
465,1.3935155868530273,0.06437674429225167,obse
466,1.3962223529815674,0.06437674429225167,obse
467,1.3991506099700928,0.06409039274641326,obse
468,1.4019572734832764,0.06409039274641326,obse
469,1.4047105312347412,0.06409039274641326,obse
470,1.4074122905731201,0.06409039274641326,obse
471,1.4101810455322266,0.06409039274641326,obse
472,1.4134511947631836,0.06422130569909891,obse
473,1.4163610935211182,0.06459448690402302,obse
474,1.4191539287567139,0.06459448690402302,obse
475,1.421858787536621,0.06459448690402302,obse
476,1.4245977401733398,0.06459448690402302,obse
477,1.4273526668548584,0.06459448690402302,obse
478,1.4306960105895996,0.0642959539889042,obse
479,1.4335992336273193,0.06415877498489374,obse
480,1.4367644786834717,0.06416869236296997,obse
481,1.439828872680664,0.06453735526502798,obse
482,1.442643642425537,0.06453735526502798,obse
483,1.4454457759857178,0.06453735526502798,obse
484,1.4484930038452148,0.06433509254824134,obse
485,1.4513435363769531,0.06433509254824134,obse
486,1.454519510269165,0.06425230578074485,obse
487,1.4572944641113281,0.06425230578074485,obse
488,1.460172176361084,0.06426005498769294,obse
489,1.4630866050720215,0.06426005498769294,obse
490,1.466087818145752,0.06447356141300893,obse
491,1.468865156173706,0.06447356141300893,obse
492,1.471963882446289,0.06444672490554218,obse
493,1.4749119281768799,0.06443676078203933,obse
494,1.4778165817260742,0.06444961173134824,obse
495,1.4807333946228027,0.06444961173134824,obse
496,1.4837241172790527,0.06417332914177348,obse
497,1.4870333671569824,0.06417927802219492,obse
498,1.4901361465454102,0.0657965716779577,obse
499,1.493117094039917,0.0657965716779577,obse
500,1.4961893558502197,0.06590403614800312,obse
501,1.4990556240081787,0.06589873441446466,obse
502,1.5017831325531006,0.06589873441446466,obse
503,1.5048699378967285,0.06558979604218194,obse
504,1.5078883171081543,0.0655964633282315,obse
505,1.5105714797973633,0.0655964633282315,obse
506,1.513735294342041,0.06577232646670858,obse
507,1.5165972709655762,0.0657743492584293,obse
508,1.519376277923584,0.0657743492584293,obse
509,1.5226304531097412,0.06597264798675634,obse
510,1.5255236625671387,0.06597264798675634,obse
511,1.5287702083587646,0.06569463201026074,obse
512,1.5317533016204834,0.0657086035227508,obse
513,1.5345566272735596,0.06643381745582881,obse
514,1.5373451709747314,0.06643381745582881,obse
515,1.5402004718780518,0.06643381745582881,obse
516,1.5431921482086182,0.0664254458676039,obse
517,1.5460422039031982,0.0664254458676039,obse
518,1.54909348487854,0.06629048953456973,obse
519,1.5517823696136475,0.06629048953456973,obse
520,1.5547635555267334,0.0663164632657777,obse
521,1.5575547218322754,0.0663164632657777,obse
522,1.5605897903442383,0.06611242763323977,obse
523,1.563483476638794,0.06611242763323977,obse
524,1.5664234161376953,0.06601325497356368,obse
525,1.569183111190796,0.06601325497356368,obse
526,1.5722968578338623,0.06618443656790424,obse
527,1.575089454650879,0.06618443656790424,obse
528,1.577815055847168,0.06618443656790424,obse
529,1.5809950828552246,0.06614323508430715,obse
530,1.5837810039520264,0.06614323508430715,obse
531,1.5865318775177002,0.06614323508430715,obse
532,1.5895254611968994,0.06591387211724091,obse
533,1.592482328414917,0.06592518105715928,obse
534,1.5954015254974365,0.06592518105715928,obse
535,1.5984084606170654,0.06616334815237111,obse
536,1.6011195182800293,0.06616334815237111,obse
537,1.6042578220367432,0.06616334815237111,obse
538,1.6074998378753662,0.06379714411981761,obse
539,1.61027193069458,0.06379714411981761,obse
540,1.613743543624878,0.06353989445045997,obse
541,1.6167957782745361,0.06353989445045997,obse
542,1.6195189952850342,0.06353989445045997,obse
543,1.6224277019500732,0.06370123579975019,obse
544,1.625577688217163,0.06370180604126989,obse
545,1.6285362243652344,0.06370180604126989,obse
546,1.6316418647766113,0.06390123306885416,obse
547,1.6346917152404785,0.06389030874639001,obse
548,1.6376328468322754,0.06364282029416655,obse
549,1.6404850482940674,0.06364654791430382,obse
550,1.6433377265930176,0.06364654791430382,obse
551,1.6465110778808594,0.06374691771382747,obse
552,1.6494555473327637,0.06374691771382747,obse
553,1.6522839069366455,0.06374691771382747,obse
554,1.6555228233337402,0.06394969854247172,obse
555,1.6583664417266846,0.06394969854247172,obse
556,1.6615285873413086,0.06391763977990018,obse
557,1.664614200592041,0.06366084036489493,obse
558,1.6675341129302979,0.06393612610154197,obse
559,1.670417308807373,0.06393215726777306,obse
560,1.6732590198516846,0.0639370727493992,obse
561,1.676114797592163,0.0639370727493992,obse
562,1.6794426441192627,0.06453037067844795,obse
563,1.6824605464935303,0.06451454388247656,obse
564,1.6852083206176758,0.06451454388247656,obse
565,1.6881213188171387,0.06442326705596468,obse
566,1.691072940826416,0.06442326705596468,obse
567,1.6940429210662842,0.06443229515250715,obse
568,1.6976466178894043,0.06410140211833774,obse
569,1.7003228664398193,0.06410140211833774,obse
570,1.7030479907989502,0.06410140211833774,obse
571,1.7062406539916992,0.06448284724689289,obse
572,1.7090017795562744,0.06448284724689289,obse
573,1.7117767333984375,0.06448284724689289,obse
574,1.7147140502929688,0.06448284724689289,obse
575,1.7178387641906738,0.06440542775484452,obse
576,1.7207279205322266,0.06418233034879818,obse
577,1.7236714363098145,0.06418233034879818,obse
578,1.7266182899475098,0.06418233034879818,obse
579,1.7298777103424072,0.06438597387479826,obse
580,1.7328579425811768,0.06438597387479826,obse
581,1.7358989715576172,0.06437839083478153,obse
582,1.7391445636749268,0.06446033937021789,obse
583,1.7419648170471191,0.06373089057510357,obse
584,1.7449162006378174,0.06373089057510357,obse
585,1.7480788230895996,0.06351963819917421,obse
586,1.7510085105895996,0.06382796880119945,obse
587,1.7538087368011475,0.06382796880119945,obse
588,1.757049798965454,0.06393127505161253,obse
589,1.760056734085083,0.06393127505161253,obse
590,1.7629704475402832,0.06393127505161253,obse
591,1.766155481338501,0.06410431012736605,obse
592,1.7690670490264893,0.06410431012736605,obse
593,1.7720849514007568,0.06379906175774518,obse
594,1.7749583721160889,0.06379906175774518,obse
595,1.7776117324829102,0.06379906175774518,obse
596,1.780574083328247,0.06384421491901623,obse
597,1.78346848487854,0.06384421491901623,obse
598,1.7863516807556152,0.06384878142752086,obse
599,1.789414405822754,0.06416279575559049,obse
600,1.7921719551086426,0.06415043532534882,obse
601,1.7949025630950928,0.06415043532534882,obse
602,1.7978854179382324,0.06416479927611433,obse
603,1.8006494045257568,0.06416479927611433,obse
604,1.8034634590148926,0.06416479927611433,obse
605,1.806523084640503,0.06392603202826201,obse
606,1.8095474243164062,0.06355379988778868,obse
607,1.8127038478851318,0.06347397692433154,obse
608,1.8156218528747559,0.06401766111024036,obse
609,1.8182871341705322,0.06401766111024036,obse
610,1.821213722229004,0.06388370823387601,obse
611,1.824131965637207,0.06388370823387601,obse
612,1.8267951011657715,0.06388370823387601,obse
613,1.829704999923706,0.06362367917549998,obse
614,1.832524299621582,0.06362367917549998,obse
615,1.8352758884429932,0.06362367917549998,obse
616,1.8386282920837402,0.06397738208880902,obse
617,1.8415555953979492,0.06397738208880902,obse
618,1.8443944454193115,0.06397812389302288,obse
619,1.8473870754241943,0.06399014459985207,obse
620,1.8502285480499268,0.06399014459985207,obse
621,1.8528485298156738,0.06399014459985207,obse
622,1.8560206890106201,0.06362201942756798,obse
623,1.85874342918396,0.06362201942756798,obse
624,1.8615496158599854,0.0637314137968538,obse
625,1.864635705947876,0.0637318088345397,obse
626,1.8675973415374756,0.0637318088345397,obse
627,1.8703222274780273,0.0637318088345397,obse
628,1.8732542991638184,0.06371701467281254,obse
629,1.8761451244354248,0.06544888984344492,obse
630,1.8789091110229492,0.06544888984344492,obse
631,1.881859540939331,0.06589230088545439,obse
632,1.884592056274414,0.06589230088545439,obse
633,1.8874163627624512,0.0659428456228134,obse
634,1.890439748764038,0.06593978384256474,obse
635,1.893153190612793,0.06593978384256474,obse
636,1.896122932434082,0.0659254242277647,obse
637,1.8988533020019531,0.06619315123803975,obse
638,1.901479721069336,0.06619315123803975,obse
639,1.9044029712677002,0.06619315123803975,obse
640,1.9071671962738037,0.06590967813447234,obse
641,1.9097967147827148,0.06590967813447234,obse
642,1.9126272201538086,0.06584068413143444,obse
643,1.915372371673584,0.06584068413143444,obse
644,1.9180195331573486,0.06584068413143444,obse
645,1.920844316482544,0.06611339538224274,obse
646,1.9236342906951904,0.06609432117807332,obse
647,1.9264843463897705,0.06609432117807332,obse
648,1.9293737411499023,0.06592192501479452,obse
649,1.9325776100158691,0.06594046292445326,obse
650,1.935375452041626,0.06594046292445326,obse
651,1.9382750988006592,0.06583703419412937,obse
652,1.941136360168457,0.06359163714767997,obse
653,1.9437806606292725,0.06359163714767997,obse
654,1.9467692375183105,0.06379801893080604,obse
655,1.9495515823364258,0.06368920797569506,obse
656,1.9521667957305908,0.06368920797569506,obse
657,1.9550869464874268,0.06369081262234674,obse
658,1.9581918716430664,0.06370084900351655,obse
659,1.9608144760131836,0.06370084900351655,obse
660,1.9638261795043945,0.06335535199914369,obse
661,1.9669272899627686,0.06335535199914369,obse
662,1.9696323871612549,0.06335535199914369,obse
663,1.9727885723114014,0.06369585806870684,obse
664,1.975559949874878,0.06369585806870684,obse
665,1.9784300327301025,0.06369585806870684,obse
666,1.9815235137939453,0.06375883205197753,obse
667,1.9842445850372314,0.06375883205197753,obse
668,1.9871306419372559,0.06375883205197753,obse
669,1.9903640747070312,0.06345767638965111,obse
670,1.9930970668792725,0.06345767638965111,obse
671,1.9961447715759277,0.06360960701526767,obse
672,1.9991068840026855,0.06360960701526767,obse
673,2.0018868446350098,0.06360960701526767,obse
674,2.0050203800201416,0.06361036795518511,obse
675,2.0079996585845947,0.06372351665703958,obse
676,2.01069712638855,0.06372351665703958,obse
677,2.0137226581573486,0.06276685085054504,obse
678,2.0167195796966553,0.063730887342607,obse
679,2.0194506645202637,0.063730887342607,obse
680,2.0225343704223633,0.06367296845963027,obse
681,2.025463342666626,0.06367296845963027,obse
682,2.0282959938049316,0.06399713900719928,obse
683,2.031365156173706,0.06396585074984047,obse
684,2.0339913368225098,0.06396585074984047,obse
685,2.03690767288208,0.06376616979254464,obse
686,2.0399363040924072,0.06378946876538874,obse
687,2.0426158905029297,0.06378946876538874,obse
688,2.0454397201538086,0.06354717032316701,obse
689,2.0486762523651123,0.06355001107616175,obse
690,2.0514509677886963,0.06355001107616175,obse
691,2.05440092086792,0.0639161193851986,obse
692,2.0574593544006348,0.06389734445663156,obse
693,2.060129165649414,0.06389734445663156,obse
694,2.0632569789886475,0.06383463043931371,obse
695,2.066201686859131,0.06383958865957756,obse
696,2.0689706802368164,0.06383958865957756,obse
697,2.072019100189209,0.06538957304259485,obse
698,2.074953556060791,0.06559703041800378,obse
699,2.0777127742767334,0.06559703041800378,obse
700,2.080767869949341,0.06590476184977224,obse
701,2.0836496353149414,0.06597148722480672,obse
702,2.0865230560302734,0.06597148722480672,obse
703,2.0896971225738525,0.06587771639424106,obse
704,2.092755079269409,0.06587771639424106,obse
705,2.0955748558044434,0.06555818158332326,obse
706,2.0985779762268066,0.06557721496790825,obse
707,2.1012609004974365,0.06557721496790825,obse
708,2.104224920272827,0.06582325936222008,obse
709,2.1070637702941895,0.06582325936222008,obse
710,2.1097218990325928,0.06582325936222008,obse
711,2.1125986576080322,0.06593293676658278,obse
712,2.115675210952759,0.06593173686730454,obse
713,2.118319511413574,0.06593173686730454,obse
714,2.121154308319092,0.06574932220927562,obse
715,2.1245005130767822,0.06575012510551272,obse
716,2.1271729469299316,0.06575012510551272,obse
717,2.1302099227905273,0.06580036944848769,obse
718,2.1331422328948975,0.06580139601850321,obse
719,2.1358296871185303,0.06580139601850321,obse
720,2.138669729232788,0.06599383001807449,obse
721,2.141576051712036,0.06599383001807449,obse
722,2.144394636154175,0.06599383001807449,obse
723,2.1475305557250977,0.0637317321494986,obse
724,2.1503570079803467,0.0637317321494986,obse
725,2.153278350830078,0.06419164253711637,obse
726,2.1561119556427,0.06417926096891634,obse
727,2.1591360569000244,0.06418291962110759,obse
728,2.1622204780578613,0.06418291962110759,obse
729,2.1649556159973145,0.06418291962110759,obse
730,2.1676931381225586,0.06418291962110759,obse
731,2.1707346439361572,0.06444207090998458,obse
732,2.173652410507202,0.06419408868167069,obse
733,2.176619529724121,0.06419408868167069,obse
734,2.17971134185791,0.0641284398680937,obse
735,2.182425022125244,0.0641284398680937,obse
736,2.185286521911621,0.06413025426622113,obse
737,2.1883130073547363,0.06444020804704714,obse
738,2.1910500526428223,0.06444020804704714,obse
739,2.194024085998535,0.06442996269434582,obse
740,2.196910858154297,0.06442996269434582,obse
741,2.1995885372161865,0.06442996269434582,obse
742,2.2025938034057617,0.06428085843561829,obse
743,2.205543279647827,0.06508649920347367,obse
744,2.208545684814453,0.06492437719319327,obse
745,2.211221218109131,0.06492437719319327,obse
746,2.2141993045806885,0.06494324804487651,obse
747,2.2171788215637207,0.0652000212559489,obse
748,2.220003604888916,0.0652000212559489,obse
749,2.22310471534729,0.06518990901429866,obse
750,2.2259469032287598,0.06541172618448673,obse
751,2.2288501262664795,0.06541172618448673,obse
752,2.2316906452178955,0.06516643284360482,obse
753,2.2344348430633545,0.06516554947949257,obse
754,2.237377643585205,0.06516554947949257,obse
755,2.2404110431671143,0.06530230579257112,obse
756,2.243065118789673,0.06530230579257112,obse
757,2.245997428894043,0.06545994201760101,obse
758,2.248939275741577,0.06543919470315517,obse
759,2.2516467571258545,0.06543919470315517,obse
760,2.2544748783111572,0.06516505898004221,obse
761,2.25722599029541,0.06516505898004221,obse
762,2.259941816329956,0.06517486373629472,obse
763,2.2627944946289062,0.06517486373629472,obse
764,2.2656960487365723,0.06520113194309113,obse
765,2.2685160636901855,0.06520113194309113,obse
766,2.271444320678711,0.06419564297902088,obse
767,2.2743918895721436,0.06384453688717734,obse
768,2.2770497798919678,0.06384453688717734,obse
769,2.2799882888793945,0.06357675303746624,obse
770,2.2828712463378906,0.06357675303746624,obse
771,2.2855050563812256,0.06357675303746624,obse
772,2.288506507873535,0.06355597669418687,obse
773,2.2915844917297363,0.06355597669418687,obse
774,2.294283866882324,0.06355597669418687,obse
775,2.2970664501190186,0.06379936470453652,obse
776,2.299726724624634,0.06379936470453652,obse
777,2.3023955821990967,0.06379936470453652,obse
778,2.3052117824554443,0.06370747842341444,obse
779,2.3080005645751953,0.06370747842341444,obse
780,2.310697078704834,0.06370747842341444,obse
781,2.313552141189575,0.06343845021485421,obse
782,2.3162145614624023,0.06343845021485421,obse
783,2.318880319595337,0.06343845021485421,obse
784,2.3220930099487305,0.06379905452496024,obse
785,2.3248891830444336,0.06379905452496024,obse
786,2.327688455581665,0.06379998589385012,obse
787,2.33069109916687,0.06380636041262305,obse
788,2.333373546600342,0.06380636041262305,obse
789,2.3360209465026855,0.06380636041262305,obse
790,2.3392927646636963,0.06306488961758466,obse
791,2.342142105102539,0.06325303090882928,obse
792,2.3449788093566895,0.06325303090882928,obse
793,2.3481369018554688,0.06332457329983496,obse
794,2.3508522510528564,0.06332457329983496,obse
795,2.3536460399627686,0.06345449388069739,obse
796,2.356678009033203,0.06344067971143122,obse
797,2.3594553470611572,0.06344067971143122,obse
798,2.3622632026672363,0.06324118259489436,obse
799,2.365307569503784,0.06325400503929383,obse
800,2.3680474758148193,0.06325400503929383,obse
801,2.3709592819213867,0.0632904810679526,obse
802,2.3737993240356445,0.0632904810679526,obse
803,2.3765289783477783,0.0632904810679526,obse
804,2.379503011703491,0.06355198053724348,obse
805,2.382308006286621,0.06355198053724348,obse
806,2.3850200176239014,0.06355198053724348,obse
807,2.387981653213501,0.06325019422011816,obse
808,2.3909125328063965,0.0632738224606619,obse
809,2.3936057090759277,0.0632738224606619,obse
810,2.3966434001922607,0.06320886978873315,obse
811,2.39953351020813,0.06320886978873315,obse
812,2.4022154808044434,0.06515673025334855,obse
813,2.405189275741577,0.06546428763918942,obse
814,2.408146619796753,0.06469831625437387,obse
815,2.4109697341918945,0.06469831625437387,obse
816,2.413954973220825,0.06451725567073707,obse
817,2.4167592525482178,0.06451725567073707,obse
818,2.419555902481079,0.06451725567073707,obse
819,2.422592878341675,0.06434759569119955,obse
820,2.425457000732422,0.06434759569119955,obse
821,2.4282591342926025,0.06434759569119955,obse
822,2.4312195777893066,0.06466020939703386,obse
823,2.433964729309082,0.06466020939703386,obse
824,2.4367809295654297,0.06454475740777589,obse
825,2.439666509628296,0.06456096501349647,obse
826,2.442586898803711,0.06456096501349647,obse
827,2.445603609085083,0.06456096501349647,obse
828,2.4485208988189697,0.06426572915887796,obse
829,2.4511892795562744,0.06426572915887796,obse
830,2.4543237686157227,0.06460942666262928,obse
831,2.4572865962982178,0.06460942666262928,obse
832,2.460017442703247,0.06460942666262928,obse
833,2.4628489017486572,0.06460942666262928,obse
834,2.465787172317505,0.06466792308281115,obse
835,2.4685842990875244,0.06470902082943827,obse
836,2.4716029167175293,0.06441403526106153,obse
837,2.4744699001312256,0.0646596430607758,obse
838,2.477267026901245,0.0646596430607758,obse
839,2.480194568634033,0.0648860379540532,obse
840,2.4831857681274414,0.06487741015873387,obse
841,2.485978841781616,0.06487741015873387,obse
842,2.48903489112854,0.06496650563970793,obse
843,2.4921743869781494,0.06496650563970793,obse
844,2.4949822425842285,0.06472565153056115,obse
845,2.4977662563323975,0.06473775188985516,obse
846,2.5004770755767822,0.06473775188985516,obse
847,2.5032873153686523,0.06472709511821932,obse
848,2.5060908794403076,0.06473628446316704,obse
849,2.5088045597076416,0.06473628446316704,obse
850,2.5114920139312744,0.06473628446316704,obse
851,2.5143401622772217,0.06504042141450923,obse
852,2.5170278549194336,0.06504042141450923,obse
853,2.5199241638183594,0.06478990490924609,obse
854,2.5232560634613037,0.06479946858723937,obse
855,2.526157855987549,0.06479946858723937,obse
856,2.5291550159454346,0.06473025982602966,obse
857,2.532127857208252,0.06473025982602966,obse
858,2.534834861755371,0.06473025982602966,obse
859,2.5375943183898926,0.06439334207645903,obse
860,2.5405192375183105,0.06439334207645903,obse
861,2.5435245037078857,0.06426425508146237,obse
862,2.5464019775390625,0.06426425508146237,obse
863,2.549207925796509,0.06426425508146237,obse
864,2.552140474319458,0.06409129969716643,obse
865,2.5547854900360107,0.06409129969716643,obse
866,2.5578372478485107,0.06409129969716643,obse
867,2.5609982013702393,0.06400592412582219,obse
868,2.5637075901031494,0.06400592412582219,obse
869,2.5667786598205566,0.06400592412582219,obse
870,2.5696122646331787,0.06423937255712306,obse
871,2.572572946548462,0.06423134127447729,obse
872,2.575417995452881,0.06423134127447729,obse
873,2.578129291534424,0.06423134127447729,obse
874,2.5811831951141357,0.0641917780648416,obse
875,2.5842764377593994,0.06420427666074725,obse
876,2.587005853652954,0.06420427666074725,obse
877,2.5901620388031006,0.06396290593840492,obse
878,2.5931601524353027,0.0639734984984653,obse
879,2.5959224700927734,0.0639734984984653,obse
880,2.599039316177368,0.06415566336806014,obse
881,2.6018199920654297,0.0637635932313034,obse
882,2.6047751903533936,0.0637635932313034,obse
883,2.6078989505767822,0.0638420114031903,obse
884,2.6107099056243896,0.06353467233701675,obse
885,2.613739013671875,0.06353467233701675,obse
886,2.6165592670440674,0.06331498621610389,obse
887,2.6192922592163086,0.06331498621610389,obse
888,2.622174024581909,0.06332233785527579,obse
889,2.6251540184020996,0.0634109964537082,obse
890,2.6280806064605713,0.06340745923026414,obse
891,2.630971908569336,0.06340745923026414,obse
892,2.633908748626709,0.06340745923026414,obse
893,2.637077569961548,0.06357312618191796,obse
894,2.6398937702178955,0.06357312618191796,obse
895,2.642752170562744,0.06335706568031244,obse
896,2.6456522941589355,0.06336673600122066,obse
897,2.648474931716919,0.06336673600122066,obse
898,2.6516647338867188,0.0633562281939305,obse
899,2.654473304748535,0.0633562281939305,obse
900,2.657320022583008,0.0633562281939305,obse
901,2.660078287124634,0.0633562281939305,obse
902,2.6630477905273438,0.06357882525626538,obse
903,2.666140556335449,0.06333353673003583,obse
904,2.669196128845215,0.06498210299574404,obse
905,2.6722543239593506,0.06539635621106384,obse
906,2.675323963165283,0.06587679761972452,obse
907,2.6782288551330566,0.06587144043261099,obse
908,2.681297779083252,0.0657548797682751,obse
909,2.684216022491455,0.0657548797682751,obse
910,2.6870341300964355,0.0657548797682751,obse
911,2.690065860748291,0.0655751568888894,obse
912,2.692998170852661,0.0655751568888894,obse
913,2.6959474086761475,0.06586771202549939,obse
914,2.6989214420318604,0.06586771202549939,obse
915,2.701625108718872,0.06586771202549939,obse
916,2.7045605182647705,0.06585074361546131,obse
917,2.7072198390960693,0.06585074361546131,obse
918,2.7099545001983643,0.06585074361546131,obse
919,2.712888479232788,0.06565838697449541,obse
920,2.715552568435669,0.06565838697449541,obse
921,2.7182719707489014,0.06565838697449541,obse
922,2.721454381942749,0.0658152754268584,obse
923,2.724409580230713,0.0658152754268584,obse
924,2.7272708415985107,0.0658152754268584,obse
925,2.73039174079895,0.06588384421672719,obse
926,2.733246326446533,0.06588384421672719,obse
927,2.7359554767608643,0.06588384421672719,obse
928,2.7390477657318115,0.06496010135839178,obse
929,2.7419326305389404,0.06503883358624112,obse
930,2.744793653488159,0.06511260631943493,obse
931,2.7477874755859375,0.06513594594540896,obse
932,2.7505576610565186,0.06513594594540896,obse
933,2.753369092941284,0.06535530469164232,obse
934,2.7564072608947754,0.06534291130052296,obse
935,2.7594878673553467,0.06534291130052296,obse
936,2.7623684406280518,0.06509203734331839,obse
937,2.765338659286499,0.06509884281547684,obse
938,2.7680866718292236,0.06509884281547684,obse
939,2.7711074352264404,0.0650599217178931,obse
940,2.7740776538848877,0.0650599217178931,obse
941,2.776751756668091,0.0650599217178931,obse
942,2.7797067165374756,0.06532340194077255,obse
943,2.7825870513916016,0.06532340194077255,obse
944,2.7853152751922607,0.06532340194077255,obse
945,2.788479804992676,0.0651800952789288,obse
946,2.791537046432495,0.0651800952789288,obse
947,2.7942731380462646,0.0651800952789288,obse
948,2.7974371910095215,0.06503417216060965,obse
949,2.8002429008483887,0.06503417216060965,obse
950,2.80306077003479,0.06359813744946778,obse
951,2.806030035018921,0.06383421668757289,obse
952,2.80888032913208,0.063664128450576,obse
953,2.8116745948791504,0.06361007798609154,obse
954,2.81467342376709,0.06362732746965863,obse
955,2.8173861503601074,0.06362732746965863,obse
956,2.820450782775879,0.06362732746965863,obse
957,2.8234829902648926,0.06333047834056864,obse
958,2.8262100219726562,0.06333047834056864,obse
959,2.8292088508605957,0.06356978649848469,obse
960,2.8321473598480225,0.06356978649848469,obse
961,2.8347909450531006,0.06356978649848469,obse
962,2.837747573852539,0.06355992237132732,obse
963,2.84088134765625,0.06368178891617154,obse
964,2.843674659729004,0.06368178891617154,obse
965,2.8466649055480957,0.06342895457459816,obse
966,2.849611282348633,0.06342895457459816,obse
967,2.852534294128418,0.06342895457459816,obse
968,2.8556981086730957,0.06354828174979714,obse
969,2.8585076332092285,0.06354828174979714,obse
970,2.861237049102783,0.06354828174979714,obse
971,2.8643925189971924,0.0637206743275713,obse
972,2.8672337532043457,0.0637206743275713,obse
973,2.870242118835449,0.06437367304398614,obse
974,2.87339448928833,0.06488168096833245,obse
975,2.8761680126190186,0.06488168096833245,obse
976,2.87896990776062,0.06489184943528697,obse
977,2.882211923599243,0.06490014615658606,obse
978,2.8849408626556396,0.06490014615658606,obse
979,2.8878591060638428,0.06508536038527173,obse
980,2.890758514404297,0.06508536038527173,obse
981,2.893726348876953,0.06508536038527173,obse
982,2.8965225219726562,0.06490807822160417,obse
983,2.899198532104492,0.06490807822160417,obse
984,2.901968479156494,0.06490807822160417,obse
985,2.904836893081665,0.06487264209865001,obse
986,2.907515287399292,0.06487264209865001,obse
987,2.9102509021759033,0.06487264209865001,obse
988,2.913130521774292,0.06510554223484805,obse
989,2.915855646133423,0.06510554223484805,obse
990,2.918483257293701,0.06510554223484805,obse
991,2.9214131832122803,0.06492502087286259,obse
992,2.92464542388916,0.06492502087286259,obse
993,2.9273407459259033,0.06492502087286259,obse
994,2.930285692214966,0.06477088774387534,obse
995,2.9331214427948,0.06477088774387534,obse
996,2.935889482498169,0.06524727744563481,obse
997,2.938837766647339,0.0654852030000162,obse
998,2.941908121109009,0.06558005733725514,obse
999,2.944798469543457,0.06559043666234259,obse
1000,2.9478445053100586,0.06560197625365123,obse
1001,2.95058012008667,0.06560197625365123,obse
1002,2.9533634185791016,0.06560197625365123,obse
1003,2.9565019607543945,0.06536253059570758,obse
1004,2.9595072269439697,0.06536253059570758,obse
1005,2.96250581741333,0.0656100645405426,obse
1006,2.965576171875,0.0656100645405426,obse
1007,2.9682517051696777,0.0656100645405426,obse
1008,2.971311330795288,0.06566663413457072,obse
1009,2.9743518829345703,0.06565605689785549,obse
1010,2.9770748615264893,0.06565605689785549,obse
1011,2.980335235595703,0.06539423513583086,obse
1012,2.9832282066345215,0.06539423513583086,obse
1013,2.9859533309936523,0.06539423513583086,obse
1014,2.9890615940093994,0.06548205751017608,obse
1015,2.992060422897339,0.06548205751017608,obse
1016,2.994790554046631,0.06548205751017608,obse
1017,2.9978010654449463,0.06572470566547021,obse
1018,3.000588893890381,0.06572470566547021,obse
1019,3.003422498703003,0.06508817809618749,obse
1020,3.006627082824707,0.0650447228144274,obse
1021,3.0093445777893066,0.0650447228144274,obse
1022,3.012284517288208,0.06498142709660759,obse
1023,3.015228509902954,0.06497477327304753,obse
1024,3.017991781234741,0.06497477327304753,obse
1025,3.0209500789642334,0.06524181817791068,obse
1026,3.0238304138183594,0.06524181817791068,obse
1027,3.026700735092163,0.06524181817791068,obse
1028,3.0295846462249756,0.06525767048037624,obse
1029,3.0327165126800537,0.06509381781576197,obse
1030,3.0354342460632324,0.06509381781576197,obse
1031,3.0386834144592285,0.06489252978501743,obse
1032,3.0413949489593506,0.06489252978501743,obse
1033,3.044084310531616,0.06489252978501743,obse
1034,3.047349214553833,0.06521935143898246,obse
1035,3.050102472305298,0.06521935143898246,obse
1036,3.0529379844665527,0.06523661240049543,obse
1037,3.055983781814575,0.06524343256028324,obse
1038,3.0587854385375977,0.06524343256028324,obse
1039,3.0616989135742188,0.06490778756913936,obse
1040,3.0647974014282227,0.064916739363173,obse
1041,3.0675182342529297,0.064916739363173,obse
1042,3.0704498291015625,0.06454927959601926,obse
1043,3.073621988296509,0.06453977712549416,obse
1044,3.0765562057495117,0.06402175599916922,obse
1045,3.0795037746429443,0.0640655703618234,obse
1046,3.082637071609497,0.0640689821232066,obse
1047,3.0852720737457275,0.0640689821232066,obse
1048,3.088470697402954,0.06386360228810896,obse
1049,3.091776132583618,0.06386360228810896,obse
1050,3.0945987701416016,0.0639202986511183,obse
1051,3.097721815109253,0.0639202986511183,obse
1052,3.1007001399993896,0.06391033499843717,obse
1053,3.1036813259124756,0.06408098605391144,obse
1054,3.1068148612976074,0.06407721714647009,obse
1055,3.1095077991485596,0.06407721714647009,obse
1056,3.112588882446289,0.06384700221311326,obse
1057,3.115614175796509,0.06385824300779654,obse
1058,3.1182961463928223,0.06385824300779654,obse
1059,3.1212265491485596,0.06386966690586059,obse
1060,3.124624013900757,0.06388372877902843,obse
1061,3.127479076385498,0.06388372877902843,obse
1062,3.1307125091552734,0.06409866707364535,obse
1063,3.1336655616760254,0.06417041786528548,obse
1064,3.136524200439453,0.06395199257582716,obse
1065,3.139719247817993,0.06481849970634683,obse
1066,3.1424810886383057,0.06481849970634683,obse
1067,3.1453685760498047,0.06476915106055546,obse
1068,3.148509979248047,0.06476551100974325,obse
1069,3.151217460632324,0.06476551100974325,obse
1070,3.154047966003418,0.06506381004374517,obse
1071,3.1571900844573975,0.06506085486873511,obse
1072,3.1603126525878906,0.06506085486873511,obse
1073,3.1633553504943848,0.06491149327249579,obse
1074,3.166217088699341,0.06491149327249579,obse
1075,3.1689538955688477,0.06491149327249579,obse
1076,3.1722536087036133,0.06475710073015423,obse
1077,3.1750810146331787,0.06475710073015423,obse
1078,3.1779117584228516,0.06500585857087311,obse
1079,3.1810543537139893,0.06498023766459989,obse
1080,3.1839046478271484,0.06498023766459989,obse
1081,3.1867728233337402,0.06501972750897773,obse
1082,3.189929246902466,0.06502322693339233,obse
1083,3.1926541328430176,0.06502322693339233,obse
1084,3.1955926418304443,0.064723061095271,obse
1085,3.1987438201904297,0.06472821676959471,obse
1086,3.2015538215637207,0.06472821676959471,obse
1087,3.204622268676758,0.0653559656697039,obse
1088,3.207822799682617,0.06473523528180716,obse
1089,3.21061372756958,0.06473625301298278,obse
1090,3.213770627975464,0.06472676866757346,obse
1091,3.2166967391967773,0.06472676866757346,obse
1092,3.2194337844848633,0.06472676866757346,obse
1093,3.2226390838623047,0.06453462430713033,obse
1094,3.2255349159240723,0.06453462430713033,obse
1095,3.2284598350524902,0.0646403708416508,obse
1096,3.2315714359283447,0.06464591135199213,obse
1097,3.234358787536621,0.06464591135199213,obse
1098,3.237229347229004,0.06477215228926675,obse
1099,3.2404022216796875,0.06475312092979878,obse
1100,3.243096113204956,0.06475312092979878,obse
1101,3.2460103034973145,0.06454840811009775,obse
1102,3.249044179916382,0.06455981171216468,obse
1103,3.251725196838379,0.06455981171216468,obse
1104,3.254924774169922,0.06454506375093337,obse
1105,3.258084535598755,0.06454506375093337,obse
1106,3.2609639167785645,0.06454506375093337,obse
1107,3.2641608715057373,0.0648327009777425,obse
1108,3.267094135284424,0.0648327009777425,obse
1109,3.2698068618774414,0.0648327009777425,obse
1110,3.2730295658111572,0.06518350233565286,obse
1111,3.2758941650390625,0.0660234449441575,obse
1112,3.2788212299346924,0.0659084705156302,obse
1113,3.282088279724121,0.06590045949517043,obse
1114,3.2848849296569824,0.06591698771513817,obse
1115,3.287936210632324,0.0660988266457382,obse
1116,3.2911429405212402,0.0660988266457382,obse
1117,3.2940893173217773,0.0660988266457382,obse
1118,3.2969257831573486,0.06613589456069721,obse
1119,3.299567937850952,0.06613589456069721,obse
1120,3.302309274673462,0.06613589456069721,obse
1121,3.305255889892578,0.06585605880835087,obse
1122,3.3079628944396973,0.06585605880835087,obse
1123,3.3106796741485596,0.06585605880835087,obse
1124,3.3137173652648926,0.0659872772538242,obse
1125,3.3163750171661377,0.0659872772538242,obse
1126,3.3191187381744385,0.0659872772538242,obse
1127,3.3223721981048584,0.06609551323120605,obse
1128,3.3255105018615723,0.06609551323120605,obse
1129,3.328350305557251,0.06580143652561868,obse
1130,3.3315045833587646,0.06579936546306629,obse
1131,3.3343148231506348,0.0626020808199138,obse
1132,3.337033271789551,0.0626020808199138,obse
1133,3.339740514755249,0.0626020808199138,obse
1134,3.3427200317382812,0.06283987119372991,obse
1135,3.3455417156219482,0.06297804802977994,obse
1136,3.3483474254608154,0.06297804802977994,obse
1137,3.351003646850586,0.06297804802977994,obse
1138,3.35408616065979,0.06303124069731679,obse
1139,3.3571760654449463,0.06283953196636667,obse
1140,3.360071897506714,0.06283953196636667,obse
1141,3.3632378578186035,0.06285373214897363,obse
1142,3.3661038875579834,0.06285373214897363,obse
1143,3.3688910007476807,0.06287671035457244,obse
1144,3.3721141815185547,0.06287671035457244,obse
1145,3.374819755554199,0.0628892735949494,obse
1146,3.3778092861175537,0.06307594895414656,obse
1147,3.3808047771453857,0.06307594895414656,obse
1148,3.3838887214660645,0.06288849049165947,obse
1149,3.3868391513824463,0.06288849049165947,obse
1150,3.3897573947906494,0.06287090272037514,obse
1151,3.392711877822876,0.06286976249708488,obse
1152,3.395782470703125,0.06286976249708488,obse
1153,3.398625373840332,0.06286976249708488,obse
1154,3.4018990993499756,0.06314194016326241,obse
1155,3.404961109161377,0.06452891719741116,obse
1156,3.407972812652588,0.06455184046068287,obse
1157,3.4106688499450684,0.06455184046068287,obse
1158,3.4137167930603027,0.06451988772169694,obse
1159,3.4168307781219482,0.06439312385026887,obse
1160,3.419735908508301,0.06439312385026887,obse
1161,3.4226927757263184,0.06461643567760368,obse
1162,3.425801992416382,0.06461643567760368,obse
1163,3.42887282371521,0.06457045563285382,obse
1164,3.4317750930786133,0.0645759069568165,obse
1165,3.434922218322754,0.0645759069568165,obse
1166,3.438042640686035,0.06431087856279163,obse
1167,3.440943956375122,0.06431087856279163,obse
1168,3.443742275238037,0.06431087856279163,obse
1169,3.446845769882202,0.06462151974452177,obse
1170,3.4496984481811523,0.06462151974452177,obse
1171,3.45259165763855,0.06462151974452177,obse
1172,3.4555182456970215,0.06467651005850378,obse
1173,3.458277702331543,0.06467651005850378,obse
1174,3.461015462875366,0.06467651005850378,obse
1175,3.4640679359436035,0.0644301491650824,obse
1176,3.4669811725616455,0.0644301491650824,obse
1177,3.4698398113250732,0.0649920571130167,obse
1178,3.4728078842163086,0.0646802528007432,obse
1179,3.4756882190704346,0.0646802528007432,obse
1180,3.4785690307617188,0.0648373598440628,obse
1181,3.481750965118408,0.06482970986465393,obse
1182,3.484426498413086,0.06482970986465393,obse
1183,3.48722767829895,0.06464921809717002,obse
1184,3.4904403686523438,0.06464975118325325,obse
1185,3.4932472705841064,0.06464975118325325,obse
1186,3.4962873458862305,0.06452992014010651,obse
1187,3.499138116836548,0.06452992014010651,obse
1188,3.5018138885498047,0.06452992014010651,obse
1189,3.504913330078125,0.06486910316663505,obse
1190,3.507638931274414,0.06486910316663505,obse
1191,3.5103423595428467,0.06486910316663505,obse
1192,3.513327121734619,0.06466415192583155,obse
1193,3.5161986351013184,0.06466415192583155,obse
1194,3.5188255310058594,0.06466415192583155,obse
1195,3.521986961364746,0.06460090142187423,obse
1196,3.52522611618042,0.06460090142187423,obse
1197,3.5281362533569336,0.06460090142187423,obse
1198,3.531050682067871,0.06476346874586728,obse
1199,3.533841848373413,0.06476346874586728,obse
1200,3.5365734100341797,0.06476346874586728,obse
1201,3.539436101913452,0.06478181867005411,obse
1202,3.542076587677002,0.06478181867005411,obse
1203,3.544990301132202,0.06451681540801268,obse
1204,3.547718048095703,0.06453295726763465,obse
1205,3.550414562225342,0.06453295726763465,obse
1206,3.5531821250915527,0.06479272772192395,obse
1207,3.5565011501312256,0.06483230322226104,obse
1208,3.5594420433044434,0.06483230322226104,obse
1209,3.5622191429138184,0.0648494219283915,obse
1210,3.565302610397339,0.06485088639552579,obse
1211,3.5680787563323975,0.06485088639552579,obse
1212,3.5709617137908936,0.06461239606374304,obse
1213,3.5738797187805176,0.06461239606374304,obse
1214,3.576584815979004,0.06461239606374304,obse
1215,3.579587459564209,0.06475967367584431,obse
1216,3.5824134349823,0.06475967367584431,obse
1217,3.585214853286743,0.06475967367584431,obse
1218,3.588308572769165,0.06484670124782325,obse
1219,3.591252088546753,0.06484670124782325,obse
1220,3.5946505069732666,0.06484670124782325,obse
1221,3.5983402729034424,0.06455438835020044,obse
1222,3.6018893718719482,0.06455438835020044,obse
1223,3.605067491531372,0.06464871177433275,obse
1224,3.607889175415039,0.06464871177433275,obse
1225,3.6107146739959717,0.06593382041006375,obse
1226,3.6138856410980225,0.06550093886587068,obse
1227,3.6168038845062256,0.06550093886587068,obse
1228,3.619537353515625,0.06550093886587068,obse
1229,3.622528076171875,0.06528582124670287,obse
1230,3.6254663467407227,0.06528582124670287,obse
1231,3.6282598972320557,0.06528582124670287,obse
1232,3.631194591522217,0.06525157883728135,obse
1233,3.6340489387512207,0.06525157883728135,obse
1234,3.6370317935943604,0.06550723238595907,obse
1235,3.639949083328247,0.06550157079782958,obse
1236,3.6426258087158203,0.06550157079782958,obse
1237,3.6455743312835693,0.06532240788345282,obse
1238,3.6486222743988037,0.06534097348877407,obse
1239,3.651278257369995,0.06534097348877407,obse
1240,3.6542084217071533,0.06519245036425166,obse
1241,3.6571762561798096,0.06519245036425166,obse
1242,3.659872531890869,0.06519245036425166,obse
1243,3.6628577709198,0.06551767757598065,obse
1244,3.665707588195801,0.06551767757598065,obse
1245,3.6684224605560303,0.06551767757598065,obse
1246,3.671438455581665,0.06462692828725951,obse
1247,3.674370765686035,0.06367590270395608,obse
1248,3.677084445953369,0.06367590270395608,obse
1249,3.6800997257232666,0.06339058648747267,obse
1250,3.683000087738037,0.06339200621307658,obse
1251,3.6857645511627197,0.06339200621307658,obse
1252,3.6889607906341553,0.06369503369671074,obse
1253,3.691836357116699,0.06369503369671074,obse
1254,3.694662094116211,0.06369503369671074,obse
1255,3.697718620300293,0.06369837924609727,obse
1256,3.7004153728485107,0.06369837924609727,obse
1257,3.703326463699341,0.06339268643632523,obse
1258,3.7063727378845215,0.06340360096414793,obse
1259,3.7090959548950195,0.06340360096414793,obse
1260,3.7119617462158203,0.06347144544551647,obse
1261,3.715010166168213,0.06346222419603646,obse
1262,3.717703342437744,0.06346222419603646,obse
1263,3.7205350399017334,0.06371515320098176,obse
1264,3.7236733436584473,0.0636977882907215,obse
1265,3.7264797687530518,0.0636977882907215,obse
1266,3.729456901550293,0.06344083554230916,obse
1267,3.7321548461914062,0.06344083554230916,obse
1268,3.7349090576171875,0.06344083554230916,obse
1269,3.73763108253479,0.06344083554230916,obse
1270,3.740636110305786,0.06339151369491046,obse
1271,3.7433760166168213,0.06338875593072077,obse
1272,3.7461774349212646,0.06338875593072077,obse
1273,3.7488925457000732,0.06338875593072077,obse
1274,3.7517712116241455,0.06371568384413145,obse
1275,3.7545816898345947,0.06369963226194687,obse
1276,3.7578704357147217,0.06547438954111398,obse
1277,3.7605834007263184,0.06525581780329837,obse
1278,3.7633864879608154,0.06525581780329837,obse
1279,3.76641583442688,0.0652637156809157,obse
1280,3.769195795059204,0.06524512248205187,obse
1281,3.772139310836792,0.06524512248205187,obse
1282,3.7751076221466064,0.06525111558863629,obse
1283,3.7780513763427734,0.06540687317897102,obse
1284,3.780796527862549,0.06540687317897102,obse
1285,3.7836549282073975,0.06540687317897102,obse
1286,3.786604881286621,0.06546163475071551,obse
1287,3.789442539215088,0.06546163475071551,obse
1288,3.792311906814575,0.06546163475071551,obse
1289,3.7950730323791504,0.06546163475071551,obse
1290,3.7980453968048096,0.06512695213531698,obse
1291,3.8010120391845703,0.06512695213531698,obse
1292,3.8039040565490723,0.06646125691780307,obse
1293,3.806920051574707,0.0651142939048671,obse
1294,3.8096556663513184,0.0651142939048671,obse
1295,3.8126988410949707,0.06516931968551605,obse
1296,3.8155863285064697,0.06517377213717493,obse
1297,3.818436622619629,0.06517377213717493,obse
1298,3.8211634159088135,0.06495676142388228,obse
1299,3.8241381645202637,0.06495305036206915,obse
1300,3.826993942260742,0.06495305036206915,obse
1301,3.8296759128570557,0.06498772527005404,obse
1302,3.832594156265259,0.06498772527005404,obse
1303,3.835681915283203,0.06529927893542554,obse
1304,3.8384816646575928,0.06529927893542554,obse
1305,3.8414926528930664,0.06528619357320598,obse
1306,3.8443400859832764,0.06497774284476697,obse
1307,3.847158432006836,0.06497999340978838,obse
1308,3.8500373363494873,0.06497999340978838,obse
1309,3.852797269821167,0.06497999340978838,obse
1310,3.85579252243042,0.0650556342975797,obse
1311,3.8586313724517822,0.0650556342975797,obse
1312,3.86153507232666,0.0650556342975797,obse
1313,3.864203929901123,0.06526016786170309,obse
1314,3.8670854568481445,0.06526016786170309,obse
1315,3.8700108528137207,0.06434407765052182,obse
1316,3.8731231689453125,0.06396278843725367,obse
1317,3.8760697841644287,0.06344434165148853,obse
1318,3.879197120666504,0.06338694762287789,obse
1319,3.882213592529297,0.06372937886715631,obse
1320,3.885014533996582,0.06372937886715631,obse
1321,3.887887716293335,0.06347723546908515,obse
1322,3.8907477855682373,0.06347723546908515,obse
1323,3.893641471862793,0.06347723546908515,obse
1324,3.8967232704162598,0.06337907771216081,obse
1325,3.8995370864868164,0.06337907771216081,obse
1326,3.902221441268921,0.06337907771216081,obse
1327,3.9052653312683105,0.06356042802484957,obse
1328,3.908259630203247,0.06356042802484957,obse
1329,3.910996913909912,0.06356042802484957,obse
1330,3.9141438007354736,0.06358207716180424,obse
1331,3.9170339107513428,0.06358207716180424,obse
1332,3.919802665710449,0.06339079759591844,obse
1333,3.922788381576538,0.0633929662195425,obse
1334,3.9258410930633545,0.0633929662195425,obse
1335,3.9286961555480957,0.06361616138968144,obse
1336,3.931406259536743,0.06361616138968144,obse
1337,3.934067487716675,0.06361616138968144,obse
1338,3.937222957611084,0.06364246142218835,obse
1339,3.939970016479492,0.06364182590574911,obse
1340,3.942659378051758,0.06364182590574911,obse
1341,3.945474863052368,0.06336222255353467,obse
1342,3.9483470916748047,0.06336896391891989,obse
1343,3.9512929916381836,0.06513504373646731,obse
1344,3.9545228481292725,0.06522831476214007,obse
1345,3.9574952125549316,0.06522831476214007,obse
1346,3.9603326320648193,0.06522831476214007,obse
1347,3.9632437229156494,0.06546228369588827,obse
1348,3.9661810398101807,0.06546228369588827,obse
1349,3.968911647796631,0.06546228369588827,obse
1350,3.971947193145752,0.06519368741762163,obse
1351,3.974837303161621,0.06519368741762163,obse
1352,3.9776253700256348,0.06519368741762163,obse
1353,3.98054838180542,0.0651435862986937,obse
1354,3.9834144115448,0.0651435862986937,obse
1355,3.9862282276153564,0.0651435862986937,obse
1356,3.98926043510437,0.06546065323349351,obse
1357,3.992135524749756,0.06546065323349351,obse
1358,3.994917392730713,0.06519009626594816,obse
1359,3.9980814456939697,0.06520523526503148,obse
1360,4.000843048095703,0.06425522906017041,obse
1361,4.003742218017578,0.06425384924454877,obse
1362,4.0067291259765625,0.06526571072373911,obse
1363,4.009464740753174,0.06526571072373911,obse
1364,4.01237416267395,0.06550375960151751,obse
1365,4.015347003936768,0.06548737706822166,obse
1366,4.018150329589844,0.06548737706822166,obse
1367,4.020975112915039,0.06533306275069327,obse
1368,4.024149179458618,0.06533771573126322,obse
1369,4.0268778800964355,0.06533771573126322,obse
1370,4.0299012660980225,0.06517893961039842,obse
1371,4.032740831375122,0.06517893961039842,obse
1372,4.035545110702515,0.06517893961039842,obse
1373,4.038668155670166,0.06542004639732993,obse
1374,4.041430234909058,0.06542004639732993,obse
1375,4.044200658798218,0.06542004639732993,obse
1376,4.047191619873047,0.06545524091269635,obse
1377,4.050035715103149,0.06545524091269635,obse
1378,4.052728891372681,0.06545524091269635,obse
1379,4.0557262897491455,0.06519692128809375,obse
1380,4.058748483657837,0.06519692128809375,obse
1381,4.061650037765503,0.06540153029512166,obse
1382,4.0645716190338135,0.06540594075714262,obse
1383,4.067347764968872,0.06440964662077765,obse
1384,4.070281744003296,0.06454133253682656,obse
1385,4.073192358016968,0.06443522129839915,obse
1386,4.076066493988037,0.06443522129839915,obse
1387,4.079185724258423,0.06415738877970117,obse
1388,4.082091331481934,0.06415738877970117,obse
1389,4.084888458251953,0.06415738877970117,obse
1390,4.087842226028442,0.06423134836354641,obse
1391,4.090816020965576,0.06423134836354641,obse
1392,4.093520402908325,0.06423134836354641,obse
1393,4.096592664718628,0.06448246129286238,obse
1394,4.099454402923584,0.06448246129286238,obse
1395,4.10213303565979,0.06448246129286238,obse
1396,4.105212926864624,0.06426338262437872,obse
1397,4.108021259307861,0.06426338262437872,obse
1398,4.1107141971588135,0.06426338262437872,obse
1399,4.113763809204102,0.06407271492350365,obse
1400,4.116674900054932,0.06407271492350365,obse
1401,4.119369745254517,0.06407271492350365,obse
1402,4.122436761856079,0.06441922137008413,obse
1403,4.125441312789917,0.06441922137008413,obse
1404,4.128354072570801,0.0642372350408074,obse
1405,4.131051301956177,0.06426301628528013,obse
1406,4.133792877197266,0.06426301628528013,obse
1407,4.136586427688599,0.06426301628528013,obse
1408,4.139448642730713,0.06413208594649274,obse
1409,4.142100811004639,0.06413208594649274,obse
1410,4.14496374130249,0.0643728748674673,obse
1411,4.1480371952056885,0.06437005092969403,obse
1412,4.150696277618408,0.06455503546066434,obse
1413,4.153592586517334,0.0644698274635227,obse
1414,4.1565752029418945,0.06447349903377758,obse
1415,4.159674406051636,0.06447349903377758,obse
1416,4.162607669830322,0.06425127312340975,obse
1417,4.165464162826538,0.06425127312340975,obse
1418,4.1682233810424805,0.06425127312340975,obse
1419,4.171173572540283,0.06448940606220642,obse
1420,4.173999786376953,0.06448940606220642,obse
1421,4.176801919937134,0.06448940606220642,obse
1422,4.179837465286255,0.06455257579678447,obse
1423,4.182700157165527,0.06455257579678447,obse
1424,4.185453653335571,0.06455257579678447,obse
1425,4.188498497009277,0.06430612100973787,obse
1426,4.191763401031494,0.06430612100973787,obse
1427,4.194484233856201,0.06430612100973787,obse
1428,4.197607517242432,0.0644857435933942,obse
1429,4.200392723083496,0.0644857435933942,obse
1430,4.20321798324585,0.0643403404298679,obse
1431,4.2062273025512695,0.06407550349012461,obse
1432,4.209085464477539,0.06407550349012461,obse
1433,4.211905002593994,0.06377778176922047,obse
1434,4.214849472045898,0.06379381129849655,obse
1435,4.217622995376587,0.06379381129849655,obse
1436,4.2204999923706055,0.06381177255776,obse
1437,4.223500490188599,0.06380983929015954,obse
1438,4.2262067794799805,0.06380983929015954,obse
1439,4.229205131530762,0.06401477818992715,obse
1440,4.23232364654541,0.06401477818992715,obse
1441,4.235135078430176,0.06401477818992715,obse
1442,4.238128423690796,0.06379745833490558,obse
1443,4.240947723388672,0.06379745833490558,obse
1444,4.243644952774048,0.06379745833490558,obse
1445,4.246802568435669,0.06373214527494458,obse
1446,4.249603986740112,0.06373214527494458,obse
1447,4.252274751663208,0.06373214527494458,obse
1448,4.255310297012329,0.06400388675236666,obse
1449,4.258188962936401,0.06400388675236666,obse
1450,4.260871171951294,0.06400388675236666,obse
1451,4.263982057571411,0.0638692544913898,obse
1452,4.266899585723877,0.0638692544913898,obse
1453,4.269718408584595,0.06379218257339354,obse
1454,4.272663831710815,0.06359785998170038,obse
1455,4.275467872619629,0.0642537904176447,obse
1456,4.2786126136779785,0.06447580093336361,obse
1457,4.2816994190216064,0.06447580093336361,obse
1458,4.284358024597168,0.06447580093336361,obse
1459,4.287290573120117,0.06453945465959379,obse
1460,4.290437459945679,0.06454949374144502,obse
1461,4.293150186538696,0.06454949374144502,obse
1462,4.296104192733765,0.0642561287380485,obse
1463,4.299138307571411,0.06426132959534378,obse
1464,4.301831483840942,0.06426132959534378,obse
1465,4.304816007614136,0.06445136228981657,obse
1466,4.3077123165130615,0.06445136228981657,obse
1467,4.310396671295166,0.06445136228981657,obse
1468,4.313702344894409,0.06455304308121719,obse
1469,4.3166728019714355,0.06455304308121719,obse
1470,4.319519519805908,0.06455304308121719,obse
1471,4.322785139083862,0.06430571630398084,obse
1472,4.325868129730225,0.06430571630398084,obse
1473,4.3287270069122314,0.0643725640964306,obse
1474,4.331538438796997,0.06439396811071538,obse
1475,4.3342413902282715,0.06439396811071538,obse
1476,4.336977005004883,0.06439396811071538,obse
1477,4.33981990814209,0.0645998960695952,obse
1478,4.342528343200684,0.0645998960695952,obse
1479,4.34537935256958,0.06432872728775374,obse
1480,4.348201274871826,0.06434463402281791,obse
1481,4.350890159606934,0.06434463402281791,obse
1482,4.353732585906982,0.0643862729996489,obse
1483,4.357264041900635,0.06580057933153785,obse
1484,4.360114336013794,0.06580057933153785,obse
1485,4.363257884979248,0.06605998240984845,obse
1486,4.366190433502197,0.06605998240984845,obse
1487,4.36897873878479,0.06605998240984845,obse
1488,4.3722028732299805,0.0658018856222526,obse
1489,4.374929666519165,0.0658018856222526,obse
1490,4.377715587615967,0.0658018856222526,obse
1491,4.380987167358398,0.06568551022539217,obse
1492,4.383899927139282,0.06568551022539217,obse
1493,4.386765003204346,0.06600498228113065,obse
1494,4.390494108200073,0.06598665180645269,obse
1495,4.393269300460815,0.06598665180645269,obse
1496,4.396983623504639,0.06589298959425167,obse
1497,4.3999011516571045,0.06589298959425167,obse
1498,4.402705669403076,0.06589298959425167,obse
1499,4.405916690826416,0.06459892037554506,obse
1500,4.408736228942871,0.06461808973359967,obse
1501,4.4117326736450195,0.06481993585108192,obse
1502,4.414867877960205,0.06478141361353415,obse
1503,4.418045997619629,0.06478141361353415,obse
1504,4.421287536621094,0.06488955908260294,obse
1505,4.424357175827026,0.06488955908260294,obse
1506,4.427235126495361,0.06488955908260294,obse
1507,4.430464267730713,0.06461277244874575,obse
1508,4.433305263519287,0.06461277244874575,obse
1509,4.436061859130859,0.06461277244874575,obse
1510,4.439224720001221,0.06473653422904263,obse
1511,4.44195294380188,0.06473653422904263,obse
1512,4.444850921630859,0.06495616700343872,obse
1513,4.4479734897613525,0.06493487833444299,obse
1514,4.450779438018799,0.06493487833444299,obse
1515,4.453618049621582,0.06465875505782959,obse
1516,4.456815481185913,0.06467768377970617,obse
1517,4.459665298461914,0.06467768377970617,obse
1518,4.4625773429870605,0.06467893191405631,obse
1519,4.465581655502319,0.0646911345489978,obse
1520,4.46841287612915,0.0646911345489978,obse
1521,4.47147274017334,0.06583572257091061,obse
1522,4.474417209625244,0.06581380001696867,obse
1523,4.477204084396362,0.06581380001696867,obse
1524,4.481053829193115,0.06561048721754517,obse
1525,4.483800888061523,0.06561048721754517,obse
1526,4.486760377883911,0.06549242886325321,obse
1527,4.489871501922607,0.06549276291041477,obse
1528,4.492590427398682,0.06549276291041477,obse
1529,4.495387315750122,0.06578770804734042,obse
1530,4.498472452163696,0.06577792193470117,obse
1531,4.501204013824463,0.06577792193470117,obse
1532,4.504130601882935,0.06570453711764938,obse
1533,4.507042169570923,0.06570453711764938,obse
1534,4.50982928276062,0.06570453711764938,obse
1535,4.512812614440918,0.06535985513418804,obse
1536,4.5157151222229,0.06535985513418804,obse
1537,4.51846718788147,0.06535985513418804,obse
1538,4.521427392959595,0.06570330732994581,obse
1539,4.524408340454102,0.06570330732994581,obse
1540,4.527237415313721,0.06570330732994581,obse
1541,4.530335426330566,0.0657563321325647,obse
1542,4.5330681800842285,0.0657563321325647,obse
1543,4.5357441902160645,0.0657563321325647,obse
1544,4.538464546203613,0.0657563321325647,obse
1545,4.541946172714233,0.06553533413585379,obse
1546,4.544837951660156,0.06553936604302153,obse
1547,4.547658681869507,0.06553936604302153,obse
1548,4.550731897354126,0.0657394767210632,obse
1549,4.553506374359131,0.0657394767210632,obse
1550,4.55640983581543,0.0657394767210632,obse
1551,4.559380769729614,0.06574603496766514,obse
1552,4.562480926513672,0.06541204462679379,obse
1553,4.565419673919678,0.06541204462679379,obse
1554,4.568463563919067,0.06516130027695088,obse
1555,4.571933031082153,0.06516130027695088,obse
1556,4.574915409088135,0.06526123318712602,obse
1557,4.577890157699585,0.06526123318712602,obse
1558,4.580816984176636,0.06526123318712602,obse
1559,4.5835607051849365,0.06526123318712602,obse
1560,4.586894989013672,0.06547746903253178,obse
1561,4.590029239654541,0.06547746903253178,obse
1562,4.593534469604492,0.06525302604340591,obse
1563,4.596750497817993,0.06525302604340591,obse
1564,4.599912643432617,0.06525302604340591,obse
1565,4.603321552276611,0.06435636606960238,obse
1566,4.606464385986328,0.06375086224106942,obse
1567,4.6094183921813965,0.06411901548715963,obse
1568,4.6127495765686035,0.06410712836747838,obse
1569,4.615901470184326,0.06407270357136884,obse
1570,4.618973016738892,0.0638709206534158,obse
1571,4.62192964553833,0.0638709206534158,obse
1572,4.624920606613159,0.0638709206534158,obse
1573,4.628481388092041,0.06378972702126928,obse
1574,4.631251335144043,0.06378972702126928,obse
1575,4.634355545043945,0.06409718180712222,obse
1576,4.637281179428101,0.06406030379172785,obse
1577,4.640135765075684,0.06406030379172785,obse
1578,4.643325567245483,0.06397163631420735,obse
1579,4.646172285079956,0.06399351231323522,obse
1580,4.649234771728516,0.06399351231323522,obse
1581,4.652137756347656,0.06399351231323522,obse
1582,4.655442953109741,0.06399351231323522,obse
1583,4.658627986907959,0.06367718942956949,obse
1584,4.661552429199219,0.06367718942956949,obse
1585,4.664510250091553,0.06385864667582485,obse
1586,4.667468309402466,0.06384551380733039,obse
1587,4.670446872711182,0.06400191362917064,obse
1588,4.673455715179443,0.06387358541503556,obse
1589,4.676777362823486,0.06363173078568156,obse
1590,4.680004358291626,0.06377055090219333,obse
1591,4.683385133743286,0.06377055090219333,obse
1592,4.686169385910034,0.06377055090219333,obse
1593,4.689271450042725,0.06399663247946745,obse
1594,4.6924214363098145,0.06399663247946745,obse
1595,4.695545673370361,0.06372804889710922,obse
1596,4.6985814571380615,0.06374495243471114,obse
1597,4.701359987258911,0.06374495243471114,obse
1598,4.704286098480225,0.06378374368485329,obse
1599,4.707256555557251,0.06378374368485329,obse
1600,4.710128545761108,0.06378374368485329,obse
1601,4.713427305221558,0.06405427209527875,obse
1602,4.7168288230896,0.06405427209527875,obse
1603,4.719802379608154,0.06377382914755945,obse
1604,4.723042249679565,0.06377125421643129,obse
1605,4.726216554641724,0.06377125421643129,obse
1606,4.729442834854126,0.06376797997848993,obse
1607,4.7322258949279785,0.06376797997848993,obse
1608,4.734975337982178,0.06376797997848993,obse
1609,4.737961053848267,0.06398810338750863,obse
1610,4.740989923477173,0.06398810338750863,obse
1611,4.743942499160767,0.06398810338750863,obse
1612,4.747131109237671,0.06389438312794204,obse
1613,4.750348806381226,0.06389438312794204,obse
1614,4.7532126903533936,0.06369948227457715,obse
1615,4.756798267364502,0.06412405972430721,obse
1616,4.760030746459961,0.06412405972430721,obse
1617,4.7630908489227295,0.06425111925945134,obse
1618,4.7660253047943115,0.06425111925945134,obse
1619,4.768722295761108,0.06425111925945134,obse
1620,4.771942853927612,0.06438191160655292,obse
1621,4.774818420410156,0.06438191160655292,obse
1622,4.7775444984436035,0.06438191160655292,obse
1623,4.780810117721558,0.06411264229519098,obse
1624,4.783669710159302,0.06411264229519098,obse
1625,4.786584138870239,0.06411264229519098,obse
1626,4.789710283279419,0.0643171412187526,obse
1627,4.792802095413208,0.0643171412187526,obse
1628,4.79576563835144,0.06440584482798203,obse
1629,4.798828125,0.06440842280913552,obse
1630,4.801624298095703,0.06440842280913552,obse
1631,4.804595232009888,0.06412987429117806,obse
1632,4.8078293800354,0.06448765462062903,obse
1633,4.810841798782349,0.06448765462062903,obse
1634,4.814425945281982,0.06455542896325273,obse
1635,4.817267417907715,0.06455542896325273,obse
1636,4.820324897766113,0.06478491877067132,obse
1637,4.823393821716309,0.06477042080940092,obse
1638,4.826399326324463,0.06477042080940092,obse
1639,4.829745054244995,0.06450813982401725,obse
1640,4.832801818847656,0.06451202507236313,obse
1641,4.83563756942749,0.06451202507236313,obse
1642,4.838609218597412,0.06454080216931812,obse
1643,4.84160041809082,0.06454080216931812,obse
1644,4.844465255737305,0.06473592847238584,obse
1645,4.848296642303467,0.06471944788679941,obse
1646,4.851929187774658,0.06471944788679941,obse
1647,4.855760812759399,0.06455832390880421,obse
1648,4.859291076660156,0.06455832390880421,obse
1649,4.862588882446289,0.0644664679888628,obse
1650,4.86572003364563,0.06446830011810444,obse
1651,4.868447780609131,0.06446830011810444,obse
1652,4.87147068977356,0.06473187258749237,obse
1653,4.874989032745361,0.06473187258749237,obse
1654,4.878490924835205,0.06495876781385897,obse
1655,4.881635427474976,0.06504091160446611,obse
1656,4.884333372116089,0.06504091160446611,obse
1657,4.887210369110107,0.06485923126795382,obse
1658,4.890313148498535,0.06486454876762149,obse
1659,4.89303994178772,0.06486454876762149,obse
1660,4.89609169960022,0.06510181144423685,obse
1661,4.8989386558532715,0.06510181144423685,obse
1662,4.9016945362091064,0.06510181144423685,obse
1663,4.9046454429626465,0.06504860990422111,obse
1664,4.907578468322754,0.06505060549581473,obse
1665,4.91034722328186,0.06505060549581473,obse
1666,4.91334867477417,0.06487170121772229,obse
1667,4.916208028793335,0.06487170121772229,obse
1668,4.918919801712036,0.06487170121772229,obse
1669,4.922029256820679,0.06502850550026443,obse
1670,4.925039052963257,0.06502850550026443,obse
1671,4.92783260345459,0.06515730778762545,obse
1672,4.930880308151245,0.06514845417492852,obse
1673,4.933618068695068,0.06514845417492852,obse
1674,4.936373472213745,0.06514845417492852,obse
1675,4.939327001571655,0.0648825364849974,obse
1676,4.942066431045532,0.0648825364849974,obse
1677,4.944836378097534,0.0648825364849974,obse
1678,4.9476234912872314,0.06497508079603442,obse
1679,4.950369596481323,0.06497508079603442,obse
1680,4.953256845474243,0.06498187087776051,obse
1681,4.9561076164245605,0.06518547049720874,obse
1682,4.959479093551636,0.06590535890757596,obse
1683,4.962527751922607,0.06590535890757596,obse
1684,4.965409994125366,0.06560186176141325,obse
1685,4.968224048614502,0.06560186176141325,obse
1686,4.9712512493133545,0.06560186176141325,obse
1687,4.974190711975098,0.06563357963315512,obse
1688,4.977039337158203,0.06563357963315512,obse
1689,4.9797563552856445,0.06563357963315512,obse
1690,4.982835531234741,0.06584076593604411,obse
1691,4.985631942749023,0.06584076593604411,obse
1692,4.988403081893921,0.06584076593604411,obse
1693,4.9915611743927,0.06566142755217898,obse
1694,4.994471311569214,0.06566980224299122,obse
1695,4.997282028198242,0.06566980224299122,obse
1696,4.99996280670166,0.06566980224299122,obse
1697,5.003125190734863,0.06555362172604993,obse
1698,5.005959510803223,0.06529787961237093,obse
1699,5.0088210105896,0.06558865238460947,obse
1700,5.011664152145386,0.06557478258913094,obse
1701,5.014694929122925,0.06497538382713405,obse
1702,5.017404317855835,0.06488521240230542,obse
1703,5.020264148712158,0.06488521240230542,obse
1704,5.023180723190308,0.06490287958962535,obse
1705,5.026072263717651,0.06473658914323854,obse
1706,5.029048919677734,0.06472926211956552,obse
1707,5.03259801864624,0.06472926211956552,obse
1708,5.036040544509888,0.06493108320164687,obse
1709,5.0388875007629395,0.06491913261206633,obse
1710,5.041890382766724,0.06491913261206633,obse
1711,5.044754266738892,0.06496303408419558,obse
1712,5.04765248298645,0.06496708718986273,obse
1713,5.0503997802734375,0.06496708718986273,obse
1714,5.053281307220459,0.06496708718986273,obse
1715,5.056197643280029,0.06479397590450693,obse
1716,5.059086561203003,0.06479397590450693,obse
1717,5.061939239501953,0.06479397590450693,obse
1718,5.064716577529907,0.06479397590450693,obse
1719,5.067481756210327,0.06491790950484322,obse
1720,5.0703535079956055,0.06492049773523192,obse
1721,5.073378562927246,0.06467589164163395,obse
1722,5.0765039920806885,0.06378772321187741,obse
1723,5.07950758934021,0.06354266941608568,obse
1724,5.0825746059417725,0.06354266941608568,obse
1725,5.085604667663574,0.06353012830843698,obse
1726,5.088659763336182,0.06379954549200112,obse
1727,5.091627359390259,0.06379954549200112,obse
1728,5.094356536865234,0.06379954549200112,obse
1729,5.0974202156066895,0.06355320520567141,obse
1730,5.100248575210571,0.06355320520567141,obse
1731,5.103097915649414,0.06348669816555139,obse
1732,5.1061742305755615,0.0634929575820382,obse
1733,5.108932733535767,0.0634929575820382,obse
1734,5.11181640625,0.06378353821785793,obse
1735,5.114896774291992,0.06377367632266809,obse
1736,5.117659330368042,0.06377367632266809,obse
1737,5.120565891265869,0.0636684178945398,obse
1738,5.123638153076172,0.06367101046464145,obse
1739,5.126527309417725,0.06367101046464145,obse
1740,5.129461765289307,0.06338552638567035,obse
1741,5.132546663284302,0.06338552638567035,obse
1742,5.135223388671875,0.06338552638567035,obse
1743,5.138136148452759,0.06372254752658438,obse
1744,5.141016960144043,0.06372254752658438,obse
1745,5.143728017807007,0.06372254752658438,obse
1746,5.146747589111328,0.06369397049313187,obse
1747,5.14940333366394,0.06369397049313187,obse
1748,5.152191638946533,0.06369397049313187,obse
1749,5.155333995819092,0.06502266558307734,obse
1750,5.15856146812439,0.06502266558307734,obse
1751,5.161336660385132,0.06502266558307734,obse
1752,5.164463520050049,0.06518596139950525,obse
1753,5.167231321334839,0.06518596139950525,obse
1754,5.17013692855835,0.06524652224321759,obse
1755,5.173171758651733,0.06523652622221283,obse
1756,5.175853490829468,0.06523652622221283,obse
1757,5.178745269775391,0.06500090778748123,obse
1758,5.181672811508179,0.06500812092347717,obse
1759,5.18450403213501,0.06500812092347717,obse
1760,5.187482118606567,0.06501968323571265,obse
1761,5.190480947494507,0.06501968323571265,obse
1762,5.1944169998168945,0.06501968323571265,obse
1763,5.198005676269531,0.0652998120333679,obse
1764,5.201236248016357,0.0652998120333679,obse
1765,5.204176664352417,0.06505734584909857,obse
1766,5.207112789154053,0.0644909979773981,obse
1767,5.209925174713135,0.06536624047880898,obse
1768,5.213200569152832,0.06533474783013228,obse
1769,5.216608047485352,0.06537991903067986,obse
1770,5.219339609146118,0.06537991903067986,obse
1771,5.222604751586914,0.0656439540593301,obse
1772,5.225448846817017,0.0656439540593301,obse
1773,5.228267669677734,0.0656439540593301,obse
1774,5.2313759326934814,0.06541067975849839,obse
1775,5.234347105026245,0.06541067975849839,obse
1776,5.237523317337036,0.06536908453525885,obse
1777,5.240477561950684,0.06536908453525885,obse
1778,5.24321985244751,0.06536908453525885,obse
1779,5.246964693069458,0.06561053058000955,obse
1780,5.249767303466797,0.06561053058000955,obse
1781,5.2525718212127686,0.06551879442959503,obse
1782,5.25574803352356,0.06552785256269651,obse
1783,5.258569955825806,0.06552785256269651,obse
1784,5.261349201202393,0.06552785256269651,obse
1785,5.264597654342651,0.06530526987550578,obse
1786,5.267451763153076,0.06530526987550578,obse
1787,5.270337343215942,0.06459384086416095,obse
1788,5.273514270782471,0.06458670770842038,obse
1789,5.276943683624268,0.06499545573237056,obse
1790,5.280245065689087,0.06505330356110282,obse
1791,5.283111572265625,0.06501865641841714,obse
1792,5.28595757484436,0.06501865641841714,obse
1793,5.289095640182495,0.06475958034147977,obse
1794,5.292010068893433,0.06475958034147977,obse
1795,5.294796943664551,0.06475958034147977,obse
1796,5.297866582870483,0.06489405692896894,obse
1797,5.300598859786987,0.06489405692896894,obse
1798,5.303633689880371,0.06506856489764956,obse
1799,5.307237386703491,0.0650404770778287,obse
1800,5.309971809387207,0.0650404770778287,obse
1801,5.313164234161377,0.06483013220851501,obse
1802,5.315982341766357,0.06483013220851501,obse
1803,5.318649530410767,0.06483013220851501,obse
1804,5.3217878341674805,0.064789103795869,obse
1805,5.324951171875,0.064789103795869,obse
1806,5.327812671661377,0.06514291783566145,obse
1807,5.3306567668914795,0.06512362998721855,obse
1808,5.3334527015686035,0.06512362998721855,obse
1809,5.336553335189819,0.06482202221505542,obse
1810,5.3397016525268555,0.06485201635203555,obse
1811,5.342525482177734,0.06485201635203555,obse
1812,5.345434188842773,0.06485201635203555,obse
1813,5.348313093185425,0.06468182542727022,obse
1814,5.35105037689209,0.06468182542727022,obse
1815,5.354355573654175,0.0650215438411582,obse
1816,5.35769248008728,0.06508219159478225,obse
1817,5.360501050949097,0.06508219159478225,obse
1818,5.3636322021484375,0.06501654297571365,obse
1819,5.366529941558838,0.06501654297571365,obse
1820,5.369383335113525,0.06501654297571365,obse
1821,5.372581720352173,0.06473916954314093,obse
1822,5.375432729721069,0.06473916954314093,obse
1823,5.378377437591553,0.06506122835653069,obse
1824,5.381585121154785,0.06505432947341654,obse
1825,5.3843607902526855,0.06505432947341654,obse
1826,5.387297630310059,0.06503977691178688,obse
1827,5.390383005142212,0.06503977691178688,obse
1828,5.39340353012085,0.06503977691178688,obse
1829,5.39663290977478,0.06478239779776085,obse
1830,5.4001758098602295,0.06478239779776085,obse
1831,5.40311861038208,0.06574634200688705,obse
1832,5.406391859054565,0.06581085637746682,obse
1833,5.4091477394104,0.06581085637746682,obse
1834,5.4120378494262695,0.06601334380327627,obse
1835,5.415199041366577,0.06601697237360467,obse
1836,5.418002128601074,0.06601697237360467,obse
1837,5.4210121631622314,0.06579401405048305,obse
1838,5.424039363861084,0.06579401405048305,obse
1839,5.426765441894531,0.06579401405048305,obse
1840,5.429812908172607,0.06581370589018437,obse
1841,5.432760715484619,0.06581370589018437,obse
1842,5.435579299926758,0.06581370589018437,obse
1843,5.4388062953948975,0.06604244109004846,obse
1844,5.441689491271973,0.06604244109004846,obse
1845,5.444891929626465,0.06580144824444194,obse
1846,5.447983503341675,0.06581693627173393,obse
1847,5.450756788253784,0.06581693627173393,obse
1848,5.45369029045105,0.06581693627173393,obse
1849,5.45679235458374,0.06573521424604577,obse
1850,5.459862947463989,0.06573521424604577,obse
1851,5.463275671005249,0.06607713047168072,obse
1852,5.466384410858154,0.06607713047168072,obse
1853,5.469159364700317,0.06548151064088376,obse
1854,5.472365379333496,0.06491950950804938,obse
1855,5.475149869918823,0.06491950950804938,obse
1856,5.478234767913818,0.06480910834947448,obse
1857,5.481230735778809,0.0648143473990068,obse
1858,5.484070301055908,0.0648143473990068,obse
1859,5.486998796463013,0.0648143473990068,obse
1860,5.490520477294922,0.06504570388450436,obse
1861,5.493599891662598,0.06504570388450436,obse
1862,5.4968039989471436,0.06504477145345153,obse
1863,5.499654054641724,0.06504477145345153,obse
1864,5.50237512588501,0.06504477145345153,obse
1865,5.505625247955322,0.06477359489944438,obse
1866,5.508415937423706,0.06477359489944438,obse
1867,5.5111918449401855,0.06477359489944438,obse
1868,5.514352321624756,0.06490823735548247,obse
1869,5.517236948013306,0.06490823735548247,obse
1870,5.520349740982056,0.06497981415764763,obse
1871,5.523951053619385,0.06497986657055252,obse
1872,5.526662111282349,0.06497986657055252,obse
1873,5.529798984527588,0.06476801046776291,obse
1874,5.532771348953247,0.06476801046776291,obse
1875,5.53559947013855,0.06476801046776291,obse
1876,5.538721561431885,0.0648190915179331,obse
1877,5.5416295528411865,0.0648190915179331,obse
1878,5.544545412063599,0.06637090543495242,obse
1879,5.547608375549316,0.06655761380183949,obse
1880,5.550542116165161,0.0664281593191663,obse
1881,5.553484201431274,0.0661875344061069,obse
1882,5.556684255599976,0.0662024133762767,obse
1883,5.559788942337036,0.0662024133762767,obse
1884,5.563506126403809,0.06631588718602349,obse
1885,5.566470623016357,0.06631588718602349,obse
1886,5.569236993789673,0.06631588718602349,obse
1887,5.5722620487213135,0.06656629441789055,obse
1888,5.575167655944824,0.06656629441789055,obse
1889,5.577978849411011,0.06631996552934218,obse
1890,5.581828832626343,0.06633758307579439,obse
1891,5.584924936294556,0.06633758307579439,obse
1892,5.58802342414856,0.06624532846489492,obse
1893,5.591146469116211,0.06624532846489492,obse
1894,5.594022512435913,0.06624532846489492,obse
1895,5.597144603729248,0.06651336023961384,obse
1896,5.600034952163696,0.06651336023961384,obse
1897,5.602870464324951,0.06651336023961384,obse
1898,5.606095552444458,0.062203471248343425,obse
1899,5.609018802642822,0.06230346816347608,obse
1900,5.612421274185181,0.06230346816347608,obse
1901,5.615839004516602,0.06213830911681751,obse
1902,5.618535280227661,0.06213830911681751,obse
1903,5.621737241744995,0.06235405285880662,obse
1904,5.624799013137817,0.06235405285880662,obse
1905,5.6275153160095215,0.06235405285880662,obse
1906,5.630700349807739,0.06238130275720703,obse
1907,5.633437633514404,0.06238130275720703,obse
1908,5.63629674911499,0.06238130275720703,obse
1909,5.639390468597412,0.06208912146878737,obse
1910,5.642233610153198,0.06208912146878737,obse
1911,5.64582896232605,0.062264789281123605,obse
1912,5.648817539215088,0.062264789281123605,obse
1913,5.651535987854004,0.062264789281123605,obse
1914,5.654557228088379,0.06240556540601871,obse
1915,5.657486438751221,0.06240556540601871,obse
1916,5.660170316696167,0.06240556540601871,obse
1917,5.663356065750122,0.062150877683001066,obse
1918,5.666405200958252,0.062150877683001066,obse
1919,5.669116973876953,0.062150877683001066,obse
1920,5.6721837520599365,0.06209555409295495,obse
1921,5.675330638885498,0.06557445427489594,obse
1922,5.678335666656494,0.06586807765871291,obse
1923,5.681439638137817,0.06599423358353476,obse
1924,5.684234380722046,0.06599423358353476,obse
1925,5.687180995941162,0.06580561593256355,obse
1926,5.690330743789673,0.06582077702523255,obse
1927,5.693132400512695,0.06582077702523255,obse
1928,5.696223258972168,0.0657308827177476,obse
1929,5.6990807056427,0.0657308827177476,obse
1930,5.70188045501709,0.0657308827177476,obse
1931,5.7050621509552,0.06602257475933135,obse
1932,5.707921743392944,0.06602257475933135,obse
1933,5.710965156555176,0.06589363754418445,obse
1934,5.714003801345825,0.06591188143182702,obse
1935,5.716801881790161,0.06591188143182702,obse
1936,5.719635486602783,0.06591188143182702,obse
1937,5.7225871086120605,0.06580526949599216,obse
1938,5.72540807723999,0.06580526949599216,obse
1939,5.7282514572143555,0.06580526949599216,obse
1940,5.731361627578735,0.06608323090616529,obse
1941,5.734029769897461,0.06608323090616529,obse
1942,5.736937046051025,0.06603379604070327,obse
1943,5.73991060256958,0.06592816411855004,obse
1944,5.74259090423584,0.06592816411855004,obse
1945,5.745632648468018,0.06592816411855004,obse
1946,5.748754501342773,0.06587949847709566,obse
1947,5.751593828201294,0.06589376578635828,obse
1948,5.754556894302368,0.06589376578635828,obse
1949,5.757605314254761,0.06611461614443823,obse
1950,5.7604286670684814,0.06609846600764299,obse
1951,5.763139963150024,0.06609846600764299,obse
1952,5.766186714172363,0.06609846600764299,obse
1953,5.769028425216675,0.06610127313979844,obse
1954,5.771935939788818,0.06610127313979844,obse
1955,5.774919748306274,0.06584121422266853,obse
1956,5.777830123901367,0.06585506440209189,obse
1957,5.780698537826538,0.06585506440209189,obse
1958,5.783533334732056,0.06608611075679437,obse
1959,5.7864320278167725,0.06609103958599619,obse
1960,5.7892773151397705,0.06609103958599619,obse
1961,5.792320489883423,0.06609103958599619,obse
1962,5.795223951339722,0.0661895070938195,obse
1963,5.797985315322876,0.0661895070938195,obse
1964,5.80063009262085,0.0661895070938195,obse
1965,5.803473711013794,0.06589871484264094,obse
1966,5.80640721321106,0.06590679572796104,obse
1967,5.8091442584991455,0.06590679572796104,obse
1968,5.812067031860352,0.06597192474748598,obse
1969,5.8148674964904785,0.06596400425369833,obse
1970,5.8178253173828125,0.055105756079540255,obse
1971,5.820771932601929,0.05542321717684922,obse
1972,5.823720216751099,0.05541282200721555,obse
1973,5.826629400253296,0.05541282200721555,obse
1974,5.829467296600342,0.05541282200721555,obse
1975,5.832319974899292,0.05541282200721555,obse
1976,5.835353374481201,0.0550923645537275,obse
1977,5.838310241699219,0.0550923645537275,obse
1978,5.841275691986084,0.0550923645537275,obse
1979,5.844168663024902,0.05518701939690068,obse
1980,5.847016096115112,0.05518701939690068,obse
1981,5.8499650955200195,0.05531069367598979,obse
1982,5.852700471878052,0.055281985232418326,obse
1983,5.8554534912109375,0.055281985232418326,obse
1984,5.858614683151245,0.055281985232418326,obse
1985,5.8614935874938965,0.05516123238971452,obse
1986,5.864388942718506,0.05516871926220624,obse
1987,5.8672935962677,0.05516871926220624,obse
1988,5.870074510574341,0.05516871926220624,obse
1989,5.8730833530426025,0.05494664241633462,obse
1990,5.876214504241943,0.05529536953751355,obse
1991,5.879327058792114,0.05751044350641175,obse
1992,5.882307529449463,0.057016876792007676,obse
1993,5.8854265213012695,0.05675267685269572,obse
1994,5.88853120803833,0.056970006506279335,obse
1995,5.89154052734375,0.056970006506279335,obse
1996,5.894400596618652,0.056970006506279335,obse
1997,5.897614240646362,0.05708275345247631,obse
1998,5.9002885818481445,0.05708275345247631,obse
1999,5.903011798858643,0.05682149612891204,obse
2000,5.9059717655181885,0.05682149612891204,obse
2001,5.909069538116455,0.056828291591162136,obse
2002,5.91182017326355,0.05695396960968436,obse
2003,5.914822340011597,0.056955878315557484,obse
2004,5.917620897293091,0.056955878315557484,obse
2005,5.920438051223755,0.057114021063342624,obse
2006,5.923373699188232,0.05708908537098954,obse
2007,5.92616081237793,0.05708908537098954,obse
2008,5.929145574569702,0.05684060627122415,obse
2009,5.933054208755493,0.05684060627122415,obse
2010,5.936870813369751,0.056821237726298,obse
2011,5.940832614898682,0.05684158155407089,obse
2012,5.944525718688965,0.05684158155407089,obse
2013,5.948477745056152,0.058992289567569856,obse
2014,5.95238995552063,0.05852091190567775,obse
2015,5.956455945968628,0.058361126327391134,obse
2016,5.960107803344727,0.058361126327391134,obse
2017,5.964252710342407,0.05826336878059866,obse
2018,5.968240737915039,0.05826336878059866,obse
2019,5.971397161483765,0.05852339808072752,obse
2020,5.974281549453735,0.05852339808072752,obse
2021,5.977084636688232,0.05852339808072752,obse
2022,5.980339765548706,0.05841648820741326,obse
2023,5.983218193054199,0.05841648820741326,obse
2024,5.986176013946533,0.05841648820741326,obse
2025,5.989482641220093,0.058272470924563946,obse
2026,5.99268102645874,0.058272470924563946,obse
2027,5.995652914047241,0.0584823999144499,obse
2028,5.998485565185547,0.0584823999144499,obse
2029,6.001188516616821,0.0584823999144499,obse
2030,6.004153251647949,0.05850950048607022,obse
2031,6.00703501701355,0.0585068658844575,obse
2032,6.0097737312316895,0.0585068658844575,obse
2033,6.012781620025635,0.0582350457233553,obse
2034,6.01555323600769,0.05824267708995971,obse
2035,6.0183494091033936,0.05824267708995971,obse
2036,6.021615982055664,0.054121098029574384,obse
2037,6.024693965911865,0.054121098029574384,obse
2038,6.027580738067627,0.054121098029574384,obse
2039,6.0307936668396,0.05441098988380691,obse
2040,6.033628225326538,0.05441098988380691,obse
2041,6.036495923995972,0.05441098988380691,obse
2042,6.03961181640625,0.05412754501823839,obse
2043,6.042395830154419,0.05412754501823839,obse
2044,6.0453314781188965,0.054169579688186385,obse
2045,6.048607349395752,0.0541727881951314,obse
2046,6.0513529777526855,0.0541727881951314,obse
2047,6.054428339004517,0.054433280498849074,obse
2048,6.057641983032227,0.054433280498849074,obse
2049,6.060344219207764,0.054433280498849074,obse
2050,6.063555717468262,0.054159615627575146,obse
2051,6.066442012786865,0.054159615627575146,obse
2052,6.069300413131714,0.054159615627575146,obse
2053,6.072430610656738,0.054074234652349666,obse
2054,6.075631618499756,0.054074234652349666,obse
2055,6.078670501708984,0.05585588916015905,obse
2056,6.081683874130249,0.05584834726980737,obse
2057,6.084532260894775,0.05584834726980737,obse
2058,6.087543725967407,0.055636568801433084,obse
2059,6.090642213821411,0.05565130954935284,obse
2060,6.093395233154297,0.05565130954935284,obse
2061,6.09663462638855,0.05536647341167256,obse
2062,6.099509954452515,0.05536647341167256,obse
2063,6.102414608001709,0.05536647341167256,obse
2064,6.10541033744812,0.0556490119807926,obse
2065,6.108355283737183,0.0556490119807926,obse
2066,6.111098051071167,0.0556490119807926,obse
2067,6.1142613887786865,0.05544761011024371,obse
2068,6.117123365402222,0.05544761011024371,obse
2069,6.120096445083618,0.0551852733192673,obse
2070,6.123215913772583,0.055098525801372304,obse
2071,6.125905513763428,0.055098525801372304,obse
2072,6.128946781158447,0.055213295966201996,obse
2073,6.1319732666015625,0.055213295966201996,obse
2074,6.134754657745361,0.055213295966201996,obse
2075,6.138087272644043,0.05522675923121104,obse
2076,6.140947103500366,0.05522675923121104,obse
2077,6.143514394760132,0.05522675923121104,obse
2078,6.146913051605225,0.056664849984246694,obse
2079,6.149770021438599,0.05655881352575988,obse
2080,6.152666807174683,0.056839678672520606,obse
2081,6.155623912811279,0.05678297483474384,obse
2082,6.1587748527526855,0.056648674534734704,obse
2083,6.161744832992554,0.056648674534734704,obse
2084,6.1647279262542725,0.05689478523969453,obse
2085,6.167775392532349,0.05675304206068664,obse
2086,6.170672178268433,0.05675304206068664,obse
2087,6.173685073852539,0.056528872112668396,obse
2088,6.176530838012695,0.056528872112668396,obse
2089,6.179489612579346,0.056528872112668396,obse
2090,6.18251895904541,0.0563438932076958,obse
2091,6.185467720031738,0.0563438932076958,obse
2092,6.188348770141602,0.0563438932076958,obse
2093,6.1914684772491455,0.05668824144362214,obse
2094,6.194395065307617,0.056551868167921314,obse
2095,6.197271823883057,0.056551868167921314,obse
2096,6.200127601623535,0.05635228245089236,obse
2097,6.202989101409912,0.056296071773737924,obse
2098,6.205790996551514,0.056296071773737924,obse
2099,6.208629131317139,0.056296071773737924,obse
2100,6.211374044418335,0.056296071773737924,obse
2101,6.214411497116089,0.056017321323692935,obse
2102,6.2176902294158936,0.05909589959581586,obse
2103,6.220718622207642,0.05894721057844611,obse
2104,6.223677396774292,0.05894721057844611,obse
2105,6.226892948150635,0.05890157719185845,obse
2106,6.229880094528198,0.05878143358644736,obse
2107,6.232774496078491,0.05878143358644736,obse
2108,6.235691785812378,0.05851807078082261,obse
2109,6.238900423049927,0.058407735713420714,obse
2110,6.241893291473389,0.05872601539242299,obse
2111,6.244889974594116,0.05858462963288678,obse
2112,6.247668743133545,0.05858462963288678,obse
2113,6.25055718421936,0.05858462963288678,obse
2114,6.253424644470215,0.05860273329677108,obse
2115,6.256479263305664,0.05848567542689424,obse
2116,6.259590148925781,0.05848567542689424,obse
2117,6.262378454208374,0.05817385153033697,obse
2118,6.26539945602417,0.05817385153033697,obse
2119,6.268462657928467,0.05805157715434107,obse
2120,6.271224021911621,0.0692166634258624,obse
2121,6.274178743362427,0.06945474110232758,obse
2122,6.277267217636108,0.06955136272591896,obse
2123,6.280524969100952,0.06961017870816391,obse
2124,6.283659219741821,0.06968968499853259,obse
2125,6.286765098571777,0.06955114737050394,obse
2126,6.290007829666138,0.06956978536860063,obse
2127,6.29278302192688,0.06956978536860063,obse
2128,6.295804023742676,0.06966399308479977,obse
2129,6.29892897605896,0.06966399308479977,obse
2130,6.301817178726196,0.06966399308479977,obse
2131,6.305018424987793,0.06926482979613979,obse
2132,6.307857036590576,0.06926482979613979,obse
2133,6.310641765594482,0.06926482979613979,obse
2134,6.313761472702026,0.06908047409075362,obse
2135,6.3165881633758545,0.06908047409075362,obse
2136,6.319533824920654,0.06908047409075362,obse
2137,6.32258152961731,0.0692778983164897,obse
2138,6.325314998626709,0.0692778983164897,obse
2139,6.32814621925354,0.0692778983164897,obse
2140,6.331397771835327,0.0690076681599122,obse
2141,6.334241628646851,0.0690076681599122,obse
2142,6.337268114089966,0.06871097013013502,obse
2143,6.340237140655518,0.06871097013013502,obse
2144,6.3429648876190186,0.06871097013013502,obse
2145,6.346013784408569,0.06983421229166176,obse
2146,6.349259614944458,0.06930871914463187,obse
2147,6.352120876312256,0.06930871914463187,obse
2148,6.355318069458008,0.06910283518367655,obse
2149,6.358323335647583,0.06910283518367655,obse
2150,6.36140513420105,0.06885906626768425,obse
2151,6.36462664604187,0.06877046712734938,obse
2152,6.367424964904785,0.06877046712734938,obse
2153,6.370416164398193,0.06900046122733187,obse
2154,6.373470306396484,0.0688972181814168,obse
2155,6.376168251037598,0.0688972181814168,obse
2156,6.379426717758179,0.06886459507144141,obse
2157,6.382394313812256,0.06886459507144141,obse
2158,6.385223627090454,0.06886459507144141,obse
2159,6.3882269859313965,0.06840020475198698,obse
2160,6.391382455825806,0.06840020475198698,obse
2161,6.394277334213257,0.06840020475198698,obse
2162,6.397328853607178,0.06856367175565484,obse
2163,6.400537967681885,0.06856367175565484,obse
2164,6.403351783752441,0.06869003050088188,obse
2165,6.40631365776062,0.06857192510372087,obse
2166,6.409095525741577,0.06857192510372087,obse
2167,6.412051677703857,0.06835624672124152,obse
2168,6.41515040397644,0.06081569739898765,obse
2169,6.417901515960693,0.06081569739898765,obse
2170,6.420934438705444,0.06076416596479973,obse
2171,6.423997402191162,0.06076416596479973,obse
2172,6.426782608032227,0.06076416596479973,obse
2173,6.430025577545166,0.06081910039619879,obse
2174,6.432905435562134,0.06081910039619879,obse
2175,6.43554162979126,0.06081910039619879,obse
2176,6.4387571811676025,0.060564523609128375,obse
2177,6.4417970180511475,0.060564523609128375,obse
2178,6.444545030593872,0.060564523609128375,obse
2179,6.447748899459839,0.06040699467235232,obse
2180,6.450508117675781,0.06040699467235232,obse
2181,6.4533185958862305,0.06069174336500244,obse
2182,6.456223249435425,0.06056633017289405,obse
2183,6.459233999252319,0.06056633017289405,obse
2184,6.462091445922852,0.060416569784860055,obse
2185,6.465123414993286,0.06031190626138214,obse
2186,6.467911958694458,0.06031190626138214,obse
2187,6.47089958190918,0.06005809943921104,obse
2188,6.473876953125,0.06005809943921104,obse
2189,6.476597309112549,0.06005809943921104,obse
2190,6.479594707489014,0.060350036285078956,obse
2191,6.482672452926636,0.060219209391843456,obse
2192,6.485470294952393,0.06540325664301205,obse
2193,6.4884443283081055,0.06519648761063843,obse
2194,6.491400718688965,0.0655743061120651,obse
2195,6.494173049926758,0.0655743061120651,obse
2196,6.497388124465942,0.06528345529876034,obse
2197,6.500176429748535,0.06528345529876034,obse
2198,6.503257989883423,0.06549274177651665,obse
2199,6.506170988082886,0.06539074229267082,obse
2200,6.509003162384033,0.06539074229267082,obse
2201,6.511995077133179,0.06547380758608617,obse
2202,6.515070915222168,0.06536798359541927,obse
2203,6.51780366897583,0.06536798359541927,obse
2204,6.520650148391724,0.06512023742736626,obse
2205,6.5236287117004395,0.0650276406224327,obse
2206,6.526489973068237,0.0650276406224327,obse
2207,6.529531955718994,0.06493527574893872,obse
2208,6.532584190368652,0.06493527574893872,obse
2209,6.535426378250122,0.06493527574893872,obse
2210,6.538519382476807,0.06507614411056264,obse
2211,6.541276931762695,0.06507614411056264,obse
2212,6.544007062911987,0.06507614411056264,obse
2213,6.547181129455566,0.06470399616639609,obse
2214,6.550219297409058,0.07524908254781569,obse
2215,6.552931785583496,0.07528434084391714,obse
2216,6.555912494659424,0.07529635793582148,obse
2217,6.558739423751831,0.07529635793582148,obse
2218,6.562083721160889,0.07549854551392203,obse
2219,6.565215110778809,0.07549854551392203,obse
2220,6.567947149276733,0.07549854551392203,obse
2221,6.570850849151611,0.07520546428905842,obse
2222,6.573747158050537,0.07520546428905842,obse
2223,6.576432466506958,0.07520546428905842,obse
2224,6.579500675201416,0.07503116989099734,obse
2225,6.582431793212891,0.07503116989099734,obse
2226,6.585150480270386,0.07503116989099734,obse
2227,6.588015079498291,0.07521285432568724,obse
2228,6.591091871261597,0.07521285432568724,obse
2229,6.593876600265503,0.07521285432568724,obse
2230,6.59715461730957,0.07506082179837638,obse
2231,6.599961042404175,0.07506082179837638,obse
2232,6.6026811599731445,0.07506082179837638,obse
2233,6.605701923370361,0.07470127192640773,obse
2234,6.6085028648376465,0.07470127192640773,obse
2235,6.611298084259033,0.07844380999101595,obse
2236,6.614490747451782,0.07905035608522999,obse
2237,6.617215871810913,0.07905035608522999,obse
2238,6.620051622390747,0.07910146782800574,obse
2239,6.623014450073242,0.07899877936665461,obse
2240,6.626004934310913,0.07899877936665461,obse
2241,6.628854274749756,0.07899877936665461,obse
2242,6.632084369659424,0.07860140255935584,obse
2243,6.63477635383606,0.07860140255935584,obse
2244,6.637723207473755,0.07860184529395736,obse
2245,6.640652179718018,0.07860184529395736,obse
2246,6.643352270126343,0.07860184529395736,obse
2247,6.646483898162842,0.07871867454057149,obse
2248,6.649333477020264,0.07871867454057149,obse
2249,6.652101278305054,0.07871867454057149,obse
2250,6.65519642829895,0.07842185664388705,obse
2251,6.658238649368286,0.07842185664388705,obse
2252,6.661046981811523,0.07842185664388705,obse
2253,6.6644556522369385,0.07838644608968298,obse
2254,6.667240142822266,0.07838644608968298,obse
2255,6.670187711715698,0.07862418667851659,obse
2256,6.6731719970703125,0.06910439214435277,obse
2257,6.675905227661133,0.06910439214435277,obse
2258,6.679015398025513,0.0687775946976374,obse
2259,6.68328070640564,0.06826357517364157,obse
2260,6.6861207485198975,0.06826357517364157,obse
2261,6.689338207244873,0.06801876830071388,obse
2262,6.692190647125244,0.06801876830071388,obse
2263,6.695134162902832,0.06838586551610429,obse
2264,6.6986753940582275,0.06828958855603814,obse
2265,6.701694011688232,0.06828958855603814,obse
2266,6.704667091369629,0.06804012749401776,obse
2267,6.707530975341797,0.06804012749401776,obse
2268,6.710308074951172,0.06804012749401776,obse
2269,6.714234113693237,0.06781676723727484,obse
2270,6.7173850536346436,0.06781676723727484,obse
2271,6.720455646514893,0.06795004764572157,obse
2272,6.723955392837524,0.06784154165466358,obse
2273,6.726660966873169,0.06784154165466358,obse
2274,6.72992730140686,0.06784607932806908,obse
2275,6.732759237289429,0.06784607932806908,obse
2276,6.735479831695557,0.06784607932806908,obse
2277,6.738694190979004,0.06756354585909634,obse
2278,6.741615056991577,0.06597186551914011,obse
2279,6.744388103485107,0.06597186551914011,obse
2280,6.747773885726929,0.06566928257602822,obse
2281,6.750603675842285,0.06566928257602822,obse
2282,6.75348424911499,0.06574161630840596,obse
2283,6.756634473800659,0.06564497612617978,obse
2284,6.759389638900757,0.06564497612617978,obse
2285,6.76242995262146,0.06542054088452387,obse
2286,6.765614986419678,0.06533637645298253,obse
2287,6.768267869949341,0.06533637645298253,obse
2288,6.771451711654663,0.0652533122737099,obse
2289,6.77419900894165,0.0652533122737099,obse
2290,6.7768542766571045,0.0652533122737099,obse
2291,6.780078172683716,0.0654339035366361,obse
2292,6.783032417297363,0.0654339035366361,obse
2293,6.785781383514404,0.0654339035366361,obse
2294,6.789039850234985,0.06511924976506091,obse
2295,6.792107343673706,0.06511924976506091,obse
2296,6.795072317123413,0.06507195728919214,obse
2297,6.798109769821167,0.06500542429798194,obse
2298,6.8009514808654785,0.06500542429798194,obse
2299,6.803898811340332,0.0653409318201343,obse
2300,6.80700421333313,0.05493913867295283,obse
2301,6.809738874435425,0.05493913867295283,obse
2302,6.813006401062012,0.054662361678320656,obse
2303,6.8159801959991455,0.054374235182531414,obse
2304,6.818705081939697,0.054374235182531414,obse
2305,6.821777582168579,0.05413043648041381,obse
2306,6.824918270111084,0.05413043648041381,obse
2307,6.827687978744507,0.05413043648041381,obse
2308,6.830662727355957,0.05422259199457231,obse
2309,6.8334574699401855,0.05422259199457231,obse
2310,6.8362414836883545,0.05422259199457231,obse
2311,6.839184284210205,0.05405421154584566,obse
2312,6.842043399810791,0.05405421154584566,obse
2313,6.844919443130493,0.05382086165750573,obse
2314,6.848156929016113,0.05373219935138241,obse
2315,6.85099458694458,0.05373219935138241,obse
2316,6.853963375091553,0.05392277433434378,obse
2317,6.857224464416504,0.05392277433434378,obse
2318,6.8601393699646,0.05392277433434378,obse
2319,6.863536596298218,0.05390433764268497,obse
2320,6.866488933563232,0.05390433764268497,obse
2321,6.869386672973633,0.05390433764268497,obse
2322,6.872575283050537,0.05348711360551452,obse
2323,6.875335216522217,0.05348711360551452,obse
2324,6.878223180770874,0.053743657513725,obse
2325,6.882148265838623,0.056476549673574794,obse
2326,6.884964466094971,0.056476549673574794,obse
2327,6.888033390045166,0.05646502035077001,obse
2328,6.891001462936401,0.05646565090374265,obse
2329,6.8937177658081055,0.05646565090374265,obse
2330,6.89719033241272,0.05615699906259048,obse
2331,6.899927616119385,0.05615699906259048,obse
2332,6.902816295623779,0.05615699906259048,obse
2333,6.905806541442871,0.05614679959180203,obse
2334,6.908596038818359,0.05614679959180203,obse
2335,6.911428213119507,0.05639234345456084,obse
2336,6.914749622344971,0.05628632469924195,obse
2337,6.917548656463623,0.05628632469924195,obse
2338,6.920583724975586,0.05589757902147107,obse
2339,6.9236390590667725,0.05589757902147107,obse
2340,6.926331520080566,0.05589757902147107,obse
2341,6.9294350147247314,0.055793466502717055,obse
2342,6.932426452636719,0.055793466502717055,obse
2343,6.935631036758423,0.055793466502717055,obse
2344,6.938614845275879,0.05599133674848038,obse
2345,6.94147801399231,0.05599133674848038,obse
2346,6.94414210319519,0.05599133674848038,obse
2347,6.946849822998047,0.05599133674848038,obse
2348,6.949833154678345,0.05579129676740995,obse
2349,6.952826499938965,0.05579129676740995,obse
2350,6.9556028842926025,0.044646385367343,obse
2351,6.958728790283203,0.044300464450025,obse
2352,6.961667537689209,0.0444668671746886,obse
2353,6.964539051055908,0.0444668671746886,obse
2354,6.967791795730591,0.044623683292816956,obse
2355,6.970703125,0.044623683292816956,obse
2356,6.9736645221710205,0.04460857832700704,obse
2357,6.97646951675415,0.04460857832700704,obse
2358,6.979480504989624,0.04451353473303471,obse
2359,6.9822678565979,0.04451353473303471,obse
2360,6.985220193862915,0.044138606976075884,obse
2361,6.988080263137817,0.044138606976075884,obse
2362,6.9909021854400635,0.044138606976075884,obse
2363,6.993965148925781,0.04413373724133082,obse
2364,6.997484922409058,0.04413373724133082,obse
2365,7.001244783401489,0.04435936262205882,obse
2366,7.004225730895996,0.04425311986942148,obse
2367,7.007167816162109,0.04399404337225445,obse
2368,7.010049104690552,0.041484122154876346,obse
2369,7.013288974761963,0.04148412215487639,obse
2370,7.016131162643433,0.04152724658089897,obse
2371,7.018988370895386,0.041502256085125075,obse
2372,7.021878480911255,0.041502256085125075,obse
2373,7.024855852127075,0.041502256085125006,obse
2374,7.0279340744018555,0.04172544661798109,obse
2375,7.03107476234436,0.04172544661798109,obse
2376,7.034021854400635,0.04172544661798109,obse
2377,7.03686785697937,0.04143208629160978,obse
2378,7.039655447006226,0.04143208629160978,obse
2379,7.042719841003418,0.04131180349244947,obse
2380,7.045768976211548,0.04131180349244947,obse
2381,7.0486085414886475,0.04131207576071344,obse
2382,7.05155611038208,0.041192078645835455,obse
2383,7.0543177127838135,0.041192078645835455,obse
2384,7.057301759719849,0.041192078645835455,obse
2385,7.06030011177063,0.0413832079799141,obse
2386,7.063353538513184,0.0413832079799141,obse
2387,7.066278457641602,0.04088339598876067,obse
2388,7.068951606750488,0.04088339598876067,obse
2389,7.071701526641846,0.04088339598876067,obse
2390,7.074471473693848,0.04088339598876067,obse
2391,7.077283143997192,0.04062618112062714,obse
2392,7.080127239227295,0.040993458375941795,obse
2393,7.083409786224365,0.0426469490036003,obse
2394,7.0864481925964355,0.04244794857986891,obse
2395,7.089512825012207,0.041999462632014414,obse
2396,7.0925233364105225,0.041999462632014414,obse
2397,7.095622777938843,0.041999462632014414,obse
2398,7.098652124404907,0.04226904645757234,obse
2399,7.101379632949829,0.04226904645757234,obse
2400,7.104356527328491,0.04219876407203921,obse
2401,7.1072351932525635,0.04219876407203921,obse
2402,7.109919548034668,0.04219876407203921,obse
2403,7.112847566604614,0.041823336256422226,obse
2404,7.115715265274048,0.041823336256422226,obse
2405,7.11838960647583,0.041823336256422226,obse
2406,7.121483087539673,0.041703896376866806,obse
2407,7.124501705169678,0.041703896376866806,obse
2408,7.127291917800903,0.041703896376866806,obse
2409,7.1305811405181885,0.041697270743299306,obse
2410,7.133498191833496,0.041697270743299306,obse
2411,7.136282920837402,0.041697270743299306,obse
2412,7.139451265335083,0.04147583114575764,obse
2413,7.142187118530273,0.04147583114575764,obse
2414,7.14511513710022,0.04156945424220244,obse
2415,7.1481335163116455,0.04185218794858422,obse
2416,7.151202440261841,0.04185218794858422,obse
2417,7.154665231704712,0.04143837749959362,obse
2418,7.157560110092163,0.04143837749959362,obse
2419,7.160295486450195,0.04143837749959362,obse
2420,7.163381576538086,0.04123434706837703,obse
2421,7.166273355484009,0.04123434706837703,obse
2422,7.168989658355713,0.04123434706837703,obse
2423,7.171980142593384,0.04108078162861275,obse
2424,7.174896001815796,0.04108078162861275,obse
2425,7.17766809463501,0.04108078162861275,obse
2426,7.181078910827637,0.041144119088931355,obse
2427,7.1839752197265625,0.041144119088931355,obse
2428,7.186796188354492,0.04098929160211943,obse
2429,7.189849376678467,0.040886267343094654,obse
2430,7.192621231079102,0.040886267343094654,obse
2431,7.195606231689453,0.0406292655689586,obse
2432,7.1984946727752686,0.0406292655689586,obse
2433,7.201210260391235,0.0406292655689586,obse
2434,7.204254865646362,0.04075636788271577,obse
2435,7.207425117492676,0.04075636788271577,obse
2436,7.210345029830933,0.03535650859261161,obse
2437,7.214054822921753,0.03541525992854375,obse
2438,7.217312574386597,0.03485822826695632,obse
2439,7.220199346542358,0.03464178264123706,obse
2440,7.223144054412842,0.03453748711244954,obse
2441,7.225821495056152,0.03453748711244954,obse
2442,7.2286951541900635,0.03476199174837827,obse
2443,7.2315285205841064,0.03433525583363841,obse
2444,7.234387159347534,0.03433525583363841,obse
2445,7.237263202667236,0.03430654859242282,obse
2446,7.240157842636108,0.03430654859242282,obse
2447,7.2430195808410645,0.03430654859242282,obse
2448,7.246253490447998,0.033879996255351284,obse
2449,7.2491748332977295,0.033879996255351284,obse
2450,7.251879453659058,0.033879996255351284,obse
2451,7.254980564117432,0.03389863838205518,obse
2452,7.257919549942017,0.03389863838205518,obse
2453,7.260647773742676,0.03389863838205518,obse
2454,7.26364803314209,0.033907689482047684,obse
2455,7.266549825668335,0.033907689482047684,obse
2456,7.269266128540039,0.033907689482047684,obse
2457,7.272310972213745,0.03353395497494561,obse
2458,7.275237798690796,0.0332529717431835,obse
2459,7.2781078815460205,0.03329212847679353,obse
2460,7.2811737060546875,0.032979613196044075,obse
2461,7.283987283706665,0.032979613196044075,obse
2462,7.286907911300659,0.03324927870511796,obse
2463,7.289872169494629,0.03308227094054012,obse
2464,7.292877674102783,0.03308227094054012,obse
2465,7.295830965042114,0.03284029812024855,obse
2466,7.298566818237305,0.0327248647167446,obse
2467,7.301336765289307,0.0327248647167446,obse
2468,7.304335117340088,0.03250789783700635,obse
2469,7.3070762157440186,0.03250789783700635,obse
2470,7.30974555015564,0.03250789783700635,obse
2471,7.31277322769165,0.032653200696821615,obse
2472,7.315532922744751,0.032653200696821615,obse
2473,7.318202257156372,0.032653200696821615,obse
2474,7.321478366851807,0.032374975513979255,obse
2475,7.324473142623901,0.032374975513979255,obse
2476,7.3272645473480225,0.032374975513979255,obse
2477,7.3303234577178955,0.03196849533945078,obse
2478,7.333158254623413,0.03196849533945078,obse
2479,7.3359479904174805,0.03223994136848873,obse
2480,7.3390052318573,0.03209097092073518,obse
2481,7.341891765594482,0.03229914267287734,obse
2482,7.34468936920166,0.03229914267287734,obse
2483,7.34738564491272,0.03229914267287734,obse
2484,7.350398302078247,0.03225374069971435,obse
2485,7.353327751159668,0.03217521230236247,obse
2486,7.3561320304870605,0.03217521230236247,obse
2487,7.3593926429748535,0.03188088077036291,obse
2488,7.362292051315308,0.03194463973858548,obse
2489,7.365401268005371,0.03181071660069875,obse
2490,7.368313312530518,0.03181071660069875,obse
2491,7.3715949058532715,0.03189453357600055,obse
2492,7.374434232711792,0.03189453357600055,obse
2493,7.377352714538574,0.03189453357600055,obse
2494,7.380238771438599,0.03151997823563321,obse
2495,7.382895231246948,0.03151997823563321,obse
2496,7.385871171951294,0.03151997823563321,obse
2497,7.38883638381958,0.031349341337961814,obse
2498,7.391721963882446,0.031349341337961814,obse
2499,7.394535541534424,0.031349341337961814,obse
2500,7.397435903549194,0.03149942975849652,obse
2501,7.400228500366211,0.03149942975849652,obse
2502,7.403109788894653,0.03149942975849652,obse
2503,7.406082630157471,0.032116511885432644,obse
2504,7.409266710281372,0.032152551017541754,obse
2505,7.41211199760437,0.032152551017541754,obse
2506,7.415101766586304,0.032139789957596865,obse
2507,7.4179651737213135,0.03202558647654735,obse
2508,7.420749664306641,0.03202558647654735,obse
2509,7.423758029937744,0.032289205566005896,obse
2510,7.426611661911011,0.03217041691422068,obse
2511,7.429792642593384,0.03217041691422068,obse
2512,7.432683229446411,0.03201000560058351,obse
2513,7.435630798339844,0.03187425804786747,obse
2514,7.43861985206604,0.03187425804786747,obse
2515,7.4415717124938965,0.03125419207643215,obse
2516,7.444653511047363,0.03113840337061668,obse
2517,7.44776463508606,0.03113840337061668,obse
2518,7.45076584815979,0.031280342277638915,obse
2519,7.453641414642334,0.03113134478129203,obse
2520,7.456634759902954,0.03113134478129203,obse
2521,7.459761381149292,0.031046088006355596,obse
2522,7.462936639785767,0.031046088006355596,obse
2523,7.465909719467163,0.031046088006355596,obse
2524,7.46880316734314,0.030803956707481504,obse
2525,7.471603631973267,0.03070757509194496,obse
2526,7.474637508392334,0.03549320911861458,obse
2527,7.477649211883545,0.03552760365330647,obse
2528,7.481050252914429,0.03670150102353142,obse
2529,7.484026908874512,0.03658005958659172,obse
2530,7.486986875534058,0.0361937379982226,obse
2531,7.490022659301758,0.0361937379982226,obse
2532,7.492977619171143,0.0361937379982226,obse
2533,7.495926141738892,0.03637968060421212,obse
2534,7.4987146854400635,0.036265024229719285,obse
2535,7.501408338546753,0.036265024229719285,obse
2536,7.504365682601929,0.036301143533353404,obse
2537,7.507148742675781,0.036301143533353404,obse
2538,7.509860515594482,0.036301143533353404,obse
2539,7.512760400772095,0.03590289283015298,obse
2540,7.515578031539917,0.03590289283015298,obse
2541,7.518276691436768,0.03590289283015298,obse
2542,7.521493911743164,0.03573345446735088,obse
2543,7.524494886398315,0.03573345446735088,obse
2544,7.52721643447876,0.03573345446735088,obse
2545,7.530354738235474,0.03603340556545268,obse
2546,7.533529996871948,0.03603340556545268,obse
2547,7.536391258239746,0.035696458030886266,obse
2548,7.5394439697265625,0.03559505972101182,obse
2549,7.5421669483184814,0.03559505972101182,obse
2550,7.54508113861084,0.03553987831769677,obse
2551,7.548095464706421,0.03542173304868474,obse
2552,7.550791263580322,0.061436395559192475,obse
2553,7.553741693496704,0.06160815021677116,obse
2554,7.556739807128906,0.062370310668912916,obse
2555,7.559518814086914,0.062370310668912916,obse
2556,7.5624706745147705,0.06207248752529681,obse
2557,7.565442085266113,0.06207248752529681,obse
2558,7.56818151473999,0.06207248752529681,obse
2559,7.570919990539551,0.06207248752529681,obse
2560,7.574027061462402,0.06178344793414715,obse
2561,7.576751232147217,0.06178344793414715,obse
2562,7.579814672470093,0.06207602606117765,obse
2563,7.5827906131744385,0.06207602606117765,obse
2564,7.58555793762207,0.06207602606117765,obse
2565,7.5885539054870605,0.061983630913589986,obse
2566,7.59140682220459,0.061983630913589986,obse
2567,7.594093084335327,0.061983630913589986,obse
2568,7.597307920455933,0.06171245680519084,obse
2569,7.600069999694824,0.06171245680519084,obse
2570,7.602951526641846,0.0618438922702523,obse
2571,7.6060402393341064,0.061784682497776626,obse
2572,7.6088621616363525,0.056876009294336644,obse
2573,7.611781597137451,0.057009574018516494,obse
2574,7.6148841381073,0.05628188515038347,obse
2575,7.6177167892456055,0.05628188515038347,obse
2576,7.620682239532471,0.05598290907819644,obse
2577,7.623633861541748,0.05598290907819644,obse
2578,7.626404285430908,0.05598290907819644,obse
2579,7.629390716552734,0.055920836039333746,obse
2580,7.632267236709595,0.055920836039333746,obse
2581,7.634992599487305,0.055920836039333746,obse
2582,7.63803505897522,0.056146179405245945,obse
2583,7.640907287597656,0.056146179405245945,obse
2584,7.643590211868286,0.056146179405245945,obse
2585,7.646825790405273,0.055777775819034536,obse
2586,7.649785757064819,0.055777775819034536,obse
2587,7.6525139808654785,0.055777775819034536,obse
2588,7.6556150913238525,0.055729239007683,obse
2589,7.658570289611816,0.055729239007683,obse
2590,7.661365985870361,0.05601663841235162,obse
2591,7.664403676986694,0.055906171938272124,obse
2592,7.667245864868164,0.055906171938272124,obse
2593,7.670176029205322,0.05568441351420257,obse
2594,7.673175811767578,0.055624763230110695,obse
2595,7.675938844680786,0.055624763230110695,obse
2596,7.678892612457275,0.05544024133646207,obse
2597,7.681843996047974,0.046724011444073454,obse
2598,7.684715032577515,0.046724011444073454,obse
2599,7.687672138214111,0.04709550633303793,obse
2600,7.6908862590789795,0.04683066465628044,obse
2601,7.693659067153931,0.04683066465628044,obse
2602,7.696611642837524,0.046580174852553245,obse
2603,7.69963002204895,0.046580174852553245,obse
2604,7.70248007774353,0.046580174852553245,obse
2605,7.705345153808594,0.04628772570578689,obse
2606,7.7081475257873535,0.04628772570578689,obse
2607,7.710923671722412,0.04628772570578689,obse
2608,7.713830947875977,0.046483781754335304,obse
2609,7.716616630554199,0.046483781754335304,obse
2610,7.7194294929504395,0.046463144679766075,obse
2611,7.722864151000977,0.04639648054825603,obse
2612,7.725890874862671,0.04639648054825603,obse
2613,7.7288923263549805,0.04607989585616541,obse
2614,7.731944799423218,0.046005029872800904,obse
2615,7.734631061553955,0.046005029872800904,obse
2616,7.7377400398254395,0.04623643645928964,obse
2617,7.740747928619385,0.04623643645928964,obse
2618,7.743455171585083,0.044461685768090266,obse
2619,7.746536016464233,0.044510532648626366,obse
2620,7.749480247497559,0.044507978274396474,obse
2621,7.752302408218384,0.044507978274396474,obse
2622,7.755309581756592,0.04405290078432813,obse
2623,7.758453845977783,0.04405290078432813,obse
2624,7.761268138885498,0.04405290078432813,obse
2625,7.764604091644287,0.043936886214928514,obse
2626,7.767588376998901,0.043936886214928514,obse
2627,7.770530462265015,0.044331158695427496,obse
2628,7.7735371589660645,0.04423597757441165,obse
2629,7.776355981826782,0.04423597757441165,obse
2630,7.779287099838257,0.04388399883707171,obse
2631,7.782331228256226,0.04388399883707171,obse
2632,7.785158634185791,0.04388399883707171,obse
2633,7.788201808929443,0.043718704478703324,obse
2634,7.791103839874268,0.043718704478703324,obse
2635,7.794060230255127,0.043718704478703324,obse
2636,7.797488451004028,0.0439417385318227,obse
2637,7.800291299819946,0.0439417385318227,obse
2638,7.803249359130859,0.04370267395142674,obse
2639,7.806530714035034,0.043616734158626186,obse
2640,7.809523820877075,0.043616734158626186,obse
2641,7.812485694885254,0.04008031740467263,obse
2642,7.815460443496704,0.03987697777787956,obse
2643,7.818267107009888,0.03987697777787956,obse
2644,7.821409702301025,0.03993909845381333,obse
2645,7.824458837509155,0.03993909845381333,obse
2646,7.82736611366272,0.03993909845381333,obse
2647,7.83072304725647,0.039904847931385476,obse
2648,7.833592653274536,0.039904847931385476,obse
2649,7.83659029006958,0.039509866689078604,obse
2650,7.8396782875061035,0.039390790698303556,obse
2651,7.8424928188323975,0.039390790698303556,obse
2652,7.845778226852417,0.039644185639649526,obse
2653,7.849002361297607,0.039644185639649526,obse
2654,7.851778268814087,0.039644185639649526,obse
2655,7.854908466339111,0.039555213526290954,obse
2656,7.857934474945068,0.039555213526290954,obse
2657,7.860692024230957,0.039555213526290954,obse
2658,7.863881349563599,0.03915233374052493,obse
2659,7.866701364517212,0.03915233374052493,obse
2660,7.869504928588867,0.03916956365521976,obse
2661,7.8726770877838135,0.034464312260774795,obse
2662,7.875482797622681,0.034464312260774795,obse
2663,7.878437280654907,0.034787900013415474,obse
2664,7.881412029266357,0.0343144502329462,obse
2665,7.884173393249512,0.0343144502329462,obse
2666,7.887127161026001,0.03399378981510146,obse
2667,7.8901801109313965,0.033611443415541134,obse
2668,7.893012762069702,0.033611443415541134,obse
2669,7.8962790966033936,0.03334630058738875,obse
2670,7.899158239364624,0.03334630058738875,obse
2671,7.90186619758606,0.03334630058738875,obse
2672,7.904828310012817,0.033561905081336316,obse
2673,7.907697677612305,0.033561905081336316,obse
2674,7.9104392528533936,0.033561905081336316,obse
2675,7.913465261459351,0.0332160872207842,obse
2676,7.916591644287109,0.0332160872207842,obse
2677,7.919635772705078,0.03306936498130137,obse
2678,7.922836780548096,0.03289347504343992,obse
2679,7.925761699676514,0.03289347504343992,obse
2680,7.928661346435547,0.033241673593768305,obse
2681,7.931437730789185,0.03305617135974115,obse
2682,7.934141635894775,0.03305617135974115,obse
2683,7.93696403503418,0.032926640593369694,obse
2684,7.939842224121094,0.03275728644401102,obse
2685,7.942591428756714,0.03275728644401102,obse
2686,7.945523262023926,0.0324012942309104,obse
2687,7.948797225952148,0.03227720998801117,obse
2688,7.951530933380127,0.03227720998801117,obse
2689,7.9547388553619385,0.03255513310089934,obse
2690,7.957928895950317,0.038570054771390354,obse
2691,7.960699796676636,0.038570054771390354,obse
2692,7.9636781215667725,0.038467642176138385,obse
2693,7.966566801071167,0.038467642176138385,obse
2694,7.969386339187622,0.03803368824040989,obse
2695,7.972461223602295,0.038091487536097174,obse
2696,7.975298166275024,0.038091487536097174,obse
2697,7.978267431259155,0.03843283243958286,obse
2698,7.981557369232178,0.03812203457146521,obse
2699,7.984431982040405,0.03812203457146521,obse
2700,7.9874067306518555,0.0381048603940607,obse
2701,7.990355968475342,0.0381048603940607,obse
2702,7.993274450302124,0.0381048603940607,obse
2703,7.996342182159424,0.03772013651276051,obse
2704,7.9993627071380615,0.03755361371211953,obse
2705,8.002105712890625,0.03755361371211953,obse
2706,8.005143880844116,0.03727493188579651,obse
2707,8.00835108757019,0.03727493188579651,obse
2708,8.011318922042847,0.05120316833473442,obse
2709,8.014929294586182,0.05189262556130842,obse
2710,8.017787456512451,0.05189262556130842,obse
2711,8.020631074905396,0.05153748989974122,obse
2712,8.023581266403198,0.05153748989974122,obse
2713,8.026413440704346,0.05153748989974122,obse
2714,8.029427528381348,0.051562998131577886,obse
2715,8.032357454299927,0.05146368196012294,obse
2716,8.035164594650269,0.05146368196012294,obse
2717,8.038403987884521,0.0516605174937698,obse
2718,8.041223526000977,0.0516605174937698,obse
2719,8.043845653533936,0.0516605174937698,obse
2720,8.047260284423828,0.05138516198344621,obse
2721,8.050096273422241,0.05138516198344621,obse
2722,8.052857875823975,0.05138516198344621,obse
2723,8.05593490600586,0.05115642276454578,obse
2724,8.05890154838562,0.05115642276454578,obse
2725,8.061707973480225,0.05155759734405922,obse
2726,8.064610242843628,0.05151395352942964,obse
2727,8.067471504211426,0.05151395352942964,obse
2728,8.070486545562744,0.05132133350086409,obse
2729,8.073426246643066,0.03735387853302739,obse
2730,8.076164722442627,0.03735387853302739,obse
2731,8.079517602920532,0.03697487753756305,obse
2732,8.082562923431396,0.03661895705218192,obse
2733,8.085354804992676,0.03661895705218192,obse
2734,8.088361024856567,0.0367023288462244,obse
2735,8.09128713607788,0.0367023288462244,obse
2736,8.09416151046753,0.036707932870078445,obse
2737,8.09713888168335,0.03661204742372847,obse
2738,8.100305080413818,0.03661204742372847,obse
2739,8.103110074996948,0.03634089297050964,obse
2740,8.106109142303467,0.03634523082523602,obse
2741,8.10895037651062,0.03634523082523602,obse
2742,8.111749649047852,0.03638802613620424,obse
2743,8.11479139328003,0.03630744986565407,obse
2744,8.117550373077393,0.03630744986565407,obse
2745,8.12052035331726,0.03628742985465716,obse
2746,8.123454809188843,0.03628742985465716,obse
2747,8.126389265060425,0.03628742985465716,obse
2748,8.129321575164795,0.03605959997318552,obse
2749,8.132935762405396,0.03605959997318552,obse
2750,8.136391639709473,0.03600913168875594,obse
2751,8.139209270477295,0.03595133068986632,obse
2752,8.141957759857178,0.03595133068986632,obse
2753,8.144692420959473,0.03595133068986632,obse
2754,8.147379398345947,0.03595133068986632,obse
2755,8.150334358215332,0.03624470977220854,obse
2756,8.153066635131836,0.03624470977220854,obse
2757,8.156154155731201,0.03777491503801399,obse
2758,8.159219980239868,0.037491577560220736,obse
2759,8.162674188613892,0.03763918418033388,obse
2760,8.165637016296387,0.037577589565433826,obse
2761,8.168527841567993,0.037577589565433826,obse
2762,8.171843767166138,0.03750754835527811,obse
2763,8.175972700119019,0.037807017050146045,obse
2764,8.180232763290405,0.03775045442189188,obse
2765,8.184021711349487,0.037613658973764987,obse
2766,8.187302350997925,0.037613658973764987,obse
2767,8.190502882003784,0.03763363894867305,obse
2768,8.193639039993286,0.03742417170986666,obse
2769,8.197152614593506,0.03737230533722818,obse
2770,8.199939727783203,0.03737230533722818,obse
2771,8.203113079071045,0.037648598431251214,obse
2772,8.205921649932861,0.037648598431251214,obse
2773,8.208869934082031,0.037648598431251214,obse
2774,8.21182107925415,0.040075543057110356,obse
2775,8.214692115783691,0.04005407822941507,obse
2776,8.217566013336182,0.03970892327317467,obse
2777,8.220518589019775,0.039556880185566114,obse
2778,8.223499536514282,0.03962959790406009,obse
2779,8.226210594177246,0.03962959790406009,obse
2780,8.229389667510986,0.03991018638655228,obse
2781,8.23236346244812,0.04006065564181997,obse
2782,8.235199451446533,0.04006065564181997,obse
2783,8.238213300704956,0.04001556458443187,obse
2784,8.241154193878174,0.03952982383581315,obse
2785,8.244014263153076,0.03952982383581315,obse
2786,8.247063398361206,0.039473413201806376,obse
2787,8.24995470046997,0.03970452823359445,obse
2788,8.25295376777649,0.039670614872069465,obse
2789,8.255941390991211,0.039670614872069465,obse
2790,8.259137868881226,0.03988541252332948,obse
2791,8.262173414230347,0.03988541252332948,obse
2792,8.265074729919434,0.039456418242123606,obse
2793,8.267976522445679,0.039456418242123606,obse
2794,8.270843267440796,0.039456418242123606,obse
2795,8.273625612258911,0.039456418242123606,obse
2796,8.27666187286377,0.03950873433379281,obse
2797,8.279828071594238,0.039843799213094534,obse
2798,8.28300166130066,0.03824545647131743,obse
2799,8.285798072814941,0.03824545647131743,obse
2800,8.2889404296875,0.03805072832491858,obse
2801,8.29188847541809,0.03805072832491858,obse
2802,8.294753074645996,0.037769788917213665,obse
2803,8.297789812088013,0.03773536004830067,obse
2804,8.300598621368408,0.03773536004830067,obse
2805,8.303558826446533,0.038219360482163386,obse
2806,8.306601524353027,0.038214448094717794,obse
2807,8.309360265731812,0.038214448094717794,obse
2808,8.312350749969482,0.03812744457853735,obse
2809,8.315375804901123,0.03809258215916273,obse
2810,8.318253993988037,0.03809258215916273,obse
2811,8.321361303329468,0.03779581853272975,obse
2812,8.324602603912354,0.03779581853272975,obse
2813,8.327342748641968,0.03779581853272975,obse
2814,8.330313920974731,0.037937936351091786,obse
2815,8.333079814910889,0.037937936351091786,obse
2816,8.335870027542114,0.037937936351091786,obse
2817,8.339163780212402,0.037981903284542866,obse
2818,8.341863632202148,0.037981903284542866,obse
2819,8.344721555709839,0.037981903284542866,obse
2820,8.347615957260132,0.03778487859273058,obse
2821,8.350440263748169,0.03778487859273058,obse
2822,8.35335659980774,0.0380260729992694,obse
2823,8.356595516204834,0.03302024372606344,obse
2824,8.359596967697144,0.03302024372606344,obse
2825,8.362615823745728,0.03314401658095268,obse
2826,8.36561632156372,0.03314401658095268,obse
2827,8.36836552619934,0.03314401658095268,obse
2828,8.371357440948486,0.032873604962806835,obse
2829,8.374282598495483,0.032873604962806835,obse
2830,8.3770432472229,0.032873604962806835,obse
2831,8.380127668380737,0.03279585693087071,obse
2832,8.382972717285156,0.03279585693087071,obse
2833,8.385669469833374,0.03279585693087071,obse
2834,8.38869833946228,0.03314314152546197,obse
2835,8.391803741455078,0.03314314152546197,obse
2836,8.39466404914856,0.03294137497252244,obse
2837,8.397608041763306,0.03290275338379957,obse
2838,8.40055775642395,0.03290275338379957,obse
2839,8.40349006652832,0.0327984828952009,obse
2840,8.406521558761597,0.03283156399082336,obse
2841,8.40940237045288,0.03411065413121193,obse
2842,8.412369966506958,0.03437441578365398,obse
2843,8.41532301902771,0.034757710758804225,obse
2844,8.4180588722229,0.034757710758804225,obse
2845,8.42116117477417,0.034593764997457054,obse
2846,8.424166202545166,0.034593764997457054,obse
2847,8.4268639087677,0.034593764997457054,obse
2848,8.430153846740723,0.03432682065996382,obse
2849,8.43310022354126,0.03432682065996382,obse
2850,8.4364013671875,0.034714960074893775,obse
2851,8.439801931381226,0.034720978190781605,obse
2852,8.442545413970947,0.034720978190781605,obse
2853,8.445511817932129,0.034718651022492455,obse
2854,8.448569297790527,0.034717915458736634,obse
2855,8.451295614242554,0.034717915458736634,obse
2856,8.454305410385132,0.03445808593699247,obse
2857,8.457358360290527,0.03445808593699247,obse
2858,8.460121631622314,0.03445808593699247,obse
2859,8.46307897567749,0.03464227891343817,obse
2860,8.466050624847412,0.03464227891343817,obse
2861,8.468943119049072,0.03464227891343817,obse
2862,8.47190237045288,0.03476540678541545,obse
2863,8.474902868270874,0.03341779999147682,obse
2864,8.477810382843018,0.03341779999147682,obse
2865,8.480945110321045,0.03423569341614986,obse
2866,8.483778238296509,0.03423569341614986,obse
2867,8.48659873008728,0.03417298375084713,obse
2868,8.489795684814453,0.03417612918017699,obse
2869,8.492564678192139,0.03417612918017699,obse
2870,8.495520830154419,0.03451256758247816,obse
2871,8.498428106307983,0.03451256758247816,obse
2872,8.50144362449646,0.03451256758247816,obse
2873,8.50478982925415,0.034223642731540646,obse
2874,8.507622718811035,0.034223642731540646,obse
2875,8.510370254516602,0.034223642731540646,obse
2876,8.513373136520386,0.0342493330548388,obse
2877,8.516184329986572,0.0342493330548388,obse
2878,8.51897668838501,0.0342493330548388,obse
2879,8.522035598754883,0.03451586263536663,obse
2880,8.524857521057129,0.03451586263536663,obse
2881,8.527690172195435,0.03451586263536663,obse
2882,8.530795574188232,0.034325712897380525,obse
2883,8.533605575561523,0.034325712897380525,obse
2884,8.536576986312866,0.03404354044979869,obse
2885,8.539584159851074,0.03408334635689688,obse
2886,8.542432069778442,0.034488655200085164,obse
2887,8.545289039611816,0.034860163524494704,obse
2888,8.548038959503174,0.034860163524494704,obse
2889,8.550771713256836,0.034860163524494704,obse
2890,8.553738594055176,0.03485485959373907,obse
2891,8.557168960571289,0.034389039238108245,obse
2892,8.560163497924805,0.034389039238108245,obse
2893,8.563103675842285,0.03420595925183618,obse
2894,8.565902709960938,0.03420595925183618,obse
2895,8.568602561950684,0.03420595925183618,obse
2896,8.571381568908691,0.03420595925183618,obse
2897,8.574375629425049,0.03442110548151921,obse
2898,8.577192306518555,0.03442110548151921,obse
2899,8.580066680908203,0.03442783683513821,obse
2900,8.582796812057495,0.03442783683513821,obse
2901,8.585667848587036,0.03441797461448559,obse
2902,8.588799953460693,0.03409641001978326,obse
2903,8.592264652252197,0.034067498569084524,obse
2904,8.595125198364258,0.034067498569084524,obse
2905,8.598183870315552,0.034350964688422685,obse
2906,8.601232528686523,0.034350964688422685,obse
2907,8.604025602340698,0.034479447729840594,obse
2908,8.60697603225708,0.03447571139867765,obse
2909,8.610047340393066,0.0345459273755712,obse
2910,8.612954139709473,0.0345459273755712,obse
2911,8.615990400314331,0.03436540461678134,obse
2912,8.61888575553894,0.03436540461678134,obse
2913,8.621976137161255,0.03491950447374693,obse
2914,8.625098943710327,0.0349232589181796,obse
2915,8.627983331680298,0.0349232589181796,obse
2916,8.630908012390137,0.035142561848618456,obse
2917,8.633922338485718,0.035138337429217556,obse
2918,8.636909246444702,0.034998340839774655,obse
2919,8.639739274978638,0.034998340839774655,obse
2920,8.643012285232544,0.034995697184197705,obse
2921,8.645871877670288,0.034995697184197705,obse
2922,8.649224758148193,0.034849856662585846,obse
2923,8.652421951293945,0.034849856662585846,obse
2924,8.65535855293274,0.034849856662585846,obse
2925,8.658317804336548,0.03519678789975735,obse
2926,8.661409139633179,0.03517972882960238,obse
2927,8.664342164993286,0.03517972882960238,obse
2928,8.667622327804565,0.03505450843923674,obse
2929,8.670764923095703,0.03505199015883668,obse
2930,8.673651218414307,0.03505199015883668,obse
2931,8.676594734191895,0.034953707768898355,obse
2932,8.67977237701416,0.03464911016262431,obse
2933,8.683107376098633,0.034869834082163945,obse
2934,8.686283826828003,0.03491614864139694,obse
2935,8.689491033554077,0.034904207674073866,obse
2936,8.692445755004883,0.034904207674073866,obse
2937,8.69542670249939,0.0346767243237489,obse
2938,8.698460340499878,0.0346767243237489,obse
2939,8.701313257217407,0.0346767243237489,obse
2940,8.70439338684082,0.03488386353956005,obse
2941,8.707371711730957,0.03488386353956005,obse
2942,8.71018934249878,0.03488386353956005,obse
2943,8.71353268623352,0.03499672181974187,obse
2944,8.716463804244995,0.03499672181974187,obse
2945,8.719347715377808,0.03499672181974187,obse
2946,8.72249698638916,0.034664193572006084,obse
2947,8.725395202636719,0.034664193572006084,obse
2948,8.728248357772827,0.034647238796638995,obse
2949,8.731362581253052,0.03465266286497132,obse
2950,8.734148263931274,0.03465266286497132,obse
2951,8.737050771713257,0.034987414608953035,obse
2952,8.74014687538147,0.03370888255190889,obse
2953,8.743102073669434,0.03370888255190889,obse
2954,8.746264457702637,0.0333848750161069,obse
2955,8.749253988265991,0.03361988034728574,obse
2956,8.752163887023926,0.03361988034728574,obse
2957,8.75537109375,0.033463770301318536,obse
2958,8.758483409881592,0.033463770301318536,obse
2959,8.761401414871216,0.033463770301318536,obse
2960,8.764421701431274,0.03375918453533166,obse
2961,8.76722764968872,0.03375918453533166,obse
2962,8.770264625549316,0.03352159406612701,obse
2963,8.773196458816528,0.03352159406612701,obse
2964,8.776007890701294,0.03352159406612701,obse
2965,8.778894424438477,0.03331036454535473,obse
2966,8.781907796859741,0.033277698912227774,obse
2967,8.784693002700806,0.033277698912227774,obse
2968,8.787700414657593,0.03361515345498391,obse
2969,8.791047096252441,0.03361515345498391,obse
2970,8.794018983840942,0.03361515345498391,obse
2971,8.797183513641357,0.03344905156236472,obse
2972,8.800095558166504,0.03344905156236472,obse
2973,8.803121566772461,0.03311609043275405,obse
2974,8.80621600151062,0.03305424704331831,obse
2975,8.809187173843384,0.03448992443496027,obse
2976,8.812405824661255,0.03478266578935428,obse
2977,8.81541895866394,0.03477070460372199,obse
2978,8.818228483200073,0.03477070460372199,obse
2979,8.821535587310791,0.03477108085442316,obse
2980,8.825040817260742,0.03477108085442316,obse
2981,8.827919244766235,0.03477108085442316,obse
2982,8.831059455871582,0.034323993512517255,obse
2983,8.833931922912598,0.034323993512517255,obse
2984,8.836911916732788,0.034323993512517255,obse
2985,8.839982271194458,0.03454071833897688,obse
2986,8.842849493026733,0.03454071833897688,obse
2987,8.845914602279663,0.034630485602356,obse
2988,8.848806142807007,0.034630485602356,obse
2989,8.85158395767212,0.034630485602356,obse
2990,8.854629278182983,0.034303846070088795,obse
2991,8.857499837875366,0.034303846070088795,obse
2992,8.860275506973267,0.034303846070088795,obse
2993,8.86340045928955,0.03426339817281443,obse
2994,8.866279125213623,0.03426339817281443,obse
2995,8.869123935699463,0.03426339817281443,obse
2996,8.872243165969849,0.03444103777400018,obse
2997,8.875134944915771,0.03444103777400018,obse
2998,8.878043413162231,0.03425717164463654,obse
2999,8.8809974193573,0.03314598927047632,obse
3000,8.88398265838623,0.03443125244206989,obse
3001,8.886902809143066,0.034202412104040084,obse
3002,8.889885902404785,0.03409880043896544,obse
3003,8.892765522003174,0.03409880043896544,obse
3004,8.89586091041565,0.0345053975089756,obse
3005,8.898821830749512,0.0345053975089756,obse
3006,8.90166974067688,0.0345053975089756,obse
3007,8.90476393699646,0.034217671752967777,obse
3008,8.907688856124878,0.034217671752967777,obse
3009,8.910672426223755,0.034217671752967777,obse
3010,8.913845777511597,0.03390993896634557,obse
3011,8.916877508163452,0.03390993896634557,obse
3012,8.91981053352356,0.034131738008528735,obse
3013,8.922959566116333,0.033996514865358395,obse
3014,8.925803184509277,0.033996514865358395,obse
3015,8.92878270149231,0.03393876565181034,obse
3016,8.931754112243652,0.03393876565181034,obse
3017,8.934570550918579,0.03393876565181034,obse
3018,8.93770432472229,0.03356885907042086,obse
3019,8.940622806549072,0.039335688897363726,obse
3020,8.943453550338745,0.039335688897363726,obse
3021,8.946550130844116,0.03945614136033377,obse
3022,8.949420690536499,0.039473101826690504,obse
3023,8.952225923538208,0.039473101826690504,obse
3024,8.955256700515747,0.039496369442627084,obse
3025,8.958413124084473,0.039496369442627084,obse
3026,8.961318492889404,0.03915064863157013,obse
3027,8.964313745498657,0.0390302091589881,obse
3028,8.967164754867554,0.0390302091589881,obse
3029,8.969952821731567,0.0390302091589881,obse
3030,8.972979545593262,0.039064448721841775,obse
3031,8.975873708724976,0.039064448721841775,obse
3032,8.979064702987671,0.03931681540151863,obse
3033,8.982643365859985,0.03931681540151863,obse
3034,8.985408067703247,0.03931681540151863,obse
3035,8.988587617874146,0.038918474530328526,obse
3036,8.991701126098633,0.038918474530328526,obse
3037,8.994569778442383,0.03877510258208816,obse
3038,8.997804164886475,0.0386883615998572,obse
3039,9.000574350357056,0.0386883615998572,obse
3040,9.003503561019897,0.03910080500978065,obse
3041,9.006712675094604,0.05668684457571938,obse
3042,9.009501457214355,0.05668684457571938,obse
3043,9.012613296508789,0.05647792809985674,obse
3044,9.015861988067627,0.05759927780099826,obse
3045,9.018665790557861,0.05759927780099826,obse
3046,9.021875619888306,0.05732356590892567,obse
3047,9.025024652481079,0.05732356590892567,obse
3048,9.027908563613892,0.05769578487768642,obse
3049,9.031068325042725,0.05759003934780568,obse
3050,9.033891439437866,0.05759003934780568,obse
3051,9.036864519119263,0.05748911110059145,obse
3052,9.039914608001709,0.057463106572870515,obse
3053,9.042757511138916,0.057463106572870515,obse
3054,9.04581880569458,0.05706872516805094,obse
3055,9.048930406570435,0.05706872516805094,obse
3056,9.05181622505188,0.05706872516805094,obse
3057,9.05509066581726,0.05736123572577093,obse
3058,9.058056354522705,0.05736123572577093,obse
3059,9.060969591140747,0.057374716086881695,obse
3060,9.06417965888977,0.05729661876691916,obse
3061,9.06711196899414,0.05729661876691916,obse
3062,9.070241451263428,0.056945874086502826,obse
3063,9.073360443115234,0.05684688016707941,obse
3064,9.076268672943115,0.05684688016707941,obse
3065,9.079195976257324,0.05704055073441098,obse
3066,9.082350969314575,0.057743673674333855,obse
3067,9.085273027420044,0.057743673674333855,obse
3068,9.088536500930786,0.05781096738826971,obse
3069,9.091374635696411,0.05781096738826971,obse
3070,9.094287395477295,0.057502932407418154,obse
3071,9.097357749938965,0.0574442609673193,obse
3072,9.100154161453247,0.0574442609673193,obse
3073,9.103010892868042,0.0574442609673193,obse
3074,9.106173753738403,0.05739065640865519,obse
3075,9.108995914459229,0.05739065640865519,obse
3076,9.112014770507812,0.05776379605144753,obse
3077,9.115223407745361,0.05763824348097644,obse
3078,9.118011474609375,0.05763824348097644,obse
3079,9.121082782745361,0.057284078619431196,obse
3080,9.124080419540405,0.057284078619431196,obse
3081,9.126861572265625,0.057284078619431196,obse
3082,9.129869222640991,0.057065241067738845,obse
3083,9.132859230041504,0.057065241067738845,obse
3084,9.135677576065063,0.057065241067738845,obse
3085,9.13881540298462,0.05735842546537534,obse
3086,9.141654968261719,0.055926011917858044,obse
3087,9.145102739334106,0.055756732961322934,obse
3088,9.148196935653687,0.055827302132653286,obse
3089,9.15098786354065,0.055827302132653286,obse
3090,9.15399169921875,0.05548725387316969,obse
3091,9.157005071640015,0.05548725387316969,obse
3092,9.159881830215454,0.05548725387316969,obse
3093,9.16287112236023,0.05565440724818799,obse
3094,9.165805101394653,0.05565440724818799,obse
3095,9.16858983039856,0.05565440724818799,obse
3096,9.17160153388977,0.05567839948183859,obse
3097,9.174702882766724,0.05567839948183859,obse
3098,9.177494764328003,0.05567839948183859,obse
3099,9.180721282958984,0.055315333859806026,obse
3100,9.183591365814209,0.055315333859806026,obse
3101,9.186515808105469,0.05548784352196287,obse
3102,9.189421892166138,0.05544769229651699,obse
3103,9.192534685134888,0.05544769229651699,obse
3104,9.195556879043579,0.05550532972259944,obse
3105,9.198380708694458,0.05550532972259944,obse
3106,9.201148509979248,0.05550532972259944,obse
3107,9.204356908798218,0.05516028042436221,obse
3108,9.207144498825073,0.05516028042436221,obse
3109,9.20994758605957,0.05516028042436221,obse
3110,9.213112592697144,0.05518773587567004,obse
3111,9.215912818908691,0.05514152988031893,obse
3112,9.218728065490723,0.05514152988031893,obse
3113,9.221720218658447,0.0554233716922366,obse
3114,9.225017309188843,0.042994367549049756,obse
3115,9.227871179580688,0.042994367549049756,obse
3116,9.231070756912231,0.04257083233336385,obse
3117,9.23395299911499,0.04257083233336385,obse
3118,9.237079620361328,0.04256868560529928,obse
3119,9.24010419845581,0.04245992788032812,obse
3120,9.242850303649902,0.04245992788032812,obse
3121,9.245936393737793,0.042755604952892934,obse
3122,9.249042510986328,0.042632452289634,obse
3123,9.251837253570557,0.042632452289634,obse
3124,9.254984617233276,0.042349889931089624,obse
3125,9.258013248443604,0.042349889931089624,obse
3126,9.260820865631104,0.042349889931089624,obse
3127,9.263978719711304,0.04198334626148366,obse
3128,9.267087459564209,0.04198334626148366,obse
3129,9.269955396652222,0.04198334626148366,obse
3130,9.273165941238403,0.04229309466022733,obse
3131,9.276041984558105,0.05103018758418878,obse
3132,9.278982400894165,0.05095343941169508,obse
3133,9.28220796585083,0.051860123264990746,obse
3134,9.285192251205444,0.051860123264990746,obse
3135,9.288325071334839,0.05151885755884413,obse
3136,9.291393041610718,0.05151885755884413,obse
3137,9.294320106506348,0.05151885755884413,obse
3138,9.298111915588379,0.05169670640072644,obse
3139,9.301259994506836,0.05169670640072644,obse
3140,9.30437421798706,0.05167436385373308,obse
3141,9.307507753372192,0.05167436385373308,obse
3142,9.310302257537842,0.05167436385373308,obse
3143,9.313401937484741,0.051199795946326176,obse
3144,9.31641960144043,0.051199795946326176,obse
3145,9.319286584854126,0.051199795946326176,obse
3146,9.32239580154419,0.05149258790270376,obse
3147,9.32533574104309,0.05149258790270376,obse
3148,9.328133821487427,0.05149258790270376,obse
3149,9.331352233886719,0.05154370299797268,obse
3150,9.334353685379028,0.05154370299797268,obse
3151,9.337358713150024,0.0512651333139829,obse
3152,9.340359687805176,0.05116496766232783,obse
3153,9.343118906021118,0.05116496766232783,obse
3154,9.346226453781128,0.05119898091003769,obse
3155,9.34915542602539,0.0359749777733671,obse
3156,9.35205888748169,0.0359749777733671,obse
3157,9.35519027709961,0.03501096471832844,obse
3158,9.358831644058228,0.035091731891911074,obse
3159,9.36190414428711,0.03437973799974434,obse
3160,9.36501169204712,0.03383017316222283,obse
3161,9.367931842803955,0.03383017316222283,obse
3162,9.370893001556396,0.03383017316222283,obse
3163,9.374618768692017,0.03367126582038801,obse
3164,9.378221988677979,0.03367126582038801,obse
3165,9.381046533584595,0.03367126582038801,obse
3166,9.38402771949768,0.034114058139946016,obse
3167,9.387741327285767,0.03399980358567898,obse
3168,9.391437292098999,0.033599158631597334,obse
3169,9.394350290298462,0.033599158631597334,obse
3170,9.397342920303345,0.033599158631597334,obse
3171,9.400371789932251,0.03332440814529961,obse
3172,9.40315866470337,0.03332440814529961,obse
3173,9.40600061416626,0.03332440814529961,obse
3174,9.40904450416565,0.033541587938784354,obse
3175,9.411864280700684,0.033541587938784354,obse
3176,9.414749145507812,0.03350083627302541,obse
3177,9.417770862579346,0.033393384352803084,obse
3178,9.421241998672485,0.05554187075451211,obse
3179,9.425186157226562,0.05512098116721237,obse
3180,9.42824411392212,0.05512098116721237,obse
3181,9.431285619735718,0.05512098116721237,obse
3182,9.434110164642334,0.05512098116721237,obse
3183,9.437306642532349,0.05540743619003071,obse
3184,9.44027853012085,0.05545486519483904,obse
3185,9.443094730377197,0.05545486519483904,obse
3186,9.44636058807373,0.05541931705319763,obse
3187,9.449477672576904,0.05517222302283882,obse
3188,9.452672958374023,0.05513906345286153,obse
3189,9.455817222595215,0.05529874623446877,obse
3190,9.458789825439453,0.05529874623446877,obse
3191,9.461918115615845,0.05521664331146013,obse
3192,9.46510100364685,0.055241849036291875,obse
3193,9.468054294586182,0.055241849036291875,obse
3194,9.470889568328857,0.055241849036291875,obse
3195,9.474281072616577,0.052534107103849856,obse
3196,9.477221488952637,0.052534107103849856,obse
3197,9.48007583618164,0.05344891020258472,obse
3198,9.48335599899292,0.05349551298851315,obse
3199,9.486398696899414,0.053446923676492626,obse
3200,9.489550113677979,0.05368646600160557,obse
3201,9.492506504058838,0.05368646600160557,obse
3202,9.49550485610962,0.0533988240072317,obse
3203,9.498514652252197,0.053363391437651564,obse
3204,9.501469135284424,0.053363391437651564,obse
3205,9.504573583602905,0.053130917570896184,obse
3206,9.507435083389282,0.053130917570896184,obse
3207,9.510258197784424,0.053130917570896184,obse
3208,9.513669729232788,0.053508847174574846,obse
3209,9.516898393630981,0.053508847174574846,obse
3210,9.519987344741821,0.05332287932096963,obse
3211,9.523052453994751,0.05332287932096963,obse
3212,9.52599573135376,0.05332287932096963,obse
3213,9.529191732406616,0.05303886622276667,obse
3214,9.532182455062866,0.05303886622276667,obse
3215,9.53510046005249,0.05303886622276667,obse
3216,9.53818964958191,0.053255239443794476,obse
3217,9.541163206100464,0.053255239443794476,obse
3218,9.544233560562134,0.053255239443794476,obse
3219,9.547686100006104,0.04633599472061331,obse
3220,9.550599575042725,0.04633599472061331,obse
3221,9.553657293319702,0.045944978418356604,obse
3222,9.556751728057861,0.045944978418356604,obse
3223,9.559547662734985,0.045944978418356604,obse
3224,9.562665224075317,0.046006806699086425,obse
3225,9.565634965896606,0.046006806699086425,obse
3226,9.568437814712524,0.046006806699086425,obse
3227,9.571550607681274,0.04622555489034361,obse
3228,9.574648141860962,0.04622555489034361,obse
3229,9.577470779418945,0.04622555489034361,obse
3230,9.580775260925293,0.04574116271528904,obse
3231,9.583589315414429,0.04574116271528904,obse
3232,9.5866858959198,0.04581489936029011,obse
3233,9.58982539176941,0.04581489936029011,obse
3234,9.592726469039917,0.04581489936029011,obse
3235,9.595694303512573,0.04604905606393096,obse
3236,9.598751544952393,0.045966540637887826,obse
3237,9.601582765579224,0.045966540637887826,obse
3238,9.604944705963135,0.04573873155396786,obse
3239,9.607990026473999,0.04573873155396786,obse
3240,9.610998392105103,0.062248840567047894,obse
3241,9.614251613616943,0.06375789562829969,obse
3242,9.617181539535522,0.06375789562829969,obse
3243,9.620293140411377,0.06402159741695655,obse
3244,9.623325824737549,0.06398830001947223,obse
3245,9.626346111297607,0.06398830001947223,obse
3246,9.629671812057495,0.06378460793695986,obse
3247,9.632495403289795,0.06378460793695986,obse
3248,9.635477781295776,0.06378460793695986,obse
3249,9.638580560684204,0.06355147425506376,obse
3250,9.641363859176636,0.06355147425506376,obse
3251,9.644380331039429,0.06380589283121656,obse
3252,9.647362470626831,0.06379533837478021,obse
3253,9.650156736373901,0.06379533837478021,obse
3254,9.65316104888916,0.06379859868278537,obse
3255,9.656036376953125,0.06379822173413821,obse
3256,9.659236907958984,0.06379822173413821,obse
3257,9.662259578704834,0.0634330893795453,obse
3258,9.665483713150024,0.0634330893795453,obse
3259,9.668373107910156,0.0634330893795453,obse
3260,9.671380281448364,0.06375460349218058,obse
3261,9.674468278884888,0.05372489854640317,obse
3262,9.677451133728027,0.05374602776668294,obse
3263,9.680611371994019,0.053137492840635354,obse
3264,9.68352198600769,0.053137492840635354,obse
3265,9.68668818473816,0.052800287825451396,obse
3266,9.689750909805298,0.0527478090032377,obse
3267,9.692794561386108,0.0527478090032377,obse
3268,9.696064472198486,0.052788516006369836,obse
3269,9.699095249176025,0.052788516006369836,obse
3270,9.702128410339355,0.052788516006369836,obse
3271,9.705346822738647,0.05299066102831809,obse
3272,9.708335638046265,0.05299066102831809,obse
3273,9.711267471313477,0.05265348463170913,obse
3274,9.714443445205688,0.05264401072902032,obse
3275,9.717307567596436,0.05264401072902032,obse
3276,9.720291137695312,0.05268393647434969,obse
3277,9.723308563232422,0.05266225268964971,obse
3278,9.726402521133423,0.05266225268964971,obse
3279,9.729615449905396,0.05301300484210783,obse
3280,9.732571840286255,0.05301300484210783,obse
3281,9.735451698303223,0.05301300484210783,obse
3282,9.738721132278442,0.052701051272368335,obse
3283,9.741615056991577,0.057869048290104606,obse
3284,9.74454402923584,0.05785269026960312,obse
3285,9.74755311012268,0.05778317244073217,obse
3286,9.750322818756104,0.05778317244073217,obse
3287,9.753336429595947,0.05805058597889853,obse
3288,9.75653862953186,0.058305248861001926,obse
3289,9.759806632995605,0.058305248861001926,obse
3290,9.762935876846313,0.05812499274791958,obse
3291,9.765946388244629,0.05813073497745427,obse
3292,9.768884658813477,0.05813073497745427,obse
3293,9.771864175796509,0.05791584218842426,obse
3294,9.774730682373047,0.05789208235961688,obse
3295,9.777760744094849,0.05789208235961688,obse
3296,9.780644178390503,0.05789208235961688,obse
3297,9.784066915512085,0.05823867924306268,obse
3298,9.787020206451416,0.05823867924306268,obse
3299,9.790118217468262,0.05818360396524095,obse
3300,9.793117761611938,0.0581556418347272,obse
3301,9.796086549758911,0.0581556418347272,obse
3302,9.799080610275269,0.05798864563959463,obse
3303,9.802039623260498,0.0579521451775817,obse
3304,9.804943561553955,0.0579521451775817,obse
3305,9.80781102180481,0.07291799730037073,obse
3306,9.810876369476318,0.07309002113132286,obse
3307,9.81378436088562,0.07571359240771576,obse
3308,9.816749334335327,0.07571359240771576,obse
3309,9.819930791854858,0.07579985250926671,obse
3310,9.822903633117676,0.07563851942601377,obse
3311,9.825999021530151,0.07563851942601377,obse
3312,9.82900333404541,0.07563851942601377,obse
3313,9.831886529922485,0.07563851942601377,obse
3314,9.834980487823486,0.07567370944667168,obse
3315,9.837829828262329,0.07567370944667168,obse
3316,9.840727806091309,0.07567370944667168,obse
3317,9.843760967254639,0.075915885328733,obse
3318,9.846626996994019,0.075915885328733,obse
3319,9.849874496459961,0.0756961322192736,obse
3320,9.85288667678833,0.0756961322192736,obse
3321,9.855858564376831,0.07573522872586157,obse
3322,9.859016418457031,0.07571529420442243,obse
3323,9.862033128738403,0.07598645819869956,obse
3324,9.865070343017578,0.07601463929829545,obse
3325,9.868054866790771,0.07601463929829545,obse
3326,9.870975971221924,0.07601463929829545,obse
3327,9.873908281326294,0.07579278623939138,obse
3328,9.876844644546509,0.07780742467768173,obse
3329,9.880149126052856,0.0785553002234717,obse
3330,9.883564949035645,0.07870975195631615,obse
3331,9.886873722076416,0.0789593621726352,obse
3332,9.889962196350098,0.0789593621726352,obse
3333,9.89294981956482,0.0789593621726352,obse
3334,9.895991563796997,0.07895871008957506,obse
3335,9.899222373962402,0.07889994881476844,obse
3336,9.902121305465698,0.07889994881476844,obse
3337,9.905404329299927,0.07866541089579991,obse
3338,9.908352613449097,0.07866541089579991,obse
3339,9.911376953125,0.07902023376611547,obse
3340,9.914665222167969,0.07903174177997446,obse
3341,9.917527675628662,0.07903174177997446,obse
3342,9.92071533203125,0.07910978204861377,obse
3343,9.92382550239563,0.07910978204861377,obse
3344,9.926636219024658,0.07910978204861377,obse
3345,9.929947853088379,0.07887746345373241,obse
3346,9.933058500289917,0.07887746345373241,obse
3347,9.935997724533081,0.07887746345373241,obse
3348,9.93934440612793,0.07907736913844601,obse
3349,9.94258999824524,0.07907736913844601,obse
3350,9.94559907913208,0.07803577807994437,obse
3351,9.94890022277832,0.07736016754170379,obse
3352,9.951702356338501,0.07736016754170379,obse
3353,9.954835653305054,0.07720563668774037,obse
3354,9.957847118377686,0.07720563668774037,obse
3355,9.960681676864624,0.07720563668774037,obse
3356,9.963768482208252,0.07728698451323673,obse
3357,9.966715097427368,0.07728698451323673,obse
3358,9.969595670700073,0.07728698451323673,obse
3359,9.972688913345337,0.07755843097439206,obse
3360,9.975693464279175,0.07755843097439206,obse
3361,9.978779315948486,0.07722772017298178,obse
3362,9.981891632080078,0.07722772017298178,obse
3363,9.984736204147339,0.07722772017298178,obse
3364,9.987862586975098,0.07716177566991207,obse
3365,9.990870714187622,0.07716177566991207,obse
3366,9.993821382522583,0.07716177566991207,obse
3367,9.997068166732788,0.07746647181056202,obse
3368,10.000036001205444,0.07746647181056202,obse
3369,10.0031259059906,0.07746647181056202,obse
3370,10.006284236907959,0.07744969876175595,obse
3371,10.009270429611206,0.08526954497450875,obse
3372,10.01244306564331,0.085128539391075,obse
3373,10.015401124954224,0.0861632935925758,obse
3374,10.018265008926392,0.0861632935925758,obse
3375,10.021440744400024,0.08641064830783805,obse
3376,10.024497985839844,0.08641064830783805,obse
3377,10.027381420135498,0.08641064830783805,obse
3378,10.030380487442017,0.0864077894324411,obse
3379,10.03319501876831,0.0864077894324411,obse
3380,10.036310911178589,0.0861810751778369,obse
3381,10.039284944534302,0.08616536493383971,obse
3382,10.042125225067139,0.08616536493383971,obse
3383,10.045038938522339,0.08634138812773666,obse
3384,10.047975540161133,0.08629911498761574,obse
3385,10.050801753997803,0.08629911498761574,obse
3386,10.05365800857544,0.08629911498761574,obse
3387,10.056938886642456,0.086422638596846,obse
3388,10.059932470321655,0.086422638596846,obse
3389,10.063055515289307,0.0857314455803733,obse
3390,10.06622838973999,0.0857314455803733,obse
3391,10.069125175476074,0.0857314455803733,obse
3392,10.072415113449097,0.0859624003178696,obse
3393,10.075232744216919,0.0859624003178696,obse
3394,10.07824182510376,0.0861667839813928,obse
3395,10.081291198730469,0.08620002290646699,obse
3396,10.084118604660034,0.08620002290646699,obse
3397,10.087076425552368,0.08596357242504982,obse
3398,10.090298414230347,0.08598135697209155,obse
3399,10.09313154220581,0.08598135697209155,obse
3400,10.096442222595215,0.08601742440446034,obse
3401,10.099539518356323,0.08601742440446034,obse
3402,10.102755308151245,0.08601742440446034,obse
3403,10.105904340744019,0.06533201794020772,obse
3404,10.108806371688843,0.06226395646206527,obse
3405,10.111744165420532,0.06200304820423362,obse
3406,10.114881753921509,0.06185692877917098,obse
3407,10.117688179016113,0.06185692877917098,obse
3408,10.120710372924805,0.061611729369588926,obse
3409,10.123624563217163,0.061611729369588926,obse
3410,10.126588344573975,0.061611729369588926,obse
3411,10.129838228225708,0.062016165276323934,obse
3412,10.1326265335083,0.062016165276323934,obse
3413,10.135597467422485,0.062016165276323934,obse
3414,10.138734817504883,0.06189077093434106,obse
3415,10.141535758972168,0.06189077093434106,obse
3416,10.144547462463379,0.061695547863565244,obse
3417,10.147782325744629,0.0616745222580008,obse
3418,10.150742292404175,0.0616745222580008,obse
3419,10.153799057006836,0.0619339465730326,obse
3420,10.157104969024658,0.03735183660867705,obse
3421,10.159951448440552,0.03735183660867705,obse
3422,10.163356065750122,0.03651037541251884,obse
3423,10.16629958152771,0.03651037541251884,obse
3424,10.16931700706482,0.03611634712440163,obse
3425,10.17246389389038,0.03604764448406634,obse
3426,10.175349950790405,0.03604764448406634,obse
3427,10.1784987449646,0.03634323571944974,obse
3428,10.181609153747559,0.03628344518393777,obse
3429,10.184415578842163,0.03628344518393777,obse
3430,10.187555074691772,0.03638321649776814,obse
3431,10.190599203109741,0.03638321649776814,obse
3432,10.193418025970459,0.03638321649776814,obse
3433,10.196782112121582,0.035794358545026536,obse
3434,10.199792861938477,0.035794358545026536,obse
3435,10.20268201828003,0.035859231777974204,obse
3436,10.205808639526367,0.035800622304983806,obse
3437,10.208767890930176,0.03309017495319499,obse
3438,10.211697101593018,0.03344066674973801,obse
3439,10.214904069900513,0.03296258193147361,obse
3440,10.217801809310913,0.03296258193147361,obse
3441,10.22104525566101,0.032642253539781896,obse
3442,10.224037170410156,0.032642253539781896,obse
3443,10.226787328720093,0.032642253539781896,obse
3444,10.23022723197937,0.0323762839486357,obse
3445,10.233215808868408,0.0323762839486357,obse
3446,10.236241579055786,0.0323762839486357,obse
3447,10.239440679550171,0.03266543288402897,obse
3448,10.242244720458984,0.03266543288402897,obse
3449,10.24526834487915,0.032475801485473826,obse
3450,10.248561382293701,0.032475801485473826,obse
3451,10.251391887664795,0.032475801485473826,obse
3452,10.25456190109253,0.032102682583943554,obse
3453,10.257964134216309,0.032102682583943554,obse
3454,10.260846138000488,0.03246154097607329,obse
3455,10.2642662525177,0.03238879790846176,obse
3456,10.26708984375,0.03238879790846176,obse
3457,10.26995587348938,0.03234231357241276,obse
3458,10.272849082946777,0.03224967868386713,obse
3459,10.2756929397583,0.03224967868386713,obse
3460,10.27855920791626,0.03190185027411429,obse
3461,10.281769275665283,0.04361614095617909,obse
3462,10.284645318984985,0.04361614095617909,obse
3463,10.287855625152588,0.04381669670999012,obse
3464,10.29103946685791,0.04381669670999012,obse
3465,10.293931007385254,0.04381669670999012,obse
3466,10.297213315963745,0.04393709697876208,obse
3467,10.30007266998291,0.04393709697876208,obse
3468,10.302953958511353,0.043572640391216694,obse
3469,10.30605435371399,0.04354686495654398,obse
3470,10.308984756469727,0.04354686495654398,obse
3471,10.312212228775024,0.043737328621003706,obse
3472,10.315150737762451,0.043737328621003706,obse
3473,10.317987203598022,0.043737328621003706,obse
3474,10.321088314056396,0.04395039137479056,obse
3475,10.324169635772705,0.04395039137479056,obse
3476,10.326910495758057,0.04395039137479056,obse
3477,10.330126285552979,0.04354922811084475,obse
3478,10.332964658737183,0.04354922811084475,obse
3479,10.335777044296265,0.04354922811084475,obse
3480,10.339014291763306,0.05205906957550175,obse
3481,10.342161178588867,0.05253624781034309,obse
3482,10.345149755477905,0.0529301427029483,obse
3483,10.34837293624878,0.05308647105722573,obse
3484,10.351208448410034,0.05308647105722573,obse
3485,10.354353427886963,0.05283345226483056,obse
3486,10.357421875,0.05283345226483056,obse
3487,10.36028003692627,0.05283345226483056,obse
3488,10.363413095474243,0.05258678125181778,obse
3489,10.366303205490112,0.05258678125181778,obse
3490,10.369118928909302,0.05258678125181778,obse
3491,10.372362852096558,0.05302270002054493,obse
3492,10.375247716903687,0.05302270002054493,obse
3493,10.378148317337036,0.05291461863578552,obse
3494,10.381268501281738,0.052914863261760835,obse
3495,10.38420844078064,0.052914863261760835,obse
3496,10.38730001449585,0.05249802844966132,obse
3497,10.39043664932251,0.05249802844966132,obse
3498,10.393236637115479,0.05249802844966132,obse
3499,10.396333456039429,0.05294175343655685,obse
3500,10.399279594421387,0.05294175343655685,obse
3501,10.402202844619751,0.05294175343655685,obse
3502,10.405503511428833,0.05295658863321823,obse
3503,10.408509016036987,0.052813883244549595,obse
3504,10.41150426864624,0.052421134434048104,obse
3505,10.41476321220398,0.053026220544646424,obse
3506,10.417710781097412,0.053026220544646424,obse
3507,10.420909643173218,0.05332277687824639,obse
3508,10.424336671829224,0.05332277687824639,obse
3509,10.427095413208008,0.05332277687824639,obse
3510,10.430378437042236,0.053455708639741285,obse
3511,10.433233737945557,0.053455708639741285,obse
3512,10.435999155044556,0.053455708639741285,obse
3513,10.439456701278687,0.05310645576752358,obse
3514,10.442315101623535,0.05310645576752358,obse
3515,10.445327281951904,0.05310645576752358,obse
3516,10.44845700263977,0.05318539202858549,obse
3517,10.451225996017456,0.05318539202858549,obse
3518,10.45440125465393,0.05344882214183226,obse
3519,10.45744252204895,0.05344882214183226,obse
3520,10.460223197937012,0.05344882214183226,obse
3521,10.463311195373535,0.05316331649834567,obse
3522,10.466400146484375,0.05316331649834567,obse
3523,10.4693922996521,0.05316331649834567,obse
3524,10.47245717048645,0.053082705327480065,obse
3525,10.475491046905518,0.053082705327480065,obse
3526,10.478453636169434,0.0534205007824147,obse
3527,10.481586217880249,0.05679084863080562,obse
3528,10.484394788742065,0.05679084863080562,obse
3529,10.487391233444214,0.05663429391203964,obse
3530,10.490578889846802,0.05682722877044922,obse
3531,10.493624210357666,0.05682722877044922,obse
3532,10.496701717376709,0.05651152728644256,obse
3533,10.499529600143433,0.05651152728644256,obse
3534,10.502387762069702,0.05651152728644256,obse
3535,10.505388259887695,0.0568927208194297,obse
3536,10.508183240890503,0.0568927208194297,obse
3537,10.511014223098755,0.05684691310687545,obse
3538,10.513952255249023,0.05687662393180228,obse
3539,10.516723871231079,0.05687662393180228,obse
3540,10.519502878189087,0.05661387897183175,obse
3541,10.523090600967407,0.056610480460880304,obse
3542,10.52606201171875,0.056610480460880304,obse
3543,10.529223203659058,0.05692184982984938,obse
3544,10.532516241073608,0.05692184982984938,obse
3545,10.53529167175293,0.05692184982984938,obse
3546,10.53855037689209,0.05703933946169855,obse
3547,10.54148244857788,0.06622500048871016,obse
3548,10.544385194778442,0.06622500048871016,obse
3549,10.547486066818237,0.0668670256111199,obse
3550,10.550333261489868,0.0668670256111199,obse
3551,10.553099155426025,0.0668670256111199,obse
3552,10.555973529815674,0.0668670256111199,obse
3553,10.559206485748291,0.06703977992711287,obse
3554,10.562260866165161,0.06736946860709851,obse
3555,10.565154790878296,0.06736946860709851,obse
3556,10.568116188049316,0.06736946860709851,obse
3557,10.571852922439575,0.0670637028349904,obse
3558,10.574597120285034,0.0670637028349904,obse
3559,10.577609777450562,0.0670637028349904,obse
3560,10.580659866333008,0.06705366057936142,obse
3561,10.5834641456604,0.06705366057936142,obse
3562,10.58679461479187,0.06731783219264324,obse
3563,10.589723825454712,0.06732315173945007,obse
3564,10.592686653137207,0.06732315173945007,obse
3565,10.595664024353027,0.06708025320482965,obse
3566,10.598526000976562,0.06708025320482965,obse
3567,10.60146689414978,0.06708025320482965,obse
3568,10.604484558105469,0.06702516901385352,obse
3569,10.607350587844849,0.055984233119142676,obse
3570,10.610229730606079,0.055984233119142676,obse
3571,10.61334776878357,0.05439549535706834,obse
3572,10.616150140762329,0.05439549535706834,obse
3573,10.61894965171814,0.05439549535706834,obse
3574,10.622013807296753,0.05421668801112865,obse
3575,10.624934911727905,0.05421668801112865,obse
3576,10.627781867980957,0.05408184108276919,obse
3577,10.630760192871094,0.05408288448843417,obse
3578,10.63369607925415,0.05408288448843417,obse
3579,10.636580467224121,0.05432224596967614,obse
3580,10.639523983001709,0.05434336782923293,obse
3581,10.642690181732178,0.05434336782923293,obse
3582,10.645751714706421,0.05434336782923293,obse
3583,10.648970603942871,0.05444574455855643,obse
3584,10.652565002441406,0.05444574455855643,obse
3585,10.655534982681274,0.05402004443710038,obse
3586,10.6586172580719,0.053984853297517156,obse
3587,10.661640882492065,0.053984853297517156,obse
3588,10.664647340774536,0.05432234391562304,obse
3589,10.667495965957642,0.05432234391562304,obse
3590,10.670457124710083,0.05432234391562304,obse
3591,10.673316478729248,0.05432234391562304,obse
3592,10.676170110702515,0.05442649953813345,obse
3593,10.679316282272339,0.054452529011351634,obse
3594,10.682444334030151,0.04045343956273185,obse
3595,10.685537576675415,0.03916790166391132,obse
3596,10.68865418434143,0.039177930732952525,obse
3597,10.691888809204102,0.039177930732952525,obse
3598,10.69489336013794,0.039549058627943584,obse
3599,10.69771933555603,0.039508781367536897,obse
3600,10.7005136013031,0.039508781367536897,obse
3601,10.70350193977356,0.03917880339709134,obse
3602,10.706307172775269,0.03912492979488477,obse
3603,10.709120273590088,0.03912492979488477,obse
3604,10.712142705917358,0.03893786936326048,obse
3605,10.714987993240356,0.03893786936326048,obse
3606,10.717771053314209,0.03893786936326048,obse
3607,10.72074294090271,0.03941613049902437,obse
3608,10.724034786224365,0.03941613049902437,obse
3609,10.726827621459961,0.03941613049902437,obse
3610,10.72985029220581,0.03913786678628232,obse
3611,10.732784986495972,0.03913786678628232,obse
3612,10.735589742660522,0.03913786678628232,obse
3613,10.738626956939697,0.03892539296237506,obse
3614,10.741444110870361,0.03892539296237506,obse
3615,10.744701862335205,0.039271315204481946,obse
3616,10.747735261917114,0.03626069669854093,obse
3617,10.750587701797485,0.03626069669854093,obse
3618,10.753624677658081,0.03614252207675243,obse
3619,10.756538391113281,0.0362672369470618,obse
3620,10.759395360946655,0.0362672369470618,obse
3621,10.76240086555481,0.035919243662823105,obse
3622,10.765299081802368,0.035919243662823105,obse
3623,10.768041133880615,0.035919243662823105,obse
3624,10.77106785774231,0.036018763369894916,obse
3625,10.774012804031372,0.036018763369894916,obse
3626,10.776742935180664,0.036018763369894916,obse
3627,10.779889583587646,0.036092601210547845,obse
3628,10.782839059829712,0.036092601210547845,obse
3629,10.78571605682373,0.036092601210547845,obse
3630,10.788734436035156,0.03568513271527738,obse
3631,10.791655778884888,0.03568513271527738,obse
3632,10.79452896118164,0.035687749680614944,obse
3633,10.79762053489685,0.03565337263802395,obse
3634,10.800398111343384,0.03565337263802395,obse
3635,10.803386688232422,0.03598154872964021,obse
3636,10.806487321853638,0.03589443529566167,obse
3637,10.809283018112183,0.037267407419139156,obse
3638,10.812339067459106,0.03681851882167501,obse
3639,10.81537675857544,0.035714440377669715,obse
3640,10.818109035491943,0.035714440377669715,obse
3641,10.821199417114258,0.035773323408139227,obse
3642,10.824250936508179,0.035773323408139227,obse
3643,10.827066421508789,0.035773323408139227,obse
3644,10.830202341079712,0.03600985407869621,obse
3645,10.83311152458191,0.03600985407869621,obse
3646,10.835989475250244,0.03600985407869621,obse
3647,10.839123249053955,0.03578414093891333,obse
3648,10.841935157775879,0.03578414093891333,obse
3649,10.844783782958984,0.03561385776234582,obse
3650,10.847949266433716,0.0355303453336506,obse
3651,10.850812196731567,0.0355303453336506,obse
3652,10.853891134262085,0.03580954282165829,obse
3653,10.856900453567505,0.03575610892335785,obse
3654,10.859728574752808,0.03575610892335785,obse
3655,10.862833499908447,0.03567135720138184,obse
3656,10.865773916244507,0.03567135720138184,obse
3657,10.868548154830933,0.03567135720138184,obse
3658,10.871762037277222,0.0354000946717063,obse
3659,10.874555110931396,0.0354000946717063,obse
3660,10.877374172210693,0.0354000946717063,obse
3661,10.88049864768982,0.035607363597128794,obse
3662,10.883407592773438,0.035607363597128794,obse
3663,10.886340618133545,0.03562057978870474,obse
3664,10.889394760131836,0.03070412326334624,obse
3665,10.892470359802246,0.03070412326334624,obse
3666,10.89544415473938,0.030282420094046143,obse
3667,10.898266077041626,0.030282420094046143,obse
3668,10.901031970977783,0.030282420094046143,obse
3669,10.904048919677734,0.030547618395745213,obse
3670,10.906831741333008,0.030547618395745213,obse
3671,10.909901857376099,0.030547618395745213,obse
3672,10.912907361984253,0.03066430751685919,obse
3673,10.915711164474487,0.03066430751685919,obse
3674,10.918408393859863,0.03066430751685919,obse
3675,10.921685695648193,0.030202756676600925,obse
3676,10.924699068069458,0.030678191609976927,obse
3677,10.927582025527954,0.030678191609976927,obse
3678,10.93071174621582,0.03062986494484233,obse
3679,10.933587789535522,0.03062986494484233,obse
3680,10.936580419540405,0.031096892019367495,obse
3681,10.939452886581421,0.031027597098536728,obse
3682,10.942346096038818,0.04038464771620877,obse
3683,10.9452965259552,0.040030141865711764,obse
3684,10.948283433914185,0.04229364088638537,obse
3685,10.951088190078735,0.04229364088638537,obse
3686,10.95392632484436,0.04229364088638537,obse
3687,10.957010269165039,0.042127577437117605,obse
3688,10.960059881210327,0.04211540221026901,obse
3689,10.96285343170166,0.04211540221026901,obse
3690,10.965980052947998,0.0425676872422445,obse
3691,10.968944311141968,0.042579525890616976,obse
3692,10.971737384796143,0.042579525890616976,obse
3693,10.974486112594604,0.042579525890616976,obse
3694,10.977555513381958,0.04234967418311341,obse
3695,10.980699062347412,0.04234768701898492,obse
3696,10.983864068984985,0.042015680992213186,obse
3697,10.986636877059937,0.042015680992213186,obse
3698,10.989655017852783,0.042015680992213186,obse
3699,10.992729425430298,0.042493154425148644,obse
3700,10.995577573776245,0.042493154425148644,obse
3701,10.99860429763794,0.04244569773648594,obse
3702,11.001643896102905,0.04245236817998392,obse
3703,11.004616737365723,0.04245236817998392,obse
3704,11.007635831832886,0.041993014959338895,obse
3705,11.010393857955933,0.041993014959338895,obse
3706,11.013489961624146,0.042314492160200286,obse
3707,11.016597270965576,0.056323832748359406,obse
3708,11.01947283744812,0.056323832748359406,obse
3709,11.022551774978638,0.05652743663448229,obse
3710,11.025566339492798,0.056649508379097505,obse
3711,11.028367042541504,0.056649508379097505,obse
3712,11.031484842300415,0.056368303412465716,obse
3713,11.034420251846313,0.056368303412465716,obse
3714,11.037371158599854,0.05638844511998327,obse
3715,11.040252208709717,0.05641195202246115,obse
3716,11.043115615844727,0.05641195202246115,obse
3717,11.046037673950195,0.05671566794211937,obse
3718,11.049231767654419,0.056681882579924237,obse
3719,11.052409172058105,0.056681882579924237,obse
3720,11.055251359939575,0.05638118957162686,obse
3721,11.058311462402344,0.05636506568116265,obse
3722,11.061344861984253,0.05636506568116265,obse
3723,11.064459562301636,0.05650529967470772,obse
3724,11.067339897155762,0.05650529967470772,obse
3725,11.070436954498291,0.05650529967470772,obse
3726,11.073650598526001,0.05650529967470772,obse
3727,11.076874256134033,0.05970974996196084,obse
3728,11.07996940612793,0.05988737410677262,obse
3729,11.082915544509888,0.05988737410677262,obse
3730,11.085872650146484,0.05962488566369039,obse
3731,11.08902621269226,0.06001416510772445,obse
3732,11.092617750167847,0.05983483614890538,obse
3733,11.095775127410889,0.060288955214401724,obse
3734,11.098837614059448,0.060288955214401724,obse
3735,11.10156512260437,0.060288955214401724,obse
3736,11.104712724685669,0.06011866330025947,obse
3737,11.107767820358276,0.06011866330025947,obse
3738,11.110608577728271,0.0598397481224471,obse
3739,11.1138756275177,0.059802740545845265,obse
3740,11.116827487945557,0.059802740545845265,obse
3741,11.119804620742798,0.06008473495004635,obse
3742,11.122749328613281,0.06008473495004635,obse
3743,11.125760316848755,0.06008473495004635,obse
3744,11.128723382949829,0.060197295319566864,obse
3745,11.131572961807251,0.060197295319566864,obse
3746,11.134398937225342,0.060197295319566864,obse
3747,11.13733696937561,0.059896052340416214,obse
3748,11.140268087387085,0.061711936164127325,obse
3749,11.143113136291504,0.061711936164127325,obse
3750,11.146105527877808,0.06196897475437188,obse
3751,11.149067163467407,0.061992962149278956,obse
3752,11.151857614517212,0.061992962149278956,obse
3753,11.155055284500122,0.06213176966347302,obse
3754,11.158008575439453,0.06213176966347302,obse
3755,11.16091537475586,0.06178505635851142,obse
3756,11.164017677307129,0.061789812755643055,obse
3757,11.166779041290283,0.061789812755643055,obse
3758,11.169639825820923,0.06199515644630691,obse
3759,11.172685146331787,0.062058431305745676,obse
3760,11.175541877746582,0.062058431305745676,obse
3761,11.17852258682251,0.062295245579118357,obse
3762,11.18165373802185,0.06234625107185239,obse
3763,11.18449068069458,0.06234625107185239,obse
3764,11.187643766403198,0.06209634703772255,obse
3765,11.190645933151245,0.06209634703772255,obse
3766,11.193495750427246,0.06209634703772255,obse
3767,11.19676399230957,0.06202269338319295,obse
3768,11.199631929397583,0.06202269338319295,obse
3769,11.202811241149902,0.062404691462341594,obse
3770,11.206358432769775,0.049460075331308355,obse
3771,11.20918083190918,0.049460075331308355,obse
3772,11.212335586547852,0.049145831068711426,obse
3773,11.215391874313354,0.04815367178253567,obse
3774,11.218132734298706,0.04815367178253567,obse
3775,11.22132682800293,0.047991674954896195,obse
3776,11.224470615386963,0.047991674954896195,obse
3777,11.22735047340393,0.04825365395870007,obse
3778,11.230685710906982,0.048295292373825474,obse
3779,11.23392915725708,0.048295292373825474,obse
3780,11.237740516662598,0.0482160217151298,obse
3781,11.240510940551758,0.0482160217151298,obse
3782,11.243295669555664,0.0482160217151298,obse
3783,11.246517181396484,0.04793723520549977,obse
3784,11.249449729919434,0.04793723520549977,obse
3785,11.252254247665405,0.04793723520549977,obse
3786,11.255641222000122,0.048233762196212476,obse
3787,11.258480072021484,0.048233762196212476,obse
3788,11.26146388053894,0.04824629706662524,obse
3789,11.26493501663208,0.04833614891680575,obse
3790,11.267961502075195,0.04833614891680575,obse
3791,11.271180391311646,0.04790982419554034,obse
3792,11.27406358718872,0.04790982419554034,obse
3793,11.276856660842896,0.04790982419554034,obse
3794,11.280009508132935,0.04814609249753595,obse
3795,11.282836198806763,0.04814609249753595,obse
3796,11.285699605941772,0.04814609249753595,obse
3797,11.288888454437256,0.04851059978410494,obse
3798,11.291999578475952,0.04851059978410494,obse
3799,11.295397520065308,0.04819282368250933,obse
3800,11.298452854156494,0.04819282368250933,obse
3801,11.301257848739624,0.04819282368250933,obse
3802,11.304312467575073,0.048150690089608726,obse
3803,11.307130336761475,0.048150690089608726,obse
3804,11.309939622879028,0.048150690089608726,obse
3805,11.312989234924316,0.04865248650810141,obse
3806,11.315783023834229,0.04865248650810141,obse
3807,11.318570852279663,0.04865248650810141,obse
3808,11.321614503860474,0.04829621001789043,obse
3809,11.3249831199646,0.04829621001789043,obse
3810,11.328715085983276,0.048123073350486045,obse
3811,11.331815719604492,0.048123073350486045,obse
3812,11.334631204605103,0.048123073350486045,obse
3813,11.33781361579895,0.04839765162180032,obse
3814,11.340651750564575,0.04839765162180032,obse
3815,11.343462705612183,0.0898010045200358,obse
3816,11.346574544906616,0.08973772107371113,obse
3817,11.349488973617554,0.09543579710791245,obse
3818,11.35233449935913,0.09543579710791245,obse
3819,11.355477571487427,0.09537693134806206,obse
3820,11.359230279922485,0.09537693134806206,obse
3821,11.362433433532715,0.09533870172946114,obse
3822,11.3655104637146,0.09533870172946114,obse
3823,11.368276834487915,0.09533870172946114,obse
3824,11.3714280128479,0.09526853072843067,obse
3825,11.374279022216797,0.09526853072843067,obse
3826,11.377044916152954,0.09526853072843067,obse
3827,11.380200862884521,0.09518048671247967,obse
3828,11.383049726486206,0.09518048671247967,obse
3829,11.38602876663208,0.09519415703467196,obse
3830,11.389665842056274,0.09513302930626022,obse
3831,11.39258885383606,0.09513302930626022,obse
3832,11.39575481414795,0.0950941467932652,obse
3833,11.399070501327515,0.0950941467932652,obse
3834,11.401960611343384,0.0950544973097966,obse
3835,11.405154943466187,0.09498687339011404,obse
3836,11.40795612335205,0.09498687339011404,obse
3837,11.410898447036743,0.04019889246453011,obse
3838,11.413940906524658,0.04020616762356856,obse
3839,11.416861534118652,0.04844966937091779,obse
3840,11.420392274856567,0.04878556899981159,obse
3841,11.423547744750977,0.04874495638809493,obse
3842,11.426480770111084,0.04874495638809493,obse
3843,11.429455041885376,0.048461639071386224,obse
3844,11.432315111160278,0.048461639071386224,obse
3845,11.435359001159668,0.048544484820204875,obse
3846,11.438732862472534,0.048344341670283425,obse
3847,11.441478729248047,0.048344341670283425,obse
3848,11.444552421569824,0.04865254095787566,obse
3849,11.447737216949463,0.04878797369085953,obse
3850,11.451074600219727,0.04878797369085953,obse
3851,11.454285383224487,0.04857895762792476,obse
3852,11.457587242126465,0.04857895762792476,obse
3853,11.460589170455933,0.04857895762792476,obse
3854,11.463813543319702,0.04847357962854468,obse
3855,11.466739654541016,0.04847357962854468,obse
3856,11.469740390777588,0.04885400304184074,obse
3857,11.472902774810791,0.04887605058855703,obse
3858,11.475831747055054,0.04960854349607436,obse
3859,11.479007005691528,0.04951941157250452,obse
3860,11.482146739959717,0.04988256541601131,obse
3861,11.48502516746521,0.04988256541601131,obse
3862,11.488297700881958,0.04966497036290781,obse
3863,11.491287231445312,0.04966497036290781,obse
3864,11.494346857070923,0.050010603775302226,obse
3865,11.497410535812378,0.04995906066473932,obse
3866,11.500410318374634,0.04995906066473932,obse
3867,11.503426790237427,0.049994543332815014,obse
3868,11.50670313835144,0.04992947070478454,obse
3869,11.509586095809937,0.04992947070478454,obse
3870,11.513158559799194,0.04947324087244547,obse
3871,11.516213655471802,0.04947324087244547,obse
3872,11.519053220748901,0.04947324087244547,obse
3873,11.522201299667358,0.04982481668993253,obse
3874,11.525304555892944,0.04982481668993253,obse
3875,11.528221845626831,0.0500767412913004,obse
3876,11.531009674072266,0.050017860373162006,obse
3877,11.533783197402954,0.050017860373162006,obse
3878,11.536774635314941,0.04972636852162595,obse
3879,11.539559602737427,0.04972636852162595,obse
3880,11.54233169555664,0.04972636852162595,obse
3881,11.54581356048584,0.0497072666529413,obse
3882,11.548705577850342,0.0497072666529413,obse
3883,11.551512718200684,0.0497072666529413,obse
3884,11.55465841293335,0.050135008491184074,obse
3885,11.558130502700806,0.0455910327861425,obse
3886,11.561434268951416,0.045179917663168444,obse
3887,11.564580202102661,0.04516627154673673,obse
3888,11.567381143569946,0.04516627154673673,obse
3889,11.57039761543274,0.04509660706916196,obse
3890,11.573305130004883,0.04509660706916196,obse
3891,11.576180696487427,0.04509660706916196,obse
3892,11.579204559326172,0.045638369163102176,obse
3893,11.582152128219604,0.045638369163102176,obse
3894,11.584916830062866,0.045638369163102176,obse
3895,11.588006019592285,0.04537979550782114,obse
3896,11.59107494354248,0.04537979550782114,obse
3897,11.593905448913574,0.04537979550782114,obse
3898,11.597127437591553,0.04521953257411123,obse
3899,11.599958658218384,0.04521953257411123,obse
3900,11.602848291397095,0.04551580336662686,obse
3901,11.605976343154907,0.04554924080623221,obse
3902,11.608919858932495,0.04460596458381509,obse
3903,11.611937284469604,0.04461961267787798,obse
3904,11.615101337432861,0.045712515347900655,obse
3905,11.618190288543701,0.045712515347900655,obse
3906,11.621301651000977,0.04533810319477294,obse
3907,11.624237060546875,0.04533810319477294,obse
3908,11.627042770385742,0.04533810319477294,obse
3909,11.63012957572937,0.04554817506091985,obse
3910,11.63327431678772,0.04554817506091985,obse
3911,11.636291980743408,0.045756321724207086,obse
3912,11.6393301486969,0.04578267729689683,obse
3913,11.642115354537964,0.04578267729689683,obse
3914,11.645071744918823,0.04542467228754876,obse
3915,11.648102760314941,0.04542467228754876,obse
3916,11.65089726448059,0.04542467228754876,obse
3917,11.653884172439575,0.045620701230153216,obse
3918,11.656832933425903,0.045620701230153216,obse
3919,11.659651517868042,0.045620701230153216,obse
3920,11.662696361541748,0.045941555293048775,obse
3921,11.665664672851562,0.045941555293048775,obse
3922,11.668559789657593,0.045941555293048775,obse
3923,11.671640634536743,0.04555121619448877,obse
3924,11.674529314041138,0.04141862337094484,obse
3925,11.67738151550293,0.04141862337094484,obse
3926,11.68044376373291,0.04116850482032413,obse
3927,11.683365821838379,0.04116850482032413,obse
3928,11.686335563659668,0.041483985837821286,obse
3929,11.689316749572754,0.04151026306423781,obse
3930,11.692185163497925,0.04151026306423781,obse
3931,11.695120096206665,0.04122933214514731,obse
3932,11.698277950286865,0.04122933214514731,obse
3933,11.701125383377075,0.04122933214514731,obse
3934,11.7044837474823,0.04097018914424738,obse
3935,11.707425832748413,0.04097018914424738,obse
3936,11.710275411605835,0.04097018914424738,obse
3937,11.713429927825928,0.04140897533670273,obse
3938,11.716312646865845,0.04140897533670273,obse
3939,11.719192504882812,0.04140897533670273,obse
3940,11.722331762313843,0.041250529287676266,obse
3941,11.725352764129639,0.041250529287676266,obse
3942,11.728313207626343,0.04093219354361876,obse
3943,11.731147527694702,0.04093219354361876,obse
3944,11.733923435211182,0.04093219354361876,obse
3945,11.736878871917725,0.04129180943755738,obse
3946,11.739714622497559,0.04139900403366145,obse
3947,11.742518663406372,0.04139900403366145,obse
3948,11.745474576950073,0.041400447896955274,obse
3949,11.74835467338562,0.04132839648658867,obse
3950,11.751142024993896,0.04132839648658867,obse
3951,11.75394058227539,0.04132839648658867,obse
3952,11.75684380531311,0.04097694005312861,obse
3953,11.75986385345459,0.04091833697505005,obse
3954,11.763087511062622,0.04048912601242788,obse
3955,11.766073226928711,0.040589620294100646,obse
3956,11.769106388092041,0.040693768235669,obse
3957,11.772073030471802,0.04101765620876816,obse
3958,11.775012254714966,0.040931128763519016,obse
3959,11.778087377548218,0.040931128763519016,obse
3960,11.780869722366333,0.040931128763519016,obse
3961,11.783660173416138,0.040931128763519016,obse
3962,11.786895751953125,0.04055374104207498,obse
3963,11.789850234985352,0.04052533419168848,obse
3964,11.79291296005249,0.04053477172763838,obse
3965,11.795910835266113,0.04053477172763838,obse
3966,11.798811197280884,0.04053477172763838,obse
3967,11.801933526992798,0.04094480853214242,obse
3968,11.804902076721191,0.04094480853214242,obse
3969,11.807928085327148,0.040616824434414577,obse
3970,11.810775995254517,0.04057295454616865,obse
3971,11.813860177993774,0.04057295454616865,obse
3972,11.816723346710205,0.040694938233939514,obse
3973,11.819585800170898,0.040694938233939514,obse
3974,11.822900533676147,0.04153629473576712,obse
3975,11.825793027877808,0.041921456212280786,obse
3976,11.829030275344849,0.04194968074559759,obse
3977,11.832022190093994,0.04194968074559759,obse
3978,11.835147619247437,0.041720394208766685,obse
3979,11.838133811950684,0.041713868602571334,obse
3980,11.84133267402649,0.041713868602571334,obse
3981,11.844330072402954,0.04148873256765279,obse
3982,11.847177743911743,0.04148873256765279,obse
3983,11.850306510925293,0.04183136098034392,obse
3984,11.853217601776123,0.0418387871336564,obse
3985,11.856179475784302,0.0418387871336564,obse
3986,11.859342813491821,0.04177190843511283,obse
3987,11.862125635147095,0.04177190843511283,obse
3988,11.865312576293945,0.04178114197500004,obse
3989,11.868568897247314,0.04129052755630577,obse
3990,11.871822357177734,0.04129052755630577,obse
3991,11.87474775314331,0.04172907168518438,obse
3992,11.877808094024658,0.041756718775549935,obse
3993,11.88073444366455,0.041756718775549935,obse
3994,11.883732080459595,0.041850517675653315,obse
3995,11.886963844299316,0.041871359127767606,obse
3996,11.890364646911621,0.041447762515200236,obse
3997,11.893142938613892,0.041447762515200236,obse
3998,11.896231889724731,0.0415536400779025,obse
3999,11.899130821228027,0.0415536400779025,obse
4000,11.90197205543518,0.0415536400779025,obse
4001,11.905249834060669,0.041953610376957315,obse
4002,11.908154964447021,0.041953610376957315,obse
4003,11.911128520965576,0.0416187508907145,obse
4004,11.914259672164917,0.04157427464491312,obse
4005,11.917153358459473,0.04157427464491312,obse
4006,11.920152187347412,0.04157427464491312,obse
4007,11.9235520362854,0.0414699037263576,obse
4008,11.926349401473999,0.0414699037263576,obse
4009,11.929407835006714,0.041956938497471515,obse
4010,11.93244981765747,0.041956938497471515,obse
4011,11.935364007949829,0.041956938497471515,obse
4012,11.938573598861694,0.041707419649272826,obse
4013,11.941401243209839,0.041707419649272826,obse
4014,11.94429898262024,0.041707419649272826,obse
4015,11.94753885269165,0.04151399975704091,obse
4016,11.950401067733765,0.04151399975704091,obse
4017,11.953409910202026,0.04200185057011616,obse
4018,11.956620454788208,0.04193187499183672,obse
4019,11.959683418273926,0.04193187499183672,obse
4020,11.962717533111572,0.04174067929585025,obse
4021,11.965494394302368,0.04174067929585025,obse
4022,11.96837592124939,0.04174067929585025,obse
4023,11.97142243385315,0.04133389816138612,obse
4024,11.97426724433899,0.04133389816138612,obse
4025,11.977129697799683,0.04133389816138612,obse
4026,11.980171203613281,0.04193548310676816,obse
4027,11.98301649093628,0.04193548310676816,obse
4028,11.985897541046143,0.04193548310676816,obse
4029,11.989280700683594,0.041951420588370134,obse
4030,11.992319822311401,0.041951420588370134,obse
4031,11.995403289794922,0.041234654652600226,obse
4032,11.99858832359314,0.041234654652600226,obse
4033,12.001402854919434,0.041234654652600226,obse
4034,12.004813432693481,0.041834393896209125,obse
4035,12.007728338241577,0.041834393896209125,obse
4036,12.010653495788574,0.041834393896209125,obse
4037,12.01388144493103,0.042035580076309045,obse
4038,12.016706228256226,0.042035580076309045,obse
4039,12.019703388214111,0.04166176547210409,obse
4040,12.02285122871399,0.041613344609957664,obse
4041,12.025843620300293,0.041613344609957664,obse
4042,12.028918504714966,0.04164374142631705,obse
4043,12.031933307647705,0.04164374142631705,obse
4044,12.03502082824707,0.04164374142631705,obse
4045,12.038373947143555,0.04195538095341702,obse
4046,12.041282176971436,0.04195538095341702,obse
4047,12.044103860855103,0.04195538095341702,obse
4048,12.047184705734253,0.041585270089230686,obse
4049,12.050106763839722,0.041585270089230686,obse
4050,12.053041219711304,0.04145305710947238,obse
4051,12.056045055389404,0.04144460178730056,obse
4052,12.058976650238037,0.04144460178730056,obse
4053,12.06194543838501,0.04190195578288369,obse
4054,12.06491994857788,0.04194276348930004,obse
4055,12.067816495895386,0.04194276348930004,obse
4056,12.070981502532959,0.04192506077498532,obse
4057,12.073967695236206,0.04157271063355727,obse
4058,12.076838254928589,0.04157271063355727,obse
4059,12.079978942871094,0.04150857113534895,obse
4060,12.082797527313232,0.04150857113534895,obse
4061,12.085750818252563,0.04187893414995597,obse
4062,12.08884048461914,0.04192362971901233,obse
4063,12.091648578643799,0.04192362971901233,obse
4064,12.09462857246399,0.04192362971901233,obse
4065,12.097838163375854,0.04177558102291909,obse
4066,12.100657224655151,0.04177558102291909,obse
4067,12.103611469268799,0.041325519814044254,obse
4068,12.106701850891113,0.041325519814044254,obse
4069,12.109594821929932,0.041325519814044254,obse
4070,12.11261248588562,0.041767072977499604,obse
4071,12.115562200546265,0.041767072977499604,obse
4072,12.11852240562439,0.041767072977499604,obse
4073,12.121581077575684,0.0416675312498123,obse
4074,12.12454867362976,0.0416675312498123,obse
4075,12.127466917037964,0.041337542886698726,obse
4076,12.130609035491943,0.04128206308551664,obse
4077,12.13344407081604,0.04128206308551664,obse
4078,12.136369705200195,0.0416122665512403,obse
4079,12.1395103931427,0.04158725985493335,obse
4080,12.14233136177063,0.04158725985493335,obse
4081,12.145304679870605,0.04174557909499865,obse
4082,12.148229837417603,0.04174557909499865,obse
4083,12.151115894317627,0.04174557909499865,obse
4084,12.153912544250488,0.04174557909499865,obse
4085,12.157070398330688,0.04132976343415819,obse
4086,12.160093307495117,0.04132976343415819,obse
4087,12.162889957427979,0.04132976343415819,obse
4088,12.165665626525879,0.04132976343415819,obse
4089,12.168637752532959,0.041354728488183626,obse
4090,12.171605110168457,0.0413511806820701,obse
4091,12.174524307250977,0.04168587684407956,obse
4092,12.177397012710571,0.04176148180210664,obse
4093,12.180232286453247,0.04176148180210664,obse
4094,12.183378219604492,0.041475474066939286,obse
4095,12.186302661895752,0.04140976283867569,obse
4096,12.189483880996704,0.04140976283867569,obse
4097,12.192723274230957,0.04121560744372773,obse
4098,12.195621252059937,0.04119896818808057,obse
4099,12.1986985206604,0.04119896818808057,obse
4100,12.201462745666504,0.04119896818808057,obse
4101,12.204418182373047,0.041664025028346575,obse
4102,12.207436084747314,0.04169338439793827,obse
4103,12.210285425186157,0.04169338439793827,obse
4104,12.213268518447876,0.04140395711372764,obse
4105,12.216186285018921,0.04140395711372764,obse
4106,12.219053983688354,0.04140395711372764,obse
4107,12.222150802612305,0.041161519612446885,obse
4108,12.225228309631348,0.0414642831321076,obse
4109,12.228135108947754,0.04140337828410933,obse
4110,12.23115086555481,0.04140337828410933,obse
4111,12.23397183418274,0.04140337828410933,obse
4112,12.237000226974487,0.04131629134849584,obse
4113,12.240042209625244,0.04131629134849584,obse
4114,12.243066310882568,0.04085145944512404,obse
4115,12.24608302116394,0.04085145944512404,obse
4116,12.248945713043213,0.04085145944512404,obse
4117,12.251972436904907,0.041011112025715175,obse
4118,12.255067825317383,0.04123344039081542,obse
4119,12.257896900177002,0.04123344039081542,obse
4120,12.260926246643066,0.04121477975979325,obse
4121,12.263892412185669,0.04121477975979325,obse
4122,12.266693592071533,0.04121477975979325,obse
4123,12.269738912582397,0.04076091145765772,obse
4124,12.272724390029907,0.04076091145765772,obse
4125,12.275643825531006,0.04081142129062019,obse
4126,12.278669834136963,0.04076463877888971,obse
4127,12.281676769256592,0.04076463877888971,obse
4128,12.284469366073608,0.04076463877888971,obse
4129,12.287617683410645,0.0411094690929443,obse
4130,12.291023969650269,0.040544051688698166,obse
4131,12.294225692749023,0.040544051688698166,obse
4132,12.297553062438965,0.040501494464923106,obse
4133,12.300563335418701,0.040501494464923106,obse
4134,12.303633451461792,0.04094256411856748,obse
4135,12.306857347488403,0.04094256411856748,obse
4136,12.309876680374146,0.04094256411856748,obse
4137,12.313143491744995,0.04058824834517871,obse
4138,12.316234588623047,0.04058824834517871,obse
4139,12.319185256958008,0.04058824834517871,obse
4140,12.32243824005127,0.040229788638236876,obse
4141,12.325310468673706,0.040229788638236876,obse
4142,12.32826018333435,0.040698800648615835,obse
4143,12.331440925598145,0.040699271399429054,obse
4144,12.334266662597656,0.040699271399429054,obse
4145,12.33737850189209,0.04054402854890972,obse
4146,12.34043574333191,0.04054402854890972,obse
4147,12.343416690826416,0.04054402854890972,obse
4148,12.346717119216919,0.04020432607905544,obse
4149,12.350100755691528,0.04020432607905544,obse
4150,12.353081703186035,0.04037702258112593,obse
4151,12.356221914291382,0.04040208785035064,obse
4152,12.359299898147583,0.04040208785035064,obse
4153,12.362330913543701,0.04060106297402289,obse
4154,12.36509895324707,0.04060106297402289,obse
4155,12.367919206619263,0.04060106297402289,obse
4156,12.370932579040527,0.04000944303844749,obse
4157,12.373734474182129,0.04000944303844749,obse
4158,12.376549243927002,0.04000944303844749,obse
4159,12.379957437515259,0.040251643766688765,obse
4160,12.382707357406616,0.040251643766688765,obse
4161,12.38552212715149,0.040251643766688765,obse
4162,12.38875150680542,0.04055167543141184,obse
4163,12.39180064201355,0.04055167543141184,obse
4164,12.394749402999878,0.04019251183807781,obse
4165,12.398081064224243,0.04019251183807781,obse
4166,12.40091323852539,0.04019251183807781,obse
4167,12.40463662147522,0.040106942682845266,obse
4168,12.408483266830444,0.040106942682845266,obse
4169,12.412500858306885,0.040416942751140945,obse
4170,12.416461944580078,0.040416942751140945,obse
4171,12.420461416244507,0.04021792198801453,obse
4172,12.42449140548706,0.04016889469177677,obse
4173,12.428359508514404,0.04015560520576673,obse
4174,12.432253360748291,0.04015560520576673,obse
4175,12.43606948852539,0.04043843720613088,obse
4176,12.440001726150513,0.04046632987332133,obse
4177,12.443753004074097,0.04046632987332133,obse
4178,12.447913408279419,0.04026502049853526,obse
4179,12.451659679412842,0.04026502049853526,obse
4180,12.455700159072876,0.0398851862119136,obse
4181,12.459450483322144,0.0398851862119136,obse
4182,12.463490009307861,0.04015568776336236,obse
4183,12.467402458190918,0.04015568776336236,obse
4184,12.471498727798462,0.040274672112134244,obse
4185,12.475250482559204,0.040274672112134244,obse
4186,12.478644609451294,0.03982874898315142,obse
4187,12.48193883895874,0.03982874898315142,obse
4188,12.484796047210693,0.03982874898315142,obse
4189,12.487894296646118,0.04009081577220253,obse
4190,12.491007089614868,0.04009081577220253,obse
4191,12.493833065032959,0.04009081577220253,obse
4192,12.497202634811401,0.04018368716868323,obse
4193,12.500227689743042,0.04018368716868323,obse
4194,12.503175258636475,0.03986104893457835,obse
4195,12.506470441818237,0.039782688817963735,obse
4196,12.509469270706177,0.039782688817963735,obse
4197,12.512949466705322,0.039939553818521566,obse
4198,12.515974998474121,0.039939553818521566,obse
4199,12.518784046173096,0.039939553818521566,obse
4200,12.522010087966919,0.040334511536280024,obse
4201,12.525148630142212,0.040334511536280024,obse
4202,12.528198480606079,0.03989029482307773,obse
4203,12.531414270401001,0.03983591348242521,obse
4204,12.5342276096344,0.03983591348242521,obse
4205,12.537265539169312,0.03983327819517061,obse
4206,12.540425300598145,0.03981979683214239,obse
4207,12.543181657791138,0.03981979683214239,obse
4208,12.546382427215576,0.04030918979487429,obse
4209,12.549485683441162,0.04030918979487429,obse
4210,12.552494525909424,0.040052628112928,obse
4211,12.555614471435547,0.04002167917922108,obse
4212,12.558709144592285,0.04002167917922108,obse
4213,12.561836957931519,0.03979250113593285,obse
4214,12.564976692199707,0.0397616492757191,obse
4215,12.567759037017822,0.0397616492757191,obse
4216,12.57069730758667,0.04007126107421877,obse
4217,12.573774099349976,0.04012034789211973,obse
4218,12.576626777648926,0.04012034789211973,obse
4219,12.579596042633057,0.04011085563740508,obse
4220,12.582650899887085,0.04011085563740508,obse
4221,12.585490703582764,0.039724390813722955,obse
4222,12.588710069656372,0.03968754696235895,obse
4223,12.591890096664429,0.03968754696235895,obse
4224,12.59487771987915,0.04017526282349925,obse
4225,12.597759008407593,0.04017526282349925,obse
4226,12.600578784942627,0.04017526282349925,obse
4227,12.603618144989014,0.04017107758878254,obse
4228,12.606439113616943,0.040183346443059945,obse
4229,12.60920000076294,0.040183346443059945,obse
4230,12.612269639968872,0.03978229320838113,obse
4231,12.615352630615234,0.03978229320838113,obse
4232,12.618604183197021,0.03978229320838113,obse
4233,12.622045755386353,0.04006852761452904,obse
4234,12.625076532363892,0.04006852761452904,obse
4235,12.627970457077026,0.04022216088180316,obse
4236,12.631282091140747,0.0402366739552213,obse
4237,12.63409972190857,0.0402366739552213,obse
4238,12.637128829956055,0.039833289873313804,obse
4239,12.64018964767456,0.03977801387947057,obse
4240,12.643040657043457,0.03977801387947057,obse
4241,12.646069288253784,0.03987617304384067,obse
4242,12.649116039276123,0.03987617304384067,obse
4243,12.652237892150879,0.03987617304384067,obse
4244,12.655520915985107,0.04028334894996934,obse
4245,12.658539533615112,0.04028334894996934,obse
4246,12.661632299423218,0.039989101637721965,obse
4247,12.664732456207275,0.03993479601880054,obse
4248,12.667573690414429,0.03993479601880054,obse
4249,12.670996904373169,0.03988078526183449,obse
4250,12.67387866973877,0.03988078526183449,obse
4251,12.676702499389648,0.03988078526183449,obse
4252,12.680032014846802,0.04029126576403487,obse
4253,12.683087587356567,0.04029126576403487,obse
4254,12.686149835586548,0.040087153252343743,obse
4255,12.689279079437256,0.04005512224932036,obse
4256,12.692180871963501,0.04005512224932036,obse
4257,12.695253372192383,0.03970010053758541,obse
4258,12.698193073272705,0.03970010053758541,obse
4259,12.701105117797852,0.03970010053758541,obse
4260,12.704264879226685,0.04007959834157902,obse
4261,12.707168340682983,0.04007959834157902,obse
4262,12.710020303726196,0.04007959834157902,obse
4263,12.713411331176758,0.040104975861276,obse
4264,12.716291666030884,0.040104975861276,obse
4265,12.719335317611694,0.039886862660811546,obse
4266,12.722601652145386,0.03983050727359169,obse
4267,12.725470542907715,0.03983050727359169,obse
4268,12.728370904922485,0.04007023610717352,obse
4269,12.73137879371643,0.0401333546678558,obse
4270,12.734318256378174,0.0401333546678558,obse
4271,12.737337827682495,0.040205773838629895,obse
4272,12.740328550338745,0.040205773838629895,obse
4273,12.743351221084595,0.040205773838629895,obse
4274,12.746784448623657,0.03985088610525529,obse
4275,12.749736309051514,0.03985088610525529,obse
4276,12.752874612808228,0.03988646461743473,obse
4277,12.755931854248047,0.03992456245093844,obse
4278,12.758884191513062,0.03992456245093844,obse
4279,12.761924982070923,0.04025553832514287,obse
4280,12.764992475509644,0.04025553832514287,obse
4281,12.767822265625,0.04025553832514287,obse
4282,12.770919799804688,0.03974153695392421,obse
4283,12.774170160293579,0.03974153695392421,obse
4284,12.777131080627441,0.03974153695392421,obse
4285,12.780280351638794,0.039783914314423734,obse
4286,12.78317928314209,0.039783914314423734,obse
4287,12.786252498626709,0.04027316537942056,obse
4288,12.789255857467651,0.04027316537942056,obse
4289,12.792455911636353,0.04027316537942056,obse
4290,12.795462846755981,0.0399916914551274,obse
4291,12.798250913619995,0.0399916914551274,obse
4292,12.80109691619873,0.0399916914551274,obse
4293,12.804301500320435,0.039850602923001015,obse
4294,12.807125806808472,0.039850602923001015,obse
4295,12.809940099716187,0.039850602923001015,obse
4296,12.813077449798584,0.0402521105937977,obse
4297,12.815890073776245,0.0402521105937977,obse
4298,12.818797826766968,0.0402521105937977,obse
4299,12.822269439697266,0.04007068898676781,obse
4300,12.825379371643066,0.04007068898676781,obse
4301,12.828357458114624,0.03989085628554441,obse
4302,12.831656455993652,0.03985197517153836,obse
4303,12.834769487380981,0.03985197517153836,obse
4304,12.837764263153076,0.04002196897588538,obse
4305,12.840753555297852,0.04002196897588538,obse
4306,12.843629598617554,0.04002196897588538,obse
4307,12.846623182296753,0.040226488929754875,obse
4308,12.849652767181396,0.040226488929754875,obse
4309,12.852625846862793,0.03976544836450101,obse
4310,12.85557222366333,0.03970362810097478,obse
4311,12.858673095703125,0.03970362810097478,obse
4312,12.861642122268677,0.04012638759051995,obse
4313,12.864880561828613,0.04012638759051995,obse
4314,12.86771559715271,0.04012638759051995,obse
4315,12.870771408081055,0.040273408728930225,obse
4316,12.874017477035522,0.040273408728930225,obse
4317,12.876866579055786,0.040273408728930225,obse
4318,12.879953384399414,0.03973162605616391,obse
4319,12.88288164138794,0.03973162605616391,obse
4320,12.885773181915283,0.040001741077379964,obse
4321,12.888900756835938,0.04001072389102857,obse
4322,12.891742944717407,0.04001072389102857,obse
4323,12.894847869873047,0.040286631062591116,obse
4324,12.898058652877808,0.04033289896712085,obse
4325,12.900943517684937,0.04033289896712085,obse
4326,12.904152631759644,0.03997265703202397,obse
4327,12.907101154327393,0.03997265703202397,obse
4328,12.909940958023071,0.03997265703202397,obse
4329,12.913081645965576,0.03981130357654391,obse
4330,12.916020631790161,0.03981130357654391,obse
4331,12.91886281967163,0.03981130357654391,obse
4332,12.921929597854614,0.0402921007019704,obse
4333,12.924952507019043,0.0402921007019704,obse
4334,12.928053140640259,0.04007845334385025,obse
4335,12.931218147277832,0.04005788915246924,obse
4336,12.934094667434692,0.04005788915246924,obse
4337,12.937047004699707,0.03974482801206859,obse
4338,12.940036058425903,0.03974482801206859,obse
4339,12.94294786453247,0.03974482801206859,obse
4340,12.945977926254272,0.04035272530308224,obse
4341,12.948971033096313,0.04035272530308224,obse
4342,12.951807022094727,0.04035272530308224,obse
4343,12.954880714416504,0.04019811283331691,obse
4344,12.957891941070557,0.04019811283331691,obse
4345,12.960938453674316,0.04019811283331691,obse
4346,12.964021921157837,0.03964844839925799,obse
4347,12.967000007629395,0.03964844839925799,obse
4348,12.970075845718384,0.03996870788837061,obse
4349,12.973011255264282,0.0400202905476746,obse
4350,12.975948572158813,0.0400202905476746,obse
4351,12.979198694229126,0.04018781005611254,obse
4352,12.982272148132324,0.04020759507402801,obse
4353,12.985641479492188,0.04020759507402801,obse
4354,12.988983154296875,0.0396923814706718,obse
4355,12.992274522781372,0.0396923814706718,obse
4356,12.99533486366272,0.040004422778088224,obse
4357,12.998258829116821,0.04003444209985283,obse
4358,13.001452922821045,0.04003444209985283,obse
4359,13.004466533660889,0.04025252381485269,obse
4360,13.007349729537964,0.04025252381485269,obse
4361,13.01058292388916,0.04037814219381876,obse
4362,13.013499021530151,0.039966475277424474,obse
4363,13.016554832458496,0.03993812783607973,obse
4364,13.019866943359375,0.03992308364020215,obse
4365,13.022871255874634,0.03993363940338066,obse
4366,13.026225090026855,0.03993363940338066,obse
4367,13.029252767562866,0.04038697272553231,obse
4368,13.03235673904419,0.040292527421114326,obse
4369,13.035255193710327,0.040292527421114326,obse
4370,13.038320779800415,0.039963182168074055,obse
4371,13.041319370269775,0.03992011228257389,obse
4372,13.044337034225464,0.03992011228257389,obse
4373,13.047504901885986,0.03969833099741656,obse
4374,13.050418138504028,0.03969833099741656,obse
4375,13.053515911102295,0.03969833099741656,obse
4376,13.056677341461182,0.04018792858425034,obse
4377,13.059651374816895,0.04018792858425034,obse
4378,13.062774658203125,0.04004503623081648,obse
4379,13.065712451934814,0.04002747578565261,obse
4380,13.06862497329712,0.04002747578565261,obse
4381,13.07167673110962,0.0397203093745136,obse
4382,13.07470154762268,0.0397203093745136,obse
4383,13.077524662017822,0.0397203093745136,obse
4384,13.080634117126465,0.03992805589311188,obse
4385,13.083538055419922,0.03992805589311188,obse
4386,13.086565494537354,0.03992805589311188,obse
4387,13.08975601196289,0.04007070843220433,obse
4388,13.092708826065063,0.04007070843220433,obse
4389,13.095864295959473,0.03956528255258111,obse
4390,13.098803997039795,0.03956528255258111,obse
4391,13.10163402557373,0.03956528255258111,obse
4392,13.10462474822998,0.03997715950281877,obse
4393,13.107595443725586,0.03997715950281877,obse
4394,13.110440969467163,0.03997715950281877,obse
4395,13.113710641860962,0.040071742343681854,obse
4396,13.116623878479004,0.040071742343681854,obse
4397,13.119522094726562,0.03967295414697524,obse
4398,13.122519254684448,0.039595340525997266,obse
4399,13.125444889068604,0.039595340525997266,obse
4400,13.128331661224365,0.03968456838002188,obse
4401,13.131324291229248,0.03968011026460629,obse
4402,13.13414716720581,0.03968011026460629,obse
4403,13.137086153030396,0.040088939704210465,obse
4404,13.140020370483398,0.040088939704210465,obse
4405,13.14282512664795,0.040088939704210465,obse
4406,13.146129608154297,0.039743361460402735,obse
4407,13.149502038955688,0.039743361460402735,obse
4408,13.15242052078247,0.039743361460402735,obse
4409,13.155585289001465,0.03974719581930018,obse
4410,13.158448219299316,0.03974719581930018,obse
4411,13.161506175994873,0.040222539525275124,obse
4412,13.16451644897461,0.040222539525275124,obse
4413,13.167251348495483,0.040222539525275124,obse
4414,13.170241117477417,0.039950459943986584,obse
4415,13.173181295394897,0.039949252159412654,obse
4416,13.176108360290527,0.039949252159412654,obse
4417,13.179258584976196,0.039577161220918866,obse
4418,13.18218183517456,0.039577161220918866,obse
4419,13.185001611709595,0.039577161220918866,obse
4420,13.188187837600708,0.039954612433800565,obse
4421,13.191137313842773,0.039954612433800565,obse
4422,13.1941499710083,0.03993808006812296,obse
4423,13.19724988937378,0.03991830419910536,obse
4424,13.200031280517578,0.03991830419910536,obse
4425,13.202969551086426,0.03969288402661004,obse
4426,13.206047773361206,0.03960648818725213,obse
4427,13.208801984786987,0.03960648818725213,obse
4428,13.212717056274414,0.039884366582664116,obse
4429,13.21683120727539,0.039884366582664116,obse
4430,13.220706462860107,0.03993708057621456,obse
4431,13.224029064178467,0.03996018361628162,obse
4432,13.226994514465332,0.03996018361628162,obse
4433,13.230181455612183,0.03957043044737039,obse
4434,13.233067750930786,0.03957043044737039,obse
4435,13.23603892326355,0.039784695599033075,obse
4436,13.238856315612793,0.039863941798108385,obse
4437,13.241695165634155,0.039863941798108385,obse
4438,13.244649171829224,0.040005910248202874,obse
4439,13.247539043426514,0.040005910248202874,obse
4440,13.250375509262085,0.040005910248202874,obse
4441,13.253340721130371,0.03963202950626267,obse
4442,13.256646156311035,0.03963202950626267,obse
4443,13.259602069854736,0.03963202950626267,obse
4444,13.262763500213623,0.03959605671559074,obse
4445,13.266019582748413,0.03959605671559074,obse
4446,13.269038915634155,0.03959605671559074,obse
4447,13.272175312042236,0.039987501579469835,obse
4448,13.275099277496338,0.039987501579469835,obse
4449,13.27822732925415,0.03965302209615694,obse
4450,13.281238317489624,0.03965302209615694,obse
4451,13.284043550491333,0.03965302209615694,obse
4452,13.287081003189087,0.03944946080575036,obse
4453,13.29003357887268,0.03944946080575036,obse
4454,13.29293417930603,0.03944946080575036,obse
4455,13.296141862869263,0.03992103843990653,obse
4456,13.299173593521118,0.03992103843990653,obse
4457,13.302008390426636,0.03992103843990653,obse
4458,13.305308103561401,0.039734905931849855,obse
4459,13.30864143371582,0.039734905931849855,obse
4460,13.311786890029907,0.03956956843739191,obse
4461,13.314900875091553,0.03956956843739191,obse
4462,13.317641735076904,0.03956956843739191,obse
4463,13.320827007293701,0.03993832933135395,obse
4464,13.323889017105103,0.03993832933135395,obse
4465,13.326812982559204,0.03993832933135395,obse
4466,13.330001592636108,0.039960594324888146,obse
4467,13.33307695388794,0.039960594324888146,obse
4468,13.336032152175903,0.039672776006213904,obse
4469,13.339126825332642,0.039609083065754586,obse
4470,13.342023611068726,0.039609083065754586,obse
4471,13.345108270645142,0.03975764682465865,obse
4472,13.348201036453247,0.03981165538242237,obse
4473,13.350972175598145,0.03981165538242237,obse
4474,13.35407018661499,0.040023665646834766,obse
4475,13.357072830200195,0.040023665646834766,obse
4476,13.360093832015991,0.040023665646834766,obse
4477,13.363335371017456,0.039731255825650555,obse
4478,13.366249084472656,0.039731255825650555,obse
4479,13.369427919387817,0.03969760829479189,obse
4480,13.372482538223267,0.03969317990242673,obse
4481,13.375614881515503,0.03974745956972374,obse
4482,13.378775358200073,0.04011544557337735,obse
4483,13.381726503372192,0.04011544557337735,obse
4484,13.384639263153076,0.04011544557337735,obse
4485,13.38782262802124,0.039814285726866815,obse
4486,13.390754222869873,0.039814285726866815,obse
4487,13.393726110458374,0.039814285726866815,obse
4488,13.396908521652222,0.039813780197355424,obse
4489,13.399820327758789,0.03983612316927162,obse
4490,13.402835845947266,0.03983612316927162,obse
4491,13.406014680862427,0.040210122882100345,obse
4492,13.408916711807251,0.040210122882100345,obse
4493,13.411830186843872,0.040210122882100345,obse
4494,13.415143966674805,0.039904370547035155,obse
4495,13.417985439300537,0.039904370547035155,obse
4496,13.421018838882446,0.039904370547035155,obse
4497,13.424328565597534,0.03992872358650849,obse
4498,13.427330493927002,0.039956225911178804,obse
4499,13.430169105529785,0.039956225911178804,obse
4500,13.433549404144287,0.040309740669180125,obse
4501,13.436535358428955,0.04017581626759206,obse
4502,13.439416408538818,0.04017581626759206,obse
4503,13.442397594451904,0.04019854332045422,obse
4504,13.445376873016357,0.03991021395660366,obse
4505,13.448729991912842,0.03987480298079237,obse
4506,13.451781749725342,0.03987480298079237,obse
4507,13.454582452774048,0.03987480298079237,obse
4508,13.45808458328247,0.04032374820067693,obse
4509,13.461097002029419,0.04032374820067693,obse
4510,13.464418172836304,0.040422706142676915,obse
4511,13.467589855194092,0.040422706142676915,obse
4512,13.470900774002075,0.040422706142676915,obse
4513,13.474056959152222,0.04011013618241472,obse
4514,13.476964950561523,0.04011013618241472,obse
4515,13.480103731155396,0.040343681570095574,obse
4516,13.483230590820312,0.04049708728870961,obse
4517,13.486498832702637,0.04046770677760916,obse
4518,13.48974871635437,0.04051910089500792,obse
4519,13.492697477340698,0.04051910089500792,obse
4520,13.495680570602417,0.04034775048783481,obse
4521,13.49880576133728,0.04033451695280679,obse
4522,13.501536846160889,0.04033451695280679,obse
4523,13.504689931869507,0.04039557406187106,obse
4524,13.50765609741211,0.04039557406187106,obse
4525,13.510640859603882,0.040709300554042475,obse
4526,13.513818264007568,0.04079635740154716,obse
4527,13.516667604446411,0.04079635740154716,obse
4528,13.519597291946411,0.04061339071517422,obse
4529,13.522802114486694,0.04062202882649646,obse
4530,13.525625705718994,0.04062202882649646,obse
4531,13.528716564178467,0.04056628025689157,obse
4532,13.53174638748169,0.04056628025689157,obse
4533,13.534540176391602,0.04056628025689157,obse
4534,13.537758588790894,0.04088966030513102,obse
4535,13.540725946426392,0.04088966030513102,obse
4536,13.54350996017456,0.04088966030513102,obse
4537,13.546815395355225,0.040881907683029475,obse
4538,13.549697160720825,0.040881907683029475,obse
4539,13.552627801895142,0.040881907683029475,obse
4540,13.555727243423462,0.04070622843333494,obse
4541,13.55855917930603,0.04070622843333494,obse
4542,13.561589479446411,0.04110081497352205,obse
4543,13.564623832702637,0.04110081497352205,obse
4544,13.56749415397644,0.04110081497352205,obse
4545,13.570613145828247,0.041197253096499464,obse
4546,13.573522806167603,0.041197253096499464,obse
4547,13.576330184936523,0.041197253096499464,obse
4548,13.579425573348999,0.040912383855129845,obse
4549,13.582441568374634,0.040912383855129845,obse
4550,13.585270404815674,0.040912383855129845,obse
4551,13.588430404663086,0.0414013021070657,obse
4552,13.591270208358765,0.0414013021070657,obse
4553,13.594098567962646,0.0413966178470294,obse
4554,13.597182750701904,0.04138892346563574,obse
4555,13.600044012069702,0.04138892346563574,obse
4556,13.602997541427612,0.0414676046321845,obse
4557,13.606043815612793,0.041554670241806306,obse
4558,13.608810424804688,0.041554670241806306,obse
4559,13.61182951927185,0.04196327442904028,obse
4560,13.61484408378601,0.04196327442904028,obse
4561,13.617642402648926,0.04196327442904028,obse
4562,13.620732307434082,0.0421715446727149,obse
4563,13.624118566513062,0.0421715446727149,obse
4564,13.627017736434937,0.0421715446727149,obse
4565,13.630002498626709,0.04194523247599532,obse
4566,13.632835865020752,0.04194523247599532,obse
4567,13.635715007781982,0.04194523247599532,obse
4568,13.638714075088501,0.042207219958540376,obse
4569,13.641505479812622,0.042207219958540376,obse
4570,13.644366264343262,0.042207219958540376,obse
4571,13.647324800491333,0.04268029128332446,obse
4572,13.65013575553894,0.04268029128332446,obse
4573,13.653053283691406,0.042480839397260474,obse
4574,13.656247854232788,0.04252889118713677,obse
4575,13.65917181968689,0.04252889118713677,obse
4576,13.662129878997803,0.04271756343304692,obse
4577,13.66513204574585,0.04271756343304692,obse
4578,13.668015956878662,0.04271756343304692,obse
4579,13.671085596084595,0.04321485357190586,obse
4580,13.673951625823975,0.04321485357190586,obse
4581,13.676728963851929,0.04321485357190586,obse
4582,13.679867267608643,0.04332517007698296,obse
4583,13.682753324508667,0.04332517007698296,obse
4584,13.685642957687378,0.04271058519941543,obse
4585,13.68880319595337,0.04276708632243205,obse
4586,13.691786289215088,0.04276708632243205,obse
4587,13.694770336151123,0.04318970707992436,obse
4588,13.698026895523071,0.04334366662961605,obse
4589,13.700819730758667,0.04334366662961605,obse
4590,13.703962564468384,0.04350676423790481,obse
4591,13.706845045089722,0.04350676423790481,obse
4592,13.709615468978882,0.04350676423790481,obse
4593,13.712659358978271,0.042549752451100514,obse
4594,13.715492010116577,0.042549752451100514,obse
4595,13.718338966369629,0.042549752451100514,obse
4596,13.72143030166626,0.04313777882246143,obse
4597,13.724342107772827,0.04313777882246143,obse
4598,13.7272207736969,0.04313777882246143,obse
4599,13.730319499969482,0.04337324490930872,obse
4600,13.733208179473877,0.04337324490930872,obse
4601,13.736024856567383,0.04307250020982086,obse
4602,13.739171504974365,0.0430720201697379,obse
4603,13.741947174072266,0.0430720201697379,obse
4604,13.744935274124146,0.04314602322107116,obse
4605,13.747871160507202,0.043260051174599946,obse
4606,13.750617027282715,0.043260051174599946,obse
4607,13.753653049468994,0.04332130983135059,obse
4608,13.756752252578735,0.04332130983135059,obse
4609,13.759518384933472,0.04332130983135059,obse
4610,13.762613534927368,0.04323411517289041,obse
4611,13.76556921005249,0.04323411517289041,obse
4612,13.768414497375488,0.04323411517289041,obse
4613,13.771516561508179,0.043558792403017195,obse
4614,13.774364709854126,0.043558792403017195,obse
4615,13.777223348617554,0.043558792403017195,obse
4616,13.780482053756714,0.04365662479666682,obse
4617,13.783660411834717,0.04365662479666682,obse
4618,13.786711692810059,0.043609366823448244,obse
4619,13.789625406265259,0.043609366823448244,obse
4620,13.792405366897583,0.043609366823448244,obse
4621,13.795403957366943,0.043736496664297166,obse
4622,13.79840898513794,0.043736496664297166,obse
4623,13.801183700561523,0.043736496664297166,obse
4624,13.804326295852661,0.044041022266271886,obse
4625,13.807170391082764,0.044041022266271886,obse
4626,13.809891700744629,0.044041022266271886,obse
4627,13.812920331954956,0.044132185057303513,obse
4628,13.815812587738037,0.044132185057303513,obse
4629,13.818656206130981,0.044132185057303513,obse
4630,13.821805000305176,0.04371259613985026,obse
4631,13.824829578399658,0.04371259613985026,obse
4632,13.82770037651062,0.043827343044768055,obse
4633,13.830629348754883,0.043977671364851006,obse
4634,13.833370208740234,0.043977671364851006,obse
4635,13.836243629455566,0.04428869680567005,obse
4636,13.839139938354492,0.04439896724249905,obse
4637,13.841952323913574,0.04439896724249905,obse
4638,13.844886064529419,0.04422066287953958,obse
4639,13.84774112701416,0.04424661679305067,obse
4640,13.850558757781982,0.04424661679305067,obse
4641,13.853779315948486,0.04423988550863745,obse
4642,13.856757402420044,0.04423988550863745,obse
4643,13.859591484069824,0.04423988550863745,obse
4644,13.862636089324951,0.0447150716630291,obse
4645,13.865488290786743,0.0447150716630291,obse
4646,13.868263959884644,0.0447150716630291,obse
4647,13.871311902999878,0.04433963638829902,obse
4648,13.874203205108643,0.04433963638829902,obse
4649,13.876969814300537,0.04433963638829902,obse
4650,13.880188941955566,0.04445285738417946,obse
4651,13.883007049560547,0.04445285738417946,obse
4652,13.885846853256226,0.04445285738417946,obse
4653,13.888997793197632,0.045046627665930115,obse
4654,13.892075777053833,0.045046627665930115,obse
4655,13.895046710968018,0.04493131016081865,obse
4656,13.898031949996948,0.04493131016081865,obse
4657,13.900790452957153,0.04493131016081865,obse
4658,13.90382194519043,0.04465343195142973,obse
4659,13.906754493713379,0.04465343195142973,obse
4660,13.90960693359375,0.04465343195142973,obse
4661,13.912700891494751,0.04523642691619484,obse
4662,13.915668249130249,0.04523642691619484,obse
4663,13.918508291244507,0.04523642691619484,obse
4664,13.921515464782715,0.045223198794902525,obse
4665,13.924466133117676,0.045223198794902525,obse
4666,13.92729139328003,0.045223198794902525,obse
4667,13.930333375930786,0.044863013427048105,obse
4668,13.933316469192505,0.044863013427048105,obse
4669,13.936223268508911,0.04501469341508177,obse
4670,13.939520597457886,0.04513291309155317,obse
4671,13.942747592926025,0.04513291309155317,obse
4672,13.9457528591156,0.045513519760241206,obse
4673,13.948782682418823,0.045513519760241206,obse
4674,13.951544523239136,0.045513519760241206,obse
4675,13.954634189605713,0.045366177177498176,obse
4676,13.957664728164673,0.045366177177498176,obse
4677,13.960468053817749,0.045366177177498176,obse
4678,13.963546991348267,0.045417328634274,obse
4679,13.966291427612305,0.045417328634274,obse
4680,13.969183444976807,0.04568965262447954,obse
4681,13.97236967086792,0.04583201248175649,obse
4682,13.975247621536255,0.04583201248175649,obse
4683,13.978347778320312,0.04558824896401348,obse
4684,13.981444358825684,0.04558824896401348,obse
4685,13.98424768447876,0.04558824896401348,obse
4686,13.987350463867188,0.045886445512472784,obse
4687,13.99053692817688,0.045886445512472784,obse
4688,13.993342399597168,0.045886445512472784,obse
4689,13.9965341091156,0.04614826687552922,obse
4690,13.99942135810852,0.04614826687552922,obse
4691,14.002328157424927,0.04614826687552922,obse
4692,14.005424737930298,0.04611169451183913,obse
4693,14.008324146270752,0.04611169451183913,obse
4694,14.011225700378418,0.04591366410532378,obse
4695,14.014302730560303,0.04602949536082382,obse
4696,14.017141342163086,0.04602949536082382,obse
4697,14.020155429840088,0.04657110146950231,obse
4698,14.023199319839478,0.04657110146950231,obse
4699,14.026021718978882,0.04657110146950231,obse
4700,14.029105186462402,0.04646182581021805,obse
4701,14.032045125961304,0.04646182581021805,obse
4702,14.034918069839478,0.04646182581021805,obse
4703,14.038243532180786,0.046200984398374965,obse
4704,14.041041851043701,0.046200984398374965,obse
4705,14.04414963722229,0.046200984398374965,obse
4706,14.047281742095947,0.04660276276988699,obse
4707,14.050116539001465,0.04660276276988699,obse
4708,14.053040504455566,0.04673194407046335,obse
4709,14.05617904663086,0.046848533775348276,obse
4710,14.059146881103516,0.046848533775348276,obse
4711,14.062122821807861,0.04660995893535553,obse
4712,14.065105199813843,0.04660995893535553,obse
4713,14.068097352981567,0.04660995893535553,obse
4714,14.07108449935913,0.047076656653632046,obse
4715,14.073995113372803,0.047076656653632046,obse
4716,14.076752185821533,0.047076656653632046,obse
4717,14.079738855361938,0.04723430754492706,obse
4718,14.082968473434448,0.04723430754492706,obse
4719,14.085834980010986,0.047097618898681734,obse
4720,14.0888671875,0.04711723383995134,obse
4721,14.091856002807617,0.04711723383995134,obse
4722,14.094737529754639,0.04718828463408159,obse
4723,14.09781527519226,0.04734101856067251,obse
4724,14.100687503814697,0.04734101856067251,obse
4725,14.103642702102661,0.04737890917519507,obse
4726,14.106635332107544,0.04753447358189892,obse
4727,14.109543323516846,0.04753447358189892,obse
4728,14.113146543502808,0.0474930559660517,obse
4729,14.115992784500122,0.0474930559660517,obse
4730,14.118842124938965,0.0474930559660517,obse
4731,14.121994018554688,0.0474421067420006,obse
4732,14.125091791152954,0.0474421067420006,obse
4733,14.128053665161133,0.04777762964814803,obse
4734,14.131438493728638,0.047931723572219004,obse
4735,14.134231328964233,0.047931723572219004,obse
4736,14.137379169464111,0.0478588691783179,obse
4737,14.140305042266846,0.0478588691783179,obse
4738,14.143064498901367,0.0478588691783179,obse
4739,14.146291732788086,0.04795095680561878,obse
4740,14.149335861206055,0.04795095680561878,obse
4741,14.152158260345459,0.04795095680561878,obse
4742,14.155357122421265,0.04829085151836832,obse
4743,14.158217668533325,0.04829085151836832,obse
4744,14.161211013793945,0.04829085151836832,obse
4745,14.164234399795532,0.048305849333561635,obse
4746,14.167342901229858,0.048305849333561635,obse
4747,14.170443296432495,0.048220406239818756,obse
4748,14.173395872116089,0.04835901250995344,obse
4749,14.176414251327515,0.04835901250995344,obse
4750,14.179488182067871,0.04829331587928503,obse
4751,14.182461500167847,0.04841840247292914,obse
4752,14.18551230430603,0.04841840247292914,obse
4753,14.188353300094604,0.04841840247292914,obse
4754,14.191432476043701,0.04862822959948098,obse
4755,14.194563388824463,0.04872826232347469,obse
4756,14.197343111038208,0.04872826232347469,obse
4757,14.20049524307251,0.04841537974718924,obse
4758,14.203506469726562,0.04841537974718924,obse
4759,14.206352472305298,0.04841537974718924,obse
4760,14.209303855895996,0.04870795014083153,obse
4761,14.212650537490845,0.048888728437802995,obse
4762,14.215794563293457,0.048888728437802995,obse
4763,14.218894720077515,0.04909346425994988,obse
4764,14.22180962562561,0.04909346425994988,obse
4765,14.224697828292847,0.04909346425994988,obse
4766,14.227824211120605,0.04904210074337569,obse
4767,14.230923175811768,0.04904210074337569,obse
4768,14.23384952545166,0.04905693594229777,obse
4769,14.236819982528687,0.04922079481242534,obse
4770,14.239792823791504,0.04922079481242534,obse
4771,14.242674827575684,0.04922079481242534,obse
4772,14.245789289474487,0.04946141617298149,obse
4773,14.249047994613647,0.04939459625991085,obse
4774,14.252047538757324,0.04939459625991085,obse
4775,14.255009174346924,0.04943876494013797,obse
4776,14.2579824924469,0.04957320055472955,obse
4777,14.260977983474731,0.04957320055472955,obse
4778,14.263899803161621,0.04957320055472955,obse
4779,14.266927719116211,0.04957320055472955,obse
4780,14.270056009292603,0.049813437197839774,obse
4781,14.273233890533447,0.049813437197839774,obse
4782,14.276289463043213,0.049686046270030586,obse
4783,14.279834270477295,0.04984427887179727,obse
4784,14.282927989959717,0.04984427887179727,obse
4785,14.285966157913208,0.04961622201799612,obse
4786,14.289357423782349,0.04991427144782594,obse
4787,14.292592287063599,0.04991427144782594,obse
4788,14.295655965805054,0.0502007551975107,obse
4789,14.29877233505249,0.0502007551975107,obse
4790,14.301619052886963,0.0502007551975107,obse
4791,14.304709196090698,0.050162346461202816,obse
4792,14.307702541351318,0.050162346461202816,obse
4793,14.310602903366089,0.05005978084711226,obse
4794,14.313777923583984,0.05017594735972218,obse
4795,14.316776275634766,0.05017594735972218,obse
4796,14.319746732711792,0.05056281311347145,obse
4797,14.322742223739624,0.05056281311347145,obse
4798,14.325707197189331,0.05056281311347145,obse
4799,14.328739404678345,0.05052216458159721,obse
4800,14.3318452835083,0.05052216458159721,obse
4801,14.334766149520874,0.05052216458159721,obse
4802,14.33771276473999,0.05078197191650982,obse
4803,14.340685606002808,0.05078197191650982,obse
4804,14.343440055847168,0.05078197191650982,obse
4805,14.346560716629028,0.05100609521340568,obse
4806,14.349543333053589,0.05100609521340568,obse
4807,14.35246992111206,0.050721517114464106,obse
4808,14.3555269241333,0.050747011468399356,obse
4809,14.358441829681396,0.050747011468399356,obse
4810,14.361400604248047,0.05086302804128141,obse
4811,14.364479541778564,0.05086302804128141,obse
4812,14.367281436920166,0.05086302804128141,obse
4813,14.370370864868164,0.051399576958583854,obse
4814,14.37328314781189,0.051399576958583854,obse
4815,14.3760666847229,0.051399576958583854,obse
4816,14.378902196884155,0.05108440651884298,obse
4817,14.382151365280151,0.05114991448654369,obse
4818,14.384957551956177,0.05114991448654369,obse
4819,14.387967109680176,0.051276260652685555,obse
4820,14.390967607498169,0.051276260652685555,obse
4821,14.393798112869263,0.051276260652685555,obse
4822,14.396940469741821,0.05176126387022971,obse
4823,14.399837255477905,0.05176126387022971,obse
4824,14.402787923812866,0.05169104768742231,obse
4825,14.405890941619873,0.051811258643476917,obse
4826,14.408731698989868,0.051811258643476917,obse
4827,14.411611080169678,0.05157731563229886,obse
4828,14.414666175842285,0.0516421996758419,obse
4829,14.417587757110596,0.0516421996758419,obse
4830,14.420634269714355,0.05206117691273464,obse
4831,14.423543453216553,0.05206117691273464,obse
4832,14.426388025283813,0.05206117691273464,obse
4833,14.429481029510498,0.0519962032689152,obse
4834,14.432639837265015,0.0519962032689152,obse
4835,14.436047077178955,0.052086248851824814,obse
4836,14.439277648925781,0.05218029815202153,obse
4837,14.44218397140503,0.05218029815202153,obse
4838,14.445308208465576,0.052276146324125444,obse
4839,14.448518514633179,0.052276146324125444,obse
4840,14.45143747329712,0.052276146324125444,obse
4841,14.454900741577148,0.052613690694228,obse
4842,14.45790696144104,0.052613690694228,obse
4843,14.460963010787964,0.05248443916323796,obse
4844,14.464231014251709,0.0525785548090032,obse
4845,14.466969966888428,0.0525785548090032,obse
4846,14.470058679580688,0.052599162301632564,obse
4847,14.473219633102417,0.052599162301632564,obse
4848,14.475992679595947,0.052599162301632564,obse
4849,14.479145526885986,0.052849183317866276,obse
4850,14.482270240783691,0.052849183317866276,obse
4851,14.485173225402832,0.052849183317866276,obse
4852,14.488351345062256,0.05286258768135687,obse
4853,14.491753101348877,0.05286258768135687,obse
4854,14.494679927825928,0.053034008770482824,obse
4855,14.497564554214478,0.053034008770482824,obse
4856,14.50042176246643,0.053034008770482824,obse
4857,14.503355026245117,0.053476908056044076,obse
4858,14.506107330322266,0.053476908056044076,obse
4859,14.50893521308899,0.053476908056044076,obse
4860,14.511924505233765,0.05353070358472035,obse
4861,14.514755487442017,0.05353070358472035,obse
4862,14.517546892166138,0.05353070358472035,obse
4863,14.520587921142578,0.05358161536131629,obse
4864,14.524103879928589,0.05358161536131629,obse
4865,14.527100086212158,0.05358161536131629,obse
4866,14.530337810516357,0.053883863857023144,obse
4867,14.533449411392212,0.053883863857023144,obse
4868,14.536531209945679,0.05396685594491516,obse
4869,14.539538860321045,0.05396685594491516,obse
4870,14.542358636856079,0.05396685594491516,obse
4871,14.545523166656494,0.053870070164218756,obse
4872,14.548500061035156,0.053870070164218756,obse
4873,14.551376342773438,0.053870070164218756,obse
4874,14.554757118225098,0.054249307038766556,obse
4875,14.55769157409668,0.054249307038766556,obse
4876,14.56048059463501,0.054249307038766556,obse
4877,14.56370210647583,0.05427363517868374,obse
4878,14.566539287567139,0.05427363517868374,obse
4879,14.569555282592773,0.05427363517868374,obse
4880,14.572723627090454,0.05425281755944962,obse
4881,14.575638055801392,0.05425281755944962,obse
4882,14.578634977340698,0.05444717291000059,obse
4883,14.581562757492065,0.05444717291000059,obse
4884,14.58480453491211,0.05444717291000059,obse
4885,14.587772846221924,0.05462746393370298,obse
4886,14.591153860092163,0.054827519001380436,obse
4887,14.59406042098999,0.054827519001380436,obse
4888,14.597296476364136,0.05459315454899015,obse
4889,14.600393056869507,0.05471377978015938,obse
4890,14.603290319442749,0.05471377978015938,obse
4891,14.606346845626831,0.054928966662352974,obse
4892,14.609314203262329,0.054928966662352974,obse
4893,14.612266778945923,0.054928966662352974,obse
4894,14.615326881408691,0.05531270457115982,obse
4895,14.61826753616333,0.05531270457115982,obse
4896,14.621378898620605,0.05523721537127483,obse
4897,14.62455153465271,0.05532271042044845,obse
4898,14.62744426727295,0.05532271042044845,obse
4899,14.630277395248413,0.05516789819751352,obse
4900,14.633376598358154,0.055277264310045454,obse
4901,14.63628888130188,0.055277264310045454,obse
4902,14.639153242111206,0.05534106681130735,obse
4903,14.642149209976196,0.055460285836736345,obse
4904,14.645185947418213,0.055460285836736345,obse
4905,14.648066520690918,0.055460285836736345,obse
4906,14.650904417037964,0.055460285836736345,obse
4907,14.654150009155273,0.056066109202552845,obse
4908,14.657174825668335,0.056066109202552845,obse
4909,14.660200357437134,0.055973936928180035,obse
4910,14.663291931152344,0.05609303317214742,obse
4911,14.666146755218506,0.05609303317214742,obse
4912,14.66914963722229,0.056578275289339036,obse
4913,14.672196865081787,0.05651699187524182,obse
4914,14.675305366516113,0.05666223398669032,obse
4915,14.678277254104614,0.05666223398669032,obse
4916,14.681252717971802,0.05652112249677776,obse
4917,14.68413496017456,0.05652112249677776,obse
4918,14.68719482421875,0.056610111603874816,obse
4919,14.690505027770996,0.05681277409339905,obse
4920,14.693525791168213,0.05681277409339905,obse
4921,14.696653366088867,0.05705008224098731,obse
4922,14.699485778808594,0.05705008224098731,obse
4923,14.702359676361084,0.05705008224098731,obse
4924,14.70571517944336,0.057038149744855125,obse
4925,14.708547115325928,0.057038149744855125,obse
4926,14.711566686630249,0.0571183099322035,obse
4927,14.714842319488525,0.057378791752393944,obse
4928,14.717662811279297,0.057378791752393944,obse
4929,14.720681428909302,0.05750638092282967,obse
4930,14.72389817237854,0.05750638092282967,obse
4931,14.726666688919067,0.05750638092282967,obse
4932,14.729873180389404,0.05743481956365234,obse
4933,14.73280668258667,0.05743481956365234,obse
4934,14.735665082931519,0.05748330104623802,obse
4935,14.738831281661987,0.05759895968269741,obse
4936,14.74170732498169,0.05759895968269741,obse
4937,14.7448410987854,0.05775183234720843,obse
4938,14.747833728790283,0.057915849868757585,obse
4939,14.750650644302368,0.057915849868757585,obse
4940,14.753679037094116,0.05794064734735816,obse
4941,14.757076740264893,0.05794064734735816,obse
4942,14.760223388671875,0.05794064734735816,obse
4943,14.763418197631836,0.0580075537182916,obse
4944,14.76624083518982,0.0580075537182916,obse
4945,14.769113063812256,0.058127568719082263,obse
4946,14.772326946258545,0.05831960984344306,obse
4947,14.775132179260254,0.05831960984344306,obse
4948,14.778045654296875,0.058214159468741165,obse
4949,14.781045198440552,0.05834615657633033,obse
4950,14.783901929855347,0.05834615657633033,obse
4951,14.78692078590393,0.05829186225533671,obse
4952,14.789875030517578,0.05829186225533671,obse
4953,14.792842864990234,0.05829186225533671,obse
4954,14.79603362083435,0.058593090759796955,obse
4955,14.798954963684082,0.058593090759796955,obse
4956,14.801873445510864,0.058593090759796955,obse
4957,14.805404424667358,0.05874331281907232,obse
4958,14.808410167694092,0.05874331281907232,obse
4959,14.811472177505493,0.058650442751737406,obse
4960,14.814618110656738,0.058650442751737406,obse
4961,14.817455291748047,0.058650442751737406,obse
4962,14.820520877838135,0.05891682648887761,obse
4963,14.823549270629883,0.05891682648887761,obse
4964,14.826459169387817,0.05891682648887761,obse
4965,14.829830169677734,0.05914529565309793,obse
4966,14.832777261734009,0.05914529565309793,obse
4967,14.835652828216553,0.05914529565309793,obse
4968,14.838879346847534,0.05911006757679796,obse
4969,14.841729640960693,0.05911006757679796,obse
4970,14.844709634780884,0.059150571117092925,obse
4971,14.847778081893921,0.05930169238786341,obse
4972,14.850619077682495,0.05930169238786341,obse
4973,14.853962421417236,0.05958676038147791,obse
4974,14.85683274269104,0.05958676038147791,obse
4975,14.859777688980103,0.05958676038147791,obse
4976,14.863233804702759,0.0595255399810864,obse
4977,14.866161346435547,0.0595255399810864,obse
4978,14.869070529937744,0.059597848981397396,obse
4979,14.872238159179688,0.059723602647035204,obse
4980,14.87506365776062,0.059723602647035204,obse
4981,14.878024578094482,0.059710630164131646,obse
4982,14.88111138343811,0.05991137172948877,obse
4983,14.883996486663818,0.05991137172948877,obse
4984,14.887012243270874,0.060040645143682576,obse
4985,14.890178203582764,0.060040645143682576,obse
4986,14.893163681030273,0.060040645143682576,obse
4987,14.896163940429688,0.06003076133017582,obse
4988,14.899077892303467,0.06003076133017582,obse
4989,14.901904821395874,0.06003076133017582,obse
4990,14.904845952987671,0.06036074503975083,obse
4991,14.90770173072815,0.06036074503975083,obse
4992,14.910613775253296,0.060374615328367555,obse
4993,14.913615226745605,0.06052542191256349,obse
4994,14.916463375091553,0.06052542191256349,obse
4995,14.919391632080078,0.06048832203277377,obse
4996,14.923486471176147,0.06056912711409287,obse
4997,14.926765203475952,0.06056912711409287,obse
4998,14.929927110671997,0.06086868282641396,obse
4999,14.932743310928345,0.06086868282641396,obse
5000,14.935587406158447,0.06086868282641396,obse
5001,14.93867301940918,0.061073050200774456,obse
5002,14.941453456878662,0.061073050200774456,obse
5003,14.944337606430054,0.06090224570121559,obse
5004,14.947458505630493,0.06100677044428378,obse
5005,14.950231552124023,0.06100677044428378,obse
5006,14.953371524810791,0.06129846955811286,obse
5007,14.956426620483398,0.06129846955811286,obse
5008,14.959299564361572,0.06129846955811286,obse
5009,14.96341848373413,0.06159117113764696,obse
5010,14.966458797454834,0.06159117113764696,obse
5011,14.96931004524231,0.06159117113764696,obse
5012,14.972538232803345,0.061580406517697854,obse
5013,14.975417137145996,0.061580406517697854,obse
5014,14.978381395339966,0.06173389242230759,obse
5015,14.981366872787476,0.06173389242230759,obse
5016,14.984448909759521,0.06173389242230759,obse
5017,14.987567901611328,0.062047485255175956,obse
5018,14.990614652633667,0.062047485255175956,obse
5019,14.993484497070312,0.062047485255175956,obse
5020,14.996729135513306,0.062058700744609556,obse
5021,14.999543190002441,0.062058700744609556,obse
5022,15.002359390258789,0.062058700744609556,obse
5023,15.005627393722534,0.06211270701103627,obse
5024,15.008455276489258,0.06211270701103627,obse
5025,15.01148796081543,0.06250039082969565,obse
5026,15.014711380004883,0.06250039082969565,obse
5027,15.017491340637207,0.06250039082969565,obse
5028,15.02066421508789,0.06253136163141991,obse
5029,15.023689031600952,0.06253136163141991,obse
5030,15.026495695114136,0.06253136163141991,obse
5031,15.029597043991089,0.06256149052735889,obse
5032,15.032516956329346,0.06256149052735889,obse
5033,15.03541350364685,0.06256149052735889,obse
5034,15.038533449172974,0.06293392712863394,obse
5035,15.041325330734253,0.06293392712863394,obse
5036,15.044496297836304,0.06317930508413826,obse
5037,15.04767370223999,0.06317930508413826,obse
5038,15.050504684448242,0.06317930508413826,obse
5039,15.053735971450806,0.06320585429197582,obse
5040,15.056658267974854,0.06320585429197582,obse
5041,15.059409379959106,0.06320585429197582,obse
5042,15.062429189682007,0.06345686206323377,obse
5043,15.065496444702148,0.06345686206323377,obse
5044,15.068256139755249,0.06345686206323377,obse
5045,15.071389198303223,0.06363989907410664,obse
5046,15.074496984481812,0.06363989907410664,obse
5047,15.077397584915161,0.06357286103905244,obse
5048,15.08071494102478,0.06366242189910787,obse
5049,15.083590984344482,0.06366242189910787,obse
5050,15.086957454681396,0.06383410170537382,obse
5051,15.090064764022827,0.06383410170537382,obse
5052,15.09295129776001,0.06383410170537382,obse
5053,15.09597373008728,0.06416132139585119,obse
5054,15.098843336105347,0.06416132139585119,obse
5055,15.101567268371582,0.06416132139585119,obse
5056,15.104645490646362,0.06416373797109284,obse
5057,15.10747504234314,0.06416373797109284,obse
5058,15.110324621200562,0.06410869281605872,obse
5059,15.113263845443726,0.06425346512159777,obse
5060,15.116143703460693,0.06425346512159777,obse
5061,15.119029521942139,0.06441520338409201,obse
5062,15.122311353683472,0.06467151827757926,obse
5063,15.125374555587769,0.06467151827757926,obse
5064,15.128434658050537,0.06466549241997543,obse
5065,15.13137412071228,0.06466549241997543,obse
5066,15.134252309799194,0.06466549241997543,obse
5067,15.137482643127441,0.06468132213130831,obse
5068,15.140444278717041,0.06468132213130831,obse
5069,15.143245220184326,0.06468132213130831,obse
5070,15.146534204483032,0.06503991129115819,obse
5071,15.149413824081421,0.06503991129115819,obse
5072,15.152239322662354,0.06503991129115819,obse
5073,15.155425548553467,0.0651162562532338,obse
5074,15.158386468887329,0.0651162562532338,obse
5075,15.161346912384033,0.06511023388638938,obse
5076,15.164364099502563,0.06522027520603288,obse
5077,15.16729998588562,0.06522027520603288,obse
5078,15.170561790466309,0.06551810222486659,obse
5079,15.173475742340088,0.06551810222486659,obse
5080,15.176275730133057,0.06551810222486659,obse
5081,15.179404973983765,0.06573801973353428,obse
5082,15.182437658309937,0.06573801973353428,obse
5083,15.185312986373901,0.06573801973353428,obse
5084,15.18850040435791,0.0656874763472238,obse
5085,15.191364288330078,0.0656874763472238,obse
5086,15.194247961044312,0.06576614387387374,obse
5087,15.197338342666626,0.06596888119841918,obse
5088,15.200501918792725,0.06596888119841918,obse
5089,15.203518629074097,0.06622057538333637,obse
5090,15.206681728363037,0.06622057538333637,obse
5091,15.209497451782227,0.06622057538333637,obse
5092,15.21287488937378,0.06623766482010915,obse
5093,15.215840101242065,0.06623766482010915,obse
5094,15.218760013580322,0.06623766482010915,obse
5095,15.221891164779663,0.0664314665839006,obse
5096,15.22487759590149,0.0664314665839006,obse
5097,15.227794647216797,0.06647349390224801,obse
5098,15.231343507766724,0.06665735058660321,obse
5099,15.234286308288574,0.06665735058660321,obse
5100,15.237419843673706,0.06673019364353903,obse
5101,15.240573644638062,0.06673019364353903,obse
5102,15.243379354476929,0.06673019364353903,obse
5103,15.246843576431274,0.06684318655378255,obse
5104,15.249644756317139,0.06684318655378255,obse
5105,15.252470016479492,0.06684318655378255,obse
5106,15.255949020385742,0.06720778005204897,obse
5107,15.258896827697754,0.06720778005204897,obse
5108,15.261934757232666,0.06725809588360787,obse
5109,15.265068292617798,0.06725809588360787,obse
5110,15.267935514450073,0.06725809588360787,obse
5111,15.271024942398071,0.06736114984692464,obse
5112,15.274120330810547,0.06736114984692464,obse
5113,15.276996612548828,0.06736114984692464,obse
5114,15.280195474624634,0.0676970125055976,obse
5115,15.283252000808716,0.0676970125055976,obse
5116,15.286250352859497,0.06786534129175249,obse
5117,15.289654016494751,0.06786534129175249,obse
5118,15.292654991149902,0.06786534129175249,obse
5119,15.295775413513184,0.06790325374921682,obse
5120,15.298644781112671,0.06790325374921682,obse
5121,15.301456689834595,0.06790325374921682,obse
5122,15.304490566253662,0.0681405729166169,obse
5123,15.307263135910034,0.0681405729166169,obse
5124,15.31009578704834,0.0681405729166169,obse
5125,15.313149452209473,0.06833376458580451,obse
5126,15.316012859344482,0.06833376458580451,obse
5127,15.318809747695923,0.06833376458580451,obse
5128,15.322165727615356,0.06834148741165695,obse
5129,15.325277090072632,0.06834148741165695,obse
5130,15.32837724685669,0.06860705704412808,obse
5131,15.331438541412354,0.06860705704412808,obse
5132,15.334234237670898,0.06860705704412808,obse
5133,15.337519407272339,0.06879139204911049,obse
5134,15.340493202209473,0.06879139204911049,obse
5135,15.343284606933594,0.06879139204911049,obse
5136,15.34643292427063,0.06884694017012048,obse
5137,15.349345207214355,0.06884694017012048,obse
5138,15.352465152740479,0.0688862332355588,obse
5139,15.35577130317688,0.06905455496140207,obse
5140,15.358990907669067,0.06905455496140207,obse
5141,15.36181926727295,0.06905455496140207,obse
5142,15.364736080169678,0.06915357974147616,obse
5143,15.367943525314331,0.06935985549621239,obse
5144,15.370867490768433,0.06935985549621239,obse
5145,15.374029636383057,0.06927789666211406,obse
5146,15.37706995010376,0.06943528705962199,obse
5147,15.3801589012146,0.06943528705962199,obse
5148,15.383415222167969,0.06956359802726106,obse
5149,15.386537790298462,0.06956359802726106,obse
5150,15.389644145965576,0.06956359802726106,obse
5151,15.392748355865479,0.06989776970856036,obse
5152,15.395647764205933,0.06989776970856036,obse
5153,15.398783445358276,0.06989776970856036,obse
5154,15.40196967124939,0.07002327749233278,obse
5155,15.405161142349243,0.07002327749233278,obse
5156,15.408672571182251,0.07008068206612551,obse
5157,15.411757469177246,0.07008068206612551,obse
5158,15.414798259735107,0.07007962134818017,obse
5159,15.417808771133423,0.07032672470890047,obse
5160,15.420771598815918,0.07032672470890047,obse
5161,15.423782587051392,0.07034148249554599,obse
5162,15.426734447479248,0.07050150951082343,obse
5163,15.429873943328857,0.07050150951082343,obse
5164,15.432726860046387,0.07041681677916403,obse
5165,15.435784339904785,0.07049615685019457,obse
5166,15.43904733657837,0.07049615685019457,obse
5167,15.44187617301941,0.07049615685019457,obse
5168,15.445302963256836,0.07075590066940395,obse
5169,15.448396444320679,0.07075590066940395,obse
5170,15.451400756835938,0.0707910309798686,obse
5171,15.454694032669067,0.07101199710326861,obse
5172,15.457635641098022,0.07101199710326861,obse
5173,15.460698127746582,0.07095896128261933,obse
5174,15.463792324066162,0.07109600973610342,obse
5175,15.46698784828186,0.07128257542455582,obse
5176,15.469931364059448,0.07128257542455582,obse
5177,15.473331689834595,0.07128257542455582,obse
5178,15.476661443710327,0.07157121516743824,obse
5179,15.479753732681274,0.07157121516743824,obse
5180,15.482597351074219,0.07151483544751645,obse
5181,15.485769987106323,0.07164515050555467,obse
5182,15.488972187042236,0.07187944771442714,obse
5183,15.49222445487976,0.07187944771442714,obse
5184,15.495361328125,0.07219462437092743,obse
5185,15.498405694961548,0.07219462437092743,obse
5186,15.50118088722229,0.07219462437092743,obse
5187,15.505023956298828,0.07217888974184643,obse
5188,15.50789475440979,0.07217888974184643,obse
5189,15.510875463485718,0.07215653107487247,obse
5190,15.514062881469727,0.07229323296584246,obse
5191,15.516930341720581,0.07229323296584246,obse
5192,15.520017385482788,0.07258263753533706,obse
5193,15.523086309432983,0.07258263753533706,obse
5194,15.52606749534607,0.07258263753533706,obse
5195,15.529204368591309,0.07265897434907813,obse
5196,15.532148838043213,0.07265897434907813,obse
5197,15.535740375518799,0.07262395033014481,obse
5198,15.539032459259033,0.07270445719072449,obse
5199,15.541851282119751,0.07270445719072449,obse
5200,15.544914960861206,0.0727925080277736,obse
5201,15.548098087310791,0.07299043607552592,obse
5202,15.55087924003601,0.07299043607552592,obse
5203,15.554027318954468,0.07318332824672505,obse
5204,15.55726933479309,0.07318332824672505,obse
5205,15.560436964035034,0.07318332824672505,obse
5206,15.563696384429932,0.07331245979163561,obse
5207,15.567264556884766,0.07331245979163561,obse
5208,15.570438146591187,0.07357096793274852,obse
5209,15.57345461845398,0.07357096793274852,obse
5210,15.57626223564148,0.07357096793274852,obse
5211,15.57948088645935,0.07384030029379308,obse
5212,15.582397222518921,0.07384030029379308,obse
5213,15.585200786590576,0.07384030029379308,obse
5214,15.58859395980835,0.07379074374846707,obse
5215,15.591466426849365,0.07379074374846707,obse
5216,15.594413757324219,0.07379074374846707,obse
5217,15.598170042037964,0.0739979607511812,obse
5218,15.600987672805786,0.0739979607511812,obse
5219,15.604082345962524,0.07430769434873721,obse
5220,15.607253074645996,0.07430769434873721,obse
5221,15.610145330429077,0.07430769434873721,obse
5222,15.613357067108154,0.07436676251124741,obse
5223,15.616314888000488,0.07436676251124741,obse
5224,15.619307279586792,0.0743316520322,obse
5225,15.622411727905273,0.07449167455966665,obse
5226,15.625294923782349,0.07449167455966665,obse
5227,15.629369735717773,0.0747831168358072,obse
5228,15.632389307022095,0.0747831168358072,obse
5229,15.635383129119873,0.0747831168358072,obse
5230,15.638593435287476,0.07489950018986702,obse
5231,15.641610622406006,0.07489950018986702,obse
5232,15.644613265991211,0.07560030691973942,obse
5233,15.647721529006958,0.07578072043566471,obse
5234,15.650680541992188,0.07578072043566471,obse
5235,15.653844833374023,0.0759871334884893,obse
5236,15.6568922996521,0.0759871334884893,obse
5237,15.659687519073486,0.0759871334884893,obse
5238,15.662884712219238,0.07609314636972178,obse
5239,15.66578483581543,0.07609314636972178,obse
5240,15.668690919876099,0.07609314636972178,obse
5241,15.671730995178223,0.07617498032364356,obse
5242,15.674592733383179,0.07617498032364356,obse
5243,15.677538633346558,0.07624991388334713,obse
5244,15.680759906768799,0.07648756914399502,obse
5245,15.683648109436035,0.07648756914399502,obse
5246,15.686675786972046,0.07666331632635323,obse
5247,15.689851999282837,0.07666331632635323,obse
5248,15.693047523498535,0.07666331632635323,obse
5249,15.69627046585083,0.0767564227617526,obse
5250,15.699209690093994,0.0767564227617526,obse
5251,15.702098608016968,0.07682362028792064,obse
5252,15.705338716506958,0.07701728844449421,obse
5253,15.708205938339233,0.07701728844449421,obse
5254,15.71121859550476,0.07698265024114262,obse
5255,15.714739084243774,0.07721723915857044,obse
5256,15.71757459640503,0.07721723915857044,obse
5257,15.720564365386963,0.07740488805006508,obse
5258,15.723592519760132,0.07740488805006508,obse
5259,15.726348400115967,0.07740488805006508,obse
5260,15.729727506637573,0.07761471532237565,obse
5261,15.732578754425049,0.07761471532237565,obse
5262,15.735419273376465,0.07761034941247578,obse
5263,15.738502025604248,0.07782596012774538,obse
5264,15.741265773773193,0.07782596012774538,obse
5265,15.744204044342041,0.07773787565916582,obse
5266,15.747202157974243,0.0779129521879962,obse
5267,15.750099420547485,0.0779129521879962,obse
5268,15.753185987472534,0.077985464960979,obse
5269,15.756132125854492,0.077985464960979,obse
5270,15.759109020233154,0.077985464960979,obse
5271,15.761915683746338,0.077985464960979,obse
5272,15.76488709449768,0.07820363763134713,obse
5273,15.767854928970337,0.07820363763134713,obse
5274,15.770665407180786,0.07820363763134713,obse
5275,15.773621559143066,0.07813025909239976,obse
5276,15.776526927947998,0.07830069279564561,obse
5277,15.779667139053345,0.07830069279564561,obse
5278,15.782660484313965,0.07845552833478849,obse
5279,15.78574800491333,0.07845552833478849,obse
5280,15.788835525512695,0.07846438573714702,obse
5281,15.791928768157959,0.07872285486264764,obse
5282,15.795068740844727,0.07872285486264764,obse
5283,15.797970056533813,0.07869404508144158,obse
5284,15.801038265228271,0.07900217413672181,obse
5285,15.80429458618164,0.07897872894991524,obse
5286,15.807291507720947,0.07909055050912171,obse
5287,15.81019115447998,0.07909055050912171,obse
5288,15.813560485839844,0.07912135248629522,obse
5289,15.816653490066528,0.07934843102528248,obse
5290,15.819695234298706,0.07934843102528248,obse
5291,15.8230459690094,0.0795497180535406,obse
5292,15.825948476791382,0.0795497180535406,obse
5293,15.829129695892334,0.0795497180535406,obse
5294,15.83247685432434,0.07964827336985543,obse
5295,15.83549952507019,0.07964827336985543,obse
5296,15.838454484939575,0.07966957075452685,obse
5297,15.841686964035034,0.07975339704468841,obse
5298,15.844810962677002,0.07975339704468841,obse
5299,15.847930431365967,0.07978393510679668,obse
5300,15.851187467575073,0.08006089384184681,obse
5301,15.85401964187622,0.08006089384184681,obse
5302,15.857142925262451,0.07999259262000409,obse
5303,15.86020565032959,0.08022690148885,obse
5304,15.862999200820923,0.08022690148885,obse
5305,15.86625075340271,0.08023382325690401,obse
5306,15.8692307472229,0.08038141351653678,obse
5307,15.872239112854004,0.08038141351653678,obse
5308,15.875500679016113,0.0806188950073362,obse
5309,15.878913640975952,0.0806188950073362,obse
5310,15.881945133209229,0.08072857667635774,obse
5311,15.88477897644043,0.08072857667635774,obse
5312,15.887742757797241,0.08072857667635774,obse
5313,15.890977144241333,0.08072857667635774,obse
5314,15.894278287887573,0.08085697112445983,obse
5315,15.897529125213623,0.08106588405385909,obse
5316,15.90037751197815,0.08106588405385909,obse
5317,15.903334379196167,0.08123791952002517,obse
5318,15.90624451637268,0.08123791952002517,obse
5319,15.909055948257446,0.08123791952002517,obse
5320,15.912339210510254,0.08130027025910719,obse
5321,15.915478229522705,0.08130027025910719,obse
5322,15.918572664260864,0.08130027025910719,obse
5323,15.921879768371582,0.0816632435899845,obse
5324,15.924998998641968,0.0816632435899845,obse
5325,15.927955627441406,0.08165889458059539,obse
5326,15.930799722671509,0.0819405638485388,obse
5327,15.93360447883606,0.0819405638485388,obse
5328,15.936614751815796,0.08191766050467707,obse
5329,15.939483165740967,0.08193878860214499,obse
5330,15.942265272140503,0.08193878860214499,obse
5331,15.9452543258667,0.08224899649973784,obse
5332,15.94852066040039,0.08224899649973784,obse
5333,15.951439619064331,0.08224899649973784,obse
5334,15.954631567001343,0.08245216676816024,obse
5335,15.957866907119751,0.08245216676816024,obse
5336,15.960961818695068,0.08241967894474965,obse
5337,15.964198589324951,0.0826065188442121,obse
5338,15.967068195343018,0.0826065188442121,obse
5339,15.970889568328857,0.08278309419993435,obse
5340,15.974275350570679,0.08278309419993435,obse
5341,15.977252006530762,0.08283991584971315,obse
5342,15.980841398239136,0.08305942940549177,obse
5343,15.98368787765503,0.08305942940549177,obse
5344,15.986830711364746,0.08304693023570099,obse
5345,15.990020275115967,0.08304693023570099,obse
5346,15.993042230606079,0.08304693023570099,obse
5347,15.9963219165802,0.08323774672652391,obse
5348,15.999415159225464,0.08323774672652391,obse
5349,16.00267219543457,0.08327253375189218,obse
5350,16.005882740020752,0.08361052742036974,obse
5351,16.008890390396118,0.08361052742036974,obse
5352,16.012029886245728,0.08367836419150326,obse
5353,16.015186309814453,0.08367836419150326,obse
5354,16.01813054084778,0.08367836419150326,obse
5355,16.021495819091797,0.08389725493524458,obse
5356,16.024388074874878,0.08389725493524458,obse
5357,16.027309894561768,0.08389725493524458,obse
5358,16.03079128265381,0.08418452721336456,obse
5359,16.033793210983276,0.08418452721336456,obse
5360,16.0370774269104,0.08439136123782294,obse
5361,16.040366172790527,0.08439136123782294,obse
5362,16.04358696937561,0.08439136123782294,obse
5363,16.0468966960907,0.08450144027547217,obse
5364,16.0498468875885,0.08450144027547217,obse
5365,16.052851676940918,0.08457707942070689,obse
5366,16.055927753448486,0.084702286009847,obse
5367,16.058785438537598,0.084702286009847,obse
5368,16.0619695186615,0.08487075651557684,obse
5369,16.064923524856567,0.08487075651557684,obse
5370,16.067732334136963,0.08487075651557684,obse
5371,16.07102632522583,0.08510526392915366,obse
5372,16.073932886123657,0.08510526392915366,obse
5373,16.07680892944336,0.08510526392915366,obse
5374,16.080079317092896,0.08525158830503336,obse
5375,16.08314609527588,0.08525158830503336,obse
5376,16.08615732192993,0.08526553086408689,obse
5377,16.08930492401123,0.08552297643200422,obse
5378,16.09222173690796,0.08552297643200422,obse
5379,16.095280408859253,0.08571878032542553,obse
5380,16.098397493362427,0.08571878032542553,obse
5381,16.10125732421875,0.08571878032542553,obse
5382,16.104384183883667,0.08594328434917284,obse
5383,16.10734534263611,0.08594328434917284,obse
5384,16.110273122787476,0.08598092633037253,obse
5385,16.11350131034851,0.08624313791750138,obse
5386,16.116437435150146,0.08624313791750138,obse
5387,16.11945104598999,0.08618734675219185,obse
5388,16.12252640724182,0.08642176402626098,obse
5389,16.12564206123352,0.08642176402626098,obse
5390,16.12862801551819,0.08651470248540677,obse
5391,16.13158631324768,0.08651470248540677,obse
5392,16.134440660476685,0.08651470248540677,obse
5393,16.137454748153687,0.08693637495936318,obse
5394,16.140315055847168,0.08693637495936318,obse
5395,16.143186569213867,0.08693637495936318,obse
5396,16.146225690841675,0.08700635557445735,obse
5397,16.149155616760254,0.08700635557445735,obse
5398,16.152014017105103,0.08699730146844352,obse
5399,16.155406951904297,0.0872464594876051,obse
5400,16.158390998840332,0.0872464594876051,obse
5401,16.161436796188354,0.08725490431937045,obse
5402,16.1646945476532,0.08749206889540875,obse
5403,16.16749143600464,0.08749206889540875,obse
5404,16.170569896697998,0.08776671532629308,obse
5405,16.17357897758484,0.08776671532629308,obse
5406,16.1764235496521,0.08776671532629308,obse
5407,16.179625511169434,0.08794332904156264,obse
5408,16.182592391967773,0.08794332904156264,obse
5409,16.185584545135498,0.08800596477415103,obse
5410,16.18868064880371,0.08825570006715464,obse
5411,16.191824913024902,0.08825570006715464,obse
5412,16.194844484329224,0.08836841154259802,obse
5413,16.19786262512207,0.08836841154259802,obse
5414,16.201069593429565,0.08836841154259802,obse
5415,16.20421075820923,0.08852081174122722,obse
5416,16.20711350440979,0.08852081174122722,obse
5417,16.210008144378662,0.08852081174122722,obse
5418,16.213164567947388,0.0888212321264886,obse
5419,16.216062545776367,0.0888212321264886,obse
5420,16.218982458114624,0.08883003856968219,obse
5421,16.222108364105225,0.08926030969651114,obse
5422,16.224981546401978,0.08926030969651114,obse
5423,16.22785496711731,0.08918926810931598,obse
5424,16.23098874092102,0.0893872312555644,obse
5425,16.23393154144287,0.0893872312555644,obse
5426,16.236979246139526,0.08967044404449795,obse
5427,16.240034580230713,0.08967044404449795,obse
5428,16.24292516708374,0.08967044404449795,obse
5429,16.24608278274536,0.09001111324185439,obse
5430,16.249027729034424,0.09001111324185439,obse
5431,16.252103567123413,0.08991875048035901,obse
5432,16.2551589012146,0.0900562670148494,obse
5433,16.258092403411865,0.0900562670148494,obse
5434,16.2611186504364,0.09008179930169406,obse
5435,16.264119863510132,0.0902677820701186,obse
5436,16.267005443572998,0.0902677820701186,obse
5437,16.270174026489258,0.09073400488604201,obse
5438,16.273178815841675,0.09073400488604201,obse
5439,16.275972843170166,0.09073400488604201,obse
5440,16.27932643890381,0.0909142439281199,obse
5441,16.2823383808136,0.0909142439281199,obse
5442,16.28521203994751,0.0909142439281199,obse
5443,16.28846049308777,0.09113765230765515,obse
5444,16.291422605514526,0.09113765230765515,obse
5445,16.294420957565308,0.09116693591261466,obse
5446,16.297476768493652,0.0914995746577026,obse
5447,16.300337076187134,0.0914995746577026,obse
5448,16.303383588790894,0.09179105923939235,obse
5449,16.30647301673889,0.09179105923939235,obse
5450,16.30928325653076,0.09179105923939235,obse
5451,16.312387228012085,0.09200844921921839,obse
5452,16.315483570098877,0.09200844921921839,obse
5453,16.318376779556274,0.09200844921921839,obse
5454,16.321525812149048,0.0923020375959683,obse
5455,16.324623823165894,0.0923020375959683,obse
5456,16.327510118484497,0.09229028076263314,obse
5457,16.330403327941895,0.09256041159991034,obse
5458,16.333275079727173,0.09256041159991034,obse
5459,16.33625078201294,0.0926901035305499,obse
5460,16.33908224105835,0.0926901035305499,obse
5461,16.341991901397705,0.0926901035305499,obse
5462,16.345049142837524,0.09275820344670589,obse
5463,16.34788990020752,0.09304486249859158,obse
5464,16.350751638412476,0.09304486249859158,obse
5465,16.353782892227173,0.09337487098805496,obse
5466,16.357023239135742,0.09337487098805496,obse
5467,16.3602511882782,0.09337487098805496,obse
5468,16.363412380218506,0.09347256214091752,obse
5469,16.366304636001587,0.09347256214091752,obse
5470,16.369255542755127,0.09353633357226376,obse
5471,16.37243962287903,0.09386692750910869,obse
5472,16.375200271606445,0.09386692750910869,obse
5473,16.37817883491516,0.09384604733389446,obse
5474,16.381271839141846,0.09407861244183854,obse
5475,16.384069204330444,0.09407861244183854,obse
5476,16.387046337127686,0.0943797916955022,obse
5477,16.390199899673462,0.0943797916955022,obse
5478,16.39305305480957,0.0943797916955022,obse
5479,16.39620590209961,0.09464106651117159,obse
5480,16.399142026901245,0.09464106651117159,obse
5481,16.402058362960815,0.09464106651117159,obse
5482,16.405163526535034,0.09523638747810394,obse
5483,16.40808391571045,0.09523638747810394,obse
5484,16.411035537719727,0.0951837537776998,obse
5485,16.414155960083008,0.09545252439399568,obse
5486,16.417041301727295,0.09545252439399568,obse
5487,16.42002773284912,0.09564743585909533,obse
5488,16.4231595993042,0.09564743585909533,obse
5489,16.42594623565674,0.09564743585909533,obse
5490,16.429041385650635,0.09603154622328997,obse
5491,16.432129621505737,0.09603154622328997,obse
5492,16.435073614120483,0.09603154622328997,obse
5493,16.438091278076172,0.09628101950867128,obse
5494,16.44108819961548,0.09628101950867128,obse
5495,16.443999767303467,0.09625441994567456,obse
5496,16.447109937667847,0.09643725229194933,obse
5497,16.449966192245483,0.09643725229194933,obse
5498,16.453018188476562,0.0967857624921139,obse
5499,16.455957174301147,0.0967857624921139,obse
5500,16.458821296691895,0.0967857624921139,obse
5501,16.461944103240967,0.09701583991553397,obse
5502,16.46493887901306,0.09701583991553397,obse
5503,16.467761993408203,0.09701583991553397,obse
5504,16.47082257270813,0.09725715209524147,obse
5505,16.473795413970947,0.09725715209524147,obse
5506,16.476630926132202,0.09725715209524147,obse
5507,16.479756355285645,0.09750790999083676,obse
5508,16.482719659805298,0.09750790999083676,obse
5509,16.48559880256653,0.09748601942213893,obse
5510,16.48878788948059,0.09777739773640637,obse
5511,16.49177098274231,0.09777739773640637,obse
5512,16.494782209396362,0.0978350377345562,obse
5513,16.49784016609192,0.0978350377345562,obse
5514,16.500670909881592,0.0978350377345562,obse
5515,16.5037579536438,0.09816559524702452,obse
5516,16.506711959838867,0.09816559524702452,obse
5517,16.50950860977173,0.09816559524702452,obse
5518,16.512621879577637,0.09845222653014783,obse
5519,16.51564860343933,0.09845222653014783,obse
5520,16.518709897994995,0.09845222653014783,obse
5521,16.52196955680847,0.09862701140019875,obse
5522,16.524949312210083,0.09862701140019875,obse
5523,16.527806282043457,0.0986830592437588,obse
5524,16.530869483947754,0.09887477718196461,obse
5525,16.5337975025177,0.09887477718196461,obse
5526,16.53677201271057,0.09915497683941009,obse
5527,16.539697885513306,0.09915497683941009,obse
5528,16.542646408081055,0.09915497683941009,obse
5529,16.54567527770996,0.0993620052128414,obse
5530,16.548580646514893,0.0993620052128414,obse
5531,16.55143690109253,0.0993620052128414,obse
5532,16.55473828315735,0.09946672441698604,obse
5533,16.557873964309692,0.09946672441698604,obse
5534,16.560720443725586,0.09946672441698604,obse
5535,16.56370186805725,0.09949506974840765,obse
5536,16.566601276397705,0.09982379847961581,obse
5537,16.56947636604309,0.09982379847961581,obse
5538,16.572447776794434,0.10005046319822948,obse
5539,16.57527232170105,0.10005046319822948,obse
5540,16.578129529953003,0.10005046319822948,obse
5541,16.58114719390869,0.10016096692419893,obse
5542,16.584027767181396,0.10016096692419893,obse
5543,16.58694863319397,0.10016096692419893,obse
5544,16.589991569519043,0.10045469590882007,obse
5545,16.593271255493164,0.10045469590882007,obse
5546,16.596230030059814,0.10062223338185171,obse
5547,16.59924006462097,0.10062223338185171,obse
5548,16.602240324020386,0.10062223338185171,obse
5549,16.605299711227417,0.10075791981845236,obse
5550,16.60830569267273,0.10075791981845236,obse
5551,16.611128091812134,0.10075791981845236,obse
5552,16.614165544509888,0.10082595241388474,obse
5553,16.617436170578003,0.10102738119662602,obse
5554,16.62037205696106,0.10102738119662602,obse
5555,16.623382329940796,0.10103104187703939,obse
5556,16.626590728759766,0.10130785673367727,obse
5557,16.62955379486084,0.10122676483705724,obse
5558,16.632615089416504,0.10139250849814924,obse
5559,16.635645151138306,0.10139250849814924,obse
5560,16.63846516609192,0.10139250849814924,obse
5561,16.64146590232849,0.10166061891312383,obse
5562,16.644524574279785,0.10166061891312383,obse
5563,16.64758062362671,0.10188631993424248,obse
5564,16.650535345077515,0.10188631993424248,obse
5565,16.653669834136963,0.10182073495762657,obse
5566,16.656780242919922,0.1019853380078913,obse
5567,16.659636735916138,0.1019853380078913,obse
5568,16.6628258228302,0.10201502155932275,obse
5569,16.665770530700684,0.10209863949547819,obse
5570,16.668850660324097,0.10209863949547819,obse
5571,16.671916484832764,0.1023066601658171,obse
5572,16.67474055290222,0.1023066601658171,obse
5573,16.677791357040405,0.1023066601658171,obse
5574,16.68070912361145,0.1022317435516114,obse
5575,16.684165000915527,0.10242999792569465,obse
5576,16.687105894088745,0.10242999792569465,obse
5577,16.689958572387695,0.10242999792569465,obse
5578,16.693089246749878,0.1025745397688092,obse
5579,16.696224451065063,0.10269381035198069,obse
5580,16.69924569129944,0.10269381035198069,obse
5581,16.702073097229004,0.10263262766869792,obse
5582,16.705190658569336,0.10290972499540145,obse
5583,16.70802879333496,0.10290972499540145,obse
5584,16.710988759994507,0.10293435077041527,obse
5585,16.714299201965332,0.10305001106332519,obse
5586,16.71725058555603,0.10305001106332519,obse
5587,16.720276832580566,0.10320693747846767,obse
5588,16.72336745262146,0.10320693747846767,obse
5589,16.726232290267944,0.10320693747846767,obse
5590,16.729382276535034,0.10328748998780234,obse
5591,16.73238229751587,0.10328748998780234,obse
5592,16.73525595664978,0.10328748998780234,obse
5593,16.73835062980652,0.1033666687595149,obse
5594,16.741268396377563,0.1033666687595149,obse
5595,16.744126796722412,0.1034416258050945,obse
5596,16.747260332107544,0.10352631782555502,obse
5597,16.750146865844727,0.10352631782555502,obse
5598,16.75329566001892,0.10372282761936248,obse
5599,16.756317853927612,0.10372282761936248,obse
5600,16.759302854537964,0.10372282761936248,obse
5601,16.76236581802368,0.10373069103781113,obse
5602,16.765226364135742,0.10373069103781113,obse
5603,16.76802921295166,0.10373069103781113,obse
5604,16.771073818206787,0.1038158794069074,obse
5605,16.773927688598633,0.1038158794069074,obse
5606,16.7767276763916,0.1038158794069074,obse
5607,16.779760599136353,0.10396425606904981,obse
5608,16.78268527984619,0.10396425606904981,obse
5609,16.785582780838013,0.10391299068412456,obse
5610,16.78892970085144,0.10399795448629869,obse
5611,16.791948556900024,0.10399795448629869,obse
5612,16.795026302337646,0.10408309258270027,obse
5613,16.798080682754517,0.10408309258270027,obse
5614,16.800894260406494,0.10408309258270027,obse
5615,16.804036617279053,0.10420503509823831,obse
5616,16.80703902244568,0.10420503509823831,obse
5617,16.809853076934814,0.10420503509823831,obse
5618,16.81312918663025,0.10421503478200805,obse
5619,16.81612730026245,0.10421503478200805,obse
5620,16.819069147109985,0.1041880261596306,obse
5621,16.8221492767334,0.10419976742145336,obse
5622,16.825181007385254,0.10419976742145336,obse
5623,16.828142642974854,0.10436359298675411,obse
5624,16.831292629241943,0.10436359298675411,obse
5625,16.83420991897583,0.10436359298675411,obse
5626,16.83736228942871,0.1044031606254756,obse
5627,16.840261936187744,0.1044031606254756,obse
5628,16.843180656433105,0.1044031606254756,obse
5629,16.84678339958191,0.1043817326295979,obse
5630,16.849595308303833,0.1043817326295979,obse
5631,16.852591276168823,0.10447637674763965,obse
5632,16.855740308761597,0.1044694214009931,obse
5633,16.85858416557312,0.1044694214009931,obse
5634,16.861607789993286,0.10453649350321298,obse
5635,16.864686250686646,0.10453649350321298,obse
5636,16.86748433113098,0.10453649350321298,obse
5637,16.87086033821106,0.1044575714698418,obse
5638,16.8737473487854,0.1044575714698418,obse
5639,16.876542568206787,0.1044575714698418,obse
5640,16.879639387130737,0.10453166290695233,obse
5641,16.882615327835083,0.10453166290695233,obse
5642,16.885629415512085,0.10450591950520205,obse
5643,16.888792991638184,0.1046777235597026,obse
5644,16.89166522026062,0.1046777235597026,obse
5645,16.89469575881958,0.10469405758365913,obse
5646,16.8978271484375,0.10469405758365913,obse
5647,16.900707960128784,0.10469405758365913,obse
5648,16.90379786491394,0.10468307825592497,obse
5649,16.906827449798584,0.10468307825592497,obse
5650,16.909648418426514,0.10468307825592497,obse
5651,16.912747383117676,0.1048018631583309,obse
5652,16.915791988372803,0.1048018631583309,obse
5653,16.918795108795166,0.1047304956825413,obse
5654,16.921847105026245,0.10478029891703376,obse
5655,16.924832344055176,0.10478029891703376,obse
5656,16.927890062332153,0.10476956214778918,obse
5657,16.93090844154358,0.10476956214778918,obse
5658,16.93393850326538,0.10476956214778918,obse
5659,16.93696403503418,0.10480426524101677,obse
5660,16.93988561630249,0.10480426524101677,obse
5661,16.942732572555542,0.10480426524101677,obse
5662,16.945854425430298,0.10480736566889365,obse
5663,16.94879460334778,0.10480736566889365,obse
5664,16.951619148254395,0.10480736566889365,obse
5665,16.954750537872314,0.10477109882153333,obse
5666,16.957951545715332,0.10477109882153333,obse
5667,16.960814237594604,0.10477109882153333,obse
5668,16.963719844818115,0.10477109882153333,obse
5669,16.96663212776184,0.10480791797262706,obse
5670,16.969565391540527,0.1047896963515391,obse
5671,16.972415924072266,0.1047896963515391,obse
5672,16.975382089614868,0.104796807662874,obse
5673,16.97824001312256,0.10484309010539977,obse
5674,16.981119394302368,0.10484309010539977,obse
5675,16.98414659500122,0.1047393371510375,obse
5676,16.987028121948242,0.10473314671782852,obse
5677,16.989909172058105,0.10473314671782852,obse
5678,16.992851495742798,0.10483472314375605,obse
5679,16.996187210083008,0.10478761098301784,obse
5680,16.99921989440918,0.10478761098301784,obse
5681,17.00212073326111,0.10478761098301784,obse
5682,17.005549907684326,0.10484054105931599,obse
5683,17.00856590270996,0.10476154364735069,obse
5684,17.011526584625244,0.10477986219152732,obse
5685,17.014487266540527,0.10477986219152732,obse
5686,17.017322540283203,0.10477986219152732,obse
5687,17.020248651504517,0.1047879237493507,obse
5688,17.02332830429077,0.10473019605802097,obse
5689,17.026261806488037,0.10473019605802097,obse
5690,17.029199361801147,0.10480122351377093,obse
5691,17.032180547714233,0.10480122351377093,obse
5692,17.035412073135376,0.10477795664589822,obse
5693,17.038408517837524,0.10477795664589822,obse
5694,17.041232347488403,0.10477795664589822,obse
5695,17.044219255447388,0.10478635345529391,obse
5696,17.04750919342041,0.10472407251249956,obse
5697,17.050402879714966,0.10472407251249956,obse
5698,17.05354118347168,0.10483644056751275,obse
5699,17.056516885757446,0.10477362407029508,obse
5700,17.05939483642578,0.10481556530745458,obse
5701,17.062666177749634,0.1048237124841761,obse
5702,17.06559467315674,0.1048237124841761,obse
5703,17.0688054561615,0.1047782300547673,obse
5704,17.072141885757446,0.10480072217237689,obse
5705,17.075359106063843,0.10480072217237689,obse
5706,17.0783953666687,0.10475785241837313,obse
5707,17.081506967544556,0.10480509484769907,obse
5708,17.084615230560303,0.10480509484769907,obse
5709,17.08753800392151,0.10474126515350864,obse
5710,17.09053921699524,0.10474126515350864,obse
5711,17.093563079833984,0.10472037410505017,obse
5712,17.096927404403687,0.10478811190085188,obse
5713,17.10008931159973,0.10478811190085188,obse
5714,17.103231191635132,0.10480854964913114,obse
5715,17.106396198272705,0.10480854964913114,obse
5716,17.109286785125732,0.10480854964913114,obse
5717,17.112382411956787,0.10474511567878952,obse
5718,17.115520477294922,0.10474511567878952,obse
5719,17.118328094482422,0.10474511567878952,obse
5720,17.121520042419434,0.10474711131243018,obse
5721,17.124743700027466,0.10474711131243018,obse
5722,17.12764859199524,0.10479847922226408,obse
5723,17.130831480026245,0.10484560351575334,obse
5724,17.133806943893433,0.10484560351575334,obse
5725,17.137067556381226,0.10482792711068585,obse
5726,17.140573024749756,0.10482792711068585,obse
5727,17.14349937438965,0.10480266999483252,obse
5728,17.146795749664307,0.10474436814396886,obse
5729,17.149622917175293,0.10474436814396886,obse
5730,17.152687311172485,0.10475233108980134,obse
5731,17.15591287612915,0.10477571757515251,obse
5732,17.159021139144897,0.10477571757515251,obse
5733,17.16248106956482,0.10477762678864355,obse
5734,17.16541624069214,0.10477762678864355,obse
5735,17.16822576522827,0.10477762678864355,obse
5736,17.171468496322632,0.10476675137945636,obse
5737,17.174318552017212,0.10476675137945636,obse
5738,17.17720341682434,0.1047938661840703,obse
5739,17.18030595779419,0.10480737902461149,obse
5740,17.18312406539917,0.10480737902461149,obse
5741,17.18612027168274,0.1047410342679079,obse
5742,17.18918490409851,0.10477974982180169,obse
5743,17.192192792892456,0.10477974982180169,obse
5744,17.195136070251465,0.10472525058845979,obse
5745,17.19799304008484,0.10472525058845979,obse
5746,17.200801849365234,0.10472525058845979,obse
5747,17.20381736755371,0.10477456892664512,obse
5748,17.206746339797974,0.10477456892664512,obse
5749,17.20953345298767,0.10477456892664512,obse
5750,17.212559938430786,0.10479139042261702,obse
5751,17.2155544757843,0.10479139042261702,obse
5752,17.218454122543335,0.10479139042261702,obse
5753,17.221890211105347,0.10472775844783949,obse
5754,17.2249493598938,0.10472775844783949,obse
5755,17.227938413619995,0.10479992248408247,obse
5756,17.23151445388794,0.10476341406626648,obse
5757,17.234577417373657,0.10476341406626648,obse
5758,17.23787832260132,0.10477173562541531,obse
5759,17.24083709716797,0.10477173562541531,obse
5760,17.24378728866577,0.10472472044121225,obse
5761,17.24703598022461,0.10474463099577452,obse
5762,17.24984097480774,0.10474463099577452,obse
5763,17.252898693084717,0.10475638490193205,obse
5764,17.256020069122314,0.10475638490193205,obse
5765,17.258995056152344,0.10475638490193205,obse
5766,17.262208223342896,0.1048259231690909,obse
5767,17.26545810699463,0.1048259231690909,obse
5768,17.26827383041382,0.1048259231690909,obse
5769,17.271520614624023,0.10478017232605114,obse
5770,17.274630784988403,0.10478017232605114,obse
5771,17.27753257751465,0.1047755835040439,obse
5772,17.280799388885498,0.10472868860719708,obse
5773,17.283745050430298,0.10472868860719708,obse
5774,17.28680729866028,0.10485148871606205,obse
5775,17.289915561676025,0.10485148871606205,obse
5776,17.292717456817627,0.10485148871606205,obse
5777,17.296031713485718,0.10487247535023882,obse
5778,17.299052238464355,0.10487247535023882,obse
5779,17.302098274230957,0.10486125266865959,obse
5780,17.305155038833618,0.1048464193398023,obse
5781,17.308096170425415,0.1048464193398023,obse
5782,17.311074018478394,0.1049703243053473,obse
5783,17.31415343284607,0.1049703243053473,obse
5784,17.31704592704773,0.1049703243053473,obse
5785,17.32003140449524,0.10502912202928338,obse
5786,17.3235342502594,0.10502912202928338,obse
5787,17.326413869857788,0.10502912202928338,obse
5788,17.329564332962036,0.10494539223170414,obse
5789,17.332690238952637,0.10494539223170414,obse
5790,17.335699558258057,0.10503887124206193,obse
5791,17.33900499343872,0.10515238417133241,obse
5792,17.342051029205322,0.10515238417133241,obse
5793,17.34522032737732,0.10526704604448171,obse
5794,17.348392486572266,0.10526704604448171,obse
5795,17.351460695266724,0.10526704604448171,obse
5796,17.354904890060425,0.10528486629922089,obse
5797,17.35795569419861,0.10528486629922089,obse
5798,17.360921382904053,0.10536951237002898,obse
5799,17.364166975021362,0.10541372088838151,obse
5800,17.36704421043396,0.10541372088838151,obse
5801,17.370341300964355,0.10555972325853294,obse
5802,17.373578786849976,0.10555972325853294,obse
5803,17.37654995918274,0.10555972325853294,obse
5804,17.379765510559082,0.10566841236420314,obse
5805,17.38255023956299,0.10566841236420314,obse
5806,17.385467052459717,0.10566841236420314,obse
5807,17.389106273651123,0.10572807312636606,obse
5808,17.392737865447998,0.10572807312636606,obse
5809,17.39570164680481,0.10593872185489404,obse
5810,17.398603200912476,0.10593872185489404,obse
5811,17.401395559310913,0.10593872185489404,obse
5812,17.404370546340942,0.10599171219387607,obse
5813,17.407257795333862,0.10599171219387607,obse
5814,17.410122394561768,0.10599171219387607,obse
5815,17.413041353225708,0.1060980944694747,obse
5816,17.415924549102783,0.1060980944694747,obse
5817,17.41888403892517,0.10615327652319323,obse
5818,17.422096967697144,0.10636226962564399,obse
5819,17.425111055374146,0.10636226962564399,obse
5820,17.428173065185547,0.10655566881561701,obse
5821,17.431147813796997,0.10655566881561701,obse
5822,17.434022665023804,0.10655566881561701,obse
5823,17.437130451202393,0.10666898389664367,obse
5824,17.4400155544281,0.10666898389664367,obse
5825,17.442973852157593,0.10666898389664367,obse
5826,17.44612979888916,0.10690122807666327,obse
5827,17.44897437095642,0.10690122807666327,obse
5828,17.45190405845642,0.10690122807666327,obse
5829,17.45509362220764,0.10710204124956599,obse
5830,17.458054304122925,0.10710204124956599,obse
5831,17.461017608642578,0.10709431046157784,obse
5832,17.46410584449768,0.10728421631512107,obse
5833,17.466922760009766,0.10728421631512107,obse
5834,17.47034001350403,0.10753695769916505,obse
5835,17.473283529281616,0.10753695769916505,obse
5836,17.4760799407959,0.10753695769916505,obse
5837,17.479294776916504,0.10777637250424074,obse
5838,17.482189893722534,0.10777637250424074,obse
5839,17.484973430633545,0.10777637250424074,obse
5840,17.488176584243774,0.10802787283376346,obse
5841,17.491159915924072,0.10802787283376346,obse
5842,17.49418592453003,0.10801601369507614,obse
5843,17.49736189842224,0.10821370016613231,obse
5844,17.50014066696167,0.10821370016613231,obse
5845,17.503238439559937,0.10850667649143518,obse
5846,17.506218433380127,0.10850667649143518,obse
5847,17.509007930755615,0.10850667649143518,obse
5848,17.512248277664185,0.10872115030751171,obse
5849,17.515248775482178,0.10872115030751171,obse
5850,17.518117904663086,0.10872115030751171,obse
5851,17.52119207382202,0.10898563302656764,obse
5852,17.524117469787598,0.10898563302656764,obse
5853,17.5270094871521,0.10898563302656764,obse
5854,17.530169248580933,0.10943171230308708,obse
5855,17.53298783302307,0.10943171230308708,obse
5856,17.536068439483643,0.10939220948427031,obse
5857,17.539148092269897,0.10971323183617072,obse
5858,17.541956424713135,0.10971323183617072,obse
5859,17.54509663581848,0.10989430714619673,obse
5860,17.54822540283203,0.10989430714619673,obse
5861,17.551259517669678,0.10989430714619673,obse
5862,17.554386854171753,0.11027567778143313,obse
5863,17.557345151901245,0.11027567778143313,obse
5864,17.560330629348755,0.11027567778143313,obse
5865,17.563520193099976,0.11056595919225537,obse
5866,17.566337823867798,0.11056595919225537,obse
5867,17.569381952285767,0.11058817600939,obse
5868,17.57242441177368,0.11086765346445704,obse
5869,17.57521891593933,0.11086765346445704,obse
5870,17.57831859588623,0.11112471137951374,obse
5871,17.581411361694336,0.11112471137951374,obse
5872,17.58426547050476,0.11112471137951374,obse
5873,17.587454795837402,0.11157631062685588,obse
5874,17.590602159500122,0.11157631062685588,obse
5875,17.59349226951599,0.11157631062685588,obse
5876,17.596531629562378,0.1117689508064556,obse
5877,17.59938907623291,0.1117689508064556,obse
5878,17.602266788482666,0.1117689508064556,obse
5879,17.605281352996826,0.11213240142070931,obse
5880,17.60817313194275,0.11213240142070931,obse
5881,17.61108160018921,0.11215368261471623,obse
5882,17.61396813392639,0.11251764815631037,obse
5883,17.616942644119263,0.11251764815631037,obse
5884,17.619958639144897,0.11276860451515068,obse
5885,17.622798681259155,0.11276860451515068,obse
5886,17.626024961471558,0.11276860451515068,obse
5887,17.629231214523315,0.11312005982718529,obse
5888,17.63215732574463,0.11312005982718529,obse
5889,17.63538646697998,0.11314398819477023,obse
5890,17.638482809066772,0.11353721962232813,obse
5891,17.641343355178833,0.11353721962232813,obse
5892,17.644317865371704,0.11353721962232813,obse
5893,17.64747667312622,0.11376669879712663,obse
5894,17.650305032730103,0.11376669879712663,obse
5895,17.6535325050354,0.11408126723134804,obse
5896,17.6565682888031,0.11408126723134804,obse
5897,17.659465789794922,0.11408126723134804,obse
5898,17.662765979766846,0.11438059759314893,obse
5899,17.665648937225342,0.11438059759314893,obse
5900,17.66857647895813,0.11438059759314893,obse
5901,17.67186689376831,0.11479882416402436,obse
5902,17.674697637557983,0.11479882416402436,obse
5903,17.677701950073242,0.11476148076896699,obse
5904,17.680838346481323,0.11503966633296611,obse
5905,17.683666706085205,0.11503966633296611,obse
5906,17.686685800552368,0.1153810149130821,obse
5907,17.689873695373535,0.1153810149130821,obse
5908,17.692748308181763,0.1153810149130821,obse
5909,17.69588613510132,0.11575497610199864,obse
5910,17.698968172073364,0.11575497610199864,obse
5911,17.701959371566772,0.11568490624206258,obse
5912,17.705106019973755,0.11597329698368207,obse
5913,17.70804476737976,0.11597329698368207,obse
5914,17.71107316017151,0.1160622845602164,obse
5915,17.714212656021118,0.11632067352469581,obse
5916,17.7170729637146,0.11632067352469581,obse
5917,17.720232486724854,0.11668213585404355,obse
5918,17.723206281661987,0.11668213585404355,obse
5919,17.726088762283325,0.11668213585404355,obse
5920,17.72930598258972,0.11685666594440251,obse
5921,17.732287168502808,0.11685666594440251,obse
5922,17.735232830047607,0.11685666594440251,obse
5923,17.73841142654419,0.11714848451469893,obse
5924,17.74127984046936,0.11714848451469893,obse
5925,17.74422812461853,0.11720683783078693,obse
5926,17.747385501861572,0.11753051821959667,obse
5927,17.750415325164795,0.11753051821959667,obse
5928,17.75349712371826,0.11808947141717444,obse
5929,17.75649619102478,0.11808947141717444,obse
5930,17.759319305419922,0.11808947141717444,obse
5931,17.762341260910034,0.1181475476211499,obse
5932,17.765178680419922,0.1181475476211499,obse
5933,17.76815366744995,0.1180611817216512,obse
5934,17.771183967590332,0.1181547580252269,obse
5935,17.773986339569092,0.1181547580252269,obse
5936,17.77691626548767,0.11844448460530045,obse
5937,17.77994179725647,0.11844448460530045,obse
5938,17.782891988754272,0.11844448460530045,obse
5939,17.785951614379883,0.11858305873730314,obse
5940,17.788870096206665,0.11858305873730314,obse
5941,17.79215145111084,0.11852510510102107,obse
5942,17.795032739639282,0.11852510510102107,obse
5943,17.797934770584106,0.11861954966902849,obse
5944,17.801059007644653,0.11889304295794474,obse
5945,17.804049968719482,0.11889304295794474,obse
5946,17.807374477386475,0.11939902755890643,obse
5947,17.810178518295288,0.11939902755890643,obse
5948,17.813028573989868,0.11939902755890643,obse
5949,17.8160297870636,0.11938822101252805,obse
5950,17.81902527809143,0.11932816010573975,obse
5951,17.82182288169861,0.11932816010573975,obse
5952,17.825403690338135,0.11968230872413986,obse
5953,17.828349351882935,0.11968230872413986,obse
5954,17.831342935562134,0.11963633873838844,obse
5955,17.83434796333313,0.12026743179183697,obse
5956,17.83724808692932,0.12026743179183697,obse
5957,17.8402738571167,0.12026743179183697,obse
5958,17.843375205993652,0.1201678827552461,obse
5959,17.846341609954834,0.1201678827552461,obse
5960,17.849266529083252,0.1201678827552461,obse
5961,17.852524757385254,0.12045164163331804,obse
5962,17.855562925338745,0.12047886256095196,obse
5963,17.858540058135986,0.12047886256095196,obse
5964,17.861618757247925,0.12074110041583938,obse
5965,17.864630222320557,0.12062299405650277,obse
5966,17.86749267578125,0.1208839357444781,obse
5967,17.87073063850403,0.12091141620697925,obse
5968,17.873574018478394,0.12091141620697925,obse
5969,17.87651252746582,0.12107406817552406,obse
5970,17.87967276573181,0.12110068177730286,obse
5971,17.882753610610962,0.12141075496120388,obse
5972,17.885730028152466,0.12141075496120388,obse
5973,17.888620138168335,0.12141075496120388,obse
5974,17.89176917076111,0.12135218098772542,obse
5975,17.89494562149048,0.12158299141997046,obse
5976,17.898199558258057,0.12178191513679788,obse
5977,17.901214599609375,0.12178191513679788,obse
5978,17.90445351600647,0.12213939367107274,obse
5979,17.907501459121704,0.12213939367107274,obse
5980,17.911056995391846,0.12202190008053243,obse
5981,17.914236068725586,0.12229861253680079,obse
5982,17.91710376739502,0.12229861253680079,obse
5983,17.920280694961548,0.12247472541070116,obse
5984,17.923335313796997,0.12247472541070116,obse
5985,17.92622470855713,0.12247472541070116,obse
5986,17.929426908493042,0.12283964097876031,obse
5987,17.932313203811646,0.12283964097876031,obse
5988,17.935149669647217,0.12283964097876031,obse
5989,17.93839979171753,0.12300854214546765,obse
5990,17.94126605987549,0.12300854214546765,obse
5991,17.94417977333069,0.12295509321187971,obse
5992,17.947401523590088,0.12313091307722095,obse
5993,17.950318336486816,0.12313091307722095,obse
5994,17.953291416168213,0.12323682641181115,obse
5995,17.956582069396973,0.12342263842011295,obse
5996,17.959774255752563,0.12342263842011295,obse
5997,17.962918519973755,0.1229340631479953,obse
5998,17.965780019760132,0.1229340631479953,obse
5999,17.968636989593506,0.1229340631479953,obse
6000,17.971802234649658,0.12379605992006278,obse
6001,17.974658966064453,0.12379605992006278,obse
6002,17.977553606033325,0.12392348891773308,obse
6003,17.98068857192993,0.12409022873101236,obse
6004,17.983518600463867,0.12409022873101236,obse
6005,17.98652458190918,0.124092157346148,obse
6006,17.989845991134644,0.12434491653433981,obse
6007,17.99272084236145,0.12434491653433981,obse
6008,17.995805501937866,0.12449301934755462,obse
6009,17.99890375137329,0.12449301934755462,obse
6010,18.00178575515747,0.12449301934755462,obse
6011,18.00488305091858,0.12401970671645847,obse
6012,18.007813453674316,0.12401970671645847,obse
6013,18.010814905166626,0.12409464713483685,obse
6014,18.013992071151733,0.12430566360362061,obse
6015,18.016805171966553,0.12430566360362061,obse
6016,18.01994037628174,0.12442636810232077,obse
6017,18.023081064224243,0.12442636810232077,obse
6018,18.026153802871704,0.12442636810232077,obse
6019,18.029245376586914,0.12465651490477163,obse
6020,18.032190084457397,0.12465651490477163,obse
6021,18.035069465637207,0.12465651490477163,obse
6022,18.038101196289062,0.12486107691222072,obse
6023,18.041064739227295,0.12486107691222072,obse
6024,18.044005393981934,0.12479623112167801,obse
6025,18.046883583068848,0.1250899251248802,obse
6026,18.049801111221313,0.1250899251248802,obse
6027,18.052802562713623,0.1250953907459623,obse
6028,18.05569553375244,0.12526842527861792,obse
6029,18.059171438217163,0.12526842527861792,obse
6030,18.0622079372406,0.12556222313086718,obse
6031,18.065333127975464,0.12556222313086718,obse
6032,18.068175554275513,0.12556222313086718,obse
6033,18.071442365646362,0.1257856285921032,obse
6034,18.074363470077515,0.1257856285921032,obse
6035,18.07731533050537,0.1257856285921032,obse
6036,18.08039426803589,0.12583916268724535,obse
6037,18.083346605300903,0.12583916268724535,obse
6038,18.0862934589386,0.12599423891526942,obse
6039,18.089447259902954,0.12615780342006158,obse
6040,18.09253215789795,0.12615780342006158,obse
6041,18.09560799598694,0.12634985975741034,obse
6042,18.098610877990723,0.12634985975741034,obse
6043,18.101539850234985,0.12634985975741034,obse
6044,18.10473322868347,0.12650517279916398,obse
6045,18.107560873031616,0.12650517279916398,obse
6046,18.110567569732666,0.1265670029594493,obse
6047,18.113696575164795,0.12675454070139858,obse
6048,18.116592407226562,0.12675454070139858,obse
6049,18.11963963508606,0.12704481467068396,obse
6050,18.12306785583496,0.12704481467068396,obse
6051,18.125926971435547,0.12704481467068396,obse
6052,18.12904143333435,0.12719767881704924,obse
6053,18.132046222686768,0.12719767881704924,obse
6054,18.134766340255737,0.12719767881704924,obse
6055,18.137958526611328,0.12748640638890646,obse
6056,18.14106035232544,0.12748640638890646,obse
6057,18.143930435180664,0.1275033212816191,obse
6058,18.147013902664185,0.12777091734457768,obse
6059,18.14988613128662,0.12777091734457768,obse
6060,18.152953386306763,0.12789092966151513,obse
6061,18.15599298477173,0.12789092966151513,obse
6062,18.15893268585205,0.12789092966151513,obse
6063,18.162055730819702,0.12804653887477174,obse
6064,18.16491937637329,0.12804653887477174,obse
6065,18.167825937271118,0.12804653887477174,obse
6066,18.170854568481445,0.12804653887477174,obse
6067,18.173702239990234,0.12804653887477174,obse
6068,18.17680263519287,0.1284462542358797,obse
6069,18.179831981658936,0.1284462542358797,obse
6070,18.182995557785034,0.12854910553774315,obse
6071,18.186005115509033,0.12854910553774315,obse
6072,18.189078092575073,0.12857576552164243,obse
6073,18.1924569606781,0.1287955998721845,obse
6074,18.195395708084106,0.129499760668719,obse
6075,18.198437929153442,0.12967154691603675,obse
6076,18.201509952545166,0.12967154691603675,obse
6077,18.204400062561035,0.12967154691603675,obse
6078,18.20747709274292,0.12984620416390255,obse
6079,18.210437059402466,0.12984620416390255,obse
6080,18.2135066986084,0.12982802056487347,obse
6081,18.216550827026367,0.1300655943501343,obse
6082,18.21957540512085,0.1300655943501343,obse
6083,18.22249746322632,0.1300655943501343,obse
6084,18.225768566131592,0.1304075883219204,obse
6085,18.228655338287354,0.1304075883219204,obse
6086,18.231508016586304,0.1304075883219204,obse
6087,18.23436427116394,0.1304075883219204,obse
6088,18.237472772598267,0.1306737111717455,obse
6089,18.24052929878235,0.1306737111717455,obse
6090,18.243487119674683,0.13053486762016644,obse
6091,18.246413230895996,0.13080254340289393,obse
6092,18.249329566955566,0.1309651657813694,obse
6093,18.252439737319946,0.13113606943099235,obse
6094,18.255664587020874,0.1310758603252078,obse
6095,18.25879406929016,0.1310758603252078,obse
6096,18.261980772018433,0.13131590899972023,obse
6097,18.264952182769775,0.13123288794996704,obse
6098,18.267980813980103,0.13147533919815677,obse
6099,18.271037340164185,0.13159779402651342,obse
6100,18.273911476135254,0.13159779402651342,obse
6101,18.27701687812805,0.13174740373758087,obse
6102,18.280276775360107,0.13174705025972525,obse
6103,18.283422470092773,0.13197542613919166,obse
6104,18.286701679229736,0.13187102680076476,obse
6105,18.28965926170349,0.13187102680076476,obse
6106,18.292840480804443,0.1321463044748845,obse
6107,18.29595923423767,0.1321406667567845,obse
6108,18.298984050750732,0.13231196845188808,obse
6109,18.30191659927368,0.13231196845188808,obse
6110,18.305023193359375,0.13263318030029822,obse
6111,18.30790948867798,0.13263318030029822,obse
6112,18.310972213745117,0.13256463941155552,obse
6113,18.31427764892578,0.1328581833206469,obse
6114,18.317148447036743,0.1328581833206469,obse
6115,18.320488452911377,0.13299101466873786,obse
6116,18.32356309890747,0.13299101466873786,obse
6117,18.32642912864685,0.13299101466873786,obse
6118,18.32963490486145,0.13333205144842336,obse
6119,18.332579374313354,0.13333205144842336,obse
6120,18.335519552230835,0.1332977320035678,obse
6121,18.33867597579956,0.1335734763327129,obse
6122,18.341562747955322,0.1335734763327129,obse
6123,18.34444546699524,0.13348855093718145,obse
6124,18.34755778312683,0.1336945586443348,obse
6125,18.350483179092407,0.1336945586443348,obse
6126,18.353443384170532,0.13398054318220362,obse
6127,18.35656499862671,0.13398054318220362,obse
6128,18.359392166137695,0.13398054318220362,obse
6129,18.362640142440796,0.13422166151579032,obse
6130,18.365559101104736,0.13422166151579032,obse
6131,18.3683602809906,0.13422166151579032,obse
6132,18.37163519859314,0.1342841809473341,obse
6133,18.37450885772705,0.1342841809473341,obse
6134,18.37746572494507,0.13445448399768245,obse
6135,18.38065767288208,0.13461678761095414,obse
6136,18.38355827331543,0.13461678761095414,obse
6137,18.386510848999023,0.13462732669088626,obse
6138,18.38960337638855,0.13486597599313727,obse
6139,18.392544746398926,0.13486597599313727,obse
6140,18.395657539367676,0.13503849385041677,obse
6141,18.39861536026001,0.13503849385041677,obse
6142,18.401632070541382,0.13503849385041677,obse
6143,18.40478229522705,0.13519189169383491,obse
6144,18.407589197158813,0.13519189169383491,obse
6145,18.410491943359375,0.13525270240255557,obse
6146,18.41373324394226,0.13544222997989425,obse
6147,18.41662287712097,0.13544222997989425,obse
6148,18.419605016708374,0.13559813847013713,obse
6149,18.422719955444336,0.13559813847013713,obse
6150,18.42577600479126,0.13559813847013713,obse
6151,18.428841829299927,0.1358275864579739,obse
6152,18.431775093078613,0.1358275864579739,obse
6153,18.434619188308716,0.1358275864579739,obse
6154,18.437711000442505,0.13614995980671854,obse
6155,18.440866947174072,0.13614995980671854,obse
6156,18.443692207336426,0.13614995980671854,obse
6157,18.44696807861328,0.1362858405003368,obse
6158,18.449822664260864,0.1362858405003368,obse
6159,18.452839612960815,0.13622846982789907,obse
6160,18.455742835998535,0.13641977058554985,obse
6161,18.45863366127014,0.13641977058554985,obse
6162,18.461991786956787,0.13671676983637382,obse
6163,18.46508479118347,0.13671676983637382,obse
6164,18.46792507171631,0.13671676983637382,obse
6165,18.471163749694824,0.1369501791526714,obse
6166,18.474173307418823,0.1369501791526714,obse
6167,18.47724437713623,0.1368814295962985,obse
6168,18.48037028312683,0.1371203604583165,obse
6169,18.48329210281372,0.1371203604583165,obse
6170,18.486204385757446,0.13718652607672704,obse
6171,18.48929238319397,0.13736150477341735,obse
6172,18.49243140220642,0.13736150477341735,obse
6173,18.495604038238525,0.137618348123349,obse
6174,18.498666286468506,0.137618348123349,obse
6175,18.501585483551025,0.137618348123349,obse
6176,18.504761695861816,0.13780522734370707,obse
6177,18.507591485977173,0.13780522734370707,obse
6178,18.510535955429077,0.13789881104673068,obse
6179,18.513713121414185,0.1380749025167828,obse
6180,18.51655101776123,0.1380749025167828,obse
6181,18.51959466934204,0.1383693955243894,obse
6182,18.52265238761902,0.1383693955243894,obse
6183,18.525596857070923,0.1383693955243894,obse
6184,18.528701066970825,0.1385724020219025,obse
6185,18.53185725212097,0.1385724020219025,obse
6186,18.534721612930298,0.1385724020219025,obse
6187,18.538008213043213,0.13870091680971214,obse
6188,18.54084348678589,0.13870091680971214,obse
6189,18.543806314468384,0.13877181250028622,obse
6190,18.546937465667725,0.1389934901735976,obse
6191,18.54980230331421,0.1389934901735976,obse
6192,18.552927017211914,0.13922492270352088,obse
6193,18.556060791015625,0.13922492270352088,obse
6194,18.558915376663208,0.13922492270352088,obse
6195,18.561967372894287,0.13938501308573883,obse
6196,18.56520652770996,0.13938501308573883,obse
6197,18.568007469177246,0.13938501308573883,obse
6198,18.571197986602783,0.13968021996236743,obse
6199,18.57416534423828,0.13968021996236743,obse
6200,18.577034950256348,0.13969661335325972,obse
6201,18.5801260471344,0.13997323754342497,obse
6202,18.58321976661682,0.13997323754342497,obse
6203,18.586182594299316,0.13984501967251275,obse
6204,18.589266061782837,0.14007579198807732,obse
6205,18.592305898666382,0.14007579198807732,obse
6206,18.59531307220459,0.14043723415825637,obse
6207,18.59834098815918,0.14043723415825637,obse
6208,18.601256608963013,0.14043723415825637,obse
6209,18.6045823097229,0.14070959404207437,obse
6210,18.607794523239136,0.14070959404207437,obse
6211,18.610772132873535,0.14057310959897187,obse
6212,18.61388373374939,0.14081649589062348,obse
6213,18.617239236831665,0.14081649589062348,obse
6214,18.620356559753418,0.14104275689414297,obse
6215,18.62345290184021,0.14104275689414297,obse
6216,18.626527547836304,0.14104275689414297,obse
6217,18.629515886306763,0.14135546749659458,obse
6218,18.632454872131348,0.14135546749659458,obse
6219,18.635243892669678,0.14135546749659458,obse
6220,18.638344287872314,0.1415537461914738,obse
6221,18.64119553565979,0.1415537461914738,obse
6222,18.644243240356445,0.14162816704574221,obse
6223,18.647224187850952,0.14179974625943845,obse
6224,18.650010585784912,0.14179974625943845,obse
6225,18.653120040893555,0.1420799729764548,obse
6226,18.656002521514893,0.1420799729764548,obse
6227,18.659193754196167,0.1420799729764548,obse
6228,18.662288904190063,0.14221516274228893,obse
6229,18.665346145629883,0.14221516274228893,obse
6230,18.66818928718567,0.14221516274228893,obse
6231,18.671310424804688,0.14244899207380327,obse
6232,18.674320697784424,0.14244899207380327,obse
6233,18.67712163925171,0.14244899207380327,obse
6234,18.68029499053955,0.14272797786458935,obse
6235,18.683265209197998,0.14272797786458935,obse
6236,18.686203479766846,0.14262061113006944,obse
6237,18.689380884170532,0.1429098794848853,obse
6238,18.69227695465088,0.1429098794848853,obse
6239,18.695369005203247,0.1429104229308115,obse
6240,18.69835066795349,0.1431040099582754,obse
6241,18.701202392578125,0.1431040099582754,obse
6242,18.70434260368347,0.14337990417139673,obse
6243,18.707275390625,0.14337990417139673,obse
6244,18.71015191078186,0.14337990417139673,obse
6245,18.71347165107727,0.1436408970564375,obse
6246,18.71642756462097,0.1436408970564375,obse
6247,18.719386339187622,0.14358333712208213,obse
6248,18.72255825996399,0.14381545196386866,obse
6249,18.725517511367798,0.14381545196386866,obse
6250,18.72853994369507,0.14394500074761007,obse
6251,18.731536149978638,0.14394500074761007,obse
6252,18.734578847885132,0.14394500074761007,obse
6253,18.737647771835327,0.14427151661634435,obse
6254,18.740570545196533,0.14427151661634435,obse
6255,18.743507385253906,0.14427151661634435,obse
6256,18.746708869934082,0.14448364132502955,obse
6257,18.749542474746704,0.14448364132502955,obse
6258,18.75254988670349,0.14443090755894683,obse
6259,18.755609035491943,0.14459012339981978,obse
6260,18.758567810058594,0.14459012339981978,obse
6261,18.76159977912903,0.14492720037642068,obse
6262,18.764686346054077,0.14492720037642068,obse
6263,18.767472743988037,0.14492720037642068,obse
6264,18.770948886871338,0.14501430550192246,obse
6265,18.773979663848877,0.14501430550192246,obse
6266,18.776777029037476,0.14501430550192246,obse
6267,18.78004240989685,0.14525084764643018,obse
6268,18.78300905227661,0.14525084764643018,obse
6269,18.7860324382782,0.14557133743218834,obse
6270,18.788997173309326,0.14557133743218834,obse
6271,18.791943788528442,0.14557133743218834,obse
6272,18.795043468475342,0.14569830531903513,obse
6273,18.798057317733765,0.14569830531903513,obse
6274,18.80093026161194,0.14569830531903513,obse
6275,18.804195880889893,0.14586140149923538,obse
6276,18.807127475738525,0.14586140149923538,obse
6277,18.809940338134766,0.14586140149923538,obse
6278,18.813177824020386,0.14621268839779203,obse
6279,18.816174507141113,0.14621268839779203,obse
6280,18.819138765335083,0.14612130583677269,obse
6281,18.822217226028442,0.1464206999123079,obse
6282,18.825210332870483,0.1464206999123079,obse
6283,18.82829475402832,0.14654993220728316,obse
6284,18.831268072128296,0.14654993220728316,obse
6285,18.834179401397705,0.14654993220728316,obse
6286,18.837372064590454,0.14681632827921812,obse
6287,18.840317964553833,0.14681632827921812,obse
6288,18.843143224716187,0.14681632827921812,obse
6289,18.846349716186523,0.1471160260555892,obse
6290,18.849324226379395,0.1471160260555892,obse
6291,18.852277040481567,0.14697513730603198,obse
6292,18.855429887771606,0.14722762810483686,obse
6293,18.85853385925293,0.14722762810483686,obse
6294,18.861568927764893,0.14752155261190064,obse
6295,18.86454463005066,0.14752155261190064,obse
6296,18.867406368255615,0.14752155261190064,obse
6297,18.870476722717285,0.14779507427548155,obse
6298,18.873416900634766,0.14779507427548155,obse
6299,18.87624430656433,0.14779507427548155,obse
6300,18.879383087158203,0.14793278261121928,obse
6301,18.882333755493164,0.14793278261121928,obse
6302,18.885387182235718,0.14805763177004033,obse
6303,18.888747453689575,0.14822792459027084,obse
6304,18.891794443130493,0.14822792459027084,obse
6305,18.894968509674072,0.1485252434532874,obse
6306,18.89800715446472,0.1485252434532874,obse
6307,18.900869846343994,0.1485252434532874,obse
6308,18.904109239578247,0.14877715188913498,obse
6309,18.907097101211548,0.14877715188913498,obse
6310,18.910006046295166,0.14868141128093795,obse
6311,18.913227081298828,0.14889171033263088,obse
6312,18.916157007217407,0.14889171033263088,obse
6313,18.919236660003662,0.15026089635810497,obse
6314,18.922380447387695,0.1504729117584376,obse
6315,18.9254732131958,0.1504729117584376,obse
6316,18.928754806518555,0.1506979124804277,obse
6317,18.93215274810791,0.1506979124804277,obse
6318,18.93510389328003,0.1506979124804277,obse
6319,18.938210487365723,0.15082703675361053,obse
6320,18.9411563873291,0.15082703675361053,obse
6321,18.944237232208252,0.15077893552841762,obse
6322,18.947325468063354,0.15095259416136972,obse
6323,18.95021677017212,0.15095259416136972,obse
6324,18.953418254852295,0.1512310856441473,obse
6325,18.9567768573761,0.1512310856441473,obse
6326,18.959617376327515,0.1512310856441473,obse
6327,18.962900400161743,0.15142474671714334,obse
6328,18.96591854095459,0.15142474671714334,obse
6329,18.968875646591187,0.15142474671714334,obse
6330,18.972054481506348,0.15118705593365658,obse
6331,18.97510862350464,0.15118705593365658,obse
6332,18.97795295715332,0.15118705593365658,obse
6333,18.981038570404053,0.15115016053103636,obse
6334,18.984232664108276,0.1514155373429978,obse
6335,18.987282276153564,0.1514155373429978,obse
6336,18.990196704864502,0.1514155373429978,obse
6337,18.99337601661682,0.15205433459764528,obse
6338,18.996559381484985,0.15205433459764528,obse
6339,18.999562978744507,0.15176452700534418,obse
6340,19.002567768096924,0.15176452700534418,obse
6341,19.00573492050171,0.15176452700534418,obse
6342,19.00870990753174,0.15176452700534418,obse
6343,19.011781930923462,0.15202890490989582,obse
6344,19.015258073806763,0.15190001818198187,obse
6345,19.018250465393066,0.15214871934520027,obse
6346,19.021451950073242,0.1521810591695201,obse
6347,19.024571418762207,0.152347063902781,obse
6348,19.027528285980225,0.152347063902781,obse
6349,19.03061866760254,0.15235124982086173,obse
6350,19.033631563186646,0.1525974527221376,obse
6351,19.03671622276306,0.1525974527221376,obse
6352,19.03983783721924,0.15279015446979963,obse
6353,19.042989253997803,0.15279015446979963,obse
6354,19.04593849182129,0.15279015446979963,obse
6355,19.049192667007446,0.1527302491762014,obse
6356,19.052220106124878,0.15293795869070992,obse
6357,19.055255651474,0.15293795869070992,obse
6358,19.058651447296143,0.15317784640678417,obse
6359,19.06155037879944,0.15317784640678417,obse
6360,19.064546823501587,0.15317784640678417,obse
6361,19.06786870956421,0.15343121243624783,obse
6362,19.070838451385498,0.15343121243624783,obse
6363,19.074105978012085,0.15332859189988585,obse
6364,19.07741379737854,0.1535848164538501,obse
6365,19.080779314041138,0.15364214784594746,obse
6366,19.08389115333557,0.15378367670072482,obse
6367,19.086936235427856,0.15378367670072482,obse
6368,19.09028387069702,0.1540242497559434,obse
6369,19.09397578239441,0.1540242497559434,obse
6370,19.09692883491516,0.1540242497559434,obse
6371,19.100154161453247,0.1541852909109243,obse
6372,19.103275775909424,0.15421181850507887,obse
6373,19.106374502182007,0.1543742272282052,obse
6374,19.109485387802124,0.1543742272282052,obse
6375,19.112622261047363,0.15464654764135202,obse
6376,19.115684032440186,0.15464654764135202,obse
6377,19.118696451187134,0.15455647511456325,obse
6378,19.121897220611572,0.15479919935513803,obse
6379,19.125019311904907,0.15479919935513803,obse
6380,19.128275871276855,0.15496421245609704,obse
6381,19.131381034851074,0.15496421245609704,obse
6382,19.134265661239624,0.15496421245609704,obse
6383,19.137409210205078,0.15524768992253712,obse
6384,19.14042854309082,0.15524768992253712,obse
6385,19.14336085319519,0.15524768992253712,obse
6386,19.14664387702942,0.15548026399865544,obse
6387,19.149611234664917,0.15548026399865544,obse
6388,19.152657747268677,0.15539448478527432,obse
6389,19.15577483177185,0.1555735216145232,obse
6390,19.15888476371765,0.1555735216145232,obse
6391,19.162177085876465,0.15586297207101965,obse
6392,19.16536545753479,0.15586297207101965,obse
6393,19.168334484100342,0.15586297207101965,obse
6394,19.17180633544922,0.15609166954091855,obse
6395,19.174784421920776,0.15609166954091855,obse
6396,19.177943468093872,0.15628317337611314,obse
6397,19.181002378463745,0.15628317337611314,obse
6398,19.183961868286133,0.15628317337611314,obse
6399,19.187262296676636,0.15650617569804093,obse
6400,19.190354824066162,0.15650617569804093,obse
6401,19.193358182907104,0.15646839933780915,obse
6402,19.196630716323853,0.1567498165565927,obse
6403,19.199615240097046,0.1567498165565927,obse
6404,19.202938318252563,0.15698773180113512,obse
6405,19.20612096786499,0.15698773180113512,obse
6406,19.20910358428955,0.15698773180113512,obse
6407,19.212321758270264,0.1572537740522811,obse
6408,19.21555495262146,0.1572537740522811,obse
6409,19.2185959815979,0.1572537740522811,obse
6410,19.22180724143982,0.15748052479696972,obse
6411,19.224847316741943,0.15748052479696972,obse
6412,19.227956533432007,0.1574407774978626,obse
6413,19.23109197616577,0.15767884161864823,obse
6414,19.234084367752075,0.15767884161864823,obse
6415,19.237507343292236,0.15786026854800114,obse
6416,19.24045467376709,0.15786026854800114,obse
6417,19.243535041809082,0.15786026854800114,obse
6418,19.246931791305542,0.15819703787953068,obse
6419,19.2499361038208,0.15819703787953068,obse
6420,19.253037452697754,0.15810252440798248,obse
6421,19.256330251693726,0.15838295661054894,obse
6422,19.259528636932373,0.15838295661054894,obse
6423,19.262701749801636,0.1585513298798818,obse
6424,19.26588463783264,0.1585513298798818,obse
6425,19.268940210342407,0.15864866912186562,obse
6426,19.272117853164673,0.15887773256636864,obse
6427,19.275203943252563,0.15887773256636864,obse
6428,19.2783260345459,0.1591063244495062,obse
6429,19.281602144241333,0.1591063244495062,obse
6430,19.28450870513916,0.1591063244495062,obse
6431,19.287739992141724,0.15929581714198154,obse
6432,19.2911114692688,0.15929581714198154,obse
6433,19.294254541397095,0.15939995455198303,obse
6434,19.29730224609375,0.1595914960719598,obse
6435,19.300251245498657,0.1595914960719598,obse
6436,19.303290843963623,0.15986179678793663,obse
6437,19.30623483657837,0.15986179678793663,obse
6438,19.309186697006226,0.15986179678793663,obse
6439,19.312230587005615,0.16006890185388553,obse
6440,19.31533646583557,0.16006890185388553,obse
6441,19.318490505218506,0.1601225886677399,obse
6442,19.321667909622192,0.16032406022111179,obse
6443,19.32465958595276,0.16032406022111179,obse
6444,19.327781677246094,0.16033662787010566,obse
6445,19.331408500671387,0.16062362096021301,obse
6446,19.334341526031494,0.16062362096021301,obse
6447,19.337573528289795,0.16082486979211238,obse
6448,19.34065818786621,0.16082486979211238,obse
6449,19.343626976013184,0.16085702507667973,obse
6450,19.346981287002563,0.16102759458162633,obse
6451,19.349859714508057,0.16102759458162633,obse
6452,19.35288691520691,0.16104889533557507,obse
6453,19.356191158294678,0.16134456261225644,obse
6454,19.359176635742188,0.16134456261225644,obse
6455,19.362457752227783,0.1615779809775696,obse
6456,19.36561632156372,0.1615779809775696,obse
6457,19.36871337890625,0.1615779809775696,obse
6458,19.37196373939514,0.16174081376662405,obse
6459,19.374878883361816,0.16174081376662405,obse
6460,19.378053665161133,0.16182147608830375,obse
6461,19.381278038024902,0.16205138395360852,obse
6462,19.384363412857056,0.16205138395360852,obse
6463,19.387449026107788,0.1619714228223635,obse
6464,19.390875816345215,0.16227229568696835,obse
6465,19.39380192756653,0.16227229568696835,obse
6466,19.39709758758545,0.16246508051176622,obse
6467,19.400277376174927,0.16246508051176622,obse
6468,19.40364146232605,0.16249701803505637,obse
6469,19.40655517578125,0.16249701803505637,obse
6470,19.40972065925598,0.1626872007181689,obse
6471,19.412793397903442,0.1629583447297029,obse
6472,19.416097164154053,0.1629583447297029,obse
6473,19.419244050979614,0.1629583447297029,obse
6474,19.422588109970093,0.1631382692482033,obse
6475,19.425666332244873,0.1631382692482033,obse
6476,19.42887020111084,0.1631382692482033,obse
6477,19.43203854560852,0.1633932047658809,obse
6478,19.435176372528076,0.1633932047658809,obse
6479,19.43836212158203,0.16339028952635856,obse
6480,19.441593647003174,0.16365183593329072,obse
6481,19.444621801376343,0.16365183593329072,obse
6482,19.448203802108765,0.16382338009512304,obse
6483,19.451293230056763,0.16382338009512304,obse
6484,19.4542875289917,0.16382338009512304,obse
6485,19.45763111114502,0.16406411390912762,obse
6486,19.460583686828613,0.16406411390912762,obse
6487,19.463690757751465,0.16406411390912762,obse
6488,19.466952562332153,0.16432696514713896,obse
6489,19.469950437545776,0.16432696514713896,obse
6490,19.473020315170288,0.16427971173119388,obse
6491,19.476176500320435,0.1645187873708878,obse
6492,19.47926950454712,0.1645187873708878,obse
6493,19.48239493370056,0.16453730048446213,obse
6494,19.48553776741028,0.16468300763197607,obse
6495,19.488548278808594,0.16468300763197607,obse
6496,19.491729497909546,0.16468300763197607,obse
6497,19.4948513507843,0.16474088245879556,obse
6498,19.498424291610718,0.16489024515001463,obse
6499,19.501692295074463,0.16514152011420347,obse
6500,19.5049250125885,0.16527220011912394,obse
6501,19.508239030838013,0.16527220011912394,obse
6502,19.511483669281006,0.1655615063792338,obse
6503,19.514833450317383,0.1655615063792338,obse
6504,19.518022775650024,0.1655615063792338,obse
6505,19.521345853805542,0.16579091141192132,obse
6506,19.524710416793823,0.16579091141192132,obse
6507,19.528054237365723,0.16591867292161955,obse
6508,19.53113293647766,0.16591867292161955,obse
6509,19.534176349639893,0.16591867292161955,obse
6510,19.53749394416809,0.16619754546286392,obse
6511,19.54051184654236,0.16619754546286392,obse
6512,19.5436749458313,0.1661684108965526,obse
6513,19.546923637390137,0.16647387655844054,obse
6514,19.550083875656128,0.16647387655844054,obse
6515,19.55321192741394,0.16642211011794017,obse
6516,19.55611824989319,0.16662805429720265,obse
6517,19.55970311164856,0.16662805429720265,obse
6518,19.56304955482483,0.16688273093213254,obse
6519,19.566117525100708,0.16688273093213254,obse
6520,19.56957697868347,0.16686899938907623,obse
6521,19.57271432876587,0.16715757199238757,obse
6522,19.575591802597046,0.16715757199238757,obse
6523,19.57868719100952,0.16735742301568832,obse
6524,19.58171534538269,0.16735742301568832,obse
6525,19.58460760116577,0.16735742301568832,obse
6526,19.58788514137268,0.1675632459437004,obse
6527,19.591098308563232,0.1675632459437004,obse
6528,19.59432578086853,0.16757799418501593,obse
6529,19.59767746925354,0.16782883295392104,obse
6530,19.60071849822998,0.16782883295392104,obse
6531,19.60399842262268,0.1680156203601496,obse
6532,19.60703468322754,0.1680156203601496,obse
6533,19.610047101974487,0.1680156203601496,obse
6534,19.613284826278687,0.16826167340134288,obse
6535,19.616573572158813,0.16826167340134288,obse
6536,19.6199209690094,0.16857413062285198,obse
6537,19.622990131378174,0.16857413062285198,obse
6538,19.625925064086914,0.16857413062285198,obse
6539,19.629192113876343,0.1688120756725452,obse
6540,19.63230061531067,0.1688120756725452,obse
6541,19.635300874710083,0.1688012238444723,obse
6542,19.638590097427368,0.16899536323210534,obse
6543,19.641486883163452,0.16899536323210534,obse
6544,19.644474029541016,0.16907836185423716,obse
6545,19.647587776184082,0.16930771294590505,obse
6546,19.650485277175903,0.16930771294590505,obse
6547,19.653596878051758,0.16951060755529157,obse
6548,19.656832933425903,0.16951060755529157,obse
6549,19.65981435775757,0.16951060755529157,obse
6550,19.663074731826782,0.16967847988791598,obse
6551,19.666264295578003,0.16967847988791598,obse
6552,19.669363737106323,0.16977068011258473,obse
6553,19.672470092773438,0.16996987974903538,obse
6554,19.675405263900757,0.16996987974903538,obse
6555,19.678524017333984,0.17019023056155935,obse
6556,19.68164610862732,0.17019023056155935,obse
6557,19.684616327285767,0.17019023056155935,obse
6558,19.687955141067505,0.1703722180986907,obse
6559,19.6911199092865,0.1703722180986907,obse
6560,19.694169998168945,0.1704128907580321,obse
6561,19.697335958480835,0.1706253910228812,obse
6562,19.700401782989502,0.1706253910228812,obse
6563,19.70354127883911,0.17091335156839563,obse
6564,19.706793546676636,0.17091335156839563,obse
6565,19.709962368011475,0.17091335156839563,obse
6566,19.713473081588745,0.17112603141143276,obse
6567,19.716450452804565,0.17112603141143276,obse
6568,19.719520092010498,0.17134559005231134,obse
6569,19.72266697883606,0.17134559005231134,obse
6570,19.725797414779663,0.17134559005231134,obse
6571,19.72924780845642,0.1715886585894334,obse
6572,19.732259273529053,0.1715886585894334,obse
6573,19.73523473739624,0.17166661627116644,obse
6574,19.73826241493225,0.17192184931289753,obse
6575,19.741161108016968,0.17192184931289753,obse
6576,19.74412727355957,0.17191103891448328,obse
6577,19.74718427658081,0.17209672250896602,obse
6578,19.750049829483032,0.17209672250896602,obse
6579,19.75316548347473,0.1721701442278662,obse
6580,19.756102323532104,0.17241894096403262,obse
6581,19.759040117263794,0.17241894096403262,obse
6582,19.762155055999756,0.1726283760569666,obse
6583,19.76565194129944,0.1726283760569666,obse
6584,19.7687029838562,0.17263451411432607,obse
6585,19.771965742111206,0.17281539173909385,obse
6586,19.77483558654785,0.17281539173909385,obse
6587,19.777865171432495,0.17312546535916,obse
6588,19.78116536140442,0.17312546535916,obse
6589,19.784125089645386,0.17312546535916,obse
6590,19.787352800369263,0.17340100784402576,obse
6591,19.790677785873413,0.17340100784402576,obse
6592,19.793770790100098,0.1733523545362827,obse
6593,19.79702877998352,0.1735782184329135,obse
6594,19.800065994262695,0.1735782184329135,obse
6595,19.803415775299072,0.17384330271961618,obse
6596,19.80666208267212,0.17384330271961618,obse
6597,19.809801816940308,0.17384330271961618,obse
6598,19.8131320476532,0.17367769778653955,obse
6599,19.816507577896118,0.17367769778653955,obse
6600,19.819726705551147,0.17382040716807248,obse
6601,19.82303261756897,0.17382040716807248,obse
6602,19.82615327835083,0.17382040716807248,obse
6603,19.829636812210083,0.17402891758265968,obse
6604,19.832945108413696,0.17402891758265968,obse
6605,19.83625364303589,0.17430804068477646,obse
6606,19.839547872543335,0.17430804068477646,obse
6607,19.842615127563477,0.17430804068477646,obse
6608,19.846073627471924,0.17450216574246283,obse
6609,19.849299430847168,0.17450216574246283,obse
6610,19.852481365203857,0.1745285512423735,obse
6611,19.85575222969055,0.17469491712906346,obse
6612,19.85896873474121,0.17469491712906346,obse
6613,19.86225938796997,0.17498789668504253,obse
6614,19.8654465675354,0.17498789668504253,obse
6615,19.86852788925171,0.17498789668504253,obse
6616,19.872071027755737,0.17523525435109655,obse
6617,19.875413179397583,0.17523525435109655,obse
6618,19.878867626190186,0.17538261558243645,obse
6619,19.882084369659424,0.17538261558243645,obse
6620,19.88512086868286,0.17538261558243645,obse
6621,19.888365983963013,0.17563936657538917,obse
6622,19.89147925376892,0.17563936657538917,obse
6623,19.89470076560974,0.1758941995458252,obse
6624,19.89788293838501,0.1758941995458252,obse
6625,19.900983810424805,0.1758941995458252,obse
6626,19.904117107391357,0.17605563136961364,obse
6627,19.907310962677002,0.17605563136961364,obse
6628,19.910487174987793,0.17605563136961364,obse
6629,19.913838386535645,0.17633852408709416,obse
6630,19.916858196258545,0.17633852408709416,obse
6631,19.919936895370483,0.17660455536531255,obse
6632,19.923208236694336,0.17660455536531255,obse
6633,19.92623782157898,0.17660455536531255,obse
6634,19.92950201034546,0.1767848012425225,obse
6635,19.932490587234497,0.1767848012425225,obse
6636,19.93536901473999,0.17686454380162828,obse
6637,19.93854069709778,0.17707395789079755,obse
6638,19.94153332710266,0.17707395789079755,obse
6639,19.944550037384033,0.17705961123268657,obse
6640,19.947756052017212,0.17733041463561697,obse
6641,19.950777769088745,0.17733041463561697,obse
6642,19.953864812850952,0.17752055626039387,obse
6643,19.957239627838135,0.17752055626039387,obse
6644,19.960259914398193,0.17756387611423088,obse
6645,19.963247299194336,0.177743995760369,obse
6646,19.966241359710693,0.177743995760369,obse
6647,19.9694242477417,0.17779434182701465,obse
6648,19.972353219985962,0.17806203981390875,obse
6649,19.975270986557007,0.17806203981390875,obse
6650,19.9782874584198,0.17827665872844825,obse
6651,19.981303453445435,0.17827665872844825,obse
6652,19.984182357788086,0.17827665872844825,obse
6653,19.987233877182007,0.17889144734210574,obse
6654,19.99024224281311,0.17889144734210574,obse
6655,19.993155002593994,0.17889144734210574,obse
6656,19.997053146362305,0.17917131334588587,obse
6657,20.000175952911377,0.17917131334588587,obse
6658,20.003232955932617,0.1794359392375913,obse
6659,20.00645136833191,0.1794359392375913,obse
6660,20.009387731552124,0.1794359392375913,obse
6661,20.012646436691284,0.17961836794392835,obse
6662,20.015597343444824,0.17961836794392835,obse
6663,20.0185284614563,0.17967962396469273,obse
6664,20.021923780441284,0.1798967622269867,obse
6665,20.025078058242798,0.1798967622269867,obse
6666,20.028276920318604,0.18018252179625538,obse
6667,20.031559705734253,0.18018252179625538,obse
6668,20.034801244735718,0.18018252179625538,obse
6669,20.037945985794067,0.18033809560974018,obse
6670,20.040932178497314,0.18033809560974018,obse
6671,20.04391598701477,0.18043233809727247,obse
6672,20.04703712463379,0.18064996873443487,obse
6673,20.05013608932495,0.18064996873443487,obse
6674,20.05320906639099,0.18093941409584094,obse
6675,20.056477069854736,0.18093941409584094,obse
6676,20.05935835838318,0.18093941409584094,obse
6677,20.062655210494995,0.18110256276235523,obse
6678,20.06563925743103,0.18110256276235523,obse
6679,20.06850028038025,0.18110256276235523,obse
6680,20.072150230407715,0.1813485402696032,obse
6681,20.075029373168945,0.1813485402696032,obse
6682,20.078211784362793,0.18163664689727296,obse
6683,20.081547021865845,0.18163664689727296,obse
6684,20.084450006484985,0.18163664689727296,obse
6685,20.0876624584198,0.1818523811728386,obse
6686,20.090802907943726,0.1818523811728386,obse
6687,20.09392023086548,0.18189173102066583,obse
6688,20.097185373306274,0.18205638635720148,obse
6689,20.100138902664185,0.18205638635720148,obse
6690,20.103264093399048,0.18235564921794042,obse
6691,20.10640287399292,0.18235564921794042,obse
6692,20.10932207107544,0.18235564921794042,obse
6693,20.112546920776367,0.18262846166517405,obse
6694,20.115737438201904,0.18262846166517405,obse
6695,20.118886947631836,0.18263307565111683,obse
6696,20.12218141555786,0.18286629245862907,obse
6697,20.12524127960205,0.18286629245862907,obse
6698,20.1283016204834,0.1832015433588288,obse
6699,20.131471872329712,0.1832015433588288,obse
6700,20.13439130783081,0.1832015433588288,obse
6701,20.137511491775513,0.18346813438249104,obse
6702,20.140591144561768,0.18346813438249104,obse
6703,20.143603563308716,0.18344833527449675,obse
6704,20.14690136909485,0.1837025615668509,obse
6705,20.149820566177368,0.1837025615668509,obse
6706,20.15290069580078,0.18376256993564866,obse
6707,20.156073570251465,0.1840090445822133,obse
6708,20.1591317653656,0.1840090445822133,obse
6709,20.16226363182068,0.18428116111205084,obse
6710,20.165592670440674,0.18428116111205084,obse
6711,20.16845965385437,0.18428116111205084,obse
6712,20.17135763168335,0.18428116111205084,obse
6713,20.174640417099,0.18451951216462073,obse
6714,20.17769193649292,0.18451951216462073,obse
6715,20.180806875228882,0.18459736888366643,obse
6716,20.18388080596924,0.18481767412985298,obse
6717,20.186952114105225,0.18481767412985298,obse
6718,20.189996004104614,0.18481767412985298,obse
6719,20.193355321884155,0.1851871153753323,obse
6720,20.1962730884552,0.1851871153753323,obse
6721,20.199283838272095,0.18511564641028042,obse
6722,20.202665090560913,0.1854322875233356,obse
6723,20.205591917037964,0.1854322875233356,obse
6724,20.208550214767456,0.1855187272805267,obse
6725,20.21153497695923,0.18576005727530934,obse
6726,20.214499711990356,0.18576005727530934,obse
6727,20.21742558479309,0.18576005727530934,obse
6728,20.22033452987671,0.18576005727530934,obse
6729,20.223454236984253,0.18577024342012086,obse
6730,20.227193117141724,0.1860734204900252,obse
6731,20.230074882507324,0.1860734204900252,obse
6732,20.233622789382935,0.18638158558904908,obse
6733,20.236647367477417,0.1863384169183283,obse
6734,20.23977518081665,0.18655959260746968,obse
6735,20.24299144744873,0.18655959260746968,obse
6736,20.246041297912598,0.18655959260746968,obse
6737,20.249608755111694,0.18692280124924837,obse
6738,20.2527334690094,0.18692280124924837,obse
6739,20.25605607032776,0.18690328483817203,obse
6740,20.25937533378601,0.18728310260873487,obse
6741,20.26249384880066,0.18728310260873487,obse
6742,20.26599621772766,0.18752947994233296,obse
6743,20.26920199394226,0.18752947994233296,obse
6744,20.272390604019165,0.18760323281593722,obse
6745,20.275612115859985,0.1879090133758276,obse
6746,20.27911400794983,0.18786423733860766,obse
6747,20.282405853271484,0.18822529442423702,obse
6748,20.285730123519897,0.18822529442423702,obse
6749,20.288917064666748,0.1881840094701072,obse
6750,20.292274713516235,0.18847166841804203,obse
6751,20.295435190200806,0.18847166841804203,obse
6752,20.298726081848145,0.1888540807872355,obse
6753,20.302088737487793,0.18879593017995755,obse
6754,20.305259466171265,0.18921923758186412,obse
6755,20.30851650238037,0.18953352384771976,obse
6756,20.311772346496582,0.1898816441860093,obse
6757,20.314979553222656,0.1898816441860093,obse
6758,20.317962169647217,0.1898816441860093,obse
6759,20.321268796920776,0.19026319374134926,obse
6760,20.3242404460907,0.19026319374134926,obse
6761,20.32729434967041,0.19019314990155683,obse
6762,20.33052110671997,0.19052995915924534,obse
6763,20.33362650871277,0.19052995915924534,obse
6764,20.336801290512085,0.1908886752728032,obse
6765,20.339889526367188,0.1908886752728032,obse
6766,20.34285569190979,0.1908886752728032,obse
6767,20.346262454986572,0.19131046186176523,obse
6768,20.349215030670166,0.19131046186176523,obse
6769,20.35227346420288,0.19123915593942703,obse
6770,20.355456113815308,0.1916509382199249,obse
6771,20.358683109283447,0.1916509382199249,obse
6772,20.362194061279297,0.19190395563003057,obse
6773,20.365172863006592,0.19190395563003057,obse
6774,20.368080139160156,0.19190395563003057,obse
6775,20.37142062187195,0.19231928592045752,obse
6776,20.37442445755005,0.19231928592045752,obse
6777,20.37746262550354,0.19226864410708308,obse
6778,20.380584239959717,0.19268326059377458,obse
6779,20.383602380752563,0.19268326059377458,obse
6780,20.386939525604248,0.19294822574838597,obse
6781,20.390265226364136,0.19294822574838597,obse
6782,20.39332365989685,0.193069465696791,obse
6783,20.396607637405396,0.19334785675761468,obse
6784,20.39968490600586,0.19334785675761468,obse
6785,20.403114557266235,0.19371785120189602,obse
6786,20.406270503997803,0.19371785120189602,obse
6787,20.409223318099976,0.19371785120189602,obse
6788,20.412686824798584,0.19395618910796034,obse
6789,20.415774822235107,0.19395618910796034,obse
6790,20.418827295303345,0.19398601724720788,obse
6791,20.422109842300415,0.1942833894285477,obse
6792,20.425373077392578,0.1942833894285477,obse
6793,20.42836856842041,0.19463990165752762,obse
6794,20.431529998779297,0.19463990165752762,obse
6795,20.43474292755127,0.19463990165752762,obse
6796,20.43797755241394,0.19485478294498537,obse
6797,20.440922260284424,0.19485478294498537,obse
6798,20.444045782089233,0.19494241590107844,obse
6799,20.4469735622406,0.1951895346469372,obse
6800,20.44994807243347,0.1951895346469372,obse
6801,20.453300714492798,0.19552609677689653,obse
6802,20.456942558288574,0.19552609677689653,obse
6803,20.460137367248535,0.19552609677689653,obse
6804,20.464221954345703,0.19575326259808085,obse
6805,20.46796989440918,0.19575326259808085,obse
6806,20.47153639793396,0.19597934133205158,obse
6807,20.474677562713623,0.19597934133205158,obse
6808,20.477936267852783,0.19630718360271823,obse
6809,20.481239557266235,0.19630718360271823,obse
6810,20.484508514404297,0.19630718360271823,obse
6811,20.48796033859253,0.1965604606865091,obse
6812,20.491231679916382,0.1965604606865091,obse
6813,20.494510650634766,0.19670956637882614,obse
6814,20.497881174087524,0.19670956637882614,obse
6815,20.500876903533936,0.19670956637882614,obse
6816,20.504207134246826,0.19712690717216103,obse
6817,20.507196187973022,0.19712690717216103,obse
6818,20.51026225090027,0.19704494964214228,obse
6819,20.513562440872192,0.1973650322646213,obse
6820,20.51659345626831,0.1973650322646213,obse
6821,20.519601583480835,0.19734885182498316,obse
6822,20.522915601730347,0.19755450140025468,obse
6823,20.525983333587646,0.19755450140025468,obse
6824,20.52918291091919,0.19779135705344836,obse
6825,20.53271460533142,0.19779135705344836,obse
6826,20.536293268203735,0.19804529700139292,obse
6827,20.53965735435486,0.19804529700139292,obse
6828,20.542768001556396,0.19804529700139292,obse
6829,20.54607319831848,0.19819212993099183,obse
6830,20.549200773239136,0.19819212993099183,obse
6831,20.552332162857056,0.19826319945041412,obse
6832,20.555654287338257,0.19837249184838163,obse
6833,20.55901312828064,0.19837249184838163,obse
6834,20.562528133392334,0.19857590087198204,obse
6835,20.565966367721558,0.19857590087198204,obse
6836,20.56917953491211,0.19857590087198204,obse
6837,20.572537422180176,0.19871174722592622,obse
6838,20.575838565826416,0.19871174722592622,obse
6839,20.57898736000061,0.19871174722592622,obse
6840,20.58210587501526,0.19871174722592622,obse
6841,20.585639715194702,0.19874072116575947,obse
6842,20.58885431289673,0.1988323340535415,obse
6843,20.5920352935791,0.19885261173681001,obse
6844,20.595407485961914,0.1990811308580133,obse
6845,20.598639488220215,0.1990811308580133,obse
6846,20.601857662200928,0.19902396733882124,obse
6847,20.605101823806763,0.19920677508692392,obse
6848,20.608336925506592,0.19920677508692392,obse
6849,20.611674070358276,0.19921209265377426,obse
6850,20.615117073059082,0.19929634987461914,obse
6851,20.618649005889893,0.19929634987461914,obse
6852,20.621806621551514,0.19929634987461914,obse
6853,20.625535011291504,0.19947319382565165,obse
6854,20.628734350204468,0.19947319382565165,obse
6855,20.63199210166931,0.19947319382565165,obse
6856,20.635333776474,0.19963518240116593,obse
6857,20.63856339454651,0.19963518240116593,obse
6858,20.64263391494751,0.19964601063336324,obse
6859,20.645914316177368,0.19964601063336324,obse
6860,20.64934229850769,0.19980018250379797,obse
6861,20.65294098854065,0.19980018250379797,obse
6862,20.656057834625244,0.19980018250379797,obse
6863,20.65954566001892,0.19972435056733134,obse
6864,20.66293501853943,0.19986479036437788,obse
6865,20.666101455688477,0.19986479036437788,obse
6866,20.669490575790405,0.19993963753822527,obse
6867,20.67294430732727,0.20003135637381236,obse
6868,20.67631721496582,0.2000826659252583,obse
6869,20.67968487739563,0.2000826659252583,obse
6870,20.683435440063477,0.2000075158643615,obse
6871,20.68663716316223,0.2001230643510987,obse
6872,20.690144300460815,0.20015411957725407,obse
6873,20.693403482437134,0.20021772160701665,obse
6874,20.696581602096558,0.20021772160701665,obse
6875,20.699923276901245,0.20021772160701665,obse
6876,20.703376293182373,0.2002345110931166,obse
6877,20.706937789916992,0.2003220614140745,obse
6878,20.71038842201233,0.2003097131087803,obse
6879,20.713868141174316,0.20034158087251863,obse
6880,20.71717667579651,0.20034158087251863,obse
6881,20.720391750335693,0.2004159791932869,obse
6882,20.72352695465088,0.2004159791932869,obse
6883,20.726644277572632,0.20032579816224497,obse
6884,20.730010509490967,0.2004191410198891,obse
6885,20.733253717422485,0.2004191410198891,obse
6886,20.736621379852295,0.2003973357151263,obse
6887,20.739789724349976,0.2003973357151263,obse
6888,20.74289584159851,0.2003973357151263,obse
6889,20.74625849723816,0.2004241040923737,obse
6890,20.749268293380737,0.2004241040923737,obse
6891,20.752408504486084,0.20033783172344102,obse
6892,20.755878448486328,0.20041587035937813,obse
6893,20.7589213848114,0.20041587035937813,obse
6894,20.762365579605103,0.20040979244098697,obse
6895,20.765575170516968,0.20040979244098697,obse
6896,20.768848419189453,0.20044155168335423,obse
6897,20.772080421447754,0.20038371066824345,obse
6898,20.7751522064209,0.20038371066824345,obse
6899,20.77861523628235,0.20043047555788351,obse
6900,20.7820885181427,0.20043047555788351,obse
6901,20.785418272018433,0.20039876052373912,obse
6902,20.788794994354248,0.20041533375465906,obse
6903,20.791828393936157,0.20041533375465906,obse
6904,20.79507279396057,0.2004125992129917,obse
6905,20.7986581325531,0.2004125992129917,obse
6906,20.802157163619995,0.20041031897532896,obse
6907,20.80542492866516,0.20047164639576778,obse
6908,20.808370351791382,0.20047164639576778,obse
6909,20.811728477478027,0.20041541428878243,obse
6910,20.815070152282715,0.20041541428878243,obse
6911,20.818026065826416,0.20041541428878243,obse
6912,20.821525812149048,0.2004200046540614,obse
6913,20.82456612586975,0.2004200046540614,obse
6914,20.8277370929718,0.20045355480962454,obse
6915,20.831717252731323,0.20045355480962454,obse
6916,20.834746837615967,0.20045355480962454,obse
6917,20.83812379837036,0.20042741824946486,obse
6918,20.84137201309204,0.20042741824946486,obse
6919,20.844679594039917,0.20037623588654327,obse
6920,20.8477783203125,0.20037623588654327,obse
6921,20.85073184967041,0.20037623588654327,obse
6922,20.85396933555603,0.2004273606812693,obse
6923,20.85704469680786,0.2004273606812693,obse
6924,20.860235691070557,0.20035395504181475,obse
6925,20.86331343650818,0.20043129854837968,obse
6926,20.866313219070435,0.20043129854837968,obse
6927,20.869447946548462,0.20041529415179915,obse
6928,20.872363567352295,0.20041529415179915,obse
6929,20.87542223930359,0.20041529415179915,obse
6930,20.87857174873352,0.2004266049414412,obse
6931,20.881542682647705,0.2004266049414412,obse
6932,20.884520053863525,0.2004266049414412,obse
6933,20.887617111206055,0.20046132943656708,obse
6934,20.891231536865234,0.20046132943656708,obse
6935,20.894395112991333,0.200380250842174,obse
6936,20.897565841674805,0.20037615114435775,obse
6937,20.90057110786438,0.20037615114435775,obse
6938,20.903889417648315,0.20042538332425286,obse
6939,20.907039403915405,0.20042538332425286,obse
6940,20.91013264656067,0.20042538332425286,obse
6941,20.91351866722107,0.20042234330947556,obse
6942,20.916826486587524,0.20042234330947556,obse
6943,20.92005491256714,0.20041929834877523,obse
6944,20.923322439193726,0.20041929834877523,obse
6945,20.92654538154602,0.20041929834877523,obse
6946,20.92984628677368,0.20045492701586426,obse
6947,20.932811975479126,0.20045492701586426,obse
6948,20.936028957366943,0.20044424013616116,obse
6949,20.939189910888672,0.20044424013616116,obse
6950,20.942209243774414,0.20044424013616116,obse
6951,20.945533990859985,0.20046809809321964,obse
6952,20.948716640472412,0.20046809809321964,obse
6953,20.95171856880188,0.20046809809321964,obse
6954,20.95517659187317,0.2003685694109413,obse
6955,20.958264112472534,0.2003685694109413,obse
6956,20.96142840385437,0.20043927610984222,obse
6957,20.964698791503906,0.20043927610984222,obse
6958,20.967851877212524,0.20043927610984222,obse
6959,20.971351385116577,0.20043649396381394,obse
6960,20.97442078590393,0.20043649396381394,obse
6961,20.977553129196167,0.2004550603999535,obse
6962,20.980859994888306,0.20040367950242083,obse
6963,20.983887195587158,0.20040367950242083,obse
6964,20.987143516540527,0.20040058790391824,obse
6965,20.990445375442505,0.20040058790391824,obse
6966,20.993478298187256,0.20040058790391824,obse
6967,20.99712634086609,0.2004525273437405,obse
6968,21.000515699386597,0.2004525273437405,obse
6969,21.003684043884277,0.20037846434178663,obse
6970,21.006787300109863,0.20037846434178663,obse
6971,21.009815454483032,0.20037846434178663,obse
6972,21.01300883293152,0.20041124720114284,obse
6973,21.016190767288208,0.20041124720114284,obse
6974,21.01932430267334,0.20048112128464182,obse
6975,21.022423267364502,0.20048112128464182,obse
6976,21.025556325912476,0.20048112128464182,obse
6977,21.028767347335815,0.20039910914414424,obse
6978,21.031776905059814,0.20039910914414424,obse
6979,21.03487539291382,0.20039910914414424,obse
6980,21.0381338596344,0.20044213221639667,obse
6981,21.041231155395508,0.20044213221639667,obse
6982,21.04450035095215,0.2004277670681041,obse
6983,21.047820329666138,0.20049040927425357,obse
6984,21.05085563659668,0.20049040927425357,obse
6985,21.05407404899597,0.20047136594525178,obse
6986,21.057628870010376,0.20047136594525178,obse
6987,21.060831785202026,0.20051259764742613,obse
6988,21.064037561416626,0.20048654418336467,obse
6989,21.06712508201599,0.20048654418336467,obse
6990,21.07029676437378,0.2005773404721388,obse
6991,21.07346510887146,0.2005773404721388,obse
6992,21.07651448249817,0.2005773404721388,obse
6993,21.07979679107666,0.20059283045266355,obse
6994,21.083134651184082,0.20059283045266355,obse
6995,21.0865216255188,0.20061101411992566,obse
6996,21.09007954597473,0.20061101411992566,obse
6997,21.093414068222046,0.20069821488060027,obse
6998,21.096683263778687,0.20075984729739493,obse
6999,21.100041151046753,0.20075984729739493,obse
7000,21.103355646133423,0.2008041339692016,obse
7001,21.10661244392395,0.2008041339692016,obse
7002,21.10988450050354,0.2008041339692016,obse
7003,21.11318349838257,0.20086428077720142,obse
7004,21.116382122039795,0.20086428077720142,obse
7005,21.119699716567993,0.20096386398806776,obse
7006,21.122766256332397,0.20096386398806776,obse
7007,21.126307725906372,0.20096386398806776,obse
7008,21.12962317466736,0.20110172599753923,obse
7009,21.132842779159546,0.20110172599753923,obse
7010,21.136218786239624,0.2012248240676014,obse
7011,21.139610290527344,0.2012248240676014,obse
7012,21.142847537994385,0.2012248240676014,obse
7013,21.146360635757446,0.20136606665968457,obse
7014,21.149744510650635,0.20136606665968457,obse
7015,21.153210878372192,0.20153038613605273,obse
7016,21.15692400932312,0.20153038613605273,obse
7017,21.160166025161743,0.20145131420832615,obse
7018,21.163445711135864,0.20159377383735827,obse
7019,21.166383266448975,0.20159377383735827,obse
7020,21.169817209243774,0.20173491994516712,obse
7021,21.17282748222351,0.20173491994516712,obse
7022,21.175814867019653,0.20173491994516712,obse
7023,21.179104566574097,0.20195889140411621,obse
7024,21.18212103843689,0.20195889140411621,obse
7025,21.185144662857056,0.20195889140411621,obse
7026,21.188600778579712,0.20209288898069958,obse
7027,21.19163942337036,0.20209288898069958,obse
7028,21.194775581359863,0.20223586061259485,obse
7029,21.1981143951416,0.20223586061259485,obse
7030,21.20124101638794,0.20223586061259485,obse
7031,21.204569578170776,0.20248204547365453,obse
7032,21.207804679870605,0.20248204547365453,obse
7033,21.211037397384644,0.20263088965950654,obse
7034,21.214389085769653,0.20263088965950654,obse
7035,21.217657804489136,0.20263088965950654,obse
7036,21.22105383872986,0.20278866651974278,obse
7037,21.22434425354004,0.20278866651974278,obse
7038,21.227642059326172,0.2030659570818315,obse
7039,21.23075771331787,0.2030659570818315,obse
7040,21.233948469161987,0.2030659570818315,obse
7041,21.23742985725403,0.2032383366811669,obse
7042,21.240702629089355,0.2032383366811669,obse
7043,21.243815183639526,0.20322975512386673,obse
7044,21.24736523628235,0.20343875788657548,obse
7045,21.250397205352783,0.20343875788657548,obse
7046,21.2538161277771,0.20370970495818203,obse
7047,21.257031440734863,0.20370970495818203,obse
7048,21.26021671295166,0.2036561800961315,obse
7049,21.263723850250244,0.20399979502538002,obse
7050,21.26706886291504,0.20399979502538002,obse
7051,21.270508289337158,0.2042394542285313,obse
7052,21.273804187774658,0.2042394542285313,obse
7053,21.277061462402344,0.20434117761841936,obse
7054,21.2804913520813,0.20455810804709557,obse
7055,21.283591747283936,0.20455810804709557,obse
7056,21.28689956665039,0.20480253721551414,obse
7057,21.290162801742554,0.20480253721551414,obse
7058,21.293253660202026,0.20473189058648295,obse
7059,21.29664707183838,0.20498402260197496,obse
7060,21.299802541732788,0.20498402260197496,obse
7061,21.30306386947632,0.20522174766862605,obse
7062,21.3062903881073,0.20522174766862605,obse
7063,21.30963635444641,0.20522174766862605,obse
7064,21.31278371810913,0.20557126736825176,obse
7065,21.316091299057007,0.20557126736825176,obse
7066,21.31936550140381,0.20551635567076273,obse
7067,21.322798252105713,0.20583020663195406,obse
7068,21.326006650924683,0.20583020663195406,obse
7069,21.32906150817871,0.20610169061037406,obse
7070,21.332041025161743,0.20610169061037406,obse
7071,21.33497929573059,0.20610169061037406,obse
7072,21.338080644607544,0.2064878847144803,obse
7073,21.341023206710815,0.2064878847144803,obse
7074,21.344077348709106,0.20640885079544993,obse
7075,21.347124099731445,0.20672075717306915,obse
7076,21.350173711776733,0.20672075717306915,obse
7077,21.353334188461304,0.20695384259183303,obse
7078,21.357319593429565,0.20695384259183303,obse
7079,21.36049771308899,0.20702182975966485,obse
7080,21.36397433280945,0.2072824834887707,obse
7081,21.367213249206543,0.2072824834887707,obse
7082,21.370149850845337,0.2072824834887707,obse
7083,21.373281478881836,0.20721381102529338,obse
7084,21.37651801109314,0.2076020113336162,obse
7085,21.379745721817017,0.2076020113336162,obse
7086,21.382933855056763,0.20787518069323854,obse
7087,21.38598370552063,0.20787518069323854,obse
7088,21.38929319381714,0.20787518069323854,obse
7089,21.392557621002197,0.20787518069323854,obse
7090,21.395742893218994,0.20796924591408522,obse
7091,21.399207592010498,0.20814878088050556,obse
7092,21.40222144126892,0.20814878088050556,obse
7093,21.4055118560791,0.2085516416273759,obse
7094,21.408549547195435,0.2085516416273759,obse
7095,21.411532640457153,0.2085466209971757,obse
7096,21.41486096382141,0.20886992536512414,obse
7097,21.418039083480835,0.20886992536512414,obse
7098,21.421398401260376,0.20914226031648478,obse
7099,21.42461133003235,0.20914226031648478,obse
7100,21.42793869972229,0.20914226031648478,obse
7101,21.43132972717285,0.2095941927844254,obse
7102,21.43481945991516,0.2095941927844254,obse
7103,21.437941074371338,0.2095941927844254,obse
7104,21.441438674926758,0.20988958095861715,obse
7105,21.444592475891113,0.20988958095861715,obse
7106,21.447993993759155,0.21016926725756532,obse
7107,21.45106267929077,0.21016926725756532,obse
7108,21.454400300979614,0.2101984930449156,obse
7109,21.45767378807068,0.2106159989799123,obse
7110,21.460957765579224,0.2106159989799123,obse
7111,21.464053630828857,0.2109114538642625,obse
7112,21.467545747756958,0.2109114538642625,obse
7113,21.47113800048828,0.2109012704973355,obse
7114,21.47430729866028,0.21119676445511412,obse
7115,21.477593660354614,0.21119676445511412,obse
7116,21.48090124130249,0.2112808743127961,obse
7117,21.48430848121643,0.211601922232678,obse
7118,21.487473249435425,0.211601922232678,obse
7119,21.491042852401733,0.21194299681084733,obse
7120,21.49440097808838,0.21194299681084733,obse
7121,21.49758005142212,0.21194299681084733,obse
7122,21.50113081932068,0.21211361243605922,obse
7123,21.504412174224854,0.21218437537509946,obse
7124,21.507909774780273,0.21244417380308636,obse
7125,21.511284351348877,0.2129109360382779,obse
7126,21.514681100845337,0.2131288858416706,obse
7127,21.51783537864685,0.2131288858416706,obse
7128,21.521315097808838,0.21344119082053484,obse
7129,21.524394750595093,0.21344119082053484,obse
7130,21.52765917778015,0.21372276311952726,obse
7131,21.530834436416626,0.21372276311952726,obse
7132,21.533802270889282,0.21372276311952726,obse
7133,21.53720998764038,0.21398768309336832,obse
7134,21.540366888046265,0.21398768309336832,obse
7135,21.543700456619263,0.21406154909558883,obse
7136,21.5471773147583,0.2142695121775991,obse
7137,21.55028200149536,0.2142695121775991,obse
7138,21.553707599639893,0.2146445255399541,obse
7139,21.557072401046753,0.2146445255399541,obse
7140,21.560487985610962,0.21456294265032455,obse
7141,21.56370973587036,0.21487123237922667,obse
7142,21.566781759262085,0.21487123237922667,obse
7143,21.57025122642517,0.2150939997921099,obse
7144,21.573399782180786,0.2150939997921099,obse
7145,21.576544046401978,0.21512475045637608,obse
7146,21.57989239692688,0.21536613646392977,obse
7147,21.583040714263916,0.21536613646392977,obse
7148,21.586625576019287,0.21559675255733612,obse
7149,21.590033769607544,0.21559675255733612,obse
7150,21.593334436416626,0.21559675255733612,obse
7151,21.596802234649658,0.21586423603401023,obse
7152,21.600001335144043,0.21586423603401023,obse
7153,21.60322093963623,0.21619756395782522,obse
7154,21.606390714645386,0.21619756395782522,obse
7155,21.609400510787964,0.21619756395782522,obse
7156,21.61282992362976,0.21647212790891537,obse
7157,21.615944862365723,0.21647212790891537,obse
7158,21.619256496429443,0.216629393273684,obse
7159,21.622392416000366,0.216629393273684,obse
7160,21.62553119659424,0.216629393273684,obse
7161,21.62890124320984,0.21686629085024,obse
7162,21.632041692733765,0.21686629085024,obse
7163,21.635705709457397,0.21708942171633133,obse
7164,21.639137506484985,0.21708942171633133,obse
7165,21.64225172996521,0.21708942171633133,obse
7166,21.64558482170105,0.21731058562660768,obse
7167,21.64888572692871,0.21731058562660768,obse
7168,21.652098417282104,0.21736235516653127,obse
7169,21.65537166595459,0.21755884077033255,obse
7170,21.65855836868286,0.21755884077033255,obse
7171,21.662193775177002,0.2178961461229215,obse
7172,21.665574073791504,0.2178961461229215,obse
7173,21.668874979019165,0.2178918307029355,obse
7174,21.672326803207397,0.21813089688574389,obse
7175,21.67540216445923,0.21813089688574389,obse
7176,21.678801774978638,0.21835614718096297,obse
7177,21.682102918624878,0.21835614718096297,obse
7178,21.685265064239502,0.21835614718096297,obse
7179,21.688825368881226,0.2185488638402862,obse
7180,21.692028045654297,0.2185488638402862,obse
7181,21.695440530776978,0.21877314717982843,obse
7182,21.6988365650177,0.21877314717982843,obse
7183,21.70213031768799,0.21877467598836106,obse
7184,21.70548725128174,0.2189957338469222,obse
7185,21.708789825439453,0.2189957338469222,obse
7186,21.71227502822876,0.2192243904862469,obse
7187,21.715548515319824,0.2192243904862469,obse
7188,21.718878746032715,0.21917612249792784,obse
7189,21.722323656082153,0.2194920596857467,obse
7190,21.72549080848694,0.2194920596857467,obse
7191,21.72891879081726,0.21969825951154565,obse
7192,21.732111930847168,0.21969825951154565,obse
7193,21.73535394668579,0.21978746330236462,obse
7194,21.738802194595337,0.22000691858668597,obse
7195,21.741904497146606,0.22000691858668597,obse
7196,21.74531650543213,0.22018659433246515,obse
7197,21.74867081642151,0.22018659433246515,obse
7198,21.751763343811035,0.22018659433246515,obse
7199,21.75549626350403,0.22037084570644308,obse
7200,21.758738040924072,0.22037084570644308,obse
7201,21.76203966140747,0.22061638488292135,obse
7202,21.765522956848145,0.22061638488292135,obse
7203,21.76884174346924,0.22059812005473747,obse
7204,21.772043466567993,0.22059812005473747,obse
7205,21.77528953552246,0.2208605811348352,obse
7206,21.77849555015564,0.2208605811348352,obse
7207,21.78188467025757,0.22082665775387328,obse
7208,21.785167455673218,0.22106225197171414,obse
7209,21.7884624004364,0.22106225197171414,obse
7210,21.792003631591797,0.2212373088513461,obse
7211,21.795429706573486,0.2212373088513461,obse
7212,21.798650979995728,0.2212373088513461,obse
7213,21.801832914352417,0.2212642229801634,obse
7214,21.805081605911255,0.2214836187525102,obse
7215,21.80827021598816,0.22139311113971183,obse
7216,21.811606407165527,0.22160676849257277,obse
7217,21.815109252929688,0.2216473606418422,obse
7218,21.818278312683105,0.2216473606418422,obse
7219,21.82190752029419,0.221827054339266,obse
7220,21.825295448303223,0.22186465201704517,obse
7221,21.82903480529785,0.22213086399452878,obse
7222,21.832467555999756,0.22233372880636965,obse
7223,21.835788011550903,0.22233372880636965,obse
7224,21.839112997055054,0.22234979300151658,obse
7225,21.84253740310669,0.22249685350090104,obse
7226,21.845694303512573,0.22249685350090104,obse
7227,21.84919309616089,0.22257180172350513,obse
7228,21.85246253013611,0.22274468054739727,obse
7229,21.8557071685791,0.22274468054739727,obse
7230,21.85924005508423,0.22295414062395422,obse
7231,21.862420558929443,0.22295414062395422,obse
7232,21.86572813987732,0.22295414062395422,obse
7233,21.869064331054688,0.22307041987016796,obse
7234,21.87237000465393,0.22307041987016796,obse
7235,21.875532388687134,0.22307041987016796,obse
7236,21.878769636154175,0.22322165765814367,obse
7237,21.8822762966156,0.22338844798914953,obse
7238,21.885369300842285,0.22338844798914953,obse
7239,21.888770818710327,0.2235794421870216,obse
7240,21.892237901687622,0.22354189588741202,obse
7241,21.89553165435791,0.22377123059802534,obse
7242,21.898688554763794,0.22377123059802534,obse
7243,21.90197229385376,0.22377123059802534,obse
7244,21.905418395996094,0.22400511085624344,obse
7245,21.9088351726532,0.2242979618683024,obse
7246,21.912342071533203,0.224508291681157,obse
7247,21.915665864944458,0.224508291681157,obse
7248,21.918877124786377,0.22455536244893654,obse
7249,21.922355890274048,0.22467212932910027,obse
7250,21.92554473876953,0.22467212932910027,obse
7251,21.928961038589478,0.22497131158989125,obse
7252,21.932325839996338,0.22497131158989125,obse
7253,21.93570828437805,0.22491018541042765,obse
7254,21.93914532661438,0.22513364771435504,obse
7255,21.942552089691162,0.22513364771435504,obse
7256,21.946111917495728,0.22532698373136667,obse
7257,21.949446201324463,0.22532698373136667,obse
7258,21.95289421081543,0.2254046799239967,obse
7259,21.95647668838501,0.22560330701497813,obse
7260,21.96000337600708,0.22560330701497813,obse
7261,21.963396549224854,0.225777307385428,obse
7262,21.96651792526245,0.225777307385428,obse
7263,21.969868183135986,0.22597869384604147,obse
7264,21.97320294380188,0.22597869384604147,obse
7265,21.97631072998047,0.22597869384604147,obse
7266,21.979744911193848,0.22625320076294841,obse
7267,21.98287558555603,0.22625320076294841,obse
7268,21.98625683784485,0.22654233823471323,obse
7269,21.989625453948975,0.22654233823471323,obse
7270,21.993171215057373,0.22654233823471323,obse
7271,21.99639391899109,0.2267858727992324,obse
7272,21.999717950820923,0.2267858727992324,obse
7273,22.0031521320343,0.22698493595010266,obse
7274,22.006298065185547,0.22698493595010266,obse
7275,22.009410619735718,0.22698493595010266,obse
7276,22.012863159179688,0.22719389157104924,obse
7277,22.01604676246643,0.22719389157104924,obse
7278,22.019368410110474,0.22738555528971252,obse
7279,22.023135900497437,0.22738555528971252,obse
7280,22.0264413356781,0.22738555528971252,obse
7281,22.029885292053223,0.22763078773885786,obse
7282,22.033081769943237,0.22763078773885786,obse
7283,22.03656029701233,0.22787514007223633,obse
7284,22.039828062057495,0.22787514007223633,obse
7285,22.042865991592407,0.22787514007223633,obse
7286,22.04614567756653,0.22809540570935344,obse
7287,22.049168348312378,0.22809540570935344,obse
7288,22.05232000350952,0.22813714673664892,obse
7289,22.055584192276,0.22832643597969343,obse
7290,22.058731079101562,0.22832643597969343,obse
7291,22.06207776069641,0.22861383589703577,obse
7292,22.06525158882141,0.22861383589703577,obse
7293,22.06826686859131,0.22851189515246587,obse
7294,22.071801900863647,0.22881226837606053,obse
7295,22.074846029281616,0.22881226837606053,obse
7296,22.07831048965454,0.22900495921027156,obse
7297,22.081570625305176,0.22900495921027156,obse
7298,22.084733963012695,0.22900495921027156,obse
7299,22.08812689781189,0.2292872505028731,obse
7300,22.091466665267944,0.2292872505028731,obse
7301,22.094775915145874,0.22954764504466646,obse
7302,22.098045110702515,0.22954764504466646,obse
7303,22.101433753967285,0.22948991363213211,obse
7304,22.104827880859375,0.22968062885235768,obse
7305,22.107901573181152,0.22968062885235768,obse
7306,22.111381769180298,0.2299349116934797,obse
7307,22.114975452423096,0.2299349116934797,obse
7308,22.118140697479248,0.2299349116934797,obse
7309,22.12214493751526,0.23013910739745255,obse
7310,22.12558102607727,0.23013910739745255,obse
7311,22.129013299942017,0.2303783149303977,obse
7312,22.13239860534668,0.2303783149303977,obse
7313,22.135659217834473,0.23044870131585346,obse
7314,22.13917589187622,0.23060061726559405,obse
7315,22.142371654510498,0.23060061726559405,obse
7316,22.146006107330322,0.23084757400489758,obse
7317,22.14915704727173,0.23084757400489758,obse
7318,22.15244197845459,0.2307580807900799,obse
7319,22.15581965446472,0.2310282821555597,obse
7320,22.158937454223633,0.2310282821555597,obse
7321,22.1625554561615,0.23125822332251247,obse
7322,22.165847778320312,0.23125822332251247,obse
7323,22.169161558151245,0.23129054975394767,obse
7324,22.172759294509888,0.23152577335629648,obse
7325,22.17592167854309,0.23152577335629648,obse
7326,22.179442405700684,0.2316764231476056,obse
7327,22.183093070983887,0.2316764231476056,obse
7328,22.187071561813354,0.23187873794398406,obse
7329,22.190587520599365,0.23187873794398406,obse
7330,22.193914651870728,0.23194366873181296,obse
7331,22.197446823120117,0.23217781176988075,obse
7332,22.20064902305603,0.23217781176988075,obse
7333,22.20416021347046,0.2323450062489545,obse
7334,22.207332134246826,0.2323450062489545,obse
7335,22.210662841796875,0.23234133006175248,obse
7336,22.214609622955322,0.23254996902594977,obse
7337,22.218008041381836,0.23254996902594977,obse
7338,22.22163701057434,0.23282198975418777,obse
7339,22.224974393844604,0.23282198975418777,obse
7340,22.228343963623047,0.23301224596195017,obse
7341,22.231560707092285,0.23301224596195017,obse
7342,22.234745740890503,0.23301224596195017,obse
7343,22.238062381744385,0.23321652811327337,obse
7344,22.241273880004883,0.23321652811327337,obse
7345,22.245089054107666,0.23345113029120762,obse
7346,22.24853754043579,0.23345113029120762,obse
7347,22.251747846603394,0.23345113029120762,obse
7348,22.25543189048767,0.23374830693512993,obse
7349,22.258734703063965,0.23374830693512993,obse
7350,22.262242317199707,0.23379964505423426,obse
7351,22.26557469367981,0.23379964505423426,obse
7352,22.26888394355774,0.23390786753645956,obse
7353,22.27259063720703,0.23406124664820127,obse
7354,22.276082754135132,0.23406124664820127,obse
7355,22.279873847961426,0.23430533692560174,obse
7356,22.283076524734497,0.23430533692560174,obse
7357,22.28651189804077,0.2344767309659973,obse
7358,22.290037631988525,0.2344767309659973,obse
7359,22.293297290802002,0.2344767309659973,obse
7360,22.296796321868896,0.23483455832726444,obse
7361,22.299962043762207,0.23483455832726444,obse
7362,22.303523540496826,0.23497297545000506,obse
7363,22.30698275566101,0.23497297545000506,obse
7364,22.310750007629395,0.23519820145431317,obse
7365,22.3142147064209,0.23519820145431317,obse
7366,22.31742286682129,0.23519820145431317,obse
7367,22.320992469787598,0.23538168985565816,obse
7368,22.324374675750732,0.23538168985565816,obse
7369,22.327725410461426,0.23566637748253255,obse
7370,22.331145524978638,0.23566637748253255,obse
7371,22.334487676620483,0.23566637748253255,obse
7372,22.338551998138428,0.23587726233418954,obse
7373,22.342063665390015,0.23587726233418954,obse
7374,22.34561276435852,0.2360837130482877,obse
7375,22.348893880844116,0.2360837130482877,obse
7376,22.352277517318726,0.2361716804472325,obse
7377,22.355677604675293,0.23635599293605947,obse
7378,22.35886859893799,0.23635599293605947,obse
7379,22.362428188323975,0.23663943742248075,obse
7380,22.365593194961548,0.23663943742248075,obse
7381,22.369304418563843,0.23660704021785353,obse
7382,22.37294363975525,0.23698262916796187,obse
7383,22.376155138015747,0.23698262916796187,obse
7384,22.379785537719727,0.23704874665467854,obse
7385,22.38286304473877,0.23704874665467854,obse
7386,22.386150121688843,0.23730882431189348,obse
7387,22.389415502548218,0.23730882431189348,obse
7388,22.39247441291809,0.23730882431189348,obse
7389,22.39577555656433,0.23751336010110244,obse
7390,22.39885973930359,0.23751336010110244,obse
7391,22.402621269226074,0.23772758663119303,obse
7392,22.405874729156494,0.23772758663119303,obse
7393,22.40904998779297,0.23772758663119303,obse
7394,22.41240668296814,0.23803041372307185,obse
7395,22.41552972793579,0.23803041372307185,obse
7396,22.418630599975586,0.23794136637865987,obse
7397,22.4220609664917,0.23821306971996198,obse
7398,22.425150871276855,0.23821306971996198,obse
7399,22.42849326133728,0.23840783825156944,obse
7400,22.43155288696289,0.23840783825156944,obse
7401,22.43457269668579,0.23840783825156944,obse
7402,22.43785572052002,0.23867200886658183,obse
7403,22.441387176513672,0.23867200886658183,obse
7404,22.444568395614624,0.23889735480488264,obse
7405,22.44778323173523,0.23889735480488264,obse
7406,22.4506893157959,0.23889735480488264,obse
7407,22.453927993774414,0.23901391439987654,obse
7408,22.457180500030518,0.23901391439987654,obse
7409,22.460293769836426,0.23910367262912308,obse
7410,22.46338391304016,0.23932276521880305,obse
7411,22.466397523880005,0.23932276521880305,obse
7412,22.469547033309937,0.23953927560894714,obse
7413,22.472707748413086,0.23953927560894714,obse
7414,22.475776433944702,0.23953927560894714,obse
7415,22.478931665420532,0.23969066704317585,obse
7416,22.481998205184937,0.23969066704317585,obse
7417,22.485107421875,0.23978417614009914,obse
7418,22.488250732421875,0.23993847890892983,obse
7419,22.491705417633057,0.23993847890892983,obse
7420,22.49507236480713,0.24021895863922102,obse
7421,22.498257875442505,0.24021895863922102,obse
7422,22.501640558242798,0.24021895863922102,obse
7423,22.505252838134766,0.24037882176796957,obse
7424,22.508305549621582,0.24037882176796957,obse
7425,22.5116548538208,0.24071453223648268,obse
7426,22.514890670776367,0.24071453223648268,obse
7427,22.51789689064026,0.24071453223648268,obse
7428,22.521255016326904,0.2408387360521675,obse
7429,22.525158166885376,0.2408387360521675,obse
7430,22.52849555015564,0.24102833471630747,obse
7431,22.531599283218384,0.24102833471630747,obse
7432,22.534587144851685,0.24102833471630747,obse
7433,22.537925004959106,0.24116396577794322,obse
7434,22.540865659713745,0.24116396577794322,obse
7435,22.544021129608154,0.24121745288026983,obse
7436,22.54730749130249,0.24146682949084283,obse
7437,22.55026340484619,0.24146682949084283,obse
7438,22.554116249084473,0.2416734314668768,obse
7439,22.557445287704468,0.2416734314668768,obse
7440,22.56057095527649,0.24168795923714048,obse
7441,22.564245223999023,0.24182959201012846,obse
7442,22.567465782165527,0.24182959201012846,obse
7443,22.57084846496582,0.24205714524644253,obse
7444,22.57424569129944,0.24205714524644253,obse
7445,22.57721996307373,0.24205714524644253,obse
7446,22.58043098449707,0.2424044766049361,obse
7447,22.58373260498047,0.2424044766049361,obse
7448,22.586869955062866,0.2424044766049361,obse
7449,22.59026598930359,0.24254002036722133,obse
7450,22.593308210372925,0.24254002036722133,obse
7451,22.596784353256226,0.2428299306715106,obse
7452,22.600226879119873,0.2428299306715106,obse
7453,22.60353422164917,0.2428299306715106,obse
7454,22.60656189918518,0.2428299306715106,obse
7455,22.609894514083862,0.24301392142125564,obse
7456,22.613174438476562,0.24301392142125564,obse
7457,22.616437673568726,0.24299839425864714,obse
7458,22.619699239730835,0.24322288963591301,obse
7459,22.622855186462402,0.24322288963591301,obse
7460,22.62592053413391,0.24322288963591301,obse
7461,22.629193782806396,0.24348161686079642,obse
7462,22.632203578948975,0.24348161686079642,obse
7463,22.63525414466858,0.24343647187104223,obse
7464,22.638351440429688,0.24373779003711463,obse
7465,22.641602516174316,0.2436946069960094,obse
7466,22.644710540771484,0.24391805671647293,obse
7467,22.64801549911499,0.24391805671647293,obse
7468,22.65108895301819,0.24391805671647293,obse
7469,22.654406785964966,0.24414255688079906,obse
7470,22.65753746032715,0.24414255688079906,obse
7471,22.66067123413086,0.24418753068728669,obse
7472,22.663907289505005,0.2444817359596948,obse
7473,22.666947603225708,0.2444817359596948,obse
7474,22.670140266418457,0.24464207480469358,obse
7475,22.673362970352173,0.24464207480469358,obse
7476,22.676377534866333,0.24464207480469358,obse
7477,22.67970871925354,0.24486773829406372,obse
7478,22.683216094970703,0.24486773829406372,obse
7479,22.68626308441162,0.24486773829406372,obse
7480,22.689515590667725,0.24511855415573044,obse
7481,22.69285750389099,0.24507202947081477,obse
7482,22.69606590270996,0.2454047834390835,obse
7483,22.699073314666748,0.2454047834390835,obse
7484,22.70218014717102,0.2454047834390835,obse
7485,22.705354928970337,0.24556631545610086,obse
7486,22.708739757537842,0.24583306152709875,obse
7487,22.712157726287842,0.24603652753429897,obse
7488,22.71604084968567,0.24603652753429897,obse
7489,22.71916651725769,0.24627896589391332,obse
7490,22.722334146499634,0.24627896589391332,obse
7491,22.725552320480347,0.24627896589391332,obse
7492,22.728757619857788,0.24657098094479143,obse
7493,22.731905937194824,0.24657098094479143,obse
7494,22.734905242919922,0.24652435034594453,obse
7495,22.73853850364685,0.24682413431280462,obse
7496,22.741727590560913,0.24682413431280462,obse
7497,22.744965314865112,0.24700017013677186,obse
7498,22.748608112335205,0.24700017013677186,obse
7499,22.751627683639526,0.2470669834148668,obse
7500,22.75485348701477,0.24716183613087145,obse
7501,22.758211374282837,0.24716183613087145,obse
7502,22.76148509979248,0.24751813203011033,obse
7503,22.764972448349,0.24751813203011033,obse
7504,22.767940521240234,0.24751813203011033,obse
7505,22.77136206626892,0.24768634278282226,obse
7506,22.774413108825684,0.24768634278282226,obse
7507,22.777596950531006,0.24775360055122223,obse
7508,22.78113627433777,0.24791910961118033,obse
7509,22.784149169921875,0.24791910961118033,obse
7510,22.78731656074524,0.24810051888122645,obse
7511,22.790420532226562,0.24810051888122645,obse
7512,22.793419122695923,0.24805182425938682,obse
7513,22.79671287536621,0.24838801080328035,obse
7514,22.799681186676025,0.24838801080328035,obse
7515,22.803891897201538,0.24857945479418753,obse
7516,22.80752658843994,0.24857945479418753,obse
7517,22.810553312301636,0.24858633079824646,obse
7518,22.81386089324951,0.24871527383645547,obse
7519,22.816943645477295,0.24871527383645547,obse
7520,22.820189714431763,0.24909681976959805,obse
7521,22.823408842086792,0.24909681976959805,obse
7522,22.826467514038086,0.24909681976959805,obse
7523,22.82976222038269,0.249247677184545,obse
7524,22.832931995391846,0.249247677184545,obse
7525,22.836147785186768,0.24942115686789457,obse
7526,22.839361429214478,0.24942115686789457,obse
7527,22.84237265586853,0.24942115686789457,obse
7528,22.84592342376709,0.2496888153093652,obse
7529,22.84912395477295,0.2496888153093652,obse
7530,22.85240912437439,0.24983071529438253,obse
7531,22.855648517608643,0.24983071529438253,obse
7532,22.858964443206787,0.24983071529438253,obse
7533,22.862506866455078,0.2501314553440558,obse
7534,22.865840435028076,0.2501314553440558,obse
7535,22.869173765182495,0.25007638034218554,obse
7536,22.87255597114563,0.25050606331874703,obse
7537,22.875851154327393,0.25050606331874703,obse
7538,22.879249811172485,0.2506811926950103,obse
7539,22.882505416870117,0.2506811926950103,obse
7540,22.885834455490112,0.25083551244283864,obse
7541,22.889284372329712,0.25094941245773833,obse
7542,22.892735958099365,0.25094941245773833,obse
7543,22.896469831466675,0.2510040656080087,obse
7544,22.899676084518433,0.2510040656080087,obse
7545,22.902851819992065,0.25117798973820205,obse
7546,22.90596103668213,0.25117798973820205,obse
7547,22.90894103050232,0.25117798973820205,obse
7548,22.9121253490448,0.251187765084429,obse
7549,22.915118932724,0.251187765084429,obse
7550,22.918145418167114,0.2512155931216277,obse
7551,22.921321868896484,0.2516458462910389,obse
7552,22.925321102142334,0.2516458462910389,obse
7553,22.9284565448761,0.2518786054030828,obse
7554,22.93177080154419,0.2518786054030828,obse
7555,22.934743881225586,0.2518786054030828,obse
7556,22.938005685806274,0.2520745944995453,obse
7557,22.94112730026245,0.2520745944995453,obse
7558,22.94406819343567,0.2521952642336991,obse
7559,22.947343111038208,0.2525511315949435,obse
7560,22.950473070144653,0.2525511315949435,obse
7561,22.953853368759155,0.2526844867852063,obse
7562,22.957279682159424,0.2526844867852063,obse
7563,22.960283279418945,0.2526719136718232,obse
7564,22.963531494140625,0.252763639726346,obse
7565,22.96663188934326,0.252763639726346,obse
7566,22.96980118751526,0.2528712634417304,obse
7567,22.972909927368164,0.2528712634417304,obse
7568,22.97600769996643,0.2528712634417304,obse
7569,22.979158401489258,0.25327462787516486,obse
7570,22.982146978378296,0.25327462787516486,obse
7571,22.985374927520752,0.25327462787516486,obse
7572,22.98867893218994,0.25345455371312847,obse
7573,22.99190878868103,0.25345455371312847,obse
7574,22.99505043029785,0.25350940087737966,obse
7575,22.998310327529907,0.25373015197462717,obse
7576,23.00154733657837,0.25373015197462717,obse
7577,23.004695892333984,0.2540012041602519,obse
7578,23.00792407989502,0.2540012041602519,obse
7579,23.011139154434204,0.2540012041602519,obse
7580,23.01418924331665,0.2540012041602519,obse
7581,23.018047094345093,0.2543413861930043,obse
7582,23.021294355392456,0.25434857911055286,obse
7583,23.024510383605957,0.2545039718313722,obse
7584,23.027535915374756,0.2545039718313722,obse
7585,23.030824422836304,0.2548132987668555,obse
7586,23.033917903900146,0.2548132987668555,obse
7587,23.036929845809937,0.2548132987668555,obse
7588,23.040104627609253,0.2547131534482744,obse
7589,23.043265104293823,0.2548375950267522,obse
7590,23.046377182006836,0.2548375950267522,obse
7591,23.050171852111816,0.25488192642244784,obse
7592,23.053184747695923,0.25488192642244784,obse
7593,23.05676817893982,0.25501568541645114,obse
7594,23.05987572669983,0.2550448428819312,obse
7595,23.062766551971436,0.2550448428819312,obse
7596,23.066059589385986,0.25529970248921285,obse
7597,23.06901240348816,0.2552157556008713,obse
7598,23.072256326675415,0.25553788021122414,obse
7599,23.075417518615723,0.25553788021122414,obse
7600,23.078709363937378,0.2557374971363826,obse
7601,23.08202362060547,0.2557374971363826,obse
7602,23.08516526222229,0.25578438410346976,obse
7603,23.088319778442383,0.2558425292480327,obse
7604,23.09162974357605,0.2558425292480327,obse
7605,23.094616651535034,0.2558425292480327,obse
7606,23.097769498825073,0.2563744331729471,obse
7607,23.100792169570923,0.2563744331729471,obse
7608,23.10381293296814,0.2563744331729471,obse
7609,23.106961488723755,0.25680888778608857,obse
7610,23.110297203063965,0.2570099928824681,obse
7611,23.11415982246399,0.25676333059817485,obse
7612,23.117664098739624,0.25747541907111254,obse
7613,23.12100100517273,0.2576027898885938,obse
7614,23.124372482299805,0.2576027898885938,obse
7615,23.1275737285614,0.25776275764242873,obse
7616,23.13062810897827,0.25776275764242873,obse
7617,23.13367509841919,0.25776275764242873,obse
7618,23.136825799942017,0.2578804477276132,obse
7619,23.13991951942444,0.2578804477276132,obse
7620,23.142883777618408,0.2578804477276132,obse
7621,23.14624547958374,0.25848537912502223,obse
7622,23.149312019348145,0.25848537912502223,obse
7623,23.152403593063354,0.25852562485963004,obse
7624,23.155611753463745,0.25845842763934335,obse
7625,23.158891439437866,0.25845842763934335,obse
7626,23.162102937698364,0.258708869025542,obse
7627,23.165350437164307,0.258708869025542,obse
7628,23.168638229370117,0.2586853812526227,obse
7629,23.172080993652344,0.25907517796378127,obse
7630,23.17526650428772,0.25907517796378127,obse
7631,23.178755044937134,0.25900994871277716,obse
7632,23.182413339614868,0.25900994871277716,obse
7633,23.185776233673096,0.2590537884527327,obse
7634,23.189395666122437,0.2594468968821313,obse
7635,23.192559719085693,0.2594468968821313,obse
7636,23.195910930633545,0.2597927074152559,obse
7637,23.1990168094635,0.2597927074152559,obse
7638,23.202145099639893,0.2597856770647688,obse
7639,23.20556092262268,0.2599728521947562,obse
7640,23.20856547355652,0.2599728521947562,obse
7641,23.21174693107605,0.25996533026565477,obse
7642,23.21503734588623,0.25996533026565477,obse
7643,23.218052864074707,0.25992185784029004,obse
7644,23.2214035987854,0.2604073803037537,obse
7645,23.22464609146118,0.2604073803037537,obse
7646,23.22815752029419,0.26073697490840675,obse
7647,23.23173952102661,0.26073697490840675,obse
7648,23.23502016067505,0.26073697490840675,obse
7649,23.238492727279663,0.2607032412167599,obse
7650,23.241575002670288,0.2607032412167599,obse
7651,23.24471354484558,0.2611069909865025,obse
7652,23.24805498123169,0.2611069909865025,obse
7653,23.25116205215454,0.2611069909865025,obse
7654,23.25450849533081,0.2611753809269114,obse
7655,23.257664442062378,0.2611753809269114,obse
7656,23.260928869247437,0.2612011994622013,obse
7657,23.26408839225769,0.2611367050693327,obse
7658,23.26719856262207,0.2611367050693327,obse
7659,23.270566940307617,0.2615559799464109,obse
7660,23.273725032806396,0.2615559799464109,obse
7661,23.276928424835205,0.2615128452418748,obse
7662,23.28036594390869,0.2619850986728282,obse
7663,23.28333020210266,0.2619850986728282,obse
7664,23.28654384613037,0.26198326836938396,obse
7665,23.289843320846558,0.26198326836938396,obse
7666,23.292908191680908,0.26198326836938396,obse
7667,23.29639768600464,0.2622385653479286,obse
7668,23.299723148345947,0.2622385653479286,obse
7669,23.303229570388794,0.2627551815203891,obse
7670,23.30669641494751,0.2627551815203891,obse
7671,23.309869289398193,0.2627388136407755,obse
7672,23.313312768936157,0.2629722044276152,obse
7673,23.316439390182495,0.2629722044276152,obse
7674,23.319618463516235,0.26285922389852834,obse
7675,23.32314419746399,0.26285922389852834,obse
7676,23.3262677192688,0.26285922389852834,obse
7677,23.329909324645996,0.2632169626180683,obse
7678,23.333061933517456,0.2632169626180683,obse
7679,23.33632206916809,0.2632871613987272,obse
7680,23.339582681655884,0.2632871613987272,obse
7681,23.342485189437866,0.2632871613987272,obse
7682,23.34607219696045,0.2635338670577399,obse
7683,23.349284648895264,0.2635338670577399,obse
7684,23.352479934692383,0.26414325340598344,obse
7685,23.35577082633972,0.26414325340598344,obse
7686,23.359097719192505,0.26414325340598344,obse
7687,23.362244844436646,0.2643155402810588,obse
7688,23.365249633789062,0.2643155402810588,obse
7689,23.368261575698853,0.264362204418075,obse
7690,23.371233463287354,0.2641663584039267,obse
7691,23.374172687530518,0.2641663584039267,obse
7692,23.37735939025879,0.26414925818991153,obse
7693,23.380240201950073,0.2646822637520626,obse
7694,23.38323163986206,0.2646822637520626,obse
7695,23.38647484779358,0.26512892099609076,obse
7696,23.389904975891113,0.26512892099609076,obse
7697,23.392932176589966,0.26512892099609076,obse
7698,23.3962721824646,0.26515205056210295,obse
7699,23.3997061252594,0.26515205056210295,obse
7700,23.40293788909912,0.26536029069930867,obse
7701,23.406185626983643,0.26536029069930867,obse
7702,23.409106016159058,0.26536029069930867,obse
7703,23.412519454956055,0.2657201125467366,obse
7704,23.415483951568604,0.2657201125467366,obse
7705,23.418707609176636,0.2657463902731799,obse
7706,23.421968460083008,0.26558831339427075,obse
7707,23.42509937286377,0.26558831339427075,obse
7708,23.428494930267334,0.26598513875561625,obse
7709,23.431774854660034,0.26598513875561625,obse
7710,23.43473243713379,0.26598513875561625,obse
7711,23.43825912475586,0.26642831002188444,obse
7712,23.441325902938843,0.26642831002188444,obse
7713,23.44462823867798,0.2665144471158287,obse
7714,23.44810652732849,0.2665144471158287,obse
7715,23.451144456863403,0.2665144471158287,obse
7716,23.45463728904724,0.2668310377957139,obse
7717,23.457789659500122,0.2668310377957139,obse
7718,23.461010217666626,0.26727688969686675,obse
7719,23.464436531066895,0.26727688969686675,obse
7720,23.467613697052002,0.26727688969686675,obse
7721,23.471054792404175,0.2674935973112991,obse
7722,23.474038124084473,0.2674935973112991,obse
7723,23.47713589668274,0.26754157183191385,obse
7724,23.4805965423584,0.267347709876461,obse
7725,23.483566761016846,0.267347709876461,obse
7726,23.4868643283844,0.267688582655898,obse
7727,23.490136861801147,0.267688582655898,obse
7728,23.49311137199402,0.267688582655898,obse
7729,23.49666976928711,0.26787578082660085,obse
7730,23.499640464782715,0.26787578082660085,obse
7731,23.50309443473816,0.2678133354621523,obse
7732,23.5062894821167,0.2678133354621523,obse
7733,23.5092613697052,0.2678133354621523,obse
7734,23.51292610168457,0.2682643593409522,obse
7735,23.515946865081787,0.2682643593409522,obse
7736,23.51925015449524,0.268820576797111,obse
7737,23.522552490234375,0.268820576797111,obse
7738,23.525672912597656,0.268820576797111,obse
7739,23.528960466384888,0.2688890683330885,obse
7740,23.532272577285767,0.2688890683330885,obse
7741,23.535286903381348,0.26893589317462263,obse
7742,23.538686752319336,0.2691847132486137,obse
7743,23.541688203811646,0.2691847132486137,obse
7744,23.545103549957275,0.2694389323947752,obse
7745,23.548486471176147,0.2694389323947752,obse
7746,23.55142903327942,0.2694389323947752,obse
7747,23.554758071899414,0.2694019011025111,obse
7748,23.558082342147827,0.2694019011025111,obse
7749,23.561577558517456,0.2696475283245848,obse
7750,23.564807653427124,0.2696475283245848,obse
7751,23.56771445274353,0.2696475283245848,obse
7752,23.571231365203857,0.26986928226643997,obse
7753,23.574252605438232,0.26986928226643997,obse
7754,23.577330112457275,0.26985960399420444,obse
7755,23.580650568008423,0.2701875543368358,obse
7756,23.583572149276733,0.2701875543368358,obse
7757,23.586684703826904,0.2703022909635141,obse
7758,23.590178966522217,0.2703022909635141,obse
7759,23.593361616134644,0.27023824017150677,obse
7760,23.596322536468506,0.2708972349047037,obse
7761,23.599292039871216,0.2708972349047037,obse
7762,23.602450132369995,0.2708879219756993,obse
7763,23.605465173721313,0.270972163741999,obse
7764,23.608426570892334,0.270972163741999,obse
7765,23.61147451400757,0.2711909593893854,obse
7766,23.614469528198242,0.2711909593893854,obse
7767,23.617518663406372,0.2711909593893854,obse
7768,23.62071204185486,0.2714624883546286,obse
7769,23.623694896697998,0.2714624883546286,obse
7770,23.626649379730225,0.2714481952545734,obse
7771,23.630354642868042,0.2715603817536002,obse
7772,23.633524894714355,0.2715603817536002,obse
7773,23.636871099472046,0.27172538310382194,obse
7774,23.640110969543457,0.27172538310382194,obse
7775,23.643144845962524,0.27174109412460806,obse
7776,23.64653992652893,0.2721716727534648,obse
7777,23.649564266204834,0.2721716727534648,obse
7778,23.652809381484985,0.2723781136855403,obse
7779,23.656025648117065,0.2723781136855403,obse
7780,23.659226894378662,0.2723781136855403,obse
7781,23.662628889083862,0.2725860707827727,obse
7782,23.66579508781433,0.2725860707827727,obse
7783,23.66910147666931,0.27287656234602736,obse
7784,23.672377109527588,0.27287656234602736,obse
7785,23.675364017486572,0.27287656234602736,obse
7786,23.67872977256775,0.2729578155576347,obse
7787,23.681841373443604,0.2729578155576347,obse
7788,23.68483829498291,0.2729578155576347,obse
7789,23.6882483959198,0.2732703498914377,obse
7790,23.691481351852417,0.2732703498914377,obse
7791,23.694783926010132,0.2732542631396919,obse
7792,23.698088884353638,0.2732542631396919,obse
7793,23.701321363449097,0.2732542631396919,obse
7794,23.704875946044922,0.27367434310481875,obse
7795,23.70779061317444,0.27367434310481875,obse
7796,23.71097731590271,0.27389189114908596,obse
7797,23.714242935180664,0.27389189114908596,obse
7798,23.717745542526245,0.27389189114908596,obse
7799,23.721315383911133,0.274036078639093,obse
7800,23.724464178085327,0.274036078639093,obse
7801,23.727787733078003,0.27465303210608355,obse
7802,23.731180667877197,0.27465303210608355,obse
7803,23.734323501586914,0.27465303210608355,obse
7804,23.737962007522583,0.2748430045282699,obse
7805,23.74110507965088,0.2748430045282699,obse
7806,23.744471788406372,0.27486071534987827,obse
7807,23.747735738754272,0.27486071534987827,obse
7808,23.75099229812622,0.27486071534987827,obse
7809,23.754506826400757,0.27503897959282075,obse
7810,23.75764226913452,0.27503897959282075,obse
7811,23.760798692703247,0.2755213788751753,obse
7812,23.764212131500244,0.2755213788751753,obse
7813,23.76714515686035,0.2755213788751753,obse
7814,23.770570278167725,0.2756693603686341,obse
7815,23.773690700531006,0.2756693603686341,obse
7816,23.77663826942444,0.2756693603686341,obse
7817,23.779699563980103,0.27572318673989,obse
7818,23.782927989959717,0.2759371837932965,obse
7819,23.78590965270996,0.2759371837932965,obse
7820,23.78889274597168,0.2759371837932965,obse
7821,23.792461395263672,0.27604915323537993,obse
7822,23.7954044342041,0.27604915323537993,obse
7823,23.798506021499634,0.2760622638110839,obse
7824,23.801692962646484,0.2762066794278321,obse
7825,23.804786205291748,0.27666598801162007,obse
7826,23.807830572128296,0.27666598801162007,obse
7827,23.81080198287964,0.27666598801162007,obse
7828,23.813796520233154,0.27666598801162007,obse
7829,23.816965579986572,0.27690518916863177,obse
7830,23.820301055908203,0.27690518916863177,obse
7831,23.823593139648438,0.27713478968899247,obse
7832,23.82666826248169,0.27713478968899247,obse
7833,23.830026865005493,0.27713478968899247,obse
7834,23.833300352096558,0.27736047032216393,obse
7835,23.8367338180542,0.27736047032216393,obse
7836,23.839802742004395,0.27736047032216393,obse
7837,23.842774629592896,0.27736047032216393,obse
7838,23.846208095550537,0.27736374217451076,obse
7839,23.8494815826416,0.2775739150117118,obse
7840,23.85278868675232,0.2775739150117118,obse
7841,23.855769634246826,0.2775739150117118,obse
7842,23.859023809432983,0.277650695420896,obse
7843,23.862489700317383,0.2778016705938016,obse
7844,23.86545205116272,0.2778016705938016,obse
7845,23.86860680580139,0.27797038224835985,obse
7846,23.87173867225647,0.27797038224835985,obse
7847,23.87514019012451,0.27793634016089996,obse
7848,23.878531217575073,0.2781808330642427,obse
7849,23.88159680366516,0.2781808330642427,obse
7850,23.884981155395508,0.278317317722427,obse
7851,23.88812494277954,0.27832837029904844,obse
7852,23.89126992225647,0.27832837029904844,obse
7853,23.894686698913574,0.27862491521815436,obse
7854,23.897985696792603,0.27885638312910804,obse
7855,23.901082038879395,0.27885638312910804,obse
7856,23.90401554107666,0.27885638312910804,obse
7857,23.90739154815674,0.27912130859393947,obse
7858,23.910646677017212,0.27917050351015726,obse
7859,23.914032459259033,0.2795628492675166,obse
7860,23.917038202285767,0.2795628492675166,obse
7861,23.92038130760193,0.27969641194236006,obse
7862,23.92375922203064,0.27969641194236006,obse
7863,23.92700433731079,0.2797086571735343,obse
7864,23.930606365203857,0.27986615261854686,obse
7865,23.933661222457886,0.27986615261854686,obse
7866,23.936985731124878,0.28004304064827756,obse
7867,23.940337896347046,0.28004304064827756,obse
7868,23.943403959274292,0.2799970632680654,obse
7869,23.946811199188232,0.2802930017353796,obse
7870,23.95015573501587,0.2802930017353796,obse
7871,23.9533634185791,0.28072456285366376,obse
7872,23.956607341766357,0.28072456285366376,obse
7873,23.959534645080566,0.28072456285366376,obse
7874,23.962872982025146,0.28064069882023657,obse
7875,23.96597456932068,0.28064069882023657,obse
7876,23.96911334991455,0.28063080815508507,obse
7877,23.9723482131958,0.2811605525161708,obse
7878,23.975418090820312,0.2811605525161708,obse
7879,23.97872304916382,0.2815737392663289,obse
7880,23.98197889328003,0.2815737392663289,obse
7881,23.985344409942627,0.2816045656130708,obse
7882,23.98874568939209,0.28172890204156764,obse
7883,23.992267847061157,0.28172890204156764,obse
7884,23.995675563812256,0.28202940976007335,obse
7885,23.99899983406067,0.28202940976007335,obse
7886,24.002583265304565,0.2820010377387291,obse
7887,24.005889177322388,0.28227025922095755,obse
7888,24.009072065353394,0.28227025922095755,obse
7889,24.01255965232849,0.2823499929905228,obse
7890,24.016062259674072,0.2823499929905228,obse
7891,24.019459009170532,0.2828115371057726,obse
7892,24.022931575775146,0.2828115371057726,obse
7893,24.026210069656372,0.2828115371057726,obse
7894,24.02952265739441,0.28297283145012675,obse
7895,24.03275990486145,0.28297283145012675,obse
7896,24.036193370819092,0.2833332010617657,obse
7897,24.03993844985962,0.2833332010617657,obse
7898,24.04318380355835,0.2833864261882913,obse
7899,24.04657006263733,0.2836024771721061,obse
7900,24.0497043132782,0.2836024771721061,obse
7901,24.053001165390015,0.2839670944865788,obse
7902,24.056469440460205,0.2839670944865788,obse
7903,24.05955719947815,0.2839670944865788,obse
7904,24.06285834312439,0.2841967278763859,obse
7905,24.065946578979492,0.2841967278763859,obse
7906,24.06903100013733,0.284258545552585,obse
7907,24.072205543518066,0.2848514311080892,obse
7908,24.075420379638672,0.2848514311080892,obse
7909,24.078695058822632,0.2850094609266957,obse
7910,24.081832885742188,0.2850094609266957,obse
7911,24.084943294525146,0.2850094609266957,obse
7912,24.088252067565918,0.2850538269404564,obse
7913,24.09136438369751,0.2850538269404564,obse
7914,24.094552755355835,0.28564961528752525,obse
7915,24.09797954559326,0.28564961528752525,obse
7916,24.10142230987549,0.28559356076039644,obse
7917,24.10479497909546,0.285811254491564,obse
7918,24.107810497283936,0.285811254491564,obse
7919,24.111160039901733,0.2861258508646238,obse
7920,24.11438798904419,0.2861258508646238,obse
7921,24.117403507232666,0.2861258508646238,obse
7922,24.120777130126953,0.286740620605173,obse
7923,24.123970985412598,0.286740620605173,obse
7924,24.127169132232666,0.286739338152847,obse
7925,24.130367755889893,0.28707987940477,obse
7926,24.133413791656494,0.28707987940477,obse
7927,24.13681960105896,0.28722690564068015,obse
7928,24.140178442001343,0.28722690564068015,obse
7929,24.143500089645386,0.2872638084359574,obse
7930,24.147051095962524,0.28754679218183166,obse
7931,24.150208234786987,0.28754679218183166,obse
7932,24.15362524986267,0.28769056986505764,obse
7933,24.157026052474976,0.28769056986505764,obse
7934,24.160278797149658,0.28761209512013214,obse
7935,24.163860082626343,0.28800247117452277,obse
7936,24.167040824890137,0.28800247117452277,obse
7937,24.17051076889038,0.28828457934259033,obse
7938,24.174046516418457,0.28828457934259033,obse
7939,24.177459716796875,0.28836723385968754,obse
7940,24.18089723587036,0.2887770438837605,obse
7941,24.184358835220337,0.2887770438837605,obse
7942,24.187583446502686,0.2887770438837605,obse
7943,24.191163539886475,0.28870313915190066,obse
7944,24.19443702697754,0.28925372907588254,obse
7945,24.198023796081543,0.2893066398813057,obse
7946,24.20164132118225,0.2893066398813057,obse
7947,24.2048397064209,0.2893645056672745,obse
7948,24.208077669143677,0.28986183554617617,obse
7949,24.211232900619507,0.28986183554617617,obse
7950,24.21439218521118,0.2898062795109404,obse
7951,24.217888832092285,0.29016250655146336,obse
7952,24.221325159072876,0.2901408858921949,obse
7953,24.224823474884033,0.29043188276930065,obse
7954,24.227983236312866,0.29043188276930065,obse
7955,24.231485605239868,0.29082849871231353,obse
7956,24.234822511672974,0.29082849871231353,obse
7957,24.238035678863525,0.29082849871231353,obse
7958,24.2416033744812,0.2912414035272494,obse
7959,24.244738578796387,0.2912414035272494,obse
7960,24.247897386550903,0.2912120720989035,obse
7961,24.251383781433105,0.2915496617361345,obse
7962,24.254555463790894,0.2915496617361345,obse
7963,24.258033752441406,0.2916019649405003,obse
7964,24.261247634887695,0.2918448183037436,obse
7965,24.2645103931427,0.2918448183037436,obse
7966,24.26760768890381,0.2918452508836397,obse
7967,24.270576238632202,0.2918452508836397,obse
7968,24.27394437789917,0.2920961119951841,obse
7969,24.276974201202393,0.2920961119951841,obse
7970,24.280427932739258,0.2924582298638562,obse
7971,24.283961057662964,0.29246182462832115,obse
7972,24.28726029396057,0.29272725488526896,obse
7973,24.290613174438477,0.29272725488526896,obse
7974,24.29388999938965,0.29272725488526896,obse
7975,24.29740285873413,0.29301236436213207,obse
7976,24.30079674720764,0.2929649137819624,obse
7977,24.30414867401123,0.2929649137819624,obse
7978,24.307337999343872,0.29330745244213263,obse
7979,24.310858249664307,0.2935234515579572,obse
7980,24.31434679031372,0.29357859502113015,obse
7981,24.317964553833008,0.2937060117647926,obse
7982,24.321322917938232,0.2940421406134894,obse
7983,24.32458996772766,0.2940421406134894,obse
7984,24.32802438735962,0.2942539306181539,obse
7985,24.331417560577393,0.2942539306181539,obse
7986,24.334656953811646,0.2942539306181539,obse
7987,24.338247776031494,0.2947057575161535,obse
7988,24.341450691223145,0.2947057575161535,obse
7989,24.34504723548889,0.29495902022485815,obse
7990,24.348488807678223,0.29495902022485815,obse
7991,24.351659059524536,0.2949298756173828,obse
7992,24.355178594589233,0.29523937824564783,obse
7993,24.35842752456665,0.29523937824564783,obse
7994,24.362236261367798,0.295276410877057,obse
7995,24.365419626235962,0.295276410877057,obse
7996,24.368773460388184,0.2952705602371202,obse
7997,24.372339010238647,0.2956663191853625,obse
7998,24.375459909439087,0.2956663191853625,obse
7999,24.378984928131104,0.29587121896294305,obse
8000,24.382429838180542,0.29587121896294305,obse
8001,24.385805130004883,0.2960596828769853,obse
8002,24.389255046844482,0.2960596828769853,obse
8003,24.392492294311523,0.2960596828769853,obse
8004,24.396138191223145,0.29622096286073235,obse
8005,24.399335145950317,0.29622096286073235,obse
8006,24.402811527252197,0.2964054262701867,obse
8007,24.406051635742188,0.2964054262701867,obse
8008,24.409194469451904,0.2964054262701867,obse
8009,24.412822723388672,0.2965254887970172,obse
8010,24.416167974472046,0.2965254887970172,obse
8011,24.419594049453735,0.29681876568911963,obse
8012,24.422940015792847,0.29681876568911963,obse
8013,24.426108837127686,0.29681876568911963,obse
8014,24.429214239120483,0.2970802276686788,obse
8015,24.43226170539856,0.2970802276686788,obse
8016,24.435508489608765,0.29706752860421975,obse
8017,24.438525199890137,0.29709341811385426,obse
8018,24.441606760025024,0.29709341811385426,obse
8019,24.444801330566406,0.2972349814838311,obse
8020,24.44775629043579,0.2972349814838311,obse
8021,24.450772762298584,0.2972349814838311,obse
8022,24.453951358795166,0.2973745786481373,obse
8023,24.45718026161194,0.2973745786481373,obse
8024,24.460270881652832,0.2973932571374976,obse
8025,24.464203357696533,0.29753602555242276,obse
8026,24.46729850769043,0.29753602555242276,obse
8027,24.47065544128418,0.2975662762249988,obse
8028,24.473779916763306,0.2975662762249988,obse
8029,24.47693634033203,0.29757185277944076,obse
8030,24.480234146118164,0.2977770771598859,obse
8031,24.483290910720825,0.2977770771598859,obse
8032,24.486430644989014,0.29787658982517323,obse
8033,24.4895920753479,0.29787658982517323,obse
8034,24.492712259292603,0.29787658982517323,obse
8035,24.495943546295166,0.2979529159895819,obse
8036,24.49912118911743,0.2979529159895819,obse
8037,24.502225637435913,0.2979691252193496,obse
8038,24.505719423294067,0.29789184350949427,obse
8039,24.508763551712036,0.29789184350949427,obse
8040,24.511927127838135,0.29818885002558854,obse
8041,24.51522970199585,0.29818885002558854,obse
8042,24.518950939178467,0.298188212734741,obse
8043,24.522056341171265,0.2982032411518102,obse
8044,24.525113105773926,0.2982032411518102,obse
8045,24.528356075286865,0.29831398575409385,obse
8046,24.531534433364868,0.29831398575409385,obse
8047,24.534698963165283,0.29825479296117985,obse
8048,24.53830909729004,0.29836991510222977,obse
8049,24.541234970092773,0.29836991510222977,obse
8050,24.544333457946777,0.2984129946624497,obse
8051,24.547687768936157,0.2984129946624497,obse
8052,24.550738096237183,0.2984129946624497,obse
8053,24.554163455963135,0.2985208440824074,obse
8054,24.557193279266357,0.2985208440824074,obse
8055,24.56028914451599,0.29843753570086357,obse
8056,24.563568592071533,0.29852817201590237,obse
8057,24.56670832633972,0.29852817201590237,obse
8058,24.569817781448364,0.2985300212080645,obse
8059,24.57292938232422,0.2985300212080645,obse
8060,24.57598638534546,0.2985300212080645,obse
8061,24.579386711120605,0.29859073480304704,obse
8062,24.58262801170349,0.29859073480304704,obse
8063,24.586182117462158,0.29858737238014443,obse
8064,24.589329719543457,0.29858737238014443,obse
8065,24.59238886833191,0.29858737238014443,obse
8066,24.595588207244873,0.29839481738104523,obse
8067,24.598767280578613,0.29839481738104523,obse
8068,24.601934909820557,0.29847101296861306,obse
8069,24.605304718017578,0.29860822153580807,obse
8070,24.608322620391846,0.29860822153580807,obse
8071,24.61153745651245,0.2986314738234365,obse
8072,24.614858388900757,0.2986314738234365,obse
8073,24.618601322174072,0.2985818020927601,obse
8074,24.62183690071106,0.2986208978254174,obse
8075,24.62504744529724,0.2986208978254174,obse
8076,24.62814688682556,0.29860425724117645,obse
8077,24.63119888305664,0.29860425724117645,obse
8078,24.634432315826416,0.29860425724117645,obse
8079,24.6377956867218,0.29867687797255227,obse
8080,24.640884160995483,0.29867687797255227,obse
8081,24.644081830978394,0.2986214696024336,obse
8082,24.647257566452026,0.2986596418227985,obse
8083,24.65031671524048,0.2986596418227985,obse
8084,24.653483390808105,0.29861152335544955,obse
8085,24.657066822052002,0.29861152335544955,obse
8086,24.660069704055786,0.29867088697666033,obse
8087,24.663411140441895,0.29867145799000344,obse
8088,24.666606426239014,0.29867145799000344,obse
8089,24.669809818267822,0.298615876160802,obse
8090,24.673030376434326,0.298615876160802,obse
8091,24.676152229309082,0.298615876160802,obse
8092,24.679753065109253,0.29843792831138183,obse
8093,24.682886123657227,0.29843792831138183,obse
8094,24.686192750930786,0.2985361323058492,obse
8095,24.689371347427368,0.298667684696144,obse
8096,24.69262433052063,0.298667684696144,obse
8097,24.69590997695923,0.29863388040913375,obse
8098,24.698981046676636,0.29863388040913375,obse
8099,24.702377796173096,0.29862521989931223,obse
8100,24.70590615272522,0.2986281024430557,obse
8101,24.70904278755188,0.2986281024430557,obse
8102,24.71234893798828,0.29861758361906243,obse
8103,24.71556258201599,0.29861758361906243,obse
8104,24.718790292739868,0.2986003202686522,obse
8105,24.72195076942444,0.2986368121120372,obse
8106,24.725164651870728,0.2986368121120372,obse
8107,24.72864031791687,0.29860855846993795,obse
8108,24.731675624847412,0.29860855846993795,obse
8109,24.73481321334839,0.29860855846993795,obse
8110,24.738328218460083,0.2986040157283871,obse
8111,24.741565704345703,0.2986040157283871,obse
8112,24.744807958602905,0.2986160939366785,obse
8113,24.748147010803223,0.2986160939366785,obse
8114,24.751118659973145,0.2986160939366785,obse
8115,24.754604816436768,0.2986121697539008,obse
8116,24.757702112197876,0.2986121697539008,obse
8117,24.760849475860596,0.29863207737511194,obse
8118,24.764167547225952,0.2985933424156631,obse
8119,24.767139673233032,0.2985933424156631,obse
8120,24.77059245109558,0.2986221212048507,obse
8121,24.773603200912476,0.2986221212048507,obse
8122,24.7766854763031,0.29853812575909516,obse
8123,24.780123233795166,0.2985817209286696,obse
8124,24.783140897750854,0.2985817209286696,obse
8125,24.786468029022217,0.2985934501854154,obse
8126,24.789801359176636,0.2985934501854154,obse
8127,24.792762756347656,0.2985934501854154,obse
8128,24.79614496231079,0.2986421802679394,obse
8129,24.799129247665405,0.2986421802679394,obse
8130,24.802295923233032,0.2985602140995237,obse
8131,24.80563521385193,0.2986198066358395,obse
8132,24.80861759185791,0.2986198066358395,obse
8133,24.811805963516235,0.29860263521848646,obse
8134,24.815072536468506,0.29860263521848646,obse
8135,24.818061590194702,0.29860263521848646,obse
8136,24.82131314277649,0.29862816316336366,obse
8137,24.82464861869812,0.29862816316336366,obse
8138,24.82774043083191,0.29862124476956975,obse
8139,24.830824851989746,0.29862124476956975,obse
8140,24.834150552749634,0.29862124476956975,obse
8141,24.837514400482178,0.29862623496161994,obse
8142,24.84061098098755,0.29862623496161994,obse
8143,24.843639850616455,0.2986388191102296,obse
8144,24.84675359725952,0.29860266328565815,obse
8145,24.849704027175903,0.29860266328565815,obse
8146,24.852819681167603,0.2986223585366613,obse
8147,24.856070280075073,0.298642246252512,obse
8148,24.859367847442627,0.298642246252512,obse
8149,24.86266541481018,0.2986260283517123,obse
8150,24.866034984588623,0.2986260283517123,obse
8151,24.86940836906433,0.2985869538050632,obse
8152,24.872573852539062,0.2985869538050632,obse
8153,24.87591528892517,0.2985869538050632,obse
8154,24.879369020462036,0.29863515811469216,obse
8155,24.88255548477173,0.29863515811469216,obse
8156,24.885950088500977,0.29857441065772433,obse
8157,24.88926124572754,0.2986115412922829,obse
8158,24.8924560546875,0.2986115412922829,obse
8159,24.895878791809082,0.29856244551543243,obse
8160,24.898929595947266,0.29856244551543243,obse
8161,24.90216898918152,0.29856244551543243,obse
8162,24.905486822128296,0.2986143628298946,obse
8163,24.90848207473755,0.2986143628298946,obse
8164,24.911657094955444,0.2986162089483152,obse
8165,24.914747714996338,0.2986162089483152,obse
8166,24.917814016342163,0.2986162089483152,obse
8167,24.921154260635376,0.29859720317891464,obse
8168,24.92434000968933,0.29859720317891464,obse
8169,24.927470207214355,0.2986527895679539,obse
8170,24.93096423149109,0.2986237732527259,obse
8171,24.93424391746521,0.2986237732527259,obse
8172,24.93779492378235,0.298632785339007,obse
8173,24.941060543060303,0.298632785339007,obse
8174,24.944379806518555,0.29861013781817064,obse
8175,24.94771909713745,0.29861013781817064,obse
8176,24.950862884521484,0.29861013781817064,obse
8177,24.95445203781128,0.2986417062104556,obse
8178,24.95792865753174,0.2986417062104556,obse
8179,24.961360454559326,0.29862972414691236,obse
8180,24.964816093444824,0.29862972414691236,obse
8181,24.96812152862549,0.298611500691752,obse
8182,24.971537828445435,0.2986258472775717,obse
8183,24.97479224205017,0.2986258472775717,obse
8184,24.978076219558716,0.2986258472775717,obse
8185,24.981394290924072,0.2986531585976588,obse
8186,24.984899520874023,0.29861199460071586,obse
8187,24.988514184951782,0.2986235676968793,obse
8188,24.991888999938965,0.2986376704254999,obse
8189,24.995319843292236,0.2986376704254999,obse
8190,24.998605489730835,0.29858505209352104,obse
8191,25.002068996429443,0.29861989732419447,obse
8192,25.005571126937866,0.2986034622466232,obse
8193,25.008733987808228,0.2986034622466232,obse
8194,25.01203441619873,0.2986034622466232,obse
8195,25.01532745361328,0.29863295560769587,obse
8196,25.018580436706543,0.29863295560769587,obse
8197,25.022218465805054,0.2986379228658886,obse
8198,25.02543592453003,0.2986379228658886,obse
8199,25.02856183052063,0.29864053323999235,obse
8200,25.031870365142822,0.2986106907093054,obse
8201,25.035037755966187,0.2986106907093054,obse
8202,25.038047313690186,0.2986106907093054,obse
8203,25.041396141052246,0.29863305111848304,obse
8204,25.044481992721558,0.29863305111848304,obse
8205,25.047632694244385,0.2986024552853598,obse
8206,25.05089783668518,0.2986395609083952,obse
8207,25.054031133651733,0.298615103371456,obse
8208,25.057911157608032,0.2986010192571495,obse
8209,25.061100244522095,0.29869280602502185,obse
8210,25.06426453590393,0.29865001530152624,obse
8211,25.0674889087677,0.29865001530152624,obse
8212,25.070626735687256,0.2986254579873554,obse
8213,25.073793411254883,0.2986254579873554,obse
8214,25.076869010925293,0.2986254579873554,obse
8215,25.080082654953003,0.2986015802237071,obse
8216,25.08330202102661,0.29860912298018333,obse
8217,25.08640956878662,0.29860912298018333,obse
8218,25.089910745620728,0.29864512844107455,obse
8219,25.093223333358765,0.29864512844107455,obse
8220,25.096592903137207,0.29861137640222113,obse
8221,25.099650382995605,0.29861137640222113,obse
8222,25.102683067321777,0.29861137640222113,obse
8223,25.105847120285034,0.2984759717226713,obse
8224,25.109266757965088,0.2984759717226713,obse
8225,25.112703561782837,0.29862018645678134,obse
8226,25.115774631500244,0.29862018645678134,obse
8227,25.119298219680786,0.29862947168780246,obse
8228,25.1226544380188,0.29862947168780246,obse
8229,25.12587833404541,0.29862947168780246,obse
8230,25.129336833953857,0.2984869576159797,obse
8231,25.132510900497437,0.2984869576159797,obse
8232,25.13569402694702,0.29862718067174887,obse
8233,25.139036417007446,0.29862718067174887,obse
8234,25.14233088493347,0.29862718067174887,obse
8235,25.145637035369873,0.29863301167136713,obse
8236,25.1488356590271,0.29863301167136713,obse
8237,25.151934385299683,0.2985739573693306,obse
8238,25.155182123184204,0.29860881869138656,obse
8239,25.158320426940918,0.29860881869138656,obse
8240,25.161420345306396,0.29862484489450164,obse
8241,25.16462278366089,0.29862484489450164,obse
8242,25.167669534683228,0.29862484489450164,obse
8243,25.17105460166931,0.2986405090968812,obse
8244,25.174236536026,0.2986405090968812,obse
8245,25.17727828025818,0.29861022891417877,obse
8246,25.180569648742676,0.2986389898213374,obse
8247,25.183611392974854,0.2986389898213374,obse
8248,25.18683409690857,0.2986212111578881,obse
8249,25.190006494522095,0.2986212111578881,obse
8250,25.193159103393555,0.2987021115773051,obse
8251,25.196516513824463,0.298663353369664,obse
8252,25.199568510055542,0.298663353369664,obse
8253,25.202842235565186,0.29865216499786407,obse
8254,25.2060649394989,0.29865216499786407,obse
8255,25.209169387817383,0.29865216499786407,obse
8256,25.2126567363739,0.29862812052796983,obse
8257,25.215742349624634,0.29862812052796983,obse
8258,25.219223976135254,0.2986311820530713,obse
8259,25.222527265548706,0.2986311820530713,obse
8260,25.22569441795349,0.2986311820530713,obse
8261,25.2291419506073,0.29863596999560976,obse
8262,25.232221841812134,0.29863596999560976,obse
8263,25.235453367233276,0.29859598966809353,obse
8264,25.23862934112549,0.2986281142441213,obse
8265,25.241615295410156,0.2986281142441213,obse
8266,25.244959354400635,0.2985958335327172,obse
8267,25.24808645248413,0.2985958335327172,obse
8268,25.251095294952393,0.2985958335327172,obse
8269,25.25456213951111,0.2986370228199278,obse
8270,25.257999897003174,0.2986370228199278,obse
8271,25.261199235916138,0.2985889408279022,obse
8272,25.264230966567993,0.2986294340067883,obse
8273,25.267409086227417,0.2986294340067883,obse
8274,25.270576000213623,0.2986244114414766,obse
8275,25.27355408668518,0.2986244114414766,obse
8276,25.276580572128296,0.29863468929692205,obse
8277,25.279639959335327,0.29861099433408145,obse
8278,25.282768726348877,0.29861099433408145,obse
8279,25.286012887954712,0.2984880274113171,obse
8280,25.2892746925354,0.2984880274113171,obse
8281,25.292349100112915,0.2984880274113171,obse
8282,25.29562735557556,0.2984589096694978,obse
8283,25.298789262771606,0.2984589096694978,obse
8284,25.302151203155518,0.298499985640251,obse
8285,25.3053035736084,0.2986137513384958,obse
8286,25.308305501937866,0.2986137513384958,obse
8287,25.311336994171143,0.29862148995689847,obse
8288,25.314308166503906,0.29862148995689847,obse
8289,25.31745433807373,0.29862148995689847,obse
8290,25.320757627487183,0.2986160766721031,obse
8291,25.323930263519287,0.2986160766721031,obse
8292,25.327045679092407,0.29868829703431493,obse
8293,25.33021378517151,0.2986448050349499,obse
8294,25.333239316940308,0.2986448050349499,obse
8295,25.33646583557129,0.29862847768343215,obse
8296,25.33956241607666,0.29862847768343215,obse
8297,25.342514276504517,0.29862847768343215,obse
8298,25.34601593017578,0.2986230340283551,obse
8299,25.349223852157593,0.2986230340283551,obse
8300,25.352343559265137,0.29864259094445156,obse
8301,25.355877161026,0.298590216004363,obse
8302,25.35920262336731,0.298590216004363,obse
8303,25.362776279449463,0.29865002709992466,obse
8304,25.36611580848694,0.29865002709992466,obse
8305,25.369609117507935,0.2986184988009427,obse
8306,25.37284207344055,0.2986184988009427,obse
8307,25.375805616378784,0.2986184988009427,obse
8308,25.37904167175293,0.2986184988009427,obse
8309,25.382019519805908,0.2986184988009427,obse
8310,25.38533639907837,0.29860507696775407,obse
8311,25.388599395751953,0.29860507696775407,obse
8312,25.391889333724976,0.2986652981118529,obse
8313,25.395139455795288,0.2986676481654629,obse
8314,25.398211240768433,0.2986676481654629,obse
8315,25.40166711807251,0.29862732850236173,obse
8316,25.404793977737427,0.29862732850236173,obse
8317,25.40803551673889,0.2984410990795909,obse
8318,25.411258935928345,0.2984410990795909,obse
8319,25.414530992507935,0.2984740084640002,obse
8320,25.41809344291687,0.2986079428637053,obse
8321,25.42143940925598,0.29861128062878206,obse
8322,25.424678564071655,0.29861128062878206,obse
8323,25.427932739257812,0.29861724338451784,obse
8324,25.431238174438477,0.29861724338451784,obse
8325,25.434301614761353,0.29861724338451784,obse
8326,25.437774896621704,0.2986017847245199,obse
8327,25.440839767456055,0.2986017847245199,obse
8328,25.443939208984375,0.29857920066748184,obse
8329,25.447477102279663,0.2986279496555616,obse
8330,25.450676441192627,0.2986279496555616,obse
8331,25.454017162322998,0.29862188758448727,obse
8332,25.457357168197632,0.29862188758448727,obse
8333,25.460569620132446,0.2986727489909979,obse
8334,25.463719844818115,0.29863106525368316,obse
8335,25.467002153396606,0.29863106525368316,obse
8336,25.47021222114563,0.2986355037980205,obse
8337,25.47321915626526,0.2986355037980205,obse
8338,25.476183652877808,0.2986355037980205,obse
8339,25.479340076446533,0.2986229340802914,obse
8340,25.482383251190186,0.2986229340802914,obse
8341,25.48547101020813,0.29864435138949824,obse
8342,25.488544940948486,0.29860433921896085,obse
8343,25.49162220954895,0.29860433921896085,obse
8344,25.494762897491455,0.29861751965595673,obse
8345,25.498396635055542,0.29863700530154563,obse
8346,25.501446962356567,0.29863700530154563,obse
8347,25.504684925079346,0.29863752431261353,obse
8348,25.507778882980347,0.29863752431261353,obse
8349,25.511023998260498,0.2986110398505377,obse
8350,25.51418924331665,0.2986110398505377,obse
8351,25.517235279083252,0.2986110398505377,obse
8352,25.520691633224487,0.2986608048474477,obse
8353,25.523985862731934,0.2986608048474477,obse
8354,25.527129650115967,0.2985926348701165,obse
8355,25.53053569793701,0.298626783083592,obse
8356,25.533556699752808,0.298626783083592,obse
8357,25.536776542663574,0.29859965702867314,obse
8358,25.540080785751343,0.29859965702867314,obse
8359,25.543262481689453,0.2986895313842624,obse
8360,25.546735525131226,0.29865298924298755,obse
8361,25.549935817718506,0.29865298924298755,obse
8362,25.553327083587646,0.2986368166398632,obse
8363,25.556580066680908,0.2986368166398632,obse
8364,25.559682846069336,0.2986368166398632,obse
8365,25.563072443008423,0.29862047492844623,obse
8366,25.566201210021973,0.29862047492844623,obse
8367,25.569397926330566,0.29865620136652116,obse
8368,25.57274627685547,0.29865620136652116,obse
8369,25.57600998878479,0.29865620136652116,obse
8370,25.57949447631836,0.2986385500971459,obse
8371,25.582612991333008,0.2986385500971459,obse
8372,25.585785627365112,0.2986129587900568,obse
8373,25.589056968688965,0.29862686764996593,obse
8374,25.59221839904785,0.29862686764996593,obse
8375,25.595544576644897,0.29859109417363827,obse
8376,25.598597526550293,0.29859109417363827,obse
8377,25.601727724075317,0.2986311380870944,obse
8378,25.605138540267944,0.2986454920439391,obse
8379,25.60817861557007,0.2986454920439391,obse
8380,25.611677646636963,0.29864007800467013,obse
8381,25.615055322647095,0.29864007800467013,obse
8382,25.618396520614624,0.29864856534277007,obse
8383,25.622045278549194,0.2985903643929221,obse
8384,25.625349521636963,0.2985903643929221,obse
8385,25.6290545463562,0.29863769970197507,obse
8386,25.632212162017822,0.29863769970197507,obse
8387,25.635422468185425,0.29859919787132444,obse
8388,25.638792753219604,0.29864782966759235,obse
8389,25.641833782196045,0.29864782966759235,obse
8390,25.645079374313354,0.2984488038166319,obse
8391,25.648104906082153,0.2984488038166319,obse
8392,25.65107488632202,0.2984488038166319,obse
8393,25.654412984848022,0.29861290063852786,obse
8394,25.657631874084473,0.29861290063852786,obse
8395,25.660768747329712,0.29859217869172666,obse
8396,25.664027452468872,0.2986298642401499,obse
8397,25.667100429534912,0.2986298642401499,obse
8398,25.670414209365845,0.29861353775681027,obse
8399,25.6734459400177,0.29861353775681027,obse
8400,25.67643141746521,0.29861353775681027,obse
8401,25.679842948913574,0.29863278181756886,obse
8402,25.682801008224487,0.29863278181756886,obse
8403,25.686076879501343,0.2986303223150747,obse
8404,25.689514875411987,0.2986303223150747,obse
8405,25.692869424819946,0.2986303223150747,obse
8406,25.696758270263672,0.2986320623991922,obse
8407,25.70002031326294,0.2986320623991922,obse
8408,25.70333433151245,0.29861313628888125,obse
8409,25.70648694038391,0.29861313628888125,obse
8410,25.70965337753296,0.29861313628888125,obse
8411,25.713162660598755,0.2986344218890498,obse
8412,25.716166734695435,0.2986344218890498,obse
8413,25.719311475753784,0.2985713896044277,obse
8414,25.722511529922485,0.29860425186766953,obse
8415,25.725788354873657,0.29860425186766953,obse
8416,25.729209184646606,0.29860989899156415,obse
8417,25.732409715652466,0.29860989899156415,obse
8418,25.735547065734863,0.2986198779835695,obse
8419,25.73870325088501,0.29862108616800914,obse
8420,25.741738319396973,0.29862108616800914,obse
8421,25.74506115913391,0.2986266613550083,obse
8422,25.74807333946228,0.2986266613550083,obse
8423,25.751188039779663,0.2986266613550083,obse
8424,25.754618644714355,0.2986012175577225,obse
8425,25.757850646972656,0.2986012175577225,obse
8426,25.761005878448486,0.298618944481675,obse
8427,25.764220237731934,0.2986070443163516,obse
8428,25.767178773880005,0.2986070443163516,obse
8429,25.77081060409546,0.2986226887661623,obse
8430,25.77396869659424,0.2986226887661623,obse
8431,25.777057647705078,0.2986382410463971,obse
8432,25.780463457107544,0.2986182559828731,obse
8433,25.783442974090576,0.2986182559828731,obse
8434,25.787256956100464,0.29865254962479987,obse
8435,25.79050874710083,0.29865254962479987,obse
8436,25.79348874092102,0.2985991417919126,obse
8437,25.796767950057983,0.2986430302885971,obse
8438,25.799904823303223,0.2986430302885971,obse
8439,25.803140878677368,0.2986135132397092,obse
8440,25.80622410774231,0.2986135132397092,obse
8441,25.809162616729736,0.2986135132397092,obse
8442,25.812527179718018,0.2986296245697876,obse
8443,25.815449476242065,0.2986296245697876,obse
8444,25.818650245666504,0.2986146896839926,obse
8445,25.82196855545044,0.2986379967080004,obse
8446,25.824952840805054,0.2986379967080004,obse
8447,25.828152179718018,0.298466766596464,obse
8448,25.831393241882324,0.298466766596464,obse
8449,25.834415197372437,0.298466766596464,obse
8450,25.837799787521362,0.29860996240984256,obse
8451,25.840903759002686,0.29860996240984256,obse
8452,25.844155073165894,0.29862091070919955,obse
8453,25.847497940063477,0.2986363132663608,obse
8454,25.850680589675903,0.2986363132663608,obse
8455,25.853979110717773,0.29863288278959327,obse
8456,25.857378005981445,0.29863288278959327,obse
8457,25.860532999038696,0.2986534567201314,obse
8458,25.86429476737976,0.2986100198707182,obse
8459,25.86723232269287,0.2986100198707182,obse
8460,25.870485305786133,0.29863150699738694,obse
8461,25.873438358306885,0.29863150699738694,obse
8462,25.876421451568604,0.29858488463753974,obse
8463,25.879631996154785,0.2986276265598602,obse
8464,25.882802724838257,0.2986276265598602,obse
8465,25.88623046875,0.2986248097953543,obse
8466,25.889782905578613,0.2986248097953543,obse
8467,25.89301609992981,0.2986248097953543,obse
8468,25.896421194076538,0.29862106788680937,obse
8469,25.899375438690186,0.29862106788680937,obse
8470,25.902573585510254,0.2985841464661196,obse
8471,25.90584373474121,0.29863751424884033,obse
8472,25.90881657600403,0.29863751424884033,obse
8473,25.91228675842285,0.29861528797698605,obse
8474,25.916273593902588,0.29861528797698605,obse
8475,25.919440984725952,0.29859224591663347,obse
8476,25.922786235809326,0.29859224591663347,obse
8477,25.925923585891724,0.29859224591663347,obse
8478,25.929370403289795,0.2986094044555646,obse
8479,25.932499408721924,0.2986094044555646,obse
8480,25.93561363220215,0.2986109689719155,obse
8481,25.938800811767578,0.2984649926615754,obse
8482,25.941892385482788,0.2984649926615754,obse
8483,25.94586992263794,0.29860024962629317,obse
8484,25.950448513031006,0.29860024962629317,obse
8485,25.954654693603516,0.2986112984716997,obse
8486,25.95781183242798,0.2986112984716997,obse
8487,25.961161613464355,0.29863843366982595,obse
8488,25.964438915252686,0.29863843366982595,obse
8489,25.96743106842041,0.29863843366982595,obse
8490,25.971097469329834,0.2986287956583802,obse
8491,25.9740788936615,0.2986287956583802,obse
8492,25.977195262908936,0.298642770227165,obse
8493,25.980444192886353,0.29862598029286375,obse
8494,25.983418226242065,0.29862598029286375,obse
8495,25.986621141433716,0.29863456997588045,obse
8496,25.98984384536743,0.29863456997588045,obse
8497,25.99296998977661,0.29863456997588045,obse
8498,25.996351718902588,0.29860543105142295,obse
8499,26.000206232070923,0.29860543105142295,obse
8500,26.0037100315094,0.29864599524390656,obse
8501,26.00696110725403,0.29864599524390656,obse
8502,26.010095834732056,0.29860157859749326,obse
8503,26.013476371765137,0.29864190315696754,obse
8504,26.01674747467041,0.29864190315696754,obse
8505,26.020111799240112,0.29859294989909935,obse
8506,26.0234477519989,0.29859294989909935,obse
8507,26.02674961090088,0.2986591188708229,obse
8508,26.030229091644287,0.2986225641111554,obse
8509,26.033403396606445,0.2986225641111554,obse
8510,26.036909580230713,0.29861992413644195,obse
8511,26.040186405181885,0.29861992413644195,obse
8512,26.043538093566895,0.29856448324486984,obse
8513,26.047069549560547,0.2984032543553113,obse
8514,26.050340175628662,0.2984032543553113,obse
8515,26.053869009017944,0.29866372956147286,obse
8516,26.057485580444336,0.29866372956147286,obse
8517,26.060829639434814,0.2986027038178137,obse
8518,26.06397294998169,0.2986274666958508,obse
8519,26.067049264907837,0.2986274666958508,obse
8520,26.07032346725464,0.2986006453490843,obse
8521,26.073562145233154,0.2986006453490843,obse
8522,26.076655626296997,0.2986598875623159,obse
8523,26.079782009124756,0.2986089467566117,obse
8524,26.082855701446533,0.2986089467566117,obse
8525,26.08608102798462,0.29863978831730603,obse
8526,26.08956527709961,0.29863978831730603,obse
8527,26.092730283737183,0.29863978831730603,obse
8528,26.09620690345764,0.29847993608575113,obse
8529,26.09924626350403,0.29847993608575113,obse
8530,26.102490425109863,0.2985866312435784,obse
8531,26.10589623451233,0.2985866312435784,obse
8532,26.109225034713745,0.2985866312435784,obse
8533,26.11264967918396,0.2986104544615403,obse
8534,26.11564588546753,0.2986104544615403,obse
8535,26.118849992752075,0.29856490826526133,obse
8536,26.122055292129517,0.2986160593238434,obse
8537,26.125170707702637,0.2986160593238434,obse
8538,26.12835931777954,0.2986126882208206,obse
8539,26.131620407104492,0.2986126882208206,obse
8540,26.13451075553894,0.2986126882208206,obse
8541,26.13794708251953,0.2986020734465897,obse
8542,26.14094638824463,0.2986020734465897,obse
8543,26.14421057701111,0.298566221376742,obse
8544,26.147352933883667,0.29861980310958247,obse
8545,26.15030837059021,0.29861980310958247,obse
8546,26.153956651687622,0.2984465231273202,obse
8547,26.157017469406128,0.2984465231273202,obse
8548,26.16013216972351,0.2985088455475103,obse
8549,26.163562059402466,0.29862667811177745,obse
8550,26.166670083999634,0.29862667811177745,obse
8551,26.170050621032715,0.29861702205403134,obse
8552,26.173290014266968,0.29861702205403134,obse
8553,26.176383018493652,0.29861702205403134,obse
8554,26.179603338241577,0.29858150429952773,obse
8555,26.182637691497803,0.29858150429952773,obse
8556,26.18601942062378,0.29858150429952773,obse
8557,26.18948245048523,0.2986501144241881,obse
8558,26.192992448806763,0.29860457845190386,obse
8559,26.19649052619934,0.2986298809234176,obse
8560,26.199793338775635,0.2986298809234176,obse
8561,26.20298480987549,0.2986037207553077,obse
8562,26.206218719482422,0.2986228852306601,obse
8563,26.209525108337402,0.2986228852306601,obse
8564,26.21301770210266,0.2986025467629056,obse
8565,26.21606993675232,0.2986025467629056,obse
8566,26.219501495361328,0.2986279464993522,obse
8567,26.222788095474243,0.2986279464993522,obse
8568,26.225905179977417,0.2986279464993522,obse
8569,26.22936725616455,0.2986373946981854,obse
8570,26.232643604278564,0.2986373946981854,obse
8571,26.23565912246704,0.2986373946981854,obse
8572,26.23869013786316,0.2986373946981854,obse
8573,26.242178201675415,0.2986095726610254,obse
8574,26.24553942680359,0.2986095726610254,obse
8575,26.24850106239319,0.2986095726610254,obse
8576,26.252068281173706,0.29865823614957787,obse
8577,26.255400896072388,0.2986233387976927,obse
8578,26.25871229171753,0.2986233387976927,obse
8579,26.2618727684021,0.2986233387976927,obse
8580,26.26550030708313,0.2986107963481642,obse
8581,26.26877188682556,0.2986107963481642,obse
8582,26.27216863632202,0.29860355532965993,obse
8583,26.275330305099487,0.29860355532965993,obse
8584,26.27867317199707,0.29862887447608216,obse
8585,26.281824111938477,0.29862887447608216,obse
8586,26.284754037857056,0.29862887447608216,obse
8587,26.287761926651,0.29862887447608216,obse
8588,26.290766954421997,0.29862887447608216,obse
8589,26.293777227401733,0.29862887447608216,obse
8590,26.29701805114746,0.29862887447608216,obse
8591,26.300134658813477,0.29862887447608216,obse
8592,26.30317449569702,0.29862887447608216,obse
8593,26.306142330169678,0.29862887447608216,obse
8594,26.309210300445557,0.29862887447608216,obse
8595,26.31222939491272,0.29862887447608216,obse
8596,26.315346240997314,0.29862887447608216,obse
8597,26.318487405776978,0.29862887447608216,obse
8598,26.32138752937317,0.29862887447608216,obse
8599,26.324411869049072,0.29862887447608216,obse
8600,26.327343463897705,0.29862887447608216,obse
8601,26.3303279876709,0.29862887447608216,obse
8602,26.333521604537964,0.29862887447608216,obse
8603,26.336533784866333,0.29862887447608216,obse
8604,26.339391708374023,0.29862887447608216,obse
8605,26.342528343200684,0.29862887447608216,obse
8606,26.34541916847229,0.29862887447608216,obse
8607,26.348557949066162,0.29862887447608216,obse
8608,26.351661920547485,0.29862887447608216,obse
8609,26.35469102859497,0.29862887447608216,obse
8610,26.357711791992188,0.29862887447608216,obse
8611,26.360610008239746,0.29862887447608216,obse
8612,26.363574743270874,0.29862887447608216,obse
8613,26.366649866104126,0.29862887447608216,obse
8614,26.369658708572388,0.29862887447608216,obse
8615,26.372575283050537,0.29862887447608216,obse
8616,26.37543821334839,0.29862887447608216,obse
8617,26.378294467926025,0.29862887447608216,obse
8618,26.381402015686035,0.29862887447608216,obse
8619,26.38423728942871,0.29862887447608216,obse
8620,26.38730764389038,0.29862887447608216,obse
8621,26.390227556228638,0.29862887447608216,obse
8622,26.393108129501343,0.29862887447608216,obse
8623,26.395979166030884,0.29862887447608216,obse
8624,26.39883780479431,0.29862887447608216,obse
8625,26.401758670806885,0.29862887447608216,obse
8626,26.404690265655518,0.29862887447608216,obse
8627,26.407570838928223,0.29862887447608216,obse
8628,26.410449981689453,0.29862887447608216,obse
8629,26.413393259048462,0.29862887447608216,obse
8630,26.41640019416809,0.29862887447608216,obse
8631,26.419339179992676,0.29862887447608216,obse
8632,26.422343254089355,0.29862887447608216,obse
8633,26.425262689590454,0.29862887447608216,obse
8634,26.428287029266357,0.29862887447608216,obse
8635,26.43115758895874,0.29862887447608216,obse
8636,26.43407654762268,0.29862887447608216,obse
8637,26.437044858932495,0.29862887447608216,obse
8638,26.439974546432495,0.29862887447608216,obse
8639,26.44285774230957,0.29862887447608216,obse
8640,26.44573163986206,0.29862887447608216,obse
8641,26.44863986968994,0.29862887447608216,obse
8642,26.45222496986389,0.29862887447608216,obse
8643,26.4557363986969,0.29862887447608216,obse
8644,26.459214687347412,0.29862887447608216,obse
8645,26.462321281433105,0.29862887447608216,obse
8646,26.465368509292603,0.29862887447608216,obse
8647,26.468488931655884,0.29862887447608216,obse
8648,26.471450805664062,0.29862887447608216,obse
8649,26.474329948425293,0.29862887447608216,obse
8650,26.477238655090332,0.29862887447608216,obse
8651,26.48021101951599,0.29862887447608216,obse
8652,26.483209371566772,0.29862887447608216,obse
8653,26.486323356628418,0.29862887447608216,obse
8654,26.489837408065796,0.29862887447608216,obse
8655,26.493425846099854,0.29862887447608216,obse
8656,26.497085332870483,0.29862887447608216,obse
8657,26.500606298446655,0.29862887447608216,obse
8658,26.503971099853516,0.29862887447608216,obse
8659,26.507014751434326,0.29862887447608216,obse
8660,26.51010036468506,0.29862887447608216,obse
8661,26.5130352973938,0.29862887447608216,obse
8662,26.516130208969116,0.29862887447608216,obse
8663,26.519125938415527,0.29862887447608216,obse
8664,26.522064208984375,0.29862887447608216,obse
8665,26.52505135536194,0.29862887447608216,obse
8666,26.52808451652527,0.29862887447608216,obse
8667,26.53107714653015,0.29862887447608216,obse
8668,26.534059524536133,0.29862887447608216,obse
8669,26.5369234085083,0.29862887447608216,obse
8670,26.53978204727173,0.29862887447608216,obse
8671,26.542771339416504,0.29862887447608216,obse
8672,26.545663833618164,0.29862887447608216,obse
8673,26.548532247543335,0.29862887447608216,obse
8674,26.551406145095825,0.29862887447608216,obse
8675,26.55428409576416,0.29862887447608216,obse
8676,26.5572030544281,0.29862887447608216,obse
8677,26.560040712356567,0.29862887447608216,obse
8678,26.56292986869812,0.29862887447608216,obse
8679,26.565828323364258,0.29862887447608216,obse
8680,26.56873607635498,0.29862887447608216,obse
8681,26.571582555770874,0.29862887447608216,obse
8682,26.574488401412964,0.29862887447608216,obse
8683,26.577393293380737,0.29862887447608216,obse
8684,26.580567598342896,0.29862887447608216,obse
8685,26.5836763381958,0.29862887447608216,obse
8686,26.587718963623047,0.29862887447608216,obse
8687,26.59108853340149,0.29862887447608216,obse
8688,26.594130516052246,0.29862887447608216,obse
8689,26.597325086593628,0.29862887447608216,obse
8690,26.600414752960205,0.29862887447608216,obse
8691,26.603408813476562,0.29862887447608216,obse
8692,26.60655403137207,0.29862887447608216,obse
8693,26.60962748527527,0.29862887447608216,obse
8694,26.612502813339233,0.29862887447608216,obse
8695,26.615626335144043,0.29862887447608216,obse
8696,26.61929440498352,0.29862887447608216,obse
8697,26.62236785888672,0.29862887447608216,obse
8698,26.625531435012817,0.29862887447608216,obse
8699,26.628541231155396,0.29862887447608216,obse
8700,26.631689310073853,0.29862887447608216,obse
8701,26.634625673294067,0.29862887447608216,obse
8702,26.63752818107605,0.29862887447608216,obse
8703,26.64043116569519,0.29862887447608216,obse
8704,26.643369436264038,0.29862887447608216,obse
8705,26.6463041305542,0.29862887447608216,obse
8706,26.649474620819092,0.29862887447608216,obse
8707,26.65265679359436,0.29862887447608216,obse
8708,26.655545949935913,0.29862887447608216,obse
8709,26.658523321151733,0.29862887447608216,obse
8710,26.66146445274353,0.29862887447608216,obse
8711,26.664331912994385,0.29862887447608216,obse
8712,26.667245388031006,0.29862887447608216,obse
8713,26.6701717376709,0.29862887447608216,obse
8714,26.673070669174194,0.29862887447608216,obse
8715,26.675927877426147,0.29862887447608216,obse
8716,26.67885684967041,0.29862887447608216,obse
8717,26.68189549446106,0.29862887447608216,obse
8718,26.684762954711914,0.29862887447608216,obse
8719,26.687612533569336,0.29862887447608216,obse
8720,26.69054365158081,0.29862887447608216,obse
8721,26.693572282791138,0.29862887447608216,obse
8722,26.696866512298584,0.29862887447608216,obse
8723,26.699981212615967,0.29862887447608216,obse
8724,26.703076124191284,0.29862887447608216,obse
8725,26.70625615119934,0.29862887447608216,obse
8726,26.7094783782959,0.29862887447608216,obse
8727,26.712711572647095,0.29862887447608216,obse
8728,26.715998888015747,0.29862887447608216,obse
8729,26.71913766860962,0.29862887447608216,obse
8730,26.721980333328247,0.29862887447608216,obse
8731,26.725160837173462,0.29862887447608216,obse
8732,26.728201150894165,0.29862887447608216,obse
8733,26.731268167495728,0.29862887447608216,obse
8734,26.73433542251587,0.29862887447608216,obse
8735,26.73720932006836,0.29862887447608216,obse
8736,26.74010181427002,0.29862887447608216,obse
8737,26.743056774139404,0.29862887447608216,obse
8738,26.74588894844055,0.29862887447608216,obse
8739,26.748894214630127,0.29862887447608216,obse
8740,26.75180673599243,0.29862887447608216,obse
8741,26.754647731781006,0.29862887447608216,obse
8742,26.757567405700684,0.29862887447608216,obse
8743,26.760536193847656,0.29862887447608216,obse
8744,26.763612270355225,0.29862887447608216,obse
8745,26.76665234565735,0.29862887447608216,obse
8746,26.769775390625,0.29862887447608216,obse
8747,26.772969961166382,0.29862887447608216,obse
8748,26.776083946228027,0.29862887447608216,obse
8749,26.779130935668945,0.29862887447608216,obse
8750,26.782262563705444,0.29862887447608216,obse
8751,26.7851402759552,0.29862887447608216,obse
8752,26.788040161132812,0.29862887447608216,obse
8753,26.79091215133667,0.29862887447608216,obse
8754,26.79384708404541,0.29862887447608216,obse
8755,26.797019481658936,0.29862887447608216,obse
8756,26.80010986328125,0.29862887447608216,obse
8757,26.802994966506958,0.29862887447608216,obse
8758,26.80592179298401,0.29862887447608216,obse
8759,26.808820247650146,0.29862887447608216,obse
8760,26.811709880828857,0.29862887447608216,obse
8761,26.814788579940796,0.29862887447608216,obse
8762,26.81768035888672,0.29862887447608216,obse
8763,26.82073450088501,0.29862887447608216,obse
8764,26.823718070983887,0.29862887447608216,obse
8765,26.82660484313965,0.29862887447608216,obse
8766,26.829442977905273,0.29862887447608216,obse
8767,26.832390785217285,0.29862887447608216,obse
8768,26.835317373275757,0.29862887447608216,obse
8769,26.838175296783447,0.29862887447608216,obse
8770,26.841154098510742,0.29862887447608216,obse
8771,26.844090461730957,0.29862887447608216,obse
8772,26.846924543380737,0.29862887447608216,obse
8773,26.84983992576599,0.29862887447608216,obse
8774,26.85278058052063,0.29862887447608216,obse
8775,26.855626344680786,0.29862887447608216,obse
8776,26.858587503433228,0.29862887447608216,obse
8777,26.861648082733154,0.29862887447608216,obse
8778,26.864648580551147,0.29862887447608216,obse
8779,26.867576837539673,0.29862887447608216,obse
8780,26.870718240737915,0.29862887447608216,obse
8781,26.873634576797485,0.29862887447608216,obse
8782,26.876476287841797,0.29862887447608216,obse
8783,26.87938117980957,0.29862887447608216,obse
8784,26.8824143409729,0.29862887447608216,obse
8785,26.885356187820435,0.29862887447608216,obse
8786,26.88844132423401,0.29862887447608216,obse
8787,26.891282320022583,0.29862887447608216,obse
8788,26.894240617752075,0.29862887447608216,obse
8789,26.89727783203125,0.29862887447608216,obse
8790,26.900163888931274,0.29862887447608216,obse
8791,26.903021335601807,0.29862887447608216,obse
8792,26.906072854995728,0.29862887447608216,obse
8793,26.909146785736084,0.29862887447608216,obse
8794,26.91223382949829,0.29862887447608216,obse
8795,26.915343046188354,0.29862887447608216,obse
8796,26.918381690979004,0.29862887447608216,obse
8797,26.92125415802002,0.29862887447608216,obse
8798,26.924261331558228,0.29862887447608216,obse
8799,26.92706298828125,0.29862887447608216,obse
8800,26.930103302001953,0.29862887447608216,obse
8801,26.9330792427063,0.29862887447608216,obse
8802,26.93590497970581,0.29862887447608216,obse
8803,26.93886971473694,0.29862887447608216,obse
8804,26.941789865493774,0.29862887447608216,obse
8805,26.944759845733643,0.29862887447608216,obse
8806,26.947566270828247,0.29862887447608216,obse
8807,26.950493335723877,0.29862887447608216,obse
8808,26.953474760055542,0.29862887447608216,obse
8809,26.9564311504364,0.29862887447608216,obse
8810,26.959249258041382,0.29862887447608216,obse
8811,26.9621901512146,0.29862887447608216,obse
8812,26.965238332748413,0.29862887447608216,obse
8813,26.968296766281128,0.29862887447608216,obse
8814,26.97128701210022,0.29862887447608216,obse
8815,26.97440004348755,0.29862887447608216,obse
8816,26.9773907661438,0.29862887447608216,obse
8817,26.98033595085144,0.29862887447608216,obse
8818,26.983368396759033,0.29862887447608216,obse
8819,26.986279249191284,0.29862887447608216,obse
8820,26.989272594451904,0.29862887447608216,obse
8821,26.99218463897705,0.29862887447608216,obse
8822,26.995180368423462,0.29862887447608216,obse
8823,26.99828839302063,0.29862887447608216,obse
8824,27.00120234489441,0.29862887447608216,obse
8825,27.004027843475342,0.29862887447608216,obse
8826,27.007071256637573,0.29862887447608216,obse
8827,27.009955644607544,0.29862887447608216,obse
8828,27.01309037208557,0.29862887447608216,obse
8829,27.016367197036743,0.29862887447608216,obse
8830,27.019593000411987,0.29862887447608216,obse
8831,27.02272057533264,0.29862887447608216,obse
8832,27.025911808013916,0.29862887447608216,obse
8833,27.028982639312744,0.29862887447608216,obse
8834,27.031891345977783,0.29862887447608216,obse
8835,27.034807443618774,0.29862887447608216,obse
8836,27.037752866744995,0.29862887447608216,obse
8837,27.040826559066772,0.29862887447608216,obse
8838,27.043898820877075,0.29862887447608216,obse
8839,27.047019243240356,0.29862887447608216,obse
8840,27.04999876022339,0.29862887447608216,obse
8841,27.053141355514526,0.29862887447608216,obse
8842,27.056223154067993,0.29862887447608216,obse
8843,27.059067249298096,0.29862887447608216,obse
8844,27.061991453170776,0.29862887447608216,obse
8845,27.064948797225952,0.29862887447608216,obse
8846,27.06774926185608,0.29862887447608216,obse
8847,27.070650339126587,0.29862887447608216,obse
8848,27.073546409606934,0.29862887447608216,obse
8849,27.07651114463806,0.29862887447608216,obse
8850,27.079691886901855,0.29862887447608216,obse
8851,27.082664966583252,0.29862887447608216,obse
8852,27.08574891090393,0.29862887447608216,obse
8853,27.088765859603882,0.29862887447608216,obse
8854,27.091785192489624,0.29862887447608216,obse
8855,27.094686031341553,0.29862887447608216,obse
8856,27.097524881362915,0.29862887447608216,obse
8857,27.10047936439514,0.29862887447608216,obse
8858,27.10353112220764,0.29862887447608216,obse
8859,27.10660481452942,0.29862887447608216,obse
8860,27.109643936157227,0.29862887447608216,obse
8861,27.112512826919556,0.29862887447608216,obse
8862,27.115477323532104,0.29862887447608216,obse
8863,27.118494749069214,0.29862887447608216,obse
8864,27.121403694152832,0.29862887447608216,obse
8865,27.12443494796753,0.29862887447608216,obse
8866,27.1273410320282,0.29862887447608216,obse
8867,27.13017439842224,0.29862887447608216,obse
8868,27.13332462310791,0.29862887447608216,obse
8869,27.13622546195984,0.29862887447608216,obse
8870,27.13926100730896,0.29862887447608216,obse
8871,27.14238166809082,0.29862887447608216,obse
8872,27.145472049713135,0.29862887447608216,obse
8873,27.14849615097046,0.29862887447608216,obse
8874,27.151358127593994,0.29862887447608216,obse
8875,27.154310703277588,0.29862887447608216,obse
8876,27.1571946144104,0.29862887447608216,obse
8877,27.160043478012085,0.29862887447608216,obse
8878,27.16317319869995,0.29862887447608216,obse
8879,27.166024923324585,0.29862887447608216,obse
8880,27.16897177696228,0.29862887447608216,obse
8881,27.17206835746765,0.29862887447608216,obse
8882,27.175177812576294,0.29862887447608216,obse
8883,27.178305864334106,0.29862887447608216,obse
8884,27.18158793449402,0.29862887447608216,obse
8885,27.18467688560486,0.29862887447608216,obse
8886,27.18794584274292,0.29862887447608216,obse
8887,27.190911293029785,0.29862887447608216,obse
8888,27.1939377784729,0.29862887447608216,obse
8889,27.196821212768555,0.29862887447608216,obse
8890,27.199820518493652,0.29862887447608216,obse
8891,27.202820301055908,0.29862887447608216,obse
8892,27.205691814422607,0.29862887447608216,obse
8893,27.208775997161865,0.29862887447608216,obse
8894,27.211721181869507,0.29862887447608216,obse
8895,27.214665174484253,0.29862887447608216,obse
8896,27.21753239631653,0.29862887447608216,obse
8897,27.22053050994873,0.29862887447608216,obse
8898,27.22353219985962,0.29862887447608216,obse
8899,27.22636103630066,0.29862887447608216,obse
8900,27.229310035705566,0.29862887447608216,obse
8901,27.23233461380005,0.29862887447608216,obse
8902,27.235440492630005,0.29862887447608216,obse
8903,27.23838210105896,0.29862887447608216,obse
8904,27.24129843711853,0.29862887447608216,obse
8905,27.24421238899231,0.29862887447608216,obse
8906,27.24715781211853,0.29862887447608216,obse
8907,27.250037908554077,0.29862887447608216,obse
8908,27.252991199493408,0.29862887447608216,obse
8909,27.25601601600647,0.29862887447608216,obse
8910,27.259028911590576,0.29862887447608216,obse
8911,27.262043476104736,0.29862887447608216,obse
8912,27.265156984329224,0.29862887447608216,obse
8913,27.26807689666748,0.29862887447608216,obse
8914,27.270898580551147,0.29862887447608216,obse
8915,27.27396297454834,0.29862887447608216,obse
8916,27.27707028388977,0.29862887447608216,obse
8917,27.27996301651001,0.29862887447608216,obse
8918,27.282901525497437,0.29862887447608216,obse
8919,27.285777807235718,0.29862887447608216,obse
8920,27.2886700630188,0.29862887447608216,obse
8921,27.2918438911438,0.29862887447608216,obse
8922,27.294676780700684,0.29862887447608216,obse
8923,27.297633409500122,0.29862887447608216,obse
8924,27.300637006759644,0.29862887447608216,obse
8925,27.30348801612854,0.29862887447608216,obse
8926,27.30653214454651,0.29862887447608216,obse
8927,27.30974507331848,0.29862887447608216,obse
8928,27.312827825546265,0.29862887447608216,obse
8929,27.315780878067017,0.29862887447608216,obse
8930,27.318726539611816,0.29862887447608216,obse
8931,27.321717023849487,0.29862887447608216,obse
8932,27.32470202445984,0.29862887447608216,obse
8933,27.327537059783936,0.29862887447608216,obse
8934,27.330568552017212,0.29862887447608216,obse
8935,27.333523988723755,0.29862887447608216,obse
8936,27.336443185806274,0.29862887447608216,obse
8937,27.339441776275635,0.29862887447608216,obse
8938,27.342329263687134,0.29862887447608216,obse
8939,27.345211267471313,0.29862887447608216,obse
8940,27.348246812820435,0.29862887447608216,obse
8941,27.35107970237732,0.29862887447608216,obse
8942,27.35392737388611,0.29862887447608216,obse
8943,27.35701823234558,0.29862887447608216,obse
8944,27.3598575592041,0.29862887447608216,obse
8945,27.362722158432007,0.29862887447608216,obse
8946,27.36575984954834,0.29862887447608216,obse
8947,27.36860179901123,0.29862887447608216,obse
8948,27.371605396270752,0.29862887447608216,obse
8949,27.374706268310547,0.29862887447608216,obse
8950,27.377557277679443,0.29862887447608216,obse
8951,27.38051748275757,0.29862887447608216,obse
8952,27.383512496948242,0.29862887447608216,obse
8953,27.386374711990356,0.29862887447608216,obse
8954,27.389402627944946,0.29862887447608216,obse
8955,27.39263939857483,0.29862887447608216,obse
8956,27.395612239837646,0.29862887447608216,obse
8957,27.39848279953003,0.29862887447608216,obse
8958,27.40148091316223,0.29862887447608216,obse
8959,27.404388904571533,0.29862887447608216,obse
8960,27.4072527885437,0.29862887447608216,obse
8961,27.410175561904907,0.29862887447608216,obse
8962,27.413129806518555,0.29862887447608216,obse
8963,27.416074514389038,0.29862887447608216,obse
8964,27.41899561882019,0.29862887447608216,obse
8965,27.422029972076416,0.29862887447608216,obse
8966,27.424971342086792,0.29862887447608216,obse
8967,27.42789626121521,0.29862887447608216,obse
8968,27.4308660030365,0.29862887447608216,obse
8969,27.433857679367065,0.29862887447608216,obse
8970,27.43683385848999,0.29862887447608216,obse
8971,27.439772367477417,0.29862887447608216,obse
8972,27.44278335571289,0.29862887447608216,obse
8973,27.445721864700317,0.29862887447608216,obse
8974,27.448947429656982,0.29862887447608216,obse
